0.01
-8.1261560e-03
-1.3762480e-02
-1.3657280e-02
-4.2199650e-03
1.0244960e-02
1.7671650e-02
1.1003260e-02
5.1202130e-03
-3.0621430e-03
-8.0588640e-03
-4.2862660e-03
4.1821850e-04
1.3432900e-03
6.4406460e-03
8.7550200e-03
-2.6488590e-03
-9.8743300e-03
-3.4936690e-03
-3.8249810e-03
-1.6299200e-02
-1.4048570e-02
1.2857560e-03
2.7973070e-03
1.0253130e-02
2.7402860e-02
2.9780840e-02
1.9082880e-02
-8.5420990e-04
-1.4971370e-02
-1.9408310e-02
-2.6139500e-02
-2.2153350e-02
-1.9517310e-03
1.2879130e-02
1.0297690e-02
7.3088260e-03
1.2315860e-02
1.1946820e-02
-1.6231300e-04
-1.5513400e-02
-1.3497890e-02
-7.0995990e-03
1.1151140e-03
1.8537650e-02
1.9863600e-02
2.1920930e-02
2.7397090e-02
2.3592330e-02
2.4241760e-03
-1.9841700e-02
-2.8504610e-02
-2.7492970e-02
-5.6846300e-03
1.1425270e-02
1.5733430e-02
2.4236570e-02
2.5784600e-02
1.2676810e-02
-9.3688100e-03
-1.4417380e-02
-1.8842520e-02
-1.4174710e-02
5.0386100e-04
1.0949940e-02
1.2241110e-02
1.5241280e-02
5.1380030e-03
-1.8998130e-02
-2.9018680e-02
-1.7822390e-02
-8.8365470e-03
-8.6122540e-03
2.0060080e-03
2.1429950e-02
2.2724890e-02
2.0075820e-02
6.7857110e-03
-1.1614410e-02
-2.1524590e-02
-2.4964150e-02
-2.3767990e-02
-2.3106970e-02
-1.3215910e-02
1.0537160e-02
3.1363020e-02
4.0043570e-02
3.4941250e-02
1.1623470e-02
-9.1988560e-03
-1.2000560e-02
-5.0704720e-03
1.2872860e-02
3.6284280e-02
4.7603250e-02
4.5422080e-02
2.8096100e-02
-1.4096350e-03
-1.7666350e-02
-2.1856210e-02
-2.4916160e-02
-3.1504860e-02
-4.6136570e-02
-4.0493400e-02
-1.8776220e-03
3.0713650e-02
3.2005220e-02
1.1811990e-02
2.3672310e-03
6.0434040e-03
2.8724160e-02
3.6573500e-02
3.8645890e-02
8.6496800e-03
-2.8859310e-02
-2.9701290e-02
-2.9124550e-02
-2.9623260e-02
-2.6561160e-02
-2.9743400e-02
-3.0986990e-02
-1.7688530e-02
-8.3851340e-03
-9.0129950e-03
-1.9720910e-02
-3.7315730e-02
-4.8016770e-02
-3.4395310e-02
9.9133330e-03
4.7470720e-02
5.8810230e-02
5.9794480e-02
5.9284830e-02
5.0745230e-02
1.6797350e-02
4.1300670e-03
1.5233880e-02
3.9369450e-02
5.0681820e-02
2.9921620e-02
-2.0388500e-05
-4.1368520e-02
-7.6500210e-02
-8.0023080e-02
-7.2373030e-02
-4.8083440e-02
-1.9532980e-02
-1.7306360e-02
-2.2254660e-02
-1.6684330e-02
1.0480990e-02
4.6734410e-02
4.1136970e-02
-1.0133540e-03
-2.6967180e-02
-3.8444940e-02
-4.6544490e-02
-4.5373660e-02
-1.6468820e-02
4.1172890e-02
5.1422150e-02
1.9583010e-02
4.2787900e-03
1.1426380e-03
2.2989970e-02
5.2520110e-02
5.4142800e-02
6.0161500e-02
6.5520100e-02
5.9075320e-02
2.3757790e-02
-2.1124610e-02
-3.3241470e-02
-2.9753870e-02
-2.8109520e-02
-3.7383960e-02
-5.0925570e-02
-4.3420250e-02
-1.9185810e-02
4.1469570e-03
-6.8528660e-04
-4.4738780e-02
-6.8447870e-02
-7.6008240e-02
-8.3185340e-02
-5.5940940e-02
-2.1725120e-03
3.0304570e-02
5.4566410e-02
5.3390770e-02
4.0221220e-02
4.1455380e-02
4.7244570e-02
4.6960550e-02
3.8556530e-02
1.8115650e-02
5.4459310e-03
2.9384430e-03
-6.1330710e-03
-2.3128550e-02
-4.4386340e-02
-7.4426310e-02
-8.4466170e-02
-4.5713590e-02
1.0136040e-02
3.5744380e-02
3.8627970e-02
3.7679210e-02
3.3883960e-02
3.4638470e-02
3.0808730e-02
-3.5241290e-03
-4.0393450e-02
-3.6448670e-02
-8.2907090e-03
3.4954520e-02
5.5804530e-02
5.2072440e-02
5.0095100e-02
3.3393880e-02
1.2914200e-02
2.2314530e-02
3.6482350e-02
4.1672090e-02
4.1717020e-02
2.5827340e-02
-8.0194890e-03
-2.9396880e-02
-2.0376170e-02
-9.0787140e-05
-3.0443170e-03
-3.4789570e-02
-5.5063970e-02
-5.7109570e-02
-4.0307200e-02
-1.4039600e-02
6.0743670e-03
8.0969270e-03
6.2813780e-03
-1.2522160e-02
-3.8617240e-02
-3.9283770e-02
-4.6078240e-02
-5.3716020e-02
-3.3556770e-02
-9.4559860e-03
-6.9937600e-03
-7.4936960e-04
1.4671440e-02
3.1014450e-02
3.0046300e-02
1.5995080e-02
6.2336460e-03
8.2458240e-03
6.0129510e-03
-4.8751560e-03
-1.9019070e-02
-2.0474070e-02
-1.8721020e-02
-2.1301480e-02
-2.9567180e-02
-4.4752030e-02
-5.6662920e-02
-4.3217390e-02
-1.4333750e-02
1.2487520e-02
2.6777640e-02
2.8895920e-02
3.2143960e-02
4.1849260e-02
4.2858760e-02
-1.2597280e-03
-6.9489970e-02
-8.4011080e-02
-7.6956920e-02
-3.9981340e-02
-1.7030750e-02
-2.8086500e-02
-6.4983610e-02
-6.4658260e-02
-3.6111180e-02
-8.4543250e-03
6.9569070e-03
7.8503320e-03
7.6927590e-03
2.0400410e-02
3.3408200e-02
2.7973290e-02
4.5035400e-03
-1.0598390e-02
-2.3371180e-02
-3.2625680e-02
-2.0758680e-02
-6.1528040e-03
-2.8096030e-02
-6.1769370e-02
-5.9701490e-02
-4.5268350e-02
-1.6866690e-02
-3.8832100e-03
4.8034560e-03
2.5192450e-03
-8.2738470e-03
-8.4096020e-05
3.6409210e-02
8.2388580e-02
7.2401620e-02
4.6965310e-02
1.6592080e-02
-5.4439850e-03
-1.4802480e-02
-4.2428270e-02
-7.5094900e-02
-6.4101820e-02
-2.6532380e-02
2.6114380e-02
5.9212510e-02
5.3888890e-02
-5.0534610e-03
-4.1993650e-02
-1.1101630e-02
2.7684500e-02
4.0203190e-02
2.5919060e-02
-6.9870820e-03
-2.8815750e-03
2.9800950e-02
4.9375540e-02
2.6620090e-02
-3.1673740e-02
-4.7889410e-02
-3.1520830e-02
1.0335440e-02
4.1599700e-02
5.1977240e-02
5.0346100e-02
1.5847940e-02
8.8540360e-03
1.1975140e-02
1.4072940e-03
-8.4216880e-03
-3.7030520e-02
-4.8752950e-02
-3.5592990e-02
-1.1653470e-02
7.0334380e-03
1.9145490e-02
2.6475470e-02
1.5159200e-02
-7.7594230e-03
-2.1264560e-02
-2.8021830e-02
-2.2823490e-02
5.7443050e-03
5.6863290e-02
6.7577780e-02
6.9410540e-02
6.4529030e-02
3.9410440e-02
2.8648240e-02
2.1486340e-02
-9.9530550e-04
-2.3839620e-02
-2.4513760e-02
-1.5495580e-02
-2.2157010e-03
3.4760980e-03
-7.6891880e-03
-1.3780990e-02
-1.1403940e-02
-1.6238320e-02
-1.9377840e-02
-1.7497050e-02
-1.5672000e-02
3.0842310e-04
3.4659080e-02
7.2874060e-02
8.5282100e-02
7.8864190e-02
6.8057810e-02
5.7733850e-02
3.9350830e-02
1.6236700e-02
-8.4986690e-03
-1.7138380e-02
-1.7137910e-02
-1.1618610e-02
-5.3301630e-03
-4.8443810e-03
-1.6996620e-02
-3.9594890e-02
-5.0457680e-02
-5.6582740e-02
-6.2919910e-02
-5.7560530e-02
-3.6962240e-02
-1.0503240e-02
2.8423800e-04
-1.0682120e-02
-2.6413590e-02
-2.9191630e-02
-2.8226270e-02
-2.1182250e-02
1.6666200e-03
2.9206830e-02
4.9356060e-02
6.3394150e-02
5.8271730e-02
5.5143120e-02
7.0680960e-02
8.0682640e-02
7.2671600e-02
3.5522420e-02
-6.2364530e-03
-3.1325670e-02
-4.7486500e-02
-6.0242580e-02
-6.4334320e-02
-5.6371060e-02
-3.8685650e-02
-2.6031610e-02
-2.3439660e-02
-2.5287850e-02
-2.9518420e-02
-3.8457400e-02
-4.8725100e-02
-5.3153530e-02
-4.6172710e-02
-3.7777150e-02
-3.2579430e-02
-2.9729570e-02
-2.4897200e-02
-1.3060920e-02
3.5102560e-04
9.2726520e-03
3.0401480e-02
6.3557850e-02
7.8515780e-02
6.7697380e-02
2.6107070e-02
-3.5235870e-02
-6.6712770e-02
-7.1534380e-02
-8.0214600e-02
-7.8355070e-02
-6.1840610e-02
-1.6897420e-02
8.1987210e-03
2.4162160e-02
3.9620220e-02
4.3466500e-02
1.6754460e-02
-4.3364710e-02
-6.2615560e-02
-5.3014160e-02
-4.9965010e-02
-3.5926800e-02
-1.5508350e-02
2.5621760e-03
3.5973820e-02
5.0226640e-02
3.7452240e-02
2.7583070e-02
4.1415270e-02
4.8524790e-02
4.0932650e-02
2.4123320e-02
1.4028090e-02
1.3027110e-02
2.1895040e-02
1.8104550e-02
-9.7186910e-03
-4.8907030e-02
-5.4138140e-02
-3.7086980e-02
-9.2011560e-03
6.5832150e-03
-1.0664520e-02
-4.3337620e-02
-5.2332370e-02
-4.1077640e-02
-6.3428140e-03
1.9800650e-02
2.7525210e-02
-8.4802520e-03
-6.9380120e-02
-5.7845500e-02
-1.8264980e-02
1.1872950e-02
1.7996780e-02
3.7810440e-03
-4.3071830e-03
-8.0109890e-03
-2.4722370e-02
-3.9598650e-02
-3.8455570e-02
3.3297390e-03
5.0046110e-02
4.2246160e-02
9.4254200e-03
-8.6970970e-03
-5.5335180e-03
2.8164850e-03
9.9944380e-03
1.1335150e-02
-3.0294930e-04
-2.0727990e-02
-2.5551400e-02
-2.0729180e-02
-2.0180230e-02
-2.1259880e-02
-1.7616850e-02
-1.1377010e-02
1.7801520e-03
1.5255080e-02
2.2712710e-02
2.3048540e-02
1.1362900e-02
-1.9837630e-03
-1.5930890e-02
-8.9052860e-04
3.8792530e-02
5.7345580e-02
6.3559890e-02
7.5305060e-02
8.8680120e-02
9.8400470e-02
9.8264150e-02
9.0784250e-02
8.0048390e-02
6.5642630e-02
3.5858890e-02
-1.5307320e-02
-5.0553990e-02
-4.3351910e-02
-2.2363860e-02
1.2057290e-02
3.3094860e-02
4.5378540e-02
5.5118640e-02
5.7007880e-02
4.7721000e-02
2.1716580e-02
-1.8940670e-03
-1.5915420e-02
-2.6895900e-02
-5.2312730e-02
-7.5083520e-02
-7.7146080e-02
-7.4044960e-02
-5.4491200e-02
-4.0875760e-04
3.7118280e-02
3.9060630e-02
4.8935390e-02
4.4887630e-02
3.2717890e-02
2.0634280e-02
8.2168460e-03
-1.3952140e-02
-1.9559100e-02
-1.0228450e-02
7.0716520e-03
2.7922590e-02
3.0623310e-02
1.8446520e-02
1.6834430e-02
2.0345920e-02
1.7070190e-02
1.6831330e-02
2.6222040e-02
4.7906270e-02
7.3395500e-02
7.8265130e-02
7.9079070e-02
7.8242640e-02
6.6039220e-02
3.5271790e-02
2.9166530e-03
1.2172780e-02
4.7261580e-02
6.5472700e-02
5.4995560e-02
2.5762110e-02
-5.2239150e-03
-2.8821760e-02
-4.2324150e-02
-4.3861180e-02
-2.2587570e-02
1.8526680e-03
2.0750080e-02
4.1446790e-02
4.8004250e-02
4.3423160e-02
2.7789930e-02
5.1295630e-03
-1.7909250e-02
-2.9601480e-02
-2.6062460e-02
8.4572250e-03
4.6694720e-02
5.7184800e-02
6.4293950e-02
6.6122800e-02
4.2304720e-02
9.2498280e-03
4.9828770e-03
1.0232850e-02
2.5843040e-02
4.1792410e-02
4.9897510e-02
3.2654880e-02
-2.0257090e-02
-7.0791640e-02
-1.2070000e-01
-1.3538560e-01
-1.3051120e-01
-8.7801040e-02
-5.1007310e-02
-3.3603010e-02
-1.9031160e-02
1.3268550e-03
2.2132650e-02
3.5868650e-02
4.0034400e-02
2.7537230e-02
-1.4655950e-03
-1.2376920e-02
-1.0247700e-02
8.8514910e-04
-4.8345760e-03
-1.3143440e-02
-1.3641310e-02
-7.5577570e-03
9.3640390e-03
2.2624030e-02
1.0655470e-02
-2.1318130e-02
-3.5192810e-02
-1.8340550e-02
1.8231590e-03
1.6489300e-02
1.2788910e-02
1.0701920e-03
-5.9027510e-04
4.5160320e-03
1.5858580e-03
-6.9861530e-03
-1.6000970e-02
-1.4051340e-02
-1.0010500e-02
-1.9496660e-02
-4.6819730e-02
-7.3147230e-02
-8.0540360e-02
-7.6453750e-02
-4.8379470e-02
-7.9671750e-03
3.2046240e-02
5.9002840e-02
6.8436860e-02
7.1082400e-02
6.0944090e-02
4.3960970e-02
3.9954790e-02
3.4698960e-02
3.1430000e-02
2.3732090e-03
-4.2965110e-02
-5.9725780e-02
-6.6699840e-02
-6.1917720e-02
-4.8641950e-02
-2.2135720e-02
1.1621040e-02
3.2848230e-02
4.7223840e-02
5.8704900e-02
5.2664390e-02
2.9427320e-02
1.3701420e-03
-3.1981290e-02
-5.0730360e-02
-4.7097410e-02
-2.4814570e-02
1.0940770e-03
2.0437770e-02
3.2530180e-02
2.3007420e-02
-9.2587580e-03
-1.4115340e-02
-8.7499040e-03
-1.3761340e-02
-2.3254390e-02
-2.7607490e-02
-1.6565020e-02
2.2807340e-03
2.7037920e-02
5.1816000e-02
5.5108890e-02
3.1384160e-02
-4.8714630e-03
-3.5127150e-02
-3.4843370e-02
-1.2550690e-02
-3.4601020e-03
1.3217490e-02
2.2500720e-02
1.7710840e-02
-7.4344560e-03
-3.9803240e-02
-5.8622350e-02
-5.0861890e-02
-3.4396220e-02
-1.7810650e-02
1.1613510e-02
5.1952000e-02
6.0447730e-02
5.4142920e-02
2.3292870e-02
-2.7488000e-02
-2.8005190e-02
5.5200730e-03
2.8352470e-02
2.1644200e-02
2.8368080e-03
-1.6056950e-02
-1.5345040e-02
-1.6987410e-02
-2.5633100e-02
-2.9888800e-02
-1.6042540e-02
5.8602260e-03
1.9057030e-02
1.7495110e-02
-3.6802960e-03
-1.6370690e-02
-1.5447700e-02
-6.8692230e-03
7.0233900e-03
3.9765840e-03
-8.1515100e-03
-2.8885840e-02
-3.4834600e-02
-3.4748670e-02
-3.0995620e-02
-3.8721870e-02
-5.8325300e-02
-6.9719820e-02
-5.7892940e-02
-1.7420630e-02
2.5324890e-02
4.6844200e-02
4.9168770e-02
4.1918570e-02
1.2573170e-02
-1.2904660e-02
-1.5520480e-02
-2.4318080e-03
9.6438710e-03
9.6646580e-03
-4.5788100e-03
-2.2642810e-02
-2.4651480e-02
-2.1833980e-02
-2.0384900e-02
-2.3542300e-02
-2.9939860e-02
-3.1479640e-02
-1.0470140e-02
1.3788750e-02
1.8038780e-02
2.1843320e-02
3.1975870e-02
4.2719190e-02
4.0755810e-02
1.9145090e-02
-1.0363800e-02
-2.8596490e-02
-3.1632950e-02
-3.6236650e-02
-4.0268230e-02
-2.7746220e-02
1.1996990e-03
2.4670160e-02
2.3625930e-02
1.8366440e-02
2.1607990e-02
2.3840000e-02
2.1340350e-02
1.1709110e-02
-8.5826050e-03
-3.4777350e-02
-4.6744490e-02
-4.8298100e-02
-4.6286210e-02
-4.2659390e-02
-3.6570850e-02
-3.0899160e-02
-2.2713250e-02
-1.1379940e-02
8.2798460e-03
2.7380460e-02
3.6371670e-02
3.4916190e-02
2.2230680e-02
-4.9967750e-03
-2.7199390e-02
-3.4652300e-02
-3.3103890e-02
-2.8222490e-02
-1.5009040e-02
1.4548560e-03
1.2537400e-02
1.4929840e-02
1.3419240e-02
1.4960140e-02
1.2861040e-02
1.0909760e-02
1.0045670e-02
1.2317320e-02
1.5366490e-02
1.9545480e-02
2.5741770e-02
2.6520870e-02
2.1061000e-02
7.5027300e-03
-1.6290190e-03
7.8761060e-04
2.8802050e-03
1.5401730e-03
-5.3608210e-03
-1.4528070e-02
-1.4994350e-02
-8.4029090e-03
3.7051800e-03
1.3514110e-02
1.1654650e-02
5.8097780e-03
9.3033770e-04
-2.7614310e-03
-7.3510060e-03
-1.3922990e-02
-1.2144240e-02
2.0789360e-04
1.1076650e-02
8.9968060e-03
-1.1654060e-02
-3.9998590e-02
-5.3640880e-02
-5.9252700e-02
-5.9218430e-02
-5.6677030e-02
-5.2188860e-02
-4.2656740e-02
-2.4145350e-02
-3.0115390e-03
1.4721760e-02
2.5943970e-02
1.8719510e-02
-1.5103700e-02
-2.9205730e-02
-2.7977760e-02
-1.2948210e-02
4.7593570e-03
1.4193510e-02
1.4042700e-02
5.8734200e-03
4.1333350e-03
1.2722360e-03
-6.6392100e-03
-7.9913370e-03
1.9084080e-03
1.8830580e-02
2.8629910e-02
2.6441660e-02
2.6736530e-02
2.4374290e-02
2.2091930e-02
2.6379280e-02
2.5513110e-02
1.7288410e-02
8.7500720e-03
6.2167060e-03
7.0075420e-03
3.4016820e-03
1.3875190e-03
1.7907490e-03
-1.9081610e-03
2.9249700e-03
2.4745010e-03
-7.8189280e-03
-2.7776370e-02
-3.9493060e-02
-4.3587720e-02
-3.6805590e-02
-8.5351590e-03
2.5429170e-02
4.3604910e-02
4.7842500e-02
4.3685980e-02
2.9268310e-02
8.2615110e-03
-4.9792910e-03
-1.0429130e-02
-1.2212930e-02
-9.0406130e-03
-7.2981950e-03
-1.1148640e-02
-1.5600760e-02
-1.9085200e-02
-2.8728390e-02
-3.0101960e-02
-2.2144580e-02
-1.0689740e-02
6.2725620e-03
1.5514710e-02
2.0167150e-02
2.0197860e-02
1.2012730e-02
-1.0970380e-02
-2.3365190e-02
-2.9158380e-02
-2.6311830e-02
-1.7127740e-02
-8.6896750e-03
-7.5583160e-04
2.8555640e-03
3.9321960e-03
4.9421440e-03
9.8227450e-03
1.2347720e-02
1.5792850e-02
9.9415950e-03
-8.3372150e-03
-2.0240670e-02
-1.6073450e-02
-8.7523360e-03
-3.5232180e-04
5.8186920e-03
1.4614750e-02
2.6259440e-02
3.2381640e-02
3.1913980e-02
2.4372690e-02
1.2173940e-02
4.9172510e-03
1.3016550e-02
2.6055610e-02
3.2359640e-02
3.1246240e-02
3.0050960e-02
3.3806440e-02
3.2766800e-02
2.3904300e-02
-2.2854630e-03
-1.3440560e-02
-1.5586940e-02
-4.4653080e-04
1.2867890e-02
2.4841800e-02
3.1266460e-02
3.2017570e-02
3.2799960e-02
2.6477640e-02
1.8241840e-02
5.8798830e-03
-8.3350350e-03
-1.1433280e-02
-7.6313160e-03
1.3230730e-03
1.4512080e-02
2.7613670e-02
2.9652000e-02
3.0037790e-02
2.6707460e-02
1.9225290e-02
1.2815740e-02
9.4881780e-03
5.9928200e-03
1.1855670e-02
1.6434560e-02
1.7774150e-02
7.6161380e-03
-1.7634310e-02
-3.8378410e-02
-5.1212960e-02
-6.3250630e-02
-5.7926350e-02
-3.6620750e-02
-9.9800700e-04
3.3269550e-02
5.1205390e-02
5.4207700e-02
3.9043540e-02
1.0817490e-02
-1.9836290e-02
-3.3378260e-02
-2.9474060e-02
-2.4744750e-02
-2.5252130e-02
-2.2467270e-02
-1.3040810e-02
-4.9049020e-04
5.1852850e-03
2.6229800e-03
-9.8575600e-03
-3.1967070e-02
-3.7318040e-02
-2.4770100e-02
-5.7197070e-03
8.3753820e-03
1.6150440e-02
1.4812250e-02
5.0284010e-03
-6.1078440e-03
-1.3952140e-02
-1.8756300e-02
-1.9991470e-02
-1.9330940e-02
-8.0740170e-03
6.0034050e-03
1.7197990e-02
2.3788510e-02
2.1364450e-02
1.9694770e-02
2.1939310e-02
2.5768700e-02
2.5417120e-02
1.2887240e-02
3.6638980e-03
-2.4701460e-03
-2.7257220e-03
-5.4565480e-03
-5.8736750e-03
-5.6132050e-03
-8.0495080e-03
1.6004870e-03
1.6138950e-02
1.9548970e-02
2.0257570e-02
2.0707080e-02
1.6170130e-02
1.0236860e-02
6.4268030e-03
8.9694920e-03
1.8528490e-02
2.5574830e-02
2.7552220e-02
3.2793900e-02
3.7699220e-02
4.0772000e-02
4.1103620e-02
3.4774530e-02
2.1602550e-02
9.6665350e-03
6.5190760e-03
5.3153320e-03
1.0357090e-02
1.8313450e-02
2.4115590e-02
2.7659700e-02
2.3424280e-02
1.4857070e-02
7.9134750e-03
3.3004680e-03
-4.6307850e-03
-1.0443530e-02
-1.6396520e-02
-2.2767560e-02
-1.4634990e-02
1.1442560e-03
1.5608700e-02
2.1274910e-02
2.3539580e-02
1.5200820e-02
-3.8110080e-03
-1.4346440e-02
-1.7753370e-02
-1.9511020e-02
-2.2488750e-02
-1.7963790e-02
-9.0504620e-03
-2.2250310e-03
-3.8946520e-03
-1.4311460e-02
-3.3586140e-02
-4.2553830e-02
-4.4053200e-02
-3.4294810e-02
-1.3447280e-02
-1.0078300e-03
8.5226220e-04
2.0354110e-03
3.0944160e-03
7.5837740e-03
1.0595120e-02
1.3434360e-02
1.6844610e-02
1.8836730e-02
2.4040050e-02
2.7192260e-02
2.5720690e-02
1.6551120e-02
-1.9914410e-03
-1.1154080e-02
-9.4086660e-03
-1.8809540e-03
1.2505970e-02
2.2521400e-02
3.0799730e-02
3.2378860e-02
3.0038130e-02
1.8301280e-02
-8.2296160e-03
-2.9994590e-02
-4.1833430e-02
-4.2629180e-02
-4.0075530e-02
-3.8508940e-02
-3.7322180e-02
-3.5767740e-02
-3.8034920e-02
-3.7396760e-02
-3.7770120e-02
-3.7912450e-02
-3.6087450e-02
-3.1092080e-02
-2.6461460e-02
-2.0414190e-02
-1.7405980e-02
-1.7314740e-02
-1.8286080e-02
-1.8002820e-02
-1.7489270e-02
-1.7446180e-02
-1.8106040e-02
-1.5065630e-02
-6.0982790e-03
2.5891990e-04
3.2022060e-04
2.4563430e-03
5.0033650e-03
5.9491560e-03
1.0041950e-02
1.8058740e-02
2.7645280e-02
3.3265160e-02
3.3327160e-02
2.8951850e-02
1.8192760e-02
1.3065600e-02
1.2307350e-02
8.3468390e-03
3.0975640e-03
1.6702230e-03
-2.1918800e-03
-3.0119090e-03
-5.6575250e-03
-1.0258230e-02
-1.4344520e-02
-1.2710170e-02
-1.1312750e-02
-7.2215880e-03
3.8362900e-04
1.8723630e-03
5.3511980e-03
4.4355520e-03
2.2225180e-03
3.2776810e-03
3.9083370e-03
2.9130870e-03
3.1925150e-03
4.9926170e-03
4.2472640e-03
3.8436120e-03
3.7303830e-03
1.4705550e-03
-7.5923610e-03
-1.7289430e-02
-2.0627330e-02
-2.4219190e-02
-2.6048310e-02
-2.8192970e-02
-2.9961880e-02
-2.4134790e-02
-1.8552360e-02
-1.4714270e-02
-1.5632240e-02
-1.6042340e-02
-1.1531530e-02
-7.8119350e-03
-2.2996570e-03
8.0287790e-04
2.6997480e-03
6.8398370e-03
8.4032960e-03
1.4620600e-02
1.8871120e-02
2.0856290e-02
2.5770680e-02
3.0059770e-02
3.4603090e-02
3.6468330e-02
3.9059850e-02
3.5514430e-02
3.1222210e-02
2.9236620e-02
1.9141890e-02
1.5545790e-02
1.1354610e-02
1.0231510e-02
7.4702840e-03
2.1334350e-03
-1.7776700e-03
-9.3251530e-03
-2.0653960e-02
-3.8384790e-02
-4.5262390e-02
-4.2155890e-02
-3.8691270e-02
-3.1964310e-02
-2.0602960e-02
-2.2416640e-03
5.8236160e-03
6.3246570e-03
1.4335580e-03
-7.3587510e-03
-1.7015710e-02
-2.4487540e-02
-2.5727100e-02
-2.5816880e-02
-2.1281650e-02
-1.6799810e-02
-1.2108640e-02
-7.4138690e-03
-7.9446030e-03
-1.8505900e-02
-3.3523620e-02
-3.8338340e-02
-3.9922230e-02
-3.0147230e-02
-1.4020270e-02
-1.3305350e-03
6.3246380e-03
1.1777620e-02
1.1984610e-02
1.1126170e-02
5.9366000e-03
-9.7453960e-04
-2.1525650e-03
-5.9491030e-03
-5.2701050e-03
4.7601760e-03
1.2099370e-02
1.6302650e-02
1.7460480e-02
1.4495590e-02
1.0100340e-02
9.7612820e-03
1.0038950e-02
7.8460430e-03
8.6211660e-03
7.7276220e-03
4.8725300e-03
3.1656660e-03
3.7247700e-03
5.3054850e-03
4.2478130e-03
6.8606610e-03
7.5512110e-03
4.4406460e-03
5.0214240e-03
3.4119440e-04
-1.6640370e-03
9.6261340e-05
-1.7361260e-03
-6.6289540e-03
-1.0668890e-02
-1.5936500e-02
-2.3421900e-02
-2.3683270e-02
-2.5305400e-02
-2.6463650e-02
-2.3397450e-02
-2.0337280e-02
-1.9978750e-02
-1.3202530e-02
-3.7224520e-03
2.4654640e-03
4.7226780e-03
5.4396390e-03
7.5561240e-03
7.7867260e-03
9.1435490e-03
9.6499830e-03
1.0133300e-02
7.9945890e-03
1.0854170e-02
8.8500010e-03
5.2364890e-03
4.9304060e-03
4.3848070e-03
7.5641980e-03
8.7531550e-03
1.0063550e-02
1.0230720e-02
8.4724440e-03
7.6181670e-03
4.7349690e-03
-1.5006570e-03
-5.6926460e-03
-1.1262580e-02
-1.1077480e-02
-9.3469790e-03
-8.3082130e-03
-6.3017300e-03
-2.5734470e-03
-3.4504170e-03
-3.0599030e-03
-2.2980930e-04
3.2073900e-03
4.4929010e-03
2.5813630e-03
1.8444420e-03
5.7629590e-03
1.5273360e-02
2.3397700e-02
2.4549300e-02
1.6071140e-02
2.8166530e-03
-8.2615630e-03
-1.0958050e-02
-8.4604420e-03
-4.3408560e-03
-1.2542200e-05
4.8864380e-03
8.9488400e-03
1.0292450e-02
7.6045780e-03
4.2329260e-04
-5.5206980e-03
-1.5747690e-02
-2.3687630e-02
-2.1332680e-02
-1.4133090e-02
-4.9873010e-03
7.1600200e-03
1.3994020e-02
1.5921650e-02
1.6279300e-02
1.4681530e-02
8.7943640e-03
3.2172000e-03
1.3667080e-03
2.8238610e-03
6.2233130e-03
1.5569840e-02
1.9592260e-02
2.1277090e-02
2.2188890e-02
1.7458430e-02
1.3375010e-02
1.0309640e-02
8.8792700e-03
1.3151000e-02
1.6188460e-02
2.0231260e-02
1.9223080e-02
1.8842200e-02
1.6167430e-02
9.2603540e-03
2.0064640e-03
-4.4797670e-03
-7.1130000e-03
-4.1559570e-03
5.4656420e-04
8.9122600e-03
1.7417110e-02
1.9844550e-02
2.0862190e-02
2.0030660e-02
1.9281540e-02
1.7886760e-02
1.5198000e-02
1.4756940e-02
1.3772380e-02
1.2404720e-02
1.1216200e-02
1.2434450e-02
1.2457380e-02
9.9253060e-03
7.9464550e-03
4.5891880e-03
2.4705740e-03
4.7237460e-04
1.3386150e-04
2.1807610e-04
-1.2100450e-03
-5.4217270e-03
-6.4187490e-03
-7.1105340e-03
-4.8041380e-03
-7.9932700e-03
-1.0869270e-02
-1.0759430e-02
-1.1452040e-02
-1.4063060e-02
-1.3420290e-02
-1.2377750e-02
-1.2392890e-02
-1.3039150e-02
-1.3355280e-02
-1.4077640e-02
-1.5143520e-02
-1.5493460e-02
-1.4950920e-02
-1.4492600e-02
-1.4022290e-02
-1.4515110e-02
-1.3323190e-02
-1.1595840e-02
-1.0701450e-02
-8.1596200e-03
-8.0624670e-03
-9.4240000e-03
-1.2055420e-02
-1.4738100e-02
-1.1551770e-02
-4.0618970e-03
-1.0013000e-04
-8.2768510e-04
-3.0811920e-03
-7.5885730e-03
-8.8759310e-03
-7.6697990e-03
-1.0054270e-02
-1.2063460e-02
-1.2821560e-02
-9.9842000e-03
-5.4824290e-03
-6.9493400e-04
3.4913360e-03
5.4291180e-03
2.0541640e-03
-2.9481780e-03
-9.7967610e-03
-1.5279290e-02
-1.5338590e-02
-1.6034020e-02
-1.4528050e-02
-1.3214150e-02
-1.2070130e-02
-1.3783360e-02
-1.7282270e-02
-2.0752900e-02
-1.9813090e-02
-1.8342620e-02
-1.3295500e-02
-9.1016940e-03
-4.6711170e-03
1.7036800e-03
8.8269320e-03
1.2996750e-02
1.6076640e-02
1.6660090e-02
1.5382590e-02
1.2938360e-02
9.0173210e-03
6.4046350e-03
4.3945850e-03
-3.5606110e-04
-4.7417030e-03
-9.2107870e-04
5.8031030e-03
1.3186210e-02
1.9793730e-02
2.0092710e-02
1.5333210e-02
6.6497590e-03
1.2511900e-04
-1.1391730e-03
-2.0794400e-03
-3.8201980e-03
-4.6684390e-03
-7.8263800e-04
3.7225150e-03
1.0318530e-02
1.4242440e-02
1.5648300e-02
1.5440290e-02
1.2984570e-02
9.0942960e-03
5.9427040e-03
4.9838400e-03
5.6956680e-03
3.6874250e-03
-3.4178220e-03
-6.6660990e-03
-6.9821810e-03
-6.3947600e-03
-7.0779500e-03
-9.9468500e-03
-1.0562150e-02
-1.1923850e-02
-1.0029810e-02
-5.4179190e-03
-1.7632620e-03
-1.4915690e-03
-6.8252840e-04
-2.3408670e-03
-5.2110920e-03
-6.7679330e-03
-9.4671540e-03
-1.1433090e-02
-1.2267200e-02
-1.4451040e-02
-1.7221720e-02
-1.8789220e-02
-1.8523050e-02
-1.3880660e-02
-9.6641530e-03
-5.7972770e-03
1.8561680e-03
5.8481990e-03
7.2197240e-03
7.3086910e-03
7.3082460e-03
7.0384150e-03
3.3145260e-03
-2.0507090e-03
-9.3931980e-03
-1.4088080e-02
-1.5639220e-02
-1.4641160e-02
-1.5204940e-02
-1.6620130e-02
-1.7367410e-02
-1.8619420e-02
-2.0340320e-02
-1.7445430e-02
-1.1123550e-02
-7.3603460e-03
-3.1290860e-03
-9.9113450e-04
2.0551590e-03
5.1095520e-03
5.6774690e-03
4.3609580e-03
1.3844120e-03
1.4402090e-03
-4.9766470e-04
-1.1035170e-03
-2.2433030e-03
-2.3846350e-03
1.2353340e-03
7.3597480e-03
1.3390410e-02
1.7785790e-02
2.0615370e-02
2.3334550e-02
2.2386420e-02
2.1264800e-02
2.0422670e-02
2.1318410e-02
1.9806080e-02
1.8043130e-02
1.6275940e-02
1.0107580e-02
7.0932670e-03
4.7962410e-03
2.0413210e-03
-3.1803660e-03
-4.5287240e-03
1.3924850e-03
6.5834330e-03
9.6782180e-03
1.0737170e-02
1.2340600e-02
1.3906780e-02
1.5432970e-02
1.7401530e-02
1.7145320e-02
1.4183310e-02
7.9272220e-03
1.5441340e-03
-3.5927470e-03
-6.7146370e-03
-8.9313270e-03
-1.0100560e-02
-8.8510150e-03
-7.2872300e-03
-6.3717980e-03
-4.1556500e-03
-1.0794550e-04
4.0407820e-03
7.9581890e-03
1.0125560e-02
1.3006680e-02
1.4865740e-02
1.3296330e-02
9.2887820e-03
5.2973420e-03
7.6709440e-05
-3.5808780e-03
-3.8018730e-03
-7.9424150e-03
-1.3915280e-02
-2.0624010e-02
-2.6406710e-02
-2.8485090e-02
-2.8948890e-02
-2.8826780e-02
-2.6425950e-02
-2.1043120e-02
-1.7872950e-02
-1.4488890e-02
-1.0830720e-02
-9.9396970e-03
-8.3041150e-03
-4.5217020e-03
-1.0268240e-03
1.9213450e-04
3.4466640e-03
5.4967290e-03
4.9430800e-03
1.9759950e-03
-7.6316050e-04
-7.2211000e-04
1.1392370e-04
-1.2768040e-04
-5.2893710e-05
-1.5113120e-03
-2.9356390e-03
-3.3779060e-03
-3.9379270e-03
-3.9169410e-03
-3.7949740e-03
-3.0525530e-03
-4.2859970e-03
-4.0588200e-03
-3.9467870e-03
-4.5224160e-03
-3.8054040e-03
-6.1407030e-03
-7.7230610e-03
-7.5371440e-03
-8.1012700e-03
-6.8048290e-03
-6.4287150e-03
-6.5092520e-03
-8.1131380e-03
-4.8435450e-03
1.3972170e-04
1.9834530e-03
3.8790670e-03
5.4225430e-03
3.5259330e-03
9.7714200e-04
8.7339940e-05
-8.1250170e-04
3.7607000e-03
8.8017840e-03
1.4592750e-02
1.7590260e-02
1.6596490e-02
1.5833240e-02
1.3175840e-02
9.5821650e-03
9.1919780e-03
8.7181100e-03
6.7674160e-03
4.8193540e-03
7.2685560e-03
7.5518690e-03
7.7903620e-03
9.1480230e-03
7.6160940e-03
4.7894280e-03
1.8968940e-04
-3.2194310e-03
-7.8456750e-03
-1.0907290e-02
-1.3062980e-02
-1.6456790e-02
-1.5700970e-02
-1.7244160e-02
-1.5376060e-02
-1.0539080e-02
-1.2052270e-02
-7.4261890e-03
-2.5225670e-03
9.3728550e-04
5.5387750e-03
9.0112820e-03
1.1050640e-02
1.2690740e-02
1.2540340e-02
1.0800180e-02
8.3661160e-03
4.3639670e-03
-3.7601280e-05
-2.4204760e-03
-2.4217030e-04
3.1101320e-03
6.4327220e-03
8.2923750e-03
7.7357220e-03
6.5723460e-03
5.5573410e-03
3.8274860e-03
1.2971970e-03
-2.9269330e-03
-4.1563660e-03
-4.3436850e-03
-5.9945870e-03
-7.3869480e-03
-7.6856050e-03
-1.0355410e-02
-1.1523610e-02
-1.2414570e-02
-1.3138980e-02
-1.5608770e-02
-1.4924580e-02
-1.2490070e-02
-1.0650870e-02
-8.5802670e-03
-7.2485950e-03
-6.4264960e-03
-6.3566720e-03
-5.7519920e-03
-4.4276360e-03
-3.6623490e-03
-2.5396920e-03
-2.4307160e-03
-1.7294400e-03
-1.3721020e-03
1.1709220e-03
5.3548410e-03
9.3192030e-03
1.2923720e-02
1.6596490e-02
1.6604750e-02
1.6854790e-02
1.5610920e-02
1.4361690e-02
1.3307280e-02
1.1357030e-02
1.1026770e-02
1.3953300e-02
1.5420700e-02
1.7834970e-02
1.9109080e-02
1.5783320e-02
1.0350380e-02
9.6069480e-04
-5.6036670e-03
-6.8693920e-03
-5.5498240e-03
-5.6473090e-03
-3.0480850e-03
-4.2424650e-04
1.7766180e-03
4.6987130e-03
3.9997660e-03
4.2300640e-03
4.0227240e-03
2.1260970e-03
3.4367100e-03
2.4005240e-03
4.1488900e-03
2.0855900e-03
-2.1920450e-04
5.1371340e-05
1.9490360e-04
-2.0967320e-03
-3.0104100e-03
-4.2798420e-03
-5.7249600e-03
-3.2803790e-03
-1.5425830e-03
2.9657100e-04
4.3872490e-03
8.2647020e-03
1.0339990e-02
1.2296480e-02
1.5111900e-02
1.5294240e-02
1.3665050e-02
1.0621170e-02
8.2675140e-03
1.0610520e-02
8.6535980e-03
9.7845730e-03
1.0529170e-02
1.4242370e-02
1.7616720e-02
1.9205930e-02
2.0025220e-02
1.7412900e-02
1.4696690e-02
1.1871790e-02
1.0877960e-02
9.4334640e-03
9.2632000e-03
7.5095240e-03
5.3550350e-03
3.3750190e-03
3.1023140e-03
3.9914550e-03
5.2200160e-03
5.7877360e-03
6.2543420e-03
7.6616260e-03
9.1187570e-03
1.2671330e-02
1.5090540e-02
1.8107760e-02
1.8930050e-02
1.8956810e-02
1.7087060e-02
1.3277100e-02
6.3670910e-03
2.4917790e-03
6.7205200e-04
2.8658250e-03
1.9833270e-03
1.0330100e-03
1.6512660e-03
7.1424500e-05
-6.4766880e-03
-7.8628530e-03
-8.8075390e-03
-9.4048910e-03
-9.0289800e-03
-8.0178840e-03
-6.6584190e-03
-6.3595270e-03
-9.2762920e-03
-8.8159490e-03
-7.0265000e-03
-7.9440580e-03
-7.7571390e-03
-7.9982400e-03
-9.5250870e-03
-9.4712720e-03
-9.2360480e-03
-8.6457960e-03
-1.0421610e-02
-1.0659450e-02
-1.2771440e-02
-1.6751860e-02
-1.6612520e-02
-1.5585040e-02
-1.4088500e-02
-1.0184470e-02
-4.6869510e-03
1.4047070e-03
3.3819820e-03
5.2604740e-03
3.4374060e-03
-1.8509890e-03
-8.1485430e-03
-1.3215790e-02
-1.5559590e-02
-1.3531280e-02
-8.2626530e-03
-3.7237780e-03
1.0192650e-03
4.2913050e-03
4.2471250e-03
2.1212740e-03
1.2815860e-03
3.4978370e-03
6.6052550e-03
8.1715260e-03
1.4310540e-02
2.1538030e-02
2.4864170e-02
2.4450280e-02
2.0271830e-02
1.7158550e-02
1.2269530e-02
1.2215880e-02
1.3615590e-02
1.6010860e-02
1.8135180e-02
1.7889110e-02
1.6686760e-02
1.3162130e-02
9.4253460e-03
3.5416600e-03
3.3363990e-04
-9.4247330e-04
-3.5224760e-03
-3.7537390e-03
-4.4930230e-03
-4.0665190e-03
-1.9379540e-03
5.3841240e-04
5.1793790e-03
5.9530470e-03
4.9353190e-03
3.9505060e-03
6.4259750e-04
9.7049750e-04
2.5813740e-04
-1.6647450e-03
1.1867280e-03
-1.2906160e-03
-7.2219810e-04
5.6860720e-04
-1.3270800e-03
-1.7001160e-03
-3.7136730e-03
-6.2706190e-03
-6.8859430e-03
-5.6430890e-03
-4.8903610e-03
-3.8394740e-03
-1.8438310e-03
9.0969170e-04
3.6845690e-04
2.0205980e-03
4.9152390e-03
3.0294740e-03
1.5591800e-03
1.0335780e-03
-6.9239320e-04
-2.0843230e-04
9.2622080e-04
1.0067000e-03
5.4802050e-04
-3.6330140e-03
-4.4819280e-03
-5.1335200e-03
-8.8796530e-03
-1.2471490e-02
-1.1613750e-02
-1.0183720e-02
-9.8262820e-03
-6.6645870e-03
-7.1092650e-03
-8.4385610e-03
-1.0415990e-02
-1.2826570e-02
-1.1739930e-02
-1.0432850e-02
-8.9972070e-03
-4.3853740e-03
-2.5226020e-03
-5.5563640e-04
2.9787310e-03
2.5551900e-03
2.2558870e-04
1.1830720e-03
7.1827510e-05
-3.3050820e-03
-6.1221220e-04
1.7198850e-03
1.3025960e-03
2.9581910e-03
5.4803380e-03
2.2739680e-03
1.6084170e-03
-1.8112650e-03
-4.7793860e-03
-5.1458790e-03
-4.0292920e-03
-2.7778310e-03
-1.3669270e-03
3.6375950e-03
6.2300100e-03
9.3891200e-03
1.2311350e-02
1.0952230e-02
9.9840710e-03
8.7406610e-03
7.6144750e-03
7.2664310e-03
7.2338350e-03
6.0758090e-03
4.0820730e-03
1.4330210e-03
-1.5508180e-03
-2.4567850e-03
-4.6323780e-03
-4.8824800e-03
-5.6043710e-03
-5.2185130e-03
-8.0098130e-03
-8.5472140e-03
-7.8487940e-03
-7.1752290e-03
-4.3305000e-03
-2.5817860e-03
-2.8179120e-03
-1.4774820e-03
-2.8567240e-03
-7.0749550e-03
-7.0656330e-03
-5.9470250e-03
