0.01
6.5516750e-03
1.6501040e-02
2.5463350e-02
2.4360780e-02
1.6689580e-02
9.9464210e-03
2.6719390e-03
-4.1226160e-03
-7.7904920e-03
-9.0718590e-03
-1.0232380e-02
-1.1995850e-02
-1.0577830e-02
-9.4343220e-03
-9.9327590e-03
-5.3644440e-03
5.7608080e-03
1.2821450e-02
1.1529280e-02
8.7648180e-03
3.9965550e-03
-3.7455480e-03
-1.1559910e-02
-1.7925160e-02
-1.9786640e-02
-1.3393550e-02
-1.0523670e-02
-1.0426200e-02
-4.3347120e-03
6.7516110e-03
1.7125880e-02
1.9189970e-02
1.7975200e-02
1.8098270e-02
2.0411080e-02
2.2603020e-02
2.0308430e-02
1.8022500e-02
1.8572920e-02
1.5325020e-02
5.5378560e-03
-3.3467310e-03
-3.7707950e-03
-4.8003460e-03
-5.5151870e-03
-4.1203860e-03
-2.8787170e-03
-6.6931680e-03
-1.7788620e-02
-2.9312480e-02
-3.0939450e-02
-2.4227380e-02
-2.0424460e-02
-1.7677750e-02
-1.5990990e-02
-1.6639110e-02
-1.5134850e-02
-1.0394530e-02
1.7281030e-03
1.5070400e-02
2.8521010e-02
4.1473360e-02
5.2972870e-02
5.6522370e-02
4.6627800e-02
2.8119050e-02
1.5343340e-03
-2.4401640e-02
-3.4571590e-02
-2.3875480e-02
-9.8135600e-03
1.1038920e-03
9.3353460e-04
-7.2386370e-03
-2.0684960e-02
-3.4183770e-02
-3.9965460e-02
-3.3494630e-02
-1.5201990e-02
-6.0159860e-04
-9.9435280e-04
-1.3377660e-02
-2.7514910e-02
-2.2267310e-02
-6.6952850e-03
8.8920120e-03
2.1316810e-02
2.5318660e-02
1.7021870e-02
9.3942800e-03
1.6609060e-03
-6.2491130e-03
-6.6817230e-03
-9.4515020e-03
-2.3099320e-02
-3.6217880e-02
-3.8302110e-02
-2.9214580e-02
-7.8365670e-03
2.4160580e-02
5.2740770e-02
6.2887490e-02
5.7060810e-02
4.5087420e-02
2.6134940e-02
4.1290120e-03
-2.1322640e-02
-3.4049180e-02
-2.9097710e-02
-2.2890460e-02
-1.5407200e-02
-4.2586890e-03
8.2603250e-03
2.1765240e-02
2.6833930e-02
1.8655920e-02
-2.5149040e-03
-2.8513690e-02
-5.4143300e-02
-6.8110560e-02
-7.3160330e-02
-6.5339050e-02
-3.5984170e-02
-2.1766570e-04
5.0764630e-02
8.8743830e-02
9.9079840e-02
9.8328740e-02
7.5884880e-02
4.7089050e-02
3.8886590e-02
2.6302390e-02
1.1479080e-02
-1.0372140e-02
-3.5812610e-02
-4.7249400e-02
-3.3940350e-02
-3.9084930e-03
2.9820260e-02
4.8819980e-02
4.6828000e-02
1.7868780e-02
-3.2420010e-02
-7.4268680e-02
-8.8153710e-02
-8.0851260e-02
-6.4764570e-02
-4.8119250e-02
-3.6041830e-02
-1.8799250e-02
5.2889040e-03
2.5452810e-02
3.6346760e-02
4.1820340e-02
4.8121240e-02
5.5458350e-02
5.2741360e-02
3.8236710e-02
6.4971480e-03
-3.9815190e-02
-6.8827160e-02
-7.1819150e-02
-5.6125380e-02
-7.5695620e-03
5.0831890e-02
7.4260860e-02
7.6679540e-02
5.7308400e-02
2.1425590e-02
-1.7861560e-02
-5.1390950e-02
-7.1102480e-02
-6.8886380e-02
-5.5765720e-02
-2.8686180e-02
-2.4955700e-03
1.6727240e-02
3.0969670e-02
3.6227370e-02
3.6064330e-02
3.7557310e-02
4.6984820e-02
5.6489480e-02
5.8917630e-02
6.1691830e-02
6.6255550e-02
5.5013850e-02
2.4947280e-02
-8.5982880e-03
-3.6854180e-02
-5.5786420e-02
-6.2345530e-02
-6.5587290e-02
-6.5109800e-02
-5.6846050e-02
-4.2003430e-02
-2.7795010e-02
-2.0992280e-02
-1.7128920e-02
-1.7545620e-02
-1.8661060e-02
-1.2784900e-02
1.0682810e-03
5.8590590e-03
1.5563530e-03
-3.0372810e-03
-5.8773630e-03
-3.2347210e-03
6.3391400e-03
1.0109170e-02
4.6333510e-03
-5.9192420e-03
-1.8865460e-02
-2.4960480e-02
-1.6780760e-02
-5.0360310e-03
-4.2102740e-03
-1.0133320e-02
-7.2739540e-03
6.4212060e-03
2.2769570e-02
3.6718710e-02
4.7005420e-02
4.8222100e-02
3.0349040e-02
-9.1585520e-04
-3.1279080e-02
-5.3293320e-02
-6.4743250e-02
-6.2297200e-02
-4.7141290e-02
-3.2430640e-02
-3.1453720e-02
-4.5296430e-02
-5.3148550e-02
-5.8990370e-02
-6.0473150e-02
-4.8092540e-02
-3.6157110e-02
-2.7542010e-02
-1.6993950e-02
4.6887970e-03
3.1577160e-02
5.5356940e-02
7.5328030e-02
9.9116070e-02
1.1924450e-01
1.3082390e-01
1.3712660e-01
1.3834140e-01
1.2941790e-01
9.3937210e-02
3.9424120e-02
-1.9943980e-02
-6.9936640e-02
-8.5717840e-02
-8.6573040e-02
-8.7884800e-02
-9.2288810e-02
-9.0866380e-02
-8.9567790e-02
-9.2556780e-02
-9.3089550e-02
-7.9791780e-02
-5.5146300e-02
-3.9040170e-02
-4.0409540e-02
-3.4861480e-02
-2.6153660e-02
-9.9022760e-03
1.1283050e-02
3.4744060e-02
5.1443830e-02
6.2410880e-02
6.5172190e-02
6.0082480e-02
5.4429800e-02
5.3667470e-02
4.0632180e-02
6.3322900e-03
-9.8435130e-03
-1.7052530e-02
-2.8126010e-02
-2.9457180e-02
-2.7714670e-02
-2.7817360e-02
-2.7840780e-02
-2.4052290e-02
-1.4501470e-02
3.4560190e-03
3.1645550e-02
4.8855160e-02
4.0812750e-02
2.6943170e-02
8.4425140e-03
-1.1101150e-02
-2.0989110e-02
-1.4215670e-02
5.1529430e-04
-2.3189570e-03
-1.7509970e-02
-2.3908540e-02
-2.7804030e-02
-2.3721180e-02
-1.8520870e-02
-1.2358220e-02
-4.7357630e-03
1.7630850e-03
1.0005380e-02
2.6985770e-02
3.8290180e-02
3.0115110e-02
1.9234450e-02
2.0406720e-02
2.3469410e-02
1.8826730e-02
1.8603150e-02
2.5317600e-02
3.1721910e-02
3.3203510e-02
2.8757750e-02
1.6576630e-02
1.0616720e-05
-2.8198650e-02
-4.7847770e-02
-3.6339020e-02
-1.8108700e-02
9.8523120e-03
2.8987670e-02
3.3096460e-02
2.6574090e-02
2.2143920e-02
3.0026870e-02
3.4164830e-02
3.0295190e-02
1.5565070e-02
-1.1025870e-02
-3.6273270e-02
-5.0312870e-02
-6.1578180e-02
-6.9631300e-02
-6.6588410e-02
-5.7180910e-02
-5.0239480e-02
-4.8162160e-02
-4.5074980e-02
-3.5529220e-02
-1.2298370e-02
1.8134610e-02
3.6089410e-02
4.5276870e-02
4.7916610e-02
5.3238330e-02
6.5687430e-02
7.6541610e-02
7.9832590e-02
7.6511860e-02
6.9984510e-02
5.2036830e-02
2.1520960e-02
-2.2237550e-02
-3.7749670e-02
-3.1157920e-02
-2.2201750e-02
-1.7171790e-02
-2.2621330e-02
-3.2423350e-02
-3.9902010e-02
-4.0095110e-02
-4.1262500e-02
-4.2159070e-02
-3.6426890e-02
-2.6680170e-02
-2.0641770e-02
-2.3789550e-02
-2.9932250e-02
-3.6955340e-02
-4.0873920e-02
-3.5395230e-02
-2.4022900e-02
-1.8632760e-02
-2.1011960e-02
-2.5591040e-02
-3.0708630e-02
-3.8271340e-02
-5.1148830e-02
-6.4834780e-02
-6.8932220e-02
-6.6281260e-02
-6.0732550e-02
-5.1136210e-02
-3.5649200e-02
-1.4828790e-02
7.6219010e-03
2.1911520e-02
3.6555280e-02
5.2335460e-02
6.5072420e-02
7.1322090e-02
6.7022030e-02
4.4858340e-02
8.8754740e-03
-3.2794170e-02
-5.3068630e-02
-4.0323720e-02
-1.6972280e-02
5.2831440e-03
1.3746560e-02
1.2162610e-02
1.7038700e-02
2.4006230e-02
2.4134050e-02
1.4192650e-02
2.7988270e-03
-2.5870730e-03
-3.7475350e-03
-6.8315390e-03
-1.6754370e-02
-3.1647250e-02
-4.0683480e-02
-3.6851030e-02
-2.7246810e-02
-8.0698980e-03
1.1910490e-02
2.3674600e-02
2.7722250e-02
2.8766480e-02
3.1927190e-02
3.5227290e-02
3.6352070e-02
3.0943140e-02
1.7746240e-02
7.2649180e-03
8.1011270e-03
1.4915990e-02
1.9581490e-02
1.7801610e-02
1.7859660e-02
1.8783460e-02
1.9237320e-02
1.7906230e-02
1.4151380e-02
9.6678770e-03
1.2908630e-02
2.3971190e-02
3.8460410e-02
4.7649870e-02
5.4219640e-02
5.6860680e-02
5.5115570e-02
5.0638730e-02
4.3583120e-02
3.4412390e-02
2.4303270e-02
9.7004230e-03
-6.5916370e-03
-2.0301960e-02
-2.7652760e-02
-2.7926350e-02
-2.8004510e-02
-2.8134340e-02
-2.7708000e-02
-2.0085810e-02
-2.9651710e-03
1.7543460e-02
2.3661910e-02
1.4349680e-02
7.6251340e-03
1.1754450e-02
1.7397570e-02
2.0703700e-02
1.3877830e-02
1.8824850e-03
-7.9000560e-03
-1.5253670e-02
-1.3628460e-02
2.2535300e-03
2.5154810e-02
4.2333290e-02
4.7197660e-02
4.3668410e-02
3.4354560e-02
2.8982930e-02
2.7043080e-02
2.2705790e-02
2.1055640e-02
2.8209180e-02
3.5584340e-02
3.8039800e-02
3.3085870e-02
2.8841940e-02
2.6453560e-02
2.9995830e-02
3.9431860e-02
4.5851930e-02
5.2219940e-02
5.5271900e-02
5.2671050e-02
4.0344250e-02
2.0966370e-02
6.1589410e-03
-1.9976830e-02
-4.9448010e-02
-6.9321420e-02
-8.3774950e-02
-8.7992310e-02
-8.4328790e-02
-6.9675940e-02
-4.7518670e-02
-3.5262970e-02
-3.1176730e-02
-3.1197130e-02
-3.5402680e-02
-3.2393450e-02
-2.2373350e-02
-1.6710160e-02
-1.3378820e-02
-1.3358590e-02
-1.9676960e-02
-3.3347080e-02
-4.9582960e-02
-5.4519320e-02
-4.8842310e-02
-3.5908050e-02
-1.5672100e-02
5.8331980e-03
3.0479750e-02
4.6693660e-02
5.0277920e-02
4.5624760e-02
3.0054620e-02
1.5556780e-02
9.5650750e-03
5.7677380e-03
1.3439780e-02
3.4022700e-02
5.4411670e-02
7.2378380e-02
7.4978090e-02
6.6025090e-02
5.2556020e-02
3.3207070e-02
7.3646140e-03
-1.4714520e-02
-2.0747950e-02
-1.6867270e-02
-2.2898520e-03
1.4614080e-02
2.0147640e-02
4.3360700e-03
-1.4231500e-02
-1.8606690e-02
-1.6530080e-02
-2.2005550e-02
-3.9373150e-02
-5.4139380e-02
-5.6720310e-02
-4.8387510e-02
-3.5630820e-02
-2.5727630e-02
-2.7077030e-02
-3.3638080e-02
-3.8227340e-02
-3.8674220e-02
-3.4067710e-02
-2.1924150e-02
7.8654280e-03
4.1712220e-02
7.1203880e-02
8.2618910e-02
8.0023480e-02
6.3057570e-02
4.0964450e-02
1.7477520e-02
-7.8868730e-04
-9.6415370e-03
-1.3034930e-02
-1.3003690e-02
-1.2298690e-02
-7.1654750e-03
2.0076420e-03
6.7888040e-03
6.9456040e-03
8.2132500e-03
1.1656390e-02
9.3098130e-03
-6.1545260e-03
-2.3680490e-02
-2.1155860e-02
-1.7796460e-03
2.3361280e-02
2.8821690e-02
2.0225260e-02
-2.5460430e-03
-1.8611450e-02
-2.1811670e-02
-1.4574920e-02
6.7072520e-03
3.1151500e-02
3.5711920e-02
1.8269230e-02
-1.4300070e-02
-3.7981890e-02
-3.8768030e-02
-2.5782740e-02
1.2294440e-02
3.9497280e-02
4.6261170e-02
4.3160230e-02
4.4203880e-02
5.2800210e-02
6.3690110e-02
6.2821290e-02
4.4237250e-02
2.1491900e-02
1.0739320e-02
1.8500100e-02
2.9098730e-02
3.6997200e-02
3.5583420e-02
2.0984390e-02
4.9358040e-03
-5.5796390e-03
-1.5499120e-02
-2.2172090e-02
-1.8350510e-02
-1.1396840e-02
-1.5413850e-02
-4.3736570e-02
-7.8990880e-02
-9.8449540e-02
-1.1599860e-01
-1.1971880e-01
-1.1242470e-01
-9.9722230e-02
-8.3118180e-02
-4.7566810e-02
5.7146920e-03
2.6137420e-02
2.1957440e-02
2.6023000e-03
-5.9455040e-03
-6.2702890e-03
2.6764080e-03
1.2772480e-02
1.9682520e-02
1.4892870e-02
-5.5968400e-03
-2.0668830e-02
-2.2691990e-02
-1.0777050e-02
7.8587070e-03
1.9705830e-02
2.1380920e-02
1.7526720e-02
1.0548970e-02
6.4154720e-03
4.8483940e-03
6.3269320e-03
1.0919920e-02
1.5186970e-02
2.0026460e-02
1.2867120e-02
5.5818320e-03
6.9070510e-03
1.3845470e-02
2.5854970e-02
3.4270670e-02
3.4820660e-02
3.1261100e-02
2.2613850e-02
4.1094040e-03
-1.7817190e-02
-3.0859530e-02
-3.1371580e-02
-2.3967500e-02
-9.2868680e-03
-3.6668850e-03
-1.1116790e-02
-2.5244520e-02
-4.1194960e-02
-5.1186670e-02
-4.7256100e-02
-3.9912650e-02
-3.5007070e-02
-2.4826360e-02
-9.6958810e-03
5.7249180e-03
2.5572590e-02
3.9115960e-02
4.3671880e-02
4.5329840e-02
4.1455360e-02
3.2612630e-02
1.8596280e-02
8.9770880e-04
-1.0207740e-02
-1.1766330e-02
-3.9388770e-03
1.2536710e-02
2.9088380e-02
3.5795000e-02
3.6535750e-02
3.3757750e-02
3.7797630e-02
4.5220750e-02
5.2340580e-02
5.4623260e-02
5.1689960e-02
4.7868780e-02
3.7748810e-02
2.4346140e-03
-4.4278990e-02
-5.8796710e-02
-5.6937810e-02
-5.0259810e-02
-4.0468960e-02
-3.4017210e-02
-2.8177980e-02
-3.0586430e-02
-3.5890320e-02
-3.5897650e-02
-3.3198440e-02
-2.5550530e-02
-1.3512330e-02
-3.4181490e-03
8.6441280e-03
2.6595260e-02
4.5495470e-02
5.9405370e-02
6.9153350e-02
7.2441900e-02
6.9316270e-02
5.9019550e-02
4.2013300e-02
2.3230820e-02
1.7421040e-02
1.7965590e-02
1.7300590e-02
2.9466200e-03
-2.5675800e-02
-4.6972610e-02
-5.6216730e-02
-4.4559760e-02
-2.4238090e-02
-1.3999680e-02
-1.7640900e-02
-2.6360890e-02
-3.0603500e-02
-3.2698080e-02
-3.0078660e-02
-2.6379410e-02
-2.5095710e-02
-2.3873240e-02
-2.1833450e-02
-1.8673800e-02
-1.9896610e-02
-1.7239840e-02
-2.8421280e-03
1.1698380e-02
1.8045230e-02
2.3537060e-02
2.1356400e-02
7.7437310e-03
1.3842620e-03
4.4446480e-03
1.1864680e-02
1.8281720e-02
2.2260310e-02
2.4494990e-02
2.3573790e-02
1.7027870e-02
4.9931440e-03
-9.6539290e-03
-1.9881760e-02
-2.3488980e-02
-1.9793430e-02
-1.5020380e-02
-1.4939400e-02
-2.0490140e-02
-2.5176630e-02
-2.6555170e-02
-2.4703150e-02
-1.8395880e-02
-6.5421170e-03
9.8919360e-03
2.5771340e-02
3.8084490e-02
4.5378650e-02
4.9244320e-02
5.3889250e-02
5.1331920e-02
4.4186380e-02
2.5780700e-02
6.4594490e-03
1.2174710e-03
2.0106080e-03
1.3046250e-03
-5.4009360e-04
4.4158750e-05
-8.3834950e-04
-4.9395750e-03
-1.1265440e-02
-2.0143960e-02
-3.2771810e-02
-4.1157930e-02
-4.4518500e-02
-4.5912530e-02
-4.1819200e-02
-3.3665240e-02
-1.5967500e-02
1.2231510e-02
3.2997410e-02
4.5818030e-02
5.3334760e-02
5.6059790e-02
5.8387060e-02
5.8959070e-02
5.3235790e-02
3.9417220e-02
1.6509760e-02
-6.2466100e-03
-1.1217020e-02
-3.4629060e-03
9.3351660e-03
2.0165760e-02
1.9996440e-02
1.3636480e-02
8.1581610e-04
-1.1183550e-02
-9.6074810e-03
5.6649130e-04
4.7262120e-03
-5.2232330e-03
-2.1209080e-02
-3.6772930e-02
-4.8766880e-02
-4.6815040e-02
-3.0002620e-02
-9.9071730e-03
6.3868560e-03
1.5988140e-02
1.8001960e-02
1.5381410e-02
1.4179140e-02
1.6557380e-02
1.7570720e-02
1.4656130e-02
2.5153340e-03
-1.0775970e-02
-2.2156050e-02
-3.1088950e-02
-3.4340040e-02
-3.7770920e-02
-3.7788010e-02
-3.5910830e-02
-3.4792230e-02
-2.6519600e-02
-7.9552580e-03
1.0740390e-02
1.7453230e-02
1.5916270e-02
4.3370500e-03
-7.8774300e-03
-1.0065160e-02
-5.7456270e-03
-1.7580780e-03
1.9325360e-03
5.5896000e-03
1.0204220e-02
9.0925680e-03
9.8985590e-04
-1.4249860e-02
-3.4769120e-02
-4.6725770e-02
-5.0023030e-02
-4.4673780e-02
-3.1290730e-02
-1.3951860e-02
1.2940280e-03
1.1909270e-02
1.0825710e-02
7.8517110e-03
2.6563270e-03
-2.8365790e-04
5.4196640e-03
1.2908200e-02
2.2405470e-02
2.9503190e-02
2.9503970e-02
2.3315220e-02
1.6449280e-02
8.7395520e-03
-1.1402100e-04
-6.8680850e-03
-6.9433270e-03
-8.1141980e-03
-9.8959530e-03
-6.9233320e-03
-2.6659630e-03
-1.6002270e-03
2.9267660e-03
1.0603780e-02
1.4146980e-02
6.3730410e-03
-1.1016800e-02
-2.5993650e-02
-3.4549520e-02
-3.0677440e-02
-1.8093700e-02
-6.9545990e-03
-1.2263460e-03
-5.1944900e-03
-1.7603370e-02
-2.7351810e-02
-2.6895700e-02
-1.3990680e-02
1.6189290e-03
9.2767770e-03
4.1273050e-03
-4.1359700e-03
-9.4535270e-03
-1.1266230e-02
-8.0499880e-03
-1.4928040e-03
9.0175150e-03
2.1263960e-02
3.0145020e-02
3.4853490e-02
3.2047120e-02
2.5287920e-02
1.6414140e-02
8.4499710e-03
7.9707750e-03
1.1698600e-02
1.5927550e-02
1.4209590e-02
3.5752990e-03
-8.3677730e-03
-1.5448250e-02
-1.1627880e-02
1.2414300e-03
1.5191630e-02
2.0810630e-02
1.2210970e-02
-3.1831310e-03
-2.3137510e-02
-3.2435500e-02
-3.0528720e-02
-2.0040790e-02
-1.0557870e-02
-8.3791470e-03
-9.5799220e-03
-1.3994690e-02
-1.6884300e-02
-1.5711900e-02
-1.4103170e-02
-4.8351130e-03
5.6095270e-03
1.0209270e-02
1.2853610e-02
1.3244930e-02
1.1149710e-02
9.8652750e-03
8.2063470e-03
1.4206400e-03
-7.0133070e-03
-1.0957920e-02
-1.2707460e-02
-1.3623380e-02
-1.0144940e-02
-2.5158900e-03
4.4049250e-03
1.3559470e-02
2.3425600e-02
2.8928420e-02
2.8153420e-02
1.8646780e-02
9.1185400e-03
1.0167430e-02
1.7941930e-02
2.4610930e-02
2.3899950e-02
1.9229290e-02
1.3848700e-02
5.7335540e-03
4.6536200e-03
9.6180180e-03
1.3503060e-02
1.6870850e-02
1.7326660e-02
9.3556290e-03
-2.5441280e-03
-1.9873600e-02
-3.2956680e-02
-3.2458070e-02
-3.4732870e-02
-3.6584440e-02
-3.7354380e-02
-3.9222930e-02
-4.5164840e-02
-5.3213520e-02
-5.3958220e-02
-5.6882980e-02
-5.6991290e-02
-5.1026080e-02
-4.0801030e-02
-2.4913780e-02
-1.2751690e-02
-9.1741570e-03
-7.4648720e-03
-2.2400600e-03
7.3022010e-03
1.4821530e-02
1.6747330e-02
1.4487270e-02
8.6587050e-03
2.1390740e-03
-1.8161330e-03
-1.0597790e-03
2.6409130e-03
5.4523820e-03
4.4203440e-03
2.2874210e-03
1.3392590e-03
1.8288570e-03
9.5664200e-04
-2.9221600e-03
-3.0521620e-03
2.3294090e-03
5.9039730e-03
1.0846070e-02
1.2940610e-02
1.3980700e-02
1.3449020e-02
9.6450520e-03
4.3378070e-03
-3.7646060e-03
-1.4093300e-02
-2.1089600e-02
-2.3445350e-02
-2.3094380e-02
-2.3767830e-02
-2.5017380e-02
-2.3425940e-02
-1.7848010e-02
-1.0406330e-02
-5.2335680e-03
-5.4030580e-03
-5.6149080e-03
-3.3346960e-03
2.1114430e-03
3.1414530e-03
2.9737270e-03
1.4255690e-03
3.3235220e-03
5.0943100e-03
3.1405440e-03
-3.1943560e-03
-9.5183250e-03
-1.5219790e-02
-1.7462750e-02
-1.2918430e-02
-8.6035300e-03
-2.0484150e-03
4.1782590e-03
2.4907810e-03
-5.5750910e-03
-1.5711000e-02
-1.9941920e-02
-2.0036300e-02
-1.4927020e-02
-5.9790190e-03
1.0892180e-04
-6.7276090e-04
-2.9326150e-03
-5.1978920e-03
-6.6314250e-03
-4.9463110e-03
-5.1722040e-03
-1.0334970e-02
-1.5148250e-02
-1.6397370e-02
-1.6420420e-02
-1.6618740e-02
-1.2696290e-02
-9.0183850e-03
-1.1835960e-02
-1.5279930e-02
-1.8248380e-02
-2.0002540e-02
-1.8750160e-02
-1.8504010e-02
-2.0053800e-02
-1.7296930e-02
-1.3906900e-02
-1.2829210e-02
-7.5847690e-03
7.9682050e-04
5.8133990e-03
8.4646130e-03
1.0743510e-02
1.2389360e-02
1.6634890e-02
2.3050810e-02
2.8020950e-02
3.3137260e-02
3.4522810e-02
3.0310690e-02
2.5619370e-02
2.1128520e-02
1.8621880e-02
2.0369730e-02
2.4438280e-02
2.8436150e-02
3.2543470e-02
3.5443930e-02
3.4986540e-02
3.2479250e-02
2.9768980e-02
2.8785420e-02
2.9698540e-02
2.8516660e-02
2.3560060e-02
1.5897070e-02
8.7422830e-03
2.9733800e-03
-2.0263020e-03
-5.7827430e-03
-7.8134200e-03
-1.0433990e-02
-1.2974520e-02
-1.2259450e-02
-8.5817140e-03
-4.2350140e-03
8.8426300e-04
7.7878190e-03
1.3184970e-02
1.6014740e-02
1.7186950e-02
1.8758340e-02
1.9163370e-02
1.8350210e-02
1.8601320e-02
1.8522370e-02
1.5698170e-02
7.7026670e-03
-1.9982190e-03
-9.2103280e-03
-1.6576920e-02
-2.2564090e-02
-2.6929240e-02
-3.0099860e-02
-3.1227880e-02
-3.0911310e-02
-3.1713120e-02
-3.4193250e-02
-3.5763310e-02
-3.2184830e-02
-2.4350340e-02
-1.7359010e-02
-1.4155340e-02
-1.5270100e-02
-1.4618150e-02
-9.3719140e-03
1.3393690e-04
1.1942090e-02
1.6735460e-02
1.5872410e-02
1.3401280e-02
1.3320280e-02
1.2383310e-02
9.7016780e-03
5.9638530e-03
-8.2575600e-04
-6.3810700e-03
-5.5594410e-03
-2.4200000e-03
-2.1181390e-03
-6.7422920e-03
-1.7479000e-02
-2.7229270e-02
-3.0619770e-02
-3.2396660e-02
-2.8568940e-02
-2.0162540e-02
-1.4338140e-02
-7.4979890e-03
-3.1590750e-03
-1.6016560e-03
1.6038410e-03
1.0652950e-02
2.0961460e-02
2.4031200e-02
2.4952170e-02
2.4420910e-02
2.1430680e-02
2.2032940e-02
2.5191620e-02
2.3551780e-02
2.0003710e-02
1.5575090e-02
6.7745010e-03
-2.4000390e-03
-9.9968200e-03
-1.0602360e-02
-1.0196700e-02
-1.5260290e-02
-2.0371720e-02
-2.2503850e-02
-2.1995880e-02
-1.8293580e-02
-1.3890390e-02
-1.1021940e-02
-8.1347450e-03
-2.1600930e-03
4.6218680e-03
8.7370150e-03
1.0738190e-02
1.2309670e-02
1.3079970e-02
1.1473800e-02
6.4182520e-03
1.6872170e-04
-2.9321450e-03
-2.6073920e-03
-1.5234600e-03
-8.2393770e-05
2.9827630e-03
7.5818970e-03
1.3862700e-02
2.1280890e-02
2.9783310e-02
3.5954260e-02
3.9966360e-02
4.4108250e-02
4.7172020e-02
4.9276660e-02
4.9990080e-02
5.0000490e-02
4.7748340e-02
4.4496640e-02
4.1307540e-02
3.8208430e-02
3.3301100e-02
2.7555310e-02
2.3100590e-02
1.9783330e-02
1.7297620e-02
1.0583630e-02
4.7969880e-03
1.7746290e-03
3.6871470e-04
2.1281260e-03
7.6335620e-03
1.3899040e-02
1.7998070e-02
1.8334270e-02
1.5665110e-02
1.4609310e-02
1.7052670e-02
2.1724360e-02
2.6681610e-02
2.7849720e-02
2.6969370e-02
2.6404540e-02
2.6324990e-02
2.6943940e-02
2.8656370e-02
3.1106690e-02
3.3834420e-02
3.6539250e-02
3.8808960e-02
4.1636070e-02
4.3589570e-02
4.3894730e-02
4.1620190e-02
3.9276110e-02
3.7360050e-02
3.6057190e-02
3.5874390e-02
3.6038920e-02
3.5645830e-02
3.4204670e-02
3.0943800e-02
2.8095370e-02
2.7131170e-02
2.6851620e-02
2.7202710e-02
2.5041690e-02
2.0666360e-02
1.4626620e-02
1.1045160e-02
1.0721800e-02
7.7180390e-03
3.9141950e-03
-5.1486300e-04
-8.4679240e-03
-1.3471590e-02
-1.8711860e-02
-2.5022310e-02
-3.1748860e-02
-3.9420580e-02
-4.8944750e-02
-5.7003280e-02
-6.3133510e-02
-6.4191650e-02
-6.3307430e-02
-6.2740750e-02
-5.8348180e-02
-5.3585990e-02
-4.9649150e-02
-4.5427300e-02
-4.1038900e-02
-3.6363720e-02
-2.9192640e-02
-2.2725060e-02
-1.9389810e-02
-1.7165490e-02
-1.5157760e-02
-1.3991050e-02
-1.3050100e-02
-1.1307070e-02
-8.8464030e-03
-5.6299220e-03
-4.3766360e-03
-4.5276760e-03
-4.8953700e-03
-4.4872630e-03
-3.4092910e-03
-2.5644840e-03
-1.6719230e-03
-1.2925640e-03
-1.0906260e-03
1.1184550e-03
-5.5839990e-04
-5.7607920e-04
1.3477590e-03
-1.0407880e-03
-2.9982420e-03
-3.7774420e-03
-6.6215240e-03
-9.9216190e-03
-1.0916690e-02
-1.2313920e-02
-1.5850810e-02
-1.6099900e-02
-1.7246940e-02
-1.8276670e-02
-1.8564300e-02
-2.0371560e-02
-2.1354180e-02
-2.4187850e-02
-2.9034510e-02
-2.8681500e-02
-2.7771990e-02
-2.4203920e-02
-1.9642020e-02
-1.6022560e-02
-1.1578960e-02
-8.5036860e-03
-8.0656990e-03
-5.9999340e-03
-4.2021240e-03
-5.9578600e-03
-7.1640270e-03
-8.5902040e-03
-1.1771060e-02
-1.3715190e-02
-1.4667950e-02
-1.6412610e-02
-1.7800740e-02
-2.0147570e-02
-2.2253620e-02
-2.3579350e-02
-2.3270750e-02
-2.1955440e-02
-1.7073330e-02
-1.4002390e-02
-1.3834090e-02
-1.2596140e-02
-1.2807890e-02
-1.2721590e-02
-8.6413830e-03
-5.3826610e-03
-3.1131930e-03
2.9844520e-03
9.3742750e-03
1.4201360e-02
1.8098700e-02
2.0013010e-02
2.3087960e-02
2.8771780e-02
3.0421820e-02
2.8702940e-02
2.5738270e-02
1.9348330e-02
1.2409730e-02
7.8666810e-03
4.6451140e-03
2.7067620e-03
6.0251070e-04
-4.2091490e-03
-8.1856880e-03
-9.1459060e-03
-8.6670990e-03
-6.0158770e-03
-2.5336000e-03
2.0201140e-03
2.5800860e-03
7.9462360e-04
-1.8991360e-03
-5.4751480e-03
-8.1431450e-03
-9.4053900e-03
-7.7884130e-03
-4.2752770e-03
-2.2452760e-03
1.9402530e-04
2.0913580e-03
2.2849970e-03
3.5577470e-03
5.9676570e-03
9.1088690e-03
1.1471170e-02
1.1164910e-02
8.1158470e-03
3.7426910e-03
5.1413170e-04
-8.9171990e-04
-9.9843990e-04
-2.5917880e-03
-1.7438760e-03
9.5082070e-05
1.2125000e-03
4.2441260e-03
8.9407420e-03
1.3095380e-02
1.6336190e-02
1.8708500e-02
1.8398330e-02
1.7828820e-02
1.6721810e-02
1.4113350e-02
1.4246830e-02
1.2260160e-02
8.3752840e-03
5.2141850e-03
-5.6528790e-04
-8.9871530e-03
-1.3021930e-02
-1.4820870e-02
-1.6910540e-02
-1.9875890e-02
-2.1659460e-02
-1.9224500e-02
-1.7402550e-02
-1.7274130e-02
-1.7873010e-02
-2.0961000e-02
-2.1994280e-02
-2.1563860e-02
-2.0661150e-02
-1.8396450e-02
-1.6073060e-02
-1.1523570e-02
-9.8174710e-03
-8.2795370e-03
-8.4767460e-03
-1.2473790e-02
-1.6225720e-02
-1.9320560e-02
-2.0620820e-02
-1.8274290e-02
-1.4647750e-02
-1.3355460e-02
-1.0892020e-02
-9.6847980e-03
-8.3066200e-03
-7.5719900e-03
-8.6342950e-03
-9.5960780e-03
-1.0545040e-02
-1.2214910e-02
-1.4602760e-02
-1.5864090e-02
-1.8001020e-02
-2.0487060e-02
-2.3026730e-02
-2.6731540e-02
-2.9636580e-02
-3.0257020e-02
-3.0766430e-02
-2.9660150e-02
-2.7019900e-02
-2.4557810e-02
-2.0333870e-02
-1.5712160e-02
-1.0687950e-02
-5.7713720e-03
-1.2681020e-03
1.6269920e-03
3.2742880e-03
4.4019640e-03
5.9501170e-03
4.9245340e-03
1.9245760e-03
1.3435090e-03
1.4593260e-03
2.4070580e-03
1.5300670e-03
-1.3937310e-03
-3.9670520e-03
-4.6338140e-03
-1.6543380e-03
3.1746870e-03
4.6595060e-03
5.9787630e-03
8.2904830e-03
1.1235770e-02
1.4067670e-02
1.6972600e-02
2.0182910e-02
2.4127180e-02
2.7648830e-02
3.0114460e-02
3.2505090e-02
3.4696480e-02
3.6728340e-02
3.9149490e-02
4.1173660e-02
4.3984910e-02
4.6204600e-02
4.7153720e-02
4.5736640e-02
4.1203910e-02
3.5184320e-02
2.8768400e-02
2.2330460e-02
1.7854950e-02
1.4016740e-02
1.0336190e-02
6.6117670e-03
3.3135450e-03
1.0036750e-03
-6.6129440e-04
-1.5161970e-03
-2.4002520e-03
-2.8942260e-03
-3.6718570e-03
-3.6600330e-03
-2.4135970e-03
-2.6646730e-03
-2.9064670e-03
-2.4673360e-03
-2.1900270e-03
-2.0827430e-03
-2.1936500e-03
-1.9022460e-03
-1.8234580e-03
-3.6037240e-03
-5.8858790e-03
-6.2052210e-03
-7.1527130e-03
-7.3739150e-03
-5.2995630e-03
4.0235710e-04
4.7817010e-03
1.0640890e-02
1.5765610e-02
1.7708320e-02
2.0168870e-02
2.2801600e-02
2.5112950e-02
2.7934630e-02
2.9329500e-02
3.0556520e-02
3.1110170e-02
3.0799370e-02
2.9313400e-02
2.8401990e-02
2.7625620e-02
2.5165750e-02
2.1436430e-02
1.8159440e-02
1.1660940e-02
8.4537090e-03
6.3582310e-03
4.5984980e-03
4.1808160e-03
1.5577130e-03
1.7767950e-03
2.7505280e-03
2.0803240e-03
3.4730340e-03
3.2113430e-03
8.1887680e-04
-2.3795610e-03
-3.6298260e-03
-4.8390230e-03
-5.9813150e-03
-7.0490240e-03
-1.1076650e-02
-1.6304770e-02
-1.9625590e-02
-2.3158010e-02
-2.7151730e-02
-3.2889300e-02
-3.5449910e-02
-3.8913810e-02
-4.1363130e-02
-4.1387980e-02
-4.0361560e-02
-3.9289900e-02
-3.8388360e-02
-3.4542240e-02
-2.9293100e-02
-2.4717280e-02
-2.0359300e-02
-1.6758930e-02
-1.3384810e-02
-1.0397700e-02
-8.8051730e-03
-7.1571400e-03
-5.8714520e-03
-4.1169110e-03
-2.0414140e-03
-6.3796680e-04
3.2220200e-04
2.6284430e-03
4.3216470e-03
3.3892930e-03
2.6876380e-03
2.4796020e-03
-2.5589150e-04
-3.0495380e-03
-5.0987090e-03
-9.4343880e-03
-1.2766680e-02
-1.5350290e-02
-1.7540410e-02
-1.8572810e-02
-1.8082310e-02
-1.7401290e-02
-1.3506350e-02
-9.1383200e-03
-7.8352590e-03
-5.6021770e-03
-4.7889840e-03
-5.3831280e-03
-3.0029310e-03
1.4754460e-03
4.3135070e-03
5.9157500e-03
6.0781100e-03
8.4031300e-03
9.5324830e-03
9.8864610e-03
1.0465960e-02
9.2777730e-03
7.8402660e-03
9.2630220e-03
9.6731770e-03
9.5045640e-03
1.0327410e-02
1.1072500e-02
7.4335830e-03
4.3614660e-03
4.1489330e-05
-4.9392360e-03
-7.1607500e-03
-1.0511590e-02
-1.1836070e-02
-1.1219380e-02
-1.2031850e-02
-1.2204810e-02
-1.2684010e-02
-1.4272130e-02
-1.5946360e-02
-1.5121420e-02
-1.2990400e-02
-1.1288370e-02
-8.9326730e-03
-7.1914920e-03
-4.8338050e-03
-8.3827290e-04
1.3394840e-03
3.0622140e-03
4.2533640e-03
5.3523810e-03
6.3192290e-03
6.5735560e-03
6.7705320e-03
6.7830980e-03
6.2967990e-03
3.5395750e-03
2.7950680e-03
1.7236600e-03
-1.0973550e-03
-3.9758810e-03
-5.6140070e-03
-6.3338950e-03
-7.9474460e-03
-7.6888660e-03
-5.5866820e-03
-1.3092120e-03
3.2776420e-03
7.8383020e-03
1.2774830e-02
1.6102570e-02
1.7945220e-02
1.8267490e-02
1.6925150e-02
1.4427360e-02
1.3817580e-02
1.3744290e-02
1.3578390e-02
1.3506500e-02
1.3397250e-02
1.3554590e-02
1.3290780e-02
1.2519370e-02
1.1264490e-02
1.0659290e-02
1.0220090e-02
1.0188550e-02
1.0066200e-02
9.8973800e-03
8.5536460e-03
8.3293980e-03
7.7508550e-03
6.2042610e-03
6.7818300e-03
7.5727950e-03
8.2014760e-03
9.1525440e-03
8.8976050e-03
9.0783530e-03
8.3412350e-03
7.0890280e-03
5.2527340e-03
2.5770220e-03
3.5671880e-04
-1.5452310e-03
-1.0475380e-03
-5.4057430e-04
-8.3153220e-05
1.1401240e-03
2.0160010e-03
2.6744900e-03
5.3259010e-03
7.9711190e-03
1.0608480e-02
1.2595170e-02
1.4984400e-02
1.6260350e-02
1.7393400e-02
1.9484640e-02
2.1457480e-02
2.2266240e-02
2.1498190e-02
2.1937720e-02
2.1906810e-02
2.1350180e-02
2.0772370e-02
2.0444260e-02
2.0824330e-02
2.0854130e-02
2.1020060e-02
2.0351370e-02
1.9557000e-02
1.7120840e-02
1.3019740e-02
1.0752380e-02
9.2572660e-03
8.4993210e-03
9.1062910e-03
1.0084200e-02
1.0226640e-02
1.1244230e-02
1.2104780e-02
1.1246760e-02
1.0364720e-02
1.0034020e-02
1.2460100e-02
1.2830410e-02
1.1311960e-02
1.2624520e-02
1.3866410e-02
1.6323340e-02
1.8669870e-02
2.1142260e-02
2.2795250e-02
2.2379410e-02
2.1333870e-02
2.1013450e-02
1.9495080e-02
1.8821480e-02
1.7549780e-02
1.5489220e-02
1.3910220e-02
1.0617740e-02
8.0813080e-03
7.2588080e-03
8.0644930e-03
9.3543140e-03
1.1452080e-02
1.2970440e-02
1.3954930e-02
1.4202760e-02
1.4253100e-02
1.3840840e-02
1.2201160e-02
1.0873410e-02
1.0955370e-02
1.0903030e-02
1.0423560e-02
1.0033330e-02
9.7307620e-03
9.4277170e-03
9.5332980e-03
8.8865690e-03
7.7440940e-03
5.4402560e-03
2.0391740e-03
-2.0877550e-04
-2.6569390e-03
-4.5852570e-03
-6.5368460e-03
-8.0056540e-03
-9.1458090e-03
-1.0638930e-02
-1.1025480e-02
-1.0288910e-02
-7.4483490e-03
-4.2424890e-03
-1.8388740e-03
1.9080530e-04
2.3450850e-03
3.3738780e-03
2.9407280e-03
1.2764960e-03
-6.4569660e-04
-2.6320380e-03
-4.8546520e-03
-7.2094630e-03
-1.0096210e-02
-1.3505030e-02
-1.6473460e-02
-1.7171450e-02
-1.7366610e-02
-1.5535810e-02
-1.5646620e-02
-1.5089890e-02
-1.4278980e-02
-1.3559960e-02
-1.2577110e-02
-1.2762410e-02
-1.3775860e-02
-1.5657080e-02
-1.7889210e-02
-1.8257090e-02
-1.7465410e-02
-1.6468590e-02
-1.3430650e-02
-1.0941860e-02
-9.8241890e-03
-9.9983720e-03
-9.3612070e-03
-9.0850240e-03
-9.9876250e-03
-1.0275920e-02
-1.0174610e-02
-1.1605230e-02
-1.2733810e-02
-1.2990140e-02
-1.4271610e-02
-1.3982890e-02
-1.2355340e-02
-1.1208700e-02
-1.0210090e-02
-9.8122200e-03
-9.9228010e-03
-1.0324470e-02
-9.6369270e-03
-7.7489600e-03
-6.1041630e-03
-4.9211390e-03
-4.4141780e-03
-4.1920380e-03
-3.8403160e-03
-2.7965270e-03
-7.1685110e-04
-8.7075180e-05
-4.2898070e-04
-1.7105290e-03
-3.7096290e-03
-6.0257220e-03
-8.8470530e-03
-1.1211650e-02
-1.2706820e-02
-1.4721730e-02
-1.8528790e-02
-1.9557100e-02
-1.9263030e-02
-1.8828170e-02
-1.8562130e-02
-2.0385810e-02
-2.1042050e-02
-2.1091360e-02
-2.2487430e-02
-2.2852050e-02
-2.3568900e-02
-2.4959840e-02
-2.4873160e-02
-2.4871210e-02
-2.5920770e-02
-2.6936980e-02
-2.6798610e-02
-2.6179230e-02
-2.5256110e-02
-2.4750880e-02
-2.4389210e-02
-2.3856300e-02
-2.3102450e-02
-2.1814680e-02
-2.0646870e-02
-1.9506520e-02
-1.8346740e-02
-1.7339440e-02
-1.6477950e-02
-1.6583880e-02
-1.7797920e-02
-1.6068310e-02
-1.5107650e-02
-1.3954730e-02
-1.2581050e-02
-1.1958880e-02
-1.0683880e-02
-7.8913550e-03
-5.6842040e-03
-2.5744700e-03
-2.8634560e-04
6.9375740e-04
3.4246010e-03
5.2891260e-03
6.7994140e-03
9.0110440e-03
1.1085490e-02
1.4349500e-02
1.8228990e-02
2.2043620e-02
2.3002500e-02
2.3263050e-02
2.2807590e-02
2.1342620e-02
1.9101550e-02
1.6201030e-02
1.4756350e-02
1.2960440e-02
1.0891210e-02
9.6244760e-03
7.4429490e-03
3.7380610e-03
2.2948280e-03
1.0973230e-03
-1.7989120e-03
-2.0176890e-03
-1.1949630e-03
-1.1686870e-04
1.0258460e-03
4.0330710e-04
-5.6380540e-04
1.2737730e-03
1.8040850e-03
1.4406000e-03
6.5586570e-04
-8.5123600e-04
-2.2084390e-03
-3.5880520e-03
-4.5806750e-03
-5.2820850e-03
-6.0762060e-03
-6.6822560e-03
-7.2921840e-03
-7.5046300e-03
-8.4001690e-03
-8.6689830e-03
-9.7211990e-03
-1.0458430e-02
-9.9910710e-03
-9.8616520e-03
-1.0273360e-02
-1.1001190e-02
-1.2152100e-02
-1.3351600e-02
-1.5088550e-02
-1.4698910e-02
-1.3735160e-02
-1.3120640e-02
-1.2009200e-02
