0.01
-1.1758060e-03
-8.6121860e-04
4.2754450e-04
4.4150320e-04
5.6718250e-04
1.8059240e-03
2.4862100e-03
2.4535460e-03
2.5632010e-03
2.6308860e-03
2.6426390e-03
2.5995710e-03
2.7014620e-03
2.9696060e-03
1.5374850e-03
-2.2199780e-03
-5.6524420e-03
-7.3371550e-03
-6.9393500e-03
-5.9994020e-03
-5.2259790e-03
-1.2559770e-03
3.2327290e-03
5.1487120e-03
8.3185930e-03
1.0198320e-02
1.1934890e-02
7.4760990e-03
2.8203540e-04
-2.9713390e-03
-5.6895330e-03
-7.9052820e-03
-1.0503340e-02
-1.0930070e-02
-8.6809620e-03
-8.1790350e-03
-5.8257080e-03
-1.8806570e-03
1.6741900e-03
2.8659050e-03
5.1391280e-03
4.1010220e-03
1.0891450e-05
-2.3522310e-03
-3.6135010e-03
-3.5732280e-03
-1.4667070e-03
1.4075940e-03
2.9856800e-03
1.3431060e-03
-6.7415290e-04
-1.2940390e-03
-5.3515990e-03
-1.0299250e-02
-1.2685670e-02
-1.4069230e-02
-1.0216040e-02
-2.6671730e-03
7.9137460e-04
2.5199200e-03
1.4831820e-03
7.2532210e-04
6.6973580e-04
1.3595980e-03
2.8653170e-03
2.8310330e-03
2.9047530e-03
2.7449440e-03
3.3071200e-03
5.8525790e-03
7.3578760e-03
7.2779260e-03
7.4580300e-03
7.4837060e-03
7.4469860e-03
7.5915770e-03
7.3786810e-03
5.8119740e-03
5.7083000e-03
6.1096390e-03
3.2739420e-03
2.2069910e-03
-2.1724840e-03
-5.7563570e-03
-4.0554110e-03
1.5008950e-03
8.5203050e-03
1.1393240e-02
8.5249370e-03
3.6350580e-03
-1.8111690e-03
-6.0594980e-03
-5.4503120e-03
-1.6088230e-03
1.7323230e-03
2.0352700e-03
-3.9428170e-05
-3.6303580e-03
-6.1530040e-03
-6.5415750e-03
-1.0418370e-02
-1.1107420e-02
-7.9144170e-03
-2.7627630e-03
9.6504930e-04
1.7687540e-03
2.5671000e-03
4.6730610e-03
3.9973090e-03
3.4905540e-04
-3.8778420e-03
-7.4821100e-03
-6.8711230e-03
-7.1100940e-03
-6.2693480e-03
-2.4313370e-03
1.5434830e-03
6.1884940e-03
7.2863240e-03
4.7700120e-03
2.9765520e-03
-3.0832400e-03
-9.7347630e-03
-1.0793850e-02
-9.1430960e-03
-4.8509710e-03
3.2802200e-03
9.2391400e-03
1.2645760e-02
1.6179130e-02
1.7024830e-02
1.0661380e-02
-5.7222170e-04
-9.2666590e-03
-8.5748810e-03
-6.6893230e-03
-4.5831090e-03
-1.7914940e-03
9.4970740e-04
1.9827450e-03
5.8555480e-04
-3.4508460e-03
-3.8752670e-03
-2.8387960e-03
-8.8588790e-04
3.0884040e-03
3.6341650e-03
3.6892600e-03
3.8802590e-03
4.2355680e-03
3.3506600e-03
-7.9163990e-04
-2.6631090e-03
-2.9937610e-03
-3.2345250e-03
1.5380210e-04
6.1307300e-03
1.2402930e-02
1.5451390e-02
1.5995630e-02
1.3820580e-02
8.5297240e-03
-1.1075720e-03
-6.9355600e-03
-8.4819050e-03
-7.6556720e-03
-3.8560750e-03
-2.2177760e-04
1.3022670e-03
3.0221520e-03
3.1563120e-03
3.3349010e-03
2.7644980e-03
1.7582620e-03
3.1391330e-03
2.9949470e-03
3.1101820e-03
3.2444810e-03
5.9710510e-04
-4.6814080e-03
-8.1626110e-03
-8.2526970e-03
-6.9200360e-03
-4.6721860e-03
-4.1403490e-03
-4.8639590e-03
-7.3886550e-03
-8.8491660e-03
-7.2363910e-03
4.6610570e-04
1.2699750e-02
2.0958530e-02
2.1836900e-02
1.5896920e-02
3.5576730e-03
-6.4062830e-03
-1.6219960e-02
-1.9227550e-02
-1.2966530e-02
-3.7531020e-03
4.8038990e-03
4.8610620e-03
1.2167930e-03
3.2586380e-04
2.8935410e-04
-5.7668800e-05
-3.1972720e-04
3.5588270e-04
3.0848560e-03
6.6183770e-03
8.9258390e-03
1.2408750e-02
1.3814180e-02
1.2197330e-02
4.4750590e-03
-3.1497930e-03
-5.7815680e-03
-4.9494200e-03
-5.1703120e-03
-5.2898890e-03
-5.1632920e-03
-5.1450190e-03
-5.3976540e-03
-5.0118610e-03
-1.7230010e-03
3.6635230e-03
8.6164290e-03
1.0589320e-02
1.0104860e-02
4.5744510e-03
-3.2234440e-03
-7.1846890e-03
-8.8239050e-03
-1.0123620e-02
-1.0483570e-02
-8.5401030e-03
-5.6612760e-03
-6.0845540e-03
-5.8903790e-03
-3.4161480e-03
2.3361110e-03
1.0483860e-02
1.5608310e-02
1.4630620e-02
1.3081160e-02
1.2695850e-02
5.1994020e-03
-1.1976530e-02
-2.8194290e-02
-3.5911430e-02
-4.2167440e-02
-4.4168320e-02
-3.8548960e-02
-2.8102570e-02
-1.8351040e-02
-1.4497790e-02
-1.5106130e-02
-1.7908720e-02
-1.6988070e-02
-1.4229230e-02
-7.9866710e-03
-3.1527860e-03
-2.5995980e-03
-2.2767210e-03
-1.7548080e-03
-2.1747600e-03
-6.0132330e-03
-9.1517280e-03
-1.1001610e-02
-1.1296020e-02
-1.1221870e-02
-1.1755800e-02
-1.5676480e-02
-1.9385710e-02
-2.2705790e-02
-2.4505360e-02
-2.3793710e-02
-1.5612790e-02
-6.6869110e-03
2.1481130e-03
7.5725200e-03
1.0760070e-02
1.4396140e-02
1.5816790e-02
1.4425840e-02
1.0551450e-02
5.7645550e-03
-8.5433800e-04
-8.7335720e-03
-1.5491240e-02
-1.5481590e-02
-1.3183000e-02
-1.2544810e-02
-1.4311050e-02
-1.4988430e-02
-1.3401140e-02
-9.1248410e-03
-8.1978030e-03
-1.1277670e-02
-1.2792950e-02
-1.0983810e-02
-5.2114450e-03
1.3365030e-03
1.0708730e-02
1.4414390e-02
1.2380600e-02
6.1966220e-03
-2.4607930e-03
-5.2774710e-03
-2.4167540e-03
2.6494630e-03
6.9091210e-03
7.0625310e-03
2.7577910e-03
-4.4276870e-03
-8.9689430e-03
-3.6895250e-03
6.4821420e-03
1.9980650e-02
3.6178240e-02
5.0104200e-02
5.5378790e-02
4.6419500e-02
3.5215360e-02
2.3412540e-02
1.6500400e-02
1.1572080e-02
8.1519770e-03
7.5011290e-03
7.2791710e-03
8.3501290e-03
9.2990380e-03
9.3547830e-03
9.9214400e-03
7.6524910e-03
3.8080050e-03
1.1371870e-02
2.9556970e-02
4.6188180e-02
5.8619090e-02
6.2117270e-02
5.7310260e-02
4.8194570e-02
4.0861370e-02
3.5506590e-02
2.5909560e-02
1.0298060e-02
-4.4785510e-03
-1.3073700e-02
-1.7754830e-02
-2.0700710e-02
-2.1357080e-02
-1.8959450e-02
-1.5600030e-02
-1.3317780e-02
-4.4685030e-03
1.0302480e-02
2.1733350e-02
2.8035240e-02
3.1021100e-02
3.5408550e-02
3.8029610e-02
3.8342150e-02
3.7392240e-02
3.4564280e-02
3.2186920e-02
3.1656930e-02
2.8164000e-02
1.3877200e-02
-1.7406330e-02
-5.8625350e-02
-8.7090270e-02
-9.0959410e-02
-7.9828250e-02
-5.9407380e-02
1.3138110e-02
6.8339050e-02
7.9980830e-02
9.3124540e-02
9.3573000e-02
8.1230600e-02
5.5854950e-02
1.6670640e-02
-2.1295540e-02
-3.9229570e-02
-4.3539030e-02
-4.0646010e-02
-4.1696800e-02
-5.0491590e-02
-5.6724000e-02
-5.4949270e-02
-4.8473290e-02
-4.5006030e-02
-4.6484780e-02
-4.1805130e-02
-2.9396090e-02
-1.6035970e-02
4.1920480e-04
2.2055330e-02
3.9707640e-02
4.8351430e-02
4.5855130e-02
3.5811560e-02
1.9971960e-02
5.6095810e-03
-1.1192310e-02
-3.4581790e-02
-5.8189570e-02
-7.4767890e-02
-7.9196080e-02
-5.7353590e-02
-1.1713510e-02
2.1047070e-02
3.1727730e-02
3.6583610e-02
3.3086700e-02
3.2387050e-02
2.9788300e-02
2.6039380e-02
2.2017380e-02
1.5797890e-02
7.6763480e-03
9.5047490e-05
-5.6285840e-03
-6.3694570e-03
-4.3211540e-03
-2.7853700e-02
-9.2533840e-02
-1.2232050e-01
-1.3417550e-01
-1.3828880e-01
-1.3212620e-01
-1.1431970e-01
-7.1130180e-02
-2.3607050e-02
1.4329560e-02
3.4945430e-02
3.9029820e-02
3.4294130e-02
2.7778990e-02
1.9977210e-02
1.9185400e-02
3.0979840e-02
6.2166980e-02
9.7980180e-02
1.2667580e-01
1.4407570e-01
1.5141630e-01
1.3658030e-01
7.0056430e-02
1.7994140e-02
4.2463880e-03
-2.4203460e-02
-5.5148590e-02
-6.8999080e-02
-7.3852680e-02
-7.2966960e-02
-7.2294770e-02
-7.5320520e-02
-7.9197530e-02
-8.0423430e-02
-7.1579090e-02
-5.4179890e-02
-3.4181260e-02
-1.1304870e-02
5.3283690e-02
1.3350740e-01
1.9005270e-01
2.0358800e-01
2.0597340e-01
2.0685410e-01
1.8371180e-01
7.4401340e-02
-8.1229830e-03
-4.3776110e-02
-9.2863140e-02
-1.2264960e-01
-1.2730460e-01
-1.1899090e-01
-1.0734990e-01
-9.2763770e-02
-7.6977410e-02
-6.0709820e-02
-4.2396160e-02
-2.9721270e-02
-1.2689490e-02
4.8692430e-03
9.6250920e-03
2.4534280e-03
-3.4851420e-03
-9.8324200e-03
-1.8595440e-02
-2.4304320e-02
-2.5416490e-02
-2.6444820e-02
-2.4067670e-02
-1.4093850e-02
-8.8670130e-04
9.3356400e-03
1.9597970e-02
2.7539230e-02
3.1303390e-02
3.2032270e-02
2.5941130e-02
1.1797770e-02
2.8113500e-03
1.8040010e-03
2.4563860e-03
1.4995200e-05
-2.4987880e-03
-2.3680660e-03
-2.0986730e-03
-1.2627400e-02
-4.5383190e-02
-7.3181950e-02
-8.1026860e-02
-8.2405340e-02
-8.3226540e-02
-7.8250880e-02
-6.6395020e-02
-5.1010670e-02
-3.7287440e-02
-2.2394150e-02
1.2515200e-03
1.8973060e-02
2.3812120e-02
2.7597050e-02
3.4387810e-02
5.4498370e-02
7.5276350e-02
8.1733000e-02
8.2161380e-02
6.8959960e-02
4.0978110e-02
5.0843450e-03
-4.1106520e-02
-7.9751770e-02
-9.3665120e-02
-9.5442730e-02
-8.6397850e-02
-6.3570650e-02
-4.2944630e-02
-2.5616320e-02
5.9497690e-03
4.4935410e-02
6.0460570e-02
6.1031470e-02
6.0740830e-02
6.0960400e-02
6.0711290e-02
5.9914860e-02
5.6829460e-02
4.4927300e-02
1.7156720e-02
-1.8394190e-02
-5.1446430e-02
-6.7689100e-02
-7.0767820e-02
-6.4308220e-02
-4.1623810e-02
-9.8639260e-03
1.8393930e-02
4.5543080e-02
7.4229380e-02
1.0086870e-01
1.1497970e-01
1.2049930e-01
1.2052040e-01
1.1095720e-01
9.7820870e-02
8.5418980e-02
6.7719860e-02
4.1529070e-02
4.2208230e-03
-4.1629590e-02
-8.7342230e-02
-1.0409570e-01
-1.0067560e-01
-8.1814390e-02
-4.7545710e-02
-4.9997420e-03
3.9144760e-02
7.8414570e-02
1.0880600e-01
1.1702310e-01
1.1602090e-01
1.0969340e-01
8.9136590e-02
5.2230430e-02
1.5624970e-02
-1.6923260e-02
-4.6995730e-02
-7.6910800e-02
-9.5465230e-02
-1.0357770e-01
-1.0397570e-01
-8.9144820e-02
-6.7225690e-02
-5.5467550e-02
-5.0787700e-02
-4.1207100e-02
-2.8155750e-02
-1.9937750e-02
-2.0363010e-02
-2.6842000e-02
-4.0231500e-02
-5.9731030e-02
-7.5079530e-02
-8.0043990e-02
-8.0099120e-02
-8.0587190e-02
-7.6723450e-02
-5.5177190e-02
-2.2053060e-02
1.1078080e-03
1.5259640e-02
3.6588840e-02
7.4007920e-02
1.1279730e-01
1.3860320e-01
1.4981000e-01
1.2489590e-01
5.9220730e-02
-6.2562630e-03
-3.8896130e-02
-4.4057090e-02
-4.5276130e-02
-4.1686480e-02
-3.2498440e-02
-2.0530650e-02
-1.1962000e-02
-3.4105270e-03
4.4675530e-03
9.3072750e-03
1.2224220e-02
1.3579000e-02
1.3747540e-02
1.3800240e-02
1.3961970e-02
1.4254140e-02
1.1442570e-02
3.5307450e-03
-5.4040120e-03
-7.4715990e-03
-5.5189750e-03
-3.3055520e-03
-7.9339170e-04
1.1340490e-04
-5.6001250e-05
3.2393760e-04
6.3736750e-03
1.8788780e-02
2.9828490e-02
3.5900080e-02
3.8341820e-02
3.6275570e-02
2.4379470e-02
-7.5219350e-03
-3.8739900e-02
-4.8187600e-02
-4.9413100e-02
-4.0574050e-02
-1.8465460e-02
-2.0604280e-03
2.9914720e-03
7.2398090e-03
1.5294100e-02
2.4476430e-02
3.1110600e-02
3.6268310e-02
3.2027940e-02
1.6546060e-02
-5.9287710e-03
-2.5460620e-02
-3.7227640e-02
-4.1494110e-02
-4.2162620e-02
-4.0244270e-02
-3.6395360e-02
-2.9879660e-02
-2.1086810e-02
-6.7263670e-03
7.5941320e-03
1.7761880e-02
2.1341890e-02
3.0046350e-02
5.1165680e-02
7.3996540e-02
7.4545200e-02
4.4754110e-02
1.6242980e-02
5.8460030e-03
5.9298320e-03
7.9092530e-03
7.6551220e-03
6.3081590e-03
7.0332290e-03
1.7426670e-02
3.8670840e-02
6.2153710e-02
8.0227810e-02
8.9129900e-02
8.1337930e-02
5.9142490e-02
2.3577910e-02
-1.3775810e-02
-5.2495220e-02
-9.2434760e-02
-1.2244510e-01
-1.2893610e-01
-1.1541830e-01
-9.5995990e-02
-7.6508430e-02
-5.8091830e-02
-3.0329020e-02
-3.4304800e-03
1.7561530e-02
3.0391620e-02
2.9859080e-02
1.6287270e-02
1.3789500e-04
-1.1481200e-02
-1.1051800e-02
-8.2162360e-03
-6.7407530e-03
-4.6443510e-03
-3.3563040e-03
-1.0210670e-02
-8.6673280e-03
2.1405030e-02
4.4987080e-02
4.5900080e-02
4.4475290e-02
4.7163130e-02
4.9747800e-02
4.8673200e-02
3.9537800e-02
1.9141270e-02
-3.7098750e-03
-2.2445960e-02
-3.2401750e-02
-3.3384440e-02
-2.8245560e-02
-2.2198300e-02
-1.4285390e-02
-8.8142060e-03
-4.7024710e-03
-9.7014940e-04
8.9243230e-03
2.5638840e-02
3.9277300e-02
4.8310030e-02
5.2126880e-02
5.4474820e-02
5.4410210e-02
5.1330300e-02
4.1919860e-02
2.0387540e-02
-9.6918680e-03
-3.4331260e-02
-4.6397570e-02
-4.2508890e-02
-3.0859370e-02
-2.0901440e-02
-1.1064250e-02
-4.5719630e-03
6.7743630e-05
5.4141140e-04
-2.5268230e-03
-1.1332300e-02
-1.9099350e-02
-2.2476500e-02
-2.2881640e-02
-2.5155900e-02
-2.7400020e-02
-2.8451140e-02
-3.0366370e-02
-2.9355440e-02
-2.5444810e-02
-2.0088710e-02
-1.2507390e-02
-5.0804990e-03
5.8795990e-04
4.9562130e-03
7.8641700e-03
1.0527760e-02
1.3740200e-02
1.9803180e-02
2.6762740e-02
3.1928730e-02
3.2996410e-02
2.6373220e-02
7.9224590e-03
-8.2155460e-03
-1.2211510e-02
-1.3572070e-02
-1.3687170e-02
-9.5999810e-03
-7.5446960e-03
-7.4947150e-03
-6.3708800e-03
-1.6189890e-03
1.1586260e-02
2.6878340e-02
3.4502060e-02
3.8312610e-02
3.7779460e-02
2.8581310e-02
8.4748550e-03
-1.3851540e-02
-3.5485590e-02
-5.7799890e-02
-7.4246530e-02
-8.1100810e-02
-8.2121130e-02
-7.6938840e-02
-5.9291820e-02
-3.0118120e-02
-2.4905670e-03
1.3026180e-02
2.1455540e-02
2.4580730e-02
2.3863810e-02
2.1113110e-02
1.6937110e-02
1.3449150e-02
8.3047270e-03
5.9414030e-04
-8.8668290e-03
-1.8607840e-02
-2.6721190e-02
-3.2895610e-02
-3.7751380e-02
-3.7903340e-02
-3.3755280e-02
-2.6259730e-02
-1.5898400e-02
-5.9360460e-03
1.2059610e-03
5.1857030e-03
6.3096730e-03
6.8773970e-03
6.3382140e-03
2.6971430e-03
-1.2537850e-03
-3.8689890e-03
-6.0738770e-03
-8.0142410e-03
-1.2040430e-02
-1.4858920e-02
-1.8953390e-02
-2.0932780e-02
-2.0252930e-02
-1.4558830e-02
-4.4161500e-03
1.0342990e-02
2.5715560e-02
3.4537580e-02
3.8170840e-02
3.7153470e-02
3.3823310e-02
3.0133380e-02
1.9953470e-02
5.9649830e-03
-1.7033360e-03
-3.1615380e-03
1.4850410e-03
9.2807820e-03
1.6864160e-02
1.9718070e-02
1.5331660e-02
5.9154280e-03
-2.8357420e-03
-6.0752440e-03
-6.6036070e-03
-7.3681720e-03
-5.3721050e-03
-1.4308090e-03
1.4153490e-03
5.5411590e-03
6.6580180e-03
6.2432970e-03
2.2763860e-03
-4.0102480e-03
-6.8194450e-03
-1.0504290e-02
-1.5174260e-02
-2.3117950e-02
-3.0044270e-02
-3.2137720e-02
-2.5942140e-02
-1.2768800e-02
1.2896370e-03
8.6489970e-03
1.1975050e-02
1.5054140e-02
1.6090080e-02
1.8630620e-02
2.1590530e-02
2.1742210e-02
1.7348700e-02
1.0238410e-02
2.2340320e-03
-4.9326150e-03
-1.0681380e-02
-1.6366420e-02
-1.8690540e-02
-1.5061810e-02
-3.4418230e-03
1.0621800e-02
2.4358450e-02
3.3381320e-02
3.5919990e-02
3.3841200e-02
2.8150650e-02
2.1474870e-02
1.7634820e-02
1.4624540e-02
1.2225340e-02
1.0821180e-02
9.2206360e-03
1.0449800e-02
1.1110940e-02
1.1904300e-02
1.5198950e-02
1.6198920e-02
1.9976510e-02
2.5620980e-02
2.9156070e-02
2.7102700e-02
1.8588730e-02
6.7430490e-03
-2.6926490e-03
-9.1030120e-03
-1.1342060e-02
-1.1339240e-02
-7.1352270e-03
-2.9794600e-03
-2.6454530e-03
4.4241110e-04
-1.3685610e-03
-3.8952070e-03
-1.1320720e-02
-1.9366520e-02
-2.4477160e-02
-2.2983470e-02
-1.2994700e-02
1.4804120e-03
1.5002400e-02
2.4122690e-02
2.8236180e-02
3.4083350e-02
3.8311410e-02
3.5157220e-02
2.2282090e-02
5.9772550e-04
-1.6660400e-02
-2.6033960e-02
-3.1198470e-02
-3.2268090e-02
-3.1264060e-02
-2.8337390e-02
-2.6502900e-02
-2.8493640e-02
-3.0872330e-02
-3.2466140e-02
-3.3833740e-02
-3.2737890e-02
-3.0632530e-02
-2.7161630e-02
-1.6182400e-02
6.8788630e-05
1.3934030e-02
2.3206240e-02
2.8500720e-02
2.9767030e-02
2.6788720e-02
1.8809770e-02
7.4320940e-03
-7.0000450e-03
-2.0817210e-02
-2.7494890e-02
-3.0756250e-02
-3.0925630e-02
-2.5751280e-02
-1.5151120e-02
-3.9488600e-03
4.4016630e-03
1.1128390e-02
1.3066390e-02
1.3641990e-02
1.3096150e-02
1.0485840e-02
9.2769960e-03
9.3665680e-03
9.0212320e-03
8.8064860e-03
1.0831220e-02
1.3479690e-02
1.3606560e-02
1.5559340e-02
1.3373280e-02
7.9618940e-03
4.6624990e-03
6.2198600e-03
9.9822800e-03
1.3484560e-02
1.7271700e-02
1.9747470e-02
2.0667680e-02
1.8617850e-02
1.4739860e-02
2.4600830e-03
-9.6378010e-03
-1.6915570e-02
-1.8818230e-02
-1.8620870e-02
-1.8144230e-02
-1.4765530e-02
-1.3552700e-02
-1.1368690e-02
-6.8748440e-03
4.1454140e-03
1.5186260e-02
2.1164210e-02
2.2283630e-02
2.3278450e-02
1.9563380e-02
1.0708530e-02
5.4024430e-03
1.5492480e-03
-1.9391680e-03
-5.0586140e-03
-8.5918240e-03
-8.9886290e-03
-9.3616510e-03
-9.4136140e-03
-7.1908040e-03
-4.8608530e-03
-6.8163700e-04
3.6101470e-03
4.1673980e-03
4.3584850e-03
3.1810700e-03
2.2868210e-03
2.2376370e-03
2.8889460e-03
4.3585900e-03
5.6134460e-03
7.0642120e-03
6.0478320e-03
2.9107850e-03
2.8265790e-03
4.6783580e-04
-3.6706260e-03
-6.0753910e-03
-8.8931490e-03
-1.1876850e-02
-1.3606280e-02
-1.3682250e-02
-1.4143610e-02
-1.3444850e-02
-1.0082430e-02
-8.0596270e-03
-5.3810180e-03
-9.3975310e-04
9.2532100e-03
1.6781920e-02
2.0385340e-02
2.2645130e-02
2.2123660e-02
1.9369000e-02
1.1109870e-02
-2.7859670e-04
-1.1952760e-02
-1.9446770e-02
-2.2322790e-02
-2.1054460e-02
-1.8758980e-02
-1.5960160e-02
-1.4136130e-02
-1.5085400e-02
-1.6308780e-02
-1.7973590e-02
-1.7802590e-02
-1.6272560e-02
-1.6185420e-02
-1.6203210e-02
-1.8006180e-02
-2.0034060e-02
-2.1121570e-02
-2.3766170e-02
-2.4217620e-02
-2.3050100e-02
-1.9412700e-02
-1.1371590e-02
-9.1516170e-04
8.8388780e-03
1.5672940e-02
1.9548250e-02
2.0712830e-02
2.0293020e-02
1.7895410e-02
1.6550650e-02
1.6250360e-02
1.6664880e-02
2.0627230e-02
2.3608290e-02
2.5205890e-02
2.5442580e-02
2.5579320e-02
2.3695550e-02
2.0270510e-02
1.5959280e-02
1.3546040e-02
1.1931680e-02
8.3882630e-03
4.7380620e-03
-3.7473220e-04
-5.6682300e-03
-9.7772570e-03
-1.4464990e-02
-1.9104820e-02
-2.1598230e-02
-2.4118830e-02
-2.1777130e-02
-1.9202270e-02
-1.5043480e-02
-1.1236100e-02
-7.2365980e-03
-3.2831430e-03
4.7746670e-03
1.2289480e-02
1.7747490e-02
1.9392300e-02
1.4894090e-02
9.9905970e-03
6.4062100e-03
3.2230740e-03
-7.9046270e-04
-3.3764820e-03
-5.6028770e-03
-2.9714720e-03
-4.4585320e-04
3.6575890e-03
7.8271130e-03
1.1614830e-02
9.5003100e-03
4.3774010e-03
-5.5148260e-04
-5.9737890e-03
-1.1650630e-02
-1.6181180e-02
-1.8900250e-02
-2.0609000e-02
-1.9872970e-02
-1.3353240e-02
-4.7148660e-03
5.0389480e-03
1.2903730e-02
1.5691340e-02
1.6161410e-02
1.6676850e-02
1.5651760e-02
1.4262080e-02
1.4475850e-02
1.3983550e-02
1.2565880e-02
1.0748780e-02
5.5965180e-03
3.6056240e-04
-5.2800710e-03
-9.7871280e-03
-1.0862030e-02
-1.1359800e-02
-7.6689280e-03
-1.1751730e-03
3.4546250e-03
7.6712570e-03
1.1556710e-02
1.0592400e-02
8.3931690e-03
7.3886980e-03
5.4786520e-03
5.9562850e-03
7.3235270e-03
7.0739020e-03
9.0204210e-03
1.1759680e-02
1.0853470e-02
7.0758300e-03
3.7729570e-03
-1.8383010e-03
-9.2004470e-03
-1.4330990e-02
-1.5143580e-02
-1.5338810e-02
-1.5832610e-02
-1.8475610e-02
-2.0690550e-02
-2.4246130e-02
-2.4178510e-02
-2.0845180e-02
-1.5532060e-02
-8.5725320e-03
-2.9633370e-03
3.8257810e-04
2.4152740e-03
2.6197520e-03
3.0133070e-03
2.7406110e-03
2.9237410e-04
-1.2517820e-03
-1.4975000e-03
-4.3890930e-03
-5.9406330e-03
-6.7350210e-03
-1.1063350e-02
-1.3143370e-02
-1.2987430e-02
-1.0388760e-02
-6.9889010e-03
-1.5108870e-03
5.4605600e-03
1.0916570e-02
1.6646290e-02
2.0544160e-02
2.0192320e-02
1.7525550e-02
1.6005870e-02
9.1763070e-03
-5.6149990e-04
-6.7654930e-03
-7.8576100e-03
-8.6296360e-03
-7.8380700e-03
-5.0694370e-03
-3.9135490e-03
-4.9432980e-03
-8.1239630e-03
-8.3769310e-03
-8.4563220e-03
-7.4780160e-03
-4.4471100e-03
2.9054980e-03
1.0353440e-02
1.3613820e-02
1.4205530e-02
1.4792260e-02
9.6952550e-03
7.9358460e-04
-3.7892890e-03
-5.5609880e-03
-7.5153860e-03
-8.8871130e-03
-7.5677320e-03
-3.6910210e-03
-2.3258810e-03
7.0639780e-04
6.0706440e-03
7.1695450e-03
7.4159550e-03
7.0764910e-03
4.4933660e-03
-1.0884670e-03
-7.5429210e-03
-1.1801730e-02
-1.2714600e-02
-1.3335420e-02
-1.1869910e-02
-7.7203120e-03
-6.5475610e-03
-6.5575870e-03
-6.3420920e-03
-5.3617420e-03
-3.7152780e-03
-8.6677020e-04
1.0182320e-03
6.0149270e-03
1.0573210e-02
1.1837520e-02
1.0582460e-02
7.8547780e-03
2.8893310e-03
-1.6870790e-03
-4.4645920e-03
-5.9133980e-03
-6.1970450e-03
-5.7506470e-03
-4.1782480e-03
-3.9439570e-03
-3.8368260e-03
-5.6427530e-03
-8.1102990e-03
-7.6529720e-03
-6.2696400e-03
-6.4693310e-03
-4.9077250e-03
-2.1098660e-03
3.7457450e-04
2.9828280e-03
6.7719410e-03
1.0832850e-02
1.3625060e-02
1.6409230e-02
1.6281250e-02
1.3830880e-02
1.2755880e-02
1.2410180e-02
9.0716830e-03
7.5177120e-03
5.7659830e-03
5.4827390e-03
6.7855380e-03
7.5741990e-03
5.9030430e-03
4.9062660e-03
3.4628180e-03
3.3384530e-03
1.8210450e-03
5.6334230e-04
1.5937180e-03
5.5205410e-03
8.1962350e-03
9.9444430e-03
9.9236750e-03
6.0859110e-03
8.0536300e-04
-3.3729330e-03
-7.5751800e-03
-1.3135910e-02
-1.4927770e-02
-1.5010110e-02
-1.5381870e-02
-1.5543840e-02
-1.4297630e-02
-1.1592950e-02
-8.8645530e-03
-6.6957390e-03
-6.3438820e-03
-6.1749390e-03
-6.0747190e-03
-6.1011470e-03
-6.1039820e-03
-5.9725910e-03
-6.1734260e-03
-7.1327190e-03
-5.6583480e-03
-3.4697290e-03
9.5318900e-04
4.4452930e-03
7.0725780e-03
1.1293890e-02
1.0298320e-02
8.4030120e-03
6.9697640e-03
3.0384310e-03
-9.7827990e-04
-6.6112970e-03
-9.3889020e-03
-8.5000190e-03
-7.9930080e-03
-4.3703730e-03
7.6425550e-04
4.4728930e-03
9.5915090e-03
1.3731810e-02
1.5193050e-02
1.7057460e-02
1.6856480e-02
1.5433000e-02
1.4664120e-02
1.2249810e-02
8.7075540e-03
5.7652180e-03
2.5717020e-03
9.8328360e-04
2.3243340e-03
5.0041530e-03
7.4938720e-03
1.2792900e-02
1.4706810e-02
1.6073230e-02
1.5336450e-02
1.3024280e-02
8.0151600e-03
6.1931130e-03
1.4497210e-03
-5.9134540e-03
-1.0424130e-02
-1.3507230e-02
-1.6227930e-02
-1.5838880e-02
-1.4561950e-02
-9.9867300e-03
-4.7641510e-03
6.4999780e-04
5.9673280e-03
9.6371190e-03
1.2047220e-02
1.1579310e-02
9.3586780e-03
6.7576560e-03
1.8851950e-03
-2.3209880e-03
-3.6245200e-03
-7.4519750e-03
-1.0620780e-02
-1.1683410e-02
-1.0890930e-02
-1.0818890e-02
-1.0016700e-02
-7.3359260e-03
-4.9250680e-03
-1.9148390e-03
2.5715150e-03
5.4792590e-03
8.3537090e-03
1.1442350e-02
1.2033530e-02
8.9864660e-03
7.1296260e-03
3.1406690e-03
3.8602040e-04
-2.5373390e-03
-5.1600460e-03
-5.7338100e-03
-5.8655630e-03
-5.9291820e-03
-5.9916750e-03
-6.2693360e-03
-5.2868720e-03
-2.0879820e-03
-1.8326510e-03
5.6339370e-04
3.0691430e-03
3.1572900e-03
5.1500680e-03
5.6063290e-03
4.7973310e-03
3.1478720e-03
6.0277700e-04
-1.3324900e-03
-5.9605230e-03
-1.1603840e-02
-1.4694420e-02
-1.5052860e-02
-1.4921770e-02
-1.1219760e-02
-8.4426680e-03
-4.7562520e-03
-3.7124820e-04
1.9569020e-03
3.1149940e-03
5.6694020e-03
7.6619670e-03
7.8006850e-03
6.6631340e-03
3.6620010e-03
-1.1954320e-04
-1.6757170e-03
-3.4250200e-03
-2.5929940e-03
-1.0759260e-03
1.9530840e-03
3.3758910e-03
6.0767510e-03
7.8267210e-03
6.5246800e-03
3.8929570e-03
-6.9890240e-04
-6.1671470e-03
-1.1463450e-02
-1.4883050e-02
-1.7815000e-02
-1.7718670e-02
-1.5417520e-02
-1.2056410e-02
-5.9148590e-03
-2.0100800e-03
1.7635840e-03
6.7065540e-03
7.3530700e-03
7.7916990e-03
7.8794630e-03
4.9138070e-03
1.5824350e-03
-1.7593780e-03
-5.4282720e-03
-5.9296240e-03
-5.7820860e-03
-3.1631380e-03
-1.2055490e-03
3.6287000e-03
7.0391030e-03
8.4159190e-03
1.1492700e-02
1.1947780e-02
1.0329150e-02
9.5348760e-03
7.8720490e-03
5.4060430e-03
3.2156510e-03
1.0599590e-03
-1.1446890e-03
-1.3677700e-03
-1.5520670e-03
-1.6454930e-03
-1.4243040e-03
-1.9917640e-03
-4.5634660e-03
-5.8804250e-03
-6.1926900e-03
-9.3426700e-03
-1.0951530e-02
-1.3317010e-02
-1.5382150e-02
-1.5457190e-02
-1.3979960e-02
-1.1826010e-02
-1.0376320e-02
-7.1210390e-03
-4.7342640e-03
-2.1858370e-03
-1.7378390e-03
1.7042070e-03
3.1101610e-03
5.6922140e-03
7.2983710e-03
7.2719660e-03
7.4348020e-03
7.4632520e-03
7.3982630e-03
7.5495710e-03
7.5374080e-03
5.6033160e-03
3.3807950e-03
3.3690550e-03
1.3831010e-03
-2.9060630e-03
-4.9785040e-03
-6.7333600e-03
-9.7574860e-03
-8.8022240e-03
-9.0029740e-03
-7.8383420e-03
-3.5016070e-03
1.8698620e-03
7.2654090e-03
1.0951680e-02
1.3584840e-02
1.6355960e-02
1.6282530e-02
1.6600050e-02
1.6065040e-02
1.3664920e-02
9.7945300e-03
4.2880930e-03
-6.9806400e-04
-3.9497420e-03
-6.9722700e-03
-8.7386140e-03
-8.9566120e-03
-8.7865350e-03
-7.0740160e-03
-6.9328840e-03
-6.8999640e-03
-5.5005830e-03
-4.4844210e-03
-4.7410620e-03
-3.9342640e-03
-2.2576240e-03
-2.2653880e-03
-2.3962350e-03
-2.0890440e-03
8.9666890e-05
1.8295310e-03
3.7757630e-03
6.9832470e-03
9.6325390e-03
1.1720900e-02
1.3575230e-02
1.2987930e-02
1.1539710e-02
1.1782830e-02
1.1783810e-02
1.1167050e-02
9.6714720e-03
8.7277640e-03
5.8778120e-03
2.0745120e-03
-2.0482000e-03
-8.7578870e-03
-1.3638580e-02
-1.7622590e-02
-2.0538710e-02
-2.0897030e-02
-2.0176690e-02
-1.6404760e-02
-1.3820120e-02
-9.6682290e-03
-4.6549000e-03
-2.3285690e-03
1.1002090e-03
1.6283520e-03
3.8303080e-03
6.7818940e-03
7.9959950e-03
9.2312020e-03
1.1049050e-02
1.1328210e-02
1.0282630e-02
7.6409680e-03
3.2442180e-03
-2.8092660e-03
-9.0156330e-03
-1.3073070e-02
-1.6165650e-02
-1.6318820e-02
-1.4172460e-02
-9.2585510e-03
-4.0661710e-03
1.6601260e-04
4.4168670e-03
8.2689760e-03
1.0483540e-02
1.0875910e-02
1.1211380e-02
1.1274130e-02
9.3332510e-03
7.0663070e-03
6.8821400e-03
5.9174130e-03
4.0519240e-03
2.7951500e-03
3.9882410e-03
6.1258190e-03
6.2037250e-03
6.2862810e-03
6.5843930e-03
6.3815530e-03
4.2615620e-03
2.4002220e-03
4.7902260e-04
-2.6117130e-03
-5.4219340e-03
-9.2709030e-03
-1.1407680e-02
-1.1822250e-02
-1.2265770e-02
-1.2055030e-02
-9.1694510e-03
-7.1124690e-03
-3.9616860e-03
-1.6227300e-03
1.3810790e-03
2.9997760e-03
5.5575070e-03
5.7891510e-03
7.6621210e-03
1.0866490e-02
1.0600440e-02
1.0795440e-02
1.1105960e-02
1.0484100e-02
8.0331470e-03
5.6185840e-03
2.6457610e-03
-1.5250390e-03
-3.2488680e-03
-4.1402030e-03
-3.0132380e-03
-3.0796220e-03
-1.6636080e-03
-4.7199010e-04
1.2095900e-03
1.3289340e-03
1.4916550e-03
2.9773830e-03
3.7868400e-03
3.7756000e-03
3.9610440e-03
3.0806440e-03
1.5170190e-03
1.1548130e-04
-6.1479710e-04
-7.4663130e-04
-9.1603870e-04
2.1766590e-04
1.5059800e-03
1.3198670e-03
1.2916820e-03
2.2004820e-03
3.7502830e-03
3.6110120e-03
3.6702190e-03
3.9371310e-03
3.5728360e-03
3.5896810e-04
-4.9054100e-03
-1.0046680e-02
-1.3799360e-02
-1.6332780e-02
-1.6956460e-02
-1.6199370e-02
-1.4914270e-02
-1.3441850e-02
-1.0633730e-02
-8.0495460e-03
-5.5298550e-03
-1.7816480e-03
3.7506400e-03
9.1399420e-03
1.2297330e-02
1.1354660e-02
7.7183860e-03
5.1584580e-03
9.8698230e-04
-2.4389780e-03
-6.0457620e-03
-9.6945950e-03
-9.7331170e-03
-1.0342680e-02
-1.1982780e-02
-1.0375960e-02
-7.7499790e-03
-5.2870470e-03
-2.5449160e-03
2.9486420e-04
2.5099540e-03
4.3479440e-03
7.6902750e-03
7.9806730e-03
8.0940960e-03
6.4705410e-03
3.8160320e-03
1.3231630e-03
-1.4534680e-03
-5.3083470e-03
-8.0314060e-03
-9.2626690e-03
-8.2402680e-03
-8.2522510e-03
-7.4254130e-03
-4.6332970e-03
-1.4768250e-04
4.9290420e-03
7.3977170e-03
7.9175550e-03
7.0460170e-03
4.4261140e-03
1.6312020e-03
-4.9817780e-04
-7.5668760e-04
-1.9779880e-03
-3.5855480e-03
-3.3599870e-03
-1.3220180e-03
1.3177060e-03
3.0221020e-03
4.1775170e-03
5.7804570e-03
7.4136960e-03
7.8818400e-03
8.0063110e-03
8.1772580e-03
6.8452840e-03
4.1739520e-03
1.5313680e-03
-1.2138560e-03
-3.0785290e-03
-4.4977550e-03
-5.6151750e-03
-4.2854740e-03
-2.9979250e-03
1.8262900e-03
6.1961640e-03
8.7869580e-03
1.0131760e-02
9.8702230e-03
8.3712190e-03
7.3717440e-03
5.9156590e-03
4.2958550e-03
1.6908070e-03
1.2120290e-03
1.1997800e-03
1.1762200e-03
-1.9808140e-04
-2.9684450e-03
-5.0166330e-03
-6.3565390e-03
-8.3001160e-03
-6.1215170e-03
-2.2790530e-03
2.7322860e-04
2.5570830e-03
3.0543210e-03
3.4536110e-03
2.2247780e-03
-2.3448100e-03
-7.1269280e-03
-1.0015050e-02
-1.4207280e-02
-1.7517520e-02
-1.4507980e-02
-9.4484210e-03
-4.1893110e-03
5.8480450e-04
2.6877510e-03
4.1751180e-03
5.2784620e-03
5.7681520e-03
7.6493160e-03
6.9783720e-03
5.4591620e-03
4.4432320e-03
3.1218400e-03
1.4410180e-03
1.1705600e-03
6.5908600e-05
-1.4207180e-03
-1.3049110e-03
-1.4006000e-03
-1.4601030e-03
-1.4903480e-03
-1.4828400e-03
-1.3154970e-03
-1.6434430e-03
-3.4001190e-03
-3.6592500e-03
-3.6511930e-03
-3.8585500e-03
-3.8284050e-03
-2.0361560e-03
1.3512790e-03
5.7240590e-03
7.3430510e-03
7.4494630e-03
7.8836510e-03
7.5649910e-03
5.1905100e-03
2.4992260e-03
1.8576310e-04
-1.5500610e-03
-4.9049380e-03
-5.6122420e-03
-7.4279370e-03
-1.0708390e-02
-1.1820590e-02
-1.2876350e-02
-1.2995760e-02
-1.3251410e-02
-1.2318950e-02
-9.8314160e-03
-7.2427190e-03
-2.5129370e-03
3.0097810e-03
6.6487160e-03
9.1948830e-03
1.2126600e-02
1.2142000e-02
1.2498510e-02
1.1131030e-02
8.2771110e-03
5.8359860e-03
1.9041490e-04
-2.9011770e-03
-3.4675550e-03
-3.8312940e-03
-3.1827250e-03
-1.4551340e-03
1.5837210e-03
2.8448110e-03
3.0678010e-03
2.2752550e-03
-3.3606100e-04
-1.3689620e-03
-1.3791060e-03
-1.5542170e-03
-1.6028830e-03
-1.5519880e-03
-1.5575480e-03
-1.7482850e-03
-1.3029570e-03
9.5017340e-04
2.6052280e-03
5.0201220e-03
7.5190370e-03
7.4012500e-03
7.5889060e-03
7.6418980e-03
7.7390450e-03
7.7131180e-03
6.0335040e-03
3.3117480e-03
6.8451790e-04
-1.1217300e-03
-2.6184050e-03
-3.7439650e-03
-2.0416540e-03
-1.6655490e-03
-1.6983690e-03
-1.8839160e-03
-1.4789840e-03
1.5898640e-03
2.6615500e-03
3.3413370e-03
5.1457800e-03
5.3256940e-03
5.1022890e-03
3.5446290e-03
3.2813930e-03
2.4508690e-03
1.7940330e-05
-1.5823950e-03
-4.5997350e-03
-6.0723260e-03
-6.2943090e-03
-5.5145770e-03
-2.8965270e-03
-2.0135250e-03
-1.8162340e-03
7.1367720e-04
2.6474820e-03
2.7206610e-03
2.8772140e-03
2.9792470e-03
2.9690690e-03
2.9519200e-03
2.9524470e-03
2.9643110e-03
2.9588570e-03
2.9025340e-03
2.9695340e-03
3.1813300e-03
2.0775710e-03
-5.7511110e-04
-1.3534830e-03
-1.7809970e-03
-3.5749120e-03
-4.5976560e-03
-6.1596920e-03
-7.6806790e-03
-8.4948440e-03
-6.3348470e-03
-3.8669110e-03
-1.1841830e-03
1.5209360e-03
2.7025780e-03
2.8980350e-03
2.3107110e-03
8.6319650e-04
7.6879300e-04
-7.0388150e-04
-1.6448480e-03
-1.6025820e-03
-1.7387470e-03
-1.6320980e-03
-1.6448590e-03
-3.4138180e-03
-5.5859180e-03
-6.5121040e-03
-9.2113460e-03
-1.0839390e-02
-1.0710700e-02
-1.1003080e-02
-1.1288220e-02
-9.6768960e-03
-6.6638540e-03
-5.6192820e-03
-2.6944700e-03
1.3978280e-04
2.0989600e-03
3.3033490e-03
6.0263850e-03
7.3460490e-03
7.6215220e-03
6.6256130e-03
3.4173910e-03
3.3409900e-03
1.9235190e-03
-9.5192370e-04
-1.8761790e-03
-5.2271050e-04
2.5530690e-03
2.4030540e-03
2.8619550e-03
4.4570920e-03
3.4934940e-03
1.5115380e-03
-1.3977870e-03
-1.4364760e-03
-3.1703970e-03
-4.1894250e-03
-3.4711920e-03
-1.9387950e-03
-1.9144040e-03
-1.8639590e-03
-1.9339570e-03
-1.4036660e-03
