0.01
-1.6092690e-03
-3.3985900e-03
-4.0208650e-03
-2.6240010e-03
-1.0308680e-05
2.3247580e-03
3.8986430e-03
3.3799940e-03
3.1033200e-03
3.3299060e-03
2.7437920e-03
1.2585210e-03
-1.1641470e-03
-4.4662590e-03
-5.5543630e-03
-3.0164290e-03
1.4080630e-03
2.8451410e-03
1.5136940e-03
1.3757910e-03
1.3633730e-03
1.7913050e-03
3.3965200e-03
3.0429930e-03
-8.9023030e-04
-2.0828080e-03
-2.1183410e-03
-5.6495460e-03
-6.0998380e-03
-1.7299490e-03
3.6959050e-03
6.7759710e-03
8.6837430e-03
7.8707740e-03
4.1245890e-03
2.7734430e-03
1.3239480e-03
-2.8533980e-03
-5.2336800e-03
-1.8789550e-03
2.6701260e-03
7.3544460e-03
1.2803930e-02
1.3726090e-02
1.3460780e-02
9.1619130e-03
-9.3437910e-04
-1.3737200e-02
-2.5027250e-02
-2.1840180e-02
-9.7109280e-03
-2.1399450e-03
3.1248440e-04
7.3438520e-03
2.1055710e-02
2.2126160e-02
5.9139620e-03
-7.0650970e-03
-1.5417870e-02
-1.0017190e-02
-1.7355650e-03
8.1785820e-04
2.9384400e-04
2.8154750e-03
8.2571300e-03
1.3184390e-02
1.3742400e-02
1.0580430e-02
3.6402450e-04
-1.0462310e-02
-1.0434040e-02
2.3271660e-03
2.9201620e-03
-3.5491870e-03
-3.9246660e-03
9.1700030e-03
2.2930820e-02
2.3327240e-02
8.9935880e-03
-1.0604280e-03
-3.4888600e-04
3.6845160e-03
5.2131300e-03
3.4524140e-03
4.4957080e-03
3.4760410e-03
6.6054710e-04
2.6332400e-03
8.2634350e-03
1.3953280e-02
4.6339940e-03
-9.4417570e-03
-1.2522380e-02
-1.1215700e-02
-1.6641370e-02
-2.2499400e-02
-1.9436700e-02
-1.6326350e-02
-1.5825720e-02
-1.4285870e-02
-1.1657370e-02
-6.2260510e-03
2.0194710e-03
3.3839800e-03
-1.7912170e-03
-4.3842950e-03
-1.0991170e-03
3.3128300e-03
7.9214830e-03
8.7508040e-03
6.6981820e-03
4.2074210e-03
5.2245460e-03
6.3760720e-03
3.9337950e-03
-2.3868540e-03
-5.6835550e-03
-5.5517770e-03
-5.9985080e-03
-6.8312030e-03
-7.4426840e-03
-1.2369040e-02
-8.2066370e-03
5.6224730e-03
1.8206520e-02
1.7317290e-02
7.7785430e-03
-6.9091180e-03
-2.0065200e-02
-1.9913850e-02
-2.0190770e-02
-2.5783690e-02
-2.5983490e-02
-1.8833170e-02
-7.6375000e-03
1.4619640e-03
3.4599150e-03
2.0819340e-03
5.8248560e-03
1.1840690e-02
7.7866730e-03
-1.0179040e-03
3.2599710e-05
5.8882370e-03
9.1908230e-03
2.3439560e-03
-8.6611780e-03
-2.3171220e-02
-3.2471220e-02
-2.3712970e-02
-1.5538080e-03
1.6413930e-02
2.6084260e-02
2.5256920e-02
1.2106240e-02
-3.2002510e-03
-8.8934990e-03
-1.1376950e-02
-1.1744200e-02
-2.3544290e-03
7.7298500e-03
6.6982530e-03
-3.1945850e-03
-1.0958620e-02
-1.4858450e-02
-9.8582990e-03
-5.0491500e-04
-2.2559180e-03
-1.8824330e-02
-2.7821130e-02
-1.5693770e-02
-5.0201800e-04
7.4903600e-03
1.3300770e-02
1.7379320e-02
1.2714300e-02
4.0238300e-03
-3.0558920e-03
-4.3990490e-03
4.8121700e-03
9.1566050e-03
6.1739030e-03
-7.7093850e-04
-1.3478070e-02
-2.2458140e-02
-2.4098690e-02
-1.1459670e-02
5.8953270e-03
1.9330450e-02
2.4950020e-02
2.4566570e-02
2.0966040e-02
1.9362160e-02
3.4507650e-03
-2.7282920e-02
-4.4938610e-02
-4.7770480e-02
-5.4127350e-02
-6.8759530e-02
-6.3427190e-02
-8.1974160e-03
6.1695820e-02
7.5292530e-02
6.3309200e-02
5.4798530e-02
4.9360610e-02
3.9998560e-02
1.8603370e-02
-1.1415940e-02
-2.8320960e-02
-3.6443720e-02
-2.7974590e-02
-1.1770930e-02
1.9020260e-03
1.3653800e-02
1.5804110e-02
1.1146360e-02
1.7155220e-02
2.8518420e-02
3.0470930e-02
1.4992920e-02
-6.5915250e-03
-1.7186010e-02
-2.0405090e-02
-2.9906130e-02
-4.8836140e-02
-5.4982650e-02
-4.6897540e-02
-3.0000890e-02
-1.4870880e-02
-9.3736360e-03
-9.6081830e-03
-2.9631920e-03
7.0779060e-03
1.4023810e-02
1.5115340e-02
1.8335380e-02
2.3520820e-02
3.0119680e-02
4.2450390e-02
5.4510600e-02
5.7541690e-02
5.0963330e-02
3.1816230e-02
1.6655240e-02
1.0033610e-02
7.6014570e-03
6.2335560e-03
-2.0761140e-03
-4.8700740e-03
1.8731620e-03
3.9071190e-03
4.0057840e-03
1.5902550e-02
2.8371300e-02
2.2942510e-02
4.1821360e-03
-1.6394230e-02
-3.1759090e-02
-5.1213930e-02
-6.9426320e-02
-8.0851230e-02
-8.1763610e-02
-7.1918700e-02
-4.8600510e-02
-2.3450770e-02
-3.8176910e-03
1.5532380e-02
2.2313620e-02
2.0117130e-02
1.2836810e-02
5.0114960e-03
-7.3770680e-03
-2.2714630e-02
-3.5494960e-02
-3.4575700e-02
-1.8629290e-02
-1.0636520e-03
4.9404080e-03
7.6321640e-03
1.4640010e-02
3.1773070e-02
5.7655920e-02
7.1418890e-02
7.0887690e-02
5.9211620e-02
4.4772290e-02
2.7609960e-02
4.0256760e-03
-1.5460270e-02
-2.3254100e-02
-1.1449850e-02
3.7887490e-02
1.0333370e-01
1.4484310e-01
1.7074720e-01
1.7266030e-01
1.1817110e-01
4.6873900e-02
-1.6627730e-02
-8.9101640e-02
-1.5131090e-01
-1.6159700e-01
-1.5970330e-01
-1.2916130e-01
-7.3769290e-02
-2.6322900e-02
1.3816520e-02
3.9622990e-02
3.6576040e-02
9.0141070e-03
-2.0822420e-02
-3.3535540e-02
-3.8214410e-02
-4.4714700e-02
-5.5647130e-02
-7.1840370e-02
-9.5966420e-02
-1.1564590e-01
-1.3170060e-01
-1.4148970e-01
-1.3545030e-01
-1.0955550e-01
-1.6736260e-02
7.1151370e-02
1.5741810e-01
2.2000540e-01
2.5450220e-01
2.6146310e-01
2.5509540e-01
2.1137930e-01
1.5004280e-01
1.0067480e-01
6.9288580e-02
4.9076180e-02
2.6706750e-02
-9.7221500e-03
-3.3675720e-02
-2.9701980e-02
-3.6807580e-02
-3.5239870e-02
-3.6369950e-02
-6.5792740e-02
-8.7216650e-02
-8.5876450e-02
-8.7643310e-02
-8.3707930e-02
-7.5980520e-02
-5.6893720e-02
-5.5724760e-02
-6.6266880e-02
-6.0395940e-02
-4.6056890e-02
-3.8291250e-02
-4.2651470e-02
-5.7033550e-02
-6.7701750e-02
-5.2195110e-02
-2.4336900e-02
1.0947960e-02
5.1745740e-02
9.6943880e-02
1.2564390e-01
1.2962080e-01
1.2564970e-01
1.0475850e-01
5.9480310e-02
3.1121850e-02
1.2477770e-02
-8.9051530e-03
-2.6497200e-02
-3.8124400e-02
-3.5560050e-02
-2.5328410e-02
-7.6945320e-03
9.8785250e-03
2.9047380e-02
4.1050860e-02
4.1479180e-02
2.8796520e-02
8.5824460e-03
6.7347290e-03
3.9160560e-03
-8.0300290e-03
-2.8944480e-02
-4.6374640e-02
-5.9520030e-02
-7.2857340e-02
-8.7540320e-02
-1.0374680e-01
-1.1765110e-01
-1.1708220e-01
-1.0971730e-01
-9.5247960e-02
-5.9060230e-02
-1.3055710e-02
5.3924530e-02
1.0601870e-01
1.0934250e-01
1.0291640e-01
6.1138330e-02
1.4785900e-02
-1.1815860e-02
-3.5258450e-02
-5.4422810e-02
-5.7103190e-02
-3.8124170e-02
-4.6438170e-03
1.3133900e-02
1.9482420e-02
2.4918330e-02
4.2297070e-02
5.6978550e-02
5.1695340e-02
4.4132890e-02
2.9922250e-02
-3.4345680e-03
-3.4451020e-02
-5.7689520e-02
-8.2957570e-02
-1.0251870e-01
-1.0701850e-01
-8.9033100e-02
-5.7730030e-02
-3.1184840e-02
1.1280740e-02
9.5529080e-02
1.5000160e-01
1.5308160e-01
1.3340230e-01
7.8652890e-02
2.3383280e-02
-3.1969060e-02
-9.0765990e-02
-1.3545100e-01
-1.7889870e-01
-1.9414640e-01
-1.7582450e-01
-1.2340920e-01
-8.0934190e-02
-3.5500360e-02
4.6375230e-03
3.8673420e-02
7.0176060e-02
9.2984370e-02
9.6475480e-02
7.9899830e-02
5.3770600e-02
4.3126010e-02
4.3492990e-02
3.5380880e-02
2.9683590e-02
4.1839880e-02
4.8111250e-02
5.0268300e-02
4.4341190e-02
3.0158430e-02
1.6272600e-02
-8.6727170e-03
-3.1109840e-02
-4.7541350e-02
-5.1055630e-02
-5.1922640e-02
-4.5599930e-02
-2.6131240e-02
-4.2991820e-03
2.4276270e-03
5.3907150e-03
1.4768120e-02
2.4862440e-02
3.4819540e-02
4.3154530e-02
4.4854160e-02
3.8664380e-02
3.1426250e-02
3.1026760e-02
3.6232340e-02
4.0181980e-02
3.6380190e-02
2.4335970e-02
1.0440300e-02
1.1342380e-03
-2.1419580e-03
-7.1561220e-03
-1.1245490e-02
-1.5857020e-02
-1.7285450e-02
-7.0089240e-03
1.1426100e-02
2.3857580e-02
2.6634920e-02
2.4193420e-02
2.0218010e-02
1.3043810e-02
3.2516640e-03
-4.4922500e-03
-5.1061020e-03
1.7498500e-03
6.9249610e-03
1.0192590e-02
1.3265290e-02
2.0999940e-02
2.0327160e-02
4.7328730e-03
-9.6239420e-03
-2.4877360e-02
-3.3054680e-02
-3.0153220e-02
-2.4224470e-02
-1.6392650e-02
-2.5348950e-03
1.7173920e-02
2.9374490e-02
2.4377420e-02
3.7265190e-03
-9.6832260e-03
-1.8623990e-02
-2.2743390e-02
-1.6341930e-02
-5.2286890e-03
9.3388970e-03
2.0680570e-02
3.3256820e-02
4.1725840e-02
4.4430490e-02
4.3478640e-02
3.5008020e-02
1.7017170e-02
-9.9663700e-03
-3.3851190e-02
-4.6650990e-02
-3.9113780e-02
-1.5371040e-02
4.1973660e-03
8.8918810e-03
9.8067910e-03
6.8963990e-03
1.2087300e-03
-1.0122290e-02
-2.4852640e-02
-3.6976090e-02
-4.7844080e-02
-5.6343750e-02
-5.7568620e-02
-5.4678090e-02
-4.4922730e-02
-3.4348260e-02
-2.2821410e-02
-1.5550310e-02
-8.1174600e-03
9.9631230e-05
7.6894450e-03
1.2343640e-02
1.1635660e-02
8.4309090e-03
7.1046380e-04
-1.8968560e-03
3.4982300e-03
1.5975650e-02
3.2777810e-02
4.7355450e-02
6.4115730e-02
7.7616810e-02
9.0756360e-02
1.0070840e-01
1.0355350e-01
9.3035200e-02
7.3779120e-02
4.9786660e-02
2.4571270e-02
-1.0153710e-02
-3.2783730e-02
-5.3720600e-02
-7.4359710e-02
-9.0316280e-02
-8.9809230e-02
-7.3500180e-02
-6.0874160e-02
-4.9309930e-02
-3.1857560e-02
-1.1813930e-02
-4.2246220e-03
-7.5194300e-03
-1.1578980e-02
-1.7009740e-02
-2.8208840e-02
-4.3766330e-02
-5.8653280e-02
-6.3168170e-02
-4.8699180e-02
-1.4555950e-02
1.7975770e-02
4.4721730e-02
6.6812830e-02
8.4081630e-02
8.7907040e-02
7.6769620e-02
5.8216080e-02
3.8707070e-02
1.4988000e-02
-8.7961220e-03
-2.5427530e-02
-3.4808690e-02
-3.9754620e-02
-3.5278640e-02
-1.3285440e-02
1.6202650e-02
3.1585430e-02
4.3073110e-02
4.7553910e-02
3.7771960e-02
1.9714970e-02
2.2422670e-03
-1.6786290e-02
-3.0674760e-02
-3.9414220e-02
-4.0409110e-02
-3.7384770e-02
-3.2415070e-02
-3.0919400e-02
-3.0708060e-02
-2.1402520e-02
-3.0372670e-03
2.3217400e-02
3.9351570e-02
3.9236230e-02
3.2951400e-02
2.0629420e-02
7.0084130e-03
-4.9827800e-03
-2.3051020e-02
-4.4446620e-02
-6.3612360e-02
-7.6576270e-02
-8.0638520e-02
-7.5964360e-02
-6.3923960e-02
-4.7016070e-02
-3.1180170e-02
-1.7289490e-02
-8.9630280e-03
-6.7499970e-05
1.0054390e-02
1.9000720e-02
2.3561250e-02
2.8310500e-02
2.9385080e-02
3.4566150e-02
4.5103750e-02
5.6420840e-02
6.6609240e-02
7.2473930e-02
7.4147140e-02
6.4992890e-02
5.3134830e-02
4.0322210e-02
2.5848330e-02
1.8855460e-02
1.3312410e-02
7.2781890e-03
6.5691640e-03
1.1763490e-02
2.1966990e-02
2.5410590e-02
1.7829310e-02
1.4398520e-03
-1.9317490e-02
-4.0238590e-02
-5.8453840e-02
-6.7553370e-02
-6.7208020e-02
-5.9121690e-02
-5.0056880e-02
-3.4601490e-02
-1.8318270e-02
-7.6652080e-03
2.0412240e-03
8.1309090e-03
1.5387370e-02
1.9878720e-02
2.2430670e-02
2.0170200e-02
1.1939510e-02
1.9147210e-03
-4.6245150e-03
-9.3331090e-03
-1.3660400e-02
-1.3254450e-02
-1.3223420e-02
-1.1464930e-02
-9.7934860e-03
-7.4471800e-03
-5.7939200e-03
-5.0379990e-03
-6.9024270e-03
-1.1362190e-02
-1.3461790e-02
-9.4168350e-03
-4.7174320e-03
-1.1356380e-04
4.5861440e-03
1.1730010e-02
2.0855010e-02
2.9860810e-02
3.3515220e-02
2.8460130e-02
1.7137830e-02
6.2086360e-03
-3.0468510e-05
-6.7624110e-03
-1.8292140e-02
-2.5775930e-02
-3.1395000e-02
-3.2851960e-02
-2.9717620e-02
-2.4848340e-02
-1.8782830e-02
-1.3388770e-02
-1.3635600e-02
-1.6353540e-02
-1.8240640e-02
-1.7337250e-02
-1.2172790e-02
-4.0548370e-03
1.9187180e-03
7.6828670e-03
1.3921560e-02
1.9918710e-02
2.3632820e-02
2.4927270e-02
2.2475900e-02
1.8183910e-02
1.3515820e-02
8.2028660e-03
6.5634080e-03
9.2900530e-03
1.7846470e-02
2.9703250e-02
3.6839950e-02
3.3323540e-02
2.0931410e-02
1.0920390e-02
1.0454110e-02
1.1904720e-02
1.1445100e-02
9.9037990e-03
7.7265850e-03
5.6841180e-03
5.9501680e-03
5.9025110e-03
6.7341690e-03
2.1505160e-04
-5.8211450e-03
-1.2697560e-02
-1.8161360e-02
-2.0889560e-02
-2.0066140e-02
-1.4705610e-02
-1.0321920e-02
-6.9490520e-03
-2.2440320e-03
1.4747430e-03
3.0889540e-03
2.6146620e-03
-4.7864010e-03
-1.4166800e-02
-1.8489440e-02
-1.8572200e-02
-1.9125850e-02
-1.7997410e-02
-1.5328620e-02
-9.5838520e-03
-5.5338100e-03
-2.9005130e-03
6.1468750e-04
2.6442670e-03
7.0663430e-03
1.4547000e-02
2.2856350e-02
2.9395150e-02
3.2394710e-02
2.7329980e-02
2.0863710e-02
1.2482020e-02
4.0441580e-03
-3.4817190e-03
-9.0133740e-03
-7.4557940e-03
3.5454340e-03
1.1871940e-02
2.0337290e-02
2.4936420e-02
2.1878780e-02
1.3867820e-02
1.7499320e-03
-1.0458930e-02
-2.2000990e-02
-3.0528650e-02
-3.5424620e-02
-3.3410950e-02
-2.3135500e-02
-7.5323590e-03
6.6519180e-03
1.3122020e-02
1.7988140e-02
2.1132050e-02
2.0463260e-02
1.4457410e-02
1.8846170e-03
-8.2018630e-03
-1.5101780e-02
-1.7737150e-02
-1.7951120e-02
-1.8819690e-02
-1.8017110e-02
-1.2695000e-02
-1.3692540e-03
9.4039120e-03
1.5388210e-02
1.0477560e-02
-2.0905320e-03
-1.5557950e-02
-2.5983660e-02
-3.5841260e-02
-4.0386790e-02
-4.0349530e-02
-3.5667800e-02
-2.7158020e-02
-1.8750690e-02
-1.2462890e-02
-8.5768860e-03
-7.3148810e-03
-7.0109280e-03
-8.0390310e-03
-7.3919270e-03
-6.3928590e-03
-4.1662560e-03
-1.5496980e-04
3.4913840e-03
8.8182350e-03
1.2193230e-02
1.3024320e-02
1.3286420e-02
1.3556410e-02
1.3025480e-02
1.1352660e-02
9.6601990e-03
7.8268950e-03
9.1499400e-03
1.0235900e-02
9.6896830e-03
8.0004320e-03
4.9690530e-03
1.4401460e-03
-2.9946890e-03
-5.6736420e-03
-6.4998770e-03
-4.5547850e-03
-2.6173150e-03
-1.2242190e-03
-1.3101490e-04
-2.6049780e-04
5.2969790e-04
4.0147810e-04
6.2552930e-04
-1.3005960e-03
-2.1543000e-03
-2.2998830e-04
1.7208320e-03
4.2228070e-03
6.0848880e-03
8.5745650e-03
1.3950110e-02
1.8218460e-02
1.9788590e-02
1.5057700e-02
8.2414290e-03
9.8116640e-04
-5.3186320e-03
-9.3038240e-03
-9.9268650e-03
-6.4561060e-03
-4.5558350e-03
-1.5351200e-03
4.7369920e-03
1.0912610e-02
1.5168560e-02
1.7249530e-02
1.6492890e-02
1.5798190e-02
1.4571540e-02
1.5676590e-02
1.5999180e-02
1.4402930e-02
9.4420600e-03
3.6854020e-03
-8.9841240e-05
-5.9694880e-05
8.4593950e-05
-2.5924770e-04
-1.9765110e-03
-4.4845640e-03
-4.7015150e-03
-1.2018530e-03
1.8654650e-03
4.8532850e-03
5.9202560e-03
4.8852840e-03
6.4541350e-04
-5.1749870e-03
-9.6890480e-03
-1.2105010e-02
-1.4014440e-02
-1.5416450e-02
-1.3151120e-02
-4.1018950e-03
5.9977320e-03
1.7553500e-02
2.2739140e-02
2.5405860e-02
2.6196540e-02
2.3815100e-02
1.9689930e-02
1.3889750e-02
9.0291820e-03
5.3631440e-03
3.0975100e-03
2.0174980e-03
-3.4368990e-04
-1.9479950e-03
-4.8592150e-03
-7.1186180e-03
-1.2478020e-02
-1.5410220e-02
-1.7713180e-02
-1.7991780e-02
-1.6149640e-02
-1.1940320e-02
-6.2204060e-03
-1.1548650e-03
1.7487260e-03
5.4703390e-03
8.0664530e-03
7.3978960e-03
7.0571020e-03
9.8086790e-03
1.2159080e-02
1.1207790e-02
1.1093700e-02
9.1264340e-03
7.8950490e-03
5.8166970e-03
3.5699660e-03
2.0869600e-03
4.2249300e-04
1.6777500e-04
-6.8259960e-04
-2.7892130e-03
-4.3694680e-03
-5.0088750e-03
-5.8580560e-03
-5.0524620e-03
-4.7660750e-03
-6.9559450e-03
-7.6753330e-03
-5.4213820e-03
4.4823930e-04
6.2045130e-03
1.0744800e-02
1.0755430e-02
6.4212540e-03
2.7967860e-03
-1.1773880e-03
-6.3056450e-03
-1.1376630e-02
-1.3107650e-02
-1.2279470e-02
-9.2393190e-03
-4.6315860e-03
-2.0279510e-03
-2.2867600e-04
-1.1523950e-03
-1.1048640e-04
5.5977030e-04
5.5793220e-04
2.3485840e-04
-2.8452820e-03
-4.6064250e-03
-5.3812310e-03
-6.5596850e-03
-6.3887360e-03
-7.8399010e-03
-9.4872380e-03
-1.2238010e-02
-1.4894750e-02
-1.8716640e-02
-1.9992050e-02
-2.1909330e-02
-2.2306100e-02
-1.9887040e-02
-1.7075430e-02
-1.4147990e-02
-1.2306000e-02
-8.7345750e-03
-2.9963880e-03
8.8791080e-04
5.1051630e-03
8.9951870e-03
1.0533730e-02
1.1897110e-02
1.0336550e-02
7.7036200e-03
5.6491340e-03
3.6267560e-03
4.5379410e-03
3.5501600e-03
1.8209050e-03
1.1681010e-03
1.2364710e-03
6.4598270e-04
-1.1890920e-03
-4.0294350e-03
-7.4353930e-03
-1.1102460e-02
-1.5175950e-02
-1.5732070e-02
-1.5324370e-02
-1.4926220e-02
-1.4072570e-02
-1.1043330e-02
-9.0355880e-03
-3.2321360e-03
3.0243870e-03
4.5919300e-03
6.1873000e-03
4.0201850e-03
2.7904780e-03
1.9167810e-03
1.2956840e-03
1.2543170e-03
1.4930580e-03
3.3514770e-03
6.0070550e-03
6.6506200e-03
6.4859390e-03
3.7000540e-03
8.2055470e-04
3.3771750e-04
-9.3475880e-04
-4.4878930e-04
1.6844330e-03
5.2345050e-03
9.5494510e-03
1.5251480e-02
2.0109370e-02
2.2244600e-02
2.0508870e-02
1.7198840e-02
1.2353500e-02
8.6157080e-03
4.9465870e-03
3.3425410e-03
3.0825140e-03
3.5386430e-03
4.1169150e-03
6.4649270e-03
7.9465930e-03
1.0724900e-02
8.9093010e-03
5.0957350e-03
5.1068670e-04
-6.6916560e-03
-1.4042820e-02
-1.8421650e-02
-1.9617040e-02
-1.5247880e-02
-8.6605670e-03
-9.8469440e-04
4.0816220e-03
7.2456760e-03
7.8169010e-03
1.0114560e-02
9.7830990e-03
1.0156770e-02
1.2929310e-02
1.5820810e-02
1.8302690e-02
1.7618890e-02
1.8109260e-02
1.6225550e-02
1.5465630e-02
1.7412860e-02
1.7371920e-02
1.6471420e-02
1.2288860e-02
7.8564050e-03
2.4282140e-03
-1.9683570e-03
-6.2882950e-03
-9.5283150e-03
-1.1792350e-02
-1.2734890e-02
-1.1680290e-02
-8.9770360e-03
-6.8722700e-03
-6.6046970e-03
-8.1436300e-03
-9.5585650e-03
-1.1495040e-02
-1.3751120e-02
-1.4081360e-02
-1.1925940e-02
-9.7223470e-03
-5.0046110e-03
-1.2161950e-03
2.8490470e-04
-1.8500820e-03
-3.5999100e-03
-4.0485310e-03
-3.3034220e-03
-3.9063260e-04
2.0033880e-03
4.4043240e-03
6.4672350e-03
7.0949000e-03
7.2263350e-03
7.5394070e-03
6.3078710e-03
4.0147260e-03
-7.2726130e-04
-5.9717620e-03
-7.2600550e-03
-1.0424140e-02
-1.3781060e-02
-1.5625580e-02
-1.6016950e-02
-1.4434790e-02
-1.4067760e-02
-1.3384420e-02
-1.4278920e-02
-1.4583590e-02
-1.2663670e-02
-1.0853800e-02
-9.0799330e-03
-7.3163200e-03
-7.6492940e-03
-1.0427870e-02
-1.0479780e-02
-1.0419440e-02
-1.0253600e-02
-6.7228980e-03
-4.6491570e-03
-3.6477830e-03
-3.5628530e-03
-3.4499170e-03
-2.0708510e-03
-7.4036520e-05
2.5720910e-04
9.6718680e-04
3.5478130e-03
6.7207250e-03
1.1272690e-02
1.4815760e-02
1.7514080e-02
1.6004200e-02
1.2055910e-02
7.6238820e-03
4.4207800e-03
1.7795550e-03
1.0211680e-03
2.3863240e-04
9.3802530e-04
9.9847450e-04
9.0108120e-04
-5.2030170e-04
-3.5071980e-03
-6.7316500e-03
-8.8050580e-03
-1.0244400e-02
-9.3447710e-03
-9.1076870e-03
-7.4634220e-03
-7.1159360e-03
-6.4061190e-03
-3.8694480e-03
-2.2070320e-03
1.9160410e-03
4.7835990e-03
8.0436450e-03
1.1271420e-02
1.4131030e-02
1.5380290e-02
1.5282030e-02
1.4316300e-02
1.1993760e-02
1.1257560e-02
8.4870410e-03
6.3911030e-03
4.6553080e-03
4.1672340e-03
4.5929330e-03
6.2502310e-03
7.1738760e-03
8.5005810e-03
9.7981330e-03
7.9836800e-03
5.4633750e-03
1.8866670e-03
-2.5739880e-03
-6.7436820e-03
-9.7412970e-03
-9.9359420e-03
-8.3243180e-03
-5.6818280e-03
-3.1847570e-03
-2.1595950e-03
-1.0144610e-03
9.5796030e-05
9.6416340e-04
2.9751190e-04
-8.1026940e-04
-1.1339040e-03
-1.1434430e-03
-3.0674300e-05
1.1605850e-03
2.3848390e-03
2.1389980e-03
7.9967170e-04
1.5051300e-03
1.5313910e-03
2.6204620e-03
3.9529990e-03
4.0570390e-03
3.7431850e-03
4.4797880e-03
3.4028300e-03
2.4481470e-03
2.1887680e-03
1.3145690e-03
9.6022280e-04
1.6283090e-03
6.2333600e-04
9.3153260e-04
9.7624410e-04
2.5488170e-03
3.1438740e-03
2.3305930e-03
6.3729020e-04
-1.1502430e-03
-5.6803410e-03
-8.6065840e-03
-1.0535650e-02
-1.0389650e-02
-1.0128900e-02
-8.8221440e-03
-6.0426540e-03
-3.6177560e-03
1.1272140e-03
3.6256510e-03
6.3669730e-03
6.1897770e-03
4.8766310e-03
3.9778960e-03
4.5631300e-03
6.6021930e-03
6.5502700e-03
6.4008370e-03
5.0610300e-03
1.7307430e-03
-1.3771100e-03
-3.4816840e-03
-3.5337700e-03
-3.0509480e-03
-5.7178380e-04
-2.2944470e-04
-6.0705600e-04
-6.3246340e-04
-5.0762580e-04
-1.0237970e-03
-1.6765560e-03
-1.4462290e-03
-1.7104320e-03
-1.4542290e-03
-2.0053480e-03
-3.7453520e-03
-4.1109470e-03
-6.2690760e-03
-6.6443010e-03
-6.1230610e-03
-6.2070500e-03
-6.3787170e-03
-5.8730020e-03
-2.9784090e-03
8.0758830e-04
3.7563080e-03
7.3888140e-03
1.0348240e-02
1.1067280e-02
1.2411670e-02
1.1040810e-02
9.6842520e-03
7.3495880e-03
4.3246740e-03
9.5980370e-04
-1.6271440e-03
-4.4301490e-03
-6.4846730e-03
-9.1594510e-03
-9.6435710e-03
-9.7399330e-03
-8.1488150e-03
-6.0624220e-03
-4.4372520e-03
-3.9580360e-03
-3.7133030e-03
-4.0774420e-03
-4.1181390e-03
-3.5225320e-03
-4.4767840e-03
-6.0922100e-03
-7.0145180e-03
-6.3997190e-03
-3.9827830e-03
-1.6166840e-03
1.2953200e-03
3.6652440e-03
6.5751430e-03
1.0011350e-02
1.2113550e-02
1.1194130e-02
1.0611100e-02
1.0742300e-02
8.5721940e-03
5.6894640e-03
1.1141730e-03
-2.4339410e-03
-4.2975600e-03
-3.4052850e-03
-3.6436450e-03
-4.3448830e-03
-5.0768590e-03
-6.2467720e-03
-7.1808170e-03
-7.1572030e-03
-5.9725300e-03
-4.4776020e-03
-3.9220160e-03
-1.5127600e-03
5.2747520e-04
5.4377680e-04
2.7093530e-03
3.5193230e-03
2.6645650e-03
2.3708400e-03
1.8485350e-03
9.8749460e-04
6.2961110e-04
9.9967050e-04
2.7944870e-03
5.0232650e-03
7.9390420e-03
9.0857470e-03
9.3539580e-03
8.5840850e-03
7.2016860e-03
6.3138500e-03
4.2554420e-03
2.5715290e-03
-3.6756120e-04
-3.1174670e-03
-3.8936790e-03
-1.2807410e-03
8.6416110e-04
2.3055880e-03
2.2313690e-03
-1.3387420e-03
-5.4836830e-03
-1.0186390e-02
-1.4272790e-02
-1.6890330e-02
-1.7721800e-02
-1.5100890e-02
-1.1598620e-02
-6.3368270e-03
-1.4424550e-03
1.5885570e-03
4.0389720e-03
2.9763940e-03
2.8961490e-03
3.8782840e-03
3.4880560e-03
3.5995930e-03
4.2014020e-03
4.5453390e-03
6.8994740e-03
6.2302990e-03
6.3982470e-03
4.3372830e-03
3.1831910e-03
3.0053400e-03
4.1505910e-03
4.5569260e-03
4.8555380e-03
4.8022690e-03
4.2257550e-03
2.9569490e-03
3.7197030e-04
-1.5702390e-03
-5.1153400e-03
-7.5220630e-03
-1.0304070e-02
-1.1963250e-02
-1.1233880e-02
-8.7657340e-03
-4.4525590e-03
-1.4121100e-03
2.5902900e-04
2.2943220e-03
3.3731670e-03
2.7998210e-03
2.0543000e-03
-1.0936550e-03
-4.2400050e-03
-5.0562460e-03
-4.7747300e-03
-3.7789830e-03
-2.7537810e-03
-1.2302580e-03
-2.7102280e-04
4.1647510e-04
2.4914160e-04
1.4475890e-03
2.3929470e-03
3.1998370e-03
3.8844390e-03
4.0763750e-03
5.4836620e-03
4.5604500e-03
3.6024020e-03
2.5808250e-03
2.6223820e-03
2.4841490e-03
2.1270190e-03
2.4901000e-03
1.9411980e-03
7.0907460e-04
1.9072910e-04
-8.3208330e-04
-1.9684580e-03
-3.1514660e-03
-4.1879570e-03
-3.9925780e-03
-3.4213070e-03
-9.8302900e-04
-4.0973740e-05
-9.3736660e-04
-2.0179570e-03
-4.0628520e-03
-4.7033320e-03
-4.4906590e-03
-4.7943650e-03
-4.7309700e-03
-4.1976110e-03
-2.4299800e-03
5.8527560e-04
4.1240860e-03
6.3683160e-03
7.7882770e-03
7.9330580e-03
7.1032990e-03
8.6815190e-03
9.0208390e-03
9.8454470e-03
1.0029130e-02
8.5532570e-03
6.0748700e-03
3.9974290e-03
1.6436540e-03
-9.6264150e-04
-4.4828300e-03
-7.2118290e-03
-7.4434420e-03
-7.4305140e-03
-5.4913010e-03
-2.1852240e-03
4.5502970e-04
2.8954300e-03
4.2966250e-03
5.7106020e-03
4.3168100e-03
2.6054440e-03
9.8588310e-04
-6.4321250e-04
-2.0797880e-03
-1.7055770e-03
-1.5121240e-03
-4.9568330e-04
5.7976280e-04
1.0878210e-03
1.0887640e-03
1.8846120e-03
2.3483470e-03
2.2179630e-03
8.0412400e-04
7.5277690e-04
1.8128930e-04
5.3783000e-05
1.5047570e-03
2.9064310e-03
4.3841290e-03
6.9033570e-03
6.5749070e-03
5.2234850e-03
4.1404280e-03
3.7508310e-03
2.4133210e-03
6.1695780e-04
5.7825170e-04
2.7373160e-04
7.4619630e-04
2.6647310e-03
3.5482560e-03
5.8763880e-03
5.9887730e-03
5.5927180e-03
5.5675910e-03
3.3137340e-03
2.0208460e-03
5.0356890e-04
-3.6898750e-04
-2.3223280e-03
-1.5594590e-03
-3.3515200e-04
-9.5946880e-05
-1.3374850e-04
1.0987350e-03
2.5132430e-03
3.7766450e-03
5.1456520e-03
5.7870670e-03
4.9852050e-03
3.2954930e-03
2.9242440e-03
1.5142300e-03
8.1536790e-05
-1.0024930e-03
-2.7073780e-03
-3.5381670e-03
-3.2849730e-03
-3.7940940e-03
-5.2158540e-03
-6.1735240e-03
-8.1313870e-03
-9.7965470e-03
-1.1896040e-02
-1.2354230e-02
-1.2399380e-02
-1.1395980e-02
-1.1259270e-02
-8.9019520e-03
-6.8939620e-03
-4.7526840e-03
-2.7953700e-03
-2.2500760e-03
-2.4803670e-03
-7.5071190e-04
2.4886690e-04
1.8731760e-03
2.1307710e-03
8.7408180e-04
5.8658440e-04
4.8897680e-04
4.7788240e-04
8.8621300e-04
1.3361860e-03
1.6350500e-03
1.9373190e-03
3.7766590e-04
-1.2984140e-03
-3.7038380e-03
-6.5964420e-03
-8.3072160e-03
-9.7359580e-03
-9.4605250e-03
-6.9322570e-03
-3.8661610e-03
-2.5595370e-03
-2.4447980e-03
-2.3772770e-03
-2.6840240e-03
-3.2373030e-03
-4.1979160e-03
-5.5704020e-03
-8.0886400e-03
-8.4847080e-03
-8.6287000e-03
-7.5861430e-03
-6.6653090e-03
-5.2483790e-03
-4.9944110e-03
-3.9529080e-03
-2.3308150e-03
-1.5503620e-03
-1.7083530e-03
-2.3075660e-03
-1.3711960e-03
-2.8958430e-04
3.1840040e-04
1.9171740e-03
3.4085940e-03
5.7316890e-03
6.3658860e-03
8.7550260e-03
1.0209710e-02
9.0611760e-03
8.1328690e-03
7.0493250e-03
6.1093450e-03
6.0123820e-03
5.4069500e-03
5.3309140e-03
5.4205530e-03
3.9405300e-03
3.1172470e-03
1.2083010e-03
-3.6044390e-04
-2.2148990e-03
-4.0280050e-03
-5.6320360e-03
-7.5962550e-03
-8.3203530e-03
-6.5400210e-03
-5.0490220e-03
-4.5158220e-03
-3.4094750e-03
-1.9691580e-03
-8.2378300e-04
-4.8620690e-05
1.6598370e-03
2.3266060e-03
3.6082520e-03
4.8322490e-03
5.9695580e-03
6.3357870e-03
8.1972880e-03
9.3044350e-03
8.5948880e-03
7.9688740e-03
5.2662110e-03
3.9632670e-03
2.2660170e-03
-4.5125220e-04
-1.5925870e-03
-1.4347430e-03
-4.1385410e-04
-7.9920620e-04
-6.7798810e-04
-6.0462080e-04
-6.7809290e-04
-1.1444540e-03
-3.0715040e-03
-5.2840080e-03
-5.5782860e-03
-5.3699720e-03
-4.4086420e-03
-2.4836130e-03
-1.8323330e-03
-5.0700220e-05
2.7624070e-04
1.6562580e-03
1.4102880e-03
2.3834760e-03
3.2064770e-03
4.7814620e-03
5.0732040e-03
4.8712840e-03
5.1097490e-03
2.9264390e-03
1.4913240e-03
-1.6472060e-03
-3.9216370e-03
-5.3039670e-03
-4.6792830e-03
-3.5816780e-03
-2.4955230e-03
-1.2768330e-03
-7.8640210e-04
-9.3134680e-04
-7.7844880e-04
-9.7359330e-04
-5.8031640e-04
-2.9263110e-04
1.5009160e-04
1.3001400e-03
1.3480400e-03
1.2358500e-03
2.2277110e-03
3.0715720e-03
2.5983210e-03
2.8941910e-03
2.8484120e-03
1.6954200e-03
-1.3937410e-04
-2.2919580e-04
-3.7815630e-05
1.8114870e-03
4.4556080e-03
6.6380950e-03
8.1464920e-03
8.5556340e-03
8.6132650e-03
6.9983610e-03
4.7718760e-03
1.8055820e-03
-6.9815310e-04
-2.7044710e-03
-4.2863880e-03
-4.9683840e-03
-5.4746950e-03
-4.0806700e-03
-2.1074450e-03
-8.1767830e-04
9.7400870e-04
2.3236050e-03
2.6937270e-03
2.5972730e-03
2.7746480e-03
2.4054660e-03
7.9548080e-04
-5.0576220e-05
5.7713340e-04
1.5540160e-03
1.4571310e-03
1.7408510e-03
1.3512490e-03
-5.8358660e-04
-2.7071000e-03
-5.2350610e-03
-7.5990600e-03
-9.5758940e-03
-1.0341690e-02
-1.0161340e-02
-7.4494810e-03
-3.6393450e-03
-8.6450970e-04
2.1969570e-03
3.0388050e-03
4.5087870e-03
4.7528580e-03
4.6151730e-03
5.1009730e-03
5.7265380e-03
7.2944870e-03
8.9258780e-03
1.0127090e-02
1.0569120e-02
9.9717690e-03
7.9461800e-03
5.5197460e-03
2.4810460e-03
3.5630410e-04
-1.7921730e-03
-2.1811800e-03
-3.3668230e-03
-3.0499660e-03
-2.8505850e-03
-9.5016190e-04
-3.0664480e-05
-8.8256410e-04
-8.2954040e-04
-1.0838720e-03
-1.1075140e-03
-1.8306990e-03
-2.2268780e-03
-2.6151950e-03
-1.8035350e-03
-9.9535340e-04
-2.0158670e-04
7.8211810e-04
4.0267410e-04
9.8586000e-04
4.2929370e-04
-1.3415800e-03
-1.8728090e-03
-1.8772410e-03
-1.6269560e-03
-8.7205460e-04
-6.5398290e-05
1.4580770e-03
2.4752950e-03
2.4640830e-03
2.9067710e-03
1.9784980e-03
1.0454390e-04
-1.2537760e-03
-1.2275050e-03
-2.4737030e-03
-2.3576540e-03
-2.1487120e-03
-1.1781890e-03
-1.9860830e-04
-8.4846450e-04
-2.5862440e-04
-6.4361270e-04
-2.1390370e-03
-2.8083610e-03
-3.7245190e-03
-3.3264150e-03
-3.1160800e-03
-2.4691470e-03
-2.9929290e-03
-1.9629710e-03
-1.1207120e-03
-4.8213760e-04
-2.7119770e-04
-1.0255170e-03
-8.4207090e-04
-1.8618700e-03
-3.3175970e-03
-3.5944420e-03
-4.5058980e-03
-4.4317790e-03
-5.3885950e-03
-5.4224780e-03
-5.3104490e-03
-4.1373140e-03
-1.7015250e-03
-7.8850480e-04
1.2297140e-03
2.3023180e-03
4.0617320e-03
3.9547930e-03
2.8795830e-03
2.2300350e-03
7.3621260e-04
-1.3974960e-04
-4.2226810e-04
-4.5922090e-04
-9.6144640e-04
-9.0299380e-04
-1.2273910e-03
-1.5134220e-03
-1.4661060e-03
-2.1996470e-03
-3.7011740e-03
-5.1871130e-03
-5.7003660e-03
-4.8788490e-03
-3.9461470e-03
-1.3361110e-03
2.2825620e-04
2.8041530e-03
4.5656180e-03
4.5181610e-03
3.6961000e-03
1.8432410e-03
3.9929680e-05
-3.0510440e-03
-4.3407630e-03
-4.5313860e-03
-3.0633590e-03
-1.2916590e-03
-6.5387990e-04
-2.3946170e-04
3.0420710e-04
1.4290760e-03
1.4909120e-03
9.4788760e-04
1.2024260e-03
1.1639460e-03
3.0674050e-03
4.5042420e-03
5.6544700e-03
7.0028180e-03
6.8450280e-03
7.0114420e-03
6.8263690e-03
5.9558000e-03
4.6947930e-03
2.8500870e-03
1.7951110e-03
-6.7917810e-04
-2.0865430e-03
-3.1325860e-03
-2.9501740e-03
-2.4589990e-03
-3.3330600e-03
-2.7708280e-03
-1.8435300e-03
-1.9518920e-03
-1.5120300e-03
-7.9834940e-04
-3.6620940e-04
-1.6222540e-04
-2.7909590e-04
-1.4898260e-04
9.3410360e-04
1.2666350e-03
8.2503470e-04
8.7898890e-04
9.1722620e-04
1.3320750e-03
3.0453970e-03
3.2638700e-03
4.8524080e-03
4.8142380e-03
4.1476080e-03
2.7957760e-03
6.4930940e-04
-1.4576380e-03
-3.9434740e-03
-4.8548640e-03
-5.0111230e-03
-2.0443610e-03
6.8549260e-05
1.9729990e-03
2.5215220e-03
2.7505150e-03
1.9814480e-03
1.3556250e-03
1.4615550e-03
1.4790790e-03
3.2302540e-03
5.7539160e-03
7.6500420e-03
9.9926650e-03
1.0940760e-02
1.1446320e-02
1.1053890e-02
1.0025540e-02
9.0639260e-03
5.4242260e-03
2.4282670e-03
3.3805110e-04
-1.3159920e-03
-3.4082060e-03
-4.1713120e-03
-4.6839480e-03
-5.7839910e-03
-5.8215650e-03
-6.6544580e-03
-6.8464280e-03
-6.6825980e-03
-5.7841360e-03
-5.6392330e-03
-5.5173220e-03
-4.2049390e-03
-3.7581270e-03
-2.0040460e-03
-8.2119950e-04
-2.1347450e-04
1.4737550e-03
1.1618650e-03
1.0598460e-03
-4.4587930e-05
-1.0899690e-04
-7.2471610e-04
-1.5113490e-03
-1.3801610e-03
-1.4356720e-03
-2.0835570e-03
-1.7249130e-03
-8.1967810e-04
9.6885770e-04
2.2427020e-03
3.7609300e-03
4.3325650e-03
1.9030270e-03
5.3083280e-04
-1.7235050e-03
-3.2516610e-03
-4.2698990e-03
-5.3404300e-03
-5.0091390e-03
-5.1045660e-03
-5.0527510e-03
-4.9259540e-03
-4.8642100e-03
-4.9908260e-03
-5.1408270e-03
-5.2340770e-03
-4.5041510e-03
-4.5872710e-03
-4.3309060e-03
-3.5126030e-03
-1.3107870e-03
4.0439870e-04
2.4244040e-03
3.1440510e-03
3.6769870e-03
4.8731090e-03
4.8388730e-03
3.9168640e-03
3.1115720e-03
2.7499200e-03
2.4150670e-03
2.1834940e-03
2.7599720e-03
2.6350750e-03
2.5324900e-03
2.6742490e-03
