0.01
-1.6994302e-03
-3.1242364e-03
-3.0090519e-03
-2.6859689e-03
-1.2603556e-03
2.8305118e-04
2.1489896e-03
3.2768208e-03
3.0487521e-03
2.0308641e-03
1.9043285e-04
-9.5278382e-04
2.7516758e-04
3.9134989e-03
5.9995490e-03
4.5481791e-03
6.2004658e-04
-1.0421805e-03
-1.5206750e-03
-4.4425845e-03
-8.6823101e-03
-7.5840156e-03
-1.4519479e-03
3.2018298e-03
3.4257189e-03
-7.9467805e-04
-3.9125465e-03
-3.1946422e-03
-4.8152850e-03
-6.1333196e-03
-1.8384291e-03
4.9621047e-03
1.0644671e-02
1.4030542e-02
8.6805224e-03
4.4357651e-04
-3.0255376e-03
-4.1518227e-03
-6.0080238e-03
-6.2911993e-03
-3.7786393e-03
5.0255176e-03
9.5008887e-03
-2.3203521e-06
-1.0262720e-02
-1.2448003e-02
-7.0782324e-03
-2.3913630e-04
-2.5006383e-03
-1.5751338e-03
1.1452047e-02
2.0001712e-02
8.8470855e-03
-8.8436375e-03
-1.0661547e-02
-4.2774189e-03
2.8471241e-03
6.9386758e-03
4.8505717e-03
3.3598130e-03
4.9403343e-03
-9.0957740e-05
-9.6990206e-03
-8.8850733e-03
-4.3356753e-03
-2.4508387e-03
1.4082990e-03
7.2661272e-03
1.0236973e-02
1.0965786e-02
4.7659636e-03
-6.7233802e-03
-7.2903518e-03
1.4773223e-03
8.9493577e-03
5.6616107e-03
-2.0811534e-03
-4.6124038e-03
-7.3174919e-03
-1.1683939e-02
-1.3832339e-02
-3.6573819e-03
5.0319158e-03
3.0649107e-03
8.0191380e-04
5.8699086e-03
1.1822740e-02
5.3830372e-03
-3.4445902e-03
-2.6813476e-03
2.9159593e-03
4.1268149e-03
4.7664592e-04
-2.8905805e-03
-4.0751072e-04
-4.0045789e-04
-3.5626975e-03
-2.7539034e-03
2.6686185e-03
6.1907570e-03
3.3420799e-03
-1.8392004e-03
-5.9201185e-03
-7.2124903e-03
-8.4443018e-03
-8.1047497e-03
-4.8580808e-03
-1.7558832e-03
-2.3075683e-03
-1.8211663e-03
2.7285493e-03
6.6458647e-03
6.5727627e-03
7.0434647e-03
9.4725960e-03
6.9261837e-03
-2.3541917e-03
-6.7893021e-03
-7.0053659e-04
3.2715034e-03
-9.5691682e-04
-3.3207134e-03
8.2395921e-04
5.1370687e-03
2.7467780e-03
-3.0101239e-03
-4.7914116e-03
-2.3630190e-03
-4.8168319e-04
-2.3965070e-03
-4.1692408e-03
-3.0023792e-03
-1.4126649e-03
-4.0064276e-03
-8.4240358e-03
-5.9200138e-03
2.0926405e-03
7.6725299e-03
6.4484920e-03
2.9895308e-03
2.2523968e-03
3.4166327e-03
2.7352477e-03
-3.8028701e-04
-2.1360417e-03
-2.1162295e-03
-2.7073324e-03
-2.3436509e-03
-3.3492996e-04
-1.7802737e-04
-7.0107253e-04
1.2138090e-03
4.5530489e-03
6.6892236e-03
4.6565239e-03
-1.0263143e-04
-1.6253314e-03
4.8272117e-05
1.1123611e-03
3.5868479e-04
2.3391525e-04
1.0406724e-03
2.3430705e-03
2.3618175e-03
2.6108490e-03
5.3153221e-03
6.7053731e-03
3.3714611e-03
8.1410941e-04
4.2436120e-03
6.8916630e-03
2.9275979e-03
-2.8666843e-03
-3.4420748e-03
-1.1068692e-03
-2.7050366e-03
-8.2401622e-03
-1.0596113e-02
-7.1821583e-03
-4.3145158e-03
-4.5373730e-03
-4.3510698e-03
-2.8468971e-03
-2.6492629e-03
-4.0272214e-03
-4.6004976e-03
-2.5132181e-03
2.7670551e-03
8.7179932e-03
1.1777521e-02
8.6036304e-03
2.9643715e-03
2.2828805e-04
5.8681146e-04
-5.6752000e-04
-5.1951478e-03
-8.0079838e-03
-5.5379792e-03
-2.4267398e-03
-2.5226271e-03
-4.8797114e-03
-6.2542292e-03
-5.2585759e-03
-3.5252102e-03
-2.8766706e-03
-2.1710992e-03
-1.6224291e-04
5.9513945e-04
-3.4939717e-04
-4.8045280e-04
1.8959907e-03
6.2435558e-03
9.5226348e-03
8.7317242e-03
5.9055396e-03
5.4823563e-03
6.2074522e-03
3.3783448e-03
-8.9355734e-04
-1.0551840e-03
4.1622781e-03
7.6965551e-03
4.5867461e-03
-2.3402049e-05
-1.0561141e-04
3.1126469e-03
3.8396370e-03
1.0426483e-03
-1.4327370e-03
-2.0751049e-03
-4.1872245e-03
-6.6213270e-03
-5.9030182e-03
-2.0141827e-03
7.3601803e-04
2.0593694e-04
-1.2175470e-03
-1.1777832e-04
3.9672187e-03
3.8169711e-03
-1.6113476e-03
-6.2358601e-03
-7.5218341e-03
-5.3220034e-03
-1.7067463e-03
6.1743839e-04
-2.1075371e-04
-2.7756096e-03
-4.9862488e-03
-4.4420929e-03
-3.7300654e-04
4.2310094e-03
6.8424224e-03
6.0216787e-03
1.9136954e-03
-6.0501198e-03
-1.5662512e-02
-2.3382494e-02
-2.6273252e-02
-2.4440787e-02
-2.0736899e-02
-1.5843792e-02
-7.7835518e-03
3.6765305e-03
1.4344954e-02
1.9968141e-02
1.8882061e-02
1.3022416e-02
5.7254151e-03
-6.7724756e-03
-2.8300892e-02
-5.4416750e-02
-6.7943513e-02
-7.6001166e-02
-7.3363448e-02
-6.8641376e-02
-5.8998729e-02
-2.8153791e-02
3.1326458e-02
9.4436739e-02
1.1931803e-01
1.0184173e-01
7.4808036e-02
4.8933574e-02
3.5061306e-02
2.5562157e-02
1.0481584e-02
3.3011367e-04
7.4131409e-03
2.3882704e-02
4.1543143e-02
5.6271617e-02
6.6015215e-02
7.1538230e-02
7.3808491e-02
7.0969488e-02
5.9506958e-02
3.8368383e-02
1.5113451e-02
-2.6452941e-03
-1.7108854e-02
-3.1303321e-02
-5.3380867e-02
-7.3864060e-02
-8.5468217e-02
-8.6377217e-02
-6.5278924e-02
-4.6350585e-02
-3.6883626e-02
-3.3911703e-02
-3.2860572e-02
-2.9852520e-02
-2.3770853e-02
-1.6400227e-02
-5.9866515e-03
-1.7833468e-04
-9.2311170e-03
-2.2059531e-02
-2.8685258e-02
-2.6158453e-02
-1.7494002e-02
-7.8365773e-03
4.2867917e-04
5.6100517e-03
8.7540805e-03
1.1150888e-02
1.5988655e-02
2.1985437e-02
2.3403433e-02
2.0814808e-02
1.7184936e-02
1.4027877e-02
1.3441095e-02
1.5778568e-02
1.7087485e-02
1.8365457e-02
2.2670831e-02
2.6775761e-02
3.0419048e-02
2.9748058e-02
2.1134664e-02
8.9130445e-03
-4.3951531e-03
-1.3865357e-02
-2.1442263e-02
-2.4346128e-02
-2.2299088e-02
-1.8004345e-02
-1.3593455e-02
-1.1149898e-02
-1.1284404e-02
-1.2844254e-02
-1.4506131e-02
-1.4720053e-02
-1.2635659e-02
-8.5057652e-03
-2.5436841e-03
2.7018787e-03
6.1949115e-03
6.5009673e-03
4.9765133e-03
4.5560574e-03
4.4154784e-03
2.6008496e-03
-5.4779852e-04
-3.3876332e-03
-4.0413361e-03
-2.9500914e-03
-8.2924684e-04
2.1555986e-03
5.2859104e-03
7.3500160e-03
7.8475298e-03
8.5483497e-03
1.0051058e-02
9.9302730e-03
7.3428455e-03
1.5925203e-03
-5.2773542e-03
-1.0662286e-02
-1.2249013e-02
-9.1560161e-03
-3.3868752e-03
2.8331644e-03
8.1021492e-03
1.1899445e-02
1.4259286e-02
1.4994839e-02
1.4762052e-02
1.3563830e-02
1.1015708e-02
7.5007186e-03
4.4165311e-03
2.7703155e-03
2.3823553e-03
2.6519860e-03
3.6658017e-03
4.4226763e-03
4.1731788e-03
3.1775231e-03
1.2835934e-03
-1.5606499e-03
-5.3827681e-03
-8.7702589e-03
-1.0475258e-02
-1.0840197e-02
-1.0995310e-02
-1.0971162e-02
-1.0607044e-02
-8.8668898e-03
-6.2312262e-03
-3.7845856e-03
-1.6028552e-03
-7.4421584e-05
3.0771404e-04
-3.0246616e-04
-1.5018640e-03
-2.2687650e-03
-3.1575742e-03
-3.4819559e-03
-3.3228680e-03
-2.9163904e-03
-2.0734088e-03
-4.7175113e-04
2.3581925e-03
6.1867616e-03
8.7216855e-03
8.6619951e-03
5.8583658e-03
2.4034662e-03
-4.5056987e-04
-2.3298179e-03
-3.4429031e-03
-4.5413065e-03
-5.9320796e-03
-7.7012665e-03
-9.1518821e-03
-8.5462295e-03
-5.5127230e-03
-2.0464948e-03
1.6284302e-03
5.2045491e-03
9.1262181e-03
1.1995523e-02
1.3700534e-02
1.5021575e-02
1.5487516e-02
1.5012067e-02
1.3250184e-02
1.1015335e-02
9.3277514e-03
7.6331787e-03
5.2444941e-03
1.8338594e-03
-1.6107577e-03
-4.3808707e-03
-6.4586382e-03
-9.0567468e-03
-1.2519051e-02
-1.6580270e-02
-2.0292992e-02
-2.2447448e-02
-2.3037841e-02
-2.2648157e-02
-2.0905906e-02
-1.8342009e-02
-1.5548014e-02
-1.3644729e-02
-1.2904878e-02
-1.3505588e-02
-1.5051119e-02
-1.6551667e-02
-1.6883081e-02
-1.4784048e-02
-1.0433194e-02
-4.7344754e-03
2.1608654e-03
1.0237197e-02
1.8893610e-02
2.6241027e-02
3.0452106e-02
3.1715764e-02
3.0548291e-02
2.7220550e-02
2.2986575e-02
1.7938275e-02
1.2578544e-02
8.2187025e-03
5.1984921e-03
3.6101103e-03
3.5839388e-03
4.5558364e-03
6.0554840e-03
7.6108459e-03
8.4027175e-03
7.8745176e-03
6.0610426e-03
2.6398406e-03
-1.0156008e-03
-4.4602123e-03
-8.4506975e-03
-1.2188221e-02
-1.5558636e-02
-1.7906337e-02
-1.8600680e-02
-1.7808799e-02
-1.5549731e-02
-1.2704205e-02
-9.4412468e-03
-6.4301523e-03
-3.8648453e-03
-2.6487937e-03
-2.4344578e-03
-1.9639279e-03
-1.1019262e-03
-4.1865489e-04
-6.1643849e-06
6.6130466e-04
2.0409166e-03
3.7905761e-03
5.0615713e-03
5.6114699e-03
5.6235872e-03
5.1021599e-03
4.5608070e-03
4.6037504e-03
5.2895680e-03
6.4310397e-03
7.8820606e-03
1.1800478e-02
1.5425203e-02
1.7758506e-02
1.8255542e-02
1.7662175e-02
1.5861416e-02
1.3194680e-02
9.6905891e-03
6.2982607e-03
3.2460381e-03
6.7174141e-04
-2.2700686e-03
-5.2579271e-03
-8.5512886e-03
-1.1269388e-02
-1.3780533e-02
-1.5713787e-02
-1.6042784e-02
-1.4559620e-02
-1.1767921e-02
-8.8425518e-03
-6.3516799e-03
-4.4396060e-03
-3.8476845e-03
-4.4953002e-03
-6.0370342e-03
-7.5422100e-03
-7.8807767e-03
-7.1504225e-03
-5.5996054e-03
-3.5316762e-03
-1.3960930e-03
2.5400169e-04
1.1802062e-03
1.9642427e-03
2.9205475e-03
3.5785598e-03
3.7032066e-03
3.4414205e-03
3.0162561e-03
2.3318382e-03
1.9340147e-03
1.9350686e-03
2.2699703e-03
2.5601000e-03
2.6441405e-03
2.4492833e-03
1.9177649e-03
8.6559617e-04
-5.5701490e-04
-1.6707138e-03
-2.1895139e-03
-2.2617388e-03
-2.0872744e-03
-1.8064965e-03
-1.3720344e-03
-7.6740905e-04
1.2419897e-04
1.1444113e-03
2.2849623e-03
3.8169100e-03
5.1840524e-03
6.1457982e-03
6.5670517e-03
6.3631351e-03
5.9000188e-03
5.5429074e-03
4.9656892e-03
4.0557012e-03
2.8114775e-03
1.3702328e-03
3.3274533e-04
-8.5484405e-05
-4.3221050e-04
-6.7586146e-04
-3.1257591e-04
5.3346334e-04
1.3398719e-03
1.5007099e-03
1.0526600e-03
8.7650449e-04
1.0661309e-03
1.2512848e-03
1.1228023e-03
1.9296312e-04
-1.0626240e-03
-2.5408497e-03
-4.2925858e-03
-6.2013286e-03
-7.7150495e-03
-8.8682014e-03
-9.6744427e-03
-9.7000377e-03
-9.1279876e-03
-8.0765281e-03
-6.5908128e-03
-5.2704379e-03
-4.7072202e-03
-4.8772026e-03
-5.1270964e-03
-4.7638836e-03
-3.4898936e-03
-1.5365803e-03
1.0251366e-03
3.3754742e-03
4.9550358e-03
5.5050073e-03
5.5314174e-03
5.4364724e-03
5.0477872e-03
4.4551618e-03
3.8397674e-03
3.0049824e-03
1.9907261e-03
8.3765423e-04
-7.6110800e-04
-2.5725361e-03
-4.1361096e-03
-5.1548443e-03
-5.6676946e-03
-6.1088378e-03
-6.5097698e-03
-7.0741814e-03
-7.4843501e-03
-7.5791207e-03
-7.3050087e-03
-6.6726360e-03
-5.9640963e-03
-4.8594132e-03
-3.2433100e-03
-1.4551771e-03
4.6375683e-04
2.8539973e-03
5.7614612e-03
8.5654499e-03
1.0895487e-02
1.3023792e-02
1.4856414e-02
1.6008426e-02
1.6490336e-02
1.6687411e-02
1.6659087e-02
1.6256328e-02
1.5476651e-02
1.4003841e-02
1.2237805e-02
1.0209397e-02
8.3605537e-03
6.7828720e-03
5.1981366e-03
3.2626986e-03
1.1142924e-03
-8.4208180e-04
-2.6258509e-03
-4.2659622e-03
-5.7787040e-03
-6.9693890e-03
-7.6159816e-03
-7.5349995e-03
-7.0580786e-03
-7.0980796e-03
-8.2360082e-03
-1.0005327e-02
-1.2102909e-02
-1.3908327e-02
-1.5607678e-02
-1.7428795e-02
-1.8968414e-02
-1.9529857e-02
-1.8375844e-02
-1.5911017e-02
-1.3209134e-02
-1.0814040e-02
-8.0620595e-03
-5.0129736e-03
-2.5720310e-03
-1.4199182e-03
-1.0845460e-03
-4.6379870e-04
4.8482081e-04
1.4084886e-03
1.9801038e-03
2.4344607e-03
2.9900716e-03
3.6744118e-03
4.1369157e-03
4.2328686e-03
4.5697855e-03
5.1742364e-03
5.7662735e-03
6.5728988e-03
7.5678590e-03
8.6046326e-03
9.5430610e-03
1.0348749e-02
1.1293594e-02
1.2231685e-02
1.2673837e-02
1.2405021e-02
1.1507233e-02
1.0387190e-02
8.8080460e-03
6.9620269e-03
5.6113468e-03
4.7739168e-03
4.6941074e-03
4.9545469e-03
5.0016016e-03
4.7181883e-03
3.9625496e-03
2.7699011e-03
1.2287230e-03
-6.8023679e-04
-2.4069866e-03
-3.7418593e-03
-4.2894226e-03
-4.7633668e-03
-5.3046074e-03
-5.6813526e-03
-5.6236730e-03
-5.4944984e-03
-5.7740554e-03
-6.0327246e-03
-6.1813832e-03
-6.1855469e-03
-5.7090421e-03
-4.9773647e-03
-3.7981573e-03
-2.3648911e-03
-8.8880399e-04
3.3653443e-04
1.2350863e-03
1.9693466e-03
2.4582891e-03
3.1130349e-03
3.6943500e-03
4.0600686e-03
4.0464012e-03
3.4281435e-03
2.7960443e-03
2.3061676e-03
1.7065493e-03
1.2498964e-03
7.1629818e-04
4.9318031e-04
7.6764139e-04
8.9361147e-04
8.3758824e-04
7.6720432e-04
7.0110404e-04
4.7058465e-04
-9.4534629e-05
-1.0776066e-03
-2.3558488e-03
-3.5945271e-03
-4.6589591e-03
-5.5941416e-03
-6.2951701e-03
-6.8956716e-03
-7.5225455e-03
-7.8084626e-03
-7.3094577e-03
-6.2880941e-03
-5.5094459e-03
-4.9680275e-03
-4.5862369e-03
-3.8687206e-03
-3.1827178e-03
-2.9574944e-03
-3.1164769e-03
-3.1243587e-03
-2.8960022e-03
-2.4456809e-03
-1.7036606e-03
-2.9739513e-04
1.5329156e-03
3.6588363e-03
5.8808750e-03
7.9538161e-03
9.6314536e-03
1.0126766e-02
9.4341598e-03
7.8965640e-03
6.1178545e-03
4.4222129e-03
3.0236401e-03
2.0380289e-03
1.3033013e-03
7.5887139e-04
5.8011066e-04
7.4599655e-04
9.5171185e-04
5.5619881e-04
-5.9547722e-05
-5.4916775e-04
-6.5700520e-04
-4.8422163e-04
-4.6093426e-04
-8.5060416e-04
-1.7468377e-03
-2.8983162e-03
-3.9623844e-03
-5.0252489e-03
-6.2333618e-03
-7.2302121e-03
-7.7508252e-03
-7.6026707e-03
-7.0577486e-03
-6.2324067e-03
-5.0870343e-03
-3.4279500e-03
-1.0831955e-03
1.3126822e-03
3.6051229e-03
5.3872416e-03
6.8676029e-03
8.0813258e-03
8.7239194e-03
8.7552033e-03
8.1375246e-03
6.9638094e-03
5.3436557e-03
3.4097619e-03
1.4545262e-03
-4.0910410e-04
-1.9997418e-03
-2.7529837e-03
-3.0469656e-03
-2.8524229e-03
-2.4091822e-03
-1.5341236e-03
-7.5155467e-04
-3.0827083e-05
7.5689778e-04
1.6041906e-03
2.5425540e-03
2.8249846e-03
2.7480986e-03
2.4168685e-03
2.0675868e-03
1.6402627e-03
1.2264925e-03
9.6733606e-04
8.0644145e-04
7.0852346e-04
1.0883744e-03
2.0790831e-03
3.1130454e-03
3.5092689e-03
3.8790994e-03
4.3232033e-03
4.4207035e-03
3.6506336e-03
2.2824487e-03
1.0736664e-03
-6.5396274e-05
-1.2832171e-03
-2.7296648e-03
-4.0633190e-03
-5.3260448e-03
-6.3776318e-03
-6.9679411e-03
-7.2218546e-03
-7.5079276e-03
-7.8645610e-03
-8.2448947e-03
-8.4707681e-03
-8.3617759e-03
-7.7698822e-03
-7.0294088e-03
-6.1305354e-03
-5.2277134e-03
-4.1256452e-03
-2.9300941e-03
-1.9349508e-03
-1.4555640e-03
-1.3604626e-03
-1.4713184e-03
-1.7220362e-03
-1.6241046e-03
-1.2366635e-03
-6.4376338e-04
2.6632672e-04
1.5206634e-03
2.8703400e-03
3.8760970e-03
4.6235759e-03
5.2910868e-03
5.8457158e-03
6.0177513e-03
5.7732979e-03
5.2935875e-03
4.4804439e-03
3.4640103e-03
2.2620549e-03
1.1585726e-03
5.3616486e-04
5.6708981e-04
8.3306300e-04
1.2896660e-03
1.9969783e-03
2.9933365e-03
3.9979780e-03
4.4286143e-03
4.2027257e-03
4.0914823e-03
4.0814636e-03
3.8860854e-03
3.2933650e-03
2.4152682e-03
1.9151893e-03
1.6582530e-03
1.5274454e-03
1.2804953e-03
1.0955651e-03
1.0416356e-03
1.0725690e-03
1.0411569e-03
1.0654397e-03
1.1942105e-03
1.2329849e-03
9.2656691e-04
2.4141580e-04
-6.2891716e-04
-1.4429811e-03
-2.4437962e-03
-3.6500505e-03
-4.6164723e-03
-4.9066489e-03
-5.0049970e-03
-4.9944416e-03
-4.5753372e-03
-3.7623995e-03
-3.0093782e-03
-2.5388299e-03
-1.8824259e-03
-9.0781309e-04
-6.1380414e-05
4.9788043e-04
7.3698652e-04
1.0222371e-03
1.1372867e-03
7.7776264e-04
2.6442602e-04
-1.0127206e-05
5.8575976e-05
2.7759405e-04
3.9999743e-04
1.1381004e-04
-4.1614920e-04
-1.1755181e-03
-2.0409555e-03
-2.6202926e-03
-2.8134640e-03
-2.5522862e-03
-2.1366630e-03
-1.9134978e-03
-1.6219367e-03
-9.7705892e-04
-4.8515755e-04
-6.5154553e-04
-1.1215911e-03
-1.6455846e-03
-1.8953021e-03
-1.9648051e-03
-2.1016748e-03
-1.7820035e-03
-8.6564691e-04
1.5989870e-04
9.2141372e-04
1.2198430e-03
1.5595390e-03
1.9351863e-03
1.8964399e-03
1.5129884e-03
8.9681074e-04
2.0556516e-04
-2.7702173e-04
-6.5158685e-04
-8.4684850e-04
-7.2511248e-04
-3.5112139e-04
1.2442461e-04
5.9019432e-04
9.8218997e-04
1.2013195e-03
1.3299832e-03
1.3122333e-03
8.0012199e-04
2.1957795e-04
-4.7833694e-04
-1.4711005e-03
-2.4371436e-03
-3.2699650e-03
-3.5771333e-03
-3.4611060e-03
-3.1833563e-03
-2.9181402e-03
-2.5768919e-03
-2.0876903e-03
-1.5634606e-03
-1.0029277e-03
-2.4482867e-04
7.1124777e-04
1.6842029e-03
2.6228429e-03
3.2719980e-03
3.7889759e-03
4.4246472e-03
4.8530695e-03
4.9439881e-03
5.0472223e-03
5.2464631e-03
5.6209069e-03
5.7450899e-03
5.6153220e-03
5.2570778e-03
4.8449635e-03
4.2138917e-03
3.2931519e-03
2.1055245e-03
8.9459262e-04
-7.6585266e-05
-5.0882101e-04
-5.4004987e-04
-2.0944531e-04
2.9332134e-04
7.0661379e-04
1.0810797e-03
1.3379652e-03
1.8017945e-03
2.3885589e-03
2.7892165e-03
2.9018436e-03
3.0439049e-03
3.0842291e-03
3.0460767e-03
2.6832279e-03
1.9773140e-03
1.0385182e-03
5.4926418e-05
-5.9501408e-04
-9.5656365e-04
-1.1237924e-03
-1.3121615e-03
-1.2416046e-03
-1.0128639e-03
-9.4344519e-04
-9.8666751e-04
-1.2226767e-03
-1.6178565e-03
-1.9755895e-03
-2.4479110e-03
-2.8796413e-03
-3.3904199e-03
-3.7100351e-03
-3.6719608e-03
-3.3661379e-03
-3.0567772e-03
-2.6944460e-03
-2.2242432e-03
-1.6978210e-03
-1.3101606e-03
-1.0751378e-03
-1.0780455e-03
-1.7168832e-03
-2.5106064e-03
-3.1721150e-03
-3.6026289e-03
-3.5797048e-03
-3.1736330e-03
-2.1719270e-03
-7.1029310e-04
6.1931179e-04
1.4340992e-03
1.7149779e-03
1.5187621e-03
1.1718033e-03
7.1099104e-04
-2.6082211e-05
-7.0207463e-04
-1.0464665e-03
-1.0628137e-03
-9.1657555e-04
-7.8860391e-04
-5.1914703e-04
1.8873538e-06
4.8909570e-04
8.5630714e-04
1.2791019e-03
1.6260105e-03
1.7038620e-03
1.5242463e-03
1.1906617e-03
8.4037855e-04
5.0630464e-04
-7.5142622e-05
-6.9753215e-04
-1.4490676e-03
-2.2209105e-03
-2.6780696e-03
-2.8662636e-03
-2.8860259e-03
-2.5489056e-03
-2.0002774e-03
-1.4480361e-03
-8.3865838e-04
-1.1775746e-04
4.2820824e-04
4.1193787e-04
2.0033799e-05
-2.1157511e-04
-4.0021641e-04
-1.0002415e-03
-1.9259213e-03
-2.6113800e-03
-3.0148277e-03
-3.2393894e-03
-3.2287395e-03
-3.0810902e-03
-2.8524130e-03
-2.5385838e-03
-2.0667262e-03
-1.3901463e-03
-9.5133821e-04
-7.2298555e-04
-4.3869544e-04
1.0046639e-04
8.5892355e-04
1.6926732e-03
2.4972995e-03
3.2169059e-03
3.7971252e-03
4.3025804e-03
4.7487763e-03
4.6935517e-03
4.2237559e-03
3.7911572e-03
3.4801543e-03
3.2480924e-03
3.1329995e-03
3.1098509e-03
3.0480625e-03
3.1091229e-03
3.3199141e-03
3.2963451e-03
2.9074841e-03
2.1363181e-03
1.3057784e-03
5.8480404e-04
-4.3279441e-05
-6.1156837e-04
-1.1271385e-03
-1.7838744e-03
-2.5166236e-03
-3.0947368e-03
-3.2856548e-03
-3.2457273e-03
-3.0849687e-03
-2.5562596e-03
-1.7699626e-03
-1.0048551e-03
-4.7310698e-04
-2.7679826e-04
-4.8589192e-04
-9.9954547e-04
-1.4345170e-03
-1.7014646e-03
-1.8024423e-03
-1.6070538e-03
-1.0527355e-03
-2.8431806e-04
5.9857172e-04
1.4593631e-03
2.2460374e-03
2.7991228e-03
3.0666241e-03
3.2257342e-03
3.2585922e-03
3.0494704e-03
2.7391713e-03
2.3934403e-03
1.8492267e-03
1.0395033e-03
1.0425514e-05
-8.4983926e-04
-1.3530759e-03
-1.7306093e-03
-1.9034532e-03
-1.8618811e-03
-1.6821708e-03
-1.4012785e-03
-1.1992156e-03
-1.0408115e-03
-1.0440506e-03
-1.0068384e-03
-1.0012866e-03
-9.2423999e-04
-5.4519664e-04
1.0178877e-04
9.1104371e-04
1.4784196e-03
1.9464961e-03
2.4267542e-03
2.7762920e-03
2.8327115e-03
2.9137832e-03
3.0308755e-03
3.1638668e-03
2.9417838e-03
2.4002050e-03
1.9065293e-03
1.3628112e-03
6.9056014e-04
1.5079708e-04
-1.8898375e-04
-4.5547317e-04
-8.3445686e-04
-1.3158680e-03
-1.8826305e-03
-2.3811106e-03
-2.7356595e-03
-3.1235415e-03
-3.4595291e-03
-3.7043893e-03
-3.6335035e-03
-3.3396879e-03
-3.0969432e-03
-3.1468709e-03
-2.9738229e-03
-2.8237316e-03
-2.7058961e-03
-2.5601055e-03
-2.3938300e-03
-2.0532250e-03
-1.7201277e-03
-1.3761695e-03
-1.0053964e-03
-7.6247532e-04
-6.0152105e-04
-6.2281638e-04
-7.8413992e-04
-8.1855107e-04
-7.5042744e-04
-7.1925441e-04
-7.3738342e-04
-5.1994780e-04
-1.2216820e-07
4.8830881e-04
7.7275440e-04
8.6668013e-04
1.0728178e-03
1.2362802e-03
1.2316627e-03
1.3256927e-03
1.4185767e-03
1.5771348e-03
1.8151292e-03
2.1530849e-03
2.5347972e-03
2.8685308e-03
2.9919264e-03
2.9443456e-03
2.8492653e-03
2.8130258e-03
2.8854718e-03
2.9327207e-03
3.1129776e-03
3.3547970e-03
3.6657073e-03
3.8583549e-03
3.9109687e-03
3.8352449e-03
3.3759162e-03
2.9358482e-03
2.6870215e-03
2.3393003e-03
1.7855357e-03
1.1058450e-03
4.0540962e-04
-1.5545922e-04
-7.7053348e-04
-1.2330522e-03
-1.2837510e-03
-1.0910942e-03
-8.1952442e-04
-7.3397267e-04
-7.5440718e-04
-7.4417344e-04
-8.7031132e-04
-9.7212265e-04
-1.3357996e-03
-1.7755174e-03
-2.1957483e-03
-2.5260833e-03
-2.7603023e-03
-2.8780074e-03
-2.9577138e-03
-3.0398754e-03
-3.1609983e-03
-3.3654602e-03
-3.4050277e-03
-3.3996025e-03
-3.4215879e-03
-3.4165310e-03
-3.0899327e-03
-2.4916352e-03
-1.8532990e-03
-1.2705622e-03
-7.2881117e-04
-2.6109631e-04
1.8131190e-04
6.7662821e-04
1.2617916e-03
1.8735872e-03
2.4189299e-03
2.8257074e-03
3.0369902e-03
2.8339138e-03
2.5085520e-03
2.0598144e-03
1.4885076e-03
7.7122705e-04
1.5223711e-04
-1.0934169e-04
-2.5136006e-04
-4.9739497e-04
-9.9707871e-04
-1.7429926e-03
-2.4451443e-03
-3.0914328e-03
-3.4421739e-03
-3.5984007e-03
-3.5850720e-03
-3.4694068e-03
-3.1065953e-03
-2.7106382e-03
-2.2156420e-03
-1.7591154e-03
-1.3754091e-03
-1.0912534e-03
-8.9661508e-04
-5.8241446e-04
-3.9032265e-04
-3.7934521e-04
-5.8373430e-04
-7.1776298e-04
-6.4324278e-04
-4.1464367e-04
-7.6250739e-05
3.5103503e-04
7.7891399e-04
1.2661352e-03
1.7374445e-03
2.2037424e-03
2.5495960e-03
2.7456846e-03
2.9595844e-03
3.3223440e-03
3.7913083e-03
4.0485563e-03
3.7917422e-03
3.3067497e-03
2.7721868e-03
2.0865255e-03
1.2422879e-03
4.5559256e-04
1.2482419e-05
-9.7135022e-06
2.3867155e-04
7.5426557e-04
1.5550442e-03
2.4222395e-03
2.9905525e-03
3.2793940e-03
3.3012058e-03
3.0206298e-03
2.4926840e-03
1.6856864e-03
8.5185159e-04
1.3614695e-04
-6.8262552e-04
-1.4055335e-03
-2.1016243e-03
-2.6464012e-03
-2.8654198e-03
-2.9316688e-03
-2.9953304e-03
-3.0489367e-03
-3.1120482e-03
-3.1378392e-03
-3.2454363e-03
-3.3823488e-03
-3.2814224e-03
-2.8187031e-03
-2.1852941e-03
-1.6223773e-03
-1.1848739e-03
-8.4176352e-04
-6.5782491e-04
-5.2656292e-04
-5.5800170e-04
-6.0641179e-04
-5.3945308e-04
-1.1312047e-04
6.6293477e-04
1.4023310e-03
1.9978310e-03
2.4283443e-03
2.6268849e-03
2.5286330e-03
2.1316764e-03
1.6631176e-03
1.2950614e-03
9.8570774e-04
6.1003844e-04
3.2461434e-04
1.3396849e-04
4.9617869e-05
-1.2081970e-06
6.4023368e-05
3.4383118e-04
7.4680005e-04
9.7576547e-04
1.1510051e-03
1.4904233e-03
2.0613236e-03
2.6288581e-03
2.9751227e-03
3.1498305e-03
3.2696251e-03
3.2759539e-03
2.9345367e-03
2.4709713e-03
1.9578181e-03
1.5713886e-03
1.3482702e-03
1.0395301e-03
7.2830571e-04
4.1174999e-04
-3.3398192e-05
-6.3193423e-04
-1.4112858e-03
-2.2871072e-03
-3.0468528e-03
-3.8134071e-03
-4.3654516e-03
-4.6834366e-03
-4.8239895e-03
-4.7380204e-03
-4.4337414e-03
-3.7103122e-03
-2.7178374e-03
-1.6864525e-03
-8.3501897e-04
-2.4148996e-04
1.3000797e-04
2.5410736e-04
1.0346890e-04
-2.0521225e-04
-6.8640858e-04
-1.2550524e-03
-1.9636733e-03
-2.5566828e-03
-2.7804526e-03
-2.7425107e-03
-2.4355329e-03
-1.8860831e-03
-1.1201385e-03
-2.2505519e-04
6.6506669e-04
1.4111715e-03
2.1452014e-03
2.5754154e-03
2.7546006e-03
2.7806414e-03
2.6998573e-03
2.6295927e-03
2.3612324e-03
2.0861030e-03
1.8801645e-03
1.7551598e-03
1.7581978e-03
1.7503891e-03
1.6974247e-03
1.5538679e-03
1.4512276e-03
1.3995384e-03
1.4202857e-03
1.4917163e-03
1.5578662e-03
1.5645267e-03
1.5696757e-03
1.4686755e-03
1.4178755e-03
1.3148889e-03
1.1087601e-03
9.1861821e-04
6.7135394e-04
4.0666736e-04
4.2250776e-04
6.5107464e-04
9.9746192e-04
1.2697221e-03
1.3904881e-03
1.3150205e-03
8.9872844e-04
2.4246977e-04
-5.3629512e-04
-1.2154195e-03
-1.8368278e-03
-2.5228521e-03
-3.1924421e-03
-3.8855734e-03
-4.4438685e-03
-4.9255257e-03
-5.0931028e-03
-4.8967572e-03
-4.4379398e-03
-3.8766325e-03
-3.3404834e-03
-2.7973389e-03
-2.2658100e-03
-1.8806517e-03
-1.5865141e-03
-1.4174775e-03
-1.2044259e-03
-1.0160231e-03
-7.8577560e-04
-6.6417383e-04
-6.5808318e-04
-7.8442674e-04
-1.0231673e-03
-1.3176884e-03
-1.7143099e-03
-2.1418516e-03
-2.5070475e-03
-2.6931896e-03
-2.5429680e-03
-2.1851095e-03
-1.8111976e-03
-1.3818427e-03
-1.0257717e-03
-8.0305569e-04
-5.9254807e-04
-3.9342587e-04
-1.7054490e-04
1.1988980e-04
3.9720280e-04
5.9651079e-04
8.0981965e-04
1.1673965e-03
1.6382312e-03
2.1739728e-03
2.6986449e-03
3.1295155e-03
3.5640858e-03
3.9238320e-03
4.1014594e-03
4.2669083e-03
4.4054046e-03
4.4524360e-03
4.3643180e-03
4.0654404e-03
3.8130004e-03
3.7144352e-03
3.7734946e-03
3.9450606e-03
3.9619893e-03
3.9024364e-03
3.8223067e-03
3.6720481e-03
3.5724015e-03
3.4218551e-03
3.0813192e-03
2.6494713e-03
2.2258261e-03
1.7975178e-03
1.4612651e-03
1.1157032e-03
9.6261999e-04
9.4825109e-04
1.1229491e-03
1.2551574e-03
1.3254254e-03
1.3245549e-03
1.2355783e-03
1.2445907e-03
1.1510367e-03
8.4414863e-04
2.3370722e-04
-5.2609912e-04
-1.2075727e-03
-1.7410040e-03
-2.2131963e-03
-2.5718504e-03
-2.8405805e-03
-2.9283130e-03
-2.9210924e-03
-3.0740595e-03
-3.3123396e-03
-3.6494724e-03
-4.0277505e-03
-4.3757324e-03
-4.6226830e-03
-4.7036463e-03
-4.5618395e-03
-4.2754138e-03
-3.7067361e-03
-3.0128599e-03
-2.3539945e-03
-1.9761342e-03
-1.6737796e-03
-1.4353392e-03
-1.2723109e-03
-1.1668280e-03
-1.1102903e-03
-9.4981901e-04
-7.5678269e-04
-7.4544472e-04
-8.0334296e-04
-9.0525619e-04
-8.5116654e-04
-6.6594875e-04
-6.3350782e-04
-8.0993571e-04
-1.0725776e-03
-1.3361901e-03
-1.5634548e-03
-1.7674843e-03
-2.0697059e-03
-2.1563425e-03
-2.0371857e-03
-1.6959798e-03
-1.2534184e-03
-7.8881016e-04
-3.3035612e-04
1.0679473e-04
5.0657858e-04
7.3592818e-04
9.3934443e-04
1.2364080e-03
1.5621109e-03
1.9756679e-03
2.2801591e-03
2.6333537e-03
2.8099212e-03
2.7362753e-03
2.6056612e-03
2.3546966e-03
1.9540542e-03
1.4336832e-03
8.6166459e-04
3.9616788e-04
1.2387578e-04
-1.2891106e-04
-3.3724001e-04
-3.9477200e-04
-3.6778612e-04
-1.5464970e-04
7.6337135e-05
3.1810629e-04
5.7487734e-04
7.6461250e-04
1.0481824e-03
1.3427264e-03
1.6355796e-03
1.9286660e-03
2.2115183e-03
2.4283125e-03
2.5575546e-03
2.7267478e-03
2.7722383e-03
2.8230568e-03
2.7806847e-03
2.6701247e-03
2.5540844e-03
2.4192906e-03
2.2763117e-03
2.0745287e-03
1.5293217e-03
7.0391883e-04
-1.7529533e-04
-1.1000795e-03
-2.0438689e-03
-2.8635814e-03
-3.5160671e-03
-3.8047610e-03
-3.8969495e-03
-3.7183248e-03
-3.2493605e-03
-2.6547637e-03
-2.0184522e-03
-1.2814323e-03
-6.1240749e-04
6.1652792e-05
6.0089274e-04
1.0625443e-03
1.4994994e-03
1.8209173e-03
2.0400276e-03
2.1239545e-03
2.0602408e-03
1.7733338e-03
1.4403782e-03
1.0613987e-03
6.2528576e-04
9.9700084e-05
-5.3696204e-04
-9.8875202e-04
-1.3178464e-03
-1.5725577e-03
-1.6278977e-03
-1.6107276e-03
-1.5177010e-03
-1.4359079e-03
-1.4209752e-03
-1.3385553e-03
-1.2188805e-03
-1.0768088e-03
-8.2002218e-04
-4.1796669e-04
-6.7481210e-05
2.9195543e-04
4.9743249e-04
5.4729422e-04
4.8326092e-04
3.7673487e-04
2.4553444e-04
2.2715401e-04
2.7594198e-04
3.5329236e-04
4.9757675e-04
5.6900685e-04
5.9584039e-04
6.4333068e-04
6.1774675e-04
4.7587900e-04
2.8947857e-04
4.8663185e-05
-1.0271396e-04
-2.0719201e-04
-2.0239288e-04
-1.9682980e-04
-2.1341811e-04
-1.2547810e-04
-2.3150024e-06
9.9555128e-05
2.2685908e-04
3.9525416e-04
5.0726750e-04
5.3838383e-04
4.1717843e-04
1.5264642e-04
-1.5693484e-04
-4.7819508e-04
-7.3539524e-04
-8.6458668e-04
-9.0413671e-04
-9.9522988e-04
-1.1431714e-03
-1.3647168e-03
-1.5083298e-03
-1.6891985e-03
-1.8926509e-03
-1.9312440e-03
-1.7876568e-03
-1.5209274e-03
-1.1818253e-03
-8.1182601e-04
-4.5764390e-04
-1.8845978e-04
2.8699911e-07
1.0589839e-04
2.0585788e-04
2.7329219e-04
3.0980128e-04
2.2081200e-04
9.3190826e-05
7.0961323e-05
1.9045780e-04
2.9608825e-04
3.7134205e-04
6.5698961e-04
1.1413975e-03
1.7062939e-03
2.0911283e-03
2.3644573e-03
2.4930540e-03
2.4329722e-03
2.2002737e-03
1.8924462e-03
1.4177708e-03
1.0241780e-03
7.3631215e-04
6.7686324e-04
6.4429194e-04
6.2405700e-04
5.0971211e-04
4.1348888e-04
3.4274638e-04
2.0017192e-04
-4.6125998e-05
-3.7464662e-04
-6.3210117e-04
-8.6255522e-04
-9.9338504e-04
-1.1106366e-03
-1.0660329e-03
-7.8726966e-04
-5.1853555e-04
-2.9010368e-04
5.9447158e-05
4.2007506e-04
6.8941717e-04
8.5597127e-04
9.6586028e-04
9.3167050e-04
6.9044921e-04
4.2976707e-04
8.0074881e-05
-2.3368590e-04
-6.3264865e-04
-9.9835838e-04
-1.2919605e-03
-1.5406207e-03
-1.7072309e-03
-1.8604794e-03
-2.0471338e-03
-2.2700241e-03
-2.4524742e-03
-2.6074282e-03
-2.6442679e-03
-2.6334242e-03
-2.5739065e-03
-2.4931393e-03
-2.4230850e-03
-2.4350766e-03
-2.5981695e-03
-2.7741749e-03
-2.9806844e-03
-3.0418464e-03
-2.9786340e-03
-2.8080629e-03
-2.5627116e-03
-2.2263699e-03
-1.8610519e-03
-1.4164448e-03
-1.0446118e-03
-7.1212409e-04
-3.9229890e-04
-4.4392083e-06
5.0196412e-04
1.0308235e-03
1.5001553e-03
1.9326837e-03
2.4138523e-03
2.9715007e-03
3.4443955e-03
3.8720416e-03
4.2104880e-03
4.4054908e-03
4.4486561e-03
4.3540389e-03
4.2214580e-03
3.9808226e-03
3.5712214e-03
3.2703821e-03
3.0020095e-03
2.7594863e-03
2.5262857e-03
2.3268401e-03
2.3059484e-03
2.2351883e-03
2.2478935e-03
2.3274904e-03
2.4364809e-03
2.6207860e-03
2.7395200e-03
2.8613372e-03
2.9077793e-03
2.9246013e-03
2.8468095e-03
2.8717602e-03
2.7308871e-03
2.5184635e-03
2.3501393e-03
2.0421018e-03
1.6976312e-03
1.4166852e-03
1.1475169e-03
7.7603818e-04
2.5682283e-04
-3.4429157e-04
-9.2548665e-04
-1.5670631e-03
-2.1079929e-03
-2.5413992e-03
-2.8957238e-03
-3.1800835e-03
-3.3927270e-03
-3.5019254e-03
-3.5035213e-03
-3.5808873e-03
-3.6965952e-03
-3.8160397e-03
-3.9854857e-03
-4.0999777e-03
-4.2574837e-03
-4.4061526e-03
-4.4439865e-03
-4.3252301e-03
-4.0434322e-03
-3.7395491e-03
-3.3815239e-03
-3.1366044e-03
-2.8112951e-03
-2.5612638e-03
-2.3676488e-03
-2.1277935e-03
-1.8733932e-03
-1.5625547e-03
-1.1865261e-03
-7.7487131e-04
-3.3261663e-04
9.6080470e-05
4.9926379e-04
8.2222415e-04
1.0250929e-03
1.2597997e-03
1.4526643e-03
1.6490233e-03
1.7539501e-03
1.8626107e-03
2.0341923e-03
2.3006155e-03
2.5576178e-03
2.7809400e-03
2.9805767e-03
3.1296563e-03
3.2070521e-03
3.2075155e-03
3.1965966e-03
3.0213656e-03
2.7158553e-03
2.3787568e-03
2.0365089e-03
1.7925643e-03
1.5112026e-03
1.1173777e-03
8.2507973e-04
6.3334274e-04
4.8752095e-04
4.5766529e-04
3.7102948e-04
1.8158729e-04
2.8165163e-05
-1.6516057e-04
-3.9761228e-04
-6.0710851e-04
-8.5306942e-04
-1.0980839e-03
-1.2462286e-03
-1.4127518e-03
-1.4768571e-03
-1.4965070e-03
-1.5295845e-03
-1.5089323e-03
-1.4854339e-03
-1.4130388e-03
-1.2768133e-03
-1.2805630e-03
