0.01
2.0771260e-03
2.1053330e-03
-1.3797980e-03
-2.2509290e-03
-2.0526130e-03
-7.0519930e-03
-1.1376110e-02
-8.7257090e-03
-3.2832390e-03
3.0070240e-03
9.6545130e-03
1.0194490e-02
4.5361560e-03
1.5575360e-03
1.2974090e-03
-2.4182100e-03
-4.2601810e-03
4.3571450e-04
2.2575820e-03
-1.5964250e-04
2.6553260e-03
5.5776410e-03
4.4603430e-04
-2.4336010e-03
2.7306000e-03
2.9399390e-03
-4.2857260e-03
-5.9067550e-03
-3.6567700e-03
-6.7110320e-03
-8.0633060e-03
-3.7183240e-03
-3.2687800e-03
-5.7312500e-03
-1.3519650e-03
5.1972850e-03
3.7757130e-03
1.8571200e-04
2.1508190e-03
2.7561350e-03
3.7217350e-04
2.2645950e-03
3.1513930e-03
-1.4320960e-03
-3.2780950e-03
-3.5226620e-03
-5.0880260e-03
1.6950970e-04
5.3410630e-03
-3.4456570e-04
-2.6386700e-03
3.0660220e-03
6.5262100e-04
-5.5559380e-03
-4.2617840e-03
-4.3886450e-03
-6.4515900e-03
8.9272400e-04
9.1093640e-03
6.6026890e-03
3.0036240e-03
2.6675070e-03
-2.0903530e-03
-6.6253040e-03
-5.5649290e-03
-6.3092460e-03
-1.0207740e-02
-1.0063790e-02
-4.6420160e-03
6.4876250e-04
1.7747250e-03
1.9271030e-03
4.4588160e-03
6.0523580e-03
5.8874820e-03
6.7158110e-03
7.1440330e-03
4.7637520e-03
2.6969250e-04
-3.6410290e-03
-4.1886750e-03
-1.2239400e-03
2.6995620e-03
6.2607090e-03
9.1517480e-03
8.3080280e-03
2.6677670e-03
-3.3241850e-03
-6.1259040e-03
-5.1156590e-03
-2.7633150e-03
-2.8221190e-03
-3.1781400e-03
-2.1949080e-03
-3.3694250e-03
-6.2583080e-03
-9.1595620e-03
-1.1095680e-02
-9.5069740e-03
-6.7348540e-03
-3.7592480e-03
2.6741220e-03
7.4945140e-03
5.7623050e-03
4.5286860e-03
9.1863230e-03
1.3962060e-02
1.1735300e-02
4.6800500e-03
-5.2983900e-04
-4.4509910e-03
-9.3019940e-03
-1.2321660e-02
-1.3288280e-02
-1.1664220e-02
-4.9958250e-03
1.3516440e-03
1.2598730e-03
-1.2511350e-03
-1.6024250e-03
-2.9146650e-03
-4.2419140e-03
1.6951090e-03
8.4923850e-03
5.6094970e-03
2.9569730e-03
8.0465210e-03
1.0613530e-02
6.8371410e-03
1.3148110e-03
-2.9636700e-03
-5.4997430e-03
-9.2392240e-03
-1.0038070e-02
-5.2678120e-03
-5.7682760e-03
-8.5367120e-03
-1.4265450e-03
3.4006710e-03
-4.1179480e-03
-6.0091620e-03
5.9303180e-03
1.1990030e-02
4.0619880e-03
-3.9048720e-04
2.5933670e-03
-4.7840260e-04
-4.1636540e-03
1.1443430e-04
6.5506970e-04
-9.9962140e-04
9.0634280e-03
1.8872690e-02
1.2697800e-02
4.7430110e-03
9.0748790e-03
9.7929950e-03
-4.3778420e-03
-1.1504980e-02
-3.7570760e-03
-5.8368560e-03
-1.1745500e-02
3.5097130e-03
1.5876140e-02
2.7335290e-03
-6.8964310e-03
-9.8289190e-04
3.2295880e-04
-4.2596630e-03
-8.0971390e-03
-1.0042580e-02
-4.3324230e-03
2.8423420e-03
-1.2427510e-03
-1.0459840e-02
-1.2137180e-02
-6.3156670e-03
2.5518100e-04
4.1907270e-03
5.0412740e-03
5.0162620e-03
8.2292670e-03
8.9762320e-03
2.4753710e-03
8.5074220e-04
3.7985800e-03
-3.7433290e-03
-1.3351300e-02
-9.8486100e-03
-1.5590290e-03
1.7387450e-03
4.3398490e-03
6.9896650e-03
2.5280530e-03
-5.1347640e-03
-4.6008390e-03
-1.1020030e-04
1.7137380e-03
6.5565450e-03
1.1593050e-02
9.2173760e-03
3.4175390e-03
-1.5911500e-03
-2.6824080e-03
1.2670460e-03
9.7345270e-04
-2.1226680e-03
7.1175120e-03
2.6223650e-02
4.4640410e-02
6.4071080e-02
7.7344250e-02
6.8890360e-02
4.0593510e-02
3.1962100e-03
-3.9260910e-02
-8.0915780e-02
-1.0763670e-01
-1.0994720e-01
-9.6447080e-02
-7.4697970e-02
-3.6300520e-02
1.4316260e-02
5.8242610e-02
9.2724370e-02
1.1546390e-01
1.0950690e-01
7.4894410e-02
3.2306630e-02
-7.1160820e-03
-4.1483270e-02
-6.3191990e-02
-6.4874220e-02
-4.7124230e-02
-1.3074860e-02
3.3983690e-02
8.4098510e-02
1.2210220e-01
1.4032210e-01
1.4503920e-01
1.4596460e-01
1.3794920e-01
1.0363730e-01
3.9671240e-02
-4.0126990e-02
-1.2380880e-01
-1.9152390e-01
-2.1285190e-01
-1.9027830e-01
-1.5667360e-01
-1.2015720e-01
-8.0182880e-02
-6.1976270e-02
-6.7482510e-02
-6.1894630e-02
-4.1427650e-02
-3.5870370e-02
-5.1618440e-02
-7.0953770e-02
-8.3043720e-02
-8.5579850e-02
-7.2560300e-02
-3.7190790e-02
1.4220490e-02
6.4369330e-02
1.0062060e-01
1.1653810e-01
1.0718500e-01
7.5572170e-02
3.8217470e-02
1.6711250e-02
2.0953330e-02
4.0784910e-02
5.6616090e-02
6.1912140e-02
6.4775370e-02
6.1967250e-02
4.3210160e-02
2.2374310e-02
1.9285240e-02
2.3259830e-02
1.4787440e-02
-3.3334510e-03
-2.0693710e-02
-3.6143160e-02
-4.8486170e-02
-4.7229010e-02
-2.4717770e-02
8.0588300e-03
3.8171860e-02
7.1133730e-02
1.0674690e-01
1.2551200e-01
1.2452800e-01
1.2336560e-01
1.2815490e-01
1.3026790e-01
1.2414170e-01
1.0495500e-01
7.4102090e-02
4.3999200e-02
1.7442710e-02
-1.6768850e-02
-6.0674490e-02
-1.0546750e-01
-1.4656470e-01
-1.8300170e-01
-2.0651120e-01
-1.9746350e-01
-1.4782550e-01
-8.6411000e-02
-4.9964880e-02
-3.7326080e-02
-2.5023010e-02
-1.0078930e-02
-7.8412400e-03
-2.4467970e-02
-5.2748590e-02
-8.3315240e-02
-9.8609310e-02
-7.5153030e-02
-2.0324020e-02
3.5575320e-02
9.0916140e-02
1.4220280e-01
1.4840810e-01
1.0638440e-01
6.5370970e-02
3.6970540e-02
5.0628210e-03
-1.7815130e-02
-2.6570190e-02
-3.5334610e-02
-3.5662760e-02
-1.9051500e-02
-5.6787810e-03
-9.2397560e-04
1.7835000e-02
4.8605420e-02
6.2829600e-02
6.0420940e-02
6.3089290e-02
6.2705720e-02
4.1141510e-02
1.3789240e-02
-6.6125010e-03
-3.8894890e-02
-8.2839490e-02
-1.0898470e-01
-1.1653330e-01
-1.2650010e-01
-1.2794820e-01
-9.6919760e-02
-4.4075070e-02
1.6976470e-04
2.8553080e-02
5.4223370e-02
7.3213560e-02
6.9830230e-02
5.2149700e-02
3.3944080e-02
8.6073090e-03
-2.1650500e-02
-3.7485760e-02
-3.3854680e-02
-2.2180120e-02
-1.3551360e-02
-1.0021730e-02
-5.9727350e-03
-3.7212510e-03
-7.2984030e-03
-6.0481260e-03
-9.9977210e-06
-8.7922290e-03
-3.0817950e-02
-4.0939100e-02
-2.8510990e-02
-4.4160260e-03
1.5637730e-02
2.3508010e-02
2.0522390e-02
9.5484560e-03
-5.1527270e-03
-1.3236020e-02
-6.3403960e-03
1.4403240e-02
4.3313230e-02
7.5181470e-02
1.0344350e-01
1.1343440e-01
8.8118580e-02
3.4030910e-02
-1.9035840e-02
-5.4981280e-02
-7.8700430e-02
-9.1320800e-02
-8.8528890e-02
-7.0408490e-02
-3.6487990e-02
1.3588650e-02
6.8970410e-02
1.0889810e-01
1.2358010e-01
1.2360540e-01
1.1159420e-01
7.3733140e-02
2.0432870e-02
-1.7482230e-02
-3.8377410e-02
-5.7169710e-02
-6.4067360e-02
-4.4823460e-02
-9.4772990e-03
2.8031450e-02
6.2991150e-02
8.3680070e-02
7.6250180e-02
4.4454380e-02
5.9822220e-03
-2.4455840e-02
-4.5355920e-02
-6.4072540e-02
-8.1150580e-02
-8.8930810e-02
-8.5304010e-02
-7.1477580e-02
-4.3169790e-02
-4.2779450e-03
2.6554160e-02
4.2702350e-02
5.4524420e-02
5.3926390e-02
2.2818030e-02
-2.1488470e-02
-4.9927440e-02
-6.7350280e-02
-8.4051560e-02
-9.1002270e-02
-8.5565940e-02
-7.1580700e-02
-4.7662520e-02
-1.9491090e-02
7.0556730e-03
3.5146850e-02
5.9653600e-02
6.6213920e-02
4.9670730e-02
1.7075940e-02
-1.8212480e-02
-4.2320470e-02
-4.8938210e-02
-3.7335370e-02
-7.8096090e-03
2.9835260e-02
5.8024030e-02
7.0497750e-02
7.4516370e-02
7.6874110e-02
7.7922210e-02
7.1034850e-02
4.8158790e-02
1.2449930e-02
-2.1114160e-02
-4.1052090e-02
-4.6779360e-02
-4.1693910e-02
-3.1701350e-02
-2.6053890e-02
-2.7189600e-02
-2.9478830e-02
-3.3137360e-02
-3.8713520e-02
-3.5399960e-02
-2.2634650e-02
-1.6626840e-02
-1.7256240e-02
-1.1514200e-02
-5.5252710e-03
-6.3095830e-03
1.6578590e-03
2.6083220e-02
5.2406710e-02
7.0360130e-02
7.5035140e-02
5.7478560e-02
2.3356870e-02
-6.5158420e-03
-2.3292980e-02
-3.1919740e-02
-3.6095770e-02
-4.0307440e-02
-4.7668450e-02
-5.2614870e-02
-5.1637270e-02
-4.5696310e-02
-3.0502220e-02
-6.0861680e-03
1.8381570e-02
3.7598640e-02
4.8755050e-02
4.9205050e-02
4.3787620e-02
3.4988280e-02
1.6693140e-02
-7.7437800e-03
-2.3175040e-02
-2.3604920e-02
-1.5669270e-02
-6.9541210e-03
-3.1658130e-03
-5.0593520e-03
-6.7296440e-03
-6.0458000e-03
-2.9542840e-03
1.0055010e-02
3.2105730e-02
4.8742220e-02
5.6271520e-02
5.6824150e-02
4.1418610e-02
1.2858660e-02
-9.9016720e-03
-2.6173920e-02
-4.6305620e-02
-6.0532860e-02
-5.6617750e-02
-4.2471590e-02
-2.8062130e-02
-1.2789530e-02
4.4141310e-03
2.1298410e-02
3.5465280e-02
4.4011760e-02
4.3242800e-02
3.2198440e-02
1.7187130e-02
8.3778560e-03
9.1162660e-03
1.3971110e-02
1.5521370e-02
8.1356320e-03
-6.9513070e-03
-1.8336830e-02
-1.5981400e-02
-4.2259660e-03
4.9231730e-03
7.1308090e-03
7.1628410e-03
9.9306080e-03
1.5001990e-02
1.7106580e-02
1.3572630e-02
8.5803810e-03
4.2244720e-03
-2.5588390e-03
-1.2268280e-02
-2.2820430e-02
-3.1052390e-02
-3.2054700e-02
-2.4074150e-02
-1.0475580e-02
8.3602700e-04
2.2759810e-03
-3.0049430e-03
-8.4953970e-03
-1.4972400e-02
-1.7844300e-02
-9.3756590e-03
1.0376420e-03
6.9919050e-04
-5.1377530e-03
-8.1090910e-03
-8.1545280e-03
-3.8589190e-03
5.4188670e-03
1.2639870e-02
1.2046150e-02
5.8425250e-03
-2.2395780e-03
-8.8498040e-03
-9.0998760e-03
-2.9241680e-03
4.8695860e-03
1.2573570e-02
1.7989630e-02
1.6077080e-02
7.2504480e-03
-2.1296200e-03
-4.7661130e-03
1.2542200e-03
6.2214120e-03
2.1385230e-03
-3.3414590e-03
-2.4339400e-03
2.9855470e-03
1.2392160e-02
2.2619830e-02
2.4464750e-02
1.7405090e-02
7.0737740e-03
-6.2223310e-03
-1.9604360e-02
-2.5426550e-02
-2.3481510e-02
-2.1826270e-02
-2.4120950e-02
-2.3188030e-02
-1.5079720e-02
-1.0088570e-02
-1.3386530e-02
-1.4126200e-02
-8.5510290e-03
-6.5571960e-03
-8.7801950e-03
-5.2110550e-03
4.7869980e-03
1.3547270e-02
1.8875680e-02
2.3067090e-02
2.6032620e-02
2.4684140e-02
1.6769330e-02
4.8444670e-03
-5.6820190e-03
-1.1241940e-02
-1.1705630e-02
-1.0747710e-02
-1.1111500e-02
-8.5675500e-03
8.0183960e-04
1.2848840e-02
2.3957000e-02
3.4790280e-02
4.1200300e-02
3.8428170e-02
3.1871020e-02
2.6305590e-02
1.6330560e-02
2.6537070e-03
-4.2702340e-03
-5.2318760e-03
-1.0574010e-02
-1.8963530e-02
-2.0888960e-02
-1.7187170e-02
-1.6534510e-02
-1.9731640e-02
-2.1279030e-02
-2.1270770e-02
-2.1605970e-02
-1.9018960e-02
-1.2772450e-02
-6.9613140e-03
-2.2244870e-03
2.1875920e-03
4.4352120e-03
5.9851620e-03
9.9233390e-03
1.3245570e-02
1.2961510e-02
1.3097700e-02
1.5792540e-02
1.6574390e-02
1.3647910e-02
1.1093320e-02
1.2148780e-02
1.4931920e-02
1.5920650e-02
1.5165380e-02
1.2277470e-02
4.8314180e-03
-2.7739780e-03
-4.4599950e-03
-5.0262310e-03
-1.0829760e-02
-1.8608460e-02
-2.3867010e-02
-2.7119740e-02
-2.7684090e-02
-2.1850010e-02
-1.0512830e-02
-1.0336860e-03
2.5122360e-03
2.4714700e-03
-4.0491210e-04
-5.7491300e-03
-7.3839660e-03
-1.1345730e-03
7.9665070e-03
1.4011180e-02
1.6598730e-02
1.6505180e-02
1.3499170e-02
9.2755710e-03
6.9023150e-03
6.0262600e-03
3.3025900e-03
-8.4853880e-04
-2.6923660e-03
-2.4281660e-03
-2.2450120e-03
-2.2595610e-03
-4.6183260e-03
-1.0362720e-02
-1.4628410e-02
-1.5828810e-02
-1.7452640e-02
-1.9109670e-02
-1.8770960e-02
-1.5800490e-02
-9.5467770e-03
-3.6645020e-03
-2.9490160e-03
-5.8462300e-03
-9.6017000e-03
-1.2777920e-02
-1.1419730e-02
-4.9444050e-03
1.9707210e-03
8.1784580e-03
1.4728670e-02
1.8974560e-02
1.9358830e-02
1.6563420e-02
9.4413390e-03
5.9446720e-04
-3.9418390e-03
-6.3245670e-03
-1.1531210e-02
-1.4062500e-02
-8.1303850e-03
-6.1762440e-04
1.4959330e-03
3.1408810e-03
7.9447040e-03
9.0388000e-03
5.0404050e-03
5.1163550e-03
9.2472680e-03
8.7214340e-03
6.0267950e-03
7.7486190e-03
9.7114930e-03
8.2899510e-03
6.9662900e-03
6.1653150e-03
4.2656370e-03
2.8979760e-03
3.4799710e-03
5.1964010e-03
5.6003130e-03
3.8032080e-03
2.4964450e-03
1.9448930e-03
3.4019860e-04
-3.8437860e-04
-6.4017210e-04
-4.3223040e-03
-8.2822960e-03
-7.1345630e-03
-4.3160450e-03
-4.0569640e-03
-4.4913400e-03
-6.7089430e-03
-1.3922090e-02
-2.0828820e-02
-2.1420230e-02
-1.9930560e-02
-1.9527770e-02
-1.5522420e-02
-7.9228600e-03
-2.1108730e-03
2.2197310e-03
7.1897060e-03
1.0875110e-02
1.2691660e-02
1.3125680e-02
1.1341440e-02
8.7341500e-03
6.9763550e-03
5.7902860e-03
5.3132540e-03
5.3207510e-03
5.9514180e-03
8.1259030e-03
1.0032770e-02
8.9724960e-03
5.1238460e-03
1.2008170e-03
9.0606030e-04
3.7963560e-03
4.5296880e-03
2.7235890e-03
3.6330150e-03
6.9918500e-03
7.8598240e-03
6.5454220e-03
6.4941030e-03
6.8579800e-03
6.1703570e-03
5.5456100e-03
2.5598330e-03
-5.0426370e-03
-1.1282500e-02
-1.2304000e-02
-1.2643020e-02
-1.3352540e-02
-1.1917660e-02
-9.9523930e-03
-8.4384990e-03
-6.7257820e-03
-6.1771620e-03
-6.4938440e-03
-7.0696220e-03
-9.3735970e-03
-1.0721190e-02
-8.0709470e-03
-5.7581680e-03
-5.8531420e-03
-4.0982180e-03
-1.3329400e-03
-8.3151230e-04
6.3097080e-05
2.4853120e-03
3.8298300e-03
4.5091680e-03
5.0597350e-03
4.6440200e-03
4.3850960e-03
4.0633670e-03
2.7459980e-03
2.6343930e-03
4.4923280e-03
6.6915110e-03
9.0039230e-03
9.6019590e-03
6.2241500e-03
1.8297080e-03
-1.1729450e-03
-5.1462970e-03
-8.6752070e-03
-7.1627810e-03
-3.1312090e-03
-1.5702360e-03
-3.2930010e-04
2.6445210e-03
3.6232670e-03
2.5829340e-03
3.0962420e-03
3.0671300e-03
9.4066790e-04
1.0860300e-03
3.8258570e-03
4.8883120e-03
4.4427690e-03
4.4600160e-03
3.6851560e-03
9.1689400e-04
-2.7228470e-03
-4.7006250e-03
-3.5754990e-03
-1.6229240e-03
-1.5507250e-03
-3.1188730e-03
-5.4672060e-03
-7.8109290e-03
-9.1714620e-03
-9.8784900e-03
-9.5406260e-03
-6.7748270e-03
-4.2852800e-03
-6.3846080e-03
-1.1176550e-02
-1.3557910e-02
-1.2357910e-02
-8.9405280e-03
-4.4451770e-03
-4.4057770e-04
2.6738820e-03
5.9020700e-03
8.4491620e-03
1.0198630e-02
1.4180580e-02
2.0309080e-02
2.4175170e-02
2.4696790e-02
2.4603110e-02
2.4352440e-02
2.2177930e-02
1.8507040e-02
1.5754320e-02
1.3884890e-02
1.0601980e-02
6.9602620e-03
5.9674680e-03
5.4008140e-03
1.1553010e-03
-4.6057160e-03
-7.5685190e-03
-8.6648340e-03
-1.0705060e-02
-1.3614590e-02
-1.6440100e-02
-1.8358180e-02
-1.7474820e-02
-1.3059960e-02
-7.4215390e-03
-3.6269600e-03
-2.9906740e-03
-4.4119730e-03
-5.3870030e-03
-4.2539330e-03
-1.0440990e-03
3.2063850e-03
6.8951290e-03
8.9171970e-03
9.6262990e-03
9.8971190e-03
9.8527020e-03
8.5443780e-03
5.4040000e-03
2.0813710e-03
-4.2003130e-04
-3.8941810e-03
-7.3636410e-03
-7.2016550e-03
-5.4300090e-03
-5.9280880e-03
-6.5970300e-03
-6.3518680e-03
-7.5074380e-03
-7.1822380e-03
-2.8017800e-03
5.2844120e-04
8.7593210e-04
2.3859100e-03
4.3737770e-03
4.0637650e-03
3.6939150e-03
4.1988000e-03
3.4679930e-03
3.1084940e-03
4.7194840e-03
4.8193460e-03
2.5693870e-03
2.2606390e-03
4.2236960e-03
4.9119860e-03
4.6528580e-03
5.6920840e-03
7.2528630e-03
7.0823690e-03
3.8128660e-03
-1.3749990e-03
-5.4908760e-03
-7.5458250e-03
-8.1954450e-03
-8.0312770e-03
-8.2696150e-03
-8.6084530e-03
-6.8898410e-03
-3.1321040e-03
6.4907600e-04
3.1429360e-03
3.6285680e-03
1.8280070e-03
-1.6832300e-03
-5.3885900e-03
-7.0524490e-03
-6.0606500e-03
-4.6129580e-03
-3.8860910e-03
-2.5004480e-03
-8.5211560e-04
-7.6651840e-04
-7.5333130e-04
1.0122180e-03
2.3036190e-03
1.7368320e-03
1.4881460e-03
1.9128390e-03
1.1348180e-03
-5.0925630e-05
3.7715330e-04
9.6579670e-04
-1.1182460e-03
-5.0897930e-03
-8.3054240e-03
-1.0867620e-02
-1.3471920e-02
-1.4335080e-02
-1.3234060e-02
-1.2577500e-02
-1.2297720e-02
-1.0743530e-02
-7.9776180e-03
-3.7260030e-03
2.4843660e-03
8.7278540e-03
1.2517760e-02
1.3870280e-02
1.3912360e-02
1.2394140e-02
9.7479170e-03
7.5927290e-03
4.5246910e-03
-1.0548760e-03
-6.0184330e-03
-8.7906010e-03
-1.1281680e-02
-1.1483230e-02
-7.6009730e-03
-4.4187640e-03
-4.3343400e-03
-2.8925820e-03
7.4956100e-04
1.7354850e-03
5.4357240e-04
2.2780200e-03
4.8699670e-03
3.3328900e-03
8.6185480e-04
1.1360380e-03
1.3685050e-03
1.2096760e-03
2.8319440e-03
4.7389890e-03
7.2094260e-03
1.2152690e-02
1.6264960e-02
1.7014680e-02
1.7060270e-02
1.6603880e-02
1.3054260e-02
7.5275720e-03
2.9424730e-03
-3.0840090e-04
-2.5992720e-03
-3.4647440e-03
-3.0375420e-03
-2.1862400e-03
-2.1502020e-03
-4.1489450e-03
-6.4306080e-03
-5.2692820e-03
-1.5773670e-03
5.0879990e-04
4.0183390e-04
-1.0392470e-03
-3.9225020e-03
-6.0788120e-03
-5.7427620e-03
-4.6107640e-03
-2.9940020e-03
2.4006040e-04
3.2226300e-03
4.4194830e-03
5.7218770e-03
7.9968550e-03
9.1495130e-03
8.0441730e-03
5.8268020e-03
3.1391090e-03
3.0316890e-04
-1.5070700e-03
-2.8248160e-03
-4.8752590e-03
-6.3476460e-03
-6.6978650e-03
-7.3220920e-03
-7.7522470e-03
-7.8225940e-03
-9.3724190e-03
-1.1946800e-02
-1.3973880e-02
-1.6083190e-02
-1.7927610e-02
-1.7952730e-02
-1.6840040e-02
-1.5417840e-02
-1.3264270e-02
-1.0787390e-02
-7.9163660e-03
-4.2594990e-03
-1.6593340e-03
-8.3843950e-04
8.9738430e-04
4.1860310e-03
6.5136580e-03
7.7935060e-03
9.7570820e-03
1.1373650e-02
1.0669540e-02
8.4887870e-03
6.8988780e-03
6.1332780e-03
5.2407020e-03
4.0453930e-03
2.9195470e-03
2.2051250e-03
2.5362600e-03
4.0960810e-03
6.0799090e-03
7.8459070e-03
9.4087970e-03
1.0514260e-02
9.7699040e-03
6.2411570e-03
2.1120740e-03
3.6433750e-05
-1.1360230e-03
-3.5251550e-03
-6.2151230e-03
-7.5579340e-03
-7.7288050e-03
-7.4423760e-03
-6.8752490e-03
-5.7803780e-03
-4.0629090e-03
-2.5354540e-03
-2.0596520e-03
-2.4087600e-03
-2.3631050e-03
-6.1623800e-04
2.5888230e-03
6.1028270e-03
9.7171430e-03
1.2545330e-02
1.3094730e-02
1.2650310e-02
1.2609930e-02
1.0699120e-02
6.0960500e-03
2.2529570e-03
7.3088990e-04
-6.0899450e-04
-2.8285880e-03
-5.0034470e-03
-6.4720080e-03
-6.9634900e-03
-6.2233580e-03
-4.4927650e-03
-2.4854210e-03
-5.5250690e-04
1.3730660e-03
2.1267200e-03
1.5916900e-04
-2.6778420e-03
-3.4556790e-03
-3.4835150e-03
-4.7492160e-03
-5.7007420e-03
-5.0150630e-03
-3.3249420e-03
-1.0655860e-03
1.2985870e-03
3.2641420e-03
4.8528720e-03
5.4251890e-03
4.2078750e-03
2.4401690e-03
2.5353300e-03
4.9396190e-03
7.3617930e-03
7.8374720e-03
7.0471950e-03
6.2816140e-03
5.3743750e-03
4.2692280e-03
3.9516910e-03
3.9215000e-03
2.0617930e-03
-1.2214760e-03
-3.5118480e-03
-4.6443120e-03
-5.0807080e-03
-3.7823010e-03
-9.8158800e-04
2.1743640e-03
5.7790420e-03
8.8472680e-03
8.9163040e-03
6.0155500e-03
3.3756600e-03
3.6293170e-03
5.8715610e-03
7.2783330e-03
7.2192520e-03
6.6707490e-03
4.5493140e-03
3.0625670e-04
-3.2973360e-03
-4.9797640e-03
-6.1296440e-03
-6.5819890e-03
-5.5216350e-03
-3.7441870e-03
-2.2449070e-03
-1.2879320e-03
-8.5448920e-04
-1.1490220e-03
-2.2165100e-03
-3.2269450e-03
-3.8185620e-03
-4.6580410e-03
-5.8017930e-03
-7.3838610e-03
-1.0007600e-02
-1.2348400e-02
-1.2804410e-02
-1.2508050e-02
-1.1940430e-02
-9.8033900e-03
-7.6615040e-03
-7.3504900e-03
-6.1570540e-03
-2.7802010e-03
-4.0856410e-04
6.8738770e-04
3.4123870e-03
7.1866640e-03
9.4338960e-03
9.9253820e-03
9.6111150e-03
8.9365050e-03
7.9479320e-03
6.5904770e-03
5.5682760e-03
6.2421570e-03
8.3019140e-03
8.9691670e-03
6.7928190e-03
3.9153250e-03
1.6857890e-03
-9.1368950e-04
-2.3483770e-03
-6.4717280e-04
8.6926910e-04
-5.4901130e-04
-1.9950990e-03
-1.5897300e-03
-9.8078410e-04
-8.9609490e-04
-1.2590410e-03
-2.4010800e-03
-3.7041120e-03
-4.3952120e-03
-4.9355780e-03
-5.8183240e-03
-6.6567540e-03
-7.0550530e-03
-6.8252380e-03
-5.7607650e-03
-3.9749850e-03
-1.2897340e-03
2.5280120e-03
6.2038260e-03
8.6165370e-03
1.0280920e-02
1.0552850e-02
8.3158500e-03
5.5286500e-03
4.0828280e-03
2.7048770e-03
9.9147050e-04
2.6117190e-04
-1.1083910e-04
-1.4842110e-03
-3.3852660e-03
-4.5217990e-03
-3.8429620e-03
-1.6988240e-03
-2.1542050e-04
-2.1626500e-04
-2.2018910e-04
5.2224750e-04
1.5600440e-03
2.8882470e-03
4.3211340e-03
5.0148990e-03
4.8150470e-03
4.3034670e-03
3.7553410e-03
3.4212940e-03
3.4874140e-03
3.0936840e-03
1.0406800e-03
-2.2758010e-03
-5.0081390e-03
-6.3208990e-03
-6.9509500e-03
-7.2172560e-03
-6.8832880e-03
-6.1633860e-03
-5.4345020e-03
-5.0382190e-03
-4.8820060e-03
-4.4877520e-03
-4.1662430e-03
-4.1574520e-03
-3.7183910e-03
-3.0521270e-03
-3.0021280e-03
-2.9763180e-03
-2.5766690e-03
-2.1790900e-03
-4.4619320e-04
3.2035960e-03
5.6686910e-03
5.7993890e-03
6.4109660e-03
6.8328240e-03
4.2516890e-03
1.3654570e-03
9.6845260e-04
3.6311010e-04
-1.1393790e-03
-8.9028080e-04
5.2123240e-04
1.7262320e-03
3.5447140e-03
5.0515200e-03
4.2895590e-03
1.8397640e-03
-8.9334800e-04
-3.7783880e-03
-6.8691970e-03
-9.4519320e-03
-1.0931680e-02
-1.1694760e-02
-1.1421740e-02
-8.6958880e-03
-4.7026260e-03
-2.4770120e-03
-1.6929930e-03
-7.2036500e-04
-1.1106290e-03
-3.7222120e-03
-5.6371450e-03
-5.4031490e-03
-5.1194620e-03
-5.2771080e-03
-4.0447090e-03
-1.5744650e-03
5.4125330e-04
1.9320970e-03
2.6555770e-03
2.7941470e-03
2.4680850e-03
1.5012940e-03
8.2756930e-04
1.2445120e-03
1.3642900e-03
7.4897460e-04
7.8156630e-04
1.4753620e-03
2.5421710e-03
4.6401050e-03
6.9491210e-03
7.6674110e-03
6.9682950e-03
6.6944730e-03
7.4201350e-03
7.9847020e-03
8.1651730e-03
8.6029390e-03
8.8051190e-03
8.5981610e-03
8.9036280e-03
9.5180180e-03
9.2715040e-03
7.8669490e-03
5.4849440e-03
2.0002100e-03
-2.0344890e-03
-5.3237650e-03
-7.6815900e-03
-9.4009440e-03
-9.1217230e-03
-6.2247490e-03
-3.3787500e-03
-2.8222490e-03
-3.4413470e-03
-3.9567810e-03
-4.9980220e-03
-6.3200510e-03
-6.1437400e-03
-4.8322420e-03
-4.2346150e-03
-3.8778550e-03
-3.5450190e-03
-5.1935510e-03
-8.3538330e-03
-1.0189640e-02
-1.0211660e-02
-9.7387240e-03
-9.1266090e-03
-8.1483720e-03
-6.9450250e-03
-5.4075150e-03
-2.9663550e-03
-1.3435660e-04
1.6004470e-03
2.2388720e-03
2.7899290e-03
3.0524970e-03
2.6539220e-03
2.4462890e-03
3.0651870e-03
3.6558290e-03
3.2403570e-03
2.1613260e-03
9.8808300e-04
-2.2586700e-04
-9.9663820e-04
-9.7117420e-04
-6.4737200e-04
-1.8274700e-04
6.3588250e-04
1.4741830e-03
2.0684750e-03
2.4811650e-03
2.7951180e-03
3.5857760e-03
5.1123030e-03
6.1666710e-03
5.4285910e-03
3.3469650e-03
1.7768180e-03
1.6984550e-03
2.5149730e-03
3.9921250e-03
5.8677010e-03
6.3960070e-03
5.3051370e-03
5.0654740e-03
6.3809510e-03
7.2785040e-03
7.3668860e-03
7.7182830e-03
7.7049660e-03
6.5900010e-03
5.5150870e-03
4.8248440e-03
3.1523790e-03
5.0900110e-04
-1.2563300e-03
-1.2638330e-03
-4.6321380e-05
2.0518580e-03
3.9849150e-03
3.4841130e-03
8.5433880e-04
-4.6989350e-04
2.4355240e-04
3.5193950e-04
-8.1764270e-04
-1.6585190e-03
-1.4553900e-03
-9.6433440e-04
-1.4217770e-03
-3.0711050e-03
-5.0491600e-03
-6.6106380e-03
-7.0653290e-03
-6.2719880e-03
-5.2889810e-03
-4.6270810e-03
-3.9836290e-03
-3.6832790e-03
-3.5806950e-03
-2.6632950e-03
-1.2058860e-03
-3.0199730e-04
3.4822620e-04
1.3027840e-03
1.7972450e-03
1.4153330e-03
9.3390610e-04
5.2466500e-04
-5.3686810e-04
-2.0925960e-03
-2.9318110e-03
-2.7105820e-03
-2.5916910e-03
-3.4507400e-03
-4.5079180e-03
-4.5297490e-03
-3.5278660e-03
-1.9355990e-03
2.9333850e-04
2.1554540e-03
2.2552340e-03
1.4014890e-03
7.5875300e-04
-2.9244010e-04
-1.3674640e-03
-7.6942950e-04
9.4816120e-04
1.9541840e-03
2.3487540e-03
3.0030470e-03
3.6199760e-03
3.6932640e-03
3.6134630e-03
4.0847780e-03
4.9189060e-03
4.9237520e-03
3.5179620e-03
1.6608060e-03
3.6584950e-04
-4.2266490e-04
-1.0073480e-03
-1.5202640e-03
-2.1206810e-03
-2.6701640e-03
-2.9888340e-03
-3.1842310e-03
-3.1392190e-03
-2.8763960e-03
-2.8243370e-03
-2.5842750e-03
-1.3698530e-03
3.2139850e-04
1.5393180e-03
2.2060820e-03
2.6228410e-03
2.7157280e-03
2.0174790e-03
5.6905540e-04
-6.3346380e-04
-9.0079100e-04
-4.9429000e-04
4.0120560e-04
1.7693100e-03
3.0453320e-03
4.0070280e-03
5.0356470e-03
5.4911360e-03
4.5700690e-03
3.1652170e-03
2.4587390e-03
2.8118780e-03
3.8839880e-03
4.2815570e-03
3.6410030e-03
3.3798450e-03
3.4439150e-03
3.0791540e-03
3.0859570e-03
2.9873410e-03
1.3279090e-03
-6.8920060e-04
-1.7080290e-03
-2.8424610e-03
-4.4228670e-03
-5.1110410e-03
-4.7520790e-03
-4.3537470e-03
-4.1850630e-03
-3.9771620e-03
-3.9793630e-03
-4.2325780e-03
-3.8800200e-03
-2.9656180e-03
-2.9650160e-03
-4.0978670e-03
-5.2394080e-03
-6.2906120e-03
-7.0267630e-03
-6.3888880e-03
-5.1845930e-03
-4.7898280e-03
-4.4045990e-03
-3.9459290e-03
-4.7170670e-03
-5.5654710e-03
-4.6681290e-03
-3.3751780e-03
-3.2790490e-03
-3.4767190e-03
-3.0534340e-03
-1.7660000e-03
7.5858370e-04
3.4064510e-03
4.6850020e-03
5.2345090e-03
5.6210130e-03
5.1160610e-03
4.0615850e-03
3.2641980e-03
2.5902600e-03
2.4968650e-03
3.5592980e-03
4.6227820e-03
4.3906860e-03
3.0486590e-03
1.2923020e-03
-3.6963040e-04
-1.5175440e-03
-1.8239360e-03
-1.3779110e-03
-8.1994190e-04
-3.5690780e-04
3.0878440e-04
7.0558790e-04
3.2927320e-04
-8.1303970e-05
1.8947270e-04
7.3092280e-04
9.7612530e-04
1.0856230e-03
1.3928450e-03
1.5402980e-03
1.0330300e-03
4.4437510e-05
-1.3878030e-03
-3.5982920e-03
-5.9919210e-03
-7.4720470e-03
-8.1803510e-03
-8.5762960e-03
-7.7312550e-03
-5.1745810e-03
-2.7713850e-03
-2.1204990e-03
-2.1272780e-03
-1.1852730e-03
2.6326510e-04
8.7448410e-04
7.3640550e-04
1.0162170e-03
1.7657600e-03
1.9805450e-03
1.6472830e-03
1.6004170e-03
1.9852690e-03
2.3478520e-03
2.2767890e-03
1.9252630e-03
1.9859680e-03
2.1764430e-03
1.6535130e-03
1.3616400e-03
2.4689520e-03
3.7941550e-03
4.0189430e-03
3.4997660e-03
2.5002930e-03
8.4920020e-04
-1.0746560e-03
-3.0185700e-03
-4.9857740e-03
-6.0338890e-03
-5.1765400e-03
-3.4580220e-03
-2.3436950e-03
-1.0406910e-03
1.1609590e-03
2.6980190e-03
3.1580550e-03
4.0845810e-03
5.0899400e-03
4.7808550e-03
3.8807840e-03
3.1089620e-03
1.8771360e-03
7.7570100e-04
9.1599470e-04
1.7547230e-03
2.6216360e-03
3.7078890e-03
4.6143450e-03
4.6482430e-03
4.0694330e-03
3.6578570e-03
3.7185210e-03
3.9704830e-03
4.1276440e-03
3.9790930e-03
3.3456560e-03
2.7091710e-03
2.7867210e-03
3.2888110e-03
3.4767460e-03
3.4671100e-03
3.7791040e-03
4.1904590e-03
4.1346410e-03
3.7136220e-03
3.2339180e-03
2.5481080e-03
1.7205390e-03
1.2873650e-03
1.4813060e-03
1.9594420e-03
2.3915370e-03
2.6975040e-03
2.2951770e-03
2.7538530e-04
-2.9417570e-03
-5.7062060e-03
-7.2476380e-03
-8.2678930e-03
-9.4487020e-03
-1.0519150e-02
-1.1060910e-02
-1.1147220e-02
-1.0711740e-02
-9.4236310e-03
-7.4625230e-03
-5.4158800e-03
-3.4327660e-03
-1.3584590e-03
3.8586880e-04
1.0893010e-03
9.8411810e-04
1.1025590e-03
1.8047270e-03
2.4128460e-03
2.3379790e-03
1.8417760e-03
1.6457170e-03
2.1396480e-03
3.0469110e-03
3.9762810e-03
5.0044310e-03
6.1471460e-03
6.9081210e-03
6.9585870e-03
6.4351790e-03
5.4890170e-03
4.2066940e-03
2.6562470e-03
1.0296480e-03
-1.4621540e-04
-5.2487570e-04
-3.4911640e-04
-7.9267730e-05
-2.1346740e-05
-2.2630850e-04
-6.7425850e-04
-1.2201930e-03
-1.4488530e-03
-1.4246850e-03
-1.7952170e-03
-2.5144930e-03
-2.8835280e-03
-2.9514090e-03
-3.3923950e-03
-4.1492980e-03
-4.3795690e-03
-3.6956550e-03
-2.5856010e-03
-1.3920120e-03
9.5122620e-05
1.5556330e-03
2.2944280e-03
2.7261570e-03
3.7004140e-03
4.8598630e-03
5.2158250e-03
4.2983590e-03
2.2121740e-03
-4.7304310e-04
-2.8218050e-03
-4.0901060e-03
-4.5921930e-03
-5.1708290e-03
-5.4574090e-03
-4.7046130e-03
-3.5429110e-03
-2.5643700e-03
-1.6639600e-03
-1.4810420e-03
-2.2934290e-03
-2.9723340e-03
-3.1721250e-03
-3.6691540e-03
-4.0476720e-03
-3.3947470e-03
-2.2920960e-03
-1.4610980e-03
-7.7125900e-04
-3.2800790e-04
-4.9512180e-05
4.6770920e-04
1.0407600e-03
1.6377540e-03
2.2183300e-03
1.9268250e-03
8.4313310e-04
6.0634710e-05
-4.9967780e-04
-1.1893930e-03
-1.5272340e-03
-1.6347400e-03
-1.9505350e-03
-2.1478490e-03
-2.2642390e-03
-2.7306460e-03
-2.8066340e-03
-1.7606800e-03
-7.0518090e-04
-8.0542820e-04
-1.6413700e-03
-2.3801940e-03
-2.3717190e-03
-1.3748950e-03
-2.4854610e-04
2.3282210e-04
4.4901310e-04
6.5587380e-04
4.4220350e-04
-4.6983880e-05
-5.6843630e-06
4.7277750e-04
4.4426730e-04
4.8904060e-05
-3.2896550e-05
-4.1087370e-04
-1.5176930e-03
-2.1293690e-03
-1.3840260e-03
6.1789090e-05
1.6549030e-03
3.2576730e-03
4.1371790e-03
3.9411800e-03
3.5941510e-03
3.5332350e-03
3.0312500e-03
2.1606070e-03
1.7762360e-03
1.6367200e-03
1.2913740e-03
1.4866600e-03
2.4806200e-03
3.5643340e-03
4.9033130e-03
6.6387180e-03
7.7119080e-03
7.6893140e-03
6.7945650e-03
4.7314050e-03
2.0939920e-03
2.0311280e-04
-9.5961740e-04
-1.7689950e-03
-2.0177340e-03
-2.2764140e-03
-3.0129960e-03
-3.4803410e-03
-3.5503640e-03
-3.7426810e-03
-3.7515720e-03
-3.6360780e-03
-3.9317950e-03
-3.9054950e-03
-2.8609890e-03
-1.5510200e-03
-6.4426710e-04
-2.3684880e-04
-2.1719790e-04
-1.1581690e-04
2.1488860e-05
-1.6494490e-04
-4.4220470e-04
-9.9755130e-04
-2.2288570e-03
-3.3645660e-03
-3.6627600e-03
-3.4770890e-03
-3.1871220e-03
-2.9760810e-03
-3.1867630e-03
-3.7101310e-03
-3.9364050e-03
-3.4727090e-03
-2.4245420e-03
-1.4271770e-03
-1.1383010e-03
-1.1836260e-03
-6.0922960e-04
3.4238050e-04
6.4634850e-04
4.5155310e-04
2.8305610e-04
-4.7165520e-04
-1.8489640e-03
-2.4768740e-03
-1.8957670e-03
-6.9781440e-04
1.1748040e-03
3.5535050e-03
5.4028220e-03
6.3291640e-03
6.5747230e-03
6.0899100e-03
5.0616200e-03
3.9263400e-03
2.6826650e-03
1.4659310e-03
8.7823800e-04
9.3449650e-04
1.0400280e-03
1.2154810e-03
1.9232160e-03
3.0555400e-03
4.2038530e-03
5.2165240e-03
5.8295160e-03
5.5351660e-03
4.4610600e-03
3.3914190e-03
2.3891820e-03
1.2064660e-03
5.2210420e-04
4.7441300e-04
3.4647000e-04
5.8562490e-04
1.4244950e-03
1.3560930e-03
5.3702790e-05
-9.2415310e-04
-1.0013140e-03
-5.3961640e-04
3.2573590e-04
8.5955810e-04
5.1883100e-04
1.3421530e-04
6.0011450e-05
-3.5619500e-04
-8.8660960e-04
-9.1358030e-04
-6.5035000e-04
-3.8368320e-04
-1.7104100e-04
-1.4534320e-04
-1.8652880e-04
1.1520600e-04
8.8551070e-04
1.5330310e-03
1.4063630e-03
8.1171610e-04
4.2778380e-04
2.9991220e-04
1.8061640e-04
-1.2070890e-04
-8.9251070e-04
-2.1782190e-03
-3.4813240e-03
-4.3483260e-03
-4.7778700e-03
-4.5588440e-03
-3.2374750e-03
-1.2767550e-03
2.0724940e-04
9.0032060e-04
1.1811310e-03
1.3309080e-03
1.5016800e-03
1.6695160e-03
1.7551830e-03
1.7841240e-03
1.6710590e-03
1.4264800e-03
1.2019390e-03
8.8424760e-04
5.2011800e-04
5.4432690e-04
7.8775440e-04
5.0435560e-04
-2.2332320e-04
-5.3990350e-04
-2.4076900e-04
2.9144200e-04
1.1769540e-03
2.3887450e-03
2.7712410e-03
1.7226770e-03
4.2868950e-04
-2.2902650e-04
-6.2144310e-04
-6.6613660e-04
1.4025070e-05
5.8964540e-04
-2.3560130e-05
-1.5559680e-03
-2.9567010e-03
-3.5335940e-03
-3.1677800e-03
-2.2018940e-03
-1.2544760e-03
-9.3589470e-04
-1.4377980e-03
-2.4248920e-03
-3.4099790e-03
-3.8468650e-03
-3.4385590e-03
-2.5320310e-03
