0.01
-4.8885025e-04
-4.5023815e-03
-7.8626394e-03
-8.2866650e-03
-6.5542559e-03
-3.0116919e-03
1.9714334e-03
7.3746360e-03
8.6198820e-03
7.5422749e-03
6.1129193e-03
6.9755333e-03
8.2968292e-03
6.5675486e-03
2.9933203e-03
6.3022336e-06
-2.4300452e-03
-4.6709714e-03
-7.9515203e-03
-1.3983158e-02
-1.5705356e-02
-1.3036865e-02
-9.2589481e-03
-5.8930039e-03
-2.2693584e-03
2.0306538e-03
5.7079483e-03
5.3528034e-03
4.8400375e-04
-6.5643332e-03
-5.4323282e-03
1.9733864e-03
1.1736904e-02
1.7825008e-02
1.9347705e-02
1.8453562e-02
1.4301046e-02
7.2753570e-03
-2.9067937e-04
-3.9361902e-04
-6.8592743e-04
-6.5696203e-03
-1.2644727e-02
-1.5353338e-02
-1.3628590e-02
-9.2734156e-03
-1.2721304e-02
-1.3212328e-02
-7.5512646e-04
1.1007558e-02
1.3176703e-02
1.2592487e-02
6.5958214e-03
3.2011323e-03
5.1026185e-03
1.9653349e-03
-7.6965967e-03
-1.5647946e-02
-1.2491726e-02
-3.1577738e-03
2.6710843e-03
3.1102939e-03
2.1289768e-03
3.6151620e-03
4.6203343e-03
6.8892588e-03
1.0580491e-02
5.3451845e-03
-2.8701494e-03
-6.2618626e-03
-5.7666083e-03
-3.1535431e-03
-3.9125736e-03
-8.9841222e-03
-5.9998182e-03
5.2891638e-04
1.8144459e-03
1.3297009e-03
3.8597502e-04
1.1519075e-03
5.5020779e-04
-1.1451303e-03
3.2523586e-03
9.6441717e-03
1.3953888e-02
1.0986995e-02
2.9778391e-03
-3.0287721e-03
-4.2123197e-03
-3.8195350e-03
-4.0578504e-03
-4.6498212e-03
-4.5093112e-03
-5.8173746e-03
-7.0492761e-03
-7.2899698e-03
-6.6869439e-03
-3.6976941e-03
1.0894209e-03
5.2795668e-03
1.0057104e-02
1.1530346e-02
9.2379913e-03
6.0993243e-03
2.6677986e-03
-2.1826037e-03
-5.2072536e-03
-5.1806393e-03
-4.1067864e-03
-3.5485865e-03
-2.9666901e-03
-1.8999172e-03
-1.0623411e-03
-2.0263019e-03
-6.3157900e-03
-1.0215122e-02
-6.6356753e-03
1.6674825e-04
3.0962387e-03
2.5322413e-03
2.7764124e-03
7.1903235e-03
1.2805277e-02
1.4793404e-02
1.1039928e-02
4.4070635e-03
1.0687618e-03
-8.7174017e-04
-3.6159584e-03
-5.6646221e-03
-6.2523949e-03
-6.5583449e-03
-5.7787213e-03
-3.1810052e-03
-7.4098704e-05
3.1885597e-03
4.8589279e-03
3.5542034e-03
3.6839530e-03
3.5057727e-03
1.2164044e-04
-5.0747016e-03
-8.8775097e-03
-8.5369304e-03
-5.5531176e-03
-4.7201882e-03
-5.3613850e-03
-5.9900415e-03
-3.4695245e-03
4.1834106e-03
1.2259028e-02
1.3426610e-02
8.2488315e-03
2.1355161e-03
2.9267355e-04
2.7252212e-03
4.8013239e-03
3.4941806e-03
-5.2348028e-04
-2.9632403e-03
-4.6338065e-03
-6.5292859e-03
-5.3294461e-03
-1.1446786e-03
1.0437444e-03
1.5320674e-03
2.4133254e-03
2.4383705e-03
6.0059623e-04
-2.6009129e-03
-4.3416466e-03
-1.9657735e-03
1.5884375e-03
2.5027788e-03
3.3996652e-04
-3.0983557e-03
-4.2229507e-03
-1.0070243e-03
3.2730369e-03
5.5023671e-03
5.0930768e-03
4.8149913e-03
5.1067574e-03
2.8750861e-03
-1.1422376e-03
-4.0405559e-03
-3.4581151e-03
-5.4813997e-04
2.1758150e-04
-1.5636524e-03
4.9774411e-05
3.5259389e-03
3.2392951e-03
-4.0364124e-04
-4.6703691e-03
-6.6901497e-03
-4.8751169e-03
-1.1002052e-03
4.4655851e-04
-4.6984709e-04
-1.6375378e-03
-4.3672297e-04
1.6097081e-03
1.6385399e-03
-1.8194941e-05
-2.5391750e-03
-4.2683087e-03
-5.1127913e-03
-5.0440777e-03
-3.1550022e-03
-4.9734813e-04
-3.3375091e-04
-5.8179180e-04
3.2781547e-03
9.0882827e-03
1.1712688e-02
9.9787395e-03
7.5993664e-03
7.3241918e-03
7.9526541e-03
5.5069824e-03
4.8583276e-04
-2.7755934e-03
-1.3610720e-03
6.5118778e-04
-3.1623880e-03
-9.4659504e-03
-1.0877119e-02
-6.6878997e-03
-2.2325878e-03
-1.9627151e-03
-4.9354879e-03
-6.8180146e-03
-3.3984604e-03
4.1788482e-03
1.0784200e-02
1.2784380e-02
9.0264126e-03
2.8819486e-03
-2.3824496e-03
-5.0972040e-03
-7.7447730e-03
-1.0011854e-02
-9.9814839e-03
-6.8318164e-03
2.1110755e-04
8.0939284e-03
1.2226415e-02
1.1794818e-02
1.0736530e-02
9.5219676e-03
7.7508757e-03
4.7884732e-03
7.9840620e-04
-2.0793988e-03
-2.2739741e-03
1.3434310e-03
7.4113025e-03
1.6572198e-02
2.9259018e-02
4.3605418e-02
5.5357803e-02
6.0950406e-02
6.0313923e-02
5.4288923e-02
4.5250790e-02
2.5895400e-02
-1.5083958e-02
-5.9373964e-02
-9.8671727e-02
-1.1969261e-01
-1.2285723e-01
-1.0902071e-01
-9.3332300e-02
-9.0050016e-02
-7.2707222e-02
-5.4313052e-02
-4.3305028e-02
-4.0578816e-02
-4.1055469e-02
-4.4624431e-02
-3.3194871e-02
-1.0425666e-02
2.4287816e-02
5.6910489e-02
7.7325828e-02
8.2447471e-02
7.6876273e-02
7.1173075e-02
7.1004591e-02
7.1613266e-02
7.5313294e-02
7.5084405e-02
6.8662757e-02
6.1684470e-02
5.1785949e-02
4.0832799e-02
3.0676687e-02
1.8591780e-02
4.3295614e-03
-7.9696152e-03
-1.7526005e-02
-2.4242464e-02
-3.0924026e-02
-3.8531377e-02
-4.7951204e-02
-5.3889782e-02
-5.5000974e-02
-5.0369666e-02
-3.8858028e-02
-2.5276825e-02
-1.4511034e-02
-9.7540083e-03
-1.0281713e-02
-1.5296695e-02
-1.9335042e-02
-1.6643071e-02
-8.1224547e-03
4.1306880e-04
4.4925972e-03
5.1641514e-03
3.9433106e-03
3.4157703e-03
4.2891818e-03
7.4077373e-03
1.2386023e-02
1.6955808e-02
2.2587761e-02
2.7765727e-02
3.0136557e-02
2.9918953e-02
2.5789421e-02
1.7235735e-02
6.3830644e-03
-6.9454425e-03
-1.5665647e-02
-1.7568815e-02
-1.2119101e-02
-2.5828470e-03
2.0356938e-03
1.2733482e-03
-4.5995297e-03
-1.2449239e-02
-1.7010605e-02
-1.8027498e-02
-1.5807478e-02
-1.1645598e-02
-5.6805016e-03
1.3408827e-03
8.3519752e-03
1.2989094e-02
1.5194286e-02
1.4428855e-02
1.1460437e-02
7.2792274e-03
1.8534074e-03
-3.8410937e-03
-8.1047401e-03
-9.8631018e-03
-7.2064291e-03
-1.3118771e-03
5.9908649e-03
1.2899832e-02
1.6751989e-02
1.7742209e-02
1.5617975e-02
9.3023725e-03
2.1640152e-04
-8.1932978e-03
-1.3384632e-02
-1.5079299e-02
-1.5757169e-02
-1.6839053e-02
-1.7602370e-02
-1.5644250e-02
-1.1882650e-02
-7.8843592e-03
-4.1707041e-03
-3.1714686e-03
-3.7265999e-03
-3.5799437e-03
-1.3705774e-03
2.3707127e-03
5.4600733e-03
6.8811337e-03
7.4375059e-03
8.4086789e-03
1.0065059e-02
1.0994293e-02
1.1046641e-02
1.0301585e-02
9.8164532e-03
1.0472455e-02
1.2124159e-02
1.3722925e-02
1.2992311e-02
9.2552027e-03
3.1376305e-03
-2.0459263e-03
-4.5775285e-03
-5.4349184e-03
-6.3405013e-03
-7.3970764e-03
-8.6722855e-03
-9.9112679e-03
-9.4953800e-03
-8.1896479e-03
-4.9948678e-03
-4.6507793e-04
5.0736138e-03
1.0371732e-02
1.4191010e-02
1.5324002e-02
1.3196478e-02
9.1440030e-03
4.8090631e-03
9.3189562e-04
-1.5181420e-03
-3.0773424e-03
-4.0806454e-03
-3.5706462e-03
-2.0990164e-03
-6.6569417e-04
-1.4536669e-03
-4.9455046e-03
-9.7767872e-03
-1.4538092e-02
-1.7486314e-02
-1.9186099e-02
-2.1994936e-02
-2.5672594e-02
-2.8773232e-02
-3.0650613e-02
-3.0180915e-02
-2.8355818e-02
-2.5009943e-02
-2.0822473e-02
-1.7297081e-02
-1.4957176e-02
-1.4084030e-02
-1.3442449e-02
-1.2803536e-02
-1.1339339e-02
-8.2509757e-03
-3.5239600e-03
2.8970633e-03
1.0443119e-02
1.7761972e-02
2.4193045e-02
2.9698011e-02
3.3553860e-02
3.5180175e-02
3.4385385e-02
3.2468592e-02
2.9526366e-02
2.6095065e-02
2.3418574e-02
2.2320237e-02
2.2927553e-02
2.5325842e-02
2.6936433e-02
2.7082264e-02
2.5297470e-02
2.2501077e-02
1.9798076e-02
1.6499538e-02
1.2286859e-02
7.7835486e-03
2.2980007e-03
-2.9537691e-03
-6.9218881e-03
-1.0568779e-02
-1.3806456e-02
-1.7074708e-02
-2.0750803e-02
-2.4039520e-02
-2.5664141e-02
-2.5757234e-02
-2.4510353e-02
-2.1703193e-02
-1.7534708e-02
-1.2555947e-02
-8.1349950e-03
-5.4816589e-03
-5.3888639e-03
-5.8696666e-03
-6.2421769e-03
-6.5118815e-03
-6.1097055e-03
-5.9519812e-03
-6.1086411e-03
-5.0372029e-03
-2.8270096e-03
-4.3331503e-04
2.6212980e-03
5.5964512e-03
8.3448263e-03
1.2390624e-02
1.7017899e-02
2.0927452e-02
2.3062394e-02
2.3149140e-02
2.1716592e-02
1.9186297e-02
1.5482421e-02
1.0542965e-02
4.5441535e-03
-1.4360922e-03
-6.7760573e-03
-1.0133670e-02
-1.2289086e-02
-1.4046016e-02
-1.5801986e-02
-1.6823530e-02
-1.6350702e-02
-1.4713076e-02
-1.2263158e-02
-9.4367638e-03
-7.3267279e-03
-6.3881365e-03
-5.7995006e-03
-6.0476660e-03
-6.5339248e-03
-6.5239653e-03
-5.4953673e-03
-3.3123030e-03
-5.4062657e-04
2.7858545e-03
6.2282768e-03
9.2699200e-03
1.1439168e-02
1.2786311e-02
1.2363392e-02
1.0131091e-02
7.3523005e-03
4.3153634e-03
2.0181727e-03
3.8400739e-04
-1.2072733e-03
-2.6313507e-03
-4.0940453e-03
-5.3767054e-03
-6.2247690e-03
-7.5604319e-03
-9.0303702e-03
-1.0502430e-02
-1.0868304e-02
-9.6414155e-03
-7.8826081e-03
-6.2323703e-03
-4.2543478e-03
-1.4260358e-03
1.4716431e-03
4.4392899e-03
7.1127671e-03
8.9495622e-03
9.9701906e-03
1.0531981e-02
1.0795032e-02
1.1130874e-02
1.1234345e-02
1.0880151e-02
1.0044092e-02
8.9572908e-03
8.3716669e-03
8.5032347e-03
8.8469651e-03
9.0330711e-03
9.0592268e-03
8.4029542e-03
7.1493492e-03
4.7060135e-03
1.0787447e-03
-2.6431255e-03
-5.9310325e-03
-8.7025868e-03
-1.0835384e-02
-1.2433333e-02
-1.3316420e-02
-1.3031701e-02
-1.1846635e-02
-9.8338113e-03
-7.4618143e-03
-5.1923179e-03
-2.9553393e-03
-1.0989884e-03
2.6018478e-04
1.2110538e-03
1.7427000e-03
1.8128634e-03
1.3290718e-03
2.7451511e-04
-6.3348274e-04
-8.2492853e-04
-4.5951393e-04
5.9134475e-04
1.4867724e-03
1.6812015e-03
1.4075663e-03
5.4110246e-04
-9.8657205e-04
-2.9013380e-03
-4.8854271e-03
-6.9075297e-03
-8.4531681e-03
-9.5485896e-03
-1.0133809e-02
-1.0142059e-02
-9.9732882e-03
-9.4372395e-03
-8.1937016e-03
-5.9707148e-03
-2.7323305e-03
1.2298889e-03
5.0585627e-03
8.0639446e-03
9.7106069e-03
1.0127000e-02
9.7899045e-03
9.1017831e-03
8.4578380e-03
7.9003641e-03
6.9754373e-03
5.4786632e-03
4.1371494e-03
3.0640941e-03
1.9669900e-03
5.6193995e-04
-1.3744996e-03
-3.8689675e-03
-6.0079358e-03
-7.0802209e-03
-7.3413555e-03
-7.4635692e-03
-7.7541541e-03
-8.0997949e-03
-8.0941556e-03
-7.7497140e-03
-7.1960196e-03
-6.8508631e-03
-6.2456298e-03
-5.0374829e-03
-3.2911701e-03
-1.3018063e-03
3.6036833e-04
2.1030078e-03
4.3317618e-03
6.6562889e-03
8.6443438e-03
9.5667180e-03
9.8924331e-03
9.9529903e-03
1.0061397e-02
1.0072121e-02
9.2590391e-03
7.7823755e-03
6.0847589e-03
4.4489624e-03
2.2930079e-03
5.6885458e-04
-1.0820379e-03
-2.8132202e-03
-4.3514146e-03
-5.2326817e-03
-5.6520327e-03
-5.6893333e-03
-5.5426136e-03
-5.0671134e-03
-4.6774964e-03
-4.2203654e-03
-3.7090572e-03
-3.2538798e-03
-2.7669533e-03
-2.1473288e-03
-1.2844212e-03
-6.2471989e-04
-3.3473992e-04
-6.3415691e-04
-6.6086896e-04
-1.7831993e-04
5.3835762e-04
1.1317691e-03
1.5367934e-03
1.4044762e-03
1.6046447e-03
1.7761607e-03
1.9884916e-03
2.1116700e-03
2.1562743e-03
2.0718350e-03
1.9451877e-03
1.9803281e-03
2.3329998e-03
3.0215910e-03
3.8951244e-03
5.0497692e-03
6.6838234e-03
8.2806667e-03
9.3929915e-03
9.3234665e-03
8.8881929e-03
8.6556830e-03
8.2311789e-03
7.0184486e-03
5.0173628e-03
3.0595479e-03
1.5563442e-03
6.7904663e-04
-4.2848128e-04
-2.7072195e-03
-5.4231660e-03
-7.9489072e-03
-9.9603673e-03
-1.1457066e-02
-1.2467773e-02
-1.2858752e-02
-1.2560307e-02
-1.1115134e-02
-8.7528642e-03
-6.2957990e-03
-4.2575948e-03
-2.9075894e-03
-1.8853926e-03
-8.4792258e-04
5.8770352e-05
3.4231628e-04
4.0829751e-04
7.4072132e-04
1.6683246e-03
3.2457001e-03
4.8221642e-03
4.8659463e-03
4.4007156e-03
4.7351482e-03
5.2644885e-03
5.7511895e-03
4.8821781e-03
2.7459376e-03
9.5447601e-04
-1.6267046e-04
-3.0784807e-04
-1.4345263e-04
1.2969979e-04
6.4344919e-04
1.2625570e-03
2.2475998e-03
3.4081542e-03
4.0867262e-03
3.8864562e-03
3.7627500e-03
3.7030185e-03
3.5964010e-03
3.9319936e-03
3.5002299e-03
2.4951590e-03
1.6009378e-03
1.2353127e-03
1.0981330e-03
7.9728951e-04
7.9746421e-05
-6.4605912e-04
-1.0710057e-03
-1.0934635e-03
-1.3108604e-03
-1.9917421e-03
-2.9299029e-03
-3.5338721e-03
-3.8672302e-03
-4.1312045e-03
-4.7465495e-03
-6.2957410e-03
-8.1018779e-03
-9.6649451e-03
-1.0860014e-02
-1.1493117e-02
-1.1827692e-02
-1.1995795e-02
-1.1216977e-02
-9.6904290e-03
-7.8177863e-03
-5.8130826e-03
-3.4507000e-03
-1.1555906e-03
1.0309034e-03
2.8589308e-03
4.0988253e-03
4.8275481e-03
5.4471499e-03
6.3181190e-03
7.7256651e-03
9.0555206e-03
1.0363949e-02
1.1343209e-02
1.2047736e-02
1.2761472e-02
1.3414239e-02
1.3877231e-02
1.3899024e-02
1.3437051e-02
1.2168642e-02
1.0394697e-02
8.5078108e-03
6.2842929e-03
4.1419009e-03
2.5475539e-03
1.2946841e-03
5.2866692e-04
2.2405118e-04
2.0306483e-04
6.6800234e-05
-1.4247047e-04
-7.2174375e-04
-1.7985944e-03
-2.6835846e-03
-3.3195318e-03
-4.0143600e-03
-4.6433022e-03
-5.1846005e-03
-5.4343173e-03
-5.4230369e-03
-5.1936477e-03
-5.2615989e-03
-5.8195066e-03
-6.8633348e-03
-8.2941141e-03
-9.6883570e-03
-1.0549437e-02
-1.0990367e-02
-1.0615565e-02
-9.4773565e-03
-8.1389330e-03
-6.6836575e-03
-5.0311842e-03
-3.0687478e-03
-1.1185483e-03
8.0411702e-04
2.4191949e-03
3.5055658e-03
4.4214869e-03
4.7764156e-03
5.0941240e-03
5.1236478e-03
4.5590056e-03
3.4693763e-03
1.8059296e-03
-1.8221497e-04
-2.3430986e-03
-4.2791801e-03
-5.6415205e-03
-6.2366577e-03
-5.6780895e-03
-4.2570317e-03
-1.9754337e-03
1.7617333e-04
2.2120327e-03
3.8869461e-03
4.7798559e-03
4.9812710e-03
4.7383336e-03
3.9107643e-03
2.8096564e-03
1.4020804e-03
-1.7932436e-04
-1.9658294e-03
-3.4829598e-03
-5.1313055e-03
-6.2680425e-03
-6.9564570e-03
-7.4241556e-03
-7.3717357e-03
-6.9838315e-03
-6.2459868e-03
-4.7508642e-03
-2.6247745e-03
-4.1576775e-04
1.3002791e-03
2.7248237e-03
3.9232795e-03
5.2067726e-03
5.8876790e-03
5.6885320e-03
5.1923267e-03
4.6016331e-03
4.2788830e-03
4.1269035e-03
3.7895767e-03
3.3006724e-03
2.7687555e-03
2.6858656e-03
2.9132513e-03
3.3470085e-03
3.5039476e-03
3.5038270e-03
3.4194216e-03
3.6113850e-03
4.1528259e-03
4.5420150e-03
4.5470670e-03
4.0587986e-03
3.4907403e-03
3.1861426e-03
2.8728350e-03
2.2775578e-03
1.4148639e-03
7.8391592e-04
-6.0227167e-05
-8.1035519e-04
-1.8092392e-03
-3.1041801e-03
-4.0133504e-03
-4.2522157e-03
-3.9131442e-03
-3.4925139e-03
-3.4150023e-03
-3.6666672e-03
-4.1527172e-03
-4.6505239e-03
-4.9753648e-03
-5.3634298e-03
-6.1850470e-03
-6.9294970e-03
-7.2780613e-03
-7.0489195e-03
-6.2487212e-03
-4.8930480e-03
-3.3660653e-03
-1.9726664e-03
-6.2845544e-04
5.4816788e-04
1.9787251e-03
2.8217425e-03
3.0687622e-03
2.9511977e-03
2.4589173e-03
2.0050879e-03
1.7584537e-03
1.3236157e-03
8.5958292e-04
5.1264092e-04
5.4563234e-04
1.0315200e-03
2.0962464e-03
3.0402970e-03
3.7122164e-03
3.8876840e-03
3.6297852e-03
3.2789033e-03
2.7008379e-03
1.5907107e-03
-2.4240851e-04
-2.1793193e-03
-3.6420808e-03
-4.2031424e-03
-4.2199668e-03
-4.2835650e-03
-4.1846488e-03
-4.1610079e-03
-3.6670928e-03
-2.2232241e-03
-5.6572401e-04
9.0800479e-04
2.2278880e-03
3.5246556e-03
4.8421626e-03
5.8425860e-03
5.9954783e-03
5.0666564e-03
3.7457020e-03
2.5880617e-03
1.6624967e-03
1.0694509e-03
5.7343206e-04
2.0831104e-04
2.6841804e-04
7.8619714e-04
1.8641951e-03
3.0962480e-03
4.0277519e-03
4.4445325e-03
4.6867950e-03
4.8898771e-03
5.2695704e-03
5.3012556e-03
4.5071016e-03
3.1871044e-03
1.6273577e-03
3.7863714e-04
-2.7835903e-04
-6.2504389e-04
-1.0279451e-03
-1.5653981e-03
-2.1638874e-03
-2.8355237e-03
-2.8003367e-03
-2.2941135e-03
-1.6622546e-03
-1.1864244e-03
-1.0831156e-03
-9.8594360e-04
-6.4166481e-04
-4.2084029e-04
-2.4575932e-04
-1.6345498e-04
-2.3782573e-04
1.0291291e-04
9.7770942e-04
1.8530917e-03
2.3873581e-03
2.3440533e-03
2.1771416e-03
1.9779699e-03
1.7206520e-03
1.4887375e-03
9.3655872e-04
1.6181118e-04
-7.5911436e-04
-1.6348772e-03
-2.1788175e-03
-2.4760522e-03
-2.6890975e-03
-3.0364932e-03
-3.3047557e-03
-3.2618648e-03
-2.9812473e-03
-2.4222619e-03
-1.7776277e-03
-1.3381446e-03
-1.2107457e-03
-1.1604843e-03
-1.3781746e-03
-1.3801655e-03
-1.2395334e-03
-9.7053931e-04
-1.0874664e-03
-1.5814407e-03
-1.9816032e-03
-2.2839939e-03
-2.2497218e-03
-2.1140720e-03
-2.2607087e-03
-2.5432492e-03
-2.8867509e-03
-3.0086140e-03
-3.3450747e-03
-3.7055256e-03
-3.8744970e-03
-4.0445483e-03
-4.0305218e-03
-3.7712471e-03
-3.5791426e-03
-3.3391794e-03
-2.8414252e-03
-2.1510199e-03
-1.3335762e-03
-6.5380186e-04
-5.1857086e-04
-4.8470426e-04
-1.9297622e-04
6.8769603e-04
1.4754620e-03
1.8981694e-03
2.2123080e-03
2.3820944e-03
2.8712149e-03
3.5706624e-03
4.0614993e-03
3.7839742e-03
2.9767800e-03
2.4073637e-03
2.1232942e-03
2.2739067e-03
2.2482332e-03
1.8792772e-03
1.8870752e-03
2.3054794e-03
2.9773830e-03
3.2579867e-03
2.7309108e-03
1.7552228e-03
1.1650385e-03
9.3038608e-04
1.0436742e-03
1.3630674e-03
1.6291522e-03
2.1931992e-03
2.8706893e-03
3.6078800e-03
4.2232570e-03
4.3100658e-03
3.9598613e-03
3.5137310e-03
3.2187323e-03
3.0460911e-03
3.0373082e-03
2.9670436e-03
2.5250989e-03
1.9682472e-03
1.1187744e-03
1.8783198e-04
-3.3728171e-04
-6.2505822e-04
-5.9329713e-04
-4.7938276e-04
-4.7155574e-04
-4.8222911e-04
-5.0376448e-04
-8.0263857e-04
-1.4864992e-03
-2.4782364e-03
-3.4235725e-03
-3.9347315e-03
-4.2569999e-03
-4.1629978e-03
-3.8948285e-03
-3.7927575e-03
-3.6049519e-03
-3.2658510e-03
-2.6719988e-03
-2.0955772e-03
-1.5632112e-03
-1.3432896e-03
-1.1886151e-03
-7.9157134e-04
-2.7551586e-04
3.6917450e-04
9.5637825e-04
1.0124646e-03
9.3326941e-04
7.8180680e-04
6.5948771e-04
5.9487106e-04
8.1336404e-04
9.1811908e-04
9.0920531e-04
1.1034944e-03
1.3499557e-03
1.2436073e-03
5.8175328e-04
-2.5378021e-04
-1.1212349e-03
-1.8346528e-03
-2.4016899e-03
-2.9306102e-03
-3.5121440e-03
-4.1013434e-03
-4.3606896e-03
-4.3628129e-03
-4.1406571e-03
-3.7627848e-03
-3.2742004e-03
-2.5634820e-03
-1.4870155e-03
-4.9752114e-04
2.3428865e-04
4.3577739e-04
3.6587696e-04
2.9724784e-04
3.5607243e-04
3.9068252e-04
3.2639390e-04
1.7555795e-04
1.7673248e-04
2.6127996e-04
3.8759104e-04
5.6185553e-04
5.2995630e-04
4.6178191e-04
6.1428982e-04
7.2928545e-04
6.6597946e-04
4.0121077e-04
2.3439914e-04
8.1775898e-05
2.4380532e-05
1.0515267e-05
-1.6425824e-04
-2.2289024e-04
-1.4287329e-04
2.2082382e-04
9.3424975e-04
1.6348601e-03
2.1621698e-03
2.5599019e-03
2.9409528e-03
3.2220668e-03
3.4194798e-03
3.3631812e-03
3.2628837e-03
3.1948235e-03
3.2790913e-03
3.3525767e-03
3.3843760e-03
3.5439472e-03
3.6637301e-03
3.6804130e-03
3.3062805e-03
2.8348484e-03
2.2493771e-03
1.5992591e-03
1.2302500e-03
1.0608882e-03
7.0438265e-04
4.7635722e-04
2.0710770e-04
-1.3932477e-04
-4.2529861e-04
-8.4247435e-04
-1.1158689e-03
-1.0564609e-03
-9.8006877e-04
-1.0039101e-03
-1.2037456e-03
-1.3905626e-03
-1.5313477e-03
-1.5387368e-03
-1.5714888e-03
-1.9385896e-03
-2.4225457e-03
-2.7772479e-03
-2.7968444e-03
-2.5671669e-03
-2.2701930e-03
-1.8761942e-03
-1.6561006e-03
-1.5911345e-03
-1.5981120e-03
-1.6508708e-03
-1.8949058e-03
-2.2358789e-03
-2.5994610e-03
-2.6544025e-03
-2.5753940e-03
-2.6198576e-03
-2.8318864e-03
-2.9745776e-03
-3.0818447e-03
-3.1214465e-03
-3.2349802e-03
-3.5063860e-03
-3.7602766e-03
-3.9150295e-03
-3.8318041e-03
-3.6266601e-03
-3.3966686e-03
-2.8398093e-03
-2.0965770e-03
-1.3669755e-03
-7.8453308e-04
-1.2615506e-04
5.9196166e-04
1.1018584e-03
1.5647587e-03
2.0318389e-03
2.5113743e-03
2.9574068e-03
3.2403542e-03
3.5209803e-03
3.7766026e-03
3.9130729e-03
4.0035928e-03
3.9810958e-03
3.8294831e-03
3.6024434e-03
3.5555244e-03
3.5679321e-03
3.5276806e-03
3.4568952e-03
3.1060429e-03
2.4271555e-03
1.8691324e-03
1.5382210e-03
1.2503105e-03
8.4908055e-04
1.7141913e-04
-4.9186188e-04
-7.3867422e-04
-5.3474345e-04
-1.7871095e-04
3.7960602e-05
6.8603710e-05
1.2655904e-04
4.6176589e-04
8.0054786e-04
8.7547838e-04
6.8907465e-04
1.3028838e-04
-4.8432967e-04
-8.1957958e-04
-8.0396865e-04
-6.8895532e-04
-7.0846876e-04
-7.6828801e-04
-7.8279291e-04
-6.6402542e-04
-4.9219548e-04
-4.0635266e-04
-2.9394685e-04
3.7148279e-05
5.6478330e-04
1.2178035e-03
1.7892887e-03
1.9387615e-03
2.1642971e-03
2.3047735e-03
2.4239998e-03
2.4375478e-03
2.3323952e-03
2.2127206e-03
2.0499230e-03
1.7992344e-03
1.6263066e-03
1.6252359e-03
1.6408488e-03
1.5767424e-03
1.3004607e-03
7.0274019e-04
2.6855019e-05
-4.1386580e-04
-7.6639240e-04
-1.1981742e-03
-1.6455659e-03
-2.0945336e-03
-2.2800173e-03
-2.1751569e-03
-1.9308194e-03
-1.6755093e-03
-1.5242672e-03
-1.6385600e-03
-1.8557436e-03
-2.1081629e-03
-2.3187559e-03
-2.6188576e-03
-2.7025796e-03
-2.5480416e-03
-2.0167794e-03
-1.4375618e-03
-9.8813552e-04
-7.4915124e-04
-5.3401590e-04
-4.0361881e-04
-4.9604984e-04
-8.0838748e-04
-1.1051361e-03
-1.3277503e-03
-1.3119275e-03
-1.0593473e-03
-6.5467280e-04
-1.8373526e-04
5.0866157e-05
2.2715553e-04
5.3833336e-04
9.0766762e-04
1.1192580e-03
1.4048776e-03
1.5630053e-03
1.5689482e-03
1.3173550e-03
5.8858408e-04
-2.6751786e-04
-1.0672765e-03
-1.7699832e-03
-2.1990847e-03
-2.3738565e-03
-2.3394318e-03
-1.9750397e-03
-1.1474365e-03
-3.9665007e-04
4.5356949e-05
1.8098625e-04
1.3153983e-04
4.7754035e-05
8.4837216e-06
-2.4671185e-05
-8.4716931e-05
-4.9670462e-04
-8.8532354e-04
-1.2105403e-03
-1.5763690e-03
-1.9830936e-03
-2.3362272e-03
-2.3646803e-03
-1.6936486e-03
-8.2203405e-04
1.9944740e-06
7.1370775e-04
1.3111551e-03
1.8843955e-03
2.4028407e-03
2.3194400e-03
1.8327508e-03
1.2617916e-03
7.7652743e-04
5.3044381e-04
4.3744210e-04
5.4084091e-04
8.4931899e-04
1.2339314e-03
1.7601678e-03
2.3986215e-03
3.0144030e-03
3.5637905e-03
4.1525194e-03
4.5624242e-03
4.5664455e-03
4.1172219e-03
3.1479241e-03
2.1070122e-03
1.2965975e-03
6.0895939e-04
-4.5414500e-05
-7.7793279e-04
-1.3201216e-03
-1.4139935e-03
-1.2752623e-03
-1.4454028e-03
-1.9534564e-03
-2.5708184e-03
-2.9792481e-03
-2.7709804e-03
-2.2224235e-03
-1.5885865e-03
-1.0677611e-03
-5.3855503e-04
3.6388902e-05
4.9537202e-04
6.6337928e-04
7.5711531e-04
8.3818238e-04
7.8230921e-04
5.5014412e-04
9.6930482e-05
-4.2996506e-04
-8.2555935e-04
-1.0509054e-03
-1.2165493e-03
-1.5241726e-03
-2.0244402e-03
-2.5974320e-03
-3.1139386e-03
-3.4286637e-03
-3.5767250e-03
-3.6133217e-03
-3.3577375e-03
-2.6610325e-03
-1.6961123e-03
-5.9709985e-04
3.2607085e-04
1.0668140e-03
1.8335560e-03
2.5932794e-03
3.1547452e-03
3.2354991e-03
2.7232657e-03
1.9977349e-03
1.2669513e-03
7.0990119e-04
2.8803872e-04
-2.6270795e-05
-6.8584879e-05
3.7786085e-05
2.8890983e-04
5.3300842e-04
5.9953669e-04
7.9497007e-04
1.2185544e-03
1.8625559e-03
2.4159484e-03
2.6526996e-03
2.5589848e-03
2.1099338e-03
1.7126986e-03
1.3223018e-03
8.9211570e-04
4.7618635e-04
2.1828633e-04
2.9672072e-04
6.7071998e-04
1.1083283e-03
1.5204742e-03
1.7936987e-03
1.7964347e-03
1.7895282e-03
1.6912779e-03
1.4281098e-03
1.2825482e-03
1.1931676e-03
1.2506774e-03
1.4667663e-03
1.7379045e-03
1.8220475e-03
1.7787637e-03
1.4362360e-03
8.6570365e-04
2.0935293e-04
-5.6741037e-04
-1.2629175e-03
-1.8337556e-03
-2.4339237e-03
-3.0249403e-03
-3.7258071e-03
-4.5152576e-03
-5.0787331e-03
-5.4320775e-03
-5.7297720e-03
-5.7495695e-03
-5.6896296e-03
-5.5404344e-03
-5.2623002e-03
-4.9263930e-03
-4.6224860e-03
-4.2363359e-03
-3.9459822e-03
-3.6008790e-03
-3.2792551e-03
-2.7116943e-03
-1.9821304e-03
-1.0259429e-03
3.9727715e-05
9.8568236e-04
1.6907470e-03
2.2551858e-03
2.6397952e-03
2.9216411e-03
3.1599459e-03
3.3137286e-03
3.1197556e-03
2.7393558e-03
2.3377939e-03
1.9222969e-03
1.5132811e-03
1.0876006e-03
3.6489855e-04
-2.4298571e-04
-7.1267890e-04
-1.0665080e-03
-1.2932415e-03
-1.5873278e-03
-1.8055118e-03
-1.7642039e-03
-1.4889989e-03
-8.0472016e-04
1.1044491e-04
9.1314671e-04
1.5899813e-03
2.1456355e-03
2.5780189e-03
3.0574958e-03
3.4008152e-03
3.4372463e-03
3.1788973e-03
2.7462575e-03
2.2433955e-03
1.9064897e-03
1.6393705e-03
1.3109823e-03
1.0230902e-03
6.4839921e-04
2.9887301e-04
1.1403962e-04
-1.0754013e-04
-2.8374377e-04
-4.5109296e-04
-7.0707557e-04
-8.5390103e-04
-1.1865280e-03
-1.5346291e-03
-1.8713952e-03
-2.2308740e-03
-2.5112108e-03
-2.6081282e-03
-2.5446245e-03
-2.3550418e-03
-2.2180932e-03
-1.9934964e-03
-1.6727184e-03
-1.2879381e-03
-9.2408376e-04
-5.4998908e-04
-1.6970676e-04
3.2483267e-04
6.4242893e-04
8.8864354e-04
9.5251282e-04
8.9529282e-04
9.8234174e-04
1.2691103e-03
1.6690284e-03
2.1128881e-03
2.6559691e-03
3.2980375e-03
4.0078444e-03
4.6115755e-03
5.1127651e-03
5.2061349e-03
4.8590300e-03
4.2243333e-03
3.5864263e-03
3.0638007e-03
2.7703533e-03
2.6482465e-03
2.4549876e-03
2.1301710e-03
1.7743284e-03
1.3805439e-03
1.1545966e-03
9.3266154e-04
6.4644253e-04
3.2157196e-04
1.5403159e-05
-6.6724293e-05
1.5052924e-05
1.0466091e-05
-2.2647824e-04
-6.4013126e-04
-9.5276161e-04
-1.0566042e-03
-1.0298135e-03
-9.1855626e-04
-7.6041621e-04
-5.7913766e-04
-3.7271974e-04
-1.0102781e-04
-2.2220246e-05
-1.7968301e-04
-5.3844530e-04
-9.6821505e-04
-1.3771307e-03
-1.6714585e-03
-1.9189049e-03
-2.2560749e-03
-2.5349658e-03
-2.8049598e-03
-2.8471515e-03
-2.9183872e-03
-3.0922492e-03
-3.2796839e-03
-3.4052483e-03
-3.3889729e-03
-3.1761367e-03
-3.0160376e-03
-2.7620015e-03
-2.6902607e-03
-2.7525366e-03
-2.7457173e-03
-2.6699007e-03
-2.4394121e-03
-2.0941934e-03
-1.5891727e-03
-1.0241019e-03
-5.1970455e-04
-1.1081717e-04
4.1853484e-05
5.7687039e-05
-8.3329370e-05
-2.6317628e-04
-5.8084781e-04
-9.1660436e-04
-1.3719209e-03
-1.5697408e-03
-1.6908988e-03
-1.4369899e-03
-9.2771933e-04
-4.1572046e-04
1.7510074e-04
7.8207999e-04
1.3605426e-03
2.0333909e-03
2.4522586e-03
2.6972054e-03
2.8495103e-03
2.9138547e-03
2.8621538e-03
2.7748828e-03
2.5742883e-03
2.2883610e-03
2.1317813e-03
2.0708247e-03
2.0854736e-03
2.0842601e-03
2.0385375e-03
1.9328182e-03
1.9045322e-03
1.8534026e-03
1.8812693e-03
1.7729054e-03
1.4947769e-03
1.2835482e-03
1.0266195e-03
7.6846712e-04
5.4811640e-04
1.1901890e-04
-2.3854479e-04
-5.2167248e-04
-7.6235006e-04
-8.9990242e-04
-9.7583844e-04
-1.0316411e-03
-1.0809178e-03
-1.1065868e-03
-1.2272993e-03
-1.2644648e-03
-1.2219801e-03
-1.2406878e-03
-1.3386001e-03
-1.5001026e-03
-1.8027369e-03
-2.1048418e-03
-2.2562649e-03
-2.2220746e-03
-1.9370561e-03
-1.4944570e-03
-1.1361143e-03
-8.3118847e-04
-5.7249150e-04
-2.3226074e-04
6.2332483e-05
2.3978372e-04
3.7236118e-04
3.4897591e-04
3.6459161e-04
4.3208758e-04
5.5956448e-04
6.7109938e-04
8.1287786e-04
8.9207290e-04
8.9846475e-04
9.6417580e-04
1.0805554e-03
1.1271574e-03
1.1150006e-03
1.0140455e-03
8.4072419e-04
6.5741803e-04
5.9614039e-04
7.4945225e-04
9.9371905e-04
1.1875970e-03
1.1465259e-03
9.1575086e-04
5.5997922e-04
2.3985306e-04
1.6417381e-05
-1.6125649e-04
-3.8955309e-04
-6.7881582e-04
-9.5785394e-04
-1.1100622e-03
-1.2431592e-03
-1.3037520e-03
-1.2482241e-03
-1.1377904e-03
-8.7775511e-04
-5.8888431e-04
-2.4263498e-04
3.1832340e-05
2.1914407e-04
2.4158610e-04
1.2437275e-04
-9.9418920e-05
-3.7831173e-04
-5.9721063e-04
-8.6615151e-04
-1.0793569e-03
-1.2498624e-03
-1.4705617e-03
-1.6970227e-03
-1.8534214e-03
-1.9884548e-03
-2.1392739e-03
-2.2822252e-03
-2.5197508e-03
-2.6113837e-03
-2.6856162e-03
-2.4749654e-03
-2.3261363e-03
-2.0590553e-03
-1.8440629e-03
-1.6294339e-03
-1.2291315e-03
-8.7131010e-04
-4.3696302e-04
-4.7334517e-05
1.6889016e-04
3.3903075e-04
4.7044231e-04
6.4617608e-04
8.2612736e-04
1.0552615e-03
1.3892541e-03
1.8455451e-03
2.2673728e-03
2.6425521e-03
2.9028799e-03
3.0624111e-03
3.0663509e-03
3.0342015e-03
2.9521842e-03
2.8473023e-03
2.6905105e-03
2.3979161e-03
2.2079975e-03
1.9982885e-03
1.8453904e-03
1.9003335e-03
1.9553197e-03
2.0710863e-03
2.2878226e-03
2.4747633e-03
2.7480174e-03
2.9039396e-03
3.0708563e-03
3.1551403e-03
3.1288127e-03
3.0710019e-03
2.9945828e-03
2.8495308e-03
2.5592903e-03
2.2382667e-03
1.8616859e-03
1.3199551e-03
7.9538640e-04
3.5354378e-04
5.5573845e-05
-2.1833146e-04
-5.8019327e-04
-9.8843080e-04
-1.4743798e-03
-2.0036342e-03
-2.4789252e-03
-2.9586124e-03
-3.3279092e-03
-3.6771799e-03
-3.8447445e-03
-3.7820588e-03
-3.4413489e-03
-2.8903655e-03
-2.2364390e-03
-1.7343923e-03
-1.3025218e-03
-1.0453870e-03
-7.8457787e-04
-5.6874945e-04
-4.1627993e-04
-3.3724693e-04
-2.8540213e-04
-3.3744697e-04
-3.0809650e-04
-1.9720108e-04
2.0587671e-05
1.3772907e-04
3.0502476e-04
5.0730935e-04
6.6556465e-04
7.8684271e-04
9.0123393e-04
8.3860634e-04
6.3308184e-04
3.4921613e-04
-8.4310678e-05
-5.5480599e-04
-1.1412896e-03
-1.5904131e-03
-2.0073616e-03
-2.2914914e-03
-2.3615070e-03
-2.2329186e-03
-1.9119171e-03
-1.6841378e-03
-1.5249296e-03
-1.4778763e-03
-1.5254609e-03
-1.5822390e-03
-1.6968083e-03
-1.7842280e-03
-1.8991722e-03
-1.9179038e-03
-1.7873172e-03
-1.4933626e-03
-1.1130939e-03
-6.8641601e-04
-2.9406266e-04
9.8994853e-05
4.8995407e-04
8.1463292e-04
1.0811228e-03
1.1351082e-03
1.0285554e-03
8.1461100e-04
4.6564531e-04
5.2003891e-05
-4.2138876e-04
-8.5869721e-04
-1.2327509e-03
-1.5331864e-03
-1.6384382e-03
-1.5980816e-03
-1.4929035e-03
-1.3635476e-03
-1.2709312e-03
-1.1706311e-03
-1.0005431e-03
-8.1978485e-04
-6.2414043e-04
-4.5757089e-04
-1.4801758e-04
2.0359248e-04
7.5172540e-04
1.3099505e-03
1.7565957e-03
2.2428641e-03
2.6922742e-03
3.0343078e-03
3.5007765e-03
3.8461910e-03
3.9688354e-03
4.0809411e-03
4.1872239e-03
4.3048202e-03
4.4873983e-03
4.5114882e-03
4.4918382e-03
4.3151722e-03
4.1383466e-03
3.9776508e-03
3.7682992e-03
3.3762425e-03
2.9535058e-03
2.5782644e-03
2.2788585e-03
1.8512094e-03
1.3519306e-03
7.4608802e-04
1.3256480e-04
-3.6412964e-04
-7.2584710e-04
-9.6651288e-04
-1.2847196e-03
-1.6016708e-03
-1.8384380e-03
-1.9550034e-03
-1.9797646e-03
-1.9332196e-03
-1.8065704e-03
-1.5218796e-03
-1.2097899e-03
-8.9481193e-04
-6.1722396e-04
-4.1473346e-04
-3.4465799e-04
-4.5864691e-04
-7.6744833e-04
-1.2703800e-03
-1.7856816e-03
-2.3211149e-03
-2.7525995e-03
-3.0830050e-03
-3.2774313e-03
-3.2892360e-03
-3.2383124e-03
-3.0802693e-03
-2.9083875e-03
-2.8103146e-03
-2.7394474e-03
-2.5921320e-03
-2.4779489e-03
-2.3576677e-03
-2.2330213e-03
-2.2570805e-03
-2.3392041e-03
-2.4281314e-03
-2.4893953e-03
-2.5170923e-03
-2.5651625e-03
-2.5729435e-03
-2.4918777e-03
-2.3242768e-03
-2.1448093e-03
-1.9155838e-03
-1.6977252e-03
-1.3802239e-03
-1.0056993e-03
-6.5258114e-04
-2.8513056e-04
1.0246920e-06
2.3254393e-04
4.4095232e-04
7.4192856e-04
9.7519315e-04
1.2611141e-03
1.5028658e-03
1.6916941e-03
1.8128930e-03
1.9934400e-03
2.1740900e-03
2.3221889e-03
2.3754568e-03
2.3460488e-03
2.4035973e-03
2.4304751e-03
2.6121562e-03
2.7726747e-03
