0.01
-2.9085880e-03
-4.1223250e-03
-4.2313640e-04
1.8822280e-03
-2.3057330e-03
-2.6886840e-03
8.6577060e-05
3.0890470e-03
1.4890510e-03
-4.7744510e-04
-1.6497140e-03
-8.5958920e-04
1.3273510e-03
-2.8584500e-03
-2.1377540e-03
-1.0999810e-03
-3.6436780e-03
-1.4245260e-03
1.4481890e-03
4.9977680e-03
5.4590180e-03
3.0894100e-03
1.0584680e-03
9.3377020e-04
-1.3839370e-03
-1.1212670e-04
1.9235040e-03
-7.6437430e-04
-7.1247300e-03
-5.8805810e-03
4.1047740e-03
7.6900350e-03
1.4150980e-03
-6.6255160e-03
-4.4516250e-03
4.2116750e-03
5.7218860e-03
5.2233900e-03
6.3036800e-03
2.2286630e-03
-1.0928170e-03
1.6113360e-03
1.4956890e-03
-1.3617160e-03
6.9585010e-04
2.1507150e-03
2.1199640e-03
4.6664820e-03
4.8567480e-03
-1.4425050e-03
-2.8080850e-04
-3.0144800e-05
-3.3204650e-03
-6.2846850e-03
-7.4409910e-03
-5.1428680e-03
-5.2335810e-03
-4.0314640e-05
2.3610430e-03
-1.2757600e-03
-4.2580570e-03
-2.8762820e-03
1.7306210e-03
6.5389880e-03
4.2368020e-03
-2.6401860e-03
-1.7055440e-03
2.1196110e-03
2.3680600e-03
-4.1688190e-04
-1.6492250e-03
1.0086030e-03
5.1949770e-03
2.8067700e-03
-4.1850000e-03
-5.4543730e-04
4.6055950e-03
3.9795920e-04
-6.9368930e-03
-1.1571660e-02
-1.1567620e-02
-8.4503600e-03
-4.7996620e-03
-7.2364820e-03
-9.7376050e-03
-8.9479420e-03
-5.7963250e-03
-1.6216710e-03
5.5662320e-03
1.3507410e-02
1.7313770e-02
1.4925910e-02
7.9084820e-03
3.5652060e-03
3.2874170e-03
4.7050640e-03
5.6159080e-03
8.5643470e-03
7.0503730e-03
4.7725490e-04
-4.1933890e-03
-4.5375000e-03
-5.0289370e-03
-4.2209210e-03
-2.6484340e-03
-4.8619540e-03
-8.1784040e-03
-1.0008860e-02
-5.8322070e-03
6.2073290e-03
1.0999080e-02
7.2379380e-03
-8.0506090e-04
-9.2176900e-03
-1.5413480e-02
-1.6109500e-02
-8.5584860e-03
4.5765530e-03
1.1642130e-02
1.1663770e-02
1.2203640e-02
1.0729770e-02
9.6950350e-03
9.3101030e-03
7.9068170e-03
5.5645240e-03
3.7941350e-04
-5.1195480e-03
-7.3422210e-03
-5.6664450e-03
-1.9600690e-03
2.5369150e-03
3.3346270e-03
2.4289530e-03
-8.0688520e-04
-6.0682900e-03
-8.8194260e-03
-8.0705550e-03
-7.0279790e-03
-8.5266070e-03
-7.3070310e-03
-3.6910550e-03
4.4370520e-03
1.2904230e-02
1.8870850e-02
2.4138870e-02
1.8944640e-02
1.2441200e-02
1.2962340e-02
1.6136650e-02
1.7974900e-02
1.4015710e-02
9.0404810e-03
5.8483410e-03
-3.0734370e-03
-1.5408570e-02
-2.0992760e-02
-2.1164160e-02
-1.3712850e-02
-4.0014670e-03
4.0677810e-03
6.3303890e-03
-3.9156310e-04
-9.4245380e-03
-1.0696400e-02
-2.8246650e-03
1.3640130e-03
2.2291580e-03
5.7480530e-03
3.1049960e-03
-2.3407560e-03
-1.2078380e-04
1.1370980e-02
2.4629810e-02
3.3604370e-02
3.5432890e-02
2.9973430e-02
2.3458870e-02
1.8928750e-02
1.4566980e-02
5.3744730e-03
-1.0011510e-02
-3.2811360e-02
-5.4531450e-02
-5.9805850e-02
-5.5874840e-02
-5.1738630e-02
-4.2911780e-02
-3.1627050e-02
-2.1695480e-02
-1.0832450e-02
-3.7304670e-03
3.1964340e-03
1.1881250e-02
1.6993440e-02
1.0347880e-02
-9.2025620e-03
-2.4900350e-02
-3.4663730e-02
-4.0347640e-02
-4.7128520e-02
-5.5335120e-02
-6.1597580e-02
-5.8984090e-02
-3.6152410e-02
-1.7871160e-03
2.3593140e-02
3.9099910e-02
5.0751540e-02
6.0334080e-02
6.7100590e-02
6.5958150e-02
5.5343780e-02
4.4551430e-02
3.4148860e-02
2.5607700e-02
1.7872610e-02
4.4810910e-03
-7.8308000e-03
-5.2839500e-03
7.1646560e-03
1.7794720e-02
2.0712570e-02
1.0335800e-02
-3.4720540e-03
-9.8616270e-03
-1.1816380e-02
-1.0597040e-02
-1.0550070e-02
-6.9441420e-03
-3.3803890e-03
-2.6449760e-03
-3.6048260e-03
-5.4594770e-03
-4.6811790e-03
-1.1397410e-03
6.5977910e-03
2.5507910e-02
5.6690950e-02
8.7864050e-02
1.0898800e-01
1.1768890e-01
1.1294230e-01
9.8846260e-02
8.0984540e-02
6.3438810e-02
4.5583100e-02
3.3310250e-02
2.3282760e-02
4.4298460e-03
-2.1475860e-02
-5.3072780e-02
-9.2797100e-02
-1.3331370e-01
-1.6563050e-01
-1.8157210e-01
-1.7761240e-01
-1.4777120e-01
-1.0200760e-01
-4.8316230e-02
2.1785180e-02
8.1953280e-02
1.2225280e-01
1.3509210e-01
1.1741210e-01
8.5599640e-02
5.8657350e-02
3.6187730e-02
1.5662240e-02
2.6925900e-03
-2.3937920e-03
-5.4449320e-04
-1.3402750e-03
-9.8703610e-03
-2.7379740e-02
-5.7213190e-02
-8.3942720e-02
-9.4050070e-02
-9.4448270e-02
-1.0131460e-01
-9.9680870e-02
-8.9884100e-02
-7.6542240e-02
-5.2415150e-02
-2.1137130e-02
6.4310600e-03
2.1566930e-02
2.8323260e-02
2.5900700e-02
1.8297940e-02
1.3871570e-02
1.4447350e-02
1.6587380e-02
9.1767910e-03
-1.4569070e-02
-3.6952910e-02
-5.2474320e-02
-8.2270600e-02
-1.0926100e-01
-1.2186170e-01
-1.2138500e-01
-1.0168510e-01
-6.6896940e-02
-1.9539770e-02
2.7462260e-02
6.4266360e-02
7.7402990e-02
6.4848050e-02
5.2203990e-02
3.8388630e-02
3.0938230e-02
3.4086010e-02
4.8162300e-02
6.6923150e-02
8.8662210e-02
1.0191640e-01
1.0210680e-01
9.6490210e-02
8.0115550e-02
4.5811550e-02
5.0782640e-03
-4.0648500e-02
-7.8439900e-02
-1.0085650e-01
-1.1022560e-01
-1.0844340e-01
-9.5540350e-02
-6.8708240e-02
-3.2292860e-02
9.6262520e-03
4.2985840e-02
6.1622080e-02
6.6555540e-02
5.9108660e-02
4.8890090e-02
4.2966880e-02
4.0262750e-02
4.3253230e-02
4.5308870e-02
5.7676060e-02
7.5847790e-02
8.9402280e-02
9.9238350e-02
1.1361660e-01
1.2839080e-01
1.3873170e-01
1.4198640e-01
1.3480770e-01
1.1666420e-01
9.1969870e-02
6.9523420e-02
5.0680530e-02
3.2632370e-02
1.2302110e-02
-8.6133530e-03
-2.3990360e-02
-3.2607430e-02
-4.0786840e-02
-4.3101960e-02
-3.3046340e-02
-2.2284380e-02
-2.3508690e-02
-3.8078070e-02
-5.9680360e-02
-8.0989090e-02
-9.7526820e-02
-1.1261420e-01
-1.2401980e-01
-1.2470190e-01
-1.2063700e-01
-1.1734970e-01
-1.0947630e-01
-9.8945190e-02
-8.3606910e-02
-6.6484810e-02
-5.2087490e-02
-3.7969700e-02
-2.1202950e-02
3.6106280e-03
3.5623790e-02
6.5965990e-02
8.5202910e-02
8.9577240e-02
8.1938350e-02
6.3411520e-02
4.5307790e-02
2.5054390e-02
1.3844070e-03
-1.7000930e-02
-2.2203080e-02
-1.4551730e-02
-8.5366140e-03
-3.2941580e-03
7.5394650e-03
2.0952060e-02
3.5458310e-02
4.1888630e-02
3.4851880e-02
1.3495880e-02
-1.7096550e-02
-5.3265370e-02
-9.1706790e-02
-1.2381950e-01
-1.4882740e-01
-1.7140060e-01
-1.8554130e-01
-1.8890450e-01
-1.8291620e-01
-1.6933990e-01
-1.5121780e-01
-1.2730030e-01
-9.7360210e-02
-6.4752570e-02
-3.2214040e-02
-7.5408560e-04
2.9841890e-02
5.4854230e-02
7.5593440e-02
9.5853050e-02
1.1386650e-01
1.2768290e-01
1.3376770e-01
1.3344530e-01
1.2888010e-01
1.2615460e-01
1.2777470e-01
1.2833050e-01
1.2652510e-01
1.2288500e-01
1.1722880e-01
1.0551880e-01
9.0280120e-02
6.9178130e-02
4.6729330e-02
2.5574850e-02
1.7428760e-03
-2.0041030e-02
-4.1412590e-02
-5.5135100e-02
-5.4489290e-02
-4.6413150e-02
-2.9174440e-02
-7.1037720e-03
2.1841060e-02
5.3756250e-02
8.2985150e-02
1.0761360e-01
1.2505430e-01
1.3184000e-01
1.3013090e-01
1.2321900e-01
1.1379380e-01
9.7825890e-02
7.4113420e-02
4.4224010e-02
1.1477520e-02
-2.1924320e-02
-5.3328930e-02
-7.7513040e-02
-9.4758160e-02
-1.0708310e-01
-1.1216130e-01
-1.1003220e-01
-1.0200180e-01
-9.2186870e-02
-8.0743320e-02
-6.7736590e-02
-5.4748270e-02
-4.6688280e-02
-4.7005180e-02
-5.2416170e-02
-6.2853100e-02
-7.4060080e-02
-8.5372730e-02
-9.5084190e-02
-1.0077080e-01
-1.0310200e-01
-9.7084070e-02
-8.5731660e-02
-7.1733510e-02
-5.5749690e-02
-3.6865910e-02
-1.5480740e-02
6.9496800e-03
3.0458940e-02
5.3201980e-02
7.0918100e-02
8.0585040e-02
8.2363880e-02
7.6240950e-02
6.3621940e-02
4.6833690e-02
2.6824910e-02
7.9180380e-03
-7.6735590e-03
-1.6289620e-02
-1.6676540e-02
-1.0303260e-02
-5.4074750e-04
7.4854210e-03
1.4053170e-02
1.6006000e-02
1.4724110e-02
1.1883680e-02
9.9331530e-03
7.1089890e-03
9.9361760e-04
-8.0427180e-03
-1.7820360e-02
-2.4603100e-02
-2.6913500e-02
-2.6651940e-02
-2.6820470e-02
-2.1282820e-02
-1.5027950e-02
-6.4373170e-03
2.8657760e-03
1.1243160e-02
2.0659450e-02
2.8609700e-02
3.6076140e-02
4.0754670e-02
4.2474880e-02
4.0786220e-02
3.7378060e-02
3.4586920e-02
3.0688780e-02
2.8142450e-02
2.3949620e-02
1.6584720e-02
1.2843360e-02
1.3017320e-02
1.6181020e-02
1.8219380e-02
2.0707750e-02
2.2229020e-02
2.4092690e-02
2.7005810e-02
3.0355710e-02
3.4343330e-02
3.8727180e-02
4.3519610e-02
4.7529060e-02
5.0228510e-02
4.7417970e-02
3.8702470e-02
2.4046120e-02
5.9975390e-03
-1.3581180e-02
-3.2649250e-02
-4.9144080e-02
-6.1001120e-02
-6.6595940e-02
-6.3125210e-02
-5.1038290e-02
-3.5494990e-02
-1.9012610e-02
-2.7292350e-03
1.2251900e-02
2.4361230e-02
3.0869800e-02
2.8828860e-02
1.8359780e-02
2.9282700e-03
-1.5536850e-02
-3.4683110e-02
-5.3369400e-02
-6.8476260e-02
-7.7074010e-02
-7.8698620e-02
-7.2996770e-02
-6.2526610e-02
-5.0314190e-02
-3.8917780e-02
-2.9878810e-02
-2.2039140e-02
-1.4981510e-02
-8.0253700e-03
-1.6921290e-03
3.2391260e-03
7.6870990e-03
1.0804360e-02
1.1987890e-02
1.2061770e-02
1.2494470e-02
1.2621250e-02
1.2213130e-02
9.1056430e-03
4.3627970e-03
-6.5954220e-04
-6.1070930e-03
-9.2910400e-03
-1.0816070e-02
-1.1881720e-02
-1.1137970e-02
-6.9481940e-03
-2.8761710e-04
8.3417820e-03
1.7119340e-02
2.6025780e-02
3.3116530e-02
3.6790280e-02
3.5817020e-02
2.9533190e-02
1.9188790e-02
6.6146950e-03
-5.3325140e-03
-1.3137470e-02
-1.6030580e-02
-1.5415130e-02
-1.3183390e-02
-1.1052690e-02
-9.0173020e-03
-7.3092300e-03
-4.9613230e-03
-1.8533180e-03
1.5252060e-03
5.4234080e-03
6.7081000e-03
4.5421530e-03
3.4537130e-04
-5.8102000e-03
-1.2211300e-02
-1.6950010e-02
-1.9148510e-02
-1.7994340e-02
-1.2564870e-02
-4.4248960e-03
4.4161280e-03
1.2864320e-02
2.1178620e-02
2.9922780e-02
3.9616300e-02
5.0386800e-02
5.9161000e-02
6.2205010e-02
5.9165120e-02
5.2410470e-02
4.3763330e-02
3.5958370e-02
2.7180920e-02
1.8442390e-02
7.9600620e-03
-2.8884110e-03
-1.4618770e-02
-2.5922980e-02
-3.4685640e-02
-3.9639880e-02
-3.9155780e-02
-3.3690980e-02
-2.5112900e-02
-1.5320690e-02
-5.5253620e-03
3.3781760e-03
1.1363970e-02
1.7916400e-02
2.2569880e-02
2.3830760e-02
2.1191960e-02
1.5254990e-02
7.0131980e-03
-9.6300750e-04
-7.4124660e-03
-1.1115790e-02
-1.1913790e-02
-1.1505990e-02
-9.6184100e-03
-5.8739410e-03
-1.9163970e-04
6.5812140e-03
1.3068000e-02
1.6351150e-02
1.6729340e-02
1.4468000e-02
1.0544410e-02
5.7279050e-03
8.8760260e-04
-4.5039850e-03
-1.0849700e-02
-1.6708980e-02
-2.0762350e-02
-2.4233850e-02
-2.6421420e-02
-2.8017600e-02
-2.7668850e-02
-2.6705600e-02
-2.4825590e-02
-2.2918920e-02
-2.0563790e-02
-1.8136850e-02
-1.4712600e-02
-1.1168460e-02
-7.7844760e-03
-4.8068230e-03
-3.1917120e-03
-2.1935030e-03
-2.1472640e-03
-1.7106370e-03
-6.8859450e-04
-8.4596030e-05
1.2596740e-03
3.1802970e-03
4.3694270e-03
4.3803500e-03
3.4292640e-03
2.0536530e-03
-1.1782540e-03
-4.6598220e-03
-7.2667010e-03
-8.3160850e-03
-7.6008100e-03
-6.1327670e-03
-4.9747650e-03
-4.5681520e-03
-5.0718490e-03
-4.6386650e-03
-2.4307620e-03
1.3509480e-03
6.2916010e-03
1.0802560e-02
1.4283120e-02
1.7265980e-02
1.8887150e-02
1.7791670e-02
1.3669250e-02
6.8818490e-03
-7.7703160e-04
-8.1983950e-03
-1.4701490e-02
-1.8874700e-02
-2.0246740e-02
-1.9555930e-02
-1.7186110e-02
-1.3292520e-02
-8.0562700e-03
-2.1856930e-03
3.7448190e-03
1.0097590e-02
1.5958040e-02
2.1893930e-02
2.8295740e-02
3.4607720e-02
4.0556590e-02
4.5684160e-02
4.9620420e-02
5.2580060e-02
5.4269890e-02
5.3589180e-02
4.9870900e-02
4.4101120e-02
3.6106640e-02
2.4609550e-02
1.0445490e-02
-2.4224490e-03
-1.4700340e-02
-2.6060790e-02
-3.5537520e-02
-4.1304750e-02
-4.3999840e-02
-4.4293400e-02
-4.2563370e-02
-3.8728240e-02
-3.3954240e-02
-2.9029220e-02
-2.5424230e-02
-2.3752020e-02
-2.4078050e-02
-2.5029530e-02
-2.5136260e-02
-2.4812520e-02
-2.2977780e-02
-1.9958680e-02
-1.6654690e-02
-1.1966700e-02
-6.0738110e-03
-2.6195650e-04
5.1586680e-03
9.2606300e-03
1.2354700e-02
1.5820800e-02
1.7416640e-02
1.8413120e-02
1.8497230e-02
1.7611470e-02
1.5733420e-02
1.2918390e-02
7.8181230e-03
1.5343240e-03
-4.4317620e-03
-1.0304350e-02
-1.4446150e-02
-1.7080460e-02
-1.9943810e-02
-2.2903910e-02
-2.5497560e-02
-2.6620170e-02
-2.5352540e-02
-2.2937240e-02
-2.0401370e-02
-1.7635500e-02
-1.3893160e-02
-9.3978380e-03
-3.9999960e-03
1.6815150e-03
7.5203590e-03
1.4456940e-02
2.0865200e-02
2.6807410e-02
3.2259860e-02
3.8097210e-02
4.2637830e-02
4.5671130e-02
4.6806490e-02
4.6385240e-02
4.6059710e-02
4.6081200e-02
4.4205780e-02
4.0095130e-02
3.3895690e-02
2.6999430e-02
1.9663700e-02
1.2860680e-02
5.5724740e-03
-1.4228320e-03
-6.9715270e-03
-1.1871680e-02
-1.5916290e-02
-1.7655780e-02
-1.7425290e-02
-1.6561010e-02
-1.4993480e-02
-1.4400950e-02
-1.4902310e-02
-1.6289140e-02
-1.8615980e-02
-2.1403920e-02
-2.4716150e-02
-2.8178660e-02
-3.2101000e-02
-3.6035960e-02
-3.7813180e-02
-3.8044350e-02
-3.6232140e-02
-3.2917330e-02
-2.7632300e-02
-2.2155060e-02
-1.6744200e-02
-1.2305430e-02
-9.1885820e-03
-7.0486100e-03
-6.5111900e-03
-8.3478020e-03
-1.1638050e-02
-1.5427570e-02
-1.8481810e-02
-2.0149040e-02
-2.0748920e-02
-2.0356120e-02
-1.8981420e-02
-1.5701130e-02
-1.0829820e-02
-4.6405560e-03
1.6785030e-03
9.1164580e-03
1.5986160e-02
2.1835750e-02
2.6922640e-02
3.1027350e-02
3.4418900e-02
3.7402730e-02
4.0856090e-02
4.4280370e-02
4.7707210e-02
4.9320410e-02
4.8178920e-02
4.4501000e-02
3.7501330e-02
2.9676650e-02
2.1283820e-02
1.5206880e-02
1.0580840e-02
7.8937710e-03
6.7190170e-03
7.2022070e-03
8.6472250e-03
9.5579360e-03
1.0992860e-02
1.2905930e-02
1.5271120e-02
1.6469320e-02
1.6139760e-02
1.4263260e-02
1.0575690e-02
7.2052490e-03
3.6888910e-03
1.4044630e-04
-2.3625110e-03
-4.3305720e-03
-6.3155500e-03
-9.1109190e-03
-1.2506060e-02
-1.5149550e-02
-1.7612310e-02
-1.9175550e-02
-1.8815850e-02
-1.6996050e-02
-1.4649390e-02
-1.0429800e-02
-5.0774170e-03
4.0716150e-04
3.9902570e-03
4.8152540e-03
3.1174250e-03
-1.0744580e-03
-5.5430950e-03
-1.0920110e-02
-1.4908480e-02
-1.8850190e-02
-2.2804170e-02
-2.6339610e-02
-2.7935130e-02
-2.8092570e-02
-2.7669300e-02
-2.6707600e-02
-2.4453820e-02
-1.9259270e-02
-1.3805770e-02
-9.2950940e-03
-5.8112450e-03
-4.6666190e-03
-5.4482150e-03
-7.2896050e-03
-1.0184210e-02
-1.3550430e-02
-1.5637450e-02
-1.6008990e-02
-1.4630800e-02
-1.1670680e-02
-7.8672400e-03
-4.7836750e-03
-1.4130890e-03
1.0397440e-03
4.0575520e-03
6.5697290e-03
9.3864690e-03
1.1798080e-02
1.4332750e-02
1.6895490e-02
1.8417840e-02
1.7577780e-02
1.7046460e-02
1.8283180e-02
2.1075030e-02
2.5069830e-02
2.8206730e-02
2.8368100e-02
2.4807240e-02
1.8295810e-02
9.4846070e-03
-3.1478570e-04
-9.2341210e-03
-1.6202290e-02
-2.1195260e-02
-2.5235040e-02
-3.0046880e-02
-3.4046320e-02
-3.4957880e-02
-3.3228480e-02
-2.9439790e-02
-2.4284970e-02
-1.9707690e-02
-1.4326950e-02
-9.3968040e-03
-4.9315510e-03
-1.8592860e-03
6.7380330e-04
2.6329870e-03
4.5918400e-03
6.5961120e-03
8.1368120e-03
9.0695870e-03
1.0480550e-02
1.2484030e-02
1.4027410e-02
1.4669730e-02
1.2917520e-02
1.0917170e-02
1.0654320e-02
1.1445310e-02
1.3794450e-02
1.6245670e-02
1.8340780e-02
1.9023520e-02
1.7740640e-02
1.6600810e-02
1.6478960e-02
1.8358830e-02
2.0274750e-02
2.1394210e-02
2.1976200e-02
2.2809700e-02
2.4247450e-02
2.4920530e-02
2.4521790e-02
2.2276930e-02
1.8867410e-02
1.4474940e-02
1.0612550e-02
6.2954230e-03
1.8646110e-03
-3.1029210e-03
-7.5577380e-03
-1.1520760e-02
-1.4122230e-02
-1.5164380e-02
-1.4487390e-02
-1.2616810e-02
-1.0111100e-02
-7.2109210e-03
-4.7462890e-03
-1.4626340e-03
2.4694680e-03
7.2248950e-03
1.1625850e-02
1.4818300e-02
1.6150850e-02
1.4948130e-02
1.2129280e-02
8.2906070e-03
3.7931320e-03
-1.6306040e-03
-6.0742930e-03
-1.0028420e-02
-1.2727470e-02
-1.4738830e-02
-1.5654390e-02
-1.6178170e-02
-1.7219100e-02
-1.8703260e-02
-2.1064440e-02
-2.2609940e-02
-2.4094210e-02
-2.4661610e-02
-2.4274480e-02
-2.1964040e-02
-1.9047580e-02
-1.6057470e-02
-1.2655680e-02
-1.0653250e-02
-1.0411280e-02
-1.2641130e-02
-1.5181690e-02
-1.7553300e-02
-1.8994430e-02
-2.0520050e-02
-2.3396310e-02
-2.6259610e-02
-2.8740540e-02
-2.9851550e-02
-2.9484370e-02
-2.7755460e-02
-2.5478090e-02
-2.1665200e-02
-1.5866190e-02
-1.0017310e-02
-4.0866470e-03
1.4168130e-03
6.7929830e-03
1.1629570e-02
1.6073450e-02
1.9154380e-02
2.0696620e-02
2.0440410e-02
1.8650680e-02
1.6201280e-02
1.3798940e-02
1.1848530e-02
9.8838670e-03
7.9245240e-03
5.9788960e-03
4.8672840e-03
4.2936660e-03
4.3515590e-03
4.8136110e-03
5.7005570e-03
7.5711060e-03
1.0420600e-02
1.3307080e-02
1.6640650e-02
2.0035830e-02
2.2644170e-02
2.4329780e-02
2.3997670e-02
2.2998380e-02
2.1498410e-02
2.0113060e-02
1.8767500e-02
1.8155440e-02
1.7135160e-02
1.5320000e-02
1.3838150e-02
1.2752350e-02
1.1765020e-02
1.0785540e-02
1.0709290e-02
1.0663380e-02
1.1927690e-02
1.3459500e-02
1.4992400e-02
1.5057790e-02
1.3303780e-02
1.1317540e-02
8.8939390e-03
6.9508070e-03
4.9801860e-03
3.0318200e-03
1.0368560e-03
3.4870380e-04
-1.2221740e-04
-1.1271600e-04
8.1875450e-04
2.2949080e-03
2.8237200e-03
2.8250020e-03
1.9389170e-03
1.8554600e-03
9.6539540e-04
-3.2272790e-04
-3.2151310e-03
-6.6594190e-03
-1.0910390e-02
-1.4923540e-02
-1.8850330e-02
-2.3711960e-02
-2.8217080e-02
-3.2604100e-02
-3.5558590e-02
-3.7153990e-02
-3.7353060e-02
-3.6478810e-02
-3.5507680e-02
-3.2735480e-02
-2.9837210e-02
-2.6836820e-02
-2.3447840e-02
-2.0463300e-02
-1.8012840e-02
-1.6473960e-02
-1.5818530e-02
-1.5797900e-02
-1.5878160e-02
-1.5964710e-02
-1.5405850e-02
-1.3584030e-02
-1.1167450e-02
-8.5923650e-03
-5.2797800e-03
-1.4609130e-03
2.4460760e-03
7.3187670e-03
1.2640010e-02
1.6714990e-02
1.8927780e-02
1.9574360e-02
1.8747560e-02
1.7572040e-02
1.6576340e-02
1.6530200e-02
1.7919890e-02
1.9098580e-02
1.9166010e-02
1.8652930e-02
1.7621970e-02
1.7032650e-02
1.6517100e-02
1.6054550e-02
1.5213160e-02
1.4768690e-02
1.4186180e-02
1.3630250e-02
1.3638880e-02
1.4527960e-02
1.4546110e-02
1.4097490e-02
1.3220160e-02
1.3168910e-02
1.2821800e-02
1.1877840e-02
9.8624090e-03
8.3001250e-03
6.8132880e-03
5.3323690e-03
4.7944940e-03
3.9017310e-03
3.8279980e-03
3.8165340e-03
3.8212030e-03
4.7122030e-03
4.7792370e-03
4.8010060e-03
3.8659030e-03
3.2890820e-03
2.7871370e-03
2.2957500e-03
2.7011940e-03
3.1570560e-03
3.7263220e-03
4.3527990e-03
4.7597930e-03
5.1718620e-03
5.3029300e-03
4.9367200e-03
4.3738660e-03
2.8581170e-03
5.5873790e-04
-1.4354960e-03
-2.9329450e-03
-4.2933200e-03
-6.7007800e-03
-9.6319390e-03
-1.3504770e-02
-1.7023630e-02
-2.0458070e-02
-2.2101180e-02
-2.2687000e-02
-2.1455630e-02
-1.8662420e-02
-1.5583790e-02
-1.3072650e-02
-1.1112250e-02
-1.0052510e-02
-9.8982550e-03
-9.4231880e-03
-9.4444350e-03
-1.0351010e-02
-1.2154980e-02
-1.4588840e-02
-1.7988080e-02
-2.0940600e-02
-2.3509560e-02
-2.5013160e-02
-2.5150230e-02
-2.3831030e-02
-2.1928110e-02
-1.9540680e-02
-1.6590120e-02
-1.3656880e-02
-9.7853510e-03
-6.2139860e-03
-2.2964600e-03
1.0775940e-03
4.0064790e-03
6.0690320e-03
7.9957150e-03
1.0392170e-02
1.3328170e-02
1.6301570e-02
1.8860080e-02
2.0391930e-02
2.1329440e-02
2.0904020e-02
2.0467780e-02
1.9586810e-02
1.8606980e-02
1.7681350e-02
1.7162610e-02
1.6163560e-02
1.5191840e-02
1.4204770e-02
1.3235270e-02
1.2197720e-02
1.0766000e-02
9.7428090e-03
8.3272670e-03
6.9981250e-03
5.4293790e-03
3.0034350e-03
1.2428930e-04
-2.3742570e-03
-3.4284510e-03
-3.5488110e-03
-3.5084750e-03
-3.0456240e-03
-3.0576840e-03
-2.1646860e-03
-1.1652280e-03
-5.6334920e-04
-1.0626890e-04
-1.1753420e-04
-1.2872480e-04
-9.6921760e-04
-1.4794210e-03
-1.5361830e-03
-1.9721680e-03
-2.0627770e-03
-2.0645680e-03
-1.1789190e-03
-1.7502780e-04
1.3247680e-03
1.7971460e-03
1.3293490e-03
-4.3762790e-04
-2.3791760e-03
-4.3364070e-03
-6.3126080e-03
-8.2163530e-03
-1.0641990e-02
-1.2307320e-02
-1.2853840e-02
-1.1976860e-02
-1.0961980e-02
-9.5259880e-03
-8.5261680e-03
-7.9179030e-03
-7.4616940e-03
-7.4730380e-03
-7.4683980e-03
-7.4727440e-03
-7.4656940e-03
-7.5018270e-03
-7.1322450e-03
-6.5569320e-03
-5.0963970e-03
-3.2545310e-03
-1.2578660e-03
3.1077900e-04
1.8065980e-03
3.2249620e-03
4.2447180e-03
4.7908760e-03
5.7273930e-03
6.2660740e-03
6.2616170e-03
6.2606730e-03
6.2943980e-03
5.9318720e-03
6.2545520e-03
6.6530950e-03
6.7413480e-03
5.8548000e-03
4.8810410e-03
3.9469290e-03
2.5463330e-03
1.4314420e-03
-6.3276850e-05
-1.5289640e-03
-2.1007990e-03
-1.7261150e-03
-2.7674160e-04
1.3213790e-03
3.6000150e-03
5.9785510e-03
7.9837090e-03
1.0386930e-02
1.2400640e-02
1.3841560e-02
1.5415000e-02
1.6020780e-02
1.6402370e-02
1.6038180e-02
1.5154210e-02
1.4243050e-02
1.2775580e-02
1.0348430e-02
7.5075850e-03
4.6253010e-03
2.1461830e-03
-7.9863810e-04
-2.8943670e-03
-5.3262760e-03
-7.3229540e-03
-9.7475870e-03
-1.1717170e-02
-1.3346310e-02
-1.4399890e-02
-1.4860760e-02
-1.4790340e-02
-1.4376750e-02
-1.3966510e-02
-1.2931770e-02
-1.1445840e-02
-1.0016930e-02
-9.0508790e-03
-8.0526410e-03
-7.1387960e-03
-6.5708440e-03
-5.9966550e-03
-5.1240160e-03
-4.1017670e-03
-3.5536490e-03
-3.5673700e-03
-3.5102480e-03
-3.9421650e-03
-4.0215470e-03
-4.0685900e-03
-3.6893960e-03
-3.1708140e-03
-2.1678370e-03
-1.2477790e-03
-7.1579640e-04
2.2934570e-04
7.4500630e-04
1.7373540e-03
2.7628960e-03
4.2014030e-03
4.2791110e-03
4.2481570e-03
3.7780430e-03
2.9015530e-03
1.9306560e-03
9.4281480e-04
-3.7969260e-07
-1.3580390e-03
-2.8584050e-03
-3.9247920e-03
-4.9650680e-03
-5.5150530e-03
-5.5106340e-03
-5.5155750e-03
-4.6038150e-03
-3.6864680e-03
-1.3695170e-03
6.1250590e-04
3.0203460e-03
5.0226770e-03
6.5194150e-03
8.5517840e-03
1.0080090e-02
1.1947860e-02
1.3940070e-02
1.5518670e-02
1.6966020e-02
1.7895090e-02
1.8353020e-02
1.8929850e-02
1.8593780e-02
1.7606670e-02
1.5778190e-02
1.3451980e-02
1.0973070e-02
8.9155960e-03
6.9396920e-03
5.0012990e-03
3.8338520e-03
2.7938100e-03
1.9698030e-03
1.4630610e-03
4.1027430e-04
-1.0050190e-03
-2.0701310e-03
-3.1020110e-03
-3.9207560e-03
-4.4235320e-03
-4.5708190e-03
-4.1599680e-03
-4.0279860e-03
-3.5126100e-03
-3.0213430e-03
-2.5277100e-03
-2.0240770e-03
-1.5883740e-03
-1.5592560e-03
-2.8703810e-03
-3.9696440e-03
-5.4777540e-03
-6.8929230e-03
-7.9107710e-03
-8.4635060e-03
-8.4606420e-03
-8.4564390e-03
-8.5017480e-03
-8.0778250e-03
-7.9766420e-03
-8.0309920e-03
-8.4443420e-03
-8.8409860e-03
-9.0021940e-03
-9.4176970e-03
-9.8330370e-03
-9.9005780e-03
-9.1176100e-03
-8.1787400e-03
-7.1437280e-03
-6.6207830e-03
-5.6260160e-03
-4.6000610e-03
-3.1522760e-03
-2.1913970e-03
-1.1946900e-03
-2.5939330e-04
2.0548950e-04
7.3723640e-04
8.3706540e-04
8.3653960e-04
8.8982730e-04
4.6072150e-04
3.8006030e-04
3.2854040e-04
-1.9019460e-04
-6.3837580e-04
-1.5227100e-03
-2.4926820e-03
-3.4713070e-03
-4.4526250e-03
-5.4331630e-03
-6.4119420e-03
-7.3887900e-03
-7.4730630e-03
-7.4972400e-03
-7.4465100e-03
-6.9665400e-03
-6.1550890e-03
-5.5835730e-03
-4.1612540e-03
-2.8366840e-03
-1.2846100e-03
2.9707970e-04
1.7781320e-03
3.2548960e-03
4.7384160e-03
6.1752810e-03
8.0263580e-03
1.0025180e-02
1.1558370e-02
1.3415840e-02
1.4525590e-02
1.5975420e-02
1.6049670e-02
1.6027870e-02
1.5504950e-02
1.4167020e-02
1.3213470e-02
1.2224920e-02
1.1259200e-02
1.0227130e-02
9.6839270e-03
8.7527270e-03
8.1617030e-03
7.6899250e-03
6.8592490e-03
6.3522210e-03
5.3533830e-03
4.3898210e-03
3.3663640e-03
2.7763370e-03
2.2688840e-03
2.7007750e-03
2.8273910e-03
3.3530700e-03
3.8004660e-03
3.7778850e-03
3.8177510e-03
2.5330930e-03
1.0902320e-03
-3.6953840e-04
-1.8652030e-03
-2.9973630e-03
-3.5540510e-03
-4.4947370e-03
-5.9740450e-03
-7.4460260e-03
-8.8921030e-03
-9.7944440e-03
-1.0365100e-02
-1.0924090e-02
-1.0015670e-02
-9.0645020e-03
-7.1459430e-03
-5.5893740e-03
-4.1105570e-03
-3.5210230e-03
-3.0557050e-03
-3.0720160e-03
-3.0564940e-03
-3.1170770e-03
-3.5720690e-03
-4.4957570e-03
-5.0406210e-03
-5.0286140e-03
-5.9792830e-03
-6.5047190e-03
-6.5136380e-03
-6.4582720e-03
-6.0329630e-03
-5.6755390e-03
-6.0418860e-03
-6.0102890e-03
-6.0579800e-03
-6.5692250e-03
-7.0144360e-03
-6.9906290e-03
-7.0462020e-03
-6.6059830e-03
-6.5545860e-03
-6.1670770e-03
-5.6478360e-03
-5.5497950e-03
-5.5393750e-03
-5.5293370e-03
-5.5639770e-03
-5.1934770e-03
-4.6147390e-03
-3.1640870e-03
-1.2723120e-03
3.0168440e-04
1.7499830e-03
2.6651670e-03
3.1853980e-03
3.2844500e-03
3.3040530e-03
3.2497720e-03
2.8003070e-03
2.7544880e-03
2.3359490e-03
1.9262320e-03
1.8446520e-03
1.7783970e-03
2.2673740e-03
2.7871300e-03
4.0493850e-03
5.5559270e-03
7.4716180e-03
8.9622140e-03
1.0049460e-02
1.1040400e-02
1.2015380e-02
1.3033990e-02
1.3637110e-02
1.4088680e-02
1.4112780e-02
1.3750810e-02
1.3174000e-02
1.2618650e-02
1.1679790e-02
1.0233120e-02
9.3128630e-03
7.9343400e-03
6.4891010e-03
4.9841300e-03
3.9038280e-03
2.9254200e-03
2.7918900e-03
2.2690600e-03
1.7806610e-03
1.2839040e-03
7.8988320e-04
3.0021150e-04
-1.9821990e-04
2.4490280e-04
3.2018300e-04
3.7011000e-04
-8.6244230e-06
-5.2715530e-04
-1.5285290e-03
-2.4528110e-03
-2.9724970e-03
-3.9795080e-03
-4.9102560e-03
-5.3779390e-03
-5.9100540e-03
-6.0090140e-03
-6.0170310e-03
-6.0311610e-03
-5.9705730e-03
-5.5452670e-03
-5.1953600e-03
-4.6169720e-03
-4.0575110e-03
-3.1760710e-03
-3.0940970e-03
-3.0922630e-03
-3.0430090e-03
-3.4697280e-03
-3.5621160e-03
-3.5586680e-03
-3.6256650e-03
-4.0378230e-03
-4.4471260e-03
-4.5461520e-03
-4.5406760e-03
-4.5927420e-03
-4.1660740e-03
-4.0748000e-03
-4.0763840e-03
-4.0211170e-03
-3.5596720e-03
-3.5809630e-03
-3.5763590e-03
-4.4837460e-03
-5.3953050e-03
-5.9076640e-03
-6.0224470e-03
-5.9758840e-03
-5.5127070e-03
-4.6348630e-03
-3.6697000e-03
-2.6483530e-03
-1.1530450e-03
2.7180900e-04
1.2393140e-03
2.2341340e-03
3.1594620e-03
3.6630920e-03
3.8130830e-03
3.4071510e-03
3.2531210e-03
2.8422010e-03
2.3783480e-03
1.8206070e-03
1.8330880e-03
1.8232930e-03
1.8275410e-03
1.8255220e-03
1.8360650e-03
1.7966400e-03
2.1848450e-03
2.6615150e-03
3.1477330e-03
3.6288820e-03
4.1466550e-03
4.2994680e-03
4.7752780e-03
4.7492720e-03
4.8057310e-03
4.3826180e-03
4.2536980e-03
3.7201660e-03
3.3210460e-03
2.9162830e-03
2.7617340e-03
2.3303340e-03
1.9778050e-03
1.4062650e-03
8.1935280e-04
2.6021890e-04
2.4795120e-04
2.9858870e-04
7.4252420e-04
7.8493360e-04
1.2335160e-03
1.2762930e-03
1.7139390e-03
1.8038050e-03
1.8253210e-03
1.7766420e-03
2.2165480e-03
2.2561200e-03
2.6955840e-03
2.7753600e-03
2.8351910e-03
2.4083000e-03
2.3295870e-03
2.2671150e-03
1.7978130e-03
9.2437610e-04
-5.8716990e-05
-9.9009210e-04
-2.3880600e-03
-3.5113970e-03
-4.9536940e-03
-5.9553950e-03
-6.5650120e-03
-7.0128880e-03
-7.0388540e-03
-6.6659630e-03
-6.1290500e-03
-5.1925020e-03
-3.7586420e-03
-3.0126260e-03
-2.0696000e-03
-1.2436800e-03
-7.8463200e-04
-2.4432130e-04
-1.9600490e-04
2.4154540e-04
3.4228640e-04
3.0936930e-04
6.9912220e-04
2.7663140e-04
7.3290790e-04
8.1474760e-04
8.3696240e-04
7.9326510e-04
1.2114990e-03
1.3540970e-03
1.8250650e-03
1.8087340e-03
1.8182350e-03
1.8066400e-03
1.8455540e-03
1.4673670e-03
9.4958350e-04
8.4477700e-04
-4.9639230e-05
-1.0662670e-03
-1.6182640e-03
-2.5056470e-03
-2.5831450e-03
-2.5968230e-03
-2.5966040e-03
-2.5962930e-03
-2.5963070e-03
-2.5967970e-03
-2.5940880e-03
-2.6059460e-03
-2.5546330e-03
-2.9853980e-03
-3.0628500e-03
-3.1270560e-03
-3.5820200e-03
-3.6138190e-03
-4.0917550e-03
-4.0184780e-03
-3.5480170e-03
-2.7226140e-03
-2.2053280e-03
-1.2467650e-03
-8.0189090e-04
-2.0014460e-04
3.0512170e-04
7.4595420e-04
7.5022340e-04
6.7881400e-04
2.7361990e-04
-1.7293410e-04
-1.0452690e-03
-1.1335560e-03
-1.9900060e-03
-2.4733570e-03
-2.6417680e-03
-3.0495580e-03
-2.6082780e-03
-2.2563310e-03
-1.7126060e-03
-7.7291030e-04
6.3097990e-04
1.7049610e-03
2.6861500e-03
3.7079350e-03
4.3093660e-03
4.7694250e-03
4.7597720e-03
4.7631420e-03
4.7686360e-03
4.7250500e-03
4.2093680e-03
3.7609860e-03
2.8891230e-03
2.7708950e-03
2.2427780e-03
1.7990450e-03
1.8117920e-03
1.8009510e-03
1.8433220e-03
2.3721370e-03
2.7571760e-03
3.2275120e-03
3.7897130e-03
4.6544530e-03
4.7984090e-03
5.2248620e-03
5.6238950e-03
5.7595980e-03
5.3769450e-03
4.9044970e-03
4.4126370e-03
3.9482900e-03
3.3536110e-03
2.8504590e-03
2.3741910e-03
1.8120760e-03
9.2254290e-04
8.9058350e-04
4.4952030e-04
3.5922710e-04
3.5220620e-04
3.4252700e-04
3.8562090e-04
8.9921820e-04
1.3446770e-03
1.3228120e-03
1.3762550e-03
9.4548010e-04
8.5005260e-04
-3.7299770e-05
-1.6596220e-04
-6.3382650e-04
-6.6807560e-04
-1.1373510e-03
-1.1154230e-03
-1.1250890e-03
-1.1100110e-03
-1.1581940e-03
-7.3150050e-04
-6.3420840e-04
-6.6948920e-04
-1.1748740e-03
-1.6595570e-03
-2.1663370e-03
-2.6010590e-03
-2.6516510e-03
-3.0689870e-03
-3.4817220e-03
-4.4618970e-03
-5.4722490e-03
-6.0670910e-03
-6.5698370e-03
-7.0564080e-03
-6.6713810e-03
-6.1159950e-03
-5.5029830e-03
-5.0365410e-03
-5.0941290e-03
-4.6621910e-03
-4.5732550e-03
-4.5724580e-03
-4.5241390e-03
-4.0193440e-03
-3.5223500e-03
-3.0710380e-03
-3.0844360e-03
-3.0791470e-03
-3.0822020e-03
-3.0808510e-03
-3.0840430e-03
-3.0740650e-03
-3.1264110e-03
-3.5895270e-03
-3.5625960e-03
-3.6061280e-03
-3.2279740e-03
-2.6908590e-03
-1.7723580e-03
-1.1551010e-03
-1.1446970e-04
7.7437680e-04
1.7888870e-03
2.7412510e-03
3.2350600e-03
3.7456480e-03
4.2346390e-03
4.7719880e-03
4.8807980e-03
4.8935760e-03
4.9110330e-03
4.8470460e-03
4.4365430e-03
4.0275600e-03
3.9281320e-03
3.9163520e-03
3.9057510e-03
3.8960710e-03
3.8829450e-03
3.8697260e-03
3.8499430e-03
3.8412710e-03
3.7674780e-03
3.2995930e-03
3.2844300e-03
3.3155780e-03
3.6935380e-03
4.0492510e-03
4.1559510e-03
4.5721950e-03
4.4711580e-03
3.9404700e-03
3.4665480e-03
2.5977570e-03
1.6090840e-03
1.0284080e-03
5.2789270e-04
8.7662490e-05
9.5957080e-05
2.8935690e-05
-4.0925910e-04
-3.8975030e-04
-4.4955880e-04
-6.6485240e-05
1.2026030e-05
-3.8538290e-05
3.3623230e-04
3.9509390e-04
3.8900560e-04
3.3415040e-04
-1.4900130e-04
-5.1028030e-04
-8.7201910e-04
-1.0114400e-03
-1.3720740e-03
-1.7185700e-03
-1.7897520e-03
-1.7713290e-03
-1.8030760e-03
-2.1704400e-03
-2.1402430e-03
-2.0794570e-03
-2.4041520e-03
-2.4435100e-03
-2.4123520e-03
-2.3858660e-03
-2.3092470e-03
