0.01
4.4130610e-03
1.6539460e-02
2.8499830e-02
3.0683190e-02
2.7631970e-02
1.9675080e-02
1.2505370e-02
1.2797200e-02
1.2945530e-02
9.4202090e-03
2.1554960e-03
-6.6745660e-04
8.3652700e-03
2.0007750e-02
2.6820390e-02
2.4527170e-02
1.0239200e-02
-1.0998330e-02
-3.2415590e-02
-4.6665130e-02
-4.4126370e-02
-2.5329520e-02
-5.4274090e-03
8.4936690e-03
8.4816610e-03
-6.3757290e-04
-1.7354010e-02
-3.3981140e-02
-4.3143200e-02
-3.9514190e-02
-2.6920630e-02
-1.7188540e-02
-1.2540020e-02
-7.8634090e-03
-5.2602770e-03
-4.5154800e-03
-9.2333430e-04
3.4656330e-03
6.2113940e-03
7.4524160e-03
1.0360500e-02
1.4000750e-02
1.8110950e-02
2.1457680e-02
2.0271050e-02
1.9324270e-02
2.4997410e-02
3.0106220e-02
3.1499840e-02
2.5061260e-02
1.0369200e-02
-2.6483700e-03
-3.0857810e-03
1.2957900e-03
-2.6460470e-03
-1.4692570e-02
-3.2526360e-02
-4.5444080e-02
-4.7257840e-02
-3.8477940e-02
-2.6364800e-02
-1.5645040e-02
-1.0074850e-02
-6.4049160e-03
3.1828040e-03
1.7318230e-02
3.0549700e-02
3.5475440e-02
3.8175670e-02
3.4240580e-02
1.7495980e-02
-2.3718880e-03
-2.3598860e-02
-3.8670910e-02
-4.5328610e-02
-3.9348150e-02
-1.7059750e-02
1.3667960e-02
3.9059340e-02
4.1069200e-02
3.0741260e-02
1.4811080e-02
-5.7911040e-03
-2.3841770e-02
-2.6893150e-02
-9.1572320e-03
2.2820970e-02
4.7417700e-02
5.3243750e-02
3.7561760e-02
8.9274420e-03
-1.7425220e-02
-2.9894900e-02
-3.9455270e-02
-4.2103480e-02
-3.9306370e-02
-3.5616350e-02
-2.9240720e-02
-2.3079940e-02
-1.6216450e-02
-4.3503960e-03
1.5095380e-02
2.8726180e-02
3.2537560e-02
3.6500680e-02
3.6124290e-02
3.6722560e-02
3.3727020e-02
2.0943120e-02
5.1544500e-03
-6.0748640e-03
-7.6689170e-03
-5.3436300e-03
-1.6770190e-02
-3.6425930e-02
-4.4775100e-02
-3.6631260e-02
-2.8209810e-02
-2.9865870e-02
-4.1545640e-02
-5.1990860e-02
-5.8579970e-02
-5.9213400e-02
-5.5056600e-02
-4.5076260e-02
-2.7271010e-02
-6.2892910e-03
1.6528330e-02
3.9301370e-02
4.5861170e-02
4.7462470e-02
4.2611390e-02
2.6636530e-02
7.0437990e-03
-2.4227490e-03
-3.3966980e-03
3.3103650e-03
1.1428700e-02
2.1021840e-03
-1.9833980e-02
-3.8962800e-02
-3.6339970e-02
-9.6345020e-03
1.6537960e-02
1.9470700e-02
1.1749060e-02
4.5406140e-03
7.8715780e-03
1.9415920e-02
2.6922140e-02
3.1923260e-02
4.1804970e-02
5.0482800e-02
6.1368380e-02
6.5031310e-02
5.0963820e-02
3.0623490e-02
1.5108120e-02
1.3307710e-02
1.3583890e-02
4.9962800e-03
-1.2305820e-02
-2.8567620e-02
-3.5815350e-02
-3.2147040e-02
-2.8030300e-02
-2.6753240e-02
-1.9815870e-02
-1.2160920e-02
-6.6196940e-03
5.2901570e-03
1.6984770e-02
2.5110750e-02
2.7175740e-02
3.1625620e-02
4.4386970e-02
4.5425160e-02
2.7505840e-02
-3.6655420e-03
-3.2209160e-02
-4.1253150e-02
-4.4389590e-02
-4.8169470e-02
-5.5788840e-02
-6.3194650e-02
-7.5125410e-02
-8.9969370e-02
-8.8820690e-02
-7.9422530e-02
-6.3153020e-02
-4.0233240e-02
-1.6615890e-02
-2.9690860e-04
1.8516830e-02
3.9703750e-02
5.3580620e-02
5.9558200e-02
6.5150720e-02
6.5869130e-02
5.9507280e-02
5.0499430e-02
4.6135160e-02
4.5901940e-02
3.8564450e-02
2.7607160e-02
9.1450670e-03
-2.1340310e-02
-5.0574320e-02
-7.2113250e-02
-6.5593670e-02
-4.9244200e-02
-2.5517890e-02
6.9702170e-04
2.6793810e-02
5.3802470e-02
7.8336350e-02
9.3715410e-02
1.1051920e-01
1.1795720e-01
1.1052960e-01
9.5932940e-02
6.9416340e-02
3.9024600e-02
2.3745370e-02
1.8020660e-02
1.7580290e-02
1.3948710e-02
4.5909360e-05
-1.9158590e-02
-4.4646850e-02
-6.5020140e-02
-7.2741750e-02
-8.0038960e-02
-8.2594150e-02
-7.9567760e-02
-6.7758750e-02
-3.7487450e-02
-1.9261310e-02
-1.6738300e-02
-2.4630670e-02
-4.3593960e-02
-7.0491790e-02
-9.0415220e-02
-8.9958280e-02
-8.6338160e-02
-6.9747440e-02
-4.5739430e-02
-2.3102250e-02
2.7409210e-04
1.5512530e-02
2.1147500e-02
2.1951920e-02
2.2273780e-02
2.4472650e-02
3.5761790e-02
5.5122710e-02
7.7423830e-02
8.9464710e-02
8.3975390e-02
7.2870760e-02
6.2060060e-02
5.5157870e-02
4.9725120e-02
4.1621210e-02
2.8205370e-02
1.2171750e-02
9.9710400e-03
1.9381040e-02
2.8990090e-02
3.3113670e-02
3.0924830e-02
1.9932940e-02
-9.1441730e-04
-1.7164170e-02
-2.3932370e-02
-2.6397120e-02
-2.7586320e-02
-2.5414450e-02
-1.7906560e-02
-1.2284990e-02
-1.0092620e-02
-3.2440900e-03
7.4331620e-03
1.3328410e-02
-2.4151780e-03
-3.1940040e-02
-4.2652960e-02
-3.1939910e-02
-2.0170610e-02
-1.5692680e-02
-3.2179120e-02
-4.4844020e-02
-5.0121400e-02
-5.4353470e-02
-4.7334570e-02
-2.4947670e-02
1.4420450e-02
4.9818480e-02
6.8450760e-02
8.1418790e-02
8.2857630e-02
6.6495380e-02
2.1000110e-02
-2.6741090e-02
-4.5938720e-02
-2.8024100e-02
-8.5780400e-03
-1.2008850e-03
-2.5647310e-02
-4.4867950e-02
-4.1196390e-02
-2.9265710e-02
-1.4861390e-02
-3.1169720e-04
3.2200320e-03
-9.0097960e-04
-2.9551540e-03
7.4732350e-03
2.2875340e-02
3.6223840e-02
4.4788160e-02
4.8131890e-02
4.6614270e-02
4.0274320e-02
2.9407200e-02
1.6712630e-02
2.7171010e-03
-1.1538620e-02
-3.2091920e-02
-4.5182650e-02
-5.4737060e-02
-6.5218660e-02
-6.7710730e-02
-5.9575940e-02
-4.4590370e-02
-2.4792790e-02
-7.5795520e-03
5.8669150e-03
4.8938760e-03
-6.4825350e-04
-1.3269630e-03
-5.1683320e-03
-1.2933660e-02
-2.5434990e-02
-3.8641250e-02
-4.1657200e-02
-4.0472140e-02
-3.9342590e-02
-4.3116130e-02
-5.4145430e-02
-6.1396630e-02
-6.3143540e-02
-6.7250740e-02
-7.5289300e-02
-8.3540150e-02
-9.3154800e-02
-1.0429070e-01
-1.1050090e-01
-1.0873870e-01
-1.0502320e-01
-9.7648270e-02
-8.4505190e-02
-6.0618090e-02
-3.0122470e-02
-1.3553020e-02
-1.5019020e-02
-1.9423740e-02
-2.5004810e-02
-2.5966960e-02
-1.9525710e-02
-1.7161690e-03
2.8063310e-02
5.8194900e-02
7.3984780e-02
7.9630100e-02
8.1706330e-02
8.4054300e-02
8.4054700e-02
7.7289400e-02
6.1626150e-02
4.9192760e-02
4.3850940e-02
3.6626210e-02
2.7656850e-02
1.9748900e-02
7.1615790e-03
-1.3776400e-02
-3.6714100e-02
-5.2873630e-02
-5.6949360e-02
-5.2164750e-02
-4.3569640e-02
-4.0912930e-02
-4.0219120e-02
-2.9095260e-02
-7.5767960e-03
1.2586230e-02
2.2458160e-02
3.3248730e-02
4.3230160e-02
5.2408830e-02
5.5397250e-02
5.6587400e-02
5.6241950e-02
4.9379200e-02
3.3599330e-02
1.7775380e-02
6.1150010e-03
-2.8952140e-03
-8.6482300e-03
-1.3639150e-02
-1.8422140e-02
-1.6780430e-02
-9.0659320e-03
2.4110970e-03
2.0249590e-02
3.7378080e-02
4.5950400e-02
4.5401100e-02
4.1025920e-02
3.4529820e-02
1.7057840e-02
-3.1031530e-03
-1.6453390e-02
-2.1568640e-02
-1.4099740e-02
6.6198380e-04
2.0344100e-02
3.2611690e-02
3.8117400e-02
4.0769260e-02
3.2055470e-02
6.1963010e-03
-2.4260260e-02
-3.9933100e-02
-4.4695510e-02
-3.9702200e-02
-2.5577520e-02
-8.8304570e-03
7.2024230e-03
2.4841660e-02
4.0573510e-02
3.9773310e-02
3.5771080e-02
3.7486380e-02
3.6392710e-02
3.5451830e-02
3.8128330e-02
4.1278190e-02
4.2037280e-02
3.2653200e-02
1.0261870e-02
-1.5464630e-02
-2.9139880e-02
-2.0394820e-02
8.2006650e-03
4.3609270e-02
6.2272650e-02
7.1493250e-02
7.7089470e-02
7.8929020e-02
8.3216360e-02
8.9538070e-02
9.4278330e-02
9.7236670e-02
9.9969850e-02
1.0074530e-01
9.9624540e-02
9.5362810e-02
7.6402790e-02
3.1991090e-02
-1.2820160e-02
-2.9656470e-02
-3.4309410e-02
-3.8210510e-02
-3.8042280e-02
-4.0416010e-02
-4.3447860e-02
-4.1712760e-02
-3.5430810e-02
-2.1061790e-02
-1.2473980e-02
-1.0047330e-02
-1.6034030e-03
1.1247500e-02
2.3382830e-02
3.2131350e-02
3.6514960e-02
3.7488210e-02
3.3289000e-02
2.4766700e-02
1.5118790e-02
1.2596260e-02
2.0429100e-02
2.9988210e-02
2.9218320e-02
1.3947350e-02
-6.8205230e-03
-1.9078580e-02
-2.1250000e-02
-1.9473380e-02
-2.1268050e-02
-2.1451600e-02
-1.4613860e-02
-6.4353650e-03
3.6128460e-03
8.1481110e-03
5.7639260e-04
-9.1804620e-03
-1.7310080e-02
-1.1227970e-02
1.2362320e-02
3.2588000e-02
3.6935980e-02
3.4182360e-02
2.4483010e-02
1.1467260e-02
4.9722580e-04
-1.9348060e-02
-3.8355580e-02
-5.7229730e-02
-8.0695700e-02
-9.2312190e-02
-8.9421050e-02
-6.6971850e-02
-2.5884650e-02
7.7550670e-03
1.5951870e-02
3.6962270e-03
-1.1031050e-02
-1.6590030e-02
-1.0527230e-02
-4.7598680e-03
-4.0075280e-03
-1.2383930e-02
-2.9680470e-02
-4.9823430e-02
-6.3186020e-02
-7.0746890e-02
-7.2643690e-02
-6.9240650e-02
-6.0441890e-02
-5.1753040e-02
-4.3113010e-02
-3.4774070e-02
-2.8578130e-02
-2.2328530e-02
-1.4211700e-02
-1.0336080e-02
-1.5564700e-02
-2.7117140e-02
-4.0374440e-02
-4.1485760e-02
-3.1850960e-02
-1.5074940e-02
1.0969240e-02
3.9690330e-02
5.6019020e-02
6.0280500e-02
5.8980970e-02
5.5012630e-02
5.0869270e-02
4.1006790e-02
2.1687690e-02
-4.6696960e-04
-1.6011400e-02
-2.0599400e-02
-1.4769580e-02
-4.9829410e-03
1.0853310e-02
3.1294920e-02
4.5088260e-02
4.5579110e-02
3.4556730e-02
2.3020430e-02
1.1352260e-02
-5.3751770e-03
-3.3583990e-02
-6.9418650e-02
-8.8305370e-02
-8.8828510e-02
-7.1609250e-02
-1.7896210e-02
3.0888350e-02
6.0035880e-02
4.6744570e-02
3.3371910e-02
2.4110670e-02
1.8507850e-02
1.2993070e-02
1.6654010e-02
4.2444900e-02
7.1533030e-02
8.3585540e-02
8.3185810e-02
6.5138560e-02
3.8441410e-02
2.1312390e-02
2.2212610e-02
3.0698320e-02
3.0938990e-02
1.7073390e-02
-6.2535530e-03
-1.8329290e-02
-1.9972620e-02
-1.8948990e-02
-1.7526490e-02
-1.7945400e-02
-2.0877300e-02
-2.3583070e-02
-2.8437660e-02
-3.1662110e-02
-2.1648020e-02
2.1657720e-04
1.5810710e-02
2.1411700e-02
2.1440690e-02
9.4053560e-03
-1.3359670e-02
-3.7969030e-02
-5.3265450e-02
-5.9913150e-02
-6.6105380e-02
-6.6097440e-02
-6.4695260e-02
-5.9872630e-02
-5.0080160e-02
-3.8922700e-02
-3.5258770e-02
-3.7205240e-02
-3.5399050e-02
-2.8035730e-02
-1.9246800e-02
-2.5694250e-03
1.2574070e-02
1.9361730e-02
1.8302150e-02
1.2909700e-02
5.4559340e-03
-1.1915620e-02
-3.5165640e-02
-4.9275780e-02
-5.0770910e-02
-4.6532330e-02
-3.7452680e-02
-2.6533490e-02
-1.2923920e-02
-4.9164990e-03
4.1812990e-03
1.3407460e-02
1.4215420e-02
4.5647630e-03
-1.4296720e-02
-4.2239520e-02
-5.7755420e-02
-6.0062500e-02
-5.2951710e-02
-4.1243870e-02
-3.0503300e-02
-2.1909850e-02
-1.5011870e-02
-4.4177500e-03
5.0988740e-03
1.5877160e-02
3.0136780e-02
4.5625280e-02
5.9450600e-02
6.0054000e-02
4.1488750e-02
9.3277500e-03
-1.4496090e-02
-1.5096310e-02
-1.2448810e-02
-1.1393030e-02
-1.7618530e-02
-2.5210040e-02
-2.2208900e-02
-8.5014630e-03
8.5208200e-03
2.0070990e-02
2.4794060e-02
1.9141100e-02
8.3718570e-03
6.6701940e-03
1.5335900e-02
2.6819590e-02
3.2391800e-02
3.0676910e-02
2.0395120e-02
1.0008920e-02
2.8131420e-03
4.7607350e-03
1.3584200e-02
2.7122020e-02
4.4701870e-02
5.5210910e-02
5.9775770e-02
6.1856290e-02
5.9128110e-02
5.5337370e-02
5.4280990e-02
5.2767640e-02
5.0309130e-02
4.5826600e-02
3.3974050e-02
1.9079040e-02
1.2533930e-02
9.4722540e-03
9.1727860e-03
8.2478790e-03
-4.0091000e-03
-2.6619060e-02
-5.1148570e-02
-7.3563890e-02
-8.0739030e-02
-7.2414580e-02
-5.4050970e-02
-3.8068960e-02
-2.3406310e-02
-6.1553000e-03
1.3120270e-02
3.1491390e-02
4.6479850e-02
5.3647570e-02
5.2029160e-02
4.0105500e-02
1.9968550e-02
-2.5142390e-03
-2.3038390e-02
-2.9072690e-02
-1.0931710e-02
1.1944160e-02
3.6047370e-02
4.7408810e-02
4.8600530e-02
4.5885080e-02
3.8757240e-02
2.7205060e-02
6.3048890e-03
-2.2141610e-02
-3.4939880e-02
-3.7617560e-02
-3.3726540e-02
-2.4422000e-02
-1.6311480e-02
-1.0603710e-02
-8.4460530e-03
-1.0918410e-02
-1.5110210e-02
-1.4913420e-02
-1.2384220e-02
-1.0425810e-02
-1.4394600e-03
1.5594220e-02
3.3412050e-02
5.2227280e-02
6.5227160e-02
7.0370110e-02
6.6828330e-02
5.5211200e-02
3.4730990e-02
1.9355830e-02
9.7606080e-03
6.7805970e-03
6.7107650e-03
6.3052370e-03
5.9901040e-03
6.7448870e-03
5.2501730e-03
-7.2260900e-04
-1.2403540e-02
-2.0593480e-02
-2.2417060e-02
-1.8455710e-02
-1.0945780e-02
-4.5538840e-03
-3.6589350e-03
-3.6451140e-03
2.1501040e-03
1.0769540e-02
2.2020530e-02
3.0315240e-02
2.7803940e-02
1.8036450e-02
1.0643260e-02
7.6875580e-03
7.8488280e-03
6.6262610e-03
3.3020190e-03
-1.0843000e-03
-4.9158670e-03
-1.0579660e-02
-1.4437000e-02
-1.6865320e-02
-1.9567530e-02
-1.8926660e-02
-9.2729300e-03
3.5497570e-03
1.1156980e-02
6.0041700e-03
-5.1343310e-03
-1.2174760e-02
-1.7983230e-02
-2.2196850e-02
-2.4710730e-02
-1.8198990e-02
-5.4678000e-03
3.6423040e-03
3.2864090e-03
-4.2636540e-03
-8.9508130e-03
-4.5460160e-03
3.3929810e-03
8.0613790e-03
8.7582750e-03
1.2289140e-02
1.9885900e-02
2.9742000e-02
3.5405120e-02
3.5257230e-02
3.1780680e-02
2.2361680e-02
1.2024370e-02
9.3348860e-03
1.1836200e-02
2.0870410e-02
2.9136520e-02
2.9777690e-02
2.7868660e-02
2.3200960e-02
2.1729110e-02
1.7140660e-02
3.6970760e-03
-1.6216530e-02
-3.3871030e-02
-4.8968420e-02
-5.1944310e-02
-4.2668530e-02
-2.6419630e-02
-1.2706220e-02
-4.9677540e-03
-2.9122270e-03
-6.1285960e-03
-1.2803080e-02
-1.5716680e-02
-1.2837880e-02
-9.9362310e-03
-1.0042540e-02
-1.5331130e-02
-2.1684810e-02
-1.9076600e-02
-4.2631870e-03
1.6026320e-02
3.4142670e-02
4.2134450e-02
3.6891090e-02
2.2368370e-02
5.2172260e-03
-8.9748200e-03
-2.2166510e-02
-3.3197480e-02
-3.5518510e-02
-3.4646750e-02
-3.4013000e-02
-3.2736440e-02
-2.9705250e-02
-2.3890360e-02
-1.7820600e-02
-1.5158020e-02
-1.5022560e-02
-1.4064100e-02
-1.4611380e-02
-1.7164110e-02
-1.9358770e-02
-1.8562400e-02
-1.4989950e-02
-8.4020060e-03
6.4998650e-05
6.3966460e-03
7.4627550e-03
8.6850710e-03
1.0177350e-02
1.4643280e-02
1.8528740e-02
1.7967860e-02
1.4596930e-02
8.0018910e-03
-1.4721280e-03
-9.4745990e-03
-1.3041460e-02
-1.2076280e-02
-9.1562160e-03
-8.1934200e-03
-1.0150090e-02
-9.7285540e-03
-5.2957900e-03
2.7719270e-03
1.2196810e-02
1.0565900e-02
5.2794760e-03
5.7203070e-03
9.1191240e-03
1.5175200e-02
2.3773240e-02
3.0835190e-02
3.6374050e-02
3.8013240e-02
3.6763830e-02
3.5741240e-02
3.5490300e-02
3.3906470e-02
2.9835220e-02
2.3157260e-02
1.7479170e-02
1.0496470e-02
4.4285280e-03
1.4777940e-03
1.1203290e-03
5.1475930e-03
1.2891790e-02
1.6961190e-02
1.9575450e-02
2.1992940e-02
2.8189760e-02
3.7877570e-02
4.1996850e-02
4.2330560e-02
4.0471800e-02
3.5661560e-02
3.3224440e-02
3.5585420e-02
3.5991360e-02
3.2648700e-02
2.8546510e-02
2.6259670e-02
2.9056740e-02
3.1756060e-02
3.3281890e-02
3.6044840e-02
3.8826880e-02
4.0751630e-02
4.1460990e-02
3.7108790e-02
2.2662040e-02
8.1799250e-03
-3.0870540e-03
-1.1138700e-02
-1.3983740e-02
-1.3712080e-02
-1.0733340e-02
-5.7010570e-03
1.3676010e-04
9.6577000e-03
1.8272340e-02
2.4225850e-02
2.7689560e-02
2.3917560e-02
1.7459490e-02
1.0832700e-02
3.9628650e-03
2.1695840e-04
-4.3412420e-03
-7.4886100e-03
-1.1669680e-02
-1.8768310e-02
-2.9305200e-02
-4.2124380e-02
-5.1038650e-02
-5.7928810e-02
-5.9794440e-02
-5.2206400e-02
-3.7463210e-02
-2.4342990e-02
-1.0945940e-02
-4.4460090e-04
4.4756960e-03
1.7453480e-03
-1.2534410e-02
-2.5791630e-02
-2.7590530e-02
-2.5975000e-02
-2.0028230e-02
-1.5975710e-02
-1.6209500e-02
-1.9744810e-02
-2.2488430e-02
-2.1751340e-02
-2.1315670e-02
-2.1995230e-02
-2.5436360e-02
-2.8264270e-02
-2.6016740e-02
-1.9814160e-02
-1.1100000e-02
-1.2629920e-03
7.2496940e-03
1.4514930e-02
1.8357270e-02
1.6013030e-02
1.2022260e-02
7.4312530e-03
3.8873290e-03
2.7412290e-04
-2.0553910e-03
2.6224730e-03
1.4675620e-02
1.4538250e-02
6.4456810e-03
-4.7576480e-03
-9.9690270e-03
-1.4787840e-02
-2.0089760e-02
-2.0894580e-02
-1.8709710e-02
-1.4864480e-02
-1.6197680e-02
-2.3958430e-02
-3.5684800e-02
-4.7693910e-02
-5.2651340e-02
-4.7806520e-02
-3.7039410e-02
-2.4837320e-02
-1.1816800e-02
-3.9994490e-03
-1.4912430e-03
1.3062740e-03
5.4167040e-03
7.4515770e-03
9.2877500e-03
8.3062450e-03
2.1031070e-03
-6.8704040e-03
-1.8883680e-02
-3.1502400e-02
-3.9898960e-02
-4.1860720e-02
-4.2012830e-02
-3.9353470e-02
-3.6128150e-02
-3.1033300e-02
-2.4588880e-02
-2.3992870e-02
-2.4427220e-02
-2.3522760e-02
-2.2386160e-02
-2.5155130e-02
-2.9130030e-02
-3.2424010e-02
-3.5654640e-02
-3.3768310e-02
-2.9777820e-02
-2.6429050e-02
-2.4219690e-02
-2.2057440e-02
-1.9006800e-02
-1.5270990e-02
-1.1976290e-02
-1.2361970e-02
-1.7838700e-02
-2.7929150e-02
-3.8843750e-02
-4.6684440e-02
-4.8330150e-02
-4.5134690e-02
-3.7655940e-02
-2.7084330e-02
-1.8815630e-02
-1.0492250e-02
-9.9590920e-04
-1.6218680e-04
-4.1922840e-04
-5.7031370e-04
-2.1330640e-03
-7.2660490e-03
-1.6932720e-02
-2.3731630e-02
-2.3682060e-02
-1.9446090e-02
-1.4177990e-02
-6.1485400e-03
1.8990130e-03
8.5393060e-03
1.1128830e-02
6.6001000e-03
-3.6033320e-03
-9.8845480e-03
-1.1571690e-02
-1.1680360e-02
-8.3575490e-03
-4.5835080e-03
-1.3349290e-04
2.8794690e-03
2.5085190e-03
5.9027910e-04
-5.4066760e-03
-1.2294950e-02
-2.0992510e-02
-2.5924730e-02
-2.8015620e-02
-2.9051340e-02
-2.8716940e-02
-2.6554660e-02
-1.7739610e-02
-6.2117500e-03
7.8034120e-03
1.4877860e-02
1.8766410e-02
2.0897640e-02
2.4938300e-02
2.7895580e-02
2.9144290e-02
2.9076050e-02
2.8051570e-02
2.6902560e-02
2.4900360e-02
2.2683310e-02
2.1391130e-02
2.1033790e-02
2.3516970e-02
2.5809960e-02
2.5830670e-02
2.4407170e-02
2.1090350e-02
1.9175500e-02
2.2053000e-02
2.6407500e-02
2.8373330e-02
2.2368220e-02
1.0626800e-02
5.9189740e-03
6.4963010e-03
1.0833270e-02
1.8896160e-02
2.4915100e-02
2.5637960e-02
2.0950860e-02
1.2601860e-02
4.2714350e-03
-1.8192490e-03
-6.0132330e-03
-6.9699810e-03
-9.7775370e-03
-1.3098180e-02
-1.1392830e-02
-1.1621160e-02
-6.5267520e-03
-4.0102120e-03
-5.5294810e-03
-1.0200320e-02
-1.6707730e-02
-2.1821230e-02
-2.2246960e-02
-1.9909770e-02
-1.6403530e-02
-1.5583420e-02
-1.5635430e-02
-1.4432400e-02
-1.1603310e-02
-8.8470010e-03
-4.7270020e-03
-1.0303350e-03
5.7240190e-04
2.8847530e-03
8.1454100e-03
1.1515640e-02
1.0257140e-02
4.9673940e-03
-3.6189120e-03
-1.3166710e-02
-2.0226750e-02
-2.2167200e-02
-2.1038470e-02
-1.6952780e-02
-1.1843450e-02
-7.5590600e-03
-4.2133700e-03
-2.4446370e-04
4.6205420e-03
9.0946210e-03
1.6057510e-02
2.2556030e-02
2.5765590e-02
2.8225130e-02
3.0054660e-02
3.1149220e-02
3.0912390e-02
2.6914480e-02
2.2401430e-02
1.7330660e-02
1.2781620e-02
1.4107380e-02
1.6708310e-02
1.9542360e-02
2.1976380e-02
2.1938370e-02
1.9179740e-02
1.6943460e-02
1.5926420e-02
1.0965510e-02
8.4880050e-03
6.9261750e-03
5.7799400e-03
4.9457600e-03
5.1239880e-03
4.2757860e-03
2.6196340e-03
8.5846650e-05
-6.3724170e-03
-9.1502590e-03
-8.6834330e-03
-6.5032890e-03
-3.9150200e-03
-3.0857570e-03
-3.3243600e-03
-4.6684340e-03
-6.4931640e-03
-9.0664400e-03
-1.2059960e-02
-1.5221680e-02
-1.9136710e-02
-2.3293650e-02
-2.4613410e-02
-2.2617460e-02
-1.8463820e-02
-1.5219240e-02
-1.2493010e-02
-1.2307610e-02
-1.2766670e-02
-1.1645800e-02
-7.5883150e-03
-6.0303250e-03
-6.1274660e-03
-5.3511820e-03
-5.9018800e-03
-5.8941500e-03
-5.2869410e-03
-4.5702130e-03
-5.5751090e-03
-6.5729240e-03
-8.6538100e-03
-1.0298590e-02
-1.4994830e-02
-2.2870220e-02
-2.7966600e-02
-3.0785620e-02
-3.2757290e-02
-3.2871570e-02
-3.0282180e-02
-2.5313050e-02
-1.9134690e-02
-1.3921520e-02
-8.3631870e-03
-4.3052500e-03
-3.0367470e-03
-4.4931430e-03
-7.7605380e-03
-1.1981720e-02
-1.5888950e-02
-2.0898050e-02
-2.4834290e-02
-2.8988340e-02
-3.0571330e-02
-2.9464620e-02
-2.4870260e-02
-2.0775680e-02
-1.6857230e-02
-1.3658040e-02
-9.5406220e-03
-2.5441550e-03
3.8204090e-03
6.5704540e-03
7.3318330e-03
5.7277960e-03
4.7593340e-03
5.2477620e-03
4.7634560e-03
3.6666400e-03
2.4785650e-03
2.1709010e-03
8.2628220e-03
1.4309790e-02
1.8444460e-02
2.2304560e-02
2.4131380e-02
2.4091360e-02
2.2282750e-02
1.9417480e-02
1.7344510e-02
1.7697570e-02
2.0843850e-02
2.7352030e-02
3.1364450e-02
3.3005750e-02
3.2590170e-02
3.0915830e-02
3.0859190e-02
3.1917930e-02
3.3518950e-02
3.4247290e-02
3.2391010e-02
2.8500730e-02
2.2071670e-02
1.5019470e-02
1.0646270e-02
7.9918420e-03
5.7870410e-03
4.5009990e-03
5.4065210e-03
9.5226630e-03
1.5596840e-02
2.0349430e-02
2.4896150e-02
2.8908620e-02
3.1095450e-02
3.1889130e-02
3.1377030e-02
2.9548570e-02
2.8266840e-02
2.6277970e-02
2.3195770e-02
1.9247150e-02
1.4056270e-02
7.6140550e-03
2.6315940e-03
-1.1707170e-03
-3.5182580e-03
-4.1168660e-03
-7.1971030e-03
-1.2207990e-02
-1.4612680e-02
-1.7122210e-02
-1.7506210e-02
-1.5501970e-02
-1.2773240e-02
-6.4788760e-03
1.1263630e-03
1.0007990e-02
1.6943030e-02
1.9741250e-02
1.9837990e-02
1.8436140e-02
1.5382500e-02
1.1206320e-02
9.5993710e-03
8.6546990e-03
6.4751160e-03
5.3371980e-03
3.5605390e-03
2.5095840e-03
8.9511210e-04
-1.8248240e-03
-4.8381970e-03
-7.2298010e-03
-8.6379170e-03
-1.1235320e-02
-1.4605880e-02
-1.9252360e-02
-2.3195860e-02
-2.7222250e-02
-2.8086210e-02
-2.5863040e-02
-2.1054920e-02
-1.4990070e-02
-9.6036870e-03
-6.9054980e-03
-5.4859130e-03
-5.3186970e-03
-5.3729950e-03
-6.7001010e-03
-8.8574790e-03
-1.0749310e-02
-1.4599690e-02
-1.9376740e-02
-2.2929640e-02
-2.4178120e-02
-2.2974280e-02
-2.1807460e-02
-2.1815330e-02
-2.2297970e-02
-1.9786530e-02
-1.8733140e-02
-1.6322350e-02
-1.2371180e-02
-9.2050970e-03
-8.7958920e-03
-1.0242470e-02
-1.2671420e-02
-1.4675530e-02
-1.6771660e-02
-1.6990230e-02
-1.5612870e-02
-1.6030440e-02
-1.6980500e-02
-1.6146230e-02
-1.4738150e-02
-1.4582180e-02
-1.5171210e-02
-1.6822560e-02
-1.6736820e-02
-1.4992800e-02
-1.1764350e-02
-8.1935920e-03
-7.3922790e-03
-8.4597630e-03
-1.0229380e-02
-1.2067770e-02
-1.3203050e-02
-1.3654580e-02
-1.1846540e-02
-8.7412010e-03
-6.5060100e-03
-4.6688340e-03
-4.2342860e-03
-5.6979260e-03
-8.2216270e-03
-1.0743420e-02
-1.2189350e-02
-1.1669520e-02
-1.1849890e-02
-1.2807450e-02
-1.3777800e-02
-1.4029110e-02
-1.2748390e-02
-1.1111120e-02
-7.2660180e-03
-1.4288490e-03
3.5751830e-03
7.9021400e-03
1.2349980e-02
2.0544960e-02
2.6014730e-02
2.9655070e-02
3.3157680e-02
3.5428110e-02
3.7537970e-02
3.9022730e-02
4.0353510e-02
4.0289020e-02
3.9747030e-02
4.0291330e-02
4.2129060e-02
4.1314020e-02
3.9891040e-02
3.8238670e-02
3.4616200e-02
3.0495410e-02
2.7511350e-02
2.6311780e-02
2.5885910e-02
2.5322930e-02
2.3584650e-02
2.0734440e-02
1.9172520e-02
1.9025030e-02
2.0394850e-02
2.1368980e-02
2.0472470e-02
1.8175750e-02
1.6154730e-02
1.3512320e-02
1.1482590e-02
9.4708340e-03
6.6673780e-03
5.7559480e-03
6.2755270e-03
7.5587080e-03
9.3259510e-03
1.0044740e-02
9.6024310e-03
8.9952180e-03
9.4315710e-03
1.0272940e-02
1.1215560e-02
1.2246400e-02
1.3676040e-02
1.4624320e-02
1.3633180e-02
1.0653270e-02
8.4437280e-03
1.1162290e-02
1.3812370e-02
1.7136820e-02
2.0856930e-02
2.2998300e-02
2.3542540e-02
2.0518400e-02
1.5320150e-02
9.9178820e-03
4.5881420e-03
2.3274170e-03
2.6004580e-03
8.7937970e-04
6.6108990e-04
1.7209820e-03
4.0938310e-03
6.9655590e-03
9.6839820e-03
1.2207310e-02
1.4624210e-02
1.6148310e-02
1.6905570e-02
1.7478450e-02
1.7818980e-02
1.9262420e-02
2.1179820e-02
2.2334710e-02
2.2937650e-02
2.2311040e-02
2.0584900e-02
1.8151380e-02
1.4488870e-02
9.6494250e-03
4.8792850e-03
8.8506420e-04
-4.6273380e-04
7.5380250e-04
3.0091100e-03
5.2716430e-03
6.6759190e-03
7.1330490e-03
8.2675270e-03
9.6255220e-03
1.1197050e-02
1.3085310e-02
1.5176640e-02
1.6908370e-02
1.8321270e-02
1.8766480e-02
2.0596120e-02
2.3268940e-02
2.2652290e-02
2.1066720e-02
1.8444780e-02
1.5081320e-02
1.0860610e-02
6.1968810e-03
3.3222910e-03
1.6208800e-03
2.1806200e-04
-8.0732650e-04
-3.5627020e-04
4.7842900e-04
-1.7995830e-03
-2.6426950e-03
-2.6487290e-03
-3.4104510e-03
-4.8339080e-03
-5.9334610e-03
-6.5427820e-03
-7.2733570e-03
-6.8643970e-03
-7.2914250e-03
-7.9093140e-03
-8.8742640e-03
-1.1262880e-02
-1.4755880e-02
-1.8068330e-02
-2.0569260e-02
-2.1548620e-02
-2.1657350e-02
-2.0782760e-02
-1.8886720e-02
-1.7781990e-02
-1.6599430e-02
-1.5544620e-02
-1.4176220e-02
-1.1716990e-02
-9.9348690e-03
-8.2479990e-03
-7.2923440e-03
-7.1714830e-03
-7.9562560e-03
-9.7920290e-03
-1.0416790e-02
-1.0882140e-02
-1.0632770e-02
-8.9608810e-03
-8.3861330e-03
-9.7145950e-03
-8.7152740e-03
-7.8801070e-03
-8.8768810e-03
-9.7190100e-03
-1.0134790e-02
-9.3555840e-03
-7.8471130e-03
-5.8467730e-03
-3.4536970e-03
-1.5451180e-03
-1.4319160e-04
1.7408940e-03
2.6015540e-03
1.0771720e-03
1.2500600e-03
1.8014290e-03
1.0374790e-03
-8.5052660e-05
-5.3096760e-04
1.7210720e-04
5.5760850e-04
9.1823000e-06
-9.1092420e-04
-2.0095410e-03
-3.0261600e-03
-3.9860070e-03
-4.8136160e-03
-5.6107670e-03
-5.8778430e-03
-4.3482400e-03
-7.6925250e-04
2.8929620e-03
7.9154130e-03
1.1156980e-02
1.2911700e-02
1.4495820e-02
1.5514750e-02
1.6334490e-02
1.6763830e-02
1.6872460e-02
1.6790200e-02
1.6749170e-02
1.6510520e-02
1.5936490e-02
1.3856630e-02
1.1169080e-02
1.0048130e-02
1.0367680e-02
1.0765190e-02
1.2095510e-02
1.5737250e-02
1.7317640e-02
1.7248070e-02
1.6649020e-02
1.4118060e-02
1.0902840e-02
7.2634560e-03
4.2854670e-03
2.5993280e-03
1.1466250e-03
8.7523250e-05
-1.3191340e-03
-4.5549510e-03
-6.5945050e-03
-4.8869450e-03
-2.5734640e-03
-9.2639740e-04
-7.2949950e-04
-2.4859820e-03
-5.1636330e-03
-8.9688750e-03
-1.2574270e-02
-1.5346070e-02
-1.8207040e-02
-2.1056670e-02
-2.3835280e-02
-2.4951490e-02
-2.5157540e-02
-2.4656870e-02
-2.3465510e-02
-2.2014400e-02
-1.9749420e-02
-1.7086350e-02
-1.4208640e-02
-1.1318820e-02
-9.1957950e-03
-7.3822860e-03
-6.5630430e-03
-4.7361500e-03
-2.7708300e-03
-5.0011260e-04
3.3381020e-03
7.0020350e-03
1.0743490e-02
1.3096350e-02
1.4269380e-02
1.4764720e-02
1.5653490e-02
1.6377020e-02
1.9411490e-02
2.3292340e-02
2.3839590e-02
2.2947170e-02
2.1560820e-02
1.9169820e-02
1.6314800e-02
1.2284590e-02
6.8576780e-03
1.4499890e-03
-3.7459590e-03
-7.9777620e-03
-1.0054060e-02
-1.5956300e-02
-2.1506850e-02
-2.5269140e-02
-2.8399770e-02
-3.0325510e-02
-3.1174820e-02
-3.1574650e-02
-3.1484780e-02
-3.1110070e-02
-3.0600460e-02
-2.9428050e-02
-2.7989330e-02
-2.6185550e-02
-2.5317230e-02
-2.5453110e-02
-2.4668770e-02
-2.3830520e-02
-2.1854780e-02
-1.9557890e-02
-1.7295100e-02
-1.5710060e-02
-1.3457620e-02
-1.0319220e-02
-6.3659460e-03
-1.4934960e-03
1.2722720e-03
2.7970020e-03
3.2251560e-03
2.6030550e-03
2.3881010e-03
1.9602390e-03
5.7016600e-04
-2.0331170e-03
-5.3724350e-03
-6.8732600e-03
-6.0587280e-03
-4.6253740e-03
-3.0386080e-03
-5.2131940e-04
2.3498360e-03
3.8933250e-03
4.7878960e-03
4.8397140e-03
2.7512660e-03
6.1228320e-04
-1.1728160e-03
-3.7999560e-03
-6.4897090e-03
-8.1552460e-03
-7.5903110e-03
-5.1358010e-03
-4.7698850e-03
-4.2162930e-03
-3.3080980e-03
-1.8062010e-03
7.7523460e-04
2.9140640e-03
5.2571810e-03
9.0743980e-03
1.1288410e-02
1.2602570e-02
1.4893600e-02
1.7210830e-02
1.9832350e-02
2.2011140e-02
2.3753090e-02
2.5887650e-02
2.6149730e-02
2.5353570e-02
2.2215680e-02
1.8690350e-02
1.7564910e-02
1.5431080e-02
1.2934440e-02
1.1424900e-02
1.1230930e-02
1.0929390e-02
1.0319770e-02
8.3326960e-03
6.8094670e-03
4.5960640e-03
2.3002120e-03
6.6015100e-04
-1.6074100e-04
-5.6526210e-04
-2.1164320e-03
-4.4493140e-03
-4.8490850e-03
-6.3727720e-03
-8.3248220e-03
-9.5945470e-03
-1.1182450e-02
-1.2365430e-02
-1.2316530e-02
-1.1865080e-02
-1.0605490e-02
-9.7593260e-03
-8.9135330e-03
-6.1584520e-03
-5.0554540e-03
-4.1407160e-03
-2.0216260e-03
-1.2199680e-04
2.1042720e-03
3.2301770e-03
4.9997480e-03
7.3595320e-03
9.1957060e-03
1.1300500e-02
1.2113650e-02
1.3027630e-02
1.3373920e-02
1.2944690e-02
1.0895700e-02
7.8793330e-03
4.7589570e-03
-5.7794490e-04
-4.7566100e-03
-8.5222920e-03
-1.2188450e-02
-1.4241900e-02
-1.4672920e-02
-1.4602790e-02
-1.3830260e-02
-1.2561160e-02
-1.1212520e-02
-8.7758200e-03
-5.9256040e-03
-3.3834340e-03
-2.3874340e-03
-1.9132470e-03
-1.9297310e-03
-2.6012210e-03
-3.7347810e-03
-5.8928640e-03
-8.0921030e-03
-9.4371000e-03
-1.1188580e-02
-1.1970980e-02
-1.2205390e-02
-1.2840480e-02
-1.3208080e-02
-1.3627380e-02
-1.3577340e-02
-1.2860370e-02
-1.2377730e-02
-1.0657250e-02
-8.6867810e-03
-5.0724910e-03
-1.7890340e-03
-5.6116270e-04
3.3640900e-04
2.2754680e-03
2.9161520e-03
4.1895630e-03
3.7530730e-03
3.0052100e-03
2.5041850e-03
7.0570810e-05
-3.0626120e-03
-6.8974820e-03
-1.1007340e-02
-1.4501370e-02
-1.7300870e-02
-1.8747260e-02
-1.9306030e-02
-1.8809930e-02
-1.7860330e-02
-1.6941910e-02
-1.6384920e-02
-1.5214110e-02
-1.4571810e-02
-1.4007070e-02
-1.3842930e-02
-1.3848000e-02
-1.5123280e-02
-1.7366060e-02
-1.9205240e-02
-2.1063870e-02
-2.1199760e-02
-2.0738780e-02
-1.9744070e-02
-1.8632440e-02
-1.6878990e-02
-1.5765340e-02
-1.5026060e-02
-1.5330280e-02
-1.4559850e-02
-1.3083180e-02
-1.4108370e-02
-1.4461640e-02
-1.5425180e-02
-1.6287330e-02
-1.6472360e-02
-1.7143550e-02
-1.8633770e-02
-2.0314710e-02
-2.2735220e-02
-2.2402370e-02
-2.2203690e-02
-2.4058350e-02
-2.4594710e-02
-2.4173250e-02
-2.3137820e-02
-2.1958750e-02
-2.0055080e-02
-1.6735900e-02
-1.3210410e-02
-1.0341930e-02
-7.1994080e-03
-4.4391930e-03
-6.4985390e-04
2.6624760e-03
5.9945460e-03
8.6285870e-03
1.0819370e-02
1.1367460e-02
1.1837330e-02
1.1334840e-02
1.0809170e-02
1.0587150e-02
9.9954670e-03
8.4344570e-03
6.7232930e-03
4.5011500e-03
2.3999140e-03
-2.1392140e-04
-2.4294580e-03
-3.9620440e-03
-6.0709820e-03
-7.9000420e-03
-9.7669550e-03
-1.1610050e-02
-1.2880910e-02
-1.5025580e-02
-1.6872420e-02
-1.8298570e-02
-1.7114440e-02
-1.2176060e-02
-9.1459670e-03
-6.6245920e-03
-4.4902950e-03
-2.2090520e-03
-4.5320540e-04
6.8800420e-04
8.2620160e-04
-2.3550360e-04
-1.8796140e-03
-2.5980730e-03
-1.7345500e-03
-3.3433610e-03
-3.5619030e-03
-1.8450030e-03
-4.7696220e-04
2.2884760e-03
4.5011480e-03
6.9439970e-03
9.0104630e-03
1.0694950e-02
1.1496170e-02
1.1140000e-02
1.1074130e-02
1.0941880e-02
1.1603750e-02
1.2722730e-02
1.3002360e-02
1.3753840e-02
1.4185890e-02
1.4717440e-02
1.4974530e-02
1.5266350e-02
1.5607170e-02
1.5423340e-02
1.5472340e-02
1.7005560e-02
1.7167180e-02
1.8830110e-02
2.0380240e-02
2.1372330e-02
2.2211430e-02
2.2653910e-02
2.2883110e-02
2.3411070e-02
2.3454940e-02
2.3003190e-02
2.1332940e-02
1.7072060e-02
1.3087530e-02
1.2217910e-02
1.0213130e-02
8.8008690e-03
8.3215730e-03
7.8540140e-03
7.8416810e-03
7.0308750e-03
6.6554580e-03
6.4817320e-03
6.5340700e-03
7.8614240e-03
9.9493670e-03
8.6284210e-03
6.9026750e-03
6.7590200e-03
7.1266310e-03
7.5310780e-03
7.6439560e-03
8.4086140e-03
8.5331720e-03
8.1782070e-03
