0.01
8.9625801e-04
-2.3299585e-03
-4.6522790e-03
4.2023030e-03
1.0482060e-02
-4.3880811e-03
-1.3152625e-02
-2.5272899e-03
1.9498309e-02
7.3246098e-03
-2.5284851e-02
3.9706655e-05
4.3189589e-03
4.7790629e-03
5.7658105e-03
-1.2362277e-02
2.6166697e-03
2.2955923e-03
-5.8982716e-03
2.2578560e-02
-1.0048947e-02
-5.5830279e-03
-6.1326315e-03
1.0642976e-02
4.5211421e-04
-1.8834719e-02
-1.4761445e-02
1.7659834e-02
-2.3611519e-03
-8.2027797e-03
-5.9779242e-03
2.6105249e-03
1.8465188e-02
2.2675348e-02
-7.5963306e-03
5.5327655e-03
3.5911694e-03
1.3627693e-02
-1.9693764e-02
3.1827630e-02
2.4319929e-03
6.1168047e-03
-2.3521619e-02
-2.0494996e-02
1.9744272e-03
-3.1135961e-02
-3.6069812e-02
1.0452390e-02
1.4453973e-02
1.6734135e-04
6.0382683e-03
-3.3054946e-03
9.5363765e-03
2.7606575e-02
-1.3938341e-02
9.5217647e-03
2.4010659e-02
1.3818841e-02
5.3185697e-03
-9.8483187e-03
-1.2106760e-04
1.1890004e-02
-1.3434265e-02
-2.3428297e-02
-2.8984847e-02
-7.5305828e-03
-1.6413557e-02
1.2068476e-02
1.6335681e-02
-2.0642564e-02
-4.4651681e-03
9.1163153e-03
-1.1055409e-02
1.1657481e-02
2.5834733e-02
3.3453331e-02
-4.4973436e-03
-3.8779142e-03
-7.8105497e-03
7.8012727e-04
4.4715885e-03
1.2618625e-02
1.7100237e-03
4.0951640e-03
-1.8355897e-02
-2.0658094e-02
-2.0196922e-02
6.6353406e-03
1.1119873e-02
5.5105857e-03
-2.2256140e-03
-1.7039207e-02
-1.9839364e-02
-5.1385904e-03
1.3534065e-02
2.6713024e-02
5.9408692e-03
8.9593108e-03
7.7086938e-03
-1.3508340e-02
5.3287162e-04
-1.0796486e-02
3.1326027e-02
1.4969317e-02
-4.8257945e-03
-1.8558449e-02
-2.2451360e-02
-5.0840268e-03
-2.6865529e-03
1.5431623e-03
3.5798657e-03
-9.9705117e-04
3.5844013e-03
-2.2812819e-02
-3.6212261e-03
-2.5209033e-03
1.0945612e-02
2.1614524e-02
-2.7434358e-03
-5.6761513e-03
1.4326163e-04
7.2507692e-03
1.5130177e-02
4.8326592e-03
2.0262576e-03
6.7914343e-03
6.1552267e-03
-8.8212939e-03
-2.1938352e-02
-5.6235811e-03
5.3836772e-03
2.2428143e-04
-1.3680236e-02
-1.3063071e-02
-1.3417391e-03
4.6768951e-03
-3.8202570e-03
5.9724933e-03
-8.7429181e-03
6.9548278e-03
8.2650799e-03
7.7673539e-03
2.0656400e-02
2.0519426e-02
4.8957985e-03
-9.1925044e-03
-9.0119573e-03
-1.4167122e-02
-1.5623403e-03
9.1930964e-03
2.5593271e-03
-2.3803675e-02
-1.0308904e-02
-7.5987515e-03
-8.5880152e-03
8.1659956e-04
2.4926909e-04
1.8724699e-02
7.8874463e-03
5.1918197e-03
-3.6110833e-03
2.3189243e-03
4.8848572e-03
4.3307444e-03
-3.7884783e-03
8.6906657e-03
1.0087929e-02
-1.9282957e-03
-1.8485232e-02
-1.1730711e-03
6.4575002e-03
-4.9225089e-03
-2.6460280e-03
-1.9989520e-02
6.4354337e-03
9.3444376e-03
-1.6196871e-03
3.1563671e-03
-1.8185781e-02
-4.2440327e-03
1.9758893e-02
8.0653806e-03
6.6719482e-04
-8.0525034e-05
-6.6349604e-03
-6.6289040e-03
-6.5159102e-03
1.0483815e-02
6.1635670e-03
3.8791994e-02
-4.9292425e-03
-4.8609388e-02
-3.0606852e-02
8.4745941e-03
6.3409721e-02
3.5483763e-02
-2.5176325e-02
-1.0073763e-01
-9.5173277e-02
-3.1445120e-02
-5.5776388e-03
4.6218862e-02
1.0282971e-01
9.7966698e-02
3.4233421e-02
-8.4269329e-02
-9.0859373e-02
7.8951724e-03
7.3671082e-02
1.1702462e-01
1.1038901e-01
3.4147126e-02
-6.4941783e-02
-1.7392162e-01
-1.8653234e-01
-1.2869007e-01
-1.0432602e-01
-8.0637201e-02
6.5876365e-02
1.8813730e-01
2.1252078e-01
1.7801641e-01
9.9634551e-02
-2.3725624e-02
-3.0970475e-02
1.2748004e-02
1.4122711e-01
2.0725886e-01
1.6135390e-01
-1.5859868e-02
-2.5399269e-01
-3.1727072e-01
-2.0103538e-01
-6.3502798e-02
-1.2321506e-02
-2.0686507e-02
-1.6356990e-01
-1.9733204e-01
-1.5271780e-01
-2.6779888e-02
9.4198358e-02
1.6639359e-01
2.4649221e-01
1.9216742e-01
1.1132798e-02
-1.6855150e-02
1.5379938e-01
2.0098092e-01
1.9827053e-01
6.8528690e-02
-7.7530045e-02
-1.7664585e-01
-1.0544968e-01
-3.1562096e-02
-5.0325227e-02
-1.4590455e-01
-1.7291639e-01
-1.8269433e-01
-1.2631452e-01
-4.6598880e-02
1.6717866e-02
7.6230955e-02
8.5439776e-02
7.6585069e-02
5.0568319e-02
6.1019948e-02
1.1439971e-01
1.7584294e-01
1.3072479e-01
1.1346709e-01
6.9023634e-02
-2.7600871e-02
-4.9511895e-02
-5.8861028e-02
-5.1677196e-02
-6.3343497e-02
-9.7306934e-02
-1.6796171e-01
-1.5376216e-01
-1.0133043e-01
-6.3610022e-02
-2.1724776e-02
-3.0608779e-02
-2.9227398e-02
3.5466244e-02
9.9786883e-02
1.2921825e-01
1.4344478e-01
1.2506296e-01
1.0034744e-01
9.2470672e-02
5.5405403e-02
4.6980626e-02
4.1286496e-02
1.6257863e-02
-5.7296827e-02
-1.3112478e-01
-1.3829386e-01
-1.2631704e-01
-8.8338538e-02
-5.5435798e-02
-9.0568936e-02
-1.0795073e-01
-6.1653337e-02
-2.9371417e-02
-9.6930401e-04
8.0389363e-02
1.2761281e-01
1.4376152e-01
1.0700243e-01
8.0265020e-02
8.3274052e-02
1.0245797e-01
8.6079683e-02
3.9047730e-02
-1.7252768e-02
-4.7393779e-02
-8.3233692e-02
-1.0146410e-01
-1.0195032e-01
-1.1409861e-01
-1.1447272e-01
-1.1274976e-01
-7.4430075e-02
-2.1539911e-02
3.1018579e-02
4.4005950e-02
5.6070807e-02
6.8173244e-02
8.9900605e-02
1.3232518e-01
1.2978098e-01
1.0583763e-01
6.8870363e-02
2.9298053e-02
-2.3444763e-03
-5.9946361e-02
-7.1008408e-02
-9.7836170e-02
-1.0908897e-01
-1.0008526e-01
-8.7104723e-02
-6.4288968e-02
-5.0347057e-02
-4.5524267e-02
-9.8139423e-03
3.1488266e-02
7.9156061e-02
8.7804598e-02
9.0701046e-02
6.0509558e-02
4.6093647e-02
6.3222580e-02
1.0231869e-01
5.9726299e-02
2.0435671e-03
-5.4258167e-02
-6.6582857e-02
-6.6464739e-02
-4.2923299e-02
-2.6372879e-02
-4.4133116e-02
-4.2751507e-02
-9.9146135e-02
-8.0290333e-02
-3.4747658e-02
2.4862809e-02
7.5535584e-02
7.9945079e-02
4.3468483e-02
2.2149857e-02
1.2148491e-02
3.1517016e-02
5.6116101e-02
6.6464604e-02
5.5443381e-02
5.3451995e-03
-4.6932161e-02
-7.7375845e-02
-6.4857179e-02
-3.5222452e-02
-1.8368236e-02
-1.3828955e-02
-3.5230594e-02
-5.1617378e-02
-3.8067874e-02
-1.4009877e-02
2.4667948e-02
5.6612298e-02
5.2492820e-02
4.2868597e-02
1.8419869e-02
4.4949276e-03
3.5348780e-02
5.1166283e-02
5.0116890e-02
2.4200445e-02
-1.5313898e-02
-4.8030728e-02
-6.2793914e-02
-4.2856950e-02
-2.6887315e-02
-9.9514056e-03
-1.6455757e-02
-3.5250886e-02
-4.1154777e-02
-2.9298262e-02
1.5908107e-04
2.8390117e-02
3.8591984e-02
3.3419152e-02
2.5331580e-02
2.8204560e-02
2.4568860e-02
2.1217492e-02
2.9941261e-02
4.6986885e-02
4.2715019e-02
1.1921213e-02
-4.0540272e-02
-6.5977031e-02
-6.6116602e-02
-3.8524309e-02
-7.5122469e-03
-6.5641364e-03
-2.1411071e-02
-4.1457088e-02
-2.6173959e-02
-1.4762997e-02
6.7501633e-03
4.0941596e-02
6.2220349e-02
5.4822223e-02
4.3514293e-02
2.3717410e-02
2.0683396e-02
2.2888314e-02
2.0725861e-02
3.3339465e-03
-9.9053246e-03
-3.3312846e-02
-5.4476274e-02
-6.0329492e-02
-3.9771694e-02
-2.7956870e-02
-1.9066233e-02
-1.9998771e-02
-3.8002553e-02
-2.6133813e-02
1.2567289e-02
3.8237806e-02
4.3323037e-02
4.4028427e-02
4.7066166e-02
4.0313329e-02
2.6315416e-02
1.4814577e-02
6.1510866e-03
9.8906276e-03
1.0899810e-02
-8.7565700e-03
-2.5098356e-02
-3.1485339e-02
-3.1523723e-02
-2.8244297e-02
-2.7487858e-02
-1.7551757e-02
-5.4545574e-03
-9.2499234e-03
-7.2915559e-03
6.9043634e-04
1.6247522e-02
1.7867281e-02
2.2877595e-02
2.3402147e-02
2.5183920e-02
1.3076990e-02
-1.7136368e-03
-1.0229410e-02
2.3210279e-04
9.3413023e-03
2.0643020e-03
-1.0806904e-02
-3.5393390e-02
-3.7210350e-02
-1.8170428e-02
2.5911886e-03
6.2048629e-03
3.1573485e-03
-5.7830990e-03
-1.1277391e-02
4.8248572e-03
2.8540359e-02
3.6740820e-02
3.8524788e-02
2.3768880e-02
-4.7066165e-03
-1.2412676e-02
-5.9038693e-03
-2.3823693e-03
1.6069994e-02
1.3623718e-02
-1.2997773e-02
-4.7306426e-02
-4.4763004e-02
-2.4581538e-02
-3.8925774e-03
1.5891023e-02
1.9713345e-02
5.7884558e-04
-1.5820269e-02
-9.5927440e-03
-8.1432126e-04
1.4126950e-02
3.8308816e-02
3.4813762e-02
1.2343876e-02
-7.1044527e-03
-1.4552987e-02
-4.7200245e-03
6.6834720e-03
1.2398604e-02
9.7476332e-03
-2.9953889e-03
-2.4138479e-02
-3.6691982e-02
-3.3890601e-02
-9.4812643e-03
1.3551289e-02
1.4271068e-02
-7.9594490e-04
-1.8598621e-02
-1.4699981e-02
-4.2645739e-03
2.1262749e-02
3.5157839e-02
3.1464148e-02
1.5220422e-02
3.8082117e-03
-6.6083908e-03
-6.3825737e-03
3.3808165e-03
1.3108277e-02
1.1629178e-02
-2.0392804e-03
-2.7288237e-02
-3.3866016e-02
-2.2637639e-02
-6.9026742e-04
1.1585759e-02
5.0338092e-03
-8.3395564e-03
-1.6686289e-02
-6.6250199e-03
5.5185278e-03
1.9654295e-02
2.6433934e-02
2.3207270e-02
7.4886489e-03
-4.0643207e-03
-6.8469124e-03
-6.3567394e-03
1.0953706e-02
1.5166382e-02
-2.1135847e-03
-2.0085824e-02
-2.3936502e-02
-2.3514710e-02
-1.3252732e-02
2.8847995e-03
1.9466702e-03
7.2694980e-04
-4.8737993e-03
-1.2033000e-02
-4.0090635e-03
8.5855110e-03
1.6273770e-02
1.9606817e-02
1.2185833e-02
1.4883097e-03
4.6516926e-03
1.9526637e-03
8.7428882e-03
6.3733765e-03
8.7000952e-04
3.2222536e-03
-6.4608473e-03
-1.7600359e-02
-1.4451056e-02
3.1474604e-03
1.3279566e-02
2.9505240e-03
-5.5126683e-03
-1.5456147e-02
-1.4409145e-02
-4.6516167e-04
1.4051515e-02
1.1380200e-02
4.4337125e-03
-6.7187497e-03
-1.4784839e-02
-1.5319546e-02
-2.0572837e-03
1.5803464e-02
2.5892889e-02
1.6931176e-02
-3.6251620e-04
-1.2891234e-02
-1.3517345e-02
5.9987227e-03
1.6788464e-02
5.9110821e-03
-5.4883554e-03
-6.2640261e-03
-1.2517511e-02
-1.5742144e-02
-4.9703165e-03
9.7672151e-03
1.4969110e-02
9.1237206e-04
-1.4698307e-02
-2.1800835e-02
-1.0630511e-02
9.1147630e-03
2.6713143e-02
2.2168563e-02
4.7065197e-03
-1.5771161e-02
-1.9190757e-02
-8.7570511e-03
7.7867001e-03
1.7715540e-02
1.6973615e-02
9.6725661e-04
-1.5400226e-02
-2.3112572e-02
-1.6207833e-02
1.0643199e-03
1.3284471e-02
1.2193819e-02
5.0612315e-03
4.1930940e-04
-7.7438135e-03
1.0185389e-03
9.1619261e-03
1.2779940e-02
1.1588341e-02
5.8663172e-03
-6.4824105e-03
-1.6675645e-02
-1.1988540e-02
-2.6183461e-03
5.1257472e-03
2.6735037e-03
-1.0779545e-02
-1.2030457e-02
-1.0205802e-02
-2.0614763e-03
4.9014353e-03
5.7548164e-03
6.1801383e-03
6.0848083e-03
2.6481116e-03
-3.4798089e-03
3.0055404e-03
1.1689739e-02
1.4185419e-02
7.8879222e-03
-5.5842396e-03
-1.0922380e-02
-6.5899959e-03
1.6950868e-03
-9.2218137e-04
-2.5594417e-03
-8.1960953e-03
-1.0418622e-02
-9.2529560e-03
-2.2862626e-03
8.0537672e-03
1.4972321e-02
1.1296985e-02
-2.9869576e-03
-8.6039529e-03
-2.6902772e-03
1.1749299e-02
1.5936430e-02
1.1830979e-02
3.5027225e-03
-6.3606673e-03
-1.3122276e-02
-1.0601302e-02
9.8898112e-05
3.7335887e-03
3.6629732e-03
-3.6317150e-03
-1.0308880e-02
-1.3602918e-02
-4.5670873e-03
2.2387814e-03
5.4959312e-03
7.5635796e-03
-2.7218964e-03
-9.0719463e-03
-7.3451409e-03
3.4840571e-03
1.2283245e-02
1.1520700e-02
4.7226240e-03
-4.2487342e-03
-2.7415627e-03
-5.6447305e-04
5.0838440e-03
9.0215001e-03
5.6017502e-03
-2.7469358e-03
-4.3699773e-03
-9.5523607e-03
-6.0181874e-03
-2.6863057e-03
2.6563364e-03
3.0607617e-03
-3.8220628e-03
-1.1142336e-02
-9.1574179e-03
2.0262558e-04
4.6536974e-03
7.3714343e-03
4.4798538e-03
-5.3337261e-03
-6.3715763e-03
1.4764592e-04
6.2603232e-03
1.2459633e-02
6.8745180e-03
2.5741422e-03
-6.2900518e-03
-3.6934875e-03
-1.2895852e-03
1.0395207e-03
3.5957124e-03
4.7966432e-03
-2.8419617e-03
-7.8455013e-03
-1.3219090e-02
-3.6326381e-03
9.6439869e-03
1.4729685e-02
5.4313986e-03
-7.0218178e-03
-6.5908556e-03
-2.0090241e-03
6.3820726e-03
1.1596717e-02
7.4199953e-03
-1.4910567e-03
-9.5804379e-03
-1.2180875e-02
-6.0815080e-03
1.1983157e-03
5.0192340e-03
1.5651737e-03
-5.2177913e-03
-8.3332621e-03
-8.8558286e-03
-1.0835633e-04
1.0345136e-02
1.3684245e-02
7.7565291e-03
-2.3931983e-03
-9.4064928e-04
-1.4416355e-03
2.6509529e-03
8.8416174e-03
9.2307067e-03
3.1671678e-03
-7.9341914e-03
-1.5284645e-02
-1.1384333e-02
-8.1560439e-04
1.7259372e-03
-2.9095515e-03
-8.3151861e-03
-9.4176183e-03
-5.1908977e-03
2.1089207e-03
5.1015293e-03
1.0139387e-02
1.0500508e-02
6.1194684e-03
1.3714311e-03
3.5136838e-03
7.1173693e-03
1.0799148e-02
6.8953960e-03
-1.2254674e-04
-3.8581099e-03
-9.6094346e-03
-1.2240248e-02
-7.1272070e-03
-4.2129957e-03
-3.3212931e-03
-1.1197713e-02
-9.5638761e-03
-8.4080975e-03
2.0584026e-03
7.7332618e-03
8.7088048e-03
4.5103537e-03
2.2546521e-03
1.4978975e-03
8.4990168e-03
1.5914765e-02
1.4181573e-02
7.2483858e-03
-1.8365125e-03
-8.0313581e-03
-6.8342545e-03
1.9058573e-04
2.6437880e-03
5.2605793e-04
-1.0020034e-02
-1.8623278e-02
-1.7934721e-02
-8.1873649e-03
3.5609456e-04
7.4651229e-03
5.1433975e-03
-2.2118003e-03
-3.6970775e-03
-1.9075803e-03
1.1498949e-02
1.8337114e-02
1.6523320e-02
9.7156994e-03
8.2330354e-04
4.1762655e-03
6.3376961e-03
-6.4658426e-04
-6.0376276e-03
-8.9307687e-03
-3.9800945e-03
-7.4470607e-03
-1.3110852e-02
-1.9025545e-02
-1.5455770e-02
-2.5311771e-03
3.7437553e-03
-2.9261434e-03
-5.7485286e-03
1.5429907e-03
1.0868203e-02
1.2842624e-02
1.2177080e-02
1.0788773e-02
1.1889239e-02
7.9485472e-03
-1.7493201e-04
-3.9068414e-03
7.6015232e-04
3.1632434e-03
1.1203949e-03
-8.6345440e-03
-1.6917179e-02
-1.6188303e-02
-9.1509487e-03
-8.7959845e-04
1.9662356e-03
-1.8412415e-04
-1.4266172e-03
8.3836260e-04
1.5573474e-03
7.4296203e-03
9.0763072e-03
9.7811841e-03
6.5574116e-03
6.1993144e-03
4.6297579e-03
5.9523337e-03
5.7585201e-03
1.6738260e-03
-4.4450749e-03
-9.2219058e-03
-1.2200777e-02
-6.2250887e-03
-1.0453505e-03
-6.8725892e-04
-6.2798006e-03
-1.2632415e-02
-8.8482330e-03
-6.9606559e-03
-4.4092370e-03
4.2215134e-03
9.2363019e-03
7.1623538e-03
-5.0151388e-04
1.1643509e-03
6.6298946e-03
1.0732898e-02
1.1726553e-02
6.1721408e-03
3.7587881e-03
2.9220828e-03
-6.3668609e-04
-3.4052592e-04
-3.8291974e-03
-5.0475580e-04
-6.3505899e-03
-8.8333643e-03
-6.5345852e-03
-6.4539634e-03
-1.9356722e-03
-2.0336875e-03
-3.8430893e-03
-7.7471320e-03
-2.4916408e-03
3.9004421e-03
6.2060574e-03
8.2324586e-03
4.0554128e-03
1.4331410e-03
1.3012981e-03
7.2828882e-03
7.6902415e-03
5.7973219e-03
3.2221796e-03
2.1046761e-05
-1.6759243e-03
-2.8792581e-03
-2.6347564e-03
-3.9849118e-03
-5.7802641e-03
-7.1554246e-03
-6.1863063e-03
-7.0142957e-03
-4.8695683e-03
-8.6464156e-04
3.1203306e-03
3.2152784e-03
1.1678852e-03
1.9250313e-03
3.4383910e-03
4.4284590e-03
6.9628217e-03
6.4604436e-03
4.1394439e-03
1.5350009e-04
1.2864939e-03
1.1794527e-03
1.4841549e-03
2.1952038e-04
-3.6752457e-04
-5.3109585e-03
-8.8348875e-03
-9.0291498e-03
-1.8561318e-03
-4.8292129e-04
-2.2215339e-03
-1.2761335e-03
-3.7022807e-03
-2.0095438e-03
9.5723721e-05
2.9541042e-03
4.0273904e-03
3.8521796e-03
5.0442238e-03
4.2655510e-03
5.9312447e-04
1.0243445e-04
1.3683675e-03
3.2695635e-03
4.4373097e-03
1.2663578e-03
-5.9121533e-03
-8.3717191e-03
-3.3519685e-03
1.9462942e-03
2.5174446e-03
-2.9097763e-04
-4.9512770e-03
-8.5095945e-03
-7.9845745e-03
-2.9242467e-03
8.2267582e-03
1.1324209e-02
7.4125637e-03
2.9008595e-03
-3.4310734e-03
4.7717566e-05
5.3676898e-03
7.6585796e-03
6.0556088e-03
2.2843770e-03
-5.3197613e-03
-1.0647278e-02
-8.1060249e-03
-5.4607990e-03
-3.5940480e-03
-1.8493074e-04
-2.7239854e-03
-6.5448915e-03
-7.7876280e-03
-3.5571512e-03
3.1760295e-03
8.0135433e-03
8.9674060e-03
5.4334440e-03
9.3369308e-04
2.0725619e-03
5.8196406e-03
7.9782247e-03
6.6026433e-03
2.2898653e-03
-4.4880036e-03
-8.0261333e-03
-6.3791161e-03
-2.5626676e-03
9.5909372e-04
1.2236875e-03
-1.2234957e-03
-7.1984633e-03
-1.1028223e-02
-3.8937249e-03
4.5805481e-03
7.5949634e-03
5.3882924e-03
-5.1285275e-05
-4.3869415e-03
-4.2313406e-03
3.4116878e-03
7.1635875e-03
1.0020594e-02
7.9489747e-03
-3.5930016e-04
-8.6164607e-03
-4.9726745e-03
8.3120360e-04
3.7552654e-03
3.1803375e-03
-3.2021260e-03
-7.6017337e-03
-8.1619287e-03
-5.5723797e-03
-2.3976301e-03
3.1915691e-03
6.4064198e-03
4.9005379e-03
-9.9409172e-04
-3.8119271e-03
-3.6861528e-03
2.7599653e-03
8.8061001e-03
9.7511687e-03
6.1729121e-03
-2.5357729e-03
-7.5703263e-03
-4.3323134e-03
4.9751368e-03
4.1958113e-03
-3.0355156e-03
-8.6597753e-03
-1.0121685e-02
-4.2288364e-03
-1.1861763e-03
-1.4448438e-03
2.9896269e-04
-1.0032890e-03
4.9684571e-04
9.2527924e-04
1.9711368e-03
4.0150476e-03
6.0810248e-03
8.2261734e-03
6.7786285e-03
1.3933892e-03
-1.4158267e-03
-1.5187487e-03
-1.6903292e-03
5.6125691e-04
1.3279856e-03
4.5819860e-05
-2.9500963e-03
-5.7983725e-03
-6.9733460e-03
-1.8079525e-03
1.3955480e-03
5.3351183e-04
-1.8308133e-03
-8.3610825e-04
1.6869223e-04
3.4138626e-04
1.9636083e-03
3.0546502e-03
3.8200568e-03
2.6778031e-03
1.1430195e-03
-1.1159668e-03
-2.3706162e-03
2.2810352e-03
5.6592360e-03
3.7932985e-03
-6.5848023e-04
-5.8114384e-03
-5.5304451e-03
-5.2694472e-03
-2.6888017e-03
5.1861332e-04
9.9999124e-04
2.2966847e-04
-1.6382215e-03
-2.2543825e-03
-2.7340696e-03
2.4936880e-03
7.3653749e-03
7.5166118e-03
3.9771162e-03
-1.5643606e-03
-8.0948446e-04
-1.1186166e-03
2.3807039e-04
1.3553545e-03
3.2202521e-04
-3.0569438e-03
-7.9380879e-03
-7.4911446e-03
-3.9300758e-03
2.8092847e-03
7.1444812e-03
3.0846567e-03
-3.1164920e-03
-3.6647612e-03
-2.8386545e-03
2.3680448e-03
8.7480972e-03
8.4673345e-03
3.9106844e-03
-6.7638324e-04
-4.3941654e-03
-6.0769892e-03
-2.3801333e-03
1.7389237e-03
3.2883979e-03
1.2717514e-03
-3.7683225e-03
-9.6636845e-03
-7.8679631e-03
-2.9740784e-04
8.1243239e-03
9.2211027e-03
5.2293486e-03
2.2359624e-03
-2.4205557e-03
-2.6972581e-03
2.1478016e-03
8.3190439e-03
9.4046023e-03
1.9757444e-03
-8.8013682e-03
-1.4212626e-02
-8.1670995e-03
-2.6494197e-04
8.3765782e-04
-3.4636140e-03
-5.8323378e-03
-6.7397859e-03
-4.0433323e-03
-1.0084580e-03
5.1381518e-03
1.1416437e-02
1.1536706e-02
5.4597703e-03
-8.4428642e-04
-1.1279559e-04
4.0929763e-03
1.0241441e-02
8.2649270e-03
2.0768953e-03
-4.8934578e-03
-1.0802058e-02
-1.1973894e-02
-8.7614054e-03
-5.4036100e-03
-6.0265428e-04
-2.2387901e-03
-6.3140113e-03
-8.7905468e-03
-2.4689902e-03
4.0630582e-03
8.4583745e-03
1.1676629e-02
9.2561702e-03
6.2294804e-03
5.0516489e-03
4.7990762e-03
4.3952779e-03
3.2208903e-03
1.5097056e-03
-9.8223318e-04
-7.3513654e-03
-1.0062906e-02
-1.0138962e-02
-5.6327316e-03
-4.6226208e-03
-5.7447947e-03
-6.1140885e-03
-5.9159464e-03
-1.8226512e-03
1.2842631e-03
5.4506566e-03
7.5116691e-03
7.7569227e-03
7.6477056e-03
4.1852350e-03
4.7506241e-03
6.9305246e-03
7.3369276e-03
4.9947108e-03
1.3934309e-03
-3.7670583e-03
-6.8347488e-03
-8.7196539e-03
-6.4659304e-03
-4.5113638e-03
-2.7898159e-03
-4.1854244e-03
-6.6562297e-03
-6.5933811e-03
-5.3008764e-03
2.4264194e-03
7.1737221e-03
7.4647476e-03
5.4952083e-03
2.2411515e-03
4.0875017e-03
5.5832244e-03
5.2084109e-03
4.0624609e-03
9.6521748e-04
-6.2809554e-05
-2.1565689e-03
-3.5556819e-03
-5.5897408e-03
-5.2397021e-03
-4.8474382e-03
-4.0385639e-03
-2.8645410e-03
-1.6945345e-03
-3.0743249e-03
6.1362585e-04
1.7916779e-03
1.3775287e-03
4.2809579e-04
3.0274502e-03
5.6592390e-03
7.3261440e-03
5.1424969e-03
1.9863171e-03
9.7452461e-04
1.0547760e-03
1.4082158e-03
-1.2518468e-03
-3.2136518e-03
-3.9397421e-03
-5.3982506e-03
-4.7300284e-03
-3.2624856e-03
-1.7150641e-03
2.0394675e-04
-2.7527731e-03
-2.7954697e-03
-1.5368668e-03
1.4894617e-03
6.7324881e-03
7.5639428e-03
3.5052357e-03
2.4428362e-03
2.6857149e-03
9.5100688e-04
-1.1016453e-04
2.0715149e-03
2.8430108e-03
1.9364323e-03
-3.3396408e-03
-8.1092690e-03
-8.2119815e-03
-4.5551067e-03
2.7050448e-04
1.0239578e-03
-1.7844168e-04
-2.3338209e-03
-2.2434442e-03
-7.1025951e-04
4.4978804e-04
4.5473768e-03
7.2312557e-03
7.1083064e-03
4.2021179e-03
-1.6783719e-03
-3.6289904e-03
-1.2960809e-03
9.6017439e-04
2.6969201e-03
1.0072805e-03
-2.6113844e-03
-6.3360713e-03
-7.2952872e-03
-4.2650277e-03
6.6262550e-04
4.5995320e-03
2.3978456e-03
-6.0280525e-04
-4.0061665e-03
-3.2913925e-03
2.1106377e-03
6.2396762e-03
5.9612816e-03
3.0972630e-03
-1.7106507e-03
-4.2453870e-03
-3.8021439e-03
3.1874671e-04
4.5993678e-03
4.4525261e-03
5.5600949e-04
-4.0067959e-03
-5.5520515e-03
-2.9283660e-03
1.9085286e-03
4.4133531e-03
3.3331298e-03
1.3418687e-03
-2.7081027e-03
-5.0508485e-03
-2.3676856e-03
3.2092180e-03
5.0774915e-03
2.2485576e-03
-1.6603368e-03
-4.4262808e-03
-3.8842484e-03
7.5924965e-04
3.4262760e-03
3.2011847e-03
6.3885855e-04
-2.2139379e-03
-4.7738583e-03
-4.0065608e-03
-6.5632647e-05
2.4172402e-03
3.2711100e-03
2.8914221e-03
4.3475237e-04
-4.0444284e-03
-1.4021570e-03
9.5298821e-04
3.9496582e-03
4.7816584e-03
2.1346210e-03
-1.5737524e-03
-3.5960169e-03
-2.6107607e-03
5.5315359e-05
8.2087462e-04
-1.4293724e-04
-8.2269336e-04
-2.0312121e-03
-3.4154471e-03
-9.9739433e-04
5.3184310e-04
1.6161729e-03
1.5009851e-03
6.8974083e-04
-8.8363079e-04
-1.5084063e-04
1.4415725e-03
2.3223397e-03
2.7608766e-03
4.1563652e-04
-2.3167914e-04
-1.7044385e-03
-1.3492261e-03
-8.6938552e-04
1.9053524e-04
5.0114365e-05
-1.5163324e-03
-2.4642723e-03
-2.0020564e-03
1.1270740e-03
3.5139600e-03
2.8299728e-03
-9.6915139e-05
-1.6523757e-03
-1.1177293e-03
-1.2016210e-03
5.1850758e-04
2.6328492e-03
4.0560017e-03
1.0365171e-03
-2.0534361e-03
-3.5583093e-03
-4.0720167e-03
1.8778892e-03
4.7681049e-03
2.9430000e-03
-1.2915610e-03
-5.0473006e-03
-3.6583940e-03
-4.2401930e-04
2.2720906e-03
2.1862632e-03
1.0728773e-03
4.3433725e-04
-1.2117596e-03
-3.5050469e-03
-1.3537708e-03
2.2588403e-03
5.8337010e-03
3.4365238e-03
-1.1651320e-03
-3.5784865e-03
-2.1956293e-03
-8.3489828e-04
1.3550124e-03
3.1209418e-03
4.2183229e-03
-3.9645378e-04
-4.0836973e-03
-5.4181879e-03
-3.1484019e-03
1.0539866e-03
2.6998984e-03
2.2821342e-03
-1.4814320e-03
-2.0409639e-03
-2.7437228e-03
-1.7684637e-03
1.0979125e-03
3.4622917e-03
4.4105058e-03
2.9349068e-03
-1.4487245e-03
-2.8128786e-03
-1.0926086e-03
2.1013450e-03
4.2428920e-03
2.8061627e-03
2.0666332e-04
-3.8013122e-03
-4.8195272e-03
-2.9382415e-03
4.1425367e-04
2.8232800e-03
1.7301727e-03
-2.8088231e-04
-2.5293289e-03
-4.5836298e-03
-1.8458983e-03
1.0435332e-03
5.2731427e-03
4.7337543e-03
1.5736383e-03
-2.9535601e-03
-3.8263419e-03
-3.3784512e-03
-6.4078578e-04
2.5984765e-03
3.5140814e-03
1.5144679e-03
-1.3419748e-03
-2.4672206e-03
-2.8174353e-03
-1.1438175e-03
1.9102026e-03
3.9054667e-03
2.6975623e-03
-1.6903908e-03
-2.2876302e-03
-1.0195287e-03
1.1977768e-03
1.0379765e-03
1.1205704e-03
1.4353315e-03
-2.2269365e-04
-1.7444022e-03
-2.6247269e-03
1.3291095e-04
2.0145746e-03
1.7667928e-03
-4.1626674e-04
-1.4277125e-03
-2.1778931e-03
-3.2948450e-04
3.3553769e-04
-3.4669142e-05
-2.9865826e-04
8.3972119e-04
3.0815951e-03
5.2318734e-04
-1.8229026e-03
-2.1147324e-03
3.5336919e-05
2.1253689e-03
2.2554755e-03
2.4380937e-03
1.3302854e-03
5.7357240e-04
-2.6204101e-03
-4.7458333e-03
-1.7922743e-03
1.3690026e-03
2.4167988e-03
-1.1301893e-03
-2.5544603e-03
-3.9294094e-03
-2.2972700e-03
-8.1263814e-04
9.1259820e-04
1.6995519e-03
2.2148455e-03
1.8423663e-03
7.9075557e-04
1.1702671e-03
2.8570619e-03
3.2057052e-03
3.2416057e-03
9.4543305e-05
-1.0579317e-03
-2.1830294e-03
-1.4534476e-03
8.3635764e-04
7.4398154e-04
-3.8801326e-04
-2.8815684e-03
-4.0969054e-03
-4.4914183e-03
-1.6857568e-03
1.9169418e-03
3.5695568e-03
1.9212860e-03
3.7442323e-05
-1.7775997e-03
6.8662844e-04
2.5774940e-03
2.3547090e-03
-3.4120828e-04
-4.7602360e-04
1.1792143e-03
1.5086198e-03
7.8983094e-04
-3.1862433e-03
-4.1317786e-03
-1.9898910e-03
-8.6974114e-04
3.5857962e-04
6.2628740e-04
1.0471582e-03
1.9015272e-05
-1.3617064e-03
-2.5899175e-03
-1.0449379e-03
2.7089205e-03
3.9849972e-03
2.0842445e-03
-6.8355120e-04
-1.2928694e-03
-3.7347043e-04
2.3796261e-03
2.4786696e-03
1.4925216e-03
-5.4167694e-04
-1.0241418e-03
-1.7891429e-03
-1.6800550e-03
-1.0699923e-03
2.2814260e-04
8.6294983e-04
-6.2029777e-04
-3.0575169e-03
-3.8339080e-03
-1.4394939e-03
2.1194927e-03
1.7651705e-03
8.6483585e-04
-6.4810312e-04
6.4921540e-04
2.2359481e-03
1.9815855e-03
2.5242131e-03
2.2179550e-03
1.4546210e-03
-4.6394441e-04
-1.2507292e-03
-2.9045844e-04
-2.5064580e-04
7.8944126e-07
-2.0063352e-03
-2.9427275e-03
-2.3433659e-03
-1.5818141e-03
-1.0884789e-03
-8.3861085e-04
-5.7535441e-04
-2.5387195e-04
-9.0814834e-04
3.1020656e-04
2.5265247e-03
4.2593430e-03
2.9883492e-03
5.8841804e-05
-2.6691334e-04
1.2873769e-03
2.6039582e-03
9.4419892e-04
-8.9005043e-04
-1.8428058e-03
-1.2372304e-03
4.7895314e-04
-7.7774697e-04
-2.5797079e-03
-3.5859272e-03
-3.1344328e-03
-6.0443228e-04
2.2822305e-03
2.4699888e-03
-5.7836326e-05
-1.4043941e-03
-6.3146319e-04
7.1927624e-04
2.2683933e-03
3.9441325e-03
4.0508349e-03
2.6938653e-03
2.0615519e-04
-3.2211517e-03
-2.9255980e-03
-8.6372660e-04
2.8517062e-03
3.3195361e-03
-1.3200477e-03
-6.1272265e-03
-6.7356607e-03
-4.0625675e-03
4.8534883e-04
2.7992145e-03
2.5332543e-03
-7.9739132e-04
-2.9301146e-03
-2.1386066e-03
1.0391518e-03
4.3621585e-03
6.6137695e-03
5.6080170e-03
2.4555231e-03
-1.2194346e-03
-2.3008194e-03
-3.6831771e-04
2.1228626e-03
1.9416511e-03
-1.4387122e-03
-3.8301155e-03
-4.5599154e-03
-3.3849110e-03
-3.4348068e-03
-2.9371418e-03
-6.3334671e-04
6.3843251e-04
3.1943170e-04
7.7094075e-04
4.7174840e-04
1.8036439e-03
2.6170566e-03
3.7212587e-03
2.2407479e-03
2.5449138e-03
3.0799628e-03
2.1368874e-03
7.9430091e-04
-1.5713214e-03
-2.8511038e-03
-2.9029877e-03
-2.2916784e-03
-2.2113874e-03
-1.7560871e-03
-1.6654492e-03
-2.5744271e-03
-2.2708017e-03
-8.4091076e-04
1.6082827e-04
5.1821628e-04
5.4897123e-04
1.7164510e-03
3.9578809e-03
3.4794710e-03
1.2716953e-03
6.5187824e-04
1.0642468e-03
2.3812802e-03
3.0445831e-03
2.7449008e-04
-2.4889444e-03
-2.7164237e-03
-1.1522362e-03
-1.5207542e-03
-2.8695165e-03
-2.4495880e-03
-1.7930758e-03
-9.1061229e-04
-2.8300323e-04
5.6468662e-04
4.9108611e-04
-1.8952642e-04
3.8862069e-04
9.9709488e-05
3.0737349e-03
6.7685643e-03
5.8333355e-03
9.5961521e-04
-1.7231681e-03
-1.4487433e-03
-9.8697687e-04
6.1378016e-04
-3.3512047e-05
-1.8891114e-03
-3.3874472e-03
-3.9685044e-03
-3.2738188e-03
-3.2576400e-03
-1.3154871e-03
-1.0153025e-03
-5.2558176e-04
1.0484184e-03
1.3023372e-03
1.2620098e-03
2.5065549e-03
3.9570156e-03
2.4706702e-03
3.2191171e-03
2.4858339e-03
9.7951756e-04
8.4599700e-04
3.4227699e-04
-1.7933545e-04
-1.0545809e-03
-2.3759035e-03
-3.6420721e-03
-3.4317701e-03
-1.7577116e-03
-6.8560342e-04
-2.4441577e-03
-3.4656539e-03
-1.5797451e-03
7.5559733e-04
2.0070463e-03
2.3793022e-03
1.6256653e-03
2.0699514e-03
2.2301958e-03
2.6730113e-03
2.5977222e-03
2.8325383e-03
3.6086657e-03
1.7061154e-03
-2.3720144e-03
-3.2896135e-03
-2.8336706e-03
-2.9627580e-03
-2.5984414e-03
-2.2461034e-03
-1.9750916e-03
-1.9024705e-03
-1.8345845e-03
-2.4309458e-03
-1.6347638e-03
1.3119641e-03
3.2583143e-03
3.7327849e-03
3.9105983e-03
3.2774019e-03
1.0052353e-03
1.7760606e-04
5.2543717e-04
1.3276375e-03
3.2405750e-03
1.8434695e-03
-1.1616498e-03
-4.2145021e-03
-4.4231771e-03
-3.9947885e-03
-2.1016909e-03
9.2345886e-04
2.4874813e-03
-3.0563040e-04
-3.5790706e-03
-3.9010439e-03
-1.4145907e-03
3.6125116e-03
6.3478603e-03
4.8989183e-03
1.6292020e-03
-1.8051696e-03
-2.0300548e-03
7.5964908e-04
2.4704501e-03
2.5616583e-03
1.1927533e-03
-1.7702463e-03
-2.9701468e-03
-3.9065852e-03
-2.1608956e-03
7.3757713e-04
1.0329227e-03
-9.0179805e-04
-2.2437579e-03
-1.9379251e-03
-2.7868805e-04
9.2126259e-04
1.7670748e-03
2.1617576e-03
1.5930892e-03
8.7801430e-05
2.4224176e-04
7.7012169e-04
1.6977056e-03
1.5630523e-03
-3.3437956e-04
-1.8703842e-03
-2.0566144e-03
-6.7469245e-04
2.3346788e-04
-1.7274468e-03
-2.3882370e-03
-6.7592590e-04
5.1771407e-04
1.5283877e-04
-4.6986556e-04
-1.8608823e-04
1.4942644e-03
3.0579087e-03
1.6706609e-03
-9.2476048e-04
-9.2581706e-04
-2.6914277e-04
1.0978696e-03
1.5961320e-03
2.7798687e-04
-4.4349739e-04
-1.1449511e-03
-1.9614608e-03
-7.6276249e-04
5.1338885e-04
1.0276739e-03
1.0460134e-04
-1.7232606e-04
-7.4868418e-04
-9.8989573e-04
4.1044322e-06
-2.0560564e-04
1.0351587e-03
1.6190884e-03
5.5917449e-04
6.6665143e-04
-4.3156016e-04
-1.2042037e-03
-1.6632188e-03
-1.7282762e-03
1.7199183e-04
1.4706881e-03
1.3278869e-03
-2.2703410e-04
-2.3880444e-03
-2.1747037e-03
2.7141318e-04
2.5749388e-03
2.6675866e-03
2.0450851e-03
1.8725039e-04
-1.3453749e-03
-5.0401174e-04
7.3022267e-04
2.0763960e-03
6.7856811e-04
-6.4002424e-04
-2.0304131e-03
-2.1153737e-03
-1.7110723e-03
-9.4104546e-04
5.7622304e-04
7.4253836e-04
5.5081716e-04
-9.6130184e-04
-1.6044386e-03
-7.8103092e-04
1.3111175e-03
3.2199793e-03
2.3400300e-03
1.5231911e-03
4.3738317e-04
-4.7804681e-04
-3.9508469e-05
-6.7440431e-04
-1.1482440e-03
-7.3816243e-05
7.9817103e-04
6.4908324e-04
-1.7543065e-04
-2.1322501e-03
-3.1932533e-03
-1.9272299e-03
7.7432624e-04
1.2409866e-03
1.7474271e-04
-6.5366204e-04
-9.3992856e-04
-6.7534038e-04
8.5641769e-04
2.5229289e-03
2.2875542e-03
8.7598877e-04
-1.7533019e-04
9.0656699e-04
5.2928486e-04
-8.6654519e-05
-8.9073611e-04
-1.1461743e-03
-4.7287159e-04
-7.4218492e-04
-1.0245451e-03
-1.7514633e-03
-1.2381565e-03
-3.8646922e-04
2.8762352e-04
-1.6283359e-04
-6.4144191e-04
-1.2739189e-04
4.1380353e-04
1.0645060e-03
1.5414964e-03
2.2220109e-03
9.0305996e-04
-3.1731433e-04
-3.0410361e-04
2.4968233e-04
1.1035771e-03
1.6876260e-03
-4.5902006e-05
-1.6298708e-03
-9.3868582e-04
-4.5572770e-04
-2.2142251e-04
-3.3117541e-04
-4.6837772e-04
-7.2051692e-04
-8.2177496e-04
-7.5144205e-04
-8.5442382e-04
3.3029146e-05
5.1653642e-04
1.0885863e-03
4.4325868e-04
-3.2702354e-04
2.8631326e-04
5.9356119e-04
1.5157564e-03
1.5996270e-03
1.1469760e-03
1.0830882e-04
-1.2768178e-03
-9.9676123e-04
-2.1400050e-04
-4.1179589e-04
-6.8938387e-04
4.0892660e-05
-3.2548209e-04
-9.8507046e-04
-2.6199627e-03
-3.2918102e-04
2.6242004e-03
2.9936080e-03
1.5593562e-03
-6.6122650e-04
-9.6884687e-04
-4.7701046e-04
1.3602933e-03
2.9456898e-03
1.3164809e-03
-5.7952050e-04
-3.2476725e-03
-3.0413716e-03
-1.3807146e-03
-2.8109563e-04
-7.2999269e-04
-1.1144776e-03
-9.1151358e-04
-5.6338273e-04
-1.1088193e-04
9.6383088e-05
5.0325779e-04
2.4093257e-03
3.5367952e-03
2.2024024e-03
2.9616211e-04
-9.4820018e-04
