0.01
-4.4216200e-04
-6.3631985e-04
-7.9244198e-04
-9.7048395e-04
-1.1074696e-03
-7.9571984e-04
-4.6159871e-04
-2.6528414e-04
6.8933578e-06
-1.7638685e-04
4.4086481e-04
6.8996541e-04
7.6573386e-05
1.6907375e-03
2.6138611e-03
2.0362832e-03
2.7268376e-03
2.7662067e-03
5.3337333e-04
8.7869458e-04
1.2915218e-03
8.3194012e-04
6.6277356e-04
-2.0731485e-05
4.6006226e-04
-2.6722608e-03
-7.2678093e-03
-5.5282358e-03
-4.7097495e-03
-1.6303998e-03
1.7255555e-03
-1.2858972e-03
-1.0251893e-03
2.7453595e-03
1.3880968e-03
1.2463127e-03
4.9609564e-03
4.5136956e-03
9.4624930e-04
-4.5530564e-04
-3.5944603e-03
-4.5211735e-03
-9.3981184e-04
8.2156533e-04
1.7922437e-04
3.2315670e-03
2.8401696e-03
-1.1066490e-03
-4.3673831e-04
2.9526606e-03
3.3879799e-03
1.0296159e-03
-6.3319913e-04
-3.6414362e-03
-4.6011552e-03
-1.5434750e-03
-8.6925760e-04
-2.5819646e-03
3.7297414e-04
2.1888413e-03
-8.4836586e-04
6.7549673e-04
1.3273204e-03
-1.3633352e-03
9.1108140e-04
1.5104550e-03
-6.4418186e-04
6.8917285e-04
3.0409761e-03
8.2002616e-04
-5.1295839e-04
1.8887111e-03
4.1316615e-03
4.4703146e-03
2.4187874e-03
-4.3427828e-04
9.8249596e-04
3.6279380e-03
3.0379303e-03
3.5162302e-03
2.0765750e-03
-3.2443319e-04
1.0692203e-03
-3.4026761e-03
-9.5582297e-03
-1.1474177e-02
-1.1763316e-02
-1.3409649e-02
-1.3732569e-02
-1.2611715e-02
-1.0044406e-02
-1.4036608e-03
6.1683502e-03
8.0068851e-03
9.4730023e-03
9.3817267e-03
9.5719596e-03
1.2304484e-02
1.7512317e-02
1.9365507e-02
1.4369705e-02
8.6657204e-03
7.3058597e-03
8.1233391e-04
-4.2670214e-03
-8.6284646e-03
-1.2150932e-02
-9.0366722e-03
-6.0972054e-03
-7.9241247e-03
-9.6997391e-03
-9.8158859e-03
-7.5972340e-03
-5.6896571e-03
-2.4526763e-03
-2.2509477e-03
-4.7309271e-03
-5.2924766e-03
-2.8075387e-03
3.0789870e-04
2.4426649e-03
2.9707209e-03
3.4385105e-03
1.6350203e-03
2.3187099e-04
2.4489590e-03
3.3111867e-03
4.6288281e-03
8.8349710e-03
1.1541331e-02
8.7438024e-03
-9.2974779e-04
-9.4402084e-03
-9.9231805e-03
-6.5305749e-03
-1.2346467e-03
2.0485285e-03
-1.8863259e-03
-3.3649093e-03
2.3824551e-05
1.7920121e-03
3.1541597e-03
6.4294192e-03
5.4536355e-03
5.5717336e-03
7.5134485e-03
1.8254623e-03
-4.6934510e-03
-1.1507964e-02
-1.5129102e-02
-7.6952933e-03
4.7553673e-03
8.1606418e-03
6.5526514e-03
5.9903141e-03
9.7816156e-03
1.3621511e-02
1.1889460e-02
4.6448346e-03
2.7927494e-03
5.7278668e-03
4.4213717e-03
-3.5591778e-05
-5.3375906e-03
-9.3536544e-03
-1.2659824e-02
-1.5331622e-02
-1.5917753e-02
-1.7380522e-02
-1.4283310e-02
-8.1672672e-03
-1.0479168e-03
3.1235277e-03
2.2011695e-03
1.7946694e-03
3.9032115e-03
9.0932272e-03
1.1778802e-02
7.6701593e-03
7.0927674e-03
5.6208506e-03
2.4125521e-04
-3.0252005e-03
-6.1801785e-03
-5.2710335e-03
5.3672604e-04
4.3744261e-03
1.0006882e-02
1.5467774e-02
1.2707922e-02
7.3723104e-03
6.7886007e-04
-4.1272396e-03
-4.9242174e-03
-6.3133655e-03
-1.0569020e-02
-1.1174375e-02
-1.1099360e-02
-1.3428019e-02
-1.3278221e-02
-1.3434189e-02
-7.5614124e-03
1.8602906e-03
6.5984447e-03
1.0094196e-02
1.1527365e-02
1.2473875e-02
1.2525371e-02
1.0966839e-02
5.3428560e-03
-2.7324818e-03
-6.7873756e-03
-6.1112948e-03
-9.5159226e-04
3.7131496e-03
4.4286561e-03
1.3594934e-03
2.6934339e-04
-1.0695820e-03
-3.9970150e-03
-7.0897145e-03
-6.1206101e-03
-1.6342280e-03
1.4175873e-03
2.3030636e-03
1.9467844e-03
-7.5368194e-04
-3.4150138e-03
-3.5740736e-03
-2.4099441e-03
-4.0641495e-04
-5.9732790e-04
-1.0941453e-03
3.0138308e-03
8.4212385e-03
9.0614545e-03
4.9224093e-03
-2.1332823e-03
-6.3299544e-03
-6.2622187e-03
-9.1755948e-03
-1.2788412e-02
-1.5567514e-02
-2.0280187e-02
-2.3987806e-02
-2.6189490e-02
-2.8265752e-02
-2.5180926e-02
-1.4728676e-02
-8.4093892e-04
9.1885067e-03
4.7786414e-03
-9.2065598e-03
-1.6616831e-02
-4.8436212e-03
2.4239594e-02
4.7374589e-02
5.5846892e-02
5.2758283e-02
4.6577275e-02
4.3013459e-02
3.7790486e-02
2.8483023e-02
1.7626550e-02
1.2684674e-02
1.3780571e-02
1.8142924e-02
2.1526540e-02
1.9555321e-02
1.1559104e-02
4.0947880e-03
-5.5113210e-03
-2.1330403e-02
-4.5200908e-02
-7.5917826e-02
-1.0353922e-01
-1.2131464e-01
-1.2852020e-01
-1.1589849e-01
-7.4573354e-02
-1.3431320e-02
5.2350316e-02
1.0531601e-01
1.4193139e-01
1.5989138e-01
1.5764890e-01
1.3656344e-01
9.8122250e-02
5.5013427e-02
4.5746578e-03
-5.2028846e-02
-9.3831136e-02
-1.1330142e-01
-1.1867262e-01
-1.1571975e-01
-1.0597081e-01
-9.1065838e-02
-6.7098766e-02
-3.6895244e-02
-6.6250727e-03
2.2636176e-02
5.0107180e-02
6.6653565e-02
7.4913006e-02
7.4526081e-02
6.3730867e-02
4.4970894e-02
2.5130196e-02
7.2289354e-03
-1.3112699e-02
-3.1896243e-02
-4.0533787e-02
-3.0044264e-02
-5.5433189e-03
1.8085822e-02
2.7195503e-02
2.3154413e-02
1.7079814e-02
1.6301881e-02
1.8242895e-02
1.9198229e-02
1.1621036e-02
1.9131489e-03
-5.5872196e-04
-6.5786191e-04
-5.4058153e-03
-1.5771360e-02
-3.0115884e-02
-3.8065371e-02
-3.8911591e-02
-4.0697297e-02
-4.1271366e-02
-3.0140262e-02
-3.8773638e-03
2.4651041e-02
4.5976840e-02
5.2846849e-02
4.1795191e-02
1.7880507e-02
-3.2335727e-03
-1.5982287e-02
-1.8243628e-02
-1.0861498e-02
-1.7075020e-03
1.0490493e-03
-1.8315468e-03
-7.2383514e-03
-1.1528973e-02
-1.5183454e-02
-1.7004052e-02
-1.6542149e-02
-1.4221709e-02
-9.0616528e-03
-3.9780472e-03
3.4060305e-04
3.7373425e-03
1.2495357e-02
2.4919707e-02
3.0124243e-02
2.1654649e-02
9.0844868e-03
4.1673863e-03
8.6780844e-03
1.5203878e-02
1.4537851e-02
4.7888127e-03
-4.6883726e-03
-9.0681251e-03
-1.1256873e-02
-1.3450462e-02
-1.6754224e-02
-1.8499066e-02
-1.6266631e-02
-7.8543340e-03
2.4424218e-03
9.3485432e-03
1.2410270e-02
1.1029343e-02
7.1968815e-03
1.9592048e-03
-6.8136487e-04
1.8044367e-03
3.4639182e-03
-6.6598056e-03
-2.2504213e-02
-3.1514398e-02
-2.3516083e-02
-1.8613571e-03
1.3181674e-02
1.3800269e-02
5.6164392e-03
-3.9508413e-03
-7.2363559e-03
-2.1480044e-03
5.2848070e-03
9.7300028e-03
7.5088147e-03
3.1959334e-03
3.3986998e-03
6.6130648e-03
5.4559834e-03
-7.9125322e-04
-4.6450749e-03
1.2963438e-03
1.3543026e-02
2.4477813e-02
2.6243685e-02
1.8625816e-02
9.2987852e-03
1.6558581e-03
-5.4862223e-03
-1.1203289e-02
-1.3238410e-02
-1.1672030e-02
-9.5572264e-03
-9.7285174e-03
-1.2577489e-02
-1.4399868e-02
-1.0655843e-02
-2.8829821e-03
5.0379443e-03
1.1776312e-02
1.3677163e-02
1.0803052e-02
4.6539250e-03
-7.1779945e-04
-2.6665533e-03
1.9468512e-04
1.5467306e-03
-5.2697686e-03
-1.5932587e-02
-2.1536378e-02
-1.8630415e-02
-1.0867587e-02
-3.9525303e-03
1.8126692e-03
8.5920009e-03
1.5532497e-02
1.6397314e-02
6.5344008e-03
-6.7896824e-03
-1.2601574e-02
-6.3455102e-03
4.8995033e-03
1.1793135e-02
1.2129960e-02
1.2508573e-02
1.5548121e-02
1.7653136e-02
1.3783563e-02
3.3992232e-03
-6.3380671e-03
-1.0715450e-02
-1.0773191e-02
-9.8924890e-03
-8.3697893e-03
-1.4778319e-03
1.0317807e-02
1.7736515e-02
1.2080608e-02
-5.3126591e-03
-2.4278596e-02
-3.5199948e-02
-3.4351666e-02
-2.5210418e-02
-1.3746923e-02
-5.3171988e-03
1.0016562e-03
6.1867316e-03
9.3931282e-03
1.0189937e-02
1.0519177e-02
9.3843335e-03
5.8591950e-03
-1.5922142e-03
-1.0998862e-02
-1.7205050e-02
-1.7125556e-02
-1.1947088e-02
-6.7641922e-03
-4.8583089e-03
-2.4885922e-03
3.1273204e-03
1.3386103e-02
2.5202199e-02
3.3212213e-02
3.7835711e-02
3.9527546e-02
3.6911986e-02
2.9310799e-02
1.5116279e-02
-6.6487755e-05
-9.1396644e-03
-1.2831560e-02
-1.6481233e-02
-2.0802923e-02
-2.3973363e-02
-2.1382211e-02
-1.2035860e-02
-1.6011397e-03
2.6445538e-03
1.4629980e-03
-1.8996419e-03
-5.7971659e-03
-7.9541699e-03
-6.8105218e-03
-5.1171885e-03
-4.7201938e-03
-6.2236781e-03
-1.0211065e-02
-1.4738412e-02
-1.7781193e-02
-1.9417354e-02
-1.7246261e-02
-1.0722465e-02
-1.8548722e-03
5.7730838e-03
1.0891987e-02
1.3698236e-02
1.5735948e-02
1.7579501e-02
1.8833242e-02
1.9394961e-02
2.0488976e-02
2.1591470e-02
2.1930707e-02
2.1620679e-02
1.8111648e-02
7.9088395e-03
-5.2312466e-03
-1.5615254e-02
-2.0233631e-02
-1.7248898e-02
-1.0358613e-02
-4.3293858e-03
-3.3056979e-03
-6.4875611e-03
-1.0086359e-02
-1.2026440e-02
-1.1794351e-02
-8.7738862e-03
-3.0114803e-03
5.1909603e-03
1.1852544e-02
1.3625012e-02
1.0360773e-02
5.1505952e-03
1.6199413e-03
8.8654454e-04
1.3294862e-03
1.6013198e-03
1.2655172e-03
9.8605508e-04
3.4589044e-04
-1.7871683e-03
-4.2479259e-03
-5.7016658e-03
-4.4815290e-03
-1.0988850e-03
2.7566329e-03
6.7888191e-03
9.3702134e-03
8.9955179e-03
5.5983734e-03
-2.9269215e-04
-6.3502687e-03
-1.2703861e-02
-1.8510732e-02
-2.1727803e-02
-2.1091217e-02
-1.6084064e-02
-7.8810832e-03
-4.2491233e-04
4.8780278e-03
7.9385043e-03
7.5337038e-03
5.7167109e-03
4.2364996e-03
4.9827487e-03
8.2117116e-03
1.1407297e-02
1.2992990e-02
1.2157992e-02
9.2136026e-03
5.8633469e-03
2.2477805e-03
-2.0730259e-03
-5.9692712e-03
-8.0432977e-03
-6.5192430e-03
-1.9810645e-03
2.7254381e-03
5.6640139e-03
7.2000897e-03
7.6570176e-03
7.2881046e-03
6.0014540e-03
2.9020811e-03
-9.2436960e-04
-2.9255229e-03
-3.8364791e-03
-4.7966775e-03
-5.8708323e-03
-8.2461072e-03
-9.6362494e-03
-7.8579600e-03
-3.3540229e-03
1.9068833e-03
5.3189805e-03
7.2444544e-03
7.2969476e-03
6.1185160e-03
4.3854583e-03
2.6584819e-03
9.4310989e-04
-9.1469973e-05
-9.5448981e-04
-8.8621295e-04
-1.1428905e-03
-3.6362261e-03
-7.9095911e-03
-1.2748749e-02
-1.6065364e-02
-1.6861866e-02
-1.6818409e-02
-1.7278473e-02
-1.7373193e-02
-1.5846325e-02
-1.1992393e-02
-5.9682170e-03
9.5883254e-04
8.1208545e-03
1.5170928e-02
2.1868095e-02
2.8078492e-02
3.3038111e-02
3.5183899e-02
3.3119388e-02
2.5811531e-02
1.5531745e-02
4.9824502e-03
-4.5423091e-03
-1.2026049e-02
-1.7702430e-02
-2.1209833e-02
-2.3016665e-02
-2.4046538e-02
-2.4322044e-02
-2.3523266e-02
-2.0319339e-02
-1.4693661e-02
-6.8524472e-03
2.4001737e-03
1.1353400e-02
1.7805709e-02
2.1631801e-02
2.2180533e-02
1.9296844e-02
1.4085967e-02
8.6961315e-03
5.2257332e-03
3.7548062e-03
4.5272227e-03
5.8817502e-03
6.1854586e-03
4.5602994e-03
7.2769811e-04
-3.3212106e-03
-6.0746759e-03
-8.0747912e-03
-8.4855512e-03
-6.9589237e-03
-4.0701651e-03
-5.5415104e-04
1.1137787e-03
-7.3010869e-05
-3.9435652e-03
-9.0715191e-03
-1.3988217e-02
-1.7612694e-02
-1.8535202e-02
-1.5412583e-02
-1.0277065e-02
-5.6472042e-03
-3.0232842e-03
-1.4003067e-03
2.6270912e-04
1.8364576e-03
2.7749316e-03
3.4698170e-03
4.6059336e-03
6.9616226e-03
9.9248730e-03
1.1468096e-02
1.0617705e-02
8.5386540e-03
6.3089187e-03
4.3992530e-03
2.9907347e-03
2.7523489e-03
4.7882585e-03
7.6161545e-03
9.5671405e-03
8.8715952e-03
5.0339765e-03
4.0808842e-04
-2.6915978e-03
-3.8728452e-03
-3.3311575e-03
-2.1156047e-03
-1.5180845e-03
-1.2308294e-03
-2.0515974e-03
-3.7853796e-03
-5.9626607e-03
-7.7503967e-03
-8.2840636e-03
-7.7603240e-03
-7.3231530e-03
-6.9799224e-03
-5.8575343e-03
-4.4868744e-03
-3.0792012e-03
-1.1986904e-03
1.1864560e-03
4.1433805e-03
7.0507464e-03
7.5667451e-03
5.5267662e-03
2.5316368e-03
-1.5662829e-04
-1.5427394e-03
-2.0417571e-03
-3.5013544e-03
-5.0029229e-03
-4.9339340e-03
-4.6787030e-03
-4.4710868e-03
-3.5279192e-03
-2.1283391e-03
8.5925145e-06
3.1861965e-03
6.7452522e-03
9.4682192e-03
1.1388432e-02
1.2146938e-02
1.1369296e-02
9.8525873e-03
7.5084637e-03
4.2647481e-03
2.1473926e-03
1.3520033e-03
1.8642580e-03
1.3867400e-03
-1.1397675e-03
-5.0325490e-03
-8.7684359e-03
-1.1742760e-02
-1.4014058e-02
-1.6050483e-02
-1.7198671e-02
-1.6382905e-02
-1.3418796e-02
-8.6930851e-03
-3.5422531e-03
1.5688795e-03
5.8721536e-03
8.3803685e-03
9.8925449e-03
1.0494349e-02
9.2483797e-03
7.0611286e-03
5.2204137e-03
4.5322851e-03
4.0870640e-03
3.6401049e-03
3.1408771e-03
3.2906883e-03
3.8784791e-03
4.6209633e-03
5.0912129e-03
3.8431589e-03
4.5966306e-04
-2.5658498e-03
-4.0284973e-03
-4.4194518e-03
-5.0014940e-03
-6.2735569e-03
-6.6623695e-03
-5.0435243e-03
-2.4889724e-03
-4.6257702e-04
1.8450740e-04
1.0041618e-03
2.5616165e-03
3.6207130e-03
3.5190656e-03
3.0376363e-03
2.9187136e-03
3.0867558e-03
2.8311676e-03
1.5568346e-03
-5.5218161e-05
-2.1662283e-03
-4.3113925e-03
-5.6526976e-03
-5.6902261e-03
-3.9792376e-03
-1.7937322e-03
-3.2965455e-04
6.4899966e-04
2.1369408e-03
4.9442785e-03
8.8565021e-03
1.1826926e-02
1.2550597e-02
1.0392407e-02
5.9955600e-03
1.8766666e-03
-5.7907108e-04
-1.1446128e-03
-7.0507298e-04
-9.7545511e-04
-2.3920371e-03
-3.8610138e-03
-3.9516658e-03
-2.3367157e-03
-7.0248802e-04
-5.0632421e-04
-1.4531522e-03
-2.9277649e-03
-4.3303283e-03
-5.8768444e-03
-7.7317452e-03
-8.9368445e-03
-7.8367192e-03
-4.9318833e-03
-1.8287156e-03
7.9997472e-04
2.0927688e-03
2.8347013e-03
3.9843008e-03
4.7348854e-03
5.1659685e-03
4.6488363e-03
2.2437245e-03
-6.1422530e-04
-2.4363613e-03
-3.3406149e-03
-4.7268689e-03
-7.6268424e-03
-1.0550212e-02
-1.2238410e-02
-1.2127780e-02
-9.4191610e-03
-4.5507820e-03
5.7551828e-04
4.8878646e-03
7.8402290e-03
9.4312274e-03
1.0778598e-02
1.1581573e-02
1.1868917e-02
1.2020173e-02
1.2428461e-02
1.2923769e-02
1.2830261e-02
1.1422020e-02
9.3416546e-03
6.8196235e-03
4.4981004e-03
1.3812278e-03
-2.7485822e-03
-7.3467022e-03
-1.1759939e-02
-1.6034063e-02
-1.8527728e-02
-1.8793928e-02
-1.7562646e-02
-1.5466738e-02
-1.3518540e-02
-1.1931197e-02
-9.2795032e-03
-4.8966732e-03
1.0015022e-03
7.9946813e-03
1.4444999e-02
1.8882671e-02
2.0513042e-02
1.9042794e-02
1.5762129e-02
1.2048749e-02
7.6291697e-03
2.4178155e-03
-3.2345941e-03
-9.1188422e-03
-1.4150082e-02
-1.7254880e-02
-1.8356620e-02
-1.7150486e-02
-1.3976639e-02
-9.6114945e-03
-5.0568860e-03
-4.8720420e-04
4.0528023e-03
8.1436373e-03
1.1485512e-02
1.3843501e-02
1.5322785e-02
1.5290219e-02
1.3853811e-02
1.1494453e-02
8.7815582e-03
6.2509779e-03
3.9105809e-03
1.1920362e-03
-2.0282793e-03
-5.7536336e-03
-9.0376060e-03
-1.1583916e-02
-1.3599648e-02
-1.4393601e-02
-1.3792717e-02
-1.2115946e-02
-9.8264097e-03
-7.2879593e-03
-4.9891525e-03
-2.7600180e-03
-3.1781347e-04
2.1486172e-03
4.5186309e-03
6.9107716e-03
8.3901960e-03
7.5289218e-03
4.5163499e-03
1.5547342e-03
3.5044676e-04
1.0577716e-03
1.8752834e-03
1.4125268e-03
-2.1229433e-04
-1.9506801e-03
-2.7747417e-03
-2.7993372e-03
-2.3487556e-03
-9.6336531e-04
1.2259620e-03
3.5632831e-03
5.3087710e-03
5.4075875e-03
5.0890532e-03
5.2207771e-03
6.3503935e-03
7.5660802e-03
8.2346068e-03
8.4843346e-03
8.2038834e-03
7.1189029e-03
4.9859863e-03
1.8282141e-03
-1.6978636e-03
-4.5330300e-03
-6.7209549e-03
-9.1278270e-03
-1.1122509e-02
-1.1908901e-02
-1.1176030e-02
-8.5582106e-03
-4.9447053e-03
-2.5417953e-03
-1.6018466e-03
-1.5622577e-03
-1.7467716e-03
-1.0958787e-03
4.3924922e-04
2.3433367e-03
4.2042771e-03
5.0518373e-03
5.0780729e-03
4.5739139e-03
3.4583878e-03
2.0057788e-03
4.9422063e-04
-9.3167606e-04
-2.0242325e-03
-2.5823790e-03
-2.8142207e-03
-3.4822593e-03
-3.8468941e-03
-3.0582485e-03
-1.5406575e-03
3.8606560e-05
7.8721601e-04
3.3520159e-05
-1.6109612e-03
-2.8588735e-03
-2.3602422e-03
-1.0552462e-04
2.0822385e-03
3.3761700e-03
3.8418901e-03
3.9254652e-03
3.6024456e-03
3.3671893e-03
2.8080137e-03
1.7522247e-03
1.2612712e-03
1.3803890e-03
1.3197410e-03
8.2350531e-04
4.0501140e-07
-4.4136462e-04
-2.5752084e-04
-1.0919322e-04
-7.8545494e-04
-2.0123260e-03
-2.8504571e-03
-2.6499007e-03
-1.5888041e-03
-2.3579218e-04
1.2220593e-03
2.2491817e-03
2.2435526e-03
1.4105275e-03
3.6548643e-04
-3.6915799e-04
-5.0290065e-04
3.3084512e-04
1.5466427e-03
2.3232949e-03
1.4379839e-03
-1.4504225e-03
-4.7235426e-03
-6.9598171e-03
-8.3465956e-03
-9.3562054e-03
-1.0614998e-02
-1.1599100e-02
-1.1125892e-02
-9.4285408e-03
-6.8914664e-03
-3.5686419e-03
1.0380046e-04
3.8066808e-03
7.4711756e-03
1.1132788e-02
1.4256299e-02
1.5469931e-02
1.4704780e-02
1.3018954e-02
1.1102306e-02
9.1471375e-03
6.8974329e-03
4.8759687e-03
3.0976004e-03
2.0147383e-03
1.2377139e-03
4.9351224e-04
-5.9049921e-04
-1.8327930e-03
-3.1867974e-03
-4.6326368e-03
-6.0030948e-03
-6.9545119e-03
-7.0839759e-03
-6.7799613e-03
-6.0583166e-03
-5.0587652e-03
-3.8421295e-03
-2.3003259e-03
-3.4569758e-04
6.8065766e-04
3.3641477e-04
-4.8613789e-04
-1.4323787e-03
-1.9660131e-03
-2.0848715e-03
-2.2654147e-03
-2.4308752e-03
-2.4022472e-03
-1.5928045e-03
1.1266525e-04
2.2059185e-03
4.3016063e-03
6.0603201e-03
6.8122686e-03
6.6065442e-03
5.6686015e-03
4.3219241e-03
3.8227064e-03
3.8238479e-03
3.0672122e-03
1.4118607e-03
-5.9770072e-04
-1.9976949e-03
-2.6400736e-03
-3.2720410e-03
-3.9893339e-03
-4.2405572e-03
-3.7940550e-03
-2.9127439e-03
-1.6926949e-03
-2.9891370e-04
9.9454104e-04
1.6021956e-03
1.3533270e-03
3.5685191e-04
-6.4477461e-04
-1.4911120e-03
-2.4083073e-03
-3.4893854e-03
-4.1021842e-03
-4.0220041e-03
-3.3879452e-03
-2.5946222e-03
-2.2840090e-03
-2.4183014e-03
-2.5334870e-03
-2.0506132e-03
-8.5992775e-04
4.6078847e-04
1.5726918e-03
2.6766237e-03
3.3895429e-03
3.0321701e-03
1.6132995e-03
1.9546438e-04
-7.3034681e-04
-1.2087308e-03
-1.6157732e-03
-2.0430849e-03
-2.5623735e-03
-2.5606425e-03
-1.4767546e-03
1.7859042e-04
1.3732819e-03
1.8271782e-03
1.6831664e-03
1.7747213e-03
2.4535311e-03
3.4385110e-03
4.7606645e-03
6.2514047e-03
7.3553117e-03
7.7928407e-03
7.6131639e-03
7.7720478e-03
8.0809365e-03
8.1329411e-03
7.3664003e-03
5.0818839e-03
2.2852400e-03
-9.1169748e-05
-2.2684506e-03
-4.0351846e-03
-5.2389858e-03
-6.4002948e-03
-7.3198062e-03
-7.8188856e-03
-7.8551527e-03
-7.1360524e-03
-5.9847702e-03
-4.6188126e-03
-3.4145873e-03
-3.1067623e-03
-3.6060803e-03
-4.3128589e-03
-4.8822582e-03
-4.7983094e-03
-4.0822914e-03
-3.1505750e-03
-1.7450182e-03
5.8765980e-04
2.9285425e-03
4.0875748e-03
4.2372406e-03
3.6771943e-03
2.8299645e-03
1.9922508e-03
8.8369915e-04
-5.7963583e-04
-2.0252954e-03
-3.1177139e-03
-3.8251514e-03
-4.2024562e-03
-4.2672313e-03
-4.0991017e-03
-3.9047739e-03
-3.9103852e-03
-3.5733566e-03
-2.5386197e-03
-1.2015174e-03
6.5295059e-04
2.6995474e-03
4.7672969e-03
7.0662849e-03
9.3682725e-03
1.1089338e-02
1.1541320e-02
1.0927991e-02
9.5895755e-03
7.9957316e-03
6.3117410e-03
4.5714065e-03
2.8866798e-03
1.5284428e-03
6.7566009e-04
2.0106244e-04
-6.2693953e-04
-2.0694863e-03
-3.6755238e-03
-5.2027095e-03
-6.1415062e-03
-6.6338207e-03
-6.7825579e-03
-6.3303171e-03
-5.1823331e-03
-3.7095100e-03
-2.4418933e-03
-1.7627838e-03
-1.4593350e-03
-6.9009386e-04
5.6672010e-04
1.8129387e-03
2.7136076e-03
2.9292374e-03
2.7724258e-03
2.6025880e-03
2.7339802e-03
2.8215112e-03
2.8364472e-03
3.4285399e-03
4.5367053e-03
5.8820854e-03
7.0009300e-03
7.0979359e-03
6.6312367e-03
5.4042617e-03
3.6100369e-03
1.7390083e-03
-3.2688051e-05
-1.5281433e-03
-2.9114031e-03
-3.8822853e-03
-4.2153994e-03
-3.9646709e-03
-3.7089265e-03
-3.6238806e-03
-3.5564118e-03
-3.3465835e-03
-2.7324563e-03
-2.0686881e-03
-2.3091190e-03
-3.3119962e-03
-4.7287992e-03
-6.1257500e-03
-6.9926613e-03
-7.5235694e-03
-7.3572175e-03
-6.2158297e-03
-4.5036615e-03
-2.4394718e-03
-5.6194334e-04
6.1085946e-04
1.1638731e-03
1.1564675e-03
1.0072365e-03
8.0604267e-04
3.6414038e-04
-5.4487538e-04
-1.2252657e-03
-1.8914198e-03
-3.1089696e-03
-4.7185925e-03
-6.3040309e-03
-6.9215896e-03
-6.3129345e-03
-5.0658527e-03
-3.5459649e-03
-1.5295702e-03
7.4577958e-04
3.0868309e-03
4.9468301e-03
6.0607825e-03
6.3082173e-03
6.3113666e-03
6.4744534e-03
6.8614481e-03
7.2317025e-03
7.4257754e-03
7.8563463e-03
8.0887323e-03
7.8052351e-03
6.9789210e-03
5.4420142e-03
3.6124413e-03
1.9571840e-03
4.5815956e-04
-1.1491712e-03
-2.7475394e-03
-4.1655355e-03
-5.4521107e-03
-6.5020241e-03
-7.1154007e-03
-7.3568175e-03
-7.2711941e-03
-6.8072676e-03
-5.9920862e-03
-4.7446423e-03
-3.0860825e-03
-9.8292500e-04
7.4792229e-04
1.8590268e-03
2.3621611e-03
2.2569349e-03
2.1431477e-03
2.2098171e-03
2.3117002e-03
2.1289713e-03
1.5066740e-03
7.2201084e-04
2.4446957e-04
2.4124505e-04
4.8625579e-04
7.2105062e-04
6.0465956e-04
6.0620835e-04
1.0183377e-03
1.7496407e-03
2.6478388e-03
3.3688393e-03
3.7740826e-03
3.9252432e-03
3.5906766e-03
3.1199526e-03
2.6729327e-03
2.1347274e-03
1.9094371e-03
1.7091171e-03
1.0248479e-03
2.6394573e-05
-1.0572928e-03
-1.8166242e-03
-2.1978000e-03
-2.6189724e-03
-3.2537932e-03
-3.8779120e-03
-3.8990041e-03
-2.9348661e-03
-1.4061123e-03
4.0214551e-05
1.2607730e-03
2.2935715e-03
2.7198331e-03
2.3280069e-03
1.4045644e-03
3.5429459e-04
-3.5864253e-04
-2.7714342e-04
6.3008736e-04
1.7722479e-03
2.7217613e-03
3.2483045e-03
3.4435373e-03
3.9517776e-03
4.8105060e-03
5.2768859e-03
4.9165675e-03
4.2402044e-03
3.8620377e-03
3.7728004e-03
3.4126840e-03
2.2115491e-03
5.7951241e-04
-1.3081615e-03
-3.0544233e-03
-4.8175535e-03
-6.5623453e-03
-8.1091119e-03
-9.0036721e-03
-9.4513508e-03
-9.1656088e-03
-8.5791977e-03
-8.1107596e-03
-7.5928828e-03
-6.4315112e-03
-4.6429512e-03
-2.5205911e-03
-7.6293494e-04
3.6154295e-04
9.4846670e-04
1.6808632e-03
2.2665262e-03
2.6296879e-03
3.1884416e-03
3.8999343e-03
4.4351466e-03
4.3136906e-03
3.3289386e-03
2.3277425e-03
1.7573987e-03
1.5284586e-03
1.5062104e-03
1.3258306e-03
6.0751383e-04
-2.2299219e-04
-6.9439933e-04
-7.0825787e-04
-4.5763356e-04
-1.4072303e-04
-3.3917825e-04
-8.4778557e-04
-1.6061464e-03
-2.4537221e-03
-3.0377066e-03
-2.9106349e-03
-2.3142915e-03
-1.6037282e-03
-1.2511138e-03
-1.2760470e-03
-1.2717848e-03
-1.0855302e-03
-1.0290559e-03
-1.4298611e-03
-1.7780684e-03
-1.6904236e-03
-9.6444156e-04
3.6691621e-05
6.0000937e-04
6.3111567e-04
4.9968483e-04
6.9316738e-04
1.0314153e-03
1.0012533e-03
4.2640993e-04
-4.0243489e-04
-7.8987336e-04
-4.5365294e-04
2.6666530e-04
1.0626483e-03
1.6129347e-03
1.8374356e-03
1.9755883e-03
2.2668081e-03
2.4689563e-03
2.7443725e-03
3.3251619e-03
4.1366240e-03
4.7563978e-03
4.8688020e-03
4.1943174e-03
2.8152264e-03
1.4684965e-03
7.8873320e-04
4.3910319e-04
-2.6908275e-04
-1.2448240e-03
-2.4165962e-03
-3.1864968e-03
-3.0500643e-03
-2.3762015e-03
-1.7877530e-03
-1.4928737e-03
-1.2901722e-03
-1.1160974e-03
-1.0123546e-03
-6.4866587e-04
-8.7686759e-05
3.5432570e-04
9.8188478e-04
1.6021171e-03
2.0807388e-03
2.5287314e-03
3.0206743e-03
3.2569770e-03
3.1412016e-03
2.6170374e-03
1.9877226e-03
1.5261406e-03
1.2768034e-03
9.7256248e-04
2.6894874e-04
-6.5350094e-04
-1.5798439e-03
-2.2824322e-03
-2.5164022e-03
-2.4887845e-03
-2.4441338e-03
-2.2361847e-03
-1.8447122e-03
-1.3381875e-03
-7.1746329e-04
-3.8385955e-04
-5.6530420e-05
8.6959259e-05
1.6534135e-04
-2.6366686e-04
-1.0888401e-03
-1.7550019e-03
-1.9717241e-03
-1.8070520e-03
-1.5755239e-03
-1.6495235e-03
-2.1680183e-03
-2.8371773e-03
-3.1202396e-03
-3.0646911e-03
-2.4618569e-03
-1.3841723e-03
-4.8839115e-04
6.5182037e-05
1.8258446e-04
-6.6328756e-05
-6.2437119e-05
1.7424656e-04
4.7836757e-04
8.2889394e-04
1.0943933e-03
1.1843529e-03
1.1112905e-03
8.3859534e-04
2.4747186e-04
-1.2382802e-04
-2.6958539e-04
-1.2984834e-04
4.7868565e-04
1.3512309e-03
2.2295882e-03
2.8633630e-03
2.8483020e-03
1.8339435e-03
3.0173766e-04
-8.5322664e-04
-1.3633434e-03
-1.4594434e-03
-1.4651656e-03
-1.4870464e-03
-1.5300419e-03
-1.2034570e-03
-6.3971342e-04
6.3878710e-05
6.3985871e-04
1.1487217e-03
1.5713127e-03
1.6808795e-03
1.5868475e-03
1.5209223e-03
1.6439622e-03
1.8063675e-03
1.8997948e-03
1.8058997e-03
1.3441990e-03
9.2394262e-04
6.5268501e-04
5.8420670e-04
4.7291407e-04
2.2661745e-04
-2.2409760e-05
7.5262489e-05
6.3430374e-04
1.3951480e-03
2.0677789e-03
2.4968996e-03
2.5653389e-03
2.2430345e-03
1.2293068e-03
-9.0426071e-05
-1.1274055e-03
-1.6433679e-03
-1.4101578e-03
-1.0317895e-03
-6.6504199e-04
-3.5253266e-04
-2.3340924e-04
-5.1639882e-04
-1.2633722e-03
-1.8831237e-03
-2.1611839e-03
-2.0770746e-03
-1.7132187e-03
-1.0952143e-03
-5.7996264e-04
-1.7539763e-04
1.3499750e-05
-9.8426196e-05
-4.4065410e-04
-8.8270030e-04
-1.1171705e-03
-1.2380833e-03
-1.1900133e-03
-1.1603069e-03
-9.0074313e-04
-3.2230756e-04
1.7136408e-04
5.9004903e-04
8.7705425e-04
1.1092174e-03
1.4549131e-03
1.8305687e-03
2.2576973e-03
2.4237184e-03
2.3799016e-03
2.1389983e-03
1.4576883e-03
5.8177594e-04
-9.8845477e-05
-4.4376731e-04
-7.0328207e-04
-1.0274510e-03
-1.5852673e-03
-1.8378392e-03
-1.5826394e-03
-1.5001522e-03
-1.8719286e-03
-2.1543636e-03
-2.1035105e-03
-1.5806393e-03
-1.1154749e-03
-1.1383938e-03
-1.5788155e-03
-1.5706350e-03
-9.8251972e-04
-1.6503304e-04
1.5606553e-04
-5.6543026e-05
-4.0079816e-04
-4.8766849e-04
-6.2282614e-05
6.8378046e-04
1.3637024e-03
1.7875179e-03
1.9650666e-03
1.9508421e-03
1.8628863e-03
1.8385397e-03
1.8302802e-03
1.8838002e-03
1.8710466e-03
1.6096795e-03
1.0940580e-03
5.8301620e-04
-8.5424385e-05
-1.0548190e-03
-2.1126613e-03
-2.9498289e-03
-3.2456238e-03
-2.9916377e-03
-2.4436119e-03
-1.5633683e-03
-3.3775768e-04
9.8630266e-04
1.8183241e-03
2.0049661e-03
1.6207759e-03
1.2023513e-03
1.0491621e-03
1.0706969e-03
1.0130425e-03
8.7127437e-04
7.0352886e-04
6.8166534e-04
6.4523093e-04
4.1837779e-04
-8.1036957e-05
-8.2987309e-04
-1.6649824e-03
-2.2929627e-03
-2.7906471e-03
-3.0528206e-03
-2.9483806e-03
-2.6581177e-03
-2.1440646e-03
-1.7312151e-03
-1.5513930e-03
-1.4720438e-03
-1.1334514e-03
-5.6760296e-04
-5.9879610e-05
1.1457458e-04
4.7923204e-05
-7.0163239e-06
3.6655667e-04
8.2055774e-04
1.0219174e-03
1.1132771e-03
1.1023340e-03
1.2968648e-03
1.6245241e-03
1.5399455e-03
9.7116015e-04
5.0784051e-04
6.4727227e-04
1.2902124e-03
1.6032780e-03
1.3014079e-03
5.4446496e-04
-1.3235700e-04
-3.1968415e-04
-2.1224362e-04
-1.4870652e-04
-3.0819560e-04
-6.3353150e-04
-8.7078218e-04
-1.0602535e-03
-1.3640894e-03
-1.6451062e-03
-1.8013746e-03
-1.6534885e-03
-1.2534861e-03
-8.1455135e-04
-3.7417633e-04
3.5936928e-04
1.3704314e-03
2.3622836e-03
2.9072577e-03
3.0207887e-03
3.0575041e-03
3.1886051e-03
3.2260083e-03
3.1932928e-03
3.1748285e-03
3.0257112e-03
2.6774222e-03
1.9950749e-03
9.6830750e-04
-9.9060157e-06
-5.0910872e-04
-2.4601512e-04
4.5994292e-04
9.0441635e-04
4.7909144e-04
-5.2073334e-04
-1.4013302e-03
-1.5933673e-03
-1.5889279e-03
-1.4995751e-03
-1.3060494e-03
-9.2072339e-04
-3.8208485e-04
-1.1554500e-04
-3.8739128e-04
-7.7746546e-04
-9.4304327e-04
-9.4845055e-04
-1.0544426e-03
-1.2282280e-03
-1.2595026e-03
-1.1689328e-03
-1.0718612e-03
-1.2773578e-03
-1.5375906e-03
-1.6538010e-03
-1.4267122e-03
-8.5720490e-04
-3.9002956e-04
5.4623931e-05
6.4560492e-04
1.1289546e-03
1.1945679e-03
1.0419855e-03
6.9854253e-04
2.5117775e-04
-1.9081775e-04
-5.0933360e-04
-3.9580795e-04
3.5877035e-04
1.3501150e-03
1.9883968e-03
1.9168908e-03
1.4206261e-03
9.1984711e-04
5.9847680e-04
1.2699621e-04
-6.0175204e-04
-1.1477015e-03
-1.3715080e-03
-1.2457665e-03
-1.3725232e-03
-1.6270747e-03
-1.7923386e-03
-1.6265989e-03
-1.0038757e-03
-3.0187571e-04
3.3233426e-04
7.6200276e-04
1.3280908e-03
2.0016032e-03
2.2686361e-03
2.2391273e-03
1.9809060e-03
1.5743990e-03
1.0658276e-03
6.1040342e-04
-1.0070594e-04
-6.7280012e-04
-9.5536980e-04
-9.5498375e-04
-9.9051881e-04
-1.1580425e-03
-1.5222660e-03
-1.9469236e-03
-2.1458091e-03
-1.9908115e-03
-1.5726876e-03
-1.2510918e-03
-1.1854424e-03
-1.3356043e-03
-1.2219061e-03
-8.7517407e-04
-4.7334999e-04
-4.6064839e-04
-5.7539783e-04
-5.3069948e-04
-4.6698853e-04
-3.1762409e-04
-2.6592994e-04
1.0966840e-05
4.6258627e-04
7.8999162e-04
1.0698542e-03
1.3408572e-03
1.5090303e-03
1.7411387e-03
1.7530794e-03
1.4403682e-03
9.0300547e-04
3.3393231e-04
4.5030982e-05
-5.9789316e-05
-1.3906309e-04
-2.4033973e-04
-3.4089311e-04
-4.1091931e-04
-1.4704382e-04
2.9642710e-04
1.0630189e-03
1.7277541e-03
2.2823746e-03
2.6249113e-03
2.9606219e-03
3.2230998e-03
3.1818512e-03
2.7778139e-03
2.2261965e-03
1.7888080e-03
1.7321173e-03
1.8822537e-03
1.8747156e-03
1.6016528e-03
1.0190508e-03
3.6916512e-04
-1.8468332e-04
-7.3154640e-04
-1.2116527e-03
-1.5812522e-03
-2.1478115e-03
-2.7342752e-03
-3.3121111e-03
-3.6826978e-03
-3.6754546e-03
-3.6166535e-03
-3.6454725e-03
-3.5538749e-03
-3.3223606e-03
-3.1635539e-03
-3.0068686e-03
-2.9881232e-03
-2.9150325e-03
-2.5331443e-03
-1.8344416e-03
-9.9524338e-04
-3.0401958e-04
9.9375139e-05
2.2581043e-04
2.8121332e-04
9.9556528e-05
-7.3539179e-05
-1.1003650e-04
-1.0406940e-04
3.3883448e-06
2.9381879e-04
6.7262450e-04
1.0908322e-03
1.3132695e-03
1.3678841e-03
1.4307736e-03
1.6050871e-03
1.8561176e-03
2.0436527e-03
2.3444373e-03
2.7498572e-03
2.9965541e-03
2.8564361e-03
2.5114765e-03
1.9755028e-03
1.4659814e-03
1.2008650e-03
9.9375694e-04
6.7787103e-04
4.4704607e-05
-5.3701034e-04
-6.7107813e-04
-3.8162578e-04
-7.7558495e-05
-3.9992022e-04
-1.2674202e-03
-1.9437433e-03
-2.1421311e-03
-2.1598696e-03
-2.3248952e-03
-2.4287577e-03
-2.1263624e-03
-1.5687617e-03
-9.7651688e-04
-7.5083194e-04
-9.5561721e-04
-1.3229771e-03
-1.6168949e-03
-1.6670128e-03
-1.5334168e-03
-1.1492748e-03
-4.9264020e-04
5.0084730e-04
1.3648811e-03
1.8761003e-03
1.8268427e-03
1.4942923e-03
1.2006778e-03
1.1192009e-03
1.1173285e-03
1.3319494e-03
1.5636915e-03
1.7290942e-03
1.8006035e-03
1.8086620e-03
1.7637233e-03
1.6895061e-03
1.2936506e-03
6.8427101e-04
3.0207632e-04
2.7600815e-04
6.2097818e-04
8.3807038e-04
8.0963867e-04
7.0469121e-04
7.8637716e-04
9.0044341e-04
8.3500546e-04
8.0177770e-04
8.7772430e-04
1.1467354e-03
1.4038920e-03
1.3393016e-03
9.4867747e-04
5.3868366e-04
8.9442026e-05
-2.1817582e-04
-3.8563508e-04
-5.0247161e-04
-5.2478085e-04
-7.3460304e-04
-1.0465998e-03
-1.4209544e-03
-1.7158218e-03
-1.7449972e-03
-1.4131939e-03
-1.0386946e-03
-6.7050267e-04
-4.6159236e-04
-2.8478351e-04
-2.2040635e-04
-3.2034270e-04
-3.0847184e-04
-9.6286080e-05
1.2666840e-04
3.5056315e-04
4.6141970e-04
4.6039847e-04
6.7497633e-04
9.2471838e-04
1.1683258e-03
1.0893882e-03
6.3115972e-04
-7.9842271e-05
-8.1464139e-04
-1.7101211e-03
-2.5833430e-03
-3.0436695e-03
-3.2019099e-03
-3.0047811e-03
-2.8083023e-03
-2.6961107e-03
-2.4724763e-03
-2.0370790e-03
-1.2575924e-03
-4.3935453e-04
1.1398608e-04
3.6969063e-04
4.3691107e-04
4.5692003e-04
4.0374834e-04
