0.01
-2.4426989e-04
-7.9357255e-04
-5.1982581e-04
2.8313711e-04
3.0256935e-04
-4.3957496e-04
-9.1191312e-04
-9.5972867e-04
-5.4533197e-04
7.2369542e-05
9.0289013e-04
2.1380098e-03
1.7162833e-03
-4.4654542e-04
-6.1955779e-04
7.2753561e-04
1.2852947e-03
1.0954904e-03
3.0389698e-04
-5.1428679e-04
-1.4192235e-03
-1.8684939e-03
1.3795665e-04
2.7255347e-03
1.0023885e-03
-1.4405312e-03
-6.8498216e-04
4.5433625e-04
9.7588679e-05
-1.4012466e-04
-2.4061974e-04
-9.6431642e-04
-1.8095996e-03
-2.1523412e-03
-1.7584449e-03
-1.4604889e-03
-1.3910956e-03
-1.5669298e-03
-3.3685601e-03
-4.2432436e-03
-1.8661434e-03
5.0243853e-04
1.3400040e-03
1.1644164e-03
1.2365280e-03
3.8421139e-03
6.9940697e-03
7.6277773e-03
6.7451412e-03
6.4441464e-03
5.0241699e-03
2.3000171e-03
1.0314077e-03
3.5711493e-04
-1.4223213e-03
-3.4107490e-03
-4.6841947e-03
-4.8742710e-03
-4.0850594e-03
-3.8214638e-03
-4.4759116e-03
-5.0272385e-03
-4.6570528e-03
-3.2814063e-03
-1.9373409e-03
8.0236162e-04
4.1020312e-03
4.4258082e-03
3.1903923e-03
2.7326462e-03
3.2580354e-03
3.6440944e-03
2.9827992e-03
1.0809585e-03
-8.8788233e-04
-2.1601499e-03
-3.4746403e-03
-5.0578918e-03
-5.9697841e-03
-4.6089460e-03
-2.2213669e-03
-1.1319355e-03
-7.3758058e-04
4.6182873e-04
3.7867954e-03
7.1041047e-03
6.5311499e-03
3.0914220e-03
4.5767400e-05
-1.2814565e-03
-1.1082962e-03
-6.8857042e-04
-1.3665751e-03
-3.1585889e-03
-4.2432380e-03
-2.6885671e-03
3.7724700e-04
2.5543965e-03
3.2499273e-03
3.8953916e-03
4.1436031e-03
3.2729675e-03
1.7688597e-03
-6.0769246e-05
-1.7198960e-03
-1.8163408e-03
-5.6405398e-04
-5.7209658e-04
-1.1700267e-03
-1.3620540e-03
-2.4826336e-03
-4.8589463e-03
-7.0948291e-03
-6.7599601e-03
-3.8431558e-03
-9.8092081e-04
8.6416125e-04
2.0622255e-03
3.1918380e-03
4.4812141e-03
5.4091199e-03
5.4887180e-03
4.8339475e-03
3.8774553e-03
3.7047912e-03
4.7577376e-03
5.4686383e-03
4.3535940e-03
2.1698375e-03
3.2295785e-04
-1.9731724e-03
-3.5898253e-03
-3.4855041e-03
-4.0262516e-03
-6.2689634e-03
-8.4985374e-03
-8.6141795e-03
-6.3555109e-03
-3.0288496e-03
4.5489980e-04
3.4687844e-03
5.4395215e-03
6.3316128e-03
5.9054744e-03
3.8904195e-03
1.4363297e-03
3.3269961e-04
8.7581537e-05
-7.5827836e-04
-2.2831674e-03
-3.0553889e-03
-2.7704276e-03
-1.6591214e-03
-3.7533779e-04
8.3223734e-04
2.2130629e-03
3.0017532e-03
2.6556407e-03
1.7071224e-03
2.4911870e-04
-1.7521824e-03
-3.8161844e-03
-4.8322582e-03
-5.0444381e-03
-4.6331486e-03
-3.5635859e-03
-1.9030170e-03
-1.1977283e-04
8.1112628e-04
1.3011109e-03
2.5810239e-03
4.4028602e-03
5.6037051e-03
4.4518353e-03
1.3171187e-03
-1.4445389e-03
-3.4740240e-03
-4.6921016e-03
-4.4106613e-03
-2.2239077e-03
9.6382892e-04
3.2449354e-03
4.3322258e-03
4.5035780e-03
4.2605768e-03
4.2669351e-03
3.1916827e-03
6.4794321e-04
-2.1638914e-03
-4.5833756e-03
-6.1585901e-03
-6.3772666e-03
-5.3374526e-03
-3.5106306e-03
-9.9913021e-04
1.7310685e-03
4.0420660e-03
5.9456307e-03
7.2384273e-03
7.0351340e-03
5.2410374e-03
3.2017423e-03
2.5931988e-03
2.3053624e-03
6.6497711e-04
-1.9936784e-03
-3.7683192e-03
-3.7204772e-03
-3.3140091e-03
-3.8149491e-03
-4.7438871e-03
-4.9416710e-03
-3.2534384e-03
-1.5208093e-03
-1.3730516e-03
-6.3858766e-04
1.7175519e-03
3.4287577e-03
2.5909196e-03
9.0952437e-04
1.0520800e-03
1.5471906e-03
-9.2849178e-04
-5.0117618e-03
-7.0304349e-03
-4.5221132e-03
1.0646487e-03
5.9287649e-03
7.7230206e-03
6.1283211e-03
2.9666002e-03
6.1488703e-05
-2.0808072e-03
-2.4633992e-03
-8.8833267e-04
1.0373933e-03
1.6161090e-03
6.0757903e-04
-3.9953511e-04
2.8209500e-04
1.9314331e-03
2.7629114e-03
2.1099869e-03
1.0673623e-03
-2.2446050e-04
-2.8134193e-03
-6.0572038e-03
-7.8287667e-03
-7.0161429e-03
-4.9587592e-03
-3.5363785e-03
-2.9799695e-03
-2.2601404e-03
-7.6141992e-04
1.5463681e-03
3.8545472e-03
5.2549427e-03
5.5358893e-03
4.4668313e-03
1.8349846e-03
-1.0033652e-03
-1.8693295e-03
-4.7933534e-04
1.5548110e-03
2.7001980e-03
2.8192343e-03
1.9845811e-03
1.0634442e-03
1.6178907e-03
3.7498556e-03
5.8627578e-03
5.9608814e-03
3.9272347e-03
1.1252317e-03
-1.7024463e-03
-4.5584669e-03
-6.9752446e-03
-7.6997879e-03
-6.4041541e-03
-4.8444600e-03
-4.8928634e-03
-5.9135453e-03
-6.1626772e-03
-5.0820078e-03
-2.5050096e-03
2.1449793e-03
8.7382489e-03
1.6165527e-02
2.2201131e-02
2.4379585e-02
2.0839691e-02
1.0885689e-02
-3.5813290e-03
-1.8837723e-02
-3.0819579e-02
-3.7326689e-02
-3.9114801e-02
-3.8342700e-02
-3.5480962e-02
-2.9632598e-02
-1.9579181e-02
-5.6396727e-03
1.0142895e-02
2.4195191e-02
3.3914874e-02
3.8388401e-02
3.8146202e-02
3.4093554e-02
2.6109580e-02
1.4753957e-02
3.3280935e-03
-3.8666817e-03
-4.3505768e-03
1.3430484e-03
1.0370714e-02
1.9554021e-02
2.5698943e-02
2.5488520e-02
1.7197746e-02
-1.2300106e-03
-2.7690338e-02
-5.3978823e-02
-6.7990766e-02
-6.2462257e-02
-4.1455765e-02
-1.3769298e-02
9.8310682e-03
2.1569378e-02
2.0428876e-02
1.2258868e-02
7.5904237e-03
1.3136310e-02
2.8799699e-02
4.5306831e-02
5.1394481e-02
4.4336827e-02
2.9892226e-02
1.7288713e-02
1.2019184e-02
1.4442678e-02
2.4634411e-02
3.8681472e-02
4.9489101e-02
5.0982341e-02
3.7854348e-02
7.5501501e-03
-3.6902803e-02
-8.1104917e-02
-1.0976107e-01
-1.1781688e-01
-1.1185164e-01
-1.0162501e-01
-9.2422655e-02
-8.6389027e-02
-7.8203179e-02
-5.7428507e-02
-1.7785332e-02
3.4640610e-02
7.9293347e-02
9.9923635e-02
9.6627976e-02
7.8209547e-02
5.6505735e-02
3.8911999e-02
2.5126759e-02
1.2087921e-02
2.2290784e-03
4.0983285e-04
6.4958271e-03
1.4882011e-02
2.1173616e-02
2.4600123e-02
2.4342982e-02
1.8075492e-02
5.8381776e-03
-9.6876036e-03
-2.3136366e-02
-2.9969432e-02
-2.9104016e-02
-2.2347931e-02
-1.4424336e-02
-9.1278340e-03
-8.4514208e-03
-1.1661187e-02
-1.6394369e-02
-1.9695029e-02
-1.8970992e-02
-1.5316014e-02
-1.2149867e-02
-9.1480954e-03
-3.7552869e-03
4.6949744e-03
1.3203436e-02
1.9468259e-02
2.2624697e-02
2.2493172e-02
2.0052104e-02
1.5840231e-02
1.1278135e-02
7.8955460e-03
5.3159791e-03
2.2232691e-03
-2.2045846e-03
-8.0344126e-03
-1.3593890e-02
-1.5889003e-02
-1.2680318e-02
-5.0005975e-03
3.9145636e-03
1.1190066e-02
1.5555365e-02
1.7747251e-02
1.9156660e-02
1.9184532e-02
1.6036614e-02
9.1110809e-03
-9.2833085e-04
-1.1099295e-02
-1.7815592e-02
-1.9270286e-02
-1.6261576e-02
-1.0567595e-02
-4.8885808e-03
-3.4582437e-03
-6.6991154e-03
-1.1249371e-02
-1.4364389e-02
-1.4472611e-02
-1.1303645e-02
-6.4139090e-03
-7.6301892e-04
4.6513296e-03
9.9942750e-03
1.5502287e-02
2.0620029e-02
2.4186873e-02
2.4025866e-02
1.9188257e-02
1.0240263e-02
-1.5808099e-03
-1.4399636e-02
-2.4645105e-02
-2.9504154e-02
-2.8035689e-02
-2.1446449e-02
-1.2123805e-02
-2.8559242e-03
4.1217680e-03
8.0639232e-03
8.9195422e-03
7.2854001e-03
4.7878055e-03
3.5344670e-03
4.8983831e-03
8.0716736e-03
1.1742071e-02
1.4077780e-02
1.3700157e-02
1.0344243e-02
4.5688896e-03
-2.4222007e-03
-9.4898486e-03
-1.5773860e-02
-2.0807031e-02
-2.3767478e-02
-2.4086395e-02
-2.1504060e-02
-1.5962996e-02
-8.0981986e-03
1.6494043e-03
1.1709997e-02
1.9464568e-02
2.2811684e-02
2.1196239e-02
1.6090731e-02
9.9669069e-03
5.1400610e-03
2.9347623e-03
3.4799671e-03
5.2428988e-03
6.5135687e-03
6.2141497e-03
4.3604448e-03
1.3858622e-03
-2.1203896e-03
-5.2360707e-03
-7.2347228e-03
-8.1902693e-03
-8.1708057e-03
-7.1118295e-03
-5.4648285e-03
-3.8613069e-03
-2.7351128e-03
-1.9439537e-03
-1.0199812e-03
-3.6114427e-04
2.4931665e-04
1.0292133e-03
2.0164520e-03
3.4689005e-03
5.6681787e-03
8.6299570e-03
1.1626431e-02
1.3788261e-02
1.4543067e-02
1.3122692e-02
9.6347409e-03
5.1869712e-03
1.0665821e-03
-2.1127462e-03
-4.7377625e-03
-7.4657310e-03
-1.0589053e-02
-1.3589190e-02
-1.5486435e-02
-1.5385974e-02
-1.3168572e-02
-9.0463702e-03
-4.2991219e-03
-3.3922064e-04
1.6567164e-03
8.9677219e-04
-2.1494868e-03
-6.1995231e-03
-1.0111884e-02
-1.2468392e-02
-1.2400768e-02
-1.0037249e-02
-5.9357121e-03
-9.8079067e-04
4.0348451e-03
8.1813498e-03
1.0822054e-02
1.1745484e-02
1.1435402e-02
1.0460291e-02
9.0791361e-03
7.5077913e-03
6.2648577e-03
5.8141312e-03
5.9585987e-03
5.8916073e-03
5.0114058e-03
3.1324990e-03
6.6037159e-04
-1.4711612e-03
-2.5822513e-03
-2.8119108e-03
-2.7444198e-03
-2.7357667e-03
-2.8921614e-03
-2.8023526e-03
-1.9207476e-03
-2.4651165e-04
1.5028956e-03
2.6323835e-03
2.9115839e-03
2.1499458e-03
4.6445781e-04
-1.8748027e-03
-3.8704613e-03
-4.7815565e-03
-4.6791649e-03
-4.5227530e-03
-5.0639110e-03
-6.1851549e-03
-7.0797209e-03
-6.6800501e-03
-4.3330150e-03
-5.4222445e-04
3.1968839e-03
5.5790016e-03
6.3494698e-03
6.0239427e-03
5.0868013e-03
3.8613054e-03
2.7850943e-03
1.9458767e-03
1.2889948e-03
8.7968709e-04
1.0052618e-03
1.7793159e-03
3.0518150e-03
4.4596106e-03
5.5556821e-03
5.9577324e-03
5.3848927e-03
3.6599256e-03
7.6977125e-04
-2.9057083e-03
-6.7637514e-03
-1.0083141e-02
-1.2085241e-02
-1.2196021e-02
-1.0173375e-02
-6.2175052e-03
-9.2496149e-04
4.8214496e-03
9.7741419e-03
1.2603681e-02
1.2544738e-02
1.0044703e-02
5.9975893e-03
1.6313278e-03
-1.9900219e-03
-4.3134724e-03
-5.3207393e-03
-5.2022749e-03
-3.9461456e-03
-1.8807282e-03
2.9870473e-04
1.6058454e-03
1.4395723e-03
-1.4905371e-04
-2.5473530e-03
-4.8682872e-03
-6.4684326e-03
-7.0674440e-03
-6.8970590e-03
-6.4088205e-03
-5.8989023e-03
-5.4267025e-03
-4.8314028e-03
-3.7779107e-03
-2.2779358e-03
-5.4021337e-04
1.2013089e-03
2.7811068e-03
4.0739418e-03
4.9650001e-03
5.5369144e-03
5.8383627e-03
5.8438816e-03
5.3993353e-03
4.3952895e-03
2.9423960e-03
1.2623531e-03
-1.7011389e-04
-1.0781090e-03
-1.2455251e-03
-7.3102421e-04
2.6680797e-04
1.5184481e-03
2.8804884e-03
4.2901909e-03
5.5811358e-03
6.2844845e-03
5.9091127e-03
4.3435299e-03
2.1328995e-03
-2.0134398e-04
-2.1959303e-03
-3.6763770e-03
-4.5995053e-03
-5.1668212e-03
-5.3987857e-03
-5.2941193e-03
-4.9163346e-03
-4.6137123e-03
-4.5924358e-03
-4.5573524e-03
-4.2788349e-03
-3.5368983e-03
-2.3925173e-03
-9.4118764e-04
5.3754508e-04
1.8209745e-03
2.8526811e-03
3.5293874e-03
3.6452178e-03
3.4699751e-03
3.2216790e-03
2.8122526e-03
2.3712354e-03
2.0045562e-03
1.7921328e-03
1.6034554e-03
1.3111998e-03
8.4805576e-04
1.6200694e-04
-7.2718243e-04
-1.5292753e-03
-1.8436184e-03
-1.3647599e-03
-3.7777942e-04
6.1117433e-04
1.2629929e-03
1.6606164e-03
2.0211587e-03
2.4165447e-03
2.9791370e-03
3.5594248e-03
3.8722059e-03
3.7830323e-03
3.0643899e-03
1.8882531e-03
3.9256513e-04
-1.2135154e-03
-2.7818388e-03
-4.0961028e-03
-4.8495713e-03
-4.8255241e-03
-4.4013865e-03
-3.7693117e-03
-3.1387316e-03
-2.6012662e-03
-2.3428060e-03
-2.5072703e-03
-3.0944074e-03
-4.0089370e-03
-4.8760403e-03
-5.0905259e-03
-4.2525972e-03
-2.3282193e-03
3.3828498e-04
3.0331964e-03
5.1194323e-03
6.2125901e-03
6.5048198e-03
6.3016974e-03
5.8093678e-03
5.0335766e-03
3.9778639e-03
2.8246306e-03
1.6150890e-03
2.8558546e-04
-1.2010780e-03
-2.6057043e-03
-3.8317366e-03
-4.7303109e-03
-5.1311462e-03
-4.8119549e-03
-3.7538668e-03
-1.8884564e-03
4.4938295e-04
2.5806185e-03
3.9633864e-03
4.4201362e-03
4.1546430e-03
3.1930065e-03
1.8417334e-03
5.7888052e-04
-9.5764525e-05
-4.9979245e-05
4.8294222e-04
1.0477175e-03
1.3496418e-03
1.2396401e-03
9.0274106e-04
5.3188939e-04
1.5040764e-04
-2.8518106e-04
-8.6845325e-04
-1.4868895e-03
-1.9610316e-03
-2.3145028e-03
-2.7484559e-03
-3.4377571e-03
-4.1009799e-03
-4.5848376e-03
-4.9511098e-03
-5.4315562e-03
-6.0557399e-03
-6.3442149e-03
-5.9499982e-03
-4.7479935e-03
-2.8263200e-03
-4.5824687e-04
1.9286362e-03
4.0470192e-03
5.7545061e-03
7.0885003e-03
7.9747931e-03
8.4308954e-03
8.4889638e-03
8.0543272e-03
7.2527074e-03
6.2782126e-03
5.3478248e-03
4.5669769e-03
3.8070291e-03
2.9030871e-03
1.7718815e-03
3.5238791e-04
-1.0990711e-03
-2.1555430e-03
-2.6070288e-03
-2.7860071e-03
-3.1814910e-03
-3.8498274e-03
-4.6620886e-03
-5.3878028e-03
-6.0724674e-03
-6.5564406e-03
-6.6645288e-03
-6.2191857e-03
-5.2733623e-03
-3.7244238e-03
-1.5829606e-03
1.0875367e-03
3.8845984e-03
6.1183498e-03
7.1256824e-03
6.5790146e-03
4.8746799e-03
2.5101625e-03
7.4595130e-05
-1.9212265e-03
-3.0606403e-03
-3.2736233e-03
-2.7739457e-03
-1.6683430e-03
-1.7449956e-04
1.4021132e-03
2.7007576e-03
3.4473100e-03
3.5873752e-03
3.3491730e-03
2.9102396e-03
2.4520735e-03
1.8886049e-03
1.2333738e-03
4.4296553e-04
-5.6354589e-04
-1.6091326e-03
-2.5738488e-03
-3.4022234e-03
-4.1431870e-03
-4.8213565e-03
-5.2288234e-03
-5.0472931e-03
-4.2880817e-03
-3.1473204e-03
-1.9239452e-03
-8.0958888e-04
1.0625195e-04
7.5907951e-04
1.1122419e-03
1.1635776e-03
1.2200767e-03
1.5156799e-03
1.9838432e-03
2.3989220e-03
2.5837388e-03
2.5718615e-03
2.4637893e-03
2.4207038e-03
2.3076419e-03
1.9636574e-03
1.3276880e-03
4.3393259e-04
-4.6946836e-04
-1.2952003e-03
-1.9910924e-03
-2.4173790e-03
-2.4062950e-03
-1.9377402e-03
-1.1309074e-03
-1.1217332e-04
7.5502963e-04
1.3263844e-03
1.5830611e-03
1.4677766e-03
1.2200754e-03
9.4989278e-04
7.2141219e-04
2.5819281e-04
-4.0302818e-04
-1.1700212e-03
-1.9762508e-03
-2.7908473e-03
-3.5851699e-03
-4.2545119e-03
-4.6046531e-03
-4.5220279e-03
-3.8866764e-03
-2.6601269e-03
-8.6651249e-04
1.3451523e-03
3.5918225e-03
5.5982209e-03
7.0965203e-03
7.8275422e-03
7.8267814e-03
7.1905847e-03
6.2036959e-03
4.9606071e-03
3.3951095e-03
1.4483654e-03
-8.5515689e-04
-3.2161515e-03
-5.3060918e-03
-6.8263944e-03
-7.6958452e-03
-7.9304815e-03
-7.7548963e-03
-7.4501022e-03
-7.0761090e-03
-6.5836611e-03
-5.8250624e-03
-4.5944137e-03
-2.8467648e-03
-5.5417282e-04
2.0697078e-03
4.8476301e-03
7.4336110e-03
9.3905913e-03
1.0475362e-02
1.0355727e-02
9.2276254e-03
7.3725680e-03
5.2193869e-03
2.9762628e-03
8.0527935e-04
-1.2130692e-03
-2.9511224e-03
-4.3226414e-03
-5.2910164e-03
-5.8411116e-03
-6.0710310e-03
-6.2148343e-03
-6.2054184e-03
-6.0420111e-03
-5.5711309e-03
-4.7457470e-03
-3.5872676e-03
-2.1770036e-03
-5.7720872e-04
1.0583050e-03
2.7140616e-03
4.2712980e-03
5.5768525e-03
6.3091382e-03
6.3188244e-03
5.6617964e-03
4.6738253e-03
3.7541502e-03
3.0156522e-03
2.4439660e-03
1.9075683e-03
1.2921870e-03
6.5694722e-04
8.4795996e-05
-3.7441944e-04
-7.7987942e-04
-1.1894932e-03
-1.5122201e-03
-1.5772642e-03
-1.2946438e-03
-6.9365796e-04
2.1622865e-05
4.5357340e-04
5.9190966e-04
5.5135687e-04
4.8340822e-04
3.6992839e-04
9.3799754e-05
-4.2128747e-04
-1.0294479e-03
-1.5873135e-03
-1.8525956e-03
-1.8032601e-03
-1.4429504e-03
-9.4502412e-04
-5.4461195e-04
-3.2167767e-04
-2.6150128e-04
-3.8733067e-04
-3.8979077e-04
-1.3260131e-04
3.3636690e-04
9.0043708e-04
1.5172202e-03
2.2668364e-03
3.0242777e-03
3.4849368e-03
3.5730469e-03
3.4220408e-03
3.1872310e-03
2.8585935e-03
2.3914964e-03
1.6976543e-03
8.6631559e-04
-8.3338870e-05
-1.2383731e-03
-2.4935437e-03
-3.5750041e-03
-4.4159796e-03
-4.9429920e-03
-5.0441159e-03
-4.6629879e-03
-3.8834294e-03
-3.0132905e-03
-2.2921856e-03
-1.7615290e-03
-1.4077949e-03
-1.0674137e-03
-4.2955002e-04
4.4040259e-04
1.4100693e-03
2.2011674e-03
2.6545128e-03
2.6461919e-03
2.0248742e-03
9.7406456e-04
-2.1493082e-04
-1.3728531e-03
-2.2822373e-03
-2.8568825e-03
-3.1395545e-03
-3.3603808e-03
-3.6074891e-03
-3.6823282e-03
-3.3124877e-03
-2.4931159e-03
-1.3880164e-03
-1.7076979e-04
8.7582254e-04
1.7669699e-03
2.3930660e-03
2.8384117e-03
3.0849210e-03
3.0778089e-03
2.7585415e-03
2.1123858e-03
1.3064702e-03
4.8056139e-04
-8.8959391e-05
-3.1076585e-04
-2.3366156e-04
-2.6962320e-05
2.2060111e-04
5.3095311e-04
1.0569054e-03
1.6945408e-03
2.2788475e-03
2.4868630e-03
2.1676402e-03
1.5176028e-03
8.8147284e-04
4.1370447e-04
2.1165018e-05
-4.1741905e-04
-7.8586064e-04
-1.0485608e-03
-1.0868360e-03
-9.2478289e-04
-5.8408861e-04
-4.7532059e-05
6.3065612e-04
1.3593580e-03
2.0904276e-03
2.5944406e-03
2.8104740e-03
2.7112526e-03
2.3628487e-03
1.8726396e-03
1.2253652e-03
4.3334567e-04
-4.6570502e-04
-1.2215831e-03
-1.7807235e-03
-2.1800259e-03
-2.6322288e-03
-3.3032921e-03
-4.1264302e-03
-5.0083757e-03
-5.5675513e-03
-5.5001402e-03
-4.7025223e-03
-3.3857371e-03
-1.8649793e-03
-4.9162945e-04
7.5251612e-04
1.8518856e-03
2.8932189e-03
3.9029043e-03
4.7522018e-03
5.4209376e-03
5.7337261e-03
5.7613751e-03
5.3795473e-03
4.7363714e-03
3.9404815e-03
3.1596034e-03
2.4783353e-03
1.8406752e-03
1.1419648e-03
1.6425344e-04
-1.0800902e-03
-2.3916204e-03
-3.6497104e-03
-4.8087395e-03
-5.8608921e-03
-6.6222613e-03
-7.0103649e-03
-6.9612387e-03
-6.4248822e-03
-5.4877250e-03
-4.3028746e-03
-3.0750144e-03
-2.0328267e-03
-1.1813790e-03
-4.0623998e-04
3.7122339e-04
1.1397789e-03
1.8237680e-03
2.3156605e-03
2.5024283e-03
2.4342205e-03
2.2652410e-03
2.0115151e-03
1.6938044e-03
1.2502395e-03
7.5211747e-04
3.6539177e-04
9.6545831e-05
3.1337943e-05
1.5583660e-04
4.8532527e-04
9.1422701e-04
1.4160078e-03
1.8030602e-03
2.1860376e-03
2.5252345e-03
2.9142298e-03
3.2848138e-03
3.5332205e-03
3.5270235e-03
3.1855760e-03
2.5733901e-03
1.8587409e-03
1.2090808e-03
7.3561529e-04
4.3996311e-04
2.2118541e-04
-6.8620091e-05
-5.0977076e-04
-1.0243013e-03
-1.5070483e-03
-1.9658452e-03
-2.3284885e-03
-2.5828227e-03
-2.7476303e-03
-2.8295768e-03
-2.7981187e-03
-2.7702479e-03
-2.7770725e-03
-2.7305925e-03
-2.4127811e-03
-1.8232550e-03
-1.0110197e-03
-2.8673735e-04
3.3022898e-04
8.2013368e-04
1.1331229e-03
1.2261229e-03
1.1495526e-03
8.8491613e-04
4.3313406e-04
6.5718289e-05
-1.4390334e-04
-1.1944916e-04
2.1315921e-06
5.0466950e-05
-7.4688345e-05
-3.2521090e-04
-5.8532432e-04
-6.8485009e-04
-5.5722977e-04
-3.6608128e-04
-3.0270059e-04
-3.9385467e-04
-5.9576326e-04
-8.0623405e-04
-8.9634718e-04
-8.2138073e-04
-5.4100501e-04
-1.7009065e-04
2.2817242e-04
6.0159358e-04
9.9071831e-04
1.4673372e-03
2.1417485e-03
2.8444039e-03
3.4301449e-03
3.6513060e-03
3.4569540e-03
2.7973270e-03
1.7626217e-03
7.3657630e-04
-2.0589584e-04
-8.7179466e-04
-1.1909509e-03
-1.1970978e-03
-9.0502687e-04
-6.7101432e-04
-6.0489085e-04
-6.6147718e-04
-7.1265710e-04
-7.4645261e-04
-7.8707580e-04
-8.2349469e-04
-8.0625575e-04
-8.1801671e-04
-8.3665442e-04
-8.1089238e-04
-6.6231363e-04
-3.2846470e-04
7.9392398e-05
3.9352612e-04
4.4155061e-04
1.9748448e-04
-2.3996353e-04
-6.6617814e-04
-8.6689660e-04
-8.5842525e-04
-6.9950502e-04
-5.4040854e-04
-4.7611875e-04
-4.4581232e-04
-3.1880376e-04
4.6859267e-05
6.3107840e-04
1.1516146e-03
1.5157801e-03
1.6083851e-03
1.5050044e-03
1.2596531e-03
8.2830969e-04
2.7004416e-04
-3.5844675e-04
-9.0330669e-04
-1.3301139e-03
-1.6041468e-03
-1.5999713e-03
-1.3920210e-03
-1.0506844e-03
-6.9362450e-04
-3.7886506e-04
-1.4393895e-04
3.0480588e-05
1.4479089e-04
1.3694434e-04
-2.8116386e-05
-4.3367316e-04
-8.8340178e-04
-1.2189966e-03
-1.2255149e-03
-8.7971235e-04
-3.9287531e-04
1.5234186e-04
6.0695054e-04
9.4103591e-04
1.1372957e-03
1.1678731e-03
1.1597988e-03
1.1443155e-03
1.1178477e-03
1.0935567e-03
1.1458563e-03
1.2712444e-03
1.4396902e-03
1.5771073e-03
1.5081998e-03
1.2972508e-03
1.0358897e-03
6.6658745e-04
3.2489969e-04
1.2185264e-04
1.2810940e-07
-1.5067090e-04
-4.0591199e-04
-7.1941277e-04
-9.4945963e-04
-1.0650305e-03
-9.5733661e-04
-6.3013937e-04
-2.6794169e-04
-1.3375472e-05
8.9208145e-05
2.0702450e-04
2.8387369e-04
4.3787894e-04
5.3971008e-04
5.4935694e-04
4.5565866e-04
1.7700597e-04
-9.9246707e-05
-3.6476310e-04
-4.1792051e-04
-3.0291067e-04
-1.5307225e-04
-9.9392231e-05
-2.0655590e-04
-4.8668253e-04
-7.9823785e-04
-1.0147436e-03
-1.0761855e-03
-9.8375786e-04
-7.9881579e-04
-4.8162112e-04
-2.7966655e-04
-2.0930204e-04
-1.6645538e-04
-1.5159410e-04
-1.5905104e-04
-2.3825079e-04
-3.3313589e-04
-3.7272002e-04
-3.4605910e-04
-3.3325888e-04
-2.9559504e-04
-2.5136349e-04
-2.1904305e-04
-2.4880228e-04
-2.9440427e-04
-4.2433406e-04
-5.8472479e-04
-7.3111051e-04
-7.4317923e-04
-6.2066430e-04
-4.2710708e-04
-2.4418980e-04
-2.0987598e-04
-2.7579774e-04
-3.3985788e-04
-3.7038812e-04
-2.7027102e-04
-1.1366233e-04
1.2046709e-04
4.4141109e-04
6.7012918e-04
7.9055659e-04
7.8264825e-04
6.6477931e-04
5.7218520e-04
6.1782337e-04
8.3915818e-04
1.1699114e-03
1.5938388e-03
1.9767751e-03
2.2673404e-03
2.4520562e-03
2.5306026e-03
2.5702703e-03
2.6865372e-03
2.7640280e-03
2.6994301e-03
2.3383061e-03
1.7672811e-03
1.1072560e-03
5.0917691e-04
-5.3971465e-06
-4.6535395e-04
-8.6530112e-04
-1.3329740e-03
-1.8184381e-03
-2.1178780e-03
-2.1826413e-03
-2.1190434e-03
-1.9889987e-03
-1.9228505e-03
-1.8671353e-03
-1.7749821e-03
-1.5934940e-03
-1.3539964e-03
-1.1452769e-03
-9.8913570e-04
-8.3573971e-04
-6.7966710e-04
-5.2572981e-04
-4.0669445e-04
-2.8045773e-04
-1.7986255e-04
-2.4432129e-04
-4.1153482e-04
-5.6229339e-04
-6.4798129e-04
-7.3994689e-04
-8.7042847e-04
-8.8037984e-04
-8.1507331e-04
-7.3239805e-04
-6.1596324e-04
-4.3757019e-04
-2.3682386e-04
-6.1329081e-05
6.9820997e-05
1.7733860e-04
2.2198575e-04
2.1689201e-04
2.1087361e-04
2.1584506e-04
1.8065338e-04
1.3597152e-04
-1.9494928e-05
-2.2987244e-04
-4.9678730e-04
-8.4531758e-04
-1.1132416e-03
-1.2109090e-03
-1.1695859e-03
-9.3065113e-04
-6.2505561e-04
-3.3271596e-04
-4.6916765e-05
2.4735206e-04
5.4735286e-04
8.3967254e-04
1.1255616e-03
1.4745151e-03
1.8882168e-03
2.2221718e-03
2.3293879e-03
2.1901311e-03
2.0027708e-03
1.8126249e-03
1.7099124e-03
1.6499063e-03
1.5933314e-03
1.4939263e-03
1.3029985e-03
1.1318402e-03
1.0133777e-03
9.8883075e-04
9.0429672e-04
6.6721190e-04
2.0303566e-04
-4.1834665e-04
-9.9038747e-04
-1.3089713e-03
-1.4054387e-03
-1.3513020e-03
-1.2497269e-03
-1.1383615e-03
-1.0397118e-03
-9.7135891e-04
-8.0576808e-04
-5.0868733e-04
-1.7847481e-04
1.2322951e-05
7.2316953e-05
9.7207830e-05
1.7998443e-04
3.2617346e-04
4.3388462e-04
4.0905949e-04
2.0865720e-04
-6.3625297e-05
-2.8741252e-04
-3.5923400e-04
-2.1670775e-04
6.2950853e-05
3.6932776e-04
4.9393618e-04
3.4822148e-04
-5.1878874e-05
-6.3482102e-04
-1.1663096e-03
-1.5339653e-03
-1.6532981e-03
-1.4937188e-03
-1.1355905e-03
-7.1091451e-04
-2.4027666e-04
2.4446406e-04
7.7998054e-04
1.2938506e-03
1.7353491e-03
1.9685937e-03
1.8355996e-03
1.3425662e-03
5.4472818e-04
-3.2152475e-04
-1.0555235e-03
-1.5511298e-03
-1.8615254e-03
-2.0230590e-03
-2.0376783e-03
-1.9437384e-03
-1.7456188e-03
-1.4961472e-03
-1.1448637e-03
-7.5452006e-04
-3.7540151e-04
-1.2766498e-04
-5.2975268e-05
-6.8722835e-05
-2.2648858e-04
-3.2852386e-04
-4.3229566e-04
-4.5197020e-04
-4.1142484e-04
-2.1034843e-04
1.5974058e-04
5.9330910e-04
9.7695780e-04
1.3141948e-03
1.5360964e-03
1.6169353e-03
1.5512982e-03
1.3277647e-03
1.0660583e-03
8.0362584e-04
6.0637999e-04
4.2588532e-04
2.4148160e-04
2.8696190e-05
-2.4973054e-04
-4.9492653e-04
-6.9080514e-04
-7.4756198e-04
-6.4632691e-04
-4.4907539e-04
-1.6156931e-04
2.4011450e-04
7.9657412e-04
1.5239957e-03
2.2598539e-03
2.7925708e-03
3.0906527e-03
3.0489938e-03
2.8463898e-03
2.5134738e-03
2.1945797e-03
1.8218368e-03
1.4705987e-03
1.0528202e-03
4.9662430e-04
-3.0059868e-04
-1.1492383e-03
-1.8191248e-03
-2.1880255e-03
-2.3073326e-03
-2.3779293e-03
-2.4307474e-03
-2.5026134e-03
-2.4825416e-03
-2.3665684e-03
-2.0720179e-03
-1.7358405e-03
-1.3088532e-03
-9.0720813e-04
-5.5390854e-04
-2.0427787e-04
1.4505800e-04
5.5488077e-04
9.9027253e-04
1.3755877e-03
1.5753012e-03
1.5377985e-03
1.3190920e-03
1.0835242e-03
9.5780903e-04
9.4918571e-04
1.0080127e-03
9.3638285e-04
6.3406293e-04
1.9355274e-04
-3.1099524e-04
-7.8738367e-04
-1.1379725e-03
-1.3417090e-03
-1.3988932e-03
-1.3173513e-03
-1.1553686e-03
-9.5606323e-04
-7.0260565e-04
-4.7980569e-04
-3.1603825e-04
-1.9726088e-04
-2.2991869e-04
-3.4032742e-04
-4.6253161e-04
-4.9495528e-04
-4.2503554e-04
-2.0726856e-04
-3.4284818e-05
3.1266916e-05
-5.4984368e-05
-2.3633065e-04
-4.6386914e-04
-6.9162705e-04
-8.8420549e-04
-9.9611830e-04
-1.0728000e-03
-1.0940457e-03
-1.1707628e-03
-1.2796085e-03
-1.2892322e-03
-1.1399656e-03
-8.7585355e-04
-5.6170895e-04
-2.3011108e-04
1.2142572e-04
3.9109075e-04
5.4725823e-04
6.7734915e-04
7.7903675e-04
8.7802261e-04
9.4235378e-04
9.6354347e-04
8.5522930e-04
7.0498875e-04
6.3723328e-04
6.6833730e-04
7.7061213e-04
8.4266944e-04
9.1289062e-04
9.8915059e-04
1.1241554e-03
1.3286425e-03
1.5339560e-03
1.6955449e-03
1.7242623e-03
1.6952544e-03
1.6348628e-03
1.6041646e-03
1.6039835e-03
1.5716189e-03
1.4412820e-03
1.2058863e-03
8.3342813e-04
4.4247851e-04
8.1378519e-05
-2.6486443e-04
-6.5015287e-04
-9.9348240e-04
-1.2304822e-03
-1.3313052e-03
-1.3901105e-03
-1.4343221e-03
-1.5878089e-03
-1.8117135e-03
-1.9885351e-03
-2.1115155e-03
-2.1156369e-03
-1.9888502e-03
-1.8366825e-03
-1.6449139e-03
-1.4638447e-03
-1.2718582e-03
-1.0455693e-03
-7.3533934e-04
-3.4143139e-04
1.4774946e-04
7.0201763e-04
1.1750536e-03
1.5798206e-03
1.8827722e-03
2.0238458e-03
2.0387161e-03
1.9639511e-03
1.8155988e-03
1.6466616e-03
1.5054588e-03
1.3614477e-03
1.1786046e-03
9.1733797e-04
5.6915575e-04
2.4212627e-04
-4.4101884e-05
-1.8489587e-04
-2.3420951e-04
-1.5720076e-04
-1.0031258e-04
-8.6685353e-05
-2.0407392e-04
-4.2857406e-04
-6.9612699e-04
-9.3542274e-04
-1.0703399e-03
-1.1280661e-03
-1.0370767e-03
-8.2908500e-04
-5.9512163e-04
-4.0229900e-04
-3.1998811e-04
-3.4542892e-04
-3.6152563e-04
-3.1252457e-04
-1.6642266e-04
8.3471483e-05
3.7428699e-04
6.6410796e-04
8.6371887e-04
1.0132127e-03
1.1363627e-03
1.1890476e-03
1.1360938e-03
9.6860435e-04
6.9481846e-04
3.7167039e-04
5.8023960e-05
-2.5013791e-04
-5.1633787e-04
-7.6651275e-04
-1.0475812e-03
-1.2147968e-03
-1.3362063e-03
-1.3998138e-03
-1.3590004e-03
-1.3003118e-03
-1.2063368e-03
-1.0910030e-03
-9.9314774e-04
-9.1580172e-04
-8.9458587e-04
-8.5662536e-04
-7.9968025e-04
-6.6983738e-04
-4.8493680e-04
-2.9187253e-04
-8.2022339e-05
9.0104258e-05
2.7264705e-04
2.9822544e-04
2.2043600e-04
1.0098808e-04
-6.0652654e-05
-2.0390436e-04
-3.9094989e-04
-4.8944389e-04
-5.4006085e-04
-4.6462344e-04
-3.9209434e-04
-2.7136888e-04
-1.4124058e-04
4.8431651e-06
2.1987107e-04
4.5950860e-04
7.6301885e-04
1.1153210e-03
1.4759565e-03
1.7136483e-03
1.8022561e-03
1.7885534e-03
1.7002670e-03
1.6502804e-03
1.6178804e-03
1.5846779e-03
1.4778782e-03
1.2965600e-03
1.0363160e-03
6.7459009e-04
1.7523383e-04
-3.3900321e-04
-7.7548571e-04
-1.0878932e-03
-1.2850801e-03
-1.3876058e-03
-1.4098084e-03
-1.3716048e-03
-1.2675582e-03
-1.0863491e-03
-8.6564948e-04
-6.4064867e-04
-4.3288132e-04
-2.6887589e-04
-6.3015187e-05
1.9677228e-04
4.8814299e-04
8.5271978e-04
1.1824918e-03
1.4369308e-03
1.5850926e-03
1.5962784e-03
1.5042309e-03
1.4243429e-03
1.3185775e-03
1.2605923e-03
1.1812676e-03
1.0733613e-03
9.2561465e-04
6.7420816e-04
4.0852208e-04
8.1281439e-05
-2.7102557e-04
-5.4057377e-04
-7.5278553e-04
-8.6507669e-04
-9.4334121e-04
-9.6717087e-04
-9.9559266e-04
-1.0660766e-03
-1.1795320e-03
-1.2551048e-03
-1.3500643e-03
-1.4370692e-03
-1.4470080e-03
-1.3703980e-03
-1.2149000e-03
-1.0519230e-03
-8.4145619e-04
-6.2591885e-04
-4.3563634e-04
-3.0983327e-04
-2.3735323e-04
-2.5218683e-04
-2.7757297e-04
-3.0819368e-04
-3.5285740e-04
-4.3918574e-04
-5.1292318e-04
-5.7212417e-04
-5.7274923e-04
-5.3671773e-04
-4.4532149e-04
-3.9287140e-04
-4.2262084e-04
-5.4754493e-04
-7.2738841e-04
-9.1466882e-04
-1.0302073e-03
-1.0392177e-03
-9.3867560e-04
-7.2714150e-04
-5.0781155e-04
-2.5470513e-04
-1.5659674e-05
2.8245088e-04
6.3456822e-04
9.9863414e-04
1.3776211e-03
1.6898647e-03
1.9378119e-03
2.1393498e-03
2.2628074e-03
2.2529804e-03
2.2081286e-03
2.1195629e-03
1.9387714e-03
1.7670543e-03
1.5200051e-03
1.2933252e-03
1.0645851e-03
8.3087118e-04
5.9760465e-04
3.8255139e-04
2.3210037e-04
1.3450602e-04
8.5687261e-05
6.6485714e-05
4.0849308e-06
-1.0147448e-04
-2.1256779e-04
-3.1776234e-04
-3.2812340e-04
-2.6031289e-04
-2.5195854e-04
-2.8971344e-04
-3.4850014e-04
-5.0799924e-04
-6.1688165e-04
-7.0049544e-04
-7.8466767e-04
-7.9347100e-04
-6.8316398e-04
-5.0499137e-04
-2.7953628e-04
-9.5142650e-05
-2.7427939e-05
-3.9493260e-05
-9.8797331e-05
-1.6986144e-04
-1.7156090e-04
-1.5041267e-04
-6.1834473e-05
-4.3266300e-05
-9.1859511e-05
-9.9923352e-05
-1.5884174e-04
-1.4235058e-04
-1.2432381e-04
-8.3247818e-05
-8.1987161e-05
-1.4207887e-04
-2.9396940e-04
-4.6270776e-04
-6.6294975e-04
-8.1381165e-04
-8.7247416e-04
-7.6673134e-04
-6.5031733e-04
-4.1949172e-04
-2.2596360e-04
-8.9139816e-05
-9.6925088e-06
6.1053708e-05
1.2796211e-04
1.7509338e-04
2.2211194e-04
2.8703566e-04
2.6461742e-04
1.7797328e-04
9.0451164e-05
8.2413620e-05
8.4262853e-05
6.7037994e-05
-2.5959977e-05
-2.1334983e-04
-4.9575447e-04
-7.0086396e-04
-7.6223848e-04
-6.7234769e-04
-5.0114121e-04
-3.4984397e-04
-2.1586000e-04
-1.2187165e-04
-1.2164547e-04
-1.4555929e-04
-1.5602383e-04
-6.9337358e-05
1.1146724e-04
3.0197546e-04
4.8796604e-04
6.0037076e-04
6.0171090e-04
6.2641552e-04
6.4305196e-04
7.0613948e-04
7.4285620e-04
7.5307291e-04
7.3783475e-04
7.3260716e-04
7.5520194e-04
8.4190648e-04
9.2467937e-04
9.3157595e-04
8.7502488e-04
7.8459029e-04
6.8170659e-04
5.2521337e-04
3.5268353e-04
2.1090870e-04
9.9268490e-05
1.9857337e-05
-4.5865921e-05
-1.5862118e-04
-2.5238946e-04
-2.9453970e-04
-3.1254578e-04
-2.4464988e-04
-1.9859467e-04
-1.6871562e-04
-2.1784270e-04
-3.6873966e-04
-4.5757890e-04
-5.4054276e-04
-5.9149989e-04
-6.1823561e-04
-6.3252822e-04
-6.7478707e-04
-7.0674188e-04
-7.3591087e-04
-7.0555456e-04
-6.3024087e-04
-4.6468762e-04
-2.9080478e-04
-9.8159441e-05
4.7114850e-05
2.0630336e-04
3.1903980e-04
4.6825013e-04
5.6891272e-04
6.7005916e-04
6.8342035e-04
6.4137031e-04
4.9095367e-04
2.6488974e-04
-2.3744313e-05
-2.9853176e-04
-5.7086860e-04
-8.0119456e-04
-9.9521032e-04
-1.1895531e-03
-1.3516603e-03
-1.4663089e-03
-1.4488203e-03
-1.3177589e-03
-1.0863925e-03
-8.4372039e-04
-5.6822586e-04
-3.5116373e-04
-1.8070694e-04
-7.1299351e-05
7.4376050e-05
1.8391194e-04
3.1011336e-04
4.0282073e-04
5.0243660e-04
5.7913113e-04
6.1826930e-04
6.1070236e-04
5.4862554e-04
5.1534806e-04
4.9312359e-04
5.1405976e-04
5.2182284e-04
4.8609004e-04
