0.01
-1.7346112e-04
-1.4676465e-03
-1.3581329e-03
5.6812771e-04
1.5285199e-03
-6.2339230e-05
-1.8605983e-03
-1.7678955e-03
-4.2006198e-05
1.3938835e-03
1.3865079e-03
2.1335309e-03
2.7031983e-03
1.5009779e-05
-1.2807233e-03
1.5102003e-03
3.0923623e-03
1.3279958e-03
-1.8369553e-03
-3.5487284e-03
-2.0047776e-03
-5.8257953e-04
2.3896879e-04
2.4126996e-03
9.8180332e-04
-2.6849403e-03
-1.4169594e-03
1.3674971e-04
-1.6075272e-03
-1.8961146e-03
-9.9843652e-04
-2.3121042e-03
-3.1976168e-03
-1.4989381e-03
5.4793161e-04
1.0401802e-03
1.2882071e-03
2.6493402e-03
2.7704257e-03
1.0916355e-03
9.7996853e-04
2.3417400e-03
4.1507846e-03
5.2840685e-03
4.0285273e-03
2.9310989e-03
3.0301955e-03
2.5932441e-03
1.0079827e-03
-1.2133430e-03
-3.1300465e-03
-4.4903632e-03
-4.7123928e-03
-4.1816680e-03
-3.6159826e-03
-2.2997367e-03
-1.5344586e-03
-2.6394337e-03
-2.4807563e-03
-5.8269039e-04
-3.9321504e-04
-2.2105261e-03
-3.9956152e-03
-4.7470453e-03
-4.4207100e-03
-9.9244336e-04
4.7901805e-03
7.3003465e-03
6.2940344e-03
5.3155396e-03
5.1911810e-03
4.6737153e-03
3.4303840e-03
8.9279552e-04
-1.8663215e-03
-2.2254382e-03
-4.9746600e-04
1.3661076e-03
9.3665234e-04
-1.3091224e-03
-3.2065494e-03
-4.7024636e-03
-4.8119688e-03
-3.2033921e-03
9.1231156e-04
5.7673237e-03
6.1502675e-03
2.2249854e-03
-1.3305577e-03
-3.1506227e-03
-3.6762559e-03
-3.9506125e-03
-5.9233893e-03
-7.9438818e-03
-6.6951722e-03
-3.1501573e-03
-2.5004918e-04
1.0245404e-03
2.0575396e-03
5.1897466e-03
9.3879688e-03
1.1502271e-02
1.1301633e-02
8.7453946e-03
4.0932074e-03
5.4755383e-04
-6.8720583e-05
-1.2844861e-03
-4.3101509e-03
-6.2015714e-03
-7.4187665e-03
-7.8048741e-03
-5.7436029e-03
-2.6128485e-03
-1.6815828e-03
-3.3962337e-03
-3.7185461e-03
-6.8725788e-04
2.6772338e-03
2.5750077e-03
-9.5667102e-04
-3.3366823e-03
-2.3974473e-03
5.0996782e-04
5.3578749e-03
1.0488664e-02
1.2841372e-02
1.2566023e-02
1.1236970e-02
9.1293179e-03
4.0913160e-03
-4.5724150e-03
-1.2430846e-02
-1.5694650e-02
-1.5254771e-02
-1.2666185e-02
-8.7116255e-03
-3.7078343e-03
2.6257842e-03
9.7682086e-03
1.4440512e-02
1.3228916e-02
7.8520535e-03
2.4241531e-03
-3.1125588e-03
-9.1517350e-03
-1.2349966e-02
-1.0986001e-02
-7.3387571e-03
-3.0445303e-03
1.4132189e-03
5.1820195e-03
7.5939119e-03
7.4316377e-03
4.5808552e-03
1.8405458e-03
1.0370183e-03
1.4032412e-03
9.2948590e-04
-1.1576801e-03
-3.6168459e-03
-5.4194356e-03
-6.6212019e-03
-7.3486633e-03
-5.0634552e-03
1.2223133e-03
7.8581063e-03
1.0341306e-02
7.3416239e-03
2.3384743e-03
-1.3660084e-03
-3.9030318e-03
-4.8579373e-03
-4.7466514e-03
-4.6019378e-03
-2.7473999e-03
-4.4938528e-04
-3.1080844e-04
-1.2951853e-03
-3.5341470e-04
3.5694124e-03
7.9284053e-03
1.2174231e-02
1.4325334e-02
1.0067847e-02
3.1145969e-04
-9.5792304e-03
-1.5208162e-02
-1.5413378e-02
-1.1435413e-02
-4.8514242e-03
2.9379247e-03
1.0015577e-02
1.3611556e-02
1.2644440e-02
8.3479404e-03
3.1522738e-03
-5.5880436e-04
-3.1396299e-03
-5.0605292e-03
-4.6296663e-03
-1.8668068e-03
4.4425411e-04
-3.3864982e-04
-3.1145065e-03
-4.3208595e-03
-3.9655830e-03
-4.8122523e-03
-7.2261425e-03
-8.1796756e-03
-4.4182817e-03
1.5289814e-03
5.4917418e-03
6.8594963e-03
6.2141827e-03
4.2642623e-03
2.2314008e-03
1.8160958e-03
2.3985550e-03
5.4635614e-04
-2.6625880e-03
-4.1339997e-03
-4.0172867e-03
-1.8018252e-03
2.8044248e-03
6.4872182e-03
6.3693734e-03
3.3489590e-03
2.0787274e-04
-1.6770763e-03
-2.5132117e-03
-3.2101270e-03
-4.1535307e-03
-3.9500169e-03
-2.7000310e-03
-2.7381937e-03
-3.6695936e-03
-3.8190183e-03
-3.2603668e-03
-1.9746984e-03
1.2982956e-03
5.5347108e-03
7.8432754e-03
7.3764324e-03
5.2708662e-03
2.4184596e-03
-2.2258779e-04
-2.5812515e-03
-4.7612271e-03
-5.8772949e-03
-5.3003580e-03
-3.6662377e-03
-1.2123638e-03
2.0066206e-03
4.9648638e-03
5.9992493e-03
4.2911499e-03
1.0477044e-03
-1.1848441e-03
-1.2502204e-03
-6.4651784e-04
-7.1772647e-04
2.6535449e-04
2.8693372e-03
4.8131706e-03
5.6690530e-03
5.8993549e-03
4.8604756e-03
2.8853668e-03
6.4763739e-04
-2.0820670e-03
-5.0755179e-03
-6.8542876e-03
-5.9348038e-03
-3.0672990e-03
-5.7829022e-04
2.2947299e-04
3.2117084e-04
9.7633162e-04
1.6315093e-03
1.1175913e-03
-1.1988469e-03
-5.5115902e-03
-1.1154716e-02
-1.6441252e-02
-1.9758701e-02
-2.0469817e-02
-1.8163876e-02
-1.1733224e-02
-7.4341436e-04
1.3350558e-02
2.7033952e-02
3.6419868e-02
3.8978160e-02
3.4562371e-02
2.4831335e-02
1.2304770e-02
-8.0327119e-04
-1.1883261e-02
-1.8692307e-02
-2.0217478e-02
-1.7240928e-02
-1.2653187e-02
-1.0807561e-02
-1.3893650e-02
-2.0699503e-02
-2.9424790e-02
-3.8942958e-02
-4.7204374e-02
-5.1913701e-02
-5.0472497e-02
-3.9788085e-02
-1.7524385e-02
1.5260966e-02
5.1717247e-02
7.8176520e-02
8.2148992e-02
5.9902826e-02
2.3094072e-02
-9.0454382e-03
-2.4491147e-02
-2.3686527e-02
-1.2112051e-02
5.7432827e-03
2.9947539e-02
6.0078646e-02
8.9523603e-02
1.0999279e-01
1.1409922e-01
9.9504045e-02
6.9209200e-02
2.7226900e-02
-1.8675669e-02
-5.2153900e-02
-6.0247663e-02
-4.4393427e-02
-2.0790127e-02
-7.9978120e-03
-1.5717161e-02
-4.2210987e-02
-7.6609848e-02
-1.0766287e-01
-1.2570618e-01
-1.2443522e-01
-1.0293632e-01
-6.7677645e-02
-2.9981373e-02
-3.8502318e-03
-5.0054451e-04
-1.6417454e-02
-3.4728430e-02
-3.7727056e-02
-1.7882707e-02
1.8289999e-02
5.6801000e-02
8.7588465e-02
1.0678618e-01
1.1564169e-01
1.1590857e-01
1.0548102e-01
8.2065360e-02
4.9331450e-02
1.4262295e-02
-1.7878302e-02
-4.0810021e-02
-4.8199831e-02
-3.7937949e-02
-1.6100673e-02
4.6155588e-03
1.3771588e-02
8.3050880e-03
-9.1328300e-03
-3.0492176e-02
-4.6067430e-02
-5.0021664e-02
-4.3817752e-02
-3.2904265e-02
-2.3993010e-02
-1.9004428e-02
-1.6389047e-02
-1.2527547e-02
-6.3680241e-03
1.2183083e-03
1.0277559e-02
2.1127473e-02
3.1607198e-02
3.8800804e-02
4.0676675e-02
3.6512750e-02
2.8627721e-02
2.1124118e-02
1.4938972e-02
8.2821611e-03
7.4746474e-04
-5.9695084e-03
-1.0358574e-02
-1.2688466e-02
-1.4758064e-02
-1.7694744e-02
-2.1447891e-02
-2.5112935e-02
-2.6953073e-02
-2.5537263e-02
-2.1450159e-02
-1.5951311e-02
-8.8609406e-03
9.9603222e-04
1.3371604e-02
2.5675500e-02
3.3338772e-02
3.4153292e-02
2.9247170e-02
2.0145607e-02
7.7546765e-03
-5.5351350e-03
-1.6682746e-02
-2.3528447e-02
-2.5846228e-02
-2.4436921e-02
-1.9106572e-02
-1.0141016e-02
-3.2740502e-05
8.1086371e-03
1.2710969e-02
1.3191458e-02
1.0888531e-02
8.9348090e-03
8.8949103e-03
9.4194310e-03
9.1033553e-03
8.0840643e-03
6.3115572e-03
3.1419592e-03
-2.0368848e-03
-7.8649164e-03
-1.1429422e-02
-1.0518604e-02
-4.8949205e-03
3.6895816e-03
1.1691196e-02
1.5377693e-02
1.3619237e-02
8.4203755e-03
2.8212764e-03
-2.0588275e-03
-7.1597704e-03
-1.3180025e-02
-1.9402494e-02
-2.3612042e-02
-2.4414551e-02
-2.1449810e-02
-1.5214171e-02
-6.3141131e-03
4.1942903e-03
1.4354625e-02
2.2094243e-02
2.6011313e-02
2.5548751e-02
2.1138983e-02
1.4097729e-02
6.0272108e-03
-2.1703829e-03
-9.1773189e-03
-1.3968382e-02
-1.6480738e-02
-1.7379891e-02
-1.7209193e-02
-1.5526408e-02
-1.2411525e-02
-8.0492804e-03
-2.8678753e-03
2.3248807e-03
6.5091685e-03
8.8224610e-03
9.0850610e-03
7.8113501e-03
5.5429595e-03
3.2023117e-03
1.6761738e-03
1.4537483e-03
2.6189586e-03
4.4592998e-03
5.5102448e-03
4.8109201e-03
2.4342647e-03
-2.9778100e-04
-1.9642661e-03
-2.4904121e-03
-3.1515053e-03
-4.5308124e-03
-6.1047990e-03
-6.9070640e-03
-6.3048823e-03
-4.0032625e-03
-3.7756741e-04
3.6878843e-03
7.6783893e-03
1.0674357e-02
1.1359069e-02
9.5350772e-03
6.1864980e-03
2.6591506e-03
-2.4085005e-04
-1.8547595e-03
-2.4307638e-03
-2.8526577e-03
-3.2497170e-03
-2.9644475e-03
-1.6597965e-03
-9.6730291e-05
8.9959280e-04
1.1563259e-03
3.2059831e-04
-1.2232190e-03
-1.9411005e-03
-1.5517173e-03
-8.2419822e-04
-7.4401538e-05
3.7480491e-04
8.1379112e-04
1.4168262e-03
2.1934141e-03
2.4634386e-03
1.3430375e-03
-1.5058992e-03
-5.2920014e-03
-8.7320750e-03
-1.0852428e-02
-1.0755816e-02
-8.4233454e-03
-4.4796775e-03
3.7191934e-04
4.9074020e-03
7.5876376e-03
7.3824393e-03
4.8283417e-03
1.0034376e-03
-2.9093791e-03
-5.7443167e-03
-6.6282498e-03
-5.2601983e-03
-2.3159146e-03
1.1436910e-03
4.1729051e-03
6.1939836e-03
7.2408712e-03
7.4878626e-03
6.9204249e-03
5.6351007e-03
4.0390268e-03
2.7610578e-03
2.1925367e-03
1.9362420e-03
1.5967763e-03
1.1522820e-03
7.3429809e-04
5.0713090e-04
3.7788094e-04
2.2717084e-04
-2.4843519e-04
-9.8585889e-04
-1.5627513e-03
-1.4017010e-03
-8.6255353e-04
-5.8253834e-04
-8.7907354e-04
-1.2403597e-03
-1.3639435e-03
-1.7963799e-03
-3.1872439e-03
-5.3862458e-03
-7.8284996e-03
-9.9619169e-03
-1.0832496e-02
-9.8364344e-03
-7.0668571e-03
-3.2525796e-03
7.2400599e-04
3.9466589e-03
6.0253321e-03
7.2202642e-03
8.1778530e-03
9.0797976e-03
9.5944324e-03
9.0999580e-03
7.1151032e-03
3.8497770e-03
1.0165182e-04
-3.0335829e-03
-4.5037661e-03
-3.9945175e-03
-1.7930233e-03
1.3577463e-03
4.0358780e-03
5.0239918e-03
3.8614235e-03
6.9205723e-04
-3.2838027e-03
-6.2784766e-03
-7.1368203e-03
-6.2236304e-03
-4.4119803e-03
-1.9582525e-03
1.1315129e-03
4.3473951e-03
6.7194769e-03
7.6576708e-03
6.9083109e-03
4.7883063e-03
1.9520470e-03
-1.1865884e-03
-4.4220190e-03
-7.2880101e-03
-9.2552731e-03
-1.0030132e-02
-1.0007425e-02
-9.4247845e-03
-8.1160287e-03
-6.0229558e-03
-3.2775770e-03
-1.7758894e-04
2.8488297e-03
5.2870680e-03
7.0891306e-03
8.3885728e-03
9.5972923e-03
1.0942855e-02
1.2073593e-02
1.2370675e-02
1.1271505e-02
8.7084287e-03
5.0346601e-03
9.0353110e-04
-3.2104947e-03
-7.3897408e-03
-1.1584587e-02
-1.4954616e-02
-1.6174446e-02
-1.4780114e-02
-1.1349812e-02
-6.7988112e-03
-1.6428651e-03
3.3792396e-03
7.3369526e-03
9.5231463e-03
9.6509093e-03
8.2184704e-03
5.8571835e-03
3.0967708e-03
2.9858252e-04
-2.1163669e-03
-3.8292465e-03
-4.8084354e-03
-5.1315030e-03
-4.8235472e-03
-3.9438427e-03
-2.7509249e-03
-1.4112636e-03
5.6648027e-06
1.2772825e-03
1.9706332e-03
1.7678251e-03
7.6786380e-04
-8.6375764e-04
-2.7794861e-03
-4.1662745e-03
-4.4340240e-03
-3.0724200e-03
-4.8396074e-05
3.8936194e-03
7.8273804e-03
1.0909187e-02
1.2399527e-02
1.1937437e-02
9.4834103e-03
5.6756482e-03
1.6262722e-03
-1.6797677e-03
-3.8069860e-03
-4.6065628e-03
-4.4249815e-03
-3.9391496e-03
-3.9372391e-03
-4.6642519e-03
-5.8754437e-03
-6.9154158e-03
-7.5111878e-03
-7.3642558e-03
-6.2634069e-03
-4.1077764e-03
-1.2118639e-03
1.7299459e-03
3.9748621e-03
5.4783973e-03
6.3231319e-03
6.2259575e-03
4.9580746e-03
2.6617378e-03
1.1556159e-04
-1.9442983e-03
-2.9496985e-03
-2.7952405e-03
-1.9509692e-03
-8.5188539e-04
2.0735566e-04
1.0857338e-03
1.7459376e-03
2.3054332e-03
2.6308254e-03
2.6831437e-03
2.4726473e-03
2.0792043e-03
1.8345241e-03
1.8752708e-03
2.0740375e-03
2.0228443e-03
1.5120669e-03
5.4741190e-04
-5.9223717e-04
-1.5362213e-03
-2.0043242e-03
-1.8881739e-03
-1.4822286e-03
-9.7506861e-04
-3.3792695e-04
4.1860959e-04
1.1058578e-03
1.4351721e-03
1.1284592e-03
2.9149509e-04
-6.3214396e-04
-1.2868241e-03
-1.7790019e-03
-2.2421130e-03
-2.5988523e-03
-2.6630866e-03
-2.5577564e-03
-2.3039505e-03
-1.8957249e-03
-1.5886706e-03
-1.5214352e-03
-1.5511591e-03
-1.4533174e-03
-9.5339092e-04
1.1582753e-04
1.2325658e-03
1.8967467e-03
2.2041389e-03
2.5674016e-03
3.3999507e-03
4.6601592e-03
5.6778475e-03
5.9922808e-03
5.4323007e-03
3.9537760e-03
1.5998775e-03
-1.2570366e-03
-4.2129738e-03
-6.6287651e-03
-8.1023698e-03
-8.4267843e-03
-7.6902010e-03
-6.1893608e-03
-4.2422453e-03
-2.0247936e-03
3.9956427e-04
3.0368580e-03
5.5953489e-03
7.7191625e-03
8.8844720e-03
8.7442729e-03
7.2032026e-03
4.4270900e-03
1.0935698e-03
-2.0184316e-03
-4.3722297e-03
-5.9632952e-03
-6.8156855e-03
-6.8647718e-03
-6.2375311e-03
-5.1012870e-03
-3.6325279e-03
-2.1148939e-03
-7.6741961e-04
1.9790813e-04
6.9333425e-04
1.0340164e-03
1.4554146e-03
2.0281739e-03
2.7718100e-03
3.6143362e-03
4.6365268e-03
5.5747680e-03
6.0355535e-03
5.7076303e-03
4.5817451e-03
2.8867301e-03
9.9049221e-04
-9.3366916e-04
-2.9050380e-03
-4.7922826e-03
-6.0008265e-03
-6.3203525e-03
-5.8300836e-03
-4.8931973e-03
-3.6765999e-03
-2.4454947e-03
-1.3285039e-03
-3.5653045e-04
3.6778178e-04
8.5876764e-04
1.0672911e-03
1.0601042e-03
8.3232489e-04
4.8997136e-04
2.3813618e-04
3.5952189e-04
7.9698239e-04
1.4724077e-03
2.3048914e-03
3.1389245e-03
3.7060729e-03
3.7756242e-03
3.1887104e-03
2.0213033e-03
6.5334278e-04
-2.7789787e-04
-4.6522776e-04
-2.0098413e-04
2.1934945e-04
6.1766997e-04
7.7812854e-04
6.6759069e-04
5.3187669e-04
4.9615465e-04
5.3375855e-04
5.6996136e-04
5.5339519e-04
5.3160412e-04
3.9075707e-04
6.4262980e-06
-5.4440026e-04
-1.0185404e-03
-1.2633709e-03
-9.8794005e-04
-2.3142763e-04
7.0944056e-04
1.4135914e-03
1.4910463e-03
9.4670311e-04
-1.1658314e-04
-1.2636398e-03
-2.0810942e-03
-2.4623455e-03
-2.4966219e-03
-2.4790086e-03
-2.6215478e-03
-2.9326394e-03
-3.5992498e-03
-4.5506557e-03
-5.4879508e-03
-5.9372239e-03
-5.6622633e-03
-4.5489065e-03
-2.7923916e-03
-7.2504917e-04
1.1375878e-03
2.6689689e-03
3.8768024e-03
4.8574340e-03
5.4770333e-03
5.8801324e-03
6.1717079e-03
6.2829932e-03
6.0489991e-03
5.4213199e-03
4.4431572e-03
3.1019840e-03
1.5577577e-03
1.7046813e-04
-1.0944372e-03
-2.2704172e-03
-3.3196874e-03
-4.1145270e-03
-4.7158295e-03
-5.2687882e-03
-5.5567216e-03
-5.3226754e-03
-4.3746503e-03
-2.8304266e-03
-9.9092587e-04
6.8113900e-04
1.7653195e-03
2.1381237e-03
2.0963326e-03
1.9313321e-03
1.8684687e-03
2.0385103e-03
2.4144493e-03
2.8822443e-03
3.2078468e-03
3.2245513e-03
2.7999770e-03
1.9318928e-03
9.4367371e-04
3.1882682e-04
3.6037619e-04
9.5641901e-04
1.7476759e-03
2.1944105e-03
2.1233367e-03
1.7083001e-03
9.4812970e-04
2.2096657e-05
-8.5995822e-04
-1.5222753e-03
-1.9719652e-03
-2.4027780e-03
-2.9358948e-03
-3.5299009e-03
-4.1579827e-03
-4.6842327e-03
-5.0964947e-03
-5.2939396e-03
-5.2195670e-03
-4.8961396e-03
-4.3093086e-03
-3.5924934e-03
-2.5671666e-03
-1.0443389e-03
1.0591014e-03
3.4654874e-03
5.7102140e-03
7.3974184e-03
8.2191198e-03
8.1202342e-03
7.2860015e-03
5.9543663e-03
4.2916199e-03
2.6813135e-03
1.3771985e-03
5.0727936e-04
-7.6259322e-05
-4.9092812e-04
-8.4220030e-04
-1.4204978e-03
-2.2292917e-03
-3.0485398e-03
-3.7768093e-03
-4.4174341e-03
-4.7879174e-03
-4.7212654e-03
-4.3641703e-03
-3.9715388e-03
-3.7410538e-03
-3.6956710e-03
-3.5362539e-03
-3.0805710e-03
-2.3637279e-03
-1.5643644e-03
-8.7983371e-04
-4.8577927e-04
-2.0548024e-04
1.2267288e-04
5.7941626e-04
1.1471024e-03
1.9064381e-03
2.7742237e-03
3.6244088e-03
4.4891083e-03
5.3234705e-03
5.8539490e-03
5.9343057e-03
5.5489838e-03
4.8268950e-03
3.8077046e-03
2.5876234e-03
1.3671972e-03
3.1287956e-04
-4.1780567e-04
-9.4124246e-04
-1.3943653e-03
-1.9109260e-03
-2.3431892e-03
-2.5736218e-03
-2.6375857e-03
-2.5462904e-03
-2.2692207e-03
-1.9186718e-03
-1.4590071e-03
-1.0422044e-03
-7.5243339e-04
-4.6610797e-04
-2.2667103e-04
6.7884591e-05
3.0999913e-04
3.5073427e-04
3.1514594e-04
4.5452199e-04
5.7058028e-04
5.7284442e-04
4.2384986e-04
2.0282615e-04
-1.9787071e-04
-7.0641831e-04
-1.1797611e-03
-1.5907174e-03
-1.9295140e-03
-2.1686912e-03
-2.2151955e-03
-2.0620400e-03
-1.5343704e-03
-8.4163418e-04
-1.0172303e-05
7.5410973e-04
1.4031714e-03
1.8850248e-03
2.1589505e-03
2.1517750e-03
1.9214447e-03
1.7097176e-03
1.6245310e-03
1.7329987e-03
1.8865391e-03
1.9613006e-03
1.9112766e-03
1.8189264e-03
1.6505870e-03
1.3865505e-03
1.1503753e-03
9.2339540e-04
7.6382929e-04
7.0135271e-04
7.2679323e-04
8.1185925e-04
8.6335252e-04
7.7806218e-04
5.4548214e-04
2.1410362e-04
-1.6983515e-04
-5.9108665e-04
-1.2005267e-03
-2.0033341e-03
-2.9625309e-03
-3.8032531e-03
-4.3673676e-03
-4.4837175e-03
-4.2390089e-03
-3.7130392e-03
-2.8876725e-03
-1.8464534e-03
-8.5961136e-04
-7.2031343e-05
4.5636936e-04
7.5054174e-04
9.1605762e-04
1.0924639e-03
1.2128156e-03
1.2047972e-03
1.0356546e-03
7.0309146e-04
3.5503751e-04
2.3374248e-04
4.5744731e-04
8.8649896e-04
1.3376995e-03
1.5102931e-03
1.2793945e-03
8.0498449e-04
2.0409571e-04
-4.5354038e-04
-1.0652469e-03
-1.6281463e-03
-2.1303646e-03
-2.4926906e-03
-2.6789512e-03
-2.6465732e-03
-2.3514166e-03
-1.9602289e-03
-1.5012183e-03
-1.1108313e-03
-7.7362948e-04
-4.3721084e-04
-1.1140563e-04
2.9998495e-04
7.8975762e-04
1.2915427e-03
1.7599809e-03
2.2303875e-03
2.6815904e-03
3.1226592e-03
3.5394731e-03
3.9001824e-03
4.2641578e-03
4.5756189e-03
4.7857616e-03
4.6682631e-03
4.1727693e-03
3.4427464e-03
2.4530741e-03
1.2763496e-03
1.6976479e-05
-1.2919207e-03
-2.3787627e-03
-3.0985778e-03
-3.6057106e-03
-3.9111631e-03
-4.0137685e-03
-3.9423662e-03
-3.5287128e-03
-2.9476375e-03
-2.3860498e-03
-1.9201948e-03
-1.3872230e-03
-8.3564884e-04
-3.9306463e-04
-8.4192267e-05
1.8008155e-04
3.4024699e-04
4.6504136e-04
6.1907017e-04
8.2657262e-04
9.4300360e-04
9.2875004e-04
7.7956397e-04
5.8193806e-04
4.2794179e-04
2.4147881e-04
-8.0928675e-05
-4.2732464e-04
-6.5787105e-04
-5.1288850e-04
-8.1533680e-05
3.9004573e-04
8.6822958e-04
1.1784748e-03
1.2596089e-03
1.0872217e-03
8.3916407e-04
6.1946070e-04
4.9103626e-04
3.7916196e-04
2.2686814e-04
1.8319363e-05
-1.5473927e-04
-1.6352804e-04
-1.6863505e-04
-2.2052017e-04
-4.2680918e-04
-6.8151810e-04
-8.3754612e-04
-7.9019787e-04
-5.1200177e-04
-7.6178291e-05
3.6195327e-04
5.6742409e-04
3.2892499e-04
-3.5973088e-04
-1.0975708e-03
-1.6093568e-03
-1.7775688e-03
-1.5842095e-03
-1.1641324e-03
-6.2137235e-04
-9.5182775e-05
3.5291762e-04
6.7197546e-04
8.0096763e-04
5.8201147e-04
2.3324091e-04
-4.3233995e-05
-1.1802904e-04
2.0308024e-05
2.6279343e-04
4.3396683e-04
3.5997182e-04
1.5533819e-04
-1.4519624e-04
-4.9835954e-04
-8.9439736e-04
-1.2508201e-03
-1.4457771e-03
-1.3490131e-03
-9.8961936e-04
-5.3987855e-04
-2.3950598e-04
-5.2602425e-05
7.7762685e-06
1.9705987e-05
1.7129620e-04
5.1802885e-04
1.0980943e-03
1.6665586e-03
2.0774039e-03
2.1511472e-03
1.9424187e-03
1.5454495e-03
1.1729617e-03
9.5187428e-04
8.7960570e-04
9.1190278e-04
9.7026228e-04
1.1260281e-03
1.3929332e-03
1.6679465e-03
1.7524652e-03
1.5699730e-03
1.2008900e-03
7.3209571e-04
2.7307316e-04
1.1528153e-05
-1.5809891e-04
-2.0862903e-04
-3.3029432e-04
-6.3962340e-04
-1.1571906e-03
-1.7684572e-03
-2.3539166e-03
-2.7953118e-03
-3.0212089e-03
-2.9938222e-03
-2.7697401e-03
-2.4273308e-03
-2.0071383e-03
-1.5960119e-03
-1.1243667e-03
-5.6752092e-04
7.1799418e-05
6.8830771e-04
1.1754138e-03
1.4072414e-03
1.4387927e-03
1.4965873e-03
1.6826225e-03
1.7939832e-03
1.6957956e-03
1.4220846e-03
1.0037222e-03
4.9523689e-04
-1.0893718e-04
-7.3376595e-04
-1.3384340e-03
-1.7987008e-03
-2.1195927e-03
-2.3222274e-03
-2.3822329e-03
-2.3364257e-03
-2.0690080e-03
-1.6450286e-03
-1.1376293e-03
-6.5687121e-04
-2.5780148e-04
4.1508932e-05
3.0610994e-04
5.4069054e-04
6.4727646e-04
7.0293957e-04
6.4279224e-04
6.0164989e-04
7.1397311e-04
8.5578343e-04
9.2541298e-04
8.2002046e-04
6.7619259e-04
5.7366919e-04
4.8684082e-04
3.8273993e-04
2.0365715e-04
2.8264988e-05
-1.1741424e-04
-7.2452313e-05
1.4985733e-04
4.3877320e-04
6.5641877e-04
6.1342203e-04
4.3243110e-04
2.3798454e-04
1.4704812e-04
-2.3563196e-05
-1.7084318e-04
-2.3678774e-04
-1.3455858e-04
8.8797935e-05
3.0678043e-04
3.1890272e-04
1.1425901e-04
-8.6561388e-05
-1.5079746e-04
1.3014129e-04
6.1553343e-04
1.1647686e-03
1.4774730e-03
1.4850822e-03
1.1911671e-03
8.9802175e-04
6.5041729e-04
5.0573546e-04
5.2101569e-04
6.1296772e-04
6.7591862e-04
5.8133990e-04
5.0254188e-04
5.9970802e-04
8.6977296e-04
1.1987578e-03
1.3289109e-03
1.2119673e-03
1.0089858e-03
7.8667016e-04
5.3779051e-04
2.3674674e-04
-2.2593996e-04
-6.9965305e-04
-1.2224364e-03
-1.6497273e-03
-1.8673886e-03
-1.8623588e-03
-1.6718444e-03
-1.3897072e-03
-1.1077184e-03
-9.3020152e-04
-8.4268077e-04
-9.1764475e-04
-1.1436502e-03
-1.4208533e-03
-1.5504464e-03
-1.5071857e-03
-1.4388052e-03
-1.3389856e-03
-1.2444967e-03
-1.1776052e-03
-1.1166219e-03
-1.1107543e-03
-1.0523537e-03
-9.3679888e-04
-7.1041165e-04
-5.1765238e-04
-3.7288374e-04
-4.0345888e-04
-5.0527393e-04
-5.4410737e-04
-1.9761903e-04
4.9743188e-04
1.4326436e-03
2.2091014e-03
2.7331921e-03
3.0594120e-03
3.1993038e-03
3.2087719e-03
3.0320492e-03
2.7660557e-03
2.4263321e-03
2.1142600e-03
1.8376773e-03
1.5736298e-03
1.2545776e-03
8.4388948e-04
3.9458273e-04
-4.4279269e-05
-4.0407890e-04
-6.8007599e-04
-9.5678522e-04
-1.2502135e-03
-1.5816162e-03
-1.8491597e-03
-1.9805128e-03
-1.9285381e-03
-1.6850594e-03
-1.1891155e-03
-5.3769677e-04
8.9396504e-05
4.6701545e-04
6.3578084e-04
6.6822511e-04
7.3155063e-04
6.9097927e-04
4.4188102e-04
5.4916692e-05
-3.3251683e-04
-7.0427906e-04
-1.1099011e-03
-1.5421707e-03
-1.9607338e-03
-2.3275932e-03
-2.5053238e-03
-2.4551151e-03
-2.1182356e-03
-1.6099507e-03
-1.0908866e-03
-5.6704368e-04
-5.3010158e-05
5.7194811e-04
1.2034626e-03
1.7232577e-03
2.0653151e-03
2.1919904e-03
2.1536159e-03
1.8898484e-03
1.4416198e-03
9.8288794e-04
6.9877227e-04
5.3370946e-04
4.3547074e-04
3.2703580e-04
1.7927817e-04
8.3032110e-05
9.9727314e-05
2.7137824e-04
4.4002268e-04
4.6551543e-04
2.3214278e-04
-2.4689645e-04
-8.5353117e-04
-1.3649102e-03
-1.7199578e-03
-1.8591265e-03
-1.8705877e-03
-1.6820817e-03
-1.3482042e-03
-8.6519246e-04
-3.8223637e-04
1.3695915e-05
3.1591028e-04
5.2033405e-04
5.6910185e-04
5.0264904e-04
2.5783672e-04
1.4715497e-05
-1.0110238e-04
-4.8593933e-05
1.2368035e-04
3.5130187e-04
6.2096216e-04
7.9437385e-04
7.9363950e-04
6.1047283e-04
4.0890288e-04
1.9084560e-04
-8.2531292e-06
-1.5855793e-04
-1.7737705e-04
-7.4139347e-05
-2.0657699e-05
-2.6591947e-04
-6.9499630e-04
-1.0817007e-03
-1.2201763e-03
-9.6210259e-04
-3.5109836e-04
4.0043884e-04
1.0759063e-03
1.5520191e-03
1.8544219e-03
1.9108155e-03
1.6199580e-03
1.2086898e-03
7.3177391e-04
2.4999665e-04
-1.8416724e-04
-4.8764464e-04
-6.9569612e-04
-9.2276199e-04
-1.0273282e-03
-1.0009660e-03
-8.1846418e-04
-4.7511123e-04
-6.8626342e-05
2.1922436e-04
2.6491925e-04
9.7195787e-05
-2.8028418e-04
-6.3962530e-04
-7.9362298e-04
-7.7158214e-04
-6.3095468e-04
-4.0973633e-04
-2.2021387e-04
-5.4803706e-05
1.2612347e-04
4.2961865e-04
7.7159423e-04
1.1446023e-03
1.4845763e-03
1.6277741e-03
1.6258847e-03
1.5072485e-03
1.3054466e-03
1.0813893e-03
7.8935591e-04
4.7164714e-04
2.1850405e-04
5.4792907e-05
-9.8763292e-06
2.2585145e-06
1.2328621e-05
-1.0328542e-05
-1.1305012e-04
-3.3075277e-04
-6.3878112e-04
-9.3575495e-04
-1.1952546e-03
-1.2877679e-03
-1.2904644e-03
-1.2831559e-03
-1.1923465e-03
-1.1413412e-03
-1.0221325e-03
-9.7586598e-04
-9.3288071e-04
-9.0519553e-04
-9.0121496e-04
-8.7179996e-04
-8.2488460e-04
-7.6351423e-04
-6.8450881e-04
-5.9692262e-04
-4.2044194e-04
-1.5456441e-04
1.1985260e-04
4.0882420e-04
6.6171528e-04
8.5416178e-04
1.0007407e-03
9.7649580e-04
9.1210094e-04
6.6988705e-04
2.5901700e-04
-1.9490523e-04
-5.3228679e-04
-7.0693638e-04
-6.6456824e-04
-4.5532244e-04
-2.0194307e-04
3.4929956e-05
3.2391999e-04
6.2620893e-04
8.6977625e-04
1.0553688e-03
1.0438447e-03
8.8514926e-04
6.1134845e-04
3.8589658e-04
3.1466796e-04
4.4492889e-04
7.0771945e-04
8.7695816e-04
8.8047127e-04
7.5132455e-04
5.4585462e-04
4.5759536e-04
4.6303224e-04
6.1813698e-04
8.1488701e-04
9.3122421e-04
9.1288247e-04
6.7822624e-04
3.8251416e-04
4.8379600e-05
-3.1627386e-04
-6.9579462e-04
-1.0356473e-03
-1.2238478e-03
-1.2944977e-03
-1.1503839e-03
-7.7332749e-04
-2.7476251e-04
3.0357297e-04
6.5677889e-04
6.9703033e-04
4.6018409e-04
9.7952203e-05
-1.7574734e-04
-3.4946524e-04
-3.7953708e-04
-3.4798985e-04
-4.5456536e-04
-7.2374784e-04
-1.0304176e-03
-1.3336790e-03
-1.5200862e-03
-1.5224347e-03
-1.3459660e-03
-1.0986350e-03
-7.9692592e-04
-4.9462667e-04
-1.3684480e-04
2.4838857e-04
6.3581014e-04
9.9897451e-04
1.2043305e-03
1.1696991e-03
9.6051989e-04
6.4241384e-04
3.5526431e-04
1.8099623e-04
1.0568818e-04
1.3756958e-04
3.7060808e-05
-1.8050550e-04
-4.6082644e-04
-5.8387581e-04
-5.4300803e-04
-2.6973161e-04
-3.7857286e-05
1.0244515e-04
1.6165707e-04
2.0552189e-04
3.7124740e-04
6.6834874e-04
1.0154997e-03
1.3279950e-03
1.3936900e-03
1.2763642e-03
9.6994155e-04
5.4707749e-04
6.6757541e-05
-4.1526337e-04
-7.7775604e-04
-9.3205645e-04
-9.2624496e-04
-8.1768219e-04
-6.9948554e-04
-5.6268625e-04
-3.8364846e-04
-2.5889958e-04
-2.1167836e-04
-2.6074948e-04
-3.7691166e-04
-5.7467904e-04
-7.6110740e-04
-9.1425748e-04
-1.0874176e-03
-1.2660252e-03
-1.4509408e-03
-1.6656065e-03
-1.8549124e-03
-1.9802443e-03
-1.9996949e-03
-1.9084290e-03
-1.5475908e-03
-1.0082490e-03
-2.0905709e-04
5.7600984e-04
1.3115207e-03
1.8990141e-03
2.3370164e-03
2.5663248e-03
2.5929171e-03
2.4396810e-03
2.1770170e-03
1.8506913e-03
1.5291844e-03
1.3051712e-03
1.1563790e-03
1.0285873e-03
9.1395130e-04
7.0193126e-04
5.0835577e-04
2.8877096e-04
1.4230373e-04
9.3957338e-05
1.2483644e-04
2.7750529e-04
4.4560155e-04
6.6344143e-04
8.5484655e-04
1.0017259e-03
1.0262764e-03
1.0545289e-03
1.0106150e-03
8.9215262e-04
6.8254318e-04
5.2497122e-04
4.0649596e-04
3.6672107e-04
3.5031215e-04
3.0684659e-04
2.3539075e-04
1.9025178e-04
1.5626308e-04
1.3571846e-04
1.6003330e-05
-1.8056583e-04
-4.7171972e-04
-7.5685213e-04
-1.0671797e-03
-1.2728650e-03
-1.3280625e-03
-1.2817743e-03
-1.1948998e-03
-1.0894759e-03
-9.8351846e-04
-8.9133220e-04
-8.0343937e-04
-7.0636384e-04
-5.7630206e-04
-4.7743639e-04
-5.2516275e-04
-7.2241260e-04
-9.2796107e-04
-1.1740316e-03
-1.3771430e-03
-1.4514156e-03
-1.3715793e-03
-1.1083434e-03
-7.1582549e-04
-2.7451028e-04
9.6175184e-05
3.0870805e-04
3.6410690e-04
2.5229834e-04
5.0592173e-05
-2.2510568e-04
-4.7191815e-04
-6.7778643e-04
-8.0486913e-04
-8.6094468e-04
-8.9378950e-04
-8.3619493e-04
-6.4754041e-04
-3.8069390e-04
-6.8153117e-05
2.3694406e-04
3.9724579e-04
4.7404617e-04
4.3454043e-04
4.5079097e-04
4.9348799e-04
5.3469114e-04
5.2864852e-04
4.5266663e-04
3.7501579e-04
2.3230499e-04
9.2563609e-05
8.6717785e-06
3.2864955e-05
9.8644752e-05
1.3507341e-04
5.4656973e-05
-1.6153323e-04
-4.3930160e-04
-6.2533510e-04
-7.3649797e-04
-7.3761979e-04
-6.3734546e-04
-4.2424693e-04
-7.6425706e-05
3.4929325e-04
8.5681704e-04
1.3005556e-03
1.6463361e-03
1.8388531e-03
1.9044635e-03
1.8489131e-03
1.7017918e-03
1.5074422e-03
1.3137442e-03
1.1646966e-03
1.0666150e-03
9.6418623e-04
7.9309766e-04
5.5728729e-04
2.5023992e-04
-8.3563524e-05
-3.7893212e-04
-7.5828298e-04
-1.0857065e-03
-1.4001178e-03
-1.4846163e-03
-1.4429418e-03
-1.2491319e-03
-1.0721291e-03
-9.1400238e-04
-7.2758110e-04
-5.0751223e-04
-3.4242887e-04
-2.4056343e-04
-1.6958661e-04
-3.8490619e-05
2.1578092e-04
4.9326194e-04
7.4804908e-04
8.3846056e-04
8.5914836e-04
8.0111771e-04
7.5202099e-04
6.8329525e-04
5.9011327e-04
5.0044710e-04
4.1956594e-04
3.3444451e-04
2.0132155e-04
5.0634385e-05
-1.9317893e-04
-4.0346802e-04
-5.0173277e-04
-4.7927785e-04
-4.0493224e-04
-2.8196531e-04
-2.2012655e-04
-2.8154993e-04
-4.5474528e-04
-6.8963098e-04
-9.3947414e-04
-1.0889137e-03
-1.1016595e-03
-9.5941612e-04
-6.7792655e-04
-3.9543320e-04
-2.6054942e-04
-2.3177706e-04
-2.5722392e-04
-3.3485647e-04
-3.8324992e-04
-3.7680904e-04
-3.2452744e-04
-1.8485885e-04
2.3086145e-06
1.6569676e-04
3.0493785e-04
4.4506954e-04
5.3954221e-04
5.8289221e-04
5.5686271e-04
4.8656320e-04
4.7428699e-04
4.6127499e-04
4.8962582e-04
5.3988427e-04
5.5642312e-04
6.6907021e-04
7.9320059e-04
8.5772933e-04
7.3937849e-04
4.7192043e-04
1.8984249e-04
-1.1077614e-04
-3.2296813e-04
-4.3642261e-04
-4.4475554e-04
-5.0263974e-04
-5.7610802e-04
-5.9061291e-04
-5.4928750e-04
-4.3950976e-04
-2.0264058e-04
-9.4639061e-06
2.6973081e-04
5.9817792e-04
8.5370105e-04
1.0376434e-03
1.1333861e-03
1.0886772e-03
9.5510416e-04
7.5281351e-04
6.1821772e-04
5.7943613e-04
6.3666600e-04
6.3346852e-04
5.7329542e-04
4.2161029e-04
2.6317423e-04
7.0000505e-05
-1.2603619e-04
-4.3186201e-04
-7.3722192e-04
-1.0200183e-03
-1.2126201e-03
-1.2490338e-03
-1.1440552e-03
-9.6910640e-04
-7.8324622e-04
-6.5208841e-04
-5.6959448e-04
-5.3300532e-04
-4.5520494e-04
-3.8525010e-04
-3.0527298e-04
-1.8901946e-04
-7.9233025e-05
-6.5281848e-05
-1.1981982e-04
-2.0854058e-04
-2.9562668e-04
-3.4064047e-04
-3.3072434e-04
-3.3233041e-04
-2.7941506e-04
-3.0689293e-04
-3.7264644e-04
-4.3007921e-04
-4.1527755e-04
-3.4449798e-04
-2.2429436e-04
-1.2110104e-04
-4.0446066e-05
4.6615744e-05
1.6335415e-04
2.7789726e-04
3.3615545e-04
4.0218711e-04
4.3647377e-04
4.6884639e-04
4.5701462e-04
4.9433447e-04
5.1944860e-04
5.4147947e-04
4.9499060e-04
4.2292375e-04
3.6043836e-04
3.4829363e-04
3.4996685e-04
3.5174013e-04
3.1242606e-04
2.1642768e-04
1.7832780e-04
1.4124054e-04
2.0217928e-04
3.1651664e-04
4.6840942e-04
5.5514862e-04
5.5898144e-04
5.4528903e-04
5.0788049e-04
4.4702623e-04
3.4966291e-04
1.4946615e-04
-3.1143829e-05
-2.2079563e-04
-3.4643755e-04
-4.9100943e-04
-6.6195464e-04
-8.1470598e-04
-9.5430263e-04
-1.1527898e-03
-1.3198310e-03
-1.4374561e-03
-1.4742091e-03
-1.3031505e-03
-9.6269923e-04
-6.2782566e-04
-4.1782363e-04
-3.2125587e-04
-2.9905586e-04
-2.9722548e-04
-2.2837516e-04
-7.4781827e-05
1.1989117e-04
2.9081348e-04
3.9538053e-04
4.5710152e-04
4.6788772e-04
4.0060421e-04
3.2183435e-04
1.8033273e-04
1.1272048e-05
-1.2330029e-04
-2.0748503e-04
-1.9375286e-04
-1.5256583e-04
-6.6329031e-05
7.6925209e-05
2.5537643e-04
4.9045088e-04
6.5043983e-04
7.3130429e-04
7.5159687e-04
7.2144781e-04
6.4228124e-04
5.4404567e-04
4.0140726e-04
3.3386485e-04
2.8870427e-04
2.7032412e-04
3.5525715e-04
4.2959161e-04
5.6844403e-04
5.9008313e-04
5.0978749e-04
3.6534618e-04
1.8699729e-04
2.0361870e-05
-3.4248584e-05
6.1414411e-05
2.0049531e-04
2.9434558e-04
2.5876152e-04
1.0985547e-04
-8.9085618e-05
-2.4867867e-04
-3.1673271e-04
-3.1479983e-04
-2.3115346e-04
-1.6021385e-04
-6.2642897e-05
5.3727043e-05
1.8097512e-04
3.5719249e-04
5.1208574e-04
5.9216548e-04
5.6280301e-04
