0.01
-1.1100833e-04
-1.3229614e-03
-1.8715962e-03
-1.3674922e-03
2.8825100e-03
5.0154001e-03
2.4505663e-03
-3.9203342e-03
-1.0878119e-02
-5.8183580e-03
-3.7669565e-03
1.2468227e-02
1.8119237e-02
4.2926357e-04
3.7524674e-03
-1.7769237e-02
-1.7390532e-02
1.4776278e-03
7.9995261e-04
2.2450267e-02
1.2519639e-02
1.7786487e-03
-3.3615019e-03
-1.5311260e-02
-4.0184847e-03
-1.2778981e-02
-2.9966056e-03
2.0167705e-02
6.5436285e-04
1.9376553e-03
1.1230573e-02
-1.6301932e-02
-8.9586965e-03
7.7475463e-03
-7.5776915e-03
6.0534923e-03
1.2648994e-02
-7.6747894e-03
-2.9524737e-04
5.9787346e-03
-3.1886669e-03
-3.9956305e-03
-5.2582088e-03
2.0946420e-03
1.3846428e-02
3.8278036e-03
-3.4994008e-03
-6.7412282e-03
-1.5866046e-02
-2.1876866e-03
1.0336740e-02
9.5464369e-03
1.1328794e-02
3.4871882e-03
-6.4413099e-03
-1.0652498e-02
-9.6070349e-03
-8.8574616e-04
2.7684412e-03
-1.0271109e-03
-5.7436507e-05
-4.3519691e-03
-5.1767488e-03
1.5870853e-03
-4.2992983e-03
-4.9967697e-06
2.3568949e-03
-3.5944735e-03
6.3057910e-03
2.3269432e-03
-4.6237034e-03
3.8350737e-04
-6.7370892e-03
4.6036715e-04
1.4416230e-02
9.3154957e-03
7.5190330e-03
1.2226019e-03
-7.0534689e-03
-6.1341242e-03
-1.1061358e-03
3.5916694e-03
6.1758049e-03
8.2055648e-03
1.2019467e-03
-2.7348210e-03
-1.9738339e-03
-6.6156794e-03
-6.5659783e-03
4.2487442e-03
7.3447712e-03
8.7869543e-04
2.6274170e-03
-1.3996797e-03
-9.0407669e-03
-8.3569479e-03
-8.3144859e-03
-1.7110587e-03
8.3862597e-03
4.3610467e-03
-1.7299117e-03
-2.7984955e-03
-5.6888423e-03
-4.2319927e-05
4.3019659e-03
2.4170085e-03
4.5802476e-03
3.9864078e-03
2.4204687e-03
-1.7735940e-04
5.8988670e-04
2.9922357e-03
2.0774948e-03
2.0569827e-03
-4.0420243e-03
-6.4730975e-03
-4.0090352e-03
-8.3528526e-04
4.1859284e-03
4.4912358e-03
4.6144124e-03
3.1249642e-04
-5.9469258e-04
6.0770385e-03
3.6754324e-03
2.5172727e-03
-2.1295558e-03
-1.2832871e-02
-6.2498100e-03
-1.2514948e-03
-4.3394147e-03
-9.6115229e-04
1.3063876e-03
-2.0023632e-03
-5.1096627e-03
-1.3160492e-03
1.9037818e-03
3.8680526e-03
7.8543031e-05
-4.4674803e-03
1.0226039e-04
5.1231422e-03
5.9939908e-03
-2.5455217e-03
-3.6905163e-03
3.9152246e-03
-1.2537711e-03
-3.4696691e-03
2.8466185e-03
-2.2915569e-03
-7.3219536e-03
2.1048330e-03
1.1002142e-02
7.5131251e-03
3.2937066e-03
1.0428814e-03
-1.0488940e-03
-8.4902532e-04
-8.5640609e-03
-6.6034969e-03
9.8566562e-03
1.4567654e-02
3.4959300e-03
-1.0418994e-02
-1.0633937e-02
-1.0875578e-03
-1.0942567e-03
2.5766606e-04
3.0200912e-03
-3.8882338e-03
-1.1840724e-03
6.2210823e-03
8.4892314e-03
7.4877260e-03
3.1412722e-03
-5.0704319e-03
-1.2778716e-02
-1.0195501e-03
1.4236830e-02
1.5218978e-02
4.3123515e-03
-9.1296728e-03
-1.1287827e-02
1.4887801e-02
4.0496207e-02
-2.5946204e-03
-5.8600609e-02
-7.8543469e-02
-9.4628109e-02
-7.3386745e-02
-1.7341046e-02
-8.0710670e-03
-3.0571003e-02
-1.7520524e-02
2.9948143e-02
9.5290269e-02
1.4065220e-01
1.2505524e-01
4.8786500e-02
-8.3677019e-03
-4.9806680e-03
1.6840731e-03
-1.0754434e-02
-2.1741972e-02
3.2892815e-03
2.0149615e-02
-1.6737169e-02
-4.3584464e-02
-2.7206648e-02
-1.6396512e-02
-1.8000652e-02
1.0220324e-02
8.6805137e-03
-1.3509923e-02
-1.8841244e-03
-8.4336847e-03
7.4225646e-03
4.1885509e-02
3.3293953e-02
7.1428789e-03
-8.4220670e-03
7.6608946e-04
9.0566256e-03
2.6972068e-03
-6.2161936e-03
-1.5723904e-02
-1.6590259e-02
-1.4967387e-02
-1.9607235e-02
-1.9931960e-02
-9.8853672e-03
-1.1036814e-02
-2.0650604e-02
-2.3138404e-02
-1.5568714e-02
5.9037017e-03
1.2006338e-02
1.1264530e-02
2.6313842e-02
3.8045295e-02
3.2460412e-02
1.8465447e-02
2.0471278e-02
1.8637979e-02
6.7257393e-03
2.9441704e-03
-1.4402307e-03
1.8266887e-03
3.8090567e-03
-5.7539167e-03
-1.6268823e-02
-2.4338273e-02
-2.5223745e-02
-1.9619498e-02
-1.2098667e-02
-1.0739205e-02
-1.2272821e-02
-1.4480397e-02
-1.8933226e-02
-1.3557001e-02
2.3151213e-03
1.1876591e-02
8.3375345e-03
3.9175936e-03
-1.2242838e-04
3.7547244e-03
2.1323534e-02
2.4487432e-02
1.3135596e-02
3.8113323e-03
-4.9567313e-03
-8.8181951e-03
-1.6253324e-02
-2.6761563e-02
-2.9460007e-02
-2.5340528e-02
-1.6231015e-02
-4.9739336e-03
6.9680045e-03
1.6829001e-02
2.1489227e-02
1.7186083e-02
1.2963076e-02
1.2362646e-02
1.1239956e-02
1.6449123e-02
1.7561318e-02
1.4321185e-02
1.3160530e-02
6.8428021e-03
4.1307173e-03
6.4358887e-03
6.9436267e-03
2.4965823e-03
-9.5238969e-03
-1.7427381e-02
-1.5713917e-02
-1.1528890e-02
-7.6033177e-03
-4.4813952e-03
-1.1050636e-03
-5.5515346e-04
2.2965323e-03
1.1995794e-02
1.0686381e-02
2.3906135e-03
1.2016915e-04
-3.0017812e-03
-4.4078843e-03
-9.1766252e-05
3.4753582e-03
2.7991705e-03
1.9805895e-03
-1.9928488e-03
-9.6346098e-03
-1.1661494e-02
-7.0533096e-03
-5.1118888e-04
1.5300502e-03
-2.6938543e-03
-6.6673320e-03
-8.3236940e-03
-7.7592457e-03
-4.4436416e-03
-2.1997682e-03
-2.2221837e-03
-4.9604854e-03
-9.7127829e-03
-5.8623960e-03
6.2562829e-03
1.1787927e-02
1.1856318e-02
9.6600794e-03
1.4925444e-03
-7.1340465e-03
-1.1621240e-02
-1.0777453e-02
-7.4660927e-03
-6.4266404e-03
-1.8660412e-03
7.6551340e-03
1.4054157e-02
1.7742299e-02
1.8415129e-02
1.4512314e-02
9.0398039e-03
3.7509226e-03
1.7828405e-03
-1.4301418e-03
-7.0963629e-03
-9.0098017e-03
-9.5401465e-03
-4.9123976e-03
1.1780091e-03
1.0258692e-03
3.1795706e-03
5.1688334e-03
3.6681051e-03
3.8513322e-03
5.4380352e-03
3.8461883e-03
-4.1770873e-03
-9.7421021e-03
-7.6146726e-03
-3.3193200e-03
3.5332875e-04
2.4312236e-03
2.4275455e-03
-5.8805934e-04
-4.3086045e-03
-5.0288320e-03
-2.4318563e-03
-5.0623538e-04
-4.5284027e-03
-9.8950837e-03
-1.0971723e-02
-6.9075445e-03
-1.5204980e-03
7.6518529e-04
2.6146927e-03
3.3549977e-03
3.7097193e-03
6.8157497e-03
1.0070102e-02
1.1531714e-02
1.1568306e-02
9.9929734e-03
7.1640515e-03
4.5814274e-03
2.6778802e-03
8.8602279e-04
-3.7384718e-03
-1.0180260e-02
-1.0902673e-02
-7.4534431e-03
-5.6220770e-03
-1.7996371e-03
5.3815206e-03
6.5928418e-03
2.2753973e-03
3.3223103e-03
3.4050719e-03
-2.5456632e-03
-5.6144904e-03
-7.4201335e-03
-1.0072649e-02
-1.0085990e-02
-9.2486365e-03
-7.6542198e-03
-3.3952166e-03
1.6970642e-03
4.8000666e-03
7.5995080e-03
1.0253686e-02
8.5799808e-03
3.6650429e-03
1.9604500e-03
4.1966488e-03
4.9033156e-03
3.2234022e-03
5.3314274e-04
-2.9310955e-03
-6.3321544e-03
-6.6023784e-03
-4.1548097e-03
-2.8030935e-03
-1.9954777e-03
-2.4294363e-03
-2.5374262e-03
-4.5074874e-04
5.0535870e-04
6.2656047e-05
8.3675370e-05
1.7686046e-04
-1.0236890e-03
-3.1230002e-03
-4.5783815e-03
-5.4243858e-03
-4.2418527e-03
-2.7228233e-04
3.6712909e-03
6.3722349e-03
7.7435085e-03
7.4589197e-03
4.7717707e-03
5.4226863e-04
-8.2766259e-04
5.6543759e-04
7.8372953e-04
-3.1233486e-04
-7.3701682e-04
3.6546937e-04
5.2023350e-04
-1.2773151e-04
2.2278915e-04
1.5089106e-04
6.8202794e-04
1.0489427e-03
1.0330502e-03
2.1918065e-03
2.7470669e-03
8.8456151e-04
-3.9749902e-03
-8.0110195e-03
-8.2798421e-03
-6.8017958e-03
-3.4937321e-03
1.7476757e-03
6.1966671e-03
7.5214754e-03
5.7859526e-03
4.5715766e-03
4.3323061e-03
3.0263206e-03
2.3451730e-03
2.7048167e-03
2.7854395e-03
1.2289964e-03
-1.5904219e-03
-3.1989008e-03
-4.4218824e-03
-6.1017429e-03
-5.9245138e-03
-3.6476323e-03
-1.3482540e-03
1.0122291e-03
3.8883649e-03
4.6090726e-03
2.5183485e-03
6.0237726e-04
-2.9551098e-04
2.0858638e-04
1.6315499e-03
8.4550963e-04
-1.6325352e-03
-3.9372182e-03
-5.3815116e-03
-5.1464634e-03
-5.1839219e-03
-5.6045692e-03
-4.3355062e-03
-2.2886559e-03
-8.8516549e-04
-1.3947591e-04
-8.7324278e-06
3.2894091e-04
2.3679087e-03
4.2289881e-03
4.1257891e-03
4.4077768e-03
5.9747279e-03
7.4771401e-03
8.2303485e-03
7.4752963e-03
5.1050365e-03
3.2536430e-03
2.3033772e-03
1.2802203e-03
8.8783665e-04
4.9074441e-04
-5.3095452e-04
-9.0858338e-04
-8.3854172e-05
1.3474095e-03
3.1267947e-03
3.6689425e-03
1.9816869e-03
-3.4057022e-04
-2.6381020e-03
-4.4637019e-03
-4.8394449e-03
-4.2799623e-03
-3.4458518e-03
-2.5033145e-03
-2.4800056e-03
-2.7704115e-03
-2.7025126e-03
-3.5365425e-03
-4.3462555e-03
-3.4248218e-03
-2.4993267e-03
-2.5033050e-03
-2.0437187e-03
-1.9996105e-04
2.8885159e-03
4.7727565e-03
5.2926877e-03
5.1609486e-03
3.7072961e-03
2.1718847e-03
8.8353419e-04
-3.1036002e-04
-9.0711668e-04
-1.5525269e-03
-3.7831448e-03
-7.4463412e-03
-9.8174874e-03
-9.7824649e-03
-9.1839317e-03
-8.5547871e-03
-6.7081995e-03
-4.2698949e-03
-2.2461720e-03
-1.4193620e-03
-2.2162278e-03
-3.1902883e-03
-2.6602562e-03
-1.0010910e-03
-4.5296441e-04
-1.8192859e-04
1.2534933e-03
2.5681399e-03
3.9260146e-03
5.9193166e-03
7.7147574e-03
9.3656939e-03
1.0252189e-02
9.2347209e-03
7.9642845e-03
6.7823200e-03
4.7009922e-03
3.3093259e-03
2.7373987e-03
1.6155829e-03
5.7281739e-04
4.3298370e-04
1.3468442e-03
2.0483217e-03
2.3100719e-03
2.6910248e-03
2.2467041e-03
2.2995250e-03
2.5328295e-03
1.1558914e-03
3.2795165e-05
1.9571865e-04
7.0792244e-04
9.5854662e-04
4.4896566e-04
-1.0854219e-03
-2.9017996e-03
-4.2480488e-03
-5.6283087e-03
-6.2359137e-03
-5.7860395e-03
-5.2168024e-03
-3.8199309e-03
-1.8880075e-03
7.5397862e-06
1.3320007e-03
1.9873916e-03
2.7531456e-03
2.0618822e-03
2.0774034e-04
-1.3396970e-03
-2.7136271e-03
-2.5748564e-03
-1.0391242e-03
-8.7537904e-04
-2.5907767e-03
-3.3361552e-03
-2.4740753e-03
-1.3403493e-03
-3.9703597e-04
-5.1616512e-04
-8.1807094e-04
-7.0612444e-05
5.8833952e-04
9.0424114e-04
-2.2581964e-04
-2.7789622e-03
-3.2977447e-03
-3.2211984e-03
-3.0631757e-03
-5.6167426e-04
2.2661359e-03
3.4519154e-03
2.7377880e-03
1.6612699e-03
4.6600104e-04
-5.3668516e-04
-2.2068393e-04
-5.1046062e-04
3.1461944e-04
2.6624936e-03
3.5703150e-03
4.3646704e-03
3.9762362e-03
2.4513414e-03
2.2944559e-03
2.2211219e-03
1.7748982e-03
1.1795034e-03
8.2155742e-04
8.8186409e-04
1.0112063e-03
1.1381896e-03
1.0902822e-04
-1.3949521e-03
-2.2417024e-03
-2.5727572e-03
-2.0784214e-03
-1.1732909e-03
-5.1299919e-04
-4.5827150e-04
-9.2149813e-04
-1.3647109e-03
-1.8363831e-03
-2.1219832e-03
-1.7902051e-03
-2.2460519e-03
-3.2751574e-03
-3.3002124e-03
-3.0194084e-03
-2.0807432e-03
-4.5048114e-04
1.2545004e-03
2.7253912e-03
3.4719303e-03
4.2447352e-03
5.2576983e-03
5.8680020e-03
4.4371343e-03
1.5263783e-03
-2.2302222e-04
-1.2710461e-03
-2.3179155e-03
-2.9885658e-03
-3.5833759e-03
-3.1959730e-03
-1.1659643e-03
9.7217864e-04
2.0567504e-03
1.8767397e-03
1.0998443e-03
1.9414619e-04
-7.6093970e-04
-9.4499906e-04
-7.0422093e-04
-3.9741441e-04
2.3718902e-04
5.7585479e-04
4.1239046e-04
4.4566543e-04
9.4756064e-05
-8.9272526e-04
-1.4037003e-03
-1.4764524e-03
-1.4032583e-03
-1.2131637e-03
-6.5546499e-04
7.7668655e-05
4.4572970e-05
-7.6905742e-04
-1.5077913e-03
-1.9387417e-03
-1.8063971e-03
-1.0309025e-03
-4.2651758e-04
5.9032503e-04
1.5774223e-03
1.6742825e-03
1.8105350e-03
1.8374677e-03
1.4603242e-03
8.6674441e-04
1.1473632e-04
-5.9462645e-04
-7.1043527e-04
1.7133929e-05
6.5243203e-04
1.3363700e-03
2.2530067e-03
2.7017640e-03
2.8482104e-03
2.3517877e-03
1.6888103e-03
1.1529511e-03
3.6432590e-04
-3.2783872e-04
-1.5468872e-03
-2.4199898e-03
-2.3119836e-03
-1.9443666e-03
-9.4327510e-04
-6.5227410e-04
-1.0302512e-03
-6.9739684e-04
-8.1896844e-04
-8.2105216e-04
-2.7446355e-04
-1.7685283e-04
-4.1393851e-04
-1.0677163e-03
-1.5095934e-03
-1.8451132e-03
-2.4633061e-03
-2.0053222e-03
-6.2473441e-04
6.7868427e-04
1.6429213e-03
1.7205869e-03
1.8272739e-03
2.2353966e-03
2.1074731e-03
2.1905163e-03
1.5490822e-03
5.0774049e-05
-4.2369044e-04
-7.6575224e-04
-9.6600104e-04
-5.2066263e-04
1.4685547e-04
1.6441783e-03
2.8279192e-03
3.4228683e-03
3.8252819e-03
2.8999526e-03
1.8112029e-03
1.7422533e-03
1.6617386e-03
1.1836235e-03
5.9897510e-04
2.7655035e-04
-2.3732681e-05
-7.6535048e-04
-1.2865155e-03
-1.6792854e-03
-2.5001841e-03
-2.5220686e-03
-1.5989017e-03
-1.4834558e-03
-1.6065781e-03
-1.5872030e-03
-2.0506525e-03
-2.1222554e-03
-1.9877961e-03
-1.7173115e-03
-1.4014943e-03
-1.6180103e-03
-1.8979727e-03
-1.8615834e-03
-1.4166098e-03
-1.0058298e-03
-7.6980149e-04
-1.2133675e-04
6.1843044e-04
6.9525095e-04
6.0537418e-04
7.1936681e-04
4.7466082e-04
-4.5399022e-04
-1.7143612e-03
-2.5472242e-03
-2.6843773e-03
-2.8088958e-03
-3.1304343e-03
-3.0939504e-03
-2.6561461e-03
-1.2225357e-03
7.5360349e-04
2.4405549e-03
3.9410624e-03
4.6409613e-03
5.0282840e-03
5.4022002e-03
5.3002142e-03
4.9952043e-03
4.4833034e-03
3.2764661e-03
1.9303799e-03
1.1513811e-03
1.5191389e-04
-6.3783046e-04
-8.4354895e-04
-9.3182370e-04
-5.3213854e-04
-1.7889173e-04
-2.1523369e-04
-6.3490771e-04
-1.2300690e-03
-1.3622099e-03
-1.5142728e-03
-1.7182145e-03
-1.5987071e-03
-1.4111383e-03
-1.2389922e-03
-1.0318459e-03
-9.6038955e-04
-9.3213955e-04
-8.3410135e-04
-1.1244945e-03
-9.6837343e-04
3.2764665e-04
1.7608280e-03
2.8997464e-03
3.7792508e-03
3.8969441e-03
3.2005415e-03
2.2905340e-03
1.1625273e-03
7.4203349e-05
-5.8352474e-04
-8.7963016e-04
-9.1729192e-04
-1.1060496e-03
-1.5511504e-03
-2.0549871e-03
-2.2002358e-03
-2.3501299e-03
-2.5688454e-03
-2.2194100e-03
-2.1626478e-03
-2.3354151e-03
-2.3035108e-03
-2.0881296e-03
-1.1675824e-03
-2.9364395e-04
2.4853308e-04
7.0281161e-04
1.1673849e-03
1.8487932e-03
2.2769732e-03
2.5890373e-03
2.8880330e-03
3.0610922e-03
3.4085378e-03
3.5524569e-03
3.2793523e-03
3.1393114e-03
2.8869475e-03
2.1738970e-03
1.7461186e-03
1.4268538e-03
4.7143041e-04
-3.0440860e-04
-4.3163897e-04
-7.1875368e-04
-1.2839765e-03
-1.6678277e-03
-1.9930778e-03
-2.6691419e-03
-3.4653276e-03
-4.0835368e-03
-4.2947656e-03
-3.6523918e-03
-2.8659906e-03
-2.1180736e-03
-1.3430335e-03
-1.1989650e-03
-9.7158934e-04
-6.5651730e-04
-9.5568522e-04
-1.9809881e-03
-2.9593871e-03
-3.1305778e-03
-3.2747512e-03
-3.0729688e-03
-2.1138651e-03
-1.3692316e-03
-1.1155196e-03
-9.9685764e-04
-1.0775749e-03
-9.8876678e-04
-1.4832316e-04
9.0815929e-04
2.1144917e-03
3.6011238e-03
4.6860903e-03
5.0528893e-03
4.8564601e-03
4.4911197e-03
3.9526313e-03
3.3873887e-03
3.1384669e-03
2.6681499e-03
2.2047576e-03
1.9722883e-03
1.5054874e-03
9.3451154e-04
3.2186485e-04
1.6101086e-04
2.5638882e-04
3.7064070e-05
1.2190392e-04
2.9468926e-04
3.6662275e-04
5.8466442e-04
3.2096835e-04
-2.3316740e-04
-8.1246726e-04
-1.2099183e-03
-1.0597964e-03
-1.3020438e-03
-1.7737286e-03
-1.9074335e-03
-2.0061933e-03
-1.9383895e-03
-1.9271712e-03
-1.5129828e-03
-5.3366514e-04
1.2959797e-05
1.1172493e-04
1.8680714e-04
6.2380031e-05
-2.5218276e-04
-3.0264951e-04
-5.3543185e-04
-1.1729631e-03
-1.5168391e-03
-1.6772003e-03
-1.7419177e-03
-1.3823984e-03
-7.1884194e-04
-3.5591205e-04
-4.1365444e-04
6.9010661e-05
1.2532755e-03
2.1144222e-03
2.1738678e-03
2.0346465e-03
2.3645915e-03
2.6854971e-03
2.8635373e-03
3.2012905e-03
3.2205996e-03
3.1647801e-03
3.4092953e-03
3.6378770e-03
3.7087264e-03
2.9944004e-03
1.4727785e-03
3.7237450e-04
-1.7915748e-04
-1.0153830e-03
-1.8285289e-03
-2.2722693e-03
-3.2155363e-03
-4.3824285e-03
-4.7557844e-03
-4.7039057e-03
-4.7942440e-03
-4.5547592e-03
-3.9328798e-03
-3.6801864e-03
-3.6371686e-03
-3.3246593e-03
-2.6148981e-03
-1.9563527e-03
-1.4772953e-03
-1.0029573e-03
-8.6712100e-04
-4.7550610e-04
2.1946066e-04
5.3606442e-04
7.8645699e-04
1.3560674e-03
1.6576904e-03
1.1160498e-03
4.5290791e-04
-1.9610684e-04
-8.1101275e-04
-8.7580563e-04
-5.7877068e-04
2.1045191e-04
1.0480251e-03
1.7222049e-03
2.6650617e-03
3.2918905e-03
3.4669873e-03
3.4100035e-03
3.0111598e-03
2.3524921e-03
1.5433829e-03
9.0975958e-04
7.5776844e-04
8.4820461e-04
6.8253872e-04
2.6897096e-04
-2.7736154e-04
-1.0462879e-03
-1.5277507e-03
-1.3037908e-03
-6.9160717e-04
2.1274681e-04
1.1365929e-03
1.7129566e-03
1.9933450e-03
1.7408519e-03
1.3512273e-03
1.3645132e-03
1.6461769e-03
1.7428891e-03
1.3209862e-03
7.7646988e-04
2.6855895e-04
-5.1543424e-05
-1.2693737e-04
-4.9527512e-04
-1.1578811e-03
-1.6284477e-03
-1.7117884e-03
-1.6989548e-03
-1.6504231e-03
-1.1698923e-03
-5.9940485e-04
-6.3751748e-04
-1.0191499e-03
-1.0876554e-03
-5.5687304e-04
-6.1761549e-05
-2.2779558e-04
-2.5337446e-04
1.4395817e-04
9.6615709e-05
-3.1733836e-04
-5.3769581e-04
-5.3114584e-04
-2.3913252e-04
6.6275107e-05
1.7626058e-04
2.8441732e-04
3.1046225e-04
2.6145233e-04
5.3183972e-05
-1.8420879e-04
-5.1353993e-05
1.1127945e-04
7.9285804e-06
-3.6289967e-04
-6.0889039e-04
-3.0022021e-04
-1.0551591e-04
-4.2174229e-05
1.9353904e-04
6.7251455e-04
1.3461716e-03
1.2857369e-03
9.2781133e-04
1.1431439e-03
1.0123752e-03
5.7468963e-05
-6.7702376e-04
-5.9500962e-04
-4.5184537e-04
-9.9885101e-04
-1.5648723e-03
-1.6673219e-03
-1.5301925e-03
-1.3140245e-03
-1.1685177e-03
-7.8111022e-04
-7.5413813e-04
-9.8729781e-04
-9.1063775e-04
-1.1418279e-03
-1.2334340e-03
-1.3039825e-03
-1.5780857e-03
-9.5652829e-04
5.2109850e-05
5.1298179e-04
6.1475176e-04
1.8253561e-04
-6.3224282e-04
-1.0901575e-03
-1.0546874e-03
-6.7101798e-04
-6.4267165e-05
5.7898186e-04
1.1828129e-03
1.3299317e-03
1.1149759e-03
1.1014277e-03
1.0365677e-03
9.3638913e-04
1.0393252e-03
1.2945124e-03
1.6489330e-03
1.8315956e-03
2.0006945e-03
2.3049185e-03
2.6444483e-03
2.9614966e-03
2.9906960e-03
2.5838480e-03
2.0486574e-03
1.8947625e-03
1.7339409e-03
1.1279768e-03
4.4162605e-04
-1.5582167e-05
-4.3181227e-04
-1.1491075e-03
-1.5636503e-03
-1.5201655e-03
-1.7654866e-03
-2.0298319e-03
-1.9333061e-03
-1.8874977e-03
-1.9600670e-03
-2.0518247e-03
-1.9421746e-03
-1.2971196e-03
-5.7304702e-04
1.0323565e-04
7.0049980e-04
7.6181583e-04
5.3013781e-04
3.0750930e-04
4.2972558e-05
-1.3239207e-04
-3.6267884e-04
-9.2834739e-04
-1.5086597e-03
-1.7057288e-03
-1.5730388e-03
-1.6579707e-03
-1.8927048e-03
-1.6331199e-03
-9.8244684e-04
-1.1943727e-04
7.5119484e-04
1.0831417e-03
9.0547434e-04
8.2529962e-04
8.2426339e-04
7.6309721e-04
8.6406229e-04
7.6483200e-04
4.2551326e-04
1.7939015e-04
1.6358924e-04
4.1082003e-04
3.2562739e-04
-7.5828289e-05
-1.1285214e-04
2.8883112e-05
1.7152454e-04
6.2685691e-04
1.2347068e-03
1.6128872e-03
1.5805278e-03
1.2066753e-03
7.9606101e-04
4.5953644e-04
1.6680649e-04
-4.1211372e-05
-2.7586924e-04
-6.2102532e-04
-8.2904447e-04
-8.2402527e-04
-8.2359232e-04
-9.5520955e-04
-9.9134585e-04
-6.6533907e-04
-2.1235303e-04
1.7632261e-04
4.6177154e-04
4.6170351e-04
2.5176294e-04
1.6403471e-05
-1.8548704e-04
-5.1654030e-04
-9.7639729e-04
-1.0239308e-03
-7.2627223e-04
-4.1869868e-04
-2.8174052e-05
2.9849465e-04
1.9621854e-04
-3.6446735e-04
-5.7388618e-04
-2.1582850e-04
1.9922025e-04
4.7880917e-04
5.3439736e-04
6.3646246e-04
8.7000661e-04
1.0358418e-03
1.0134919e-03
8.5299478e-04
9.7053830e-04
1.1808301e-03
1.2049810e-03
1.2217976e-03
1.0537490e-03
6.2352020e-04
2.3384200e-04
-7.0588875e-05
-7.4089851e-04
-1.6233922e-03
-2.0940915e-03
-2.2511754e-03
-2.2291132e-03
-1.9905267e-03
-1.5816298e-03
-1.1603659e-03
-6.7387453e-04
-4.4499392e-05
2.8139862e-04
4.8011044e-04
8.0018568e-04
8.8468101e-04
7.8126287e-04
5.0105000e-04
1.7740967e-04
1.0262319e-04
6.1031515e-05
-1.5991832e-04
-5.5980303e-04
-8.5493090e-04
-9.0352766e-04
-8.7443955e-04
-7.0880843e-04
-4.6331772e-04
-2.7344188e-04
-3.7507709e-05
3.2753476e-04
7.9380639e-04
1.0342203e-03
6.0209113e-04
-2.9875168e-04
-8.9241802e-04
-8.1061039e-04
-2.3088667e-04
6.7270064e-04
1.4396144e-03
1.7969133e-03
1.9894651e-03
1.8912532e-03
1.2020208e-03
3.2029939e-04
-2.4409936e-04
-6.1820245e-04
-7.7302357e-04
-8.6901280e-04
-1.1127632e-03
-1.0350866e-03
-6.8563468e-04
-4.5105710e-04
-1.7739576e-04
1.2850294e-04
4.1173307e-04
9.3518289e-04
1.4563090e-03
1.5754037e-03
1.4026391e-03
1.0607980e-03
6.8816905e-04
3.0928935e-04
-2.0906598e-04
-4.8764246e-04
-3.3697765e-04
-2.0116782e-04
3.7655567e-08
3.1971763e-04
2.1861915e-04
-1.6246886e-04
-4.4636914e-04
-5.7680225e-04
-3.8324656e-04
-5.2915287e-05
-8.1614438e-05
-3.2165804e-04
-3.7878086e-04
-5.3671315e-04
-6.6875004e-04
-4.5272756e-04
-3.5186614e-04
-5.3190389e-04
-6.1141390e-04
-3.7569623e-04
2.1190671e-04
9.3791253e-04
1.4028017e-03
1.5664458e-03
1.5532150e-03
1.4382942e-03
1.3593013e-03
1.2974340e-03
9.7488995e-04
6.0644876e-04
4.9481677e-04
3.3331890e-04
1.2916780e-04
-1.3121500e-04
-4.4155993e-04
-4.5354901e-04
-4.3915747e-04
-6.3193969e-04
-7.1219314e-04
-6.8460207e-04
-8.1608668e-04
-1.0218487e-03
-9.4107002e-04
-5.9702431e-04
-3.0274509e-04
-1.3217257e-04
-7.3624897e-05
-1.4877051e-04
-3.2199918e-04
-6.1028838e-04
-8.0228899e-04
-6.8463997e-04
-6.1700643e-04
-5.7137200e-04
-6.5511621e-04
-1.1897772e-03
-1.6727727e-03
-1.9931035e-03
-2.4324238e-03
-2.9276395e-03
-3.1437831e-03
-2.9301313e-03
-2.4972998e-03
-1.9579378e-03
-1.4687366e-03
-1.0973135e-03
-7.1113970e-04
-4.7601390e-04
-3.8676373e-04
-1.9266287e-04
4.5863575e-06
3.9130542e-04
8.3207939e-04
1.1201322e-03
1.5890774e-03
1.8925229e-03
2.1263058e-03
2.5450860e-03
2.6717529e-03
2.5716877e-03
2.6029863e-03
2.8357800e-03
3.0292986e-03
3.0462880e-03
2.9800354e-03
2.6424348e-03
1.9201688e-03
1.2234951e-03
6.9512292e-04
2.0748461e-04
-6.3251555e-05
-2.8800236e-05
3.2075221e-04
6.1154417e-04
6.7233945e-04
6.4597500e-04
2.5932892e-04
-4.5301398e-04
-1.1964308e-03
-1.7176268e-03
-1.9727042e-03
-2.0546376e-03
-1.8922077e-03
-1.4966184e-03
-1.1548870e-03
-9.6644424e-04
-7.8885420e-04
-7.5186444e-04
-8.5814318e-04
-1.0426428e-03
-1.1887235e-03
-1.0869805e-03
-8.8940430e-04
-5.9208522e-04
-1.2953897e-04
1.9256973e-04
4.6755813e-04
8.1130961e-04
8.2932742e-04
6.9522683e-04
7.9077460e-04
8.7069525e-04
8.0352260e-04
8.1961088e-04
9.3744001e-04
1.0412763e-03
1.0898782e-03
1.0702290e-03
1.0088304e-03
8.8307784e-04
7.9131068e-04
7.4466581e-04
5.7638747e-04
5.1797503e-04
6.4825729e-04
7.6799904e-04
1.0260998e-03
1.3455918e-03
1.3499435e-03
1.0609020e-03
7.9235889e-04
5.7203664e-04
2.7545608e-04
-9.9325589e-05
-5.3871087e-04
-1.0766842e-03
-1.6802326e-03
-2.2172983e-03
-2.3228388e-03
-1.9226639e-03
-1.6788487e-03
-1.6424915e-03
-1.5093047e-03
-1.3921589e-03
-1.2670750e-03
-1.1434276e-03
-1.0850345e-03
-1.0610659e-03
-8.3788847e-04
-3.3293612e-04
8.9507815e-05
1.9548462e-04
8.9979828e-05
-7.6353358e-05
-2.0441276e-04
-3.1045932e-04
-4.8862487e-04
-5.6545887e-04
-3.3201703e-04
-1.2058048e-05
1.7923410e-04
2.5206869e-04
1.1481745e-04
1.4940180e-05
8.1085757e-05
-4.8697596e-06
-1.6974870e-04
-2.5208425e-04
-3.9214976e-05
5.0071880e-04
9.4329387e-04
1.2891338e-03
1.6906506e-03
1.9989110e-03
2.0352632e-03
1.8860929e-03
1.7046250e-03
1.4502725e-03
1.1093332e-03
8.1334973e-04
7.0743099e-04
7.5699062e-04
8.3493292e-04
6.8610287e-04
3.3857736e-04
9.2526183e-05
-1.0181820e-04
-3.9289618e-04
-8.1624547e-04
-1.2164140e-03
-1.4810693e-03
-1.6874035e-03
-1.7862632e-03
-1.8250560e-03
-1.8270023e-03
-1.7460549e-03
-1.6810115e-03
-1.4902715e-03
-1.2628503e-03
-1.1682343e-03
-9.4123836e-04
-6.4952394e-04
-4.4941758e-04
-3.0661077e-04
-1.4547287e-04
3.0682804e-05
1.5958547e-04
2.7830175e-04
2.6072590e-04
2.2867308e-04
2.4717788e-04
2.3712014e-04
2.1651526e-04
1.0592680e-04
-7.8126517e-06
-1.8461668e-04
-4.2574165e-04
-5.4448617e-04
-4.6729310e-04
-2.7287253e-04
-1.8632674e-04
-2.2389762e-04
-2.5183302e-04
-2.3333368e-04
-1.9025963e-04
-9.8068092e-05
1.7814608e-04
5.3405970e-04
6.7843346e-04
6.2622406e-04
6.3972575e-04
8.5489358e-04
1.1010575e-03
1.2572852e-03
1.4594661e-03
1.7044671e-03
1.8512204e-03
1.8606316e-03
1.7150767e-03
1.5027132e-03
1.3934498e-03
1.3020042e-03
1.1278856e-03
9.1344204e-04
6.9339274e-04
7.1689613e-04
9.5633300e-04
9.8342721e-04
7.5621620e-04
4.7190877e-04
1.4308604e-04
-2.9721388e-04
-7.5242539e-04
-1.0203813e-03
-1.0581316e-03
-1.0747084e-03
-1.1216001e-03
-1.2180957e-03
-1.4225809e-03
-1.3654169e-03
-1.0875244e-03
-9.4626360e-04
-9.5393795e-04
-1.0304649e-03
-9.3920701e-04
-6.7910526e-04
-5.4668157e-04
-5.3896888e-04
-4.6330802e-04
-2.6836710e-04
-3.1010837e-05
3.4489506e-05
-8.2345020e-05
-1.7307599e-04
-1.2310155e-04
-4.0343255e-05
-1.6435302e-04
-4.8595103e-04
-7.7586264e-04
-8.4002170e-04
-7.3002163e-04
-5.3783859e-04
-3.3168453e-04
-1.7404606e-04
-2.6187191e-06
1.8533089e-04
3.2818175e-04
3.4081037e-04
3.7200743e-04
5.0706865e-04
6.3301932e-04
6.2822523e-04
4.1287179e-04
3.4924998e-04
5.0785732e-04
6.6064539e-04
8.9268653e-04
1.0741048e-03
1.0228592e-03
7.4568665e-04
3.9703503e-04
1.0840474e-04
-1.7467763e-04
-3.0674172e-04
-1.4761689e-04
1.7187142e-04
4.7625190e-04
5.9093423e-04
4.6480109e-04
2.3039054e-04
-6.9747724e-05
-4.3955062e-04
-7.4257865e-04
-7.9544992e-04
-5.7815938e-04
-3.8508376e-04
-3.6244607e-04
-3.9023476e-04
-4.7268740e-04
-6.1292118e-04
-7.6391606e-04
-9.3795758e-04
-1.1416084e-03
-1.2123718e-03
-1.0440052e-03
-7.0367230e-04
-2.3771916e-04
2.2906035e-04
5.9969895e-04
8.3402671e-04
9.1012681e-04
8.2764771e-04
7.3824044e-04
7.3023305e-04
6.0109251e-04
3.5156274e-04
1.2807114e-04
1.3085994e-06
-1.6089953e-05
4.5486469e-05
2.1080856e-04
2.8447398e-04
2.3324636e-04
3.5821445e-04
4.6925593e-04
4.1681590e-04
3.7493409e-04
5.1351915e-04
8.6158346e-04
1.1545501e-03
1.3740993e-03
1.4793565e-03
1.4770899e-03
1.5168736e-03
1.4635901e-03
1.2685789e-03
1.0044323e-03
6.5952686e-04
2.8735476e-04
-3.6773412e-05
-3.2770044e-04
-5.1515021e-04
-5.3739550e-04
-4.9542017e-04
-5.3280813e-04
-6.8740296e-04
-9.1415947e-04
-1.1679572e-03
-1.4688425e-03
-1.8300170e-03
-1.9674042e-03
-1.7755353e-03
-1.5560678e-03
-1.4256671e-03
-1.4183499e-03
-1.5903652e-03
-1.7613848e-03
-1.7285725e-03
-1.4741498e-03
-1.0779235e-03
-6.2842377e-04
-1.8286230e-04
1.1257957e-04
1.1777722e-04
-3.6507030e-05
-1.8458118e-04
-2.1041416e-04
-3.8383534e-05
2.6232955e-04
5.2826213e-04
7.0841025e-04
9.0508222e-04
1.1101027e-03
1.1895942e-03
1.1001778e-03
9.3652221e-04
7.3196763e-04
5.6960525e-04
3.9700651e-04
1.1551076e-04
-1.3020429e-04
-2.7025149e-04
-2.1513157e-04
2.6366195e-05
2.9293135e-04
4.6381639e-04
4.8397705e-04
4.3771749e-04
3.5122118e-04
1.6429671e-04
-5.6446257e-05
-2.2518332e-04
-3.2202848e-04
-2.6043623e-04
-4.9913810e-05
2.4135923e-04
5.9649508e-04
9.1224006e-04
1.1342484e-03
1.2419429e-03
1.2009004e-03
9.5449321e-04
5.6216165e-04
2.5699280e-04
1.3033306e-04
1.3953532e-04
1.8957448e-04
2.2958803e-04
3.1506288e-04
3.6653061e-04
2.5583992e-04
-1.2417788e-05
-3.5462422e-04
-7.8178452e-04
-1.1866267e-03
-1.3095036e-03
-1.2428348e-03
-1.1796349e-03
-1.0536456e-03
-7.8248390e-04
-6.0226935e-04
-5.9391152e-04
-5.6080193e-04
-5.4307441e-04
-5.3142780e-04
-4.0785403e-04
-9.7667194e-05
2.6997167e-04
4.5342066e-04
4.8454516e-04
4.3294766e-04
3.0772549e-04
2.9051667e-04
4.6306966e-04
7.5802211e-04
1.1258374e-03
1.4437710e-03
1.6273106e-03
1.5922256e-03
1.2344806e-03
6.9118512e-04
1.5348771e-04
-2.8975387e-04
-5.5219989e-04
-6.7829063e-04
-7.7954065e-04
-8.8827508e-04
-9.7032237e-04
-1.0375267e-03
-1.0630695e-03
-9.4962318e-04
-8.7523893e-04
-9.2232451e-04
-9.3344822e-04
-9.2211625e-04
-9.3611627e-04
-9.8450564e-04
-1.0034168e-03
-8.8213169e-04
-6.0462450e-04
-1.3028310e-04
4.3654694e-04
8.7330152e-04
1.0843680e-03
1.0972073e-03
1.0948004e-03
1.1220227e-03
9.6386904e-04
5.9144258e-04
2.3874516e-04
-2.6034185e-05
-2.4276643e-04
-3.1989415e-04
-3.0482295e-04
-3.3921025e-04
-3.9892660e-04
-3.8973005e-04
-3.7059717e-04
-3.8959190e-04
-3.6689137e-04
-3.7501131e-04
-3.6275003e-04
-1.9097527e-04
1.5355173e-05
2.1100736e-04
3.3530006e-04
3.1171857e-04
2.8397133e-04
2.8110869e-04
2.6800332e-04
2.0859758e-04
4.0929610e-05
-1.1808284e-04
-1.6647085e-04
-9.2486804e-05
6.9849222e-05
1.9086537e-04
2.0196325e-04
1.7535453e-04
2.0155670e-04
3.2453340e-04
5.2320332e-04
6.9952832e-04
8.4146144e-04
1.0134592e-03
1.2463853e-03
1.4329452e-03
1.4458934e-03
1.3332138e-03
1.1479608e-03
1.0262129e-03
9.7802340e-04
8.4123283e-04
6.9132620e-04
5.5161952e-04
4.0501394e-04
2.7600674e-04
1.3530075e-04
1.8836156e-05
-1.0109404e-04
-2.4831509e-04
-4.6173640e-04
-6.9822329e-04
-8.6518328e-04
-1.0246138e-03
-1.1728976e-03
-1.2695071e-03
-1.3210912e-03
-1.3658316e-03
-1.4333531e-03
-1.4940819e-03
-1.5548920e-03
-1.5625434e-03
-1.4883551e-03
-1.4231139e-03
-1.3524669e-03
-1.2553789e-03
-1.1719123e-03
-1.0391402e-03
-8.1046936e-04
-6.3807200e-04
-6.1835272e-04
-6.9741882e-04
-7.4649839e-04
-5.8399151e-04
-2.7797982e-04
2.5317108e-05
2.6129949e-04
3.8965334e-04
4.3237409e-04
3.8886677e-04
2.8147560e-04
1.3125102e-04
3.5880255e-05
8.6473309e-05
2.2628028e-04
3.8384277e-04
5.1358461e-04
6.5898555e-04
8.8243533e-04
1.1440045e-03
1.3052574e-03
1.3212006e-03
1.3906522e-03
1.5638568e-03
1.6997748e-03
1.8129727e-03
1.8460822e-03
1.8072096e-03
1.7539529e-03
1.5549388e-03
1.2859913e-03
1.0219756e-03
7.9357604e-04
7.2340012e-04
7.6675072e-04
8.2360875e-04
7.9453431e-04
6.7799041e-04
5.3512131e-04
3.8965411e-04
2.5689289e-04
4.9146821e-05
-2.9094533e-04
-6.4731417e-04
-8.9601210e-04
-1.0691280e-03
-1.1870346e-03
-1.2492027e-03
-1.2892742e-03
-1.2875843e-03
-1.2399690e-03
-1.1540058e-03
-1.0633608e-03
-1.0480910e-03
-1.0875794e-03
-1.1499769e-03
-1.2598845e-03
-1.3194676e-03
-1.2786741e-03
-1.2189308e-03
-1.1258391e-03
-9.5303241e-04
-8.1520968e-04
-7.7151765e-04
-8.0599720e-04
-8.6690141e-04
-7.4141344e-04
-5.1518771e-04
-3.4041783e-04
-1.7748403e-04
-1.1070252e-04
-6.0343612e-05
1.1304750e-04
2.9936031e-04
3.9255069e-04
4.5962998e-04
5.8631121e-04
7.6655514e-04
9.5141688e-04
1.0873459e-03
1.1424554e-03
1.0781882e-03
9.5746401e-04
8.8760257e-04
9.4261245e-04
1.1362955e-03
1.3074781e-03
1.3356437e-03
1.2127746e-03
9.5412350e-04
6.0066166e-04
2.4372919e-04
3.7217456e-06
-3.5515979e-05
8.7575275e-05
3.1652499e-04
5.8159379e-04
6.7730871e-04
5.6461531e-04
3.0670364e-04
5.2255801e-06
-2.0424149e-04
-3.8444991e-04
-4.8219853e-04
-4.2093373e-04
-3.5898881e-04
-4.3005321e-04
-6.5132346e-04
-9.2896391e-04
-1.1428557e-03
-1.1464636e-03
-9.4128936e-04
-6.7858210e-04
-4.0550979e-04
-2.0231415e-04
-1.2929968e-04
-1.2999727e-04
