0.01
-4.9769680e-03
-7.1070250e-03
-8.7992600e-03
-9.8989510e-03
-1.0208650e-02
-9.6360460e-03
-8.0967860e-03
-5.7210640e-03
-2.8500660e-03
-1.1119860e-04
1.6372210e-03
1.5805960e-03
-4.4343790e-04
-3.7475750e-03
-6.9748420e-03
-8.7406680e-03
-8.3333400e-03
-5.9875030e-03
-2.9198880e-03
-6.1063000e-04
5.8505130e-04
1.3227530e-03
2.1778100e-03
3.4781620e-03
5.2505460e-03
6.9987270e-03
8.4421950e-03
1.0014450e-02
1.1874870e-02
1.4364000e-02
1.7452500e-02
2.0275810e-02
2.0893870e-02
1.7208420e-02
8.4494890e-03
-2.6259460e-03
-1.1286090e-02
-1.3809200e-02
-9.3152140e-03
-5.2195280e-04
8.8167430e-03
1.6106250e-02
1.9174560e-02
1.7116940e-02
1.1131280e-02
4.2243020e-03
-3.4354620e-04
-6.2316590e-04
3.3476950e-03
9.1839150e-03
1.3350860e-02
1.4014430e-02
1.1451680e-02
6.7749720e-03
1.5166440e-03
-3.2719770e-03
-6.4206650e-03
-6.6337050e-03
-4.4139760e-03
-1.4343290e-03
1.3342560e-03
3.1068250e-03
3.3682950e-03
1.5365000e-03
-2.2532230e-03
-7.6159420e-03
-1.3970030e-02
-1.8974200e-02
-1.9991590e-02
-1.6276570e-02
-8.8145050e-03
-2.0556390e-04
6.3864910e-03
8.6438710e-03
6.4034710e-03
1.9061780e-03
-2.5692460e-03
-5.3952870e-03
-5.2124640e-03
-2.4129210e-03
1.8242610e-03
4.2351470e-03
2.4224620e-03
-3.9069760e-03
-1.2222900e-02
-1.9129200e-02
-2.2524920e-02
-2.1266780e-02
-1.5700780e-02
-7.3476960e-03
1.8632880e-03
1.0151840e-02
1.6318210e-02
1.9563540e-02
2.0083200e-02
1.8574810e-02
1.6197020e-02
1.3565920e-02
1.1268120e-02
9.8422200e-03
9.1238190e-03
8.2228310e-03
6.3651560e-03
3.6217420e-03
5.6845390e-04
-2.5831230e-03
-5.2525000e-03
-6.0250650e-03
-4.7152090e-03
-1.7584950e-03
2.0909920e-03
5.9613020e-03
8.3017010e-03
7.9611360e-03
4.9153140e-03
-7.7987330e-04
-7.7162610e-03
-1.2948330e-02
-1.5055950e-02
-1.3944050e-02
-1.0022500e-02
-4.9035160e-03
1.0352910e-04
3.8632860e-03
5.1968000e-03
3.5998850e-03
-7.2533350e-04
-6.1838790e-03
-1.0164020e-02
-1.1914250e-02
-1.1757960e-02
-9.6515130e-03
-5.8172640e-03
-1.1286140e-03
2.9595960e-03
5.0751480e-03
4.8727850e-03
2.4685240e-03
-1.4026970e-03
-5.2899920e-03
-7.8626050e-03
-8.3908930e-03
-6.5826330e-03
-3.1197530e-03
7.2478960e-04
4.0281630e-03
5.9055210e-03
5.0396160e-03
1.2954580e-03
-3.8723860e-03
-8.9510050e-03
-1.2244230e-02
-1.2226200e-02
-8.6155960e-03
-1.9643790e-03
5.8363620e-03
1.0986720e-02
1.2414140e-02
1.0746580e-02
7.6949010e-03
4.7327770e-03
2.7700740e-03
2.0249330e-03
2.4427140e-03
3.4805450e-03
4.3097190e-03
4.8516150e-03
4.9898350e-03
4.8894820e-03
5.1644030e-03
6.2816120e-03
8.2471640e-03
1.0776720e-02
1.3666460e-02
1.6237420e-02
1.8036100e-02
1.8470360e-02
1.6922340e-02
1.3119810e-02
7.1239760e-03
-5.2918470e-04
-9.0783480e-03
-1.6351260e-02
-2.0484640e-02
-2.0769720e-02
-1.8094600e-02
-1.4865860e-02
-1.2718830e-02
-1.2452980e-02
-1.3764590e-02
-1.5695940e-02
-1.7127290e-02
-1.7238490e-02
-1.5231660e-02
-1.0530740e-02
-2.9285610e-03
5.6695700e-03
1.2374510e-02
1.4531790e-02
1.1327710e-02
3.5096290e-03
-6.8055040e-03
-1.6613920e-02
-2.2820010e-02
-2.3539800e-02
-1.8033710e-02
-7.3507670e-03
4.7780140e-03
1.4819720e-02
2.1573540e-02
2.3824700e-02
2.2444470e-02
1.9488640e-02
1.5989940e-02
1.1126440e-02
3.2740020e-03
-8.5050870e-03
-2.1922520e-02
-3.0564410e-02
-3.0033950e-02
-2.0866540e-02
-8.5599780e-03
1.2959020e-03
5.4515830e-03
4.3348280e-03
1.0721200e-03
-7.4277060e-04
1.1345390e-03
6.3413790e-03
1.2765590e-02
1.8223160e-02
2.1457060e-02
2.1264330e-02
1.7025700e-02
1.0382010e-02
3.6265810e-03
-2.3257330e-03
-7.7413740e-03
-1.2476590e-02
-1.5716600e-02
-1.6136960e-02
-1.2715740e-02
-5.4979590e-03
3.8517260e-03
1.2175320e-02
1.5881610e-02
1.3632140e-02
6.9604000e-03
-8.2169540e-04
-6.1620030e-03
-6.3962870e-03
-1.4997050e-03
6.1028880e-03
1.3279630e-02
1.7258070e-02
1.6971290e-02
1.2895570e-02
5.8671940e-03
-2.0835630e-03
-8.7137280e-03
-1.1701000e-02
-1.1107070e-02
-8.7962730e-03
-6.9778920e-03
-6.8653760e-03
-8.3611150e-03
-1.0317220e-02
-1.1632220e-02
-1.1943370e-02
-1.1548810e-02
-1.0475560e-02
-8.4112560e-03
-5.1261700e-03
-6.5841870e-04
3.9407720e-03
7.2280530e-03
8.4859940e-03
7.5540960e-03
4.8993120e-03
2.0962570e-03
1.0464350e-03
2.4304570e-03
5.5664620e-03
9.1323230e-03
1.1933570e-02
1.3322270e-02
1.3579960e-02
1.3382450e-02
1.3171100e-02
1.3170820e-02
1.3487280e-02
1.3727610e-02
1.2916440e-02
1.0270750e-02
5.7964280e-03
6.7899380e-04
-3.6004170e-03
-5.9799840e-03
-6.9780100e-03
-7.6702650e-03
-8.4546150e-03
-8.6107590e-03
-6.7546050e-03
-2.2504070e-03
4.1412260e-03
1.0126840e-02
1.4025500e-02
1.5522350e-02
1.5192470e-02
1.3995230e-02
1.2484660e-02
1.1084530e-02
9.4953540e-03
7.3197510e-03
4.2022010e-03
7.3741020e-04
-2.0962170e-03
-2.9840290e-03
-2.0411180e-03
-7.0793790e-04
-7.2347500e-04
-3.4759320e-03
-9.4121830e-03
-1.7350310e-02
-2.4927380e-02
-3.0016900e-02
-3.0797380e-02
-2.7773590e-02
-2.2134330e-02
-1.5336150e-02
-8.7321790e-03
-3.7222300e-03
-7.8496790e-04
2.4031370e-05
-4.2170450e-04
-1.3252240e-03
-2.1511080e-03
-2.8916700e-03
-4.4051530e-03
-6.8108380e-03
-9.1575470e-03
-1.0798500e-02
-1.1508810e-02
-1.1148120e-02
-1.0123050e-02
-9.4905040e-03
-1.0618100e-02
-1.3694040e-02
-1.7606500e-02
-2.0230810e-02
-2.0592770e-02
-1.8056370e-02
-1.3841990e-02
-9.1446490e-03
-4.1268070e-03
1.2097770e-03
6.4388970e-03
1.1253270e-02
1.5293920e-02
1.7935120e-02
1.8670210e-02
1.7310190e-02
1.3749790e-02
8.5692280e-03
2.1661680e-03
-4.0388100e-03
-8.4493700e-03
-1.0474890e-02
-1.0322680e-02
-7.8602360e-03
-2.7762660e-03
5.3602550e-03
1.6144990e-02
2.7813310e-02
3.8024830e-02
4.5987040e-02
5.1677960e-02
5.5172670e-02
5.6780570e-02
5.7020020e-02
5.6436440e-02
5.5270320e-02
5.3337910e-02
5.0139280e-02
4.4913210e-02
3.6662620e-02
2.4440170e-02
7.1671670e-03
-1.4512740e-02
-3.7269610e-02
-5.8114000e-02
-7.6278270e-02
-9.1185610e-02
-1.0160080e-01
-1.0578250e-01
-1.0321790e-01
-9.4564790e-02
-8.1178340e-02
-6.5444770e-02
-5.0118530e-02
-3.6148800e-02
-2.3430040e-02
-1.2585520e-02
-4.2564510e-03
1.8960480e-03
6.1903430e-03
9.7478720e-03
1.3360000e-02
1.7146520e-02
2.0317700e-02
2.1761510e-02
2.1262890e-02
1.9556900e-02
1.7303700e-02
1.4726720e-02
1.1858860e-02
8.1912090e-03
2.9199460e-03
-4.2518520e-03
-1.2659010e-02
-1.9865550e-02
-2.4201020e-02
-2.4627740e-02
-2.0952230e-02
-1.3723210e-02
-3.5748700e-03
7.9253210e-03
1.9180080e-02
2.9276430e-02
3.8627510e-02
4.7111760e-02
5.3632890e-02
5.6294360e-02
5.4522790e-02
4.7566880e-02
3.5525290e-02
2.0568380e-02
7.1548560e-03
-1.7668550e-03
-5.7878770e-03
-5.4143870e-03
-2.9254000e-03
-7.2544160e-04
-2.4577160e-05
-1.1711820e-03
-4.3052690e-03
-9.9879410e-03
-1.6926610e-02
-2.2207470e-02
-2.3766320e-02
-2.0296440e-02
-1.1361360e-02
2.2281480e-03
1.7084880e-02
2.8999560e-02
3.4424260e-02
3.2273730e-02
2.3462630e-02
1.2169210e-02
3.5380190e-03
1.6364240e-03
7.0234940e-03
1.6478360e-02
2.5140010e-02
2.9074130e-02
2.6545850e-02
1.7861530e-02
4.5888720e-03
-8.9348100e-03
-1.8833310e-02
-2.3873000e-02
-2.4691850e-02
-2.2579160e-02
-1.9353550e-02
-1.6946890e-02
-1.7482750e-02
-2.3467940e-02
-3.6253490e-02
-5.2602040e-02
-6.7298980e-02
-7.7134400e-02
-8.0964530e-02
-7.8690650e-02
-7.1023440e-02
-5.8570450e-02
-4.3246050e-02
-2.7594500e-02
-1.3778480e-02
-1.9274920e-03
7.8119820e-03
1.4968530e-02
2.0775810e-02
2.6544980e-02
3.2696250e-02
3.9116010e-02
4.5751700e-02
4.9748290e-02
4.8274010e-02
4.1477070e-02
3.0538700e-02
1.8043020e-02
6.5575960e-03
-9.9751410e-04
-4.2236640e-03
-4.5873280e-03
-4.9164550e-03
-6.7503980e-03
-9.5479500e-03
-1.2196000e-02
-1.3387180e-02
-1.2269420e-02
-8.1476890e-03
-7.4262310e-04
8.8123150e-03
1.9762720e-02
3.1364780e-02
4.2008070e-02
5.0834090e-02
5.7435640e-02
6.1200620e-02
6.2517320e-02
6.1265310e-02
5.7022650e-02
4.9999490e-02
4.0984780e-02
3.1701670e-02
2.2621120e-02
1.3268980e-02
4.4203590e-03
-2.9626780e-03
-7.4263270e-03
-8.9274610e-03
-8.0225240e-03
-5.9065150e-03
-3.8048310e-03
-2.1611960e-03
-1.0986390e-03
-7.1239460e-04
-1.0831500e-03
-2.0887280e-03
-3.7477050e-03
-6.0994910e-03
-9.2413070e-03
-1.2652510e-02
-1.5507220e-02
-1.6945250e-02
-1.7165920e-02
-1.6772250e-02
-1.6303630e-02
-1.6163660e-02
-1.6774390e-02
-1.8396440e-02
-2.1051190e-02
-2.4458600e-02
-2.7912880e-02
-3.0347820e-02
-3.1534920e-02
-3.0981820e-02
-2.8069890e-02
-2.3304380e-02
-1.7684940e-02
-1.2117390e-02
-7.1605030e-03
-3.4271960e-03
-1.3256400e-03
-3.2777380e-04
1.4314510e-05
-1.6610850e-04
-6.5623080e-04
-1.2447900e-03
-1.4866950e-03
-6.6719520e-04
1.3354830e-03
4.4018280e-03
8.3023120e-03
1.2853380e-02
1.8330420e-02
2.4143650e-02
2.9718390e-02
3.4122590e-02
3.6737230e-02
3.7311390e-02
3.5757390e-02
3.1732530e-02
2.5129870e-02
1.6632860e-02
7.2493780e-03
-1.7220220e-03
-9.0109750e-03
-1.3219970e-02
-1.4197230e-02
-1.2311440e-02
-7.7981650e-03
-1.7680610e-03
4.7269050e-03
1.1330490e-02
1.7210350e-02
2.2336930e-02
2.6333860e-02
2.9268260e-02
3.1372680e-02
3.2265570e-02
3.1290390e-02
2.7622010e-02
2.0808860e-02
1.1289210e-02
1.4372030e-03
-7.0323380e-03
-1.2654150e-02
-1.5321290e-02
-1.5974450e-02
-1.6066680e-02
-1.7146850e-02
-1.9891330e-02
-2.3955250e-02
-2.8738680e-02
-3.2469480e-02
-3.3853770e-02
-3.2967230e-02
-3.0257500e-02
-2.6373110e-02
-2.2049890e-02
-1.7296290e-02
-1.2216700e-02
-7.2752750e-03
-2.9645240e-03
4.4442920e-04
2.4847020e-03
3.2689190e-03
2.7928340e-03
1.3461680e-03
-6.4967240e-04
-2.5914060e-03
-3.4987810e-03
-3.0688840e-03
-1.6720140e-03
4.9631680e-05
9.0182840e-04
-1.3542900e-04
-3.3044990e-03
-7.9698300e-03
-1.3763170e-02
-1.9158110e-02
-2.3042940e-02
-2.4508210e-02
-2.3530220e-02
-2.0813720e-02
-1.7442600e-02
-1.4433740e-02
-1.2044370e-02
-1.0261270e-02
-9.1080880e-03
-8.2204200e-03
-6.8830660e-03
-4.5388740e-03
-1.1995610e-03
2.3639590e-03
5.4457520e-03
7.9657170e-03
9.7636710e-03
1.0963250e-02
1.1403620e-02
1.1474460e-02
1.1731970e-02
1.2238750e-02
1.2397600e-02
1.1633200e-02
9.6539520e-03
6.3184370e-03
1.3952720e-03
-4.4229430e-03
-1.0231060e-02
-1.4952290e-02
-1.7630970e-02
-1.8317430e-02
-1.7220920e-02
-1.4399880e-02
-1.0627280e-02
-6.5047390e-03
-2.7867630e-03
4.6260690e-05
1.5552300e-03
1.8763790e-03
1.6975150e-03
1.7503540e-03
2.8424250e-03
5.2317770e-03
8.6704770e-03
1.2420940e-02
1.5933460e-02
1.8571140e-02
2.0225600e-02
2.1097220e-02
2.1015680e-02
1.9612270e-02
1.7078830e-02
1.4097710e-02
1.0882160e-02
7.5186800e-03
4.6642880e-03
2.3900030e-03
6.2581490e-04
-7.2699160e-04
-7.5615980e-04
5.4816120e-04
3.2096040e-03
6.8832210e-03
1.1171760e-02
1.5258930e-02
1.8665650e-02
2.0505280e-02
2.0275300e-02
1.8030170e-02
1.3808630e-02
8.0299920e-03
1.0492490e-03
-6.2466190e-03
-1.3274270e-02
-1.9349420e-02
-2.4303750e-02
-2.7783200e-02
-2.9215620e-02
-2.8596690e-02
-2.6530430e-02
-2.3864200e-02
-2.1397550e-02
-1.9579370e-02
-1.8345250e-02
-1.7800490e-02
-1.8308560e-02
-1.9591140e-02
-2.1610080e-02
-2.4163530e-02
-2.7041180e-02
-2.9607880e-02
-3.1186970e-02
-3.1515870e-02
-3.0519860e-02
-2.8421460e-02
-2.5326300e-02
-2.1304860e-02
-1.6319200e-02
-1.0411590e-02
-3.3466220e-03
4.7552630e-03
1.2365170e-02
1.9415040e-02
2.4722230e-02
2.7814400e-02
2.8505050e-02
2.6901560e-02
2.3162120e-02
1.7561230e-02
1.1147810e-02
5.1324390e-03
4.6260590e-04
-2.1179740e-03
-2.7505300e-03
-1.4960580e-03
1.1888670e-03
4.7759190e-03
8.5816510e-03
1.2374030e-02
1.5819680e-02
1.8635940e-02
2.0843970e-02
2.2630910e-02
2.4016830e-02
2.5051400e-02
2.5917340e-02
2.6597560e-02
2.7201210e-02
2.7871340e-02
2.8766250e-02
2.9678280e-02
3.0564250e-02
3.1319880e-02
3.1746550e-02
3.2115810e-02
3.2512250e-02
3.2891730e-02
3.3030650e-02
3.2666830e-02
3.1253540e-02
2.8357240e-02
2.4185980e-02
1.9295960e-02
1.3681420e-02
7.7318850e-03
1.6983480e-03
-4.1875650e-03
-9.8770090e-03
-1.5431080e-02
-2.0651640e-02
-2.5827890e-02
-3.1413560e-02
-3.6889580e-02
-4.1496450e-02
-4.4825330e-02
-4.6629140e-02
-4.7056720e-02
-4.6316340e-02
-4.4906760e-02
-4.3368620e-02
-4.1892520e-02
-4.0247920e-02
-3.8291540e-02
-3.5433500e-02
-3.1244230e-02
-2.6096790e-02
-2.1042800e-02
-1.6266420e-02
-1.1371040e-02
-6.5384660e-03
-2.1696520e-03
1.9901880e-03
6.2151130e-03
1.0530920e-02
1.5018430e-02
1.9517550e-02
2.3768840e-02
2.7315970e-02
3.0004260e-02
3.1675580e-02
3.2224550e-02
3.1639170e-02
2.9944080e-02
2.7420990e-02
2.4550420e-02
2.1735300e-02
1.9542850e-02
1.7779850e-02
1.6232700e-02
1.4668920e-02
1.2990850e-02
1.0872110e-02
7.7054510e-03
3.6692100e-03
-3.2177450e-04
-3.3449320e-03
-5.3101890e-03
-6.1446110e-03
-6.0936990e-03
-5.5218510e-03
-4.7485000e-03
-4.0145960e-03
-3.5418170e-03
-3.2951660e-03
-3.3200850e-03
-3.5298390e-03
-3.8115650e-03
-3.8487960e-03
-3.7595530e-03
-3.8871760e-03
-4.5756540e-03
-6.0547470e-03
-8.3212450e-03
-1.0750580e-02
-1.2745190e-02
-1.4333520e-02
-1.5207000e-02
-1.5338550e-02
-1.4411860e-02
-1.2602980e-02
-1.0344110e-02
-7.9429630e-03
-5.3675840e-03
-2.8003690e-03
-4.6455560e-04
1.6524100e-03
3.5443720e-03
5.3302600e-03
6.9488570e-03
8.3019400e-03
9.5042730e-03
1.0569560e-02
1.1641810e-02
1.2824800e-02
1.3960330e-02
1.5223850e-02
1.6715470e-02
1.8586380e-02
2.0489520e-02
2.2307990e-02
2.4229000e-02
2.5985860e-02
2.7596860e-02
2.9065500e-02
2.9876480e-02
2.9757880e-02
2.8853160e-02
2.7040370e-02
2.4530370e-02
2.1601620e-02
1.8382710e-02
1.5302030e-02
1.2727040e-02
1.1009730e-02
1.0191260e-02
1.0100120e-02
1.0562090e-02
1.1332270e-02
1.1743200e-02
1.1191070e-02
9.3595930e-03
6.3094650e-03
2.2284030e-03
-2.9713220e-03
-9.0515650e-03
-1.5350830e-02
-2.1987320e-02
-2.9017890e-02
-3.5719660e-02
-4.2244970e-02
-4.8381600e-02
-5.3955220e-02
-5.8875140e-02
-6.2813500e-02
-6.5761210e-02
-6.7515060e-02
-6.7984930e-02
-6.7273990e-02
-6.5501850e-02
-6.2874580e-02
-5.9640650e-02
-5.5948250e-02
-5.1996810e-02
-4.7476070e-02
-4.2419400e-02
-3.6458610e-02
-2.9792510e-02
-2.2731210e-02
-1.5364160e-02
-7.9585150e-03
-7.3880810e-04
5.9116100e-03
1.2081270e-02
1.7512810e-02
2.2194910e-02
2.6006760e-02
2.8665950e-02
2.9942610e-02
2.9851580e-02
2.8070750e-02
2.4937100e-02
2.1685810e-02
1.9317850e-02
1.8255210e-02
1.8564780e-02
1.9972720e-02
2.1955800e-02
2.3895560e-02
2.5371770e-02
2.6131940e-02
2.5782690e-02
2.4176550e-02
2.1610680e-02
1.8023750e-02
1.3532290e-02
8.4393980e-03
3.7835640e-03
3.1897260e-05
-3.1434030e-03
-5.7998820e-03
-8.1355810e-03
-1.0294750e-02
-1.2524070e-02
-1.4784900e-02
-1.6865260e-02
-1.8375480e-02
-1.9247180e-02
-1.9273390e-02
-1.8409900e-02
-1.6999000e-02
-1.5267210e-02
-1.3801630e-02
-1.2585490e-02
-1.1312910e-02
-9.8300560e-03
-7.9718790e-03
-5.4156880e-03
-1.8278610e-03
3.0404240e-03
8.7922140e-03
1.4834820e-02
2.0492360e-02
2.5673350e-02
3.0351370e-02
3.4083880e-02
3.6871470e-02
3.8725460e-02
3.9584330e-02
3.9654350e-02
3.9027760e-02
3.7704700e-02
3.5734480e-02
3.3166540e-02
3.0013330e-02
2.5918360e-02
2.1045700e-02
1.5688420e-02
1.0366880e-02
5.4371340e-03
1.3769630e-03
-2.1605980e-03
-5.1324310e-03
-7.7649510e-03
-9.8308510e-03
-1.1664960e-02
-1.3209440e-02
-1.4714850e-02
-1.6029070e-02
-1.7114850e-02
-1.7928440e-02
-1.8482650e-02
-1.8828220e-02
-1.8730640e-02
-1.8060330e-02
-1.6800780e-02
-1.5067780e-02
-1.3006680e-02
-1.0908960e-02
-8.9837920e-03
-7.2991990e-03
-5.9747050e-03
-4.7636490e-03
-3.5879120e-03
-2.4190920e-03
-1.0160470e-03
5.0761790e-04
2.0354760e-03
3.1340770e-03
3.6754880e-03
3.6249990e-03
2.9419040e-03
1.7935600e-03
2.3346680e-04
-1.4179600e-03
-2.9609700e-03
-4.3672760e-03
-5.3625000e-03
-5.8550970e-03
-5.6248110e-03
-4.9111660e-03
-3.9470690e-03
-3.0825380e-03
-2.3361880e-03
-1.8390650e-03
-1.5872160e-03
-1.6833710e-03
-1.8471150e-03
-1.7007740e-03
-1.2663950e-03
-6.9391490e-04
-1.2667850e-05
6.2697510e-04
9.2026560e-04
8.5526550e-04
4.5262050e-04
-2.8243330e-04
-1.3122940e-03
-2.4288610e-03
-3.2875050e-03
-3.8605310e-03
-4.1292910e-03
-4.0327670e-03
-3.4811290e-03
-2.3595420e-03
-9.4995320e-04
5.6654160e-04
2.0108460e-03
3.0443980e-03
3.7042180e-03
4.1346460e-03
4.4728430e-03
4.9195940e-03
5.4983360e-03
6.3421760e-03
7.3413750e-03
8.4048090e-03
9.1664790e-03
9.5100710e-03
9.4406780e-03
9.0005740e-03
8.2551840e-03
7.3941410e-03
6.4924790e-03
5.7535800e-03
5.1856140e-03
4.6709970e-03
4.3824340e-03
4.3725550e-03
4.4633480e-03
4.7176430e-03
5.3115600e-03
6.1652470e-03
7.2065140e-03
8.5702110e-03
1.0002300e-02
1.1257430e-02
1.2510820e-02
1.3513000e-02
1.4133180e-02
1.4518610e-02
1.4569290e-02
1.4259460e-02
1.3643790e-02
1.2700280e-02
1.1404400e-02
9.8364340e-03
8.0335360e-03
5.7270950e-03
3.2379810e-03
8.2388590e-04
-1.4849760e-03
-3.3519360e-03
-4.7663440e-03
-6.0950780e-03
-7.4253930e-03
-8.7072860e-03
-9.9859830e-03
-1.1098730e-02
-1.2030270e-02
-1.2688110e-02
-1.2950220e-02
-1.2710810e-02
-1.1925150e-02
-1.0825010e-02
-9.5359010e-03
-8.1743850e-03
-6.8793170e-03
-5.6534160e-03
-4.2410130e-03
-2.5297260e-03
-6.4029660e-04
1.2001830e-03
3.1237570e-03
4.8998770e-03
6.4852870e-03
7.9768500e-03
9.2367830e-03
1.0348640e-02
1.1476980e-02
1.2424810e-02
1.3121610e-02
1.3666410e-02
1.3834410e-02
1.3398050e-02
1.2318860e-02
1.0774450e-02
8.7240990e-03
6.3641550e-03
3.7539360e-03
1.1224200e-03
-1.5484740e-03
-4.2687230e-03
-6.6964690e-03
-8.6788300e-03
-1.0064940e-02
-1.0752020e-02
-1.0713700e-02
-1.0154980e-02
-9.2022430e-03
-7.8987780e-03
-6.5677470e-03
-5.5373850e-03
-4.7626700e-03
-4.2207260e-03
-3.8626080e-03
-3.5382220e-03
-3.3403160e-03
-3.2859150e-03
-3.2850400e-03
-3.1555030e-03
-2.9432370e-03
-2.7670140e-03
-2.7437490e-03
-3.0231840e-03
-3.4715400e-03
-4.2171070e-03
-5.0735450e-03
-6.1144220e-03
-7.3047230e-03
-8.7676230e-03
-1.0268000e-02
-1.1690420e-02
-1.3235150e-02
-1.4637960e-02
-1.5965310e-02
-1.7186870e-02
-1.8366260e-02
-1.9218650e-02
-1.9650730e-02
-1.9523360e-02
-1.9009650e-02
-1.8298110e-02
-1.7491710e-02
-1.6741440e-02
-1.6209140e-02
-1.5843550e-02
-1.5698870e-02
-1.5674740e-02
-1.5692320e-02
-1.5546950e-02
-1.5022950e-02
-1.4192910e-02
-1.2898970e-02
-1.1241740e-02
-9.5122860e-03
-7.7907340e-03
-6.0077900e-03
-4.2506000e-03
-2.4459050e-03
-4.1850680e-04
1.9104630e-03
4.3005480e-03
6.7692620e-03
9.4350130e-03
1.1961460e-02
1.4160640e-02
1.6039870e-02
1.7511100e-02
1.8480770e-02
1.9212930e-02
1.9785120e-02
1.9983110e-02
1.9962140e-02
1.9742250e-02
1.9253720e-02
1.8403800e-02
1.6965800e-02
1.5104720e-02
1.2773990e-02
1.0305390e-02
7.8393770e-03
5.9879230e-03
4.7265020e-03
3.8152090e-03
3.1206480e-03
2.4531270e-03
1.4783440e-03
2.8886350e-04
-9.9580870e-04
-2.2646890e-03
-3.5320830e-03
-4.6264060e-03
-5.5500060e-03
-6.4137560e-03
-7.2225560e-03
-7.9948510e-03
-8.7330640e-03
-9.4219220e-03
-9.8149410e-03
-9.8382180e-03
-9.3095170e-03
-8.1479790e-03
-6.3797630e-03
-4.2561800e-03
-1.7366570e-03
8.2347000e-04
3.4271740e-03
6.1501180e-03
9.0996260e-03
1.2147090e-02
1.5253320e-02
1.8165760e-02
2.0726430e-02
2.2979740e-02
2.4893990e-02
2.6606940e-02
2.7955240e-02
2.9077040e-02
3.0142990e-02
3.1124670e-02
3.2110040e-02
3.3042380e-02
3.3797680e-02
3.3963480e-02
3.3368610e-02
3.2149530e-02
3.0219170e-02
2.7691900e-02
2.4699870e-02
2.1310320e-02
1.7816490e-02
1.4321580e-02
1.0832040e-02
7.8557160e-03
5.2926800e-03
2.7559130e-03
2.2799230e-04
-2.4105700e-03
-5.2194950e-03
-8.1945020e-03
-1.1012190e-02
-1.3593050e-02
-1.6110330e-02
-1.8574570e-02
-2.0787690e-02
-2.2723100e-02
-2.4358130e-02
-2.5446650e-02
-2.6206830e-02
-2.6709210e-02
-2.6903580e-02
-2.6759270e-02
-2.6304750e-02
-2.5648730e-02
-2.4812900e-02
-2.3535480e-02
-2.2032690e-02
-2.0371510e-02
-1.8646220e-02
-1.7026030e-02
-1.5527010e-02
-1.4088380e-02
-1.2558720e-02
-1.0981140e-02
-9.2873550e-03
-7.4223780e-03
-5.5282960e-03
-3.7495040e-03
-2.0941830e-03
-7.2265990e-04
6.0295730e-04
1.8311950e-03
2.6722120e-03
3.3692590e-03
4.1162770e-03
4.7130570e-03
4.9063450e-03
4.8733520e-03
4.7343470e-03
4.4240370e-03
3.9380470e-03
3.0183880e-03
1.6092680e-03
-3.5985460e-04
-2.6349250e-03
-4.8162330e-03
-6.6842090e-03
-8.2280680e-03
-9.2125650e-03
-9.8957180e-03
-1.0389440e-02
-1.0820690e-02
-1.1222720e-02
-1.1725540e-02
-1.2391850e-02
-1.3198830e-02
-1.3946800e-02
-1.4648700e-02
-1.5226270e-02
-1.5876050e-02
-1.6560840e-02
-1.7124650e-02
-1.7490690e-02
-1.7766080e-02
-1.7740410e-02
-1.7354280e-02
-1.6724130e-02
-1.5924160e-02
-1.4991460e-02
-1.3728930e-02
-1.2334810e-02
-1.0696810e-02
-8.7611680e-03
-6.7583150e-03
-4.5927370e-03
-2.2858240e-03
6.1425620e-05
2.2723660e-03
4.3193420e-03
6.1673290e-03
7.7890900e-03
9.2311960e-03
1.0441040e-02
1.1310180e-02
1.1962200e-02
1.2273480e-02
1.2150250e-02
1.1785890e-02
1.1244350e-02
1.0604410e-02
9.8618880e-03
9.2884700e-03
8.7898130e-03
8.3551880e-03
7.9923060e-03
7.6175200e-03
7.0837610e-03
6.5960140e-03
6.0088940e-03
5.4028270e-03
4.8217190e-03
4.2771830e-03
3.6897590e-03
3.1936770e-03
2.6864610e-03
2.0906800e-03
1.4291380e-03
7.5178600e-04
1.3600670e-04
-4.4875930e-04
-1.0280520e-03
-1.6973240e-03
-2.2644250e-03
-2.6501640e-03
-2.8087070e-03
-2.6997340e-03
-2.4385370e-03
-2.1504950e-03
-2.0013070e-03
-1.8977810e-03
-1.8796030e-03
-1.8709490e-03
-1.8237270e-03
-1.6942380e-03
-1.5655640e-03
-1.4687700e-03
-1.4473110e-03
-1.4044360e-03
-1.2798310e-03
-1.0800850e-03
-7.7231360e-04
-3.3099250e-04
1.4781580e-04
6.2767000e-04
1.1569470e-03
1.5843930e-03
2.0434750e-03
2.7242020e-03
3.6372940e-03
4.7396830e-03
6.1492940e-03
7.8577520e-03
9.5383000e-03
1.1228330e-02
1.2935680e-02
1.4516240e-02
1.5968440e-02
1.7143430e-02
1.7832190e-02
1.8292720e-02
1.8532920e-02
1.8569350e-02
1.8559660e-02
1.8588940e-02
1.8758480e-02
1.8925110e-02
1.9087330e-02
1.9070500e-02
1.8931480e-02
1.8621790e-02
1.8117910e-02
1.7349920e-02
1.6423370e-02
1.5280850e-02
1.3772520e-02
1.2239480e-02
1.0482670e-02
8.8155340e-03
7.1132770e-03
5.2695560e-03
3.5007320e-03
1.7652720e-03
2.9825800e-04
-8.7238850e-04
-2.0410510e-03
-2.9565570e-03
-3.7068870e-03
-4.4489500e-03
-5.1754100e-03
-5.7833830e-03
-5.9453410e-03
-5.8998220e-03
-5.7348840e-03
-5.5928020e-03
-5.5335640e-03
-5.5377010e-03
-5.5462140e-03
-5.7265500e-03
-6.2005230e-03
-6.9561240e-03
-7.7282300e-03
-8.4532770e-03
-9.0333050e-03
-9.4579930e-03
-9.7455480e-03
-1.0016540e-02
-1.0257340e-02
-1.0414860e-02
-1.0518690e-02
-1.0521540e-02
-1.0465390e-02
-1.0428060e-02
-1.0421580e-02
-1.0386060e-02
-1.0255860e-02
-1.0003400e-02
-9.6374760e-03
-9.2404810e-03
-8.7618820e-03
-8.1240380e-03
-7.4480750e-03
-6.7582810e-03
-6.1279550e-03
-5.5613030e-03
-5.1429950e-03
-4.9154160e-03
-4.8558510e-03
-5.0234950e-03
-5.3930630e-03
-6.0821330e-03
-6.9483800e-03
-7.9890160e-03
-9.1065570e-03
-1.0115420e-02
-1.0885120e-02
-1.1415360e-02
-1.1870420e-02
-1.2201780e-02
-1.2296590e-02
-1.2249410e-02
-1.2204130e-02
-1.2136360e-02
-1.2012750e-02
-1.1966460e-02
-1.1906130e-02
-1.1731090e-02
-1.1425120e-02
-1.0911440e-02
-1.0045870e-02
-8.7382480e-03
-7.1386120e-03
-5.2190020e-03
-3.4091380e-03
-1.7901270e-03
-2.6857910e-04
1.0969880e-03
2.4400290e-03
3.7587640e-03
5.1222850e-03
6.5880450e-03
8.2971850e-03
1.0183460e-02
1.1906850e-02
1.3465880e-02
1.4711290e-02
1.5799830e-02
1.6838090e-02
1.7688460e-02
1.8308040e-02
1.8829970e-02
1.9376400e-02
2.0007880e-02
2.0793100e-02
2.1679340e-02
2.2560520e-02
2.3288850e-02
2.3788750e-02
2.3832610e-02
2.3466070e-02
2.2681560e-02
2.1572120e-02
2.0178880e-02
1.8369210e-02
1.6418520e-02
1.4620480e-02
1.3025760e-02
1.1510610e-02
1.0092510e-02
8.7586570e-03
7.5145620e-03
6.2125520e-03
4.9395760e-03
3.6400740e-03
2.4068340e-03
1.3722190e-03
3.1977340e-04
-7.0780350e-04
-1.6625510e-03
-2.7654570e-03
-3.9171280e-03
-4.8424830e-03
-5.9169100e-03
-7.6859370e-03
-9.6419360e-03
-1.1531200e-02
-1.3368510e-02
-1.5139640e-02
-1.6836780e-02
-1.8467760e-02
-1.9907040e-02
-2.0959610e-02
-2.1796100e-02
-2.2267420e-02
-2.2572030e-02
-2.2619930e-02
-2.2448830e-02
-2.2083640e-02
-2.1733910e-02
-2.1353320e-02
-2.0679200e-02
-1.9768610e-02
-1.8689320e-02
-1.7335820e-02
-1.5582950e-02
-1.3515330e-02
-1.1104650e-02
-8.5954010e-03
-5.8968220e-03
-3.1816000e-03
-6.3745940e-04
1.6376430e-03
3.9295250e-03
6.0377440e-03
8.1018430e-03
1.0013380e-02
1.1574810e-02
1.2934890e-02
1.3913130e-02
1.4603320e-02
1.4972060e-02
1.5067050e-02
1.4913430e-02
1.4639880e-02
1.4342780e-02
1.3994050e-02
1.3710180e-02
1.3370080e-02
1.2916580e-02
1.2300320e-02
1.1684020e-02
1.1020950e-02
1.0377430e-02
9.7163200e-03
8.9412440e-03
8.0175710e-03
6.9271200e-03
5.9578940e-03
5.2321050e-03
4.5937940e-03
4.0229410e-03
3.5506140e-03
3.1960520e-03
2.9880930e-03
2.7837880e-03
2.4562150e-03
1.7413860e-03
7.0122230e-04
-7.1741740e-04
-2.4258230e-03
-4.2355010e-03
-5.9997000e-03
-7.6912040e-03
-9.2664440e-03
-1.0696670e-02
-1.1867680e-02
-1.2718270e-02
-1.3172180e-02
-1.3378960e-02
-1.3233100e-02
-1.2748110e-02
-1.2155470e-02
-1.1576400e-02
-1.0688340e-02
-9.4615420e-03
-7.9976780e-03
-6.4986430e-03
-5.0012380e-03
-3.3887790e-03
-1.9376220e-03
-4.6854720e-04
9.6991990e-04
2.2524590e-03
3.2928370e-03
4.0908200e-03
4.9347830e-03
5.5441320e-03
6.0297490e-03
6.4801240e-03
6.9008200e-03
7.1730460e-03
7.3924990e-03
7.6473140e-03
7.7503640e-03
7.7142960e-03
7.5819080e-03
7.1647910e-03
6.6182490e-03
6.1477260e-03
5.6254250e-03
5.3346820e-03
5.2790030e-03
5.3090850e-03
5.3826580e-03
5.3924710e-03
5.2329830e-03
4.9739410e-03
4.5866030e-03
4.0885110e-03
3.5154530e-03
2.8004870e-03
1.8567410e-03
6.9267730e-04
-5.6971320e-04
-1.7046490e-03
-2.9959170e-03
-4.3793200e-03
-5.5869600e-03
-6.6518010e-03
-7.7097420e-03
-8.6893010e-03
-9.3979010e-03
-1.0081400e-02
-1.0576280e-02
-1.0711900e-02
-1.0622890e-02
-1.0389310e-02
-1.0016920e-02
-9.5655650e-03
-9.0352900e-03
-8.6208150e-03
-8.2454220e-03
-7.7913310e-03
-7.2529280e-03
-6.7597670e-03
-6.2328570e-03
-5.6542560e-03
-5.0649240e-03
-4.5237620e-03
-3.9892600e-03
-3.4349900e-03
-2.8780760e-03
-2.2367460e-03
-1.5048340e-03
-8.5280680e-04
-1.2383340e-04
6.7901500e-04
1.3953890e-03
2.1368460e-03
2.9187840e-03
3.6528900e-03
4.3927700e-03
5.0593420e-03
5.3962380e-03
5.7459430e-03
5.9746100e-03
6.1962120e-03
6.4818950e-03
6.7356050e-03
6.8944550e-03
6.9933650e-03
7.0986760e-03
7.2277560e-03
7.4031540e-03
7.6075870e-03
7.9737730e-03
8.4405470e-03
8.9539430e-03
9.3640360e-03
9.6315960e-03
9.6696870e-03
9.5523610e-03
9.3201390e-03
9.0689690e-03
8.8571260e-03
8.6259980e-03
8.3182730e-03
7.9971010e-03
7.5677720e-03
6.8990180e-03
6.1439950e-03
5.2664900e-03
4.3844380e-03
3.3286200e-03
2.1677980e-03
9.7498180e-04
-1.8404820e-04
-1.3707400e-03
-2.4536300e-03
-3.5183280e-03
-4.5704530e-03
-5.4008800e-03
-6.1939080e-03
-7.0298470e-03
-7.7352710e-03
-8.4284850e-03
-9.1127880e-03
-9.6686230e-03
-1.0079250e-02
-1.0472740e-02
-1.0758410e-02
-1.1145630e-02
-1.1657800e-02
-1.2257150e-02
-1.2746600e-02
-1.3431610e-02
-1.4175670e-02
-1.4884800e-02
-1.5412710e-02
-1.5881130e-02
-1.6222160e-02
-1.6406040e-02
-1.6432660e-02
-1.6227590e-02
-1.5827560e-02
-1.5388160e-02
-1.4861920e-02
-1.4341290e-02
-1.3902990e-02
-1.3441470e-02
-1.2889570e-02
-1.2403260e-02
-1.1955040e-02
-1.1557700e-02
-1.1283440e-02
-1.1087310e-02
-1.0871150e-02
-1.0650240e-02
-1.0385720e-02
-9.9721820e-03
-9.4353740e-03
-8.7943210e-03
-8.0491850e-03
-7.0951640e-03
-5.9721790e-03
-4.7737540e-03
-3.5738640e-03
-2.1894310e-03
-6.0845700e-04
9.5683290e-04
2.5905980e-03
4.2533560e-03
5.7541830e-03
7.1972490e-03
8.5634990e-03
9.9138590e-03
1.1190770e-02
1.2322960e-02
1.3377570e-02
1.4248170e-02
1.4947420e-02
1.5602150e-02
1.6336480e-02
1.7015640e-02
1.7736510e-02
1.8474930e-02
1.9107510e-02
1.9742730e-02
2.0451830e-02
2.1009120e-02
2.1382570e-02
2.1651090e-02
2.1722030e-02
2.1660780e-02
2.1611090e-02
2.1605140e-02
2.1619770e-02
2.1542310e-02
2.1250770e-02
2.0919200e-02
2.0474980e-02
1.9873520e-02
1.9031000e-02
1.8017300e-02
1.6887870e-02
1.5611700e-02
1.3993580e-02
1.2193360e-02
1.0521600e-02
8.7954140e-03
7.2743690e-03
5.8977610e-03
4.7054970e-03
3.6523970e-03
2.5386430e-03
1.5243490e-03
6.2906300e-04
-1.7460630e-04
-9.9823540e-04
-1.7165390e-03
-2.5059540e-03
-3.5079740e-03
-4.4164800e-03
-4.8060390e-03
-5.1935340e-03
-5.6564610e-03
-6.1763500e-03
-6.5206700e-03
-6.7270810e-03
-6.9326610e-03
-7.1668460e-03
-7.4048190e-03
-7.7954100e-03
-8.3421610e-03
-8.8012360e-03
-9.2368720e-03
-9.6573270e-03
-9.9675140e-03
-1.0075710e-02
-9.9538280e-03
-9.6782550e-03
-9.3424930e-03
-8.9594550e-03
-8.5566680e-03
-8.1940370e-03
-7.7634010e-03
-7.2312630e-03
-6.4982260e-03
-5.6703160e-03
-4.7746420e-03
-3.8690880e-03
-2.9193070e-03
-1.9816330e-03
-1.0209550e-03
4.5468890e-05
1.1233770e-03
1.9592820e-03
2.6837660e-03
3.2938880e-03
3.7986410e-03
4.1788770e-03
4.5022720e-03
4.7663750e-03
5.0515550e-03
5.3091030e-03
5.5589570e-03
5.8336420e-03
6.1937360e-03
6.4174900e-03
6.5351260e-03
6.4670150e-03
6.2052440e-03
5.7638130e-03
5.1868780e-03
4.6189040e-03
3.8698330e-03
3.1148960e-03
2.3732560e-03
1.5895930e-03
8.5669710e-04
6.2525830e-05
-7.4567790e-04
-1.6124270e-03
-2.6878190e-03
-3.8428500e-03
-4.9965860e-03
-6.1457420e-03
-7.2875630e-03
-8.3946130e-03
-9.3467490e-03
-1.0201130e-02
-1.1023730e-02
-1.1669790e-02
-1.2251460e-02
-1.2711260e-02
-1.3115150e-02
-1.3511180e-02
-1.3767040e-02
-1.3972780e-02
-1.4007340e-02
-1.3735080e-02
-1.3168490e-02
-1.2441190e-02
-1.1598970e-02
-1.0642120e-02
-9.6018660e-03
-8.5919560e-03
-7.5686640e-03
-6.6450090e-03
-5.8918980e-03
-5.2685660e-03
-4.6302720e-03
-3.9361210e-03
-3.4794730e-03
-3.1891900e-03
-2.9393570e-03
-2.7441640e-03
-2.7607800e-03
-2.9316380e-03
-3.0514020e-03
-3.1469130e-03
-3.2075960e-03
-3.0868880e-03
-2.8438130e-03
-2.4253860e-03
-1.8754140e-03
-1.2150070e-03
-4.3121430e-04
3.8375200e-04
1.1872490e-03
1.9188560e-03
2.5506200e-03
3.0237480e-03
3.5473640e-03
4.1587610e-03
4.6777710e-03
5.1014430e-03
5.4475790e-03
