0.01
-1.1053120e-03
1.5443790e-02
1.2896020e-02
8.9576390e-03
-5.4194770e-03
-5.5415420e-03
1.2040580e-02
9.5928910e-03
1.1127810e-02
2.7242340e-02
2.3507490e-02
2.0128040e-02
3.6221240e-02
3.2455430e-02
2.3897250e-02
1.8876370e-02
1.5241050e-02
1.4802760e-02
1.2442700e-02
1.9687400e-02
2.7592210e-02
1.7471310e-02
-3.5912640e-03
2.8367620e-03
2.4594070e-02
2.2055550e-02
1.4005670e-02
-4.2027170e-03
-1.4593560e-02
-4.5463620e-03
-9.5955350e-03
-2.4515450e-02
-2.4878070e-02
-3.6355590e-02
-4.0455730e-02
-2.3046790e-02
-2.0207120e-02
-1.8517620e-02
-1.3433130e-02
-1.5424720e-02
-1.2036740e-02
-1.1819270e-03
7.0616130e-03
2.6122020e-03
9.0211440e-03
1.0863460e-02
4.7017310e-03
1.7454120e-02
2.2892150e-02
1.0856090e-02
4.2392200e-03
1.5689790e-02
3.1974750e-02
3.3320900e-02
1.3655080e-02
1.4681800e-03
7.0368220e-04
-3.3124780e-03
1.3208800e-02
2.3102170e-02
9.9632300e-03
1.3000720e-02
2.1647130e-02
1.2921350e-02
1.2323000e-02
1.6652900e-02
5.6075800e-03
1.3998010e-02
2.0771150e-02
2.3951440e-03
2.4875320e-02
5.4740350e-02
4.6557390e-02
4.1890110e-02
3.9712930e-02
3.1352350e-02
3.0257860e-02
2.9023700e-02
1.7272720e-02
1.4491480e-02
2.2361990e-02
2.5085120e-02
3.0888540e-02
2.6760650e-02
1.8026160e-02
3.0411460e-02
3.8136990e-02
4.5581970e-02
6.9635250e-02
6.7238520e-02
6.6420200e-02
8.5402940e-02
8.5589360e-02
9.3304530e-02
1.1061670e-01
9.5691700e-02
8.8586710e-02
1.0409800e-01
9.5525060e-02
8.9279240e-02
1.0600360e-01
1.0700500e-01
1.0682400e-01
1.0207530e-01
9.5345340e-02
1.0364360e-01
1.0419700e-01
1.0224830e-01
1.0974020e-01
9.7898420e-02
8.7976410e-02
9.0940600e-02
9.1730850e-02
5.1629730e-02
2.2261290e-03
-4.3382130e-03
-3.8665260e-03
-2.2204060e-03
1.1832800e-04
3.8517950e-03
5.9296910e-03
-2.8335760e-04
7.2255450e-03
-2.1822060e-02
-8.2625180e-02
-5.9585970e-02
-5.8252370e-02
-7.3776290e-02
-7.5007260e-02
-1.0817920e-01
-1.2145410e-01
-1.2496150e-01
-1.2810640e-01
-1.3585390e-01
-1.2791570e-01
-1.2830570e-01
-1.5076360e-01
-1.4529590e-01
-1.2244970e-01
-1.1369290e-01
-1.0505730e-01
-1.0648560e-01
-1.0590980e-01
-9.6576780e-02
-8.1427020e-02
-5.4752110e-02
-2.7096780e-02
-1.9447480e-02
-7.6383950e-03
1.9014860e-02
3.2130140e-02
5.3650780e-02
7.7306610e-02
8.0362360e-02
8.3343190e-02
9.9342970e-02
1.2116970e-01
1.3745070e-01
1.4777410e-01
1.4252310e-01
1.3902680e-01
1.3463670e-01
1.4326260e-01
1.5451590e-01
1.5656270e-01
1.5184130e-01
1.3978250e-01
1.3419500e-01
1.4680050e-01
1.2872860e-01
4.2960370e-02
-8.2064650e-03
2.2723180e-04
-6.8374010e-04
1.7393260e-03
-1.7787980e-04
2.4792870e-03
5.8321380e-04
2.5558380e-03
-1.3117550e-03
-1.2496280e-03
-2.6412290e-03
1.1071500e-03
1.5647780e-04
1.9356420e-03
-2.4014930e-02
-8.3089990e-03
1.3277930e-02
2.7088090e-03
1.5173750e-03
1.0297570e-02
2.5174530e-03
2.3779780e-02
-7.1274540e-02
-1.1155770e-01
-4.1926740e-02
-6.3216200e-02
-6.4440520e-02
-8.3117350e-02
-1.0002310e-01
-1.1612060e-01
-1.3533880e-01
-1.5230680e-01
-1.2662480e-01
-1.4234990e-01
-1.7052740e-01
-1.8282950e-01
-2.1314750e-01
-2.4663650e-01
-2.4272080e-01
-2.4366360e-01
-2.4025930e-01
-2.5286540e-01
-2.6868060e-01
-2.7187480e-01
-2.7206930e-01
-2.7578280e-01
-2.5796770e-01
-2.3769450e-01
-2.2791120e-01
-2.4640060e-01
-2.5693220e-01
-2.7184070e-01
-2.6672370e-01
-2.5493070e-01
-2.5057890e-01
-2.5879970e-01
-1.1712380e-01
1.1060040e-02
-1.9613830e-03
3.7297420e-03
1.4739430e-03
3.0744760e-03
1.4012150e-03
3.0192890e-03
1.5798350e-03
2.8033670e-03
1.7489350e-03
2.6220120e-03
1.9068900e-03
2.5167760e-03
1.9654950e-03
2.4189190e-03
2.0458180e-03
2.3442590e-03
2.0799510e-03
2.2517560e-03
2.1915940e-03
2.2223930e-03
2.1919310e-03
2.1499060e-03
2.2473490e-03
2.0842900e-03
2.3110810e-03
1.9274690e-03
2.4709410e-03
1.9987850e-03
1.6061270e-03
4.5430630e-03
-4.4035000e-03
2.6494530e-02
1.7049300e-01
2.2928240e-01
2.0142520e-01
2.1083010e-01
2.0269950e-01
1.7870240e-01
1.5319850e-01
1.4218370e-01
1.3822460e-01
1.3334620e-01
1.0669110e-01
8.2967300e-02
7.0217960e-02
7.1133010e-02
7.5864180e-02
7.6328350e-02
7.8930920e-02
8.7356760e-02
8.9432410e-02
9.3128630e-02
7.9666440e-02
6.4804750e-02
6.6620860e-02
5.6256420e-02
3.4823400e-02
2.2430760e-02
1.0001620e-02
-3.1967820e-04
-1.0967140e-02
-1.4705940e-02
-1.9591630e-02
-2.7787990e-02
-2.5514310e-02
-1.8208470e-02
-2.8577910e-02
-4.5829730e-02
-4.7992980e-02
-4.2552680e-02
-4.5626470e-02
-4.4073900e-02
-6.2987510e-02
-9.1536710e-02
-1.0083890e-01
-1.0735980e-01
-1.1195760e-01
-1.1349980e-01
-1.2506610e-01
-1.3472560e-01
-1.4245540e-01
-1.3974410e-01
-1.2912840e-01
-1.0939600e-01
-8.7330040e-02
-7.1343800e-02
-5.7091700e-02
-4.6654310e-02
-3.2794360e-02
-1.6769250e-02
-7.8997060e-03
4.4365900e-03
1.7693680e-02
2.0493630e-02
1.9019570e-02
2.3224210e-02
1.7856310e-02
1.0218830e-02
1.3839640e-02
2.8351670e-02
4.5969140e-02
6.0813130e-02
6.3735180e-02
6.3176370e-02
7.1500240e-02
7.5149160e-02
8.3486790e-02
9.2628240e-02
9.3930260e-02
8.9993100e-02
8.3946320e-02
8.4949440e-02
8.2406030e-02
8.0496160e-02
8.1188110e-02
6.5142920e-02
3.6495820e-02
2.2268450e-02
1.7617050e-02
-4.9961910e-03
-3.5765120e-02
-5.8697550e-02
-8.7034610e-02
-1.1417160e-01
-1.3497130e-01
-1.5741010e-01
-1.7857810e-01
-1.8787180e-01
-1.8287020e-01
-1.7160440e-01
-1.5790700e-01
-1.3806970e-01
-1.1854010e-01
-1.0441580e-01
-9.4238420e-02
-7.6724870e-02
-4.7437240e-02
-1.9958910e-02
-2.3526810e-03
1.8614070e-02
4.3675790e-02
6.1717850e-02
8.5951860e-02
1.1255080e-01
1.2156240e-01
1.3563020e-01
1.5567040e-01
1.6656300e-01
1.8042760e-01
1.9422530e-01
2.0502370e-01
2.1544710e-01
2.1932020e-01
2.1955490e-01
2.2412200e-01
2.2371630e-01
2.1135500e-01
1.9649260e-01
1.6923130e-01
1.3510070e-01
1.1103550e-01
9.2949290e-02
7.0682570e-02
4.5440670e-02
2.2457430e-02
5.7599590e-03
-8.9605380e-03
-2.7697800e-02
-4.2446010e-02
-5.2274420e-02
-6.0660870e-02
-5.7862840e-02
-6.2501920e-02
-7.5646190e-02
-7.4833140e-02
-7.1235460e-02
-7.6329910e-02
-8.0375080e-02
-8.2188890e-02
-7.7842650e-02
-7.3046150e-02
-7.3869970e-02
-7.7823250e-02
-8.6892390e-02
-9.8308410e-02
-9.9452890e-02
-9.8073100e-02
-9.7275160e-02
-8.9143410e-02
-8.2478130e-02
-7.1973140e-02
-5.0250770e-02
-3.8241770e-02
-3.0628450e-02
-1.6394260e-02
-7.3827780e-03
-1.4998760e-03
1.2957870e-02
2.4729420e-02
3.6129820e-02
5.1213110e-02
6.0513170e-02
6.8199150e-02
8.1953720e-02
9.0707480e-02
9.0187030e-02
9.3670220e-02
9.8316400e-02
9.6412440e-02
9.9008030e-02
9.4682030e-02
7.6511710e-02
5.6562720e-02
4.5072790e-02
3.4268030e-02
1.3539480e-02
-7.7958260e-03
-2.8174800e-02
-5.5876200e-02
-8.2491520e-02
-1.0676430e-01
-1.2266880e-01
-1.3308280e-01
-1.4234690e-01
-1.5202900e-01
-1.5757900e-01
-1.6352240e-01
-1.6003570e-01
-1.4627100e-01
-1.3893030e-01
-1.2129670e-01
-9.9887650e-02
-8.5840640e-02
-5.8277390e-02
-3.6306760e-02
-1.4059510e-02
1.9116580e-02
4.8510260e-02
7.3403540e-02
9.6403220e-02
1.2037980e-01
1.4710720e-01
1.6896550e-01
1.8681560e-01
2.0450910e-01
2.1192920e-01
2.1553100e-01
2.2766460e-01
2.3339400e-01
2.2537700e-01
2.0263040e-01
1.7321880e-01
1.4575640e-01
1.2047670e-01
9.2918200e-02
6.8772440e-02
5.9211200e-02
5.7647390e-02
5.5036240e-02
5.2148080e-02
4.8422220e-02
4.8313810e-02
5.0108940e-02
4.6153360e-02
3.6017280e-02
3.1123690e-02
3.3519210e-02
3.8754060e-02
3.9055050e-02
4.0526890e-02
4.3716660e-02
4.6229960e-02
5.3350910e-02
5.3461990e-02
4.0807090e-02
3.0783550e-02
2.2330830e-02
1.3016110e-02
4.0267630e-03
-1.7522650e-03
-1.2555730e-02
-2.8219910e-02
-3.7708950e-02
-4.1139610e-02
-4.8417920e-02
-6.2423510e-02
-7.7988560e-02
-9.3104050e-02
-1.2361300e-01
-1.4512790e-01
-1.5468180e-01
-1.7155090e-01
-1.8810300e-01
-2.0185770e-01
-2.1713510e-01
-2.2448370e-01
-2.2679950e-01
-2.2916520e-01
-2.3648690e-01
-2.4773550e-01
-2.5026790e-01
-2.3604480e-01
-2.3044740e-01
-2.2193230e-01
-2.0310550e-01
-1.8800220e-01
-1.7160230e-01
-1.4227110e-01
-1.2136940e-01
-9.8349280e-02
-8.9679870e-02
-4.5034730e-02
1.5429860e-03
-8.3340100e-04
4.6124960e-04
-1.3378030e-04
3.6068680e-04
-1.9070090e-04
3.1677860e-04
-1.0608730e-04
1.8635910e-04
-5.1230720e-05
1.1627720e-04
5.7919740e-05
-1.1758400e-05
1.1932460e-04
-1.0166020e-04
1.7241490e-04
-1.5449290e-04
2.4762760e-04
-7.9873340e-04
2.5383660e-03
-6.9501020e-03
2.6587200e-02
8.2966890e-02
8.3254620e-02
8.0262920e-02
7.7841990e-02
7.6578170e-02
7.7416530e-02
7.1030670e-02
6.3368010e-02
6.9167570e-02
7.3098290e-02
8.1216970e-02
9.1722450e-02
9.6817300e-02
1.0060210e-01
1.0758640e-01
1.1837110e-01
1.2672260e-01
1.2531730e-01
1.2337070e-01
1.2526300e-01
1.3083650e-01
1.3573170e-01
1.3812190e-01
1.4585910e-01
1.5552400e-01
1.5851220e-01
1.7056020e-01
1.8722490e-01
1.9568160e-01
2.0636090e-01
2.1387840e-01
2.1315960e-01
2.1885010e-01
2.2417920e-01
2.2329110e-01
2.2363950e-01
2.1690080e-01
2.0173610e-01
1.8536080e-01
1.6200290e-01
1.3705950e-01
1.1396390e-01
8.7856540e-02
6.2501370e-02
4.2384520e-02
2.6649950e-02
1.6898780e-02
4.3971270e-03
-1.2554740e-02
-2.6379070e-02
-4.2124470e-02
-5.8902270e-02
-6.7916080e-02
-7.7481520e-02
-9.2081020e-02
-1.0470820e-01
-1.1815050e-01
-1.3322740e-01
-1.3945470e-01
-1.4469150e-01
-1.4662540e-01
-1.3724560e-01
-1.3226330e-01
-1.2933780e-01
-1.1837410e-01
-1.1052520e-01
-1.0157650e-01
-9.2256250e-02
-8.8199120e-02
-8.2540250e-02
-8.0204480e-02
-8.0447050e-02
-7.7974030e-02
-7.5529540e-02
-7.2737920e-02
-6.7508230e-02
-6.8563180e-02
-6.9723420e-02
-7.0561730e-02
-7.5311620e-02
-7.3972240e-02
-7.1702380e-02
-7.7370390e-02
-7.8407000e-02
-7.1873130e-02
-6.2583230e-02
-4.9697450e-02
-3.6602290e-02
-2.6132720e-02
-1.5509940e-02
-9.2773590e-03
-4.1437730e-03
1.2438210e-03
6.1204630e-03
1.5435030e-02
2.3032670e-02
2.6108750e-02
3.0162070e-02
3.8742140e-02
5.4126700e-02
6.4678800e-02
6.5077740e-02
6.9562070e-02
7.5670070e-02
8.0666310e-02
9.0124860e-02
9.7882170e-02
1.0359670e-01
1.0860090e-01
1.0947740e-01
1.1274880e-01
1.1917700e-01
1.2001580e-01
1.1739720e-01
1.1410850e-01
1.1101760e-01
1.0986430e-01
1.0698710e-01
9.9850390e-02
8.8923230e-02
8.1188990e-02
7.6682170e-02
7.5032960e-02
7.5109580e-02
7.6199040e-02
7.6700760e-02
7.4115710e-02
7.0811070e-02
7.1500690e-02
6.9618680e-02
6.3435610e-02
5.7122180e-02
4.8927810e-02
4.1278410e-02
3.4524780e-02
2.6774190e-02
1.8246450e-02
1.2889730e-02
6.3487290e-03
-2.3960290e-03
-6.4865130e-03
-1.3923650e-02
-2.4896450e-02
-3.0870130e-02
-3.9598390e-02
-5.0843740e-02
-5.9268500e-02
-7.1558090e-02
-8.2843810e-02
-9.3267600e-02
-1.1294450e-01
-1.2179770e-01
-1.2485370e-01
-1.3879100e-01
-1.4511490e-01
-1.4825400e-01
-1.5303920e-01
-1.5219960e-01
-1.4926870e-01
-1.4417660e-01
-1.4232710e-01
-1.4236260e-01
-1.3934050e-01
-1.3151610e-01
-1.2151000e-01
-1.1691880e-01
-1.1178380e-01
-1.0070480e-01
-9.6692040e-02
-9.4574050e-02
-8.3300080e-02
-7.3449560e-02
-7.3624160e-02
-7.5628390e-02
-7.8285120e-02
-7.8620100e-02
-7.7318270e-02
-7.3577610e-02
-6.8460460e-02
-6.9326990e-02
-6.7120670e-02
-5.8151650e-02
-4.9436110e-02
-3.5306440e-02
-2.6380120e-02
-2.3555170e-02
-1.7315340e-02
-1.1646710e-02
-4.1799380e-03
5.0768480e-03
1.3032670e-02
1.8361130e-02
2.3297510e-02
3.0601170e-02
3.9857480e-02
5.0035520e-02
5.8884870e-02
6.8413980e-02
7.8954710e-02
8.6275570e-02
9.4333430e-02
1.0497290e-01
1.1412320e-01
1.2027980e-01
1.2322880e-01
1.2959350e-01
1.3348870e-01
1.2911330e-01
1.2438950e-01
1.1706620e-01
1.0988940e-01
1.0629550e-01
9.9050360e-02
9.2453930e-02
8.4464800e-02
6.9808020e-02
5.9723200e-02
5.5650570e-02
5.1301860e-02
5.0413980e-02
4.6594160e-02
4.0920810e-02
4.0964220e-02
3.7369480e-02
3.4889170e-02
3.9475160e-02
4.0757370e-02
4.2407090e-02
4.3564340e-02
4.2271300e-02
4.4022040e-02
4.5731120e-02
4.8687830e-02
5.3257720e-02
5.7624540e-02
6.1287710e-02
6.2438310e-02
6.8512160e-02
7.3326190e-02
7.2520680e-02
7.4647440e-02
7.5434620e-02
7.1393160e-02
6.8160500e-02
6.3934480e-02
6.1155770e-02
5.8468690e-02
5.2690740e-02
4.7964240e-02
4.2762800e-02
3.5195930e-02
3.3735550e-02
3.1909750e-02
2.5450900e-02
2.3306840e-02
2.2734550e-02
1.8269190e-02
1.6605860e-02
1.4509250e-02
1.1992420e-02
8.0884580e-03
4.0138100e-03
1.7696880e-03
-4.6017680e-03
-1.3676770e-02
-1.7897120e-02
-2.1867010e-02
-2.8018590e-02
-3.6183780e-02
-4.2861020e-02
-4.8690540e-02
-5.5996290e-02
-6.0931360e-02
-6.0016230e-02
-6.2184480e-02
-6.7150580e-02
-7.1303320e-02
-7.4591320e-02
-7.8590530e-02
-8.0028170e-02
-8.2511020e-02
-8.7941920e-02
-9.1405880e-02
-9.6068300e-02
-9.9757660e-02
-1.0092980e-01
-1.0427460e-01
-1.0807120e-01
-1.1077090e-01
-1.1453550e-01
-1.2126520e-01
-1.2265400e-01
-1.2332720e-01
-1.2581570e-01
-1.2804680e-01
-1.3255970e-01
-1.3609670e-01
-1.3298950e-01
-1.2817090e-01
-1.2105790e-01
-1.1448560e-01
-1.1214910e-01
-1.0690650e-01
-1.0050920e-01
-9.0723360e-02
-8.0436140e-02
-7.9119710e-02
-7.7931430e-02
-7.5956800e-02
-7.2191600e-02
-6.5591260e-02
-5.8759140e-02
-5.8853870e-02
-6.0041180e-02
-5.6433650e-02
-4.9515720e-02
-4.2673660e-02
-3.7502230e-02
-3.2907890e-02
-2.9600280e-02
-2.5694860e-02
-1.9555610e-02
-1.5359230e-02
-1.2206520e-02
-1.0366700e-02
-9.3654750e-03
-5.7103960e-03
-3.0773870e-03
-7.8507060e-03
-1.1528330e-02
-1.5470130e-02
-2.3188920e-02
-2.8782500e-02
-3.7919670e-02
-5.0301060e-02
-5.6396850e-02
-6.1933950e-02
-6.8500050e-02
-7.5229800e-02
-8.3191210e-02
-8.8378650e-02
-8.6783060e-02
-9.1619590e-02
-9.1130230e-02
-8.6503840e-02
-8.8665720e-02
-9.2785630e-02
-9.4177990e-02
-9.3181360e-02
-8.8646180e-02
-8.5597460e-02
-8.5272540e-02
-7.0049900e-02
-1.8438230e-02
3.7079050e-03
-2.8356810e-03
-5.2110260e-04
-1.1482190e-03
-1.0604510e-03
-1.0802200e-03
-1.0593780e-03
-1.0523810e-03
-1.1126640e-03
-1.0283930e-03
-1.1339290e-03
-9.6893830e-04
-1.1885560e-03
-9.5171110e-04
-1.2105640e-03
-9.1306200e-04
-1.2571830e-03
-9.1105720e-04
-1.2581110e-03
-8.3638520e-04
-1.3251870e-03
-8.0880350e-04
-1.3661340e-03
-7.4566210e-04
-1.4413440e-03
-6.9614500e-04
-1.5135500e-03
-5.5649400e-04
-1.6613990e-03
-4.6066700e-04
-1.6801260e-03
-5.6294930e-04
-1.6635200e-03
1.8952880e-04
-2.3260220e-03
7.6738980e-02
1.4598680e-01
1.4653250e-01
1.6459290e-01
1.7047710e-01
1.7471500e-01
1.7315990e-01
1.7470910e-01
1.7132060e-01
1.6619340e-01
1.5327230e-01
1.3948820e-01
1.2452200e-01
1.1320420e-01
1.0284510e-01
9.5137080e-02
8.6503650e-02
7.8689110e-02
6.9687390e-02
6.5116750e-02
6.3429410e-02
6.1915670e-02
5.9509770e-02
5.9874750e-02
5.9584250e-02
5.9421830e-02
6.2129230e-02
6.6290150e-02
6.7670250e-02
6.9768100e-02
7.2219780e-02
7.5646070e-02
7.6842460e-02
7.8998860e-02
8.1076780e-02
8.3115920e-02
8.4014380e-02
8.7507600e-02
8.8211230e-02
8.6205490e-02
8.4711400e-02
8.3399090e-02
7.9655630e-02
7.7199020e-02
7.4537930e-02
7.1643910e-02
7.0058650e-02
7.0589260e-02
6.9549420e-02
6.8561140e-02
6.7491280e-02
6.4396710e-02
5.9499340e-02
5.5889640e-02
5.4183310e-02
5.1450810e-02
4.4448300e-02
4.0909710e-02
3.6004700e-02
2.8824990e-02
2.6461280e-02
2.4328800e-02
2.0490790e-02
1.5634090e-02
6.5181170e-03
2.4183720e-03
6.0494910e-04
-1.0211960e-02
-1.8884850e-02
-2.4745620e-02
-3.7440720e-02
-5.1358180e-02
-6.2348900e-02
-7.0997350e-02
-8.1286960e-02
-9.0660170e-02
-9.9450850e-02
-1.0901330e-01
-1.1553300e-01
-1.1815280e-01
-1.1956870e-01
-1.2038220e-01
-1.2082900e-01
-1.1929460e-01
-1.1831690e-01
-1.1977650e-01
-1.1509320e-01
-1.0201980e-01
-9.0491820e-02
-8.1274580e-02
-7.3035790e-02
-6.7920060e-02
-6.3772710e-02
-5.7747750e-02
-5.1718300e-02
-4.6096560e-02
-4.1665730e-02
-4.0601910e-02
-4.0110320e-02
-3.8816900e-02
-3.8949610e-02
-4.0321790e-02
-4.4559980e-02
-5.1366830e-02
-5.7665590e-02
-6.3060930e-02
-6.6760590e-02
-6.5381950e-02
-6.3898880e-02
-6.0758920e-02
-5.4012400e-02
-4.8748790e-02
-4.5044840e-02
-4.0892650e-02
-3.9378250e-02
-3.6974490e-02
-3.3073940e-02
-3.0780970e-02
-3.0617490e-02
-2.9134570e-02
-2.6409390e-02
-2.4456650e-02
-2.0965220e-02
-1.5110920e-02
-1.2364740e-02
-1.3593930e-02
-1.5393290e-02
-1.6738390e-02
-1.8216130e-02
-1.9365770e-02
-2.0330980e-02
-2.2400080e-02
-2.3973330e-02
-2.3727420e-02
-2.4565400e-02
-2.4118730e-02
-2.2899640e-02
-2.0568500e-02
-1.7527640e-02
-1.4665630e-02
-1.3567220e-02
-1.5174990e-02
-1.4183350e-02
-7.2558680e-03
-1.4650780e-03
4.2356370e-03
9.3547070e-03
1.2115590e-02
1.7666300e-02
2.5855030e-02
3.0738030e-02
3.5047000e-02
4.0525080e-02
4.2030110e-02
4.3285340e-02
4.5176110e-02
4.3694830e-02
4.5014120e-02
4.3237510e-02
3.4972780e-02
2.6220150e-02
1.8693360e-02
1.3806970e-02
8.8536500e-03
3.0129940e-03
-2.1882350e-03
-8.1323870e-03
-1.2713890e-02
-1.5829570e-02
-1.6606840e-02
-1.6160360e-02
-1.6458860e-02
-1.6668590e-02
-1.2667720e-02
-7.8137190e-03
-1.3073510e-03
5.0562070e-03
9.7603090e-03
1.5676070e-02
1.9406390e-02
2.3400920e-02
2.9252820e-02
3.1191420e-02
3.2911010e-02
3.7365900e-02
4.1306330e-02
4.4475800e-02
4.4142020e-02
4.2208220e-02
4.2472280e-02
4.1517130e-02
3.9044300e-02
3.9748610e-02
3.8667490e-02
3.1562580e-02
2.7347740e-02
2.6157440e-02
2.6949140e-02
2.8003310e-02
2.6205200e-02
2.6953500e-02
2.7236950e-02
2.5283460e-02
2.8383650e-02
3.5240800e-02
3.9187970e-02
4.0401310e-02
4.3435150e-02
4.7932250e-02
5.2750960e-02
5.8742390e-02
6.3548890e-02
6.3436280e-02
6.2778130e-02
6.4035430e-02
6.7382420e-02
6.9118930e-02
6.7841800e-02
6.7188770e-02
6.6343430e-02
6.5218550e-02
6.4780450e-02
6.3340790e-02
5.9498930e-02
5.6035080e-02
5.6991950e-02
5.9567400e-02
6.0669340e-02
5.9385060e-02
5.7940960e-02
5.7245320e-02
5.6282110e-02
5.5938680e-02
5.6610620e-02
5.4962390e-02
5.0368110e-02
4.4960150e-02
4.1800240e-02
4.0274780e-02
3.8338500e-02
3.6988450e-02
3.4300010e-02
2.8781230e-02
2.4986330e-02
2.0711550e-02
1.7424310e-02
1.5100030e-02
9.6433720e-03
4.0641060e-03
2.4916320e-04
-3.9120720e-03
-6.9679100e-03
-1.0550700e-02
-1.6602210e-02
-2.1760970e-02
-2.3122880e-02
-2.5775570e-02
-2.7672800e-02
-2.9584770e-02
-3.3703130e-02
-3.6466310e-02
-3.7019650e-02
-3.6697100e-02
-3.4320990e-02
-3.3122710e-02
-3.4500320e-02
-3.3605140e-02
-3.1123490e-02
-2.8129760e-02
-2.5016060e-02
-2.3593510e-02
-2.3420980e-02
-2.3488810e-02
-2.5293370e-02
-2.5158240e-02
-2.4450090e-02
-2.6778300e-02
-2.8569340e-02
-2.8901750e-02
-3.1994300e-02
-3.3943480e-02
-3.4301450e-02
-3.7206990e-02
-3.9714440e-02
-4.0681440e-02
-4.1240970e-02
-4.1717800e-02
-4.0564590e-02
-3.8396360e-02
-3.8176390e-02
-3.6351030e-02
-3.3671730e-02
-3.2156880e-02
-2.8589940e-02
-2.5784750e-02
-2.4794040e-02
-2.2829220e-02
-1.9713080e-02
-1.7186650e-02
-1.5519990e-02
-1.5369570e-02
-1.7163300e-02
-1.8923760e-02
-2.1157250e-02
-2.3574340e-02
-2.5129540e-02
-2.5825040e-02
-2.4909510e-02
-2.3746710e-02
-2.4598730e-02
-2.5252510e-02
-2.5408730e-02
-2.5552640e-02
-2.2376070e-02
-1.6983330e-02
-1.1259630e-02
-4.0787540e-03
-1.2509190e-03
1.0661990e-03
5.3745430e-03
8.9231300e-03
1.5512220e-02
2.2973240e-02
2.5924150e-02
2.8547670e-02
3.0992970e-02
3.3580640e-02
3.9516270e-02
4.4769040e-02
4.4693110e-02
4.2006300e-02
3.7622400e-02
3.2837970e-02
3.1652070e-02
2.7497070e-02
1.7888520e-02
1.0057740e-02
2.8350800e-03
-4.0717850e-03
-6.2326870e-03
-7.7392650e-03
-1.3950550e-02
-2.0952330e-02
-2.5872020e-02
-2.5659180e-02
-2.3819840e-02
-2.2483100e-02
-2.2139120e-02
-2.1907370e-02
-1.8767040e-02
-1.2148740e-02
-1.9583610e-03
5.5579830e-03
8.0952920e-03
1.1211820e-02
1.5163030e-02
2.1196360e-02
3.0698050e-02
3.9122780e-02
4.2596450e-02
4.4181490e-02
4.7104110e-02
5.1715960e-02
5.7700610e-02
6.2668700e-02
6.2001420e-02
6.0940300e-02
5.8753390e-02
5.7177890e-02
5.9124660e-02
5.9279360e-02
5.7758990e-02
5.4950430e-02
5.0042940e-02
4.6412040e-02
4.4606170e-02
4.2785430e-02
3.9749470e-02
3.7716240e-02
3.6013260e-02
3.4336950e-02
3.3056860e-02
3.1973790e-02
2.9861910e-02
2.6910160e-02
2.3351920e-02
2.0015460e-02
1.9529600e-02
1.9012420e-02
1.7138580e-02
1.3538300e-02
8.3522990e-03
6.3633100e-03
5.6152100e-03
2.2045150e-03
-2.1578980e-03
-4.8619590e-03
-1.0305360e-02
-1.4679080e-02
-1.6412210e-02
-2.0153380e-02
-2.3780120e-02
-2.6575170e-02
-3.0469580e-02
-3.2377270e-02
-3.5744150e-02
-4.0920860e-02
-4.3329250e-02
-4.5884350e-02
-4.9873800e-02
-5.1938920e-02
-5.4626920e-02
-5.6590800e-02
-5.7613890e-02
-5.9914940e-02
-6.0396810e-02
-6.0646690e-02
-6.3019040e-02
-6.4435500e-02
-6.4887330e-02
-6.6045150e-02
-6.7361270e-02
-6.8853120e-02
-7.1733880e-02
-7.2942410e-02
-7.3331590e-02
-7.6619120e-02
-8.0029150e-02
-7.9545150e-02
-7.9069900e-02
-7.7925210e-02
-7.5561920e-02
-7.5334950e-02
-7.3326430e-02
-6.8254240e-02
-6.3344320e-02
-5.8682830e-02
-5.5911340e-02
-5.3441170e-02
-4.8030460e-02
-4.2757200e-02
-4.0334490e-02
-3.9432100e-02
-3.9438890e-02
-3.9599720e-02
-3.9702030e-02
-4.1608390e-02
-4.3319790e-02
-4.3952920e-02
-4.5759770e-02
-4.6114140e-02
-4.6077200e-02
-4.6920640e-02
-4.7400210e-02
-4.7710580e-02
-4.9180080e-02
-5.1569360e-02
-5.4011070e-02
-5.4041450e-02
-5.4228510e-02
-5.5906410e-02
-5.5068780e-02
-5.5180460e-02
-5.4278800e-02
-5.0411960e-02
-4.8101030e-02
-4.6407130e-02
-4.3728660e-02
-4.1364000e-02
-3.9659630e-02
-3.7693920e-02
-3.3961610e-02
-3.0411010e-02
-2.7457550e-02
-2.4602890e-02
-2.1770020e-02
-1.9465400e-02
-1.7311310e-02
-1.4894920e-02
-1.2421710e-02
-8.3654430e-03
-6.5162110e-03
-5.8687080e-03
-4.7611920e-03
-3.6885700e-03
6.7070890e-04
4.4632680e-03
5.6485110e-03
7.9999960e-03
1.0332400e-02
1.2781580e-02
1.5574400e-02
1.7743500e-02
2.0088270e-02
2.3341000e-02
2.6708750e-02
2.8534170e-02
2.9788220e-02
3.3109810e-02
3.5648120e-02
3.6471070e-02
3.7881480e-02
3.9344190e-02
4.0299260e-02
4.0386170e-02
4.0802890e-02
4.1017040e-02
4.0487140e-02
4.0095270e-02
3.9204220e-02
3.5556410e-02
3.2395810e-02
3.0474790e-02
2.7768840e-02
2.5727420e-02
2.4303800e-02
2.2753150e-02
2.1463480e-02
2.1314470e-02
2.2153910e-02
2.4093310e-02
2.4757090e-02
2.5574300e-02
2.7908560e-02
3.0247940e-02
3.2405330e-02
3.5498040e-02
3.8566040e-02
4.0899920e-02
4.2966850e-02
4.3745580e-02
4.4688520e-02
4.5137390e-02
4.3933890e-02
4.1565870e-02
3.8624600e-02
3.3278260e-02
2.7190140e-02
2.2403250e-02
1.7134610e-02
1.0647000e-02
5.3652870e-03
1.2985520e-03
-2.9203720e-03
-6.9247880e-03
-1.0282020e-02
-1.3968240e-02
-1.6618770e-02
-1.8648140e-02
-2.0604160e-02
-2.2641200e-02
-2.4569960e-02
-2.5607460e-02
-2.5906310e-02
-2.6120350e-02
-2.4806460e-02
-2.1919950e-02
-1.9010660e-02
-1.6216900e-02
-9.8183500e-03
-2.0136620e-03
4.8817990e-03
1.0537010e-02
1.3266610e-02
1.5296220e-02
1.8490730e-02
2.0760630e-02
2.2537320e-02
2.3681770e-02
2.3371100e-02
2.2326550e-02
2.0775880e-02
1.8431380e-02
1.5847680e-02
1.3232730e-02
1.0865060e-02
7.8574050e-03
6.0366130e-03
5.5072410e-03
4.0223230e-03
3.2529730e-03
3.3339700e-03
3.1991570e-03
4.8824290e-03
6.7172270e-03
7.8477380e-03
9.9099180e-03
1.1499640e-02
1.2492520e-02
1.5291400e-02
1.7897860e-02
1.9982750e-02
2.3742460e-02
2.6024230e-02
2.6602180e-02
2.8791390e-02
3.0530680e-02
3.1189260e-02
3.2562620e-02
3.2973100e-02
3.3249720e-02
3.4674950e-02
3.5550980e-02
3.6227910e-02
3.7368330e-02
3.7596370e-02
3.7970350e-02
3.7859160e-02
3.8205300e-02
3.9984270e-02
4.2243780e-02
4.3212800e-02
4.5039870e-02
4.7333450e-02
4.8806050e-02
5.1232510e-02
5.3620950e-02
5.5167740e-02
5.6606970e-02
5.7180010e-02
5.6217070e-02
5.6271340e-02
5.6749620e-02
5.5628830e-02
5.3610260e-02
5.1905350e-02
5.1073600e-02
4.9481610e-02
4.7366810e-02
4.6668410e-02
4.3471990e-02
3.9172510e-02
3.6276010e-02
3.3614760e-02
3.1161530e-02
2.8969950e-02
2.5803820e-02
2.4000140e-02
2.2598600e-02
2.0734650e-02
2.0665660e-02
2.0441620e-02
1.8906040e-02
1.7689500e-02
1.7645200e-02
1.7372400e-02
1.6962350e-02
1.6282090e-02
1.5281690e-02
1.4725320e-02
1.4606540e-02
1.3893010e-02
1.3400050e-02
1.3813090e-02
1.3240290e-02
1.2746460e-02
1.2577880e-02
1.1031660e-02
1.0782310e-02
1.0825640e-02
9.1749220e-03
7.7270610e-03
5.9375490e-03
3.7592150e-03
2.8251260e-03
7.9812970e-04
-1.7616790e-03
-2.7895810e-03
-5.1780820e-03
-8.4364500e-03
-1.0668750e-02
-1.2573400e-02
-1.3420620e-02
-1.4670930e-02
-1.6586140e-02
-1.6836660e-02
-1.7472680e-02
-1.8019150e-02
-1.7554280e-02
-1.7167510e-02
-1.5689120e-02
-1.4589850e-02
-1.1775430e-02
-8.2819600e-03
-5.9596370e-03
-4.5001010e-03
-2.0006690e-03
5.2634210e-04
2.1503630e-03
5.2218670e-03
7.6197450e-03
8.8147640e-03
1.0122950e-02
1.1602510e-02
1.4040490e-02
1.6010160e-02
1.6869880e-02
1.7716520e-02
1.6665850e-02
1.5115370e-02
1.4336760e-02
1.2217360e-02
1.0104710e-02
7.7440510e-03
6.3043700e-03
4.2262480e-03
1.2840570e-03
9.9236550e-06
-1.5468310e-03
-4.7119870e-03
-7.5382230e-03
-1.1163980e-02
-1.4898240e-02
-1.8358930e-02
-2.2659030e-02
-2.5683400e-02
-2.6940250e-02
-2.9751220e-02
-3.2693290e-02
-3.3649870e-02
-3.6278500e-02
-3.9808200e-02
-4.1577150e-02
-4.2730510e-02
-4.4186910e-02
-4.5135510e-02
-4.7572760e-02
-5.0278470e-02
-5.0481550e-02
-5.1657380e-02
-5.1280860e-02
-5.0260340e-02
-5.0566890e-02
-5.0047750e-02
-4.8583700e-02
-4.8182280e-02
-4.6114710e-02
-4.2986140e-02
-4.0040360e-02
-3.7275140e-02
-3.4634780e-02
-3.2758560e-02
-2.9764500e-02
-2.6893950e-02
-2.4320640e-02
-2.2047860e-02
-1.9660230e-02
-1.7845640e-02
-1.6396200e-02
-1.4979140e-02
-1.3889470e-02
-1.2889320e-02
-1.1720900e-02
-1.1610020e-02
-1.1492710e-02
-1.0955060e-02
-1.1935790e-02
-1.3103320e-02
-1.3512230e-02
-1.3579320e-02
-1.3344130e-02
-1.3691070e-02
-1.3436080e-02
-1.2195210e-02
-1.1039590e-02
-1.0437600e-02
-9.3142570e-03
-7.9349550e-03
-6.7717670e-03
-5.9827780e-03
-5.1828290e-03
-4.2173140e-03
-3.3414230e-03
-2.8041440e-03
-1.5700740e-03
-8.1046260e-04
-3.7092820e-04
2.0046330e-04
1.0796920e-03
1.3752460e-03
3.0565880e-03
4.5410000e-03
4.0192210e-03
3.4756470e-03
3.3834310e-03
2.0621190e-03
2.1345340e-03
9.7681450e-04
-3.0760590e-04
-1.3887340e-03
-2.5416490e-03
-3.5209440e-03
-4.7926190e-03
-5.1648900e-03
-6.3380660e-03
-6.9738230e-03
-6.3275170e-03
-6.1740070e-03
-5.0248990e-03
-3.3347360e-03
-2.1995990e-03
-2.7286880e-04
2.7416750e-03
5.0354380e-03
6.5843100e-03
7.8436670e-03
9.3995500e-03
1.0992520e-02
1.2719720e-02
1.4703420e-02
1.6226130e-02
1.6147730e-02
1.5187920e-02
1.4262690e-02
1.2605350e-02
1.0484170e-02
8.1731890e-03
4.1164560e-03
6.9117270e-04
-2.6683590e-03
-6.3532410e-03
-8.8754380e-03
-1.1145190e-02
-1.3616550e-02
-1.5780110e-02
-1.6956760e-02
-1.7961580e-02
-2.0017040e-02
-2.1182650e-02
-2.2403890e-02
-2.2541120e-02
-2.1396210e-02
-1.9942300e-02
-1.8917740e-02
-1.8958280e-02
-1.9989540e-02
-1.8815540e-02
-1.6601640e-02
-1.4394280e-02
-1.3006690e-02
-1.2967340e-02
-1.3999010e-02
-1.3201470e-02
-1.1455850e-02
-1.0888280e-02
-9.8486560e-03
-9.6505440e-03
-1.0617990e-02
-1.1217050e-02
-1.1139740e-02
-1.0575770e-02
-1.1490750e-02
-1.2026400e-02
-1.1179120e-02
-1.0628960e-02
-1.1226730e-02
-1.0119600e-02
-8.1163160e-03
-6.0747010e-03
-3.8950860e-03
-2.3600280e-03
-1.9154660e-03
-6.2383880e-04
1.6967120e-03
3.5528380e-03
5.4078850e-03
8.2386640e-03
9.5910480e-03
1.0504710e-02
1.2191090e-02
1.3192230e-02
1.3209500e-02
1.3816030e-02
1.4488440e-02
1.5217700e-02
1.4403790e-02
1.2764040e-02
1.2151020e-02
1.1198570e-02
1.0647890e-02
1.0101810e-02
8.7781040e-03
6.4356630e-03
4.6966840e-03
3.5570250e-03
2.8041100e-03
2.3514230e-03
-3.7935560e-04
-2.7490940e-03
-4.2678300e-03
-5.1670260e-03
-5.2815110e-03
-5.4011330e-03
-5.8856310e-03
-6.1218330e-03
-5.8373950e-03
-5.1819740e-03
-4.0484860e-03
-3.5160840e-03
-3.4629960e-03
-3.0605290e-03
-1.1532190e-03
7.1581450e-04
1.4382970e-03
2.5788070e-03
4.6633860e-03
5.5570710e-03
6.7535030e-03
8.2523520e-03
8.9545180e-03
9.8316610e-03
1.0426490e-02
9.9795550e-03
1.0193590e-02
1.0685150e-02
1.1391280e-02
1.1594480e-02
1.2159260e-02
1.2826000e-02
1.4643180e-02
1.6573850e-02
1.7885470e-02
1.9923190e-02
2.1396390e-02
2.2094390e-02
2.3312000e-02
2.4218330e-02
2.5639660e-02
2.7590200e-02
2.8274420e-02
2.8685770e-02
2.8997060e-02
2.9200040e-02
2.9223360e-02
2.8908370e-02
2.7940780e-02
2.6481850e-02
2.4689910e-02
2.2154250e-02
1.9120550e-02
1.5843660e-02
1.2202910e-02
8.3810340e-03
4.5091950e-03
6.5394970e-04
-2.5335560e-03
-6.0041500e-03
-9.5071160e-03
-1.2611340e-02
-1.5312700e-02
-1.6832930e-02
-1.8037700e-02
-1.9913970e-02
-2.1671590e-02
-2.2583300e-02
-2.3348310e-02
-2.2591120e-02
-2.1668050e-02
-2.0599190e-02
-1.9062590e-02
-1.7683050e-02
-1.6119360e-02
-1.3762030e-02
-1.1203990e-02
-8.8626930e-03
-5.8932310e-03
-3.2776380e-03
-1.3115670e-03
3.8076960e-04
8.3569650e-04
1.5440130e-03
1.8122240e-03
1.4004550e-03
-3.8505460e-04
-1.7107640e-03
-3.7067420e-03
-5.7647820e-03
-7.4673840e-03
-1.0087000e-02
-1.2197990e-02
-1.3532950e-02
-1.5977230e-02
-1.8782330e-02
-2.0876980e-02
-2.3042100e-02
-2.4335720e-02
-2.5538050e-02
-2.6875080e-02
-2.7538270e-02
-2.8618570e-02
-2.9018170e-02
-2.8555400e-02
-2.8764710e-02
-2.8478550e-02
-2.7305360e-02
-2.7515890e-02
-2.8026140e-02
-2.7658280e-02
-2.7113270e-02
-2.6584210e-02
-2.5313970e-02
-2.5072760e-02
-2.4538680e-02
-2.3835720e-02
-2.3430440e-02
-2.2093600e-02
-2.0711990e-02
-1.9337660e-02
-1.7686340e-02
-1.7294970e-02
-1.6924690e-02
-1.6527630e-02
-1.6552770e-02
-1.5508510e-02
-1.5366140e-02
-1.4862900e-02
-1.3694760e-02
-1.3776320e-02
-1.2692800e-02
-1.1554200e-02
-1.1538430e-02
-1.0996150e-02
-1.0920300e-02
-1.1636980e-02
-1.0958070e-02
-1.0819660e-02
-1.0720960e-02
-1.0487210e-02
-1.1078230e-02
-1.1261340e-02
-1.0759560e-02
-1.0914370e-02
-1.0549440e-02
-9.2834400e-03
-9.3101020e-03
-9.4509460e-03
-8.9377460e-03
-8.4793270e-03
-7.6138450e-03
-7.3138730e-03
-7.8776710e-03
-8.5278460e-03
-8.5014280e-03
-8.9035020e-03
-9.3021550e-03
-9.8348540e-03
-9.6592450e-03
-8.6922470e-03
-7.4590450e-03
