0.01
1.9990210e-04
6.4748675e-04
3.6226374e-04
-6.5868994e-04
-7.5729407e-05
2.1785694e-04
-1.0651357e-03
-1.3033004e-03
1.0931592e-04
-3.0519581e-04
-4.2622193e-04
1.8384580e-03
5.5992021e-04
-1.2633751e-03
-1.4713277e-03
-1.0031991e-03
9.4610549e-04
1.1828785e-03
-2.2002566e-03
-1.4864290e-03
1.6864891e-03
-8.7095561e-04
-2.8091943e-03
1.0083456e-03
4.2904316e-03
2.5281775e-03
-2.0263348e-03
-2.4121780e-03
-2.1090393e-03
-1.5781256e-03
2.3020663e-04
1.2516079e-03
-8.8873184e-04
-1.0698486e-05
3.1086014e-03
3.7770546e-03
2.4694755e-03
7.4822555e-04
1.3331027e-03
3.1562914e-03
6.0059171e-04
-4.1198548e-03
-5.4777323e-03
-2.3687249e-03
1.5114024e-04
1.0999959e-03
1.2324016e-03
-8.2580239e-04
-3.5939558e-03
-2.9823444e-03
1.7603125e-03
3.2376758e-03
1.5738477e-03
-2.6221574e-04
-5.4800038e-04
-4.0058756e-04
-4.5847959e-05
3.0081790e-03
3.6178565e-03
1.3398364e-03
-2.1676162e-03
-3.2343390e-03
-5.8264433e-04
-1.9512982e-03
-4.9391825e-03
-4.0661036e-03
-8.9075984e-05
3.0308661e-03
2.4283871e-03
2.9740002e-03
5.2113052e-03
3.6477079e-03
5.3911819e-04
1.8184451e-03
1.1599364e-03
-1.8011318e-03
-3.9557857e-03
-3.1278239e-03
-9.1595834e-05
1.8149526e-03
3.1958453e-03
3.4322736e-03
2.6750396e-03
1.9962258e-04
7.3159944e-04
1.2209668e-03
-1.6905468e-03
-5.7251454e-03
-7.5650427e-03
-6.4464069e-03
-3.0971718e-03
-2.7490128e-03
-1.9260372e-03
-2.2566613e-04
1.6204463e-03
4.9959123e-03
4.2520528e-03
-2.1716163e-03
-5.9134440e-03
-4.0309704e-03
-2.2837685e-03
5.0537618e-04
3.0738095e-03
1.3219633e-03
-1.4268531e-03
-2.5102368e-03
3.1310670e-04
6.3592548e-03
1.2022130e-02
1.6796806e-02
1.6313731e-02
8.9235516e-03
-4.6688442e-04
-6.3132987e-03
-7.9269371e-03
-7.5222325e-03
-4.7218350e-03
-5.1913704e-03
-1.0594753e-02
-1.5981713e-02
-1.8429378e-02
-1.1378505e-02
-9.1330839e-04
4.4065415e-03
8.4215684e-03
1.4400700e-02
1.8053956e-02
1.8254319e-02
1.3410323e-02
5.1677586e-03
-1.9625391e-03
-6.5897226e-03
-9.5892960e-03
-8.5189959e-03
-9.1840031e-04
5.8668071e-03
2.4281855e-03
-7.0316874e-03
-1.4830352e-02
-1.8415156e-02
-1.5323693e-02
-6.4219788e-03
3.6269331e-03
9.7479848e-03
1.0861035e-02
1.0026115e-02
9.6958037e-03
8.8742810e-03
8.7884938e-03
7.9452260e-03
5.9910685e-03
4.6558370e-03
1.5090786e-03
-6.2321119e-03
-1.6184266e-02
-1.9923969e-02
-1.4803933e-02
-4.7787898e-03
6.0605328e-03
1.3352805e-02
1.2313458e-02
4.9878672e-03
6.7924104e-04
3.2417640e-05
-3.7121320e-03
-8.6777389e-03
-8.1108244e-03
-2.0829465e-03
3.7525710e-03
3.8790878e-03
-9.2023827e-04
-3.3415505e-03
-3.7175525e-03
-4.1290544e-03
-5.4398915e-03
-4.5402921e-03
-1.7776387e-03
9.6838644e-04
4.9850341e-03
7.6105108e-03
9.8646783e-03
1.3473104e-02
1.6319461e-02
1.8208808e-02
1.7831725e-02
1.4430859e-02
5.6613002e-03
-8.7153268e-03
-2.1128954e-02
-2.3557434e-02
-7.0359528e-03
2.5591706e-02
5.0511138e-02
5.5243382e-02
3.7306306e-02
2.3334146e-03
-3.8582051e-02
-5.7347528e-02
-5.1484482e-02
-2.4999794e-02
7.4448473e-04
1.2147307e-02
3.6578292e-03
-1.9420204e-03
9.8999804e-03
2.9671062e-02
4.5068882e-02
4.3940470e-02
8.7730763e-03
-5.3403927e-02
-9.5672389e-02
-1.0686979e-01
-9.3810822e-02
-5.8297406e-02
-2.1748130e-02
3.7301333e-03
8.9323169e-03
1.4543480e-03
-5.6043398e-04
1.1589744e-02
4.0803670e-02
7.5746394e-02
1.0029629e-01
9.9895319e-02
8.3579380e-02
5.8087970e-02
2.0831411e-02
-2.1634306e-02
-5.3180602e-02
-7.0784785e-02
-8.6617111e-02
-8.6985989e-02
-6.7354672e-02
-3.1275318e-02
-6.8327598e-03
1.5480990e-03
-9.9963968e-04
-1.1594993e-02
-2.6157561e-02
-3.7344017e-02
-2.9113084e-02
1.0930934e-02
7.0403793e-02
1.2529687e-01
1.5994240e-01
1.6397821e-01
1.2017542e-01
4.9395011e-02
-3.1822499e-02
-9.5255632e-02
-1.2206418e-01
-1.1953374e-01
-1.0599669e-01
-8.9175992e-02
-6.3944269e-02
-2.2541392e-02
2.9570480e-02
6.6745090e-02
7.4850564e-02
6.5309046e-02
5.6836998e-02
5.1842549e-02
4.3000112e-02
2.4497673e-02
-4.2548153e-03
-3.2244819e-02
-5.0471372e-02
-6.3953780e-02
-6.6979834e-02
-4.8232140e-02
-1.9902201e-02
3.5181650e-03
1.8038825e-02
2.9628903e-02
3.6001265e-02
3.0321206e-02
2.0210700e-02
1.6859315e-02
1.9482075e-02
2.0054348e-02
1.2291466e-02
-2.1399615e-03
-1.6323081e-02
-2.3537157e-02
-2.7680679e-02
-3.4602049e-02
-3.9709295e-02
-3.9736576e-02
-3.6630745e-02
-3.4188484e-02
-3.4119199e-02
-3.3478137e-02
-2.2084110e-02
1.4500671e-03
3.3078856e-02
6.3139074e-02
8.1042809e-02
8.2950518e-02
7.0040688e-02
5.3818796e-02
3.7688286e-02
1.6023812e-02
-7.5170458e-03
-2.1795000e-02
-1.6591598e-02
4.9073201e-03
2.0709133e-02
2.2386389e-02
1.1888874e-02
-5.6424123e-03
-2.4465152e-02
-4.3491518e-02
-6.3567511e-02
-7.6504197e-02
-7.0396812e-02
-5.0595656e-02
-2.7937808e-02
-1.0355915e-02
-3.1747230e-03
-3.5179967e-03
-3.6641200e-03
1.2240088e-03
7.2864492e-03
1.1058008e-02
1.3196612e-02
1.7077408e-02
2.4772605e-02
3.2996246e-02
3.5915749e-02
2.9188835e-02
1.3157023e-02
-3.3606578e-03
-1.1686401e-02
-7.9289374e-03
2.2140016e-03
1.1835114e-02
1.9093956e-02
2.1993823e-02
1.9271135e-02
1.4576501e-02
1.2216719e-02
1.3852782e-02
1.4997938e-02
1.0084138e-02
5.5295588e-04
-8.4298678e-03
-1.6739609e-02
-2.4149713e-02
-3.1659037e-02
-3.4116288e-02
-2.5659556e-02
-1.4531826e-02
-1.1256667e-02
-1.6428754e-02
-2.2577861e-02
-2.2050464e-02
-1.2657643e-02
2.1462576e-03
1.5796396e-02
2.4838173e-02
2.8096155e-02
2.7587982e-02
2.6662559e-02
2.6051225e-02
2.3897597e-02
1.7255380e-02
7.9941242e-03
2.5582062e-04
-5.4106617e-03
-1.0756184e-02
-1.5626058e-02
-1.6787847e-02
-1.5695030e-02
-1.4781910e-02
-1.4230542e-02
-1.1688740e-02
-6.1244982e-03
9.6125792e-04
5.5603022e-03
4.5892185e-03
-5.4676790e-04
-4.3206007e-03
-4.3329588e-03
-3.3748968e-03
-4.6453749e-03
-6.8669421e-03
-4.4158725e-03
2.4356468e-03
7.8397156e-03
6.6111082e-03
-1.0676398e-03
-9.8144231e-03
-1.6246274e-02
-1.6187753e-02
-9.0187340e-03
6.8040901e-04
8.2948335e-03
1.1577678e-02
1.2409544e-02
1.2784583e-02
1.2251821e-02
1.1880904e-02
1.0657663e-02
8.7935102e-03
6.5564538e-03
1.9993309e-03
-3.8785916e-03
-8.2378749e-03
-1.0097279e-02
-1.1207268e-02
-1.2437932e-02
-1.4155166e-02
-1.4475659e-02
-1.1289876e-02
-4.7218492e-03
2.0272961e-03
8.4805980e-03
1.4984735e-02
2.1184143e-02
2.4802844e-02
2.4306730e-02
1.9550060e-02
1.2339944e-02
5.0731287e-03
9.6420935e-04
2.0585467e-03
5.5040315e-03
8.3148700e-03
9.8193782e-03
9.4648696e-03
6.2826988e-03
5.4535771e-04
-7.1561543e-03
-1.3936489e-02
-1.8415721e-02
-2.1606145e-02
-2.3273060e-02
-2.0737760e-02
-1.4205444e-02
-8.1833447e-03
-4.2634517e-03
-1.6848678e-03
-1.7652264e-04
-8.0307619e-04
-3.7299314e-03
-6.7858144e-03
-8.0051902e-03
-7.0163113e-03
-5.2685875e-03
-3.0372672e-03
9.5503626e-04
7.6628269e-03
1.5569819e-02
2.1882703e-02
2.5037686e-02
2.4426476e-02
1.9767531e-02
1.0772420e-02
-3.3998993e-04
-1.0332938e-02
-1.7857971e-02
-2.2090773e-02
-2.2334357e-02
-1.8623485e-02
-1.1363930e-02
-2.0942401e-03
6.2549911e-03
1.2250950e-02
1.6956742e-02
2.1166177e-02
2.3904242e-02
2.2235058e-02
1.4677187e-02
2.8141534e-03
-1.0806796e-02
-2.2076653e-02
-2.8242673e-02
-2.8316728e-02
-2.3906059e-02
-1.8403867e-02
-1.3722659e-02
-1.0421616e-02
-8.0586942e-03
-5.3582795e-03
-1.9269634e-03
3.2834207e-03
9.8464019e-03
1.5721386e-02
1.8977569e-02
2.0402548e-02
2.0163980e-02
1.6875769e-02
1.1407286e-02
5.8001590e-03
1.4466584e-03
-1.4982269e-03
-4.5133741e-03
-7.9502148e-03
-1.1251972e-02
-1.3264628e-02
-1.4354275e-02
-1.3375325e-02
-1.0101700e-02
-5.6395894e-03
-1.8901865e-03
4.3210806e-04
1.4871495e-03
1.7333631e-03
1.6765411e-03
2.5920104e-03
5.1517918e-03
8.9331035e-03
1.2215122e-02
1.4267520e-02
1.5444768e-02
1.5159801e-02
1.2638414e-02
8.4215675e-03
3.4761099e-03
-1.1229916e-03
-4.2243076e-03
-4.3293706e-03
-9.9489307e-04
3.7413574e-03
7.8184989e-03
8.6378990e-03
6.0463036e-03
1.1637295e-03
-3.9097861e-03
-8.5473581e-03
-1.2583135e-02
-1.6195337e-02
-1.9465552e-02
-2.1760847e-02
-2.1711005e-02
-1.8609566e-02
-1.2336353e-02
-3.8492372e-03
5.0270237e-03
1.1306206e-02
1.2787501e-02
1.0552866e-02
6.9252091e-03
3.4208544e-03
1.8190012e-04
-3.2466460e-03
-6.6839792e-03
-9.2898296e-03
-9.1987220e-03
-5.9166263e-03
7.7828038e-06
7.4573741e-03
1.4356319e-02
1.9150081e-02
2.0614065e-02
1.8987916e-02
1.3943472e-02
6.8434669e-03
-7.2730113e-04
-6.3979698e-03
-8.0165314e-03
-4.9425477e-03
-4.5865017e-04
2.7135657e-03
3.3943641e-03
1.7998634e-03
-5.8462542e-06
-4.5163385e-04
4.5943126e-04
1.6453395e-03
2.4935447e-03
2.1525177e-03
1.0412464e-03
-8.7358892e-04
-4.0652625e-03
-8.8927065e-03
-1.4647838e-02
-1.9184479e-02
-2.1206056e-02
-2.1531032e-02
-2.0946276e-02
-1.9684519e-02
-1.7583795e-02
-1.3956068e-02
-8.1053177e-03
-1.9292836e-04
9.1607418e-03
1.8713196e-02
2.7174262e-02
3.3265687e-02
3.6819558e-02
3.7673001e-02
3.5984298e-02
3.0866976e-02
2.1566671e-02
8.6052709e-03
-5.0533287e-03
-1.6293774e-02
-2.3067514e-02
-2.5473218e-02
-2.4970932e-02
-2.2104613e-02
-1.7357457e-02
-1.2081511e-02
-7.8406373e-03
-5.4344856e-03
-4.5995604e-03
-3.6740936e-03
-1.3136929e-03
2.5548102e-03
6.7446359e-03
9.8303501e-03
1.0019171e-02
6.9574057e-03
2.6703345e-03
-8.3612415e-04
-1.8749725e-03
-1.1567215e-03
-2.8499921e-04
-8.1564462e-04
-2.6131206e-03
-4.7966817e-03
-6.7576104e-03
-8.3654279e-03
-8.7702810e-03
-7.7015789e-03
-4.8571262e-03
-5.2178913e-05
6.0383615e-03
1.1913188e-02
1.5926617e-02
1.6965966e-02
1.5148708e-02
1.1833613e-02
7.8104943e-03
3.6159372e-03
1.1029118e-04
-2.5471346e-03
-4.3768310e-03
-5.4249789e-03
-5.1970521e-03
-3.8127500e-03
-2.0874397e-03
-1.0228340e-03
-1.0278440e-03
-2.4215050e-03
-4.1037394e-03
-5.8147770e-03
-6.6590138e-03
-6.4006287e-03
-5.2124105e-03
-4.1995311e-03
-3.2362274e-03
-1.9967336e-03
-3.2837737e-04
9.9049211e-04
1.9853990e-03
3.1770047e-03
4.2560772e-03
4.7630724e-03
4.3652305e-03
2.9995741e-03
1.2118148e-03
1.0011669e-04
6.6737731e-04
2.6704082e-03
4.3506751e-03
4.0399186e-03
1.4107119e-03
-2.4113802e-03
-5.9938890e-03
-8.4930525e-03
-9.3310292e-03
-8.2096497e-03
-5.3000150e-03
-1.9669980e-03
2.1323650e-04
1.2727001e-03
1.7585559e-03
2.6602202e-03
3.5079461e-03
4.5751615e-03
5.6749085e-03
6.3308558e-03
5.8464058e-03
4.2344255e-03
2.2170898e-03
4.9609585e-04
-3.6859297e-04
-3.5826585e-04
4.5312532e-04
1.7369559e-03
2.9614765e-03
3.0252638e-03
1.8061140e-03
-5.0399145e-04
-2.9591748e-03
-4.7639515e-03
-6.1960200e-03
-7.5010679e-03
-8.5088183e-03
-9.0166944e-03
-8.8840031e-03
-8.2941035e-03
-6.7511285e-03
-3.7850526e-03
-1.3272562e-04
3.5165326e-03
6.6555083e-03
9.3609668e-03
1.1418060e-02
1.2704829e-02
1.3190632e-02
1.2714611e-02
1.0903548e-02
8.4246953e-03
5.5452825e-03
2.0801771e-03
-1.9462113e-03
-6.1196825e-03
-1.0303853e-02
-1.3498878e-02
-1.4976012e-02
-1.4185540e-02
-1.1596324e-02
-7.8949970e-03
-3.7790671e-03
8.9977891e-05
3.7497583e-03
6.7059142e-03
8.1911289e-03
8.0162610e-03
6.4106363e-03
3.8367233e-03
9.6837024e-04
-1.5012359e-03
-3.3057281e-03
-4.1007572e-03
-3.7046476e-03
-2.6919452e-03
-1.6095600e-03
-7.4471861e-04
-5.0886815e-04
-8.6115548e-04
-7.9072084e-04
8.0737762e-05
1.6209097e-03
3.6344842e-03
5.9369017e-03
8.0126246e-03
9.6229262e-03
1.0619805e-02
1.0592554e-02
9.3024426e-03
7.1675229e-03
4.5998072e-03
2.1794424e-03
2.3022467e-04
-1.7150537e-03
-3.9465288e-03
-6.8642561e-03
-9.8946875e-03
-1.2062919e-02
-1.2706505e-02
-1.1515650e-02
-8.7572834e-03
-5.1243055e-03
-1.2883915e-03
1.8821702e-03
3.7137581e-03
4.1263967e-03
3.7996638e-03
3.2172856e-03
2.7900189e-03
2.8512550e-03
2.9036674e-03
1.9997655e-03
-1.5584485e-04
-3.1540398e-03
-5.9553884e-03
-7.4056256e-03
-7.4874528e-03
-6.5362449e-03
-5.0164946e-03
-3.6437413e-03
-2.5629618e-03
-1.7891866e-03
-1.3659737e-03
-1.4362391e-03
-1.5021216e-03
-1.5831703e-03
-1.5545934e-03
-1.2171452e-03
-3.6889272e-04
5.2692687e-04
1.4282689e-03
2.6701992e-03
4.6874180e-03
7.1832749e-03
9.5709685e-03
1.1246295e-02
1.1520229e-02
1.0308718e-02
7.8152904e-03
4.6244008e-03
1.8084153e-03
2.0047801e-04
7.1502094e-05
6.4336894e-04
8.6247973e-04
1.4296650e-04
-1.4192077e-03
-3.0745616e-03
-4.3688714e-03
-5.3962858e-03
-6.2348585e-03
-6.1411120e-03
-4.6162053e-03
-1.9148393e-03
4.6695229e-04
1.6190331e-03
1.0645892e-03
-2.1338045e-04
-1.4241161e-03
-1.5946006e-03
-7.8297922e-04
6.7597285e-04
2.0293445e-03
2.6061808e-03
2.1988359e-03
6.2679887e-04
-1.5261521e-03
-3.4101164e-03
-4.5444068e-03
-4.8492971e-03
-4.1443777e-03
-2.7696483e-03
-1.1762959e-03
4.2278046e-04
2.1487363e-03
3.8668070e-03
5.1428952e-03
5.8288804e-03
5.6459587e-03
4.4602431e-03
2.4761426e-03
4.5361398e-04
-1.4343142e-03
-2.3823424e-03
-2.5622632e-03
-2.1190014e-03
-1.6035727e-03
-1.0684828e-03
-1.0605772e-03
-1.3597020e-03
-1.7065887e-03
-2.0372921e-03
-2.3200113e-03
-2.3188430e-03
-2.1231888e-03
-1.9667127e-03
-1.9272520e-03
-2.0660353e-03
-2.4209989e-03
-2.9214288e-03
-3.0771878e-03
-2.5206244e-03
-1.6444948e-03
-6.1204353e-04
3.7681799e-04
1.4539048e-03
2.5847511e-03
3.8706830e-03
5.0874536e-03
6.2105983e-03
7.0671035e-03
7.4541628e-03
6.8139787e-03
5.3161067e-03
3.4795098e-03
1.7119377e-03
1.1461698e-05
-1.6358659e-03
-3.1189296e-03
-3.8722882e-03
-3.6341620e-03
-2.6729469e-03
-1.8228463e-03
-1.2415937e-03
-9.4969357e-04
-7.2860961e-04
-4.6859796e-04
1.4271194e-04
1.0062618e-03
1.7423887e-03
2.3189330e-03
2.2588414e-03
1.2888715e-03
-4.6383676e-04
-2.5271089e-03
-4.3037427e-03
-4.8467367e-03
-4.1949576e-03
-2.7571327e-03
-1.0615638e-03
3.2730706e-04
8.2683222e-04
5.8812806e-04
1.5872654e-04
-1.4622750e-04
-1.8247061e-04
1.8788546e-04
1.0313683e-03
1.6016896e-03
1.3034796e-03
1.0365888e-04
-1.8983797e-03
-4.1175202e-03
-5.7682326e-03
-6.2670166e-03
-5.6661687e-03
-4.2789804e-03
-2.3895400e-03
2.8880780e-06
2.4596186e-03
4.3855762e-03
5.4077558e-03
5.8201763e-03
5.9573090e-03
5.8305452e-03
5.4211798e-03
4.7232050e-03
3.7473146e-03
2.7202057e-03
1.7776669e-03
8.3149892e-04
-3.9371061e-05
-4.2747418e-04
-1.9669834e-04
5.8824050e-04
1.5685213e-03
2.3091768e-03
2.4660106e-03
2.1068670e-03
1.5642089e-03
9.4845052e-04
5.0303334e-06
-1.0661100e-03
-2.2197426e-03
-3.1475062e-03
-3.8594963e-03
-4.3654489e-03
-4.4338431e-03
-3.8943053e-03
-3.0912570e-03
-2.2873890e-03
-1.6045836e-03
-1.0083035e-03
-6.9722364e-04
-6.0789231e-04
-4.8921058e-04
-3.7476191e-04
-2.4723565e-04
-2.7152012e-04
-2.7864391e-04
-3.9370374e-04
-5.9517006e-04
-7.2053512e-04
-8.2986623e-04
-8.9655527e-04
-9.1517753e-04
-1.1214977e-03
-1.3202472e-03
-1.4889675e-03
-1.3396291e-03
-7.2205165e-04
1.9970013e-04
1.4081416e-03
2.7658202e-03
4.0121464e-03
4.2510954e-03
3.5087563e-03
2.6035038e-03
1.8130030e-03
1.0947180e-03
6.8825789e-04
5.6390150e-04
7.7091790e-04
1.2100344e-03
1.6589540e-03
1.6029850e-03
1.0285620e-03
1.5254190e-04
-9.4549451e-04
-1.7879908e-03
-2.3064090e-03
-2.4226587e-03
-2.3437373e-03
-2.2588841e-03
-2.2965735e-03
-2.5887828e-03
-2.9668892e-03
-3.0575024e-03
-2.6973600e-03
-1.8411178e-03
-4.1512633e-04
1.2794853e-03
2.9614292e-03
4.3711346e-03
5.2923669e-03
5.8278265e-03
5.7446139e-03
4.6812123e-03
2.6607623e-03
2.2864763e-04
-1.6153055e-03
-2.2985426e-03
-2.0723383e-03
-1.3830210e-03
-7.6105926e-04
-5.7753708e-04
-7.1336850e-04
-8.3723165e-04
-5.7799894e-04
-1.2161231e-04
1.8181483e-04
-2.5725166e-04
-1.5073714e-03
-3.2623544e-03
-5.0631786e-03
-6.2399451e-03
-6.3886334e-03
-5.5197204e-03
-4.0934229e-03
-2.6222267e-03
-1.3546603e-03
-2.6235844e-04
5.1851252e-04
1.0562646e-03
1.5293441e-03
2.0898140e-03
2.5926066e-03
2.9703916e-03
3.4008536e-03
3.9894850e-03
4.5871860e-03
4.8458644e-03
4.7621255e-03
4.4181711e-03
3.9072379e-03
3.5597812e-03
3.3086965e-03
2.9153841e-03
2.2647856e-03
1.3543812e-03
1.0282976e-04
-1.4278549e-03
-3.1009861e-03
-4.7947396e-03
-6.1988353e-03
-7.0350092e-03
-7.2047337e-03
-6.6044684e-03
-5.2357336e-03
-3.2296129e-03
-9.8957777e-04
1.0497967e-03
2.5344531e-03
3.2375492e-03
3.0920628e-03
2.4214213e-03
1.6243433e-03
1.2642982e-03
1.5169242e-03
2.0880792e-03
2.4879358e-03
2.4968766e-03
2.2496404e-03
2.0372207e-03
1.8606084e-03
1.7141192e-03
1.5661167e-03
1.2361741e-03
7.3794403e-04
-8.3520815e-06
-8.2987018e-04
-1.5898107e-03
-2.1555394e-03
-2.6085169e-03
-2.9533140e-03
-3.2773616e-03
-3.6815330e-03
-4.0158003e-03
-3.7832754e-03
-2.5181358e-03
-7.0400711e-04
1.0631880e-03
2.4270795e-03
3.2005028e-03
3.5444348e-03
3.3786217e-03
2.7988006e-03
1.9664405e-03
1.1999365e-03
7.3061950e-04
5.4022526e-04
3.1513872e-04
-6.6063049e-05
-4.5831944e-04
-5.4484088e-04
-2.0817378e-04
2.7012483e-04
5.6010826e-04
5.4350374e-04
2.7939412e-04
-2.3729740e-04
-5.1685009e-04
-1.6176013e-04
4.8314185e-04
5.8382170e-04
-2.4664272e-04
-1.5717449e-03
-2.9454899e-03
-3.9468447e-03
-4.1243857e-03
-3.6002405e-03
-2.7062958e-03
-1.7680191e-03
-1.0401741e-03
-4.6039210e-04
3.4731593e-04
1.1176511e-03
1.6739172e-03
2.1308450e-03
2.4033641e-03
2.4433087e-03
2.3176459e-03
2.2006945e-03
2.1470700e-03
2.1806520e-03
2.2324853e-03
2.0608583e-03
1.5445936e-03
7.8336824e-04
-1.2962937e-04
-8.0775904e-04
-1.1145380e-03
-1.2177269e-03
-1.5652581e-03
-2.1272033e-03
-2.5844545e-03
-2.7295962e-03
-2.5735260e-03
-2.1029464e-03
-1.5959840e-03
-1.4160884e-03
-1.5017306e-03
-1.5801992e-03
-1.2770005e-03
-6.5479634e-04
7.8705373e-05
6.9205725e-04
1.2332656e-03
1.5667319e-03
1.5970280e-03
1.4430795e-03
1.2401607e-03
1.2131735e-03
1.2687938e-03
1.3336829e-03
1.2124594e-03
1.0193377e-03
9.1763682e-04
9.0355908e-04
1.0343559e-03
1.1704710e-03
1.1107756e-03
6.8581249e-04
3.5413380e-05
-2.9130537e-04
-1.4071000e-04
2.8352515e-04
7.9095927e-04
1.0773969e-03
9.1422424e-04
4.0205370e-04
-1.3318510e-04
-4.9936167e-04
-6.5833074e-04
-8.1280314e-04
-8.6622030e-04
-7.0982628e-04
-2.8745315e-04
2.2793590e-04
7.3674188e-04
1.2522887e-03
1.6930983e-03
2.0028969e-03
2.2610258e-03
2.2423208e-03
1.7838531e-03
8.9304236e-04
-1.2576403e-04
-8.6469286e-04
-1.1578822e-03
-1.4493431e-03
-2.2213096e-03
-3.1457787e-03
-3.8189692e-03
-4.1515603e-03
-4.3142913e-03
-4.5331290e-03
-4.6837111e-03
-4.4606638e-03
-3.7866547e-03
-2.7473273e-03
-1.8008641e-03
-9.7013425e-04
-1.5896243e-04
8.3705930e-04
1.9164627e-03
2.8286295e-03
3.3395382e-03
3.6090321e-03
3.4305321e-03
2.9244882e-03
2.3517915e-03
1.9032861e-03
1.6634612e-03
1.4878067e-03
1.1300635e-03
7.6917724e-04
5.8162216e-04
6.6335222e-04
7.0764265e-04
4.3362337e-04
-8.5725028e-05
-6.4528279e-04
-9.4292889e-04
-9.3347230e-04
-6.3210377e-04
-2.6643988e-04
-9.6111309e-05
-1.3343162e-04
-3.3124568e-04
-6.1536743e-04
-8.3591651e-04
-9.3295093e-04
-7.5011688e-04
-2.0671686e-04
3.8974324e-04
7.5151177e-04
7.5577083e-04
5.0553627e-04
2.9991274e-04
4.2509645e-04
8.4639021e-04
1.2368480e-03
1.4888152e-03
1.4256234e-03
1.2563997e-03
1.0644290e-03
8.5360172e-04
7.3275728e-04
8.9176251e-04
1.1434753e-03
1.2211647e-03
1.0899116e-03
7.4482975e-04
1.4375996e-04
-5.4056030e-04
-1.1745274e-03
-1.5334706e-03
-1.3431235e-03
-5.8659501e-04
3.0551646e-04
1.0693881e-03
1.6234549e-03
1.7811844e-03
1.4007396e-03
7.5880566e-04
2.1410444e-04
-6.6805755e-05
-2.2726895e-04
-7.7286137e-04
-1.7748988e-03
-2.8725170e-03
-3.6608808e-03
-3.9937543e-03
-3.9674469e-03
-3.7733954e-03
-3.5232807e-03
-3.0942562e-03
-2.4873275e-03
-1.9285943e-03
-1.3914940e-03
-7.6492856e-04
-8.3314382e-05
5.1583073e-04
1.0641743e-03
1.3530579e-03
1.4742374e-03
1.5172815e-03
1.5957361e-03
1.7824282e-03
1.8103035e-03
1.6431311e-03
1.4885744e-03
1.3739825e-03
1.1537137e-03
9.1131905e-04
7.9515211e-04
7.8816382e-04
7.1107966e-04
5.8135036e-04
2.9635400e-04
9.3538139e-06
-3.3734239e-04
-7.5328127e-04
-1.0317501e-03
-9.3443060e-04
-6.4210712e-04
-3.7401685e-04
-1.1392242e-04
2.6860737e-04
7.1322637e-04
1.1752312e-03
1.5461480e-03
1.8430426e-03
1.8277231e-03
1.4846475e-03
6.8545492e-04
-1.6405084e-04
-1.0682592e-03
-2.0640759e-03
-3.2204630e-03
-4.2700228e-03
-4.8639899e-03
-4.7249545e-03
-3.9212406e-03
-2.5582537e-03
-9.1309169e-04
7.5738099e-04
2.2216014e-03
3.3389425e-03
4.0314809e-03
4.1948441e-03
4.0549368e-03
3.7838024e-03
3.5177006e-03
3.1479044e-03
2.5430539e-03
1.6020955e-03
5.5097359e-04
-3.7679025e-04
-1.0399261e-03
-1.4601012e-03
-1.7174346e-03
-1.6746386e-03
-1.2473620e-03
-5.1105176e-04
2.9686581e-04
6.5848866e-04
3.9387310e-04
-3.8222952e-04
-1.2705903e-03
-1.9434667e-03
-2.1737460e-03
-1.9698635e-03
-1.4840454e-03
-1.0983104e-03
-9.6476088e-04
-1.0317552e-03
-1.2479433e-03
-1.4058920e-03
-1.2601143e-03
-8.3694892e-04
-2.4174639e-04
2.5885201e-04
4.6107655e-04
3.6965921e-04
1.3644863e-04
1.6031603e-04
5.5435115e-04
1.0126988e-03
1.2000277e-03
9.4416392e-04
3.6396850e-04
-1.6875678e-04
-5.7390891e-04
-6.4749861e-04
-4.0693912e-04
8.4942063e-05
6.1706975e-04
1.1190662e-03
1.5687491e-03
1.9064428e-03
2.0572295e-03
1.7918619e-03
1.2427283e-03
6.6094146e-04
3.3043089e-04
3.7307603e-04
6.0198791e-04
9.2151176e-04
1.1617938e-03
1.1507203e-03
8.4884727e-04
3.1357408e-04
-1.6597056e-04
-2.5992838e-04
9.1042492e-05
6.9681933e-04
1.1175045e-03
1.1371257e-03
7.8905314e-04
2.5041539e-04
-1.4259397e-04
-1.8068617e-04
-5.6599668e-05
-9.0968170e-05
-4.7969430e-04
-1.0703559e-03
-1.6891473e-03
-2.1055065e-03
-2.3871282e-03
-2.5606824e-03
-2.6487200e-03
-2.6211380e-03
-2.3701190e-03
-1.8781844e-03
-1.1457153e-03
-4.2772250e-04
1.1779075e-04
3.7581815e-04
4.0982953e-04
4.2126542e-05
-5.8419968e-04
-1.2170201e-03
-1.5425784e-03
-1.5257165e-03
-1.2021913e-03
-5.9413216e-04
1.5418961e-04
8.0782788e-04
1.1920155e-03
1.4750862e-03
1.5660046e-03
1.5134764e-03
1.2845150e-03
1.0466541e-03
1.0318977e-03
1.3237257e-03
1.7051248e-03
1.9230459e-03
1.9929337e-03
1.9329495e-03
1.7813060e-03
1.4172341e-03
8.0795181e-04
8.2720136e-05
-5.4076025e-04
-9.9936484e-04
-1.3124236e-03
-1.4772371e-03
-1.6109887e-03
-1.6378645e-03
-1.4881708e-03
-1.0652615e-03
-5.4178887e-04
1.3070828e-04
7.3919147e-04
1.0441036e-03
8.7106213e-04
3.4111323e-04
-2.2242969e-04
-5.6626046e-04
-6.7145773e-04
-5.6363753e-04
-3.7853766e-04
-1.5049619e-04
1.4476567e-04
4.8995810e-04
8.8353680e-04
1.1526520e-03
1.1979884e-03
1.0108264e-03
5.7938375e-04
9.6499253e-05
-2.5874768e-04
-4.2841844e-04
-5.1979680e-04
-4.6019441e-04
-3.0186237e-04
-1.0021669e-04
-5.8506876e-05
-3.7143546e-04
-8.5749752e-04
-1.1266304e-03
-1.0525233e-03
-6.9710246e-04
-3.2493809e-04
1.1336233e-05
1.6220647e-04
1.5779141e-04
5.6472150e-06
-8.4718985e-05
-1.1076566e-04
-5.5499863e-05
7.8066610e-05
2.1487747e-04
2.5737104e-04
1.0514685e-04
-3.2083125e-05
7.3936174e-06
2.4504398e-04
6.1588034e-04
9.7049022e-04
1.1123155e-03
9.9018131e-04
7.3917704e-04
4.0201132e-04
-3.2437265e-05
-3.9472749e-04
-6.7266460e-04
-8.9659725e-04
-1.0667551e-03
-1.0724997e-03
-1.0377444e-03
-1.0495472e-03
-1.0573403e-03
-1.1381837e-03
-1.0809179e-03
-9.7799323e-04
-8.4825575e-04
-6.9222021e-04
-5.2092879e-04
-4.0025048e-04
-3.8905290e-04
-3.1400351e-04
-1.2475332e-04
2.1943761e-04
6.2789364e-04
1.0275126e-03
1.2721574e-03
1.4368327e-03
1.5630666e-03
1.8162545e-03
2.1703588e-03
2.3712459e-03
2.3205544e-03
1.9167020e-03
1.3414749e-03
6.7211026e-04
1.5614428e-05
-4.7024280e-04
-7.4288966e-04
-7.0960782e-04
-5.0258021e-04
-1.6419704e-04
9.6513752e-05
2.1204563e-04
1.0058970e-04
-2.4780583e-04
-7.9149780e-04
-1.1984920e-03
-1.5389921e-03
-1.8239574e-03
-2.0448602e-03
-2.3253802e-03
-2.4752372e-03
-2.4418272e-03
-2.1651155e-03
-1.6415590e-03
-9.2273324e-04
-1.1226938e-04
6.2835754e-04
1.2241043e-03
1.5920528e-03
1.6769890e-03
1.5901816e-03
1.3075541e-03
1.0543114e-03
1.0250676e-03
1.2350332e-03
1.5652306e-03
1.8239323e-03
1.8852127e-03
1.6744489e-03
1.1693172e-03
5.7186345e-04
5.3622214e-05
-1.7029866e-04
-1.5289662e-04
-3.6641922e-05
-8.5826424e-06
-3.0406688e-05
-5.1072081e-05
-1.1945728e-05
-2.0729381e-06
-5.1156234e-05
-1.1802290e-04
-1.5647846e-04
-1.0969103e-04
-1.9432763e-04
-5.5273160e-04
-1.1674530e-03
-1.8383135e-03
-2.2991960e-03
-2.3629921e-03
-2.0257803e-03
-1.2974500e-03
-2.6412558e-04
7.3005028e-04
1.3377854e-03
1.4514011e-03
1.3165094e-03
1.0118107e-03
6.9016503e-04
4.4678725e-04
3.3034532e-04
3.7657782e-04
5.2924211e-04
5.4087899e-04
3.2272452e-04
4.1594517e-06
-2.2136545e-04
-2.5708152e-04
-2.0482738e-04
-3.0509833e-04
-6.6730631e-04
-1.1680085e-03
-1.5210608e-03
-1.5554717e-03
-1.4029008e-03
-1.1705572e-03
-1.0290889e-03
-9.5538668e-04
-8.6870695e-04
-7.7388048e-04
-4.8009281e-04
-1.6364135e-05
4.4818535e-04
7.0759617e-04
9.3994355e-04
1.1543271e-03
1.4294332e-03
1.6951048e-03
1.8070892e-03
1.8849736e-03
2.0092326e-03
2.2334224e-03
2.4706795e-03
2.4414389e-03
2.0943039e-03
1.4391945e-03
6.5908076e-04
2.2634823e-05
-4.0597556e-04
-7.4204201e-04
-9.8279096e-04
-1.1759874e-03
-1.3664627e-03
-1.4492767e-03
-1.4730520e-03
-1.4626310e-03
-1.4607826e-03
-1.6716281e-03
-1.9942536e-03
-2.3272748e-03
-2.4273301e-03
-2.1414228e-03
-1.7252163e-03
-1.4017765e-03
-1.2018108e-03
-1.0063433e-03
-5.9944165e-04
3.5911391e-05
7.0210997e-04
1.2146929e-03
1.3773848e-03
1.2768140e-03
1.0079488e-03
6.9446916e-04
4.2626515e-04
3.3286628e-04
3.3128777e-04
4.1740946e-04
5.6536798e-04
8.1664609e-04
9.7332019e-04
1.0314487e-03
9.3033382e-04
7.2569294e-04
4.9698292e-04
3.2663964e-04
1.9171812e-04
2.0411040e-04
2.8131919e-04
4.2580447e-04
6.2638467e-04
7.9052102e-04
9.1076637e-04
9.5963305e-04
9.0493252e-04
7.5512447e-04
5.0987829e-04
1.2703014e-04
-3.6320280e-04
-9.6551984e-04
-1.4131254e-03
-1.6180253e-03
-1.6170927e-03
-1.4545466e-03
-1.1493595e-03
-8.0865552e-04
-4.1107211e-04
-1.2298787e-04
1.4446684e-04
2.6988614e-04
2.9325910e-04
3.0360467e-04
2.5927421e-04
1.0064323e-04
-1.3599358e-04
-2.6731685e-04
-2.5364348e-04
3.0485560e-05
3.7106509e-04
6.4699095e-04
8.6894719e-04
9.2225686e-04
8.7469245e-04
6.8062250e-04
3.9373758e-04
8.3958143e-05
-1.4673468e-04
-3.0918552e-04
-3.2904069e-04
-3.1796406e-04
-2.6819410e-04
-3.0610788e-04
-4.0927500e-04
-4.9604045e-04
-4.5985717e-04
-1.8280643e-04
1.4900215e-04
4.8375184e-04
7.2269951e-04
7.8405503e-04
6.1309120e-04
3.9054739e-04
2.5762691e-04
2.5459135e-04
3.8653318e-04
4.6286160e-04
4.3045885e-04
1.9358150e-04
-1.5041404e-04
-5.4186373e-04
-8.3781680e-04
-1.0118957e-03
-1.0667817e-03
-9.5620633e-04
-7.3020613e-04
-4.0670674e-04
-1.2639597e-04
1.1030314e-04
2.8139873e-04
3.9199979e-04
4.8966498e-04
5.5879710e-04
6.1266430e-04
5.8102213e-04
4.1543751e-04
1.4509435e-04
-2.8469631e-04
-7.0621301e-04
-1.0032065e-03
-1.0885403e-03
-1.0721401e-03
-1.1303035e-03
-1.1509976e-03
-1.1185828e-03
-9.5933500e-04
-6.7113828e-04
-2.5297631e-04
2.0727868e-04
5.8811431e-04
9.1586214e-04
1.1993936e-03
1.5031172e-03
1.6706275e-03
1.5925532e-03
1.2802935e-03
9.8942917e-04
6.5660272e-04
3.9373473e-04
1.0945835e-04
-2.6158707e-04
-5.4919773e-04
-7.1982284e-04
-7.4361900e-04
-6.7430638e-04
-5.8500208e-04
-5.8929834e-04
-7.5687302e-04
-9.3506707e-04
-1.0406577e-03
-9.5128323e-04
-7.0626325e-04
-4.5073586e-04
-1.9394916e-04
1.0315878e-04
3.7261934e-04
5.4428512e-04
6.3435585e-04
5.9675117e-04
5.6988548e-04
6.1053665e-04
5.9976592e-04
4.9026729e-04
3.2346534e-04
5.0252082e-05
-2.8966085e-04
-6.6124693e-04
-9.3579999e-04
-1.0772765e-03
-1.1189054e-03
-1.1127652e-03
-9.9554146e-04
-8.2943886e-04
-5.3890695e-04
-1.6277626e-04
2.5314972e-04
7.2144052e-04
1.1163864e-03
1.4094169e-03
1.5117574e-03
1.4213835e-03
1.1863674e-03
9.0843633e-04
7.2821561e-04
6.6090638e-04
7.9272169e-04
9.5621650e-04
9.9450129e-04
7.9219056e-04
3.3937521e-04
-1.9724559e-04
-6.2354643e-04
-7.9851231e-04
-7.8960814e-04
-6.9733796e-04
-5.9820166e-04
-5.1588911e-04
-4.1276369e-04
-1.7602464e-04
1.0738572e-04
2.8423539e-04
3.3175503e-04
2.4673109e-04
4.9007296e-05
-2.4657036e-04
-4.3707764e-04
-4.8309108e-04
-3.3494389e-04
2.5360949e-06
5.4896069e-04
1.0176067e-03
1.1793360e-03
9.9498387e-04
6.6879757e-04
3.7426902e-04
1.2720470e-04
1.5902556e-05
-9.3915013e-05
-1.4233584e-04
-2.2380452e-04
-3.8276083e-04
-5.9323259e-04
-8.2593737e-04
-9.4426151e-04
-9.4537953e-04
-7.5304222e-04
-5.2756503e-04
-3.3257206e-04
-2.8871125e-04
-3.7789221e-04
-3.9473773e-04
-2.5679076e-04
1.4574649e-05
3.0581345e-04
5.0913760e-04
5.2600254e-04
4.7787712e-04
2.9443096e-04
8.3514853e-05
-6.8063812e-05
-2.2318799e-04
-3.1616037e-04
-3.5785765e-04
-4.1594368e-04
-4.5115980e-04
-5.9022472e-04
-7.5149263e-04
-9.0502691e-04
-1.0027093e-03
-9.5861874e-04
-9.2262012e-04
-8.0705988e-04
-7.0696666e-04
-5.5390906e-04
-3.4271337e-04
-3.6774810e-05
3.3436155e-04
6.6604185e-04
1.0277035e-03
1.2300681e-03
1.3977259e-03
1.4195789e-03
1.3428843e-03
1.1323225e-03
7.9796557e-04
4.6150109e-04
1.3329394e-04
-9.3049589e-05
-1.3831805e-04
-1.1934474e-04
9.1870039e-06
1.7460137e-04
3.1129376e-04
4.0258554e-04
3.9166286e-04
2.5462359e-04
1.4938724e-05
-2.9606115e-04
-5.7282897e-04
-8.3935830e-04
-9.9292270e-04
-1.0009046e-03
-8.1969585e-04
-5.3503058e-04
-2.4522031e-04
-1.1267676e-04
-7.9506110e-05
-1.7718995e-04
-2.2911320e-04
-1.7631000e-04
-2.8388869e-05
5.0637280e-05
1.1255434e-04
1.7534592e-04
2.4523038e-04
2.6603600e-04
1.9766036e-04
1.2052616e-04
2.6961174e-05
3.9838273e-06
1.1425527e-04
3.2012501e-04
5.0742675e-04
6.0188384e-04
5.5116167e-04
5.2041891e-04
5.2343199e-04
6.6371615e-04
7.1199355e-04
6.3775373e-04
5.2016708e-04
4.3977018e-04
3.8505467e-04
3.5511626e-04
2.3129258e-04
-8.4206395e-05
-4.3456683e-04
-7.2716400e-04
-8.4955200e-04
-8.1308948e-04
-6.8971637e-04
-6.0030054e-04
-5.8736745e-04
-5.1126351e-04
-3.8195304e-04
-2.1596618e-04
-8.7866285e-05
3.3693105e-05
1.2301415e-04
1.6079595e-04
1.6086652e-04
9.7566835e-05
-1.5169553e-05
-1.0366837e-04
-5.2427996e-05
8.8047086e-05
2.8669493e-04
4.1578265e-04
4.5913153e-04
4.8750384e-04
5.1921667e-04
5.1622304e-04
