0.01
2.1097760e-03
3.3859940e-03
3.3536730e-03
3.2446050e-03
4.0389480e-03
4.2426430e-03
3.3195080e-03
1.2314910e-03
-1.2643480e-03
-2.0693260e-03
-2.6557250e-03
-4.6001890e-03
-3.6627190e-03
-2.1855290e-03
-2.0744050e-03
-1.5758780e-03
5.7105630e-04
3.2994650e-03
4.9274430e-03
4.5470970e-03
2.9697230e-03
2.0820390e-03
8.7430450e-04
-3.2421990e-03
-6.2463870e-03
-5.6624590e-03
-3.4843910e-03
-1.8653320e-03
-1.2436770e-03
1.3257860e-03
6.6365100e-03
9.4061140e-03
9.1832740e-03
8.4281920e-03
7.8294600e-03
7.1060250e-03
5.3305050e-03
2.5155480e-03
2.9272640e-04
-3.8311380e-04
-1.0946790e-03
-1.2368530e-03
-3.9247150e-05
1.7275150e-03
3.2703160e-03
4.1194530e-03
3.5086120e-03
2.2250730e-03
2.5760500e-03
3.6068640e-03
4.5068710e-03
4.3760770e-03
1.9504900e-03
-9.2584170e-04
-9.5835200e-04
1.4535540e-04
2.5356240e-03
5.0874550e-03
7.3392490e-03
9.2511570e-03
1.0112320e-02
9.5244310e-03
7.0704210e-03
2.6844120e-03
-6.2451630e-03
-1.5400930e-02
-1.7912920e-02
-1.5044300e-02
-1.2775780e-02
-1.0634760e-02
-6.8755080e-03
-1.5042540e-03
1.9501270e-03
2.4705550e-03
1.0760900e-03
-3.0224300e-04
-2.3936020e-03
-4.7605890e-03
-7.9586040e-03
-1.0555690e-02
-1.2182840e-02
-1.4137630e-02
-1.4485720e-02
-1.1977350e-02
-7.1851060e-03
-2.2222900e-03
1.7073430e-03
3.5350750e-03
4.3581850e-03
5.3502230e-03
5.5875450e-03
4.8443520e-03
4.2691990e-03
3.0264350e-03
2.5658180e-03
2.8416550e-03
2.1718490e-03
7.0743110e-04
9.9369300e-04
2.5000810e-03
3.3475840e-03
4.2983490e-03
5.2013390e-03
5.0342480e-03
3.4687840e-03
1.9739310e-03
6.4715180e-04
-5.4807110e-03
-1.3088920e-02
-2.0308160e-02
-2.4509320e-02
-2.3497310e-02
-2.0643160e-02
-1.8768810e-02
-1.5513760e-02
-1.0400240e-02
-3.7424360e-03
4.8917550e-03
1.2461380e-02
1.4373520e-02
1.0644590e-02
6.9887120e-03
8.5469640e-03
1.1516230e-02
1.3424030e-02
1.4594500e-02
1.4376000e-02
1.2618480e-02
1.0528310e-02
1.1982740e-02
1.6368770e-02
1.8582480e-02
1.7867970e-02
1.5962160e-02
1.4655180e-02
1.1223750e-02
5.5988380e-03
-2.4939320e-03
-1.0107420e-02
-1.5578750e-02
-1.8123550e-02
-1.6450040e-02
-1.2325420e-02
-7.9161720e-03
-2.0667400e-03
5.1914190e-04
-3.0080440e-04
-3.2447620e-03
-5.8661070e-03
-1.0136250e-02
-1.4729980e-02
-1.5612400e-02
-1.2502960e-02
-1.1679770e-02
-1.3059020e-02
-1.2429400e-02
-9.0598250e-03
-4.6956800e-03
2.2476250e-03
8.7707780e-03
1.0486580e-02
7.8588380e-03
5.3571690e-03
3.9904860e-03
2.6417120e-03
-6.7572360e-04
-4.4128000e-03
-5.4677220e-03
-4.0748290e-03
-1.9376690e-03
-2.6078020e-03
-4.9025050e-03
-3.9281060e-03
-1.0209930e-03
5.6683050e-04
2.2481030e-03
3.4975760e-03
9.6624810e-04
-7.5428700e-03
-1.5401340e-02
-1.4407080e-02
-8.8713750e-03
-4.9765350e-03
-1.6031940e-03
2.2456390e-03
5.7126100e-03
9.1940980e-03
1.5722870e-02
1.8859700e-02
1.8236270e-02
1.5341980e-02
1.1238810e-02
8.5763930e-03
7.0565460e-03
5.3803110e-03
3.0988600e-03
1.8726240e-04
-2.8330520e-03
-3.2757270e-03
-3.2142970e-03
-2.6194950e-03
3.6115180e-05
2.0016120e-03
1.9375100e-03
1.0568140e-03
1.3152610e-03
7.7084500e-04
-1.4296360e-04
-7.7653210e-04
-1.3264000e-03
-2.8989980e-03
-4.8698270e-03
-5.5139430e-03
-2.4608560e-03
-1.7261350e-03
-4.7307450e-03
-4.7303880e-03
-9.6105140e-05
3.4000500e-03
3.2891600e-03
2.8366550e-03
4.0619950e-03
4.9594740e-03
6.8584760e-03
9.5314360e-03
1.0004790e-02
5.2279290e-03
6.6663010e-04
-5.9136500e-05
3.8288410e-04
-2.1833280e-04
-1.3959330e-03
-1.0531750e-03
-1.3012600e-03
-3.2698650e-03
-8.4246580e-03
-1.2336330e-02
-1.2152070e-02
-1.1440840e-02
-1.1373340e-02
-1.1170410e-02
-8.1660050e-03
-1.1493260e-03
4.3619280e-03
9.0971960e-03
1.4034850e-02
1.6700610e-02
1.6866340e-02
1.6568510e-02
1.6498210e-02
1.5343950e-02
1.0433290e-02
6.5429040e-03
5.4354210e-03
4.5048330e-03
4.8646550e-03
6.5503870e-03
7.5047020e-03
8.4819770e-03
1.0347750e-02
1.2251830e-02
9.5397470e-03
2.1677460e-03
-6.0023740e-03
-1.5184860e-02
-2.0053910e-02
-2.2906220e-02
-2.2307280e-02
-2.0190610e-02
-2.0280440e-02
-2.0313830e-02
-1.7359540e-02
-1.2779780e-02
-7.6649860e-03
-3.3281670e-03
-4.1395060e-04
-2.6936530e-04
-2.5645260e-03
-5.8691220e-03
-8.3236910e-03
-1.1310590e-02
-1.2574470e-02
-9.3047400e-03
-3.3139350e-03
5.2855860e-04
1.5443830e-03
3.4720990e-03
7.1835160e-03
9.9816430e-03
1.0559160e-02
1.0608420e-02
1.1536550e-02
9.6605020e-03
5.2539630e-03
1.0436390e-03
6.2690850e-04
2.8240190e-03
4.9801170e-03
6.9227440e-03
7.3643580e-03
5.3850070e-03
1.0492110e-03
-2.6700000e-03
-3.6492330e-03
-2.5990650e-03
-5.0143470e-04
2.2826180e-03
7.1734940e-03
1.1514460e-02
1.4444250e-02
1.9410300e-02
2.5337900e-02
3.1845190e-02
3.7004160e-02
4.1628600e-02
4.5337470e-02
4.6458320e-02
4.5913540e-02
4.5402130e-02
4.3557040e-02
3.7856060e-02
3.0265090e-02
2.1042220e-02
1.4513430e-02
1.0304910e-02
6.6944530e-03
3.3192740e-03
-9.2354960e-05
-3.1948080e-03
-6.5519800e-03
-9.0679030e-03
-1.3249430e-02
-1.8438530e-02
-2.0238900e-02
-2.0568100e-02
-2.1353990e-02
-2.3263180e-02
-2.7247410e-02
-3.0779350e-02
-3.7174890e-02
-4.5431650e-02
-5.3464570e-02
-5.6659140e-02
-5.2478950e-02
-4.9650040e-02
-5.2882340e-02
-5.6864530e-02
-5.5230160e-02
-5.0406130e-02
-4.4009710e-02
-3.9817940e-02
-3.8987210e-02
-4.4408120e-02
-5.0211690e-02
-5.2575980e-02
-5.3562720e-02
-5.5701210e-02
-5.6933660e-02
-5.6163770e-02
-5.0985140e-02
-4.3142380e-02
-3.3704650e-02
-2.4474330e-02
-1.7078330e-02
-1.1535070e-02
-6.8957440e-03
2.9027850e-03
1.9600940e-02
3.9636580e-02
5.7001910e-02
7.9579480e-02
9.9458080e-02
1.0822210e-01
1.1080470e-01
1.1149830e-01
1.1093680e-01
1.1092470e-01
1.1166080e-01
1.0935290e-01
1.0196870e-01
8.3416370e-02
5.8986740e-02
4.0634490e-02
3.2310530e-02
2.4530240e-02
1.2608970e-02
2.8232770e-03
-8.6191500e-03
-3.3885830e-02
-5.4629170e-02
-6.6790640e-02
-7.4868370e-02
-7.4893900e-02
-7.1117820e-02
-6.3998280e-02
-6.0008090e-02
-7.3612940e-02
-7.3767210e-02
-6.0538660e-02
-5.2086760e-02
-9.2159940e-02
-1.1573780e-01
-9.3536850e-02
-4.2670450e-02
-4.9407690e-02
-5.8702920e-02
-2.7076650e-03
2.6117050e-02
4.3239480e-02
2.5873380e-02
6.1666060e-02
6.4882520e-02
5.8092750e-02
7.0226460e-02
7.0397790e-02
6.9586730e-02
6.7555710e-02
5.3463870e-02
3.4439810e-02
3.1103840e-02
2.5811150e-02
1.2570190e-02
1.1688980e-02
1.7757440e-02
2.4402540e-02
2.3445510e-02
1.9554090e-02
2.7314520e-02
1.7386240e-02
4.0934660e-03
-7.0106130e-03
-1.3444390e-02
-1.3465800e-02
-7.9611470e-03
-1.3081790e-02
-2.2904240e-02
-2.3118630e-02
-1.7827380e-02
-2.4499190e-02
-5.0717380e-02
-5.6951260e-02
-5.1264680e-02
-5.6547260e-02
-6.6370970e-02
-6.4022480e-02
-5.2645560e-02
-4.1357880e-02
-2.3171730e-02
-5.1466070e-03
6.0282690e-03
5.8592610e-03
3.5265450e-03
8.3113830e-03
1.1582870e-02
1.6294440e-02
2.1494310e-02
3.3897880e-02
4.8197690e-02
5.2166580e-02
5.1889440e-02
5.2632200e-02
5.4462690e-02
4.9033530e-02
4.1467130e-02
3.9980470e-02
4.3657370e-02
4.4384590e-02
4.4939350e-02
4.9796970e-02
5.1495360e-02
5.0021030e-02
4.2620900e-02
3.1771510e-02
2.1579960e-02
9.7850740e-03
-5.0470820e-03
-1.3774310e-02
-2.0457550e-02
-2.1442370e-02
-2.2897880e-02
-2.9069530e-02
-3.5392180e-02
-4.5237240e-02
-5.3659270e-02
-5.7930290e-02
-5.3509880e-02
-4.9117040e-02
-5.1756260e-02
-5.1122990e-02
-2.7797230e-02
-2.0651080e-02
-3.6024070e-02
-3.4730430e-02
-1.2665880e-02
-6.2901500e-04
-5.1310380e-03
-3.0424500e-03
1.5396470e-02
3.6716320e-02
4.2451910e-02
3.9229340e-02
4.8934430e-02
5.3973370e-02
5.0264780e-02
4.5755930e-02
4.4149590e-02
4.4033360e-02
3.9960320e-02
3.4469880e-02
2.7259360e-02
2.1586780e-02
1.5437240e-02
3.5469000e-03
-8.2003720e-03
-1.7430740e-02
-2.4415160e-02
-3.1749670e-02
-3.5296010e-02
-4.1851150e-02
-4.8030320e-02
-5.0209990e-02
-5.6798960e-02
-6.4833360e-02
-6.3876140e-02
-5.5688410e-02
-5.0625170e-02
-4.6256480e-02
-3.7511010e-02
-2.5801760e-02
-1.4360170e-02
1.4382850e-03
1.5812860e-02
2.1685270e-02
2.1679490e-02
2.2301310e-02
2.6212190e-02
3.0376550e-02
3.3446260e-02
3.5876720e-02
3.8674680e-02
3.6151200e-02
3.5558200e-02
3.2149380e-02
2.4301880e-02
1.9186300e-02
1.3880360e-02
8.3038070e-03
5.0392260e-03
4.2480090e-03
2.8698290e-03
3.3888190e-03
3.9325340e-03
3.9540060e-04
-6.7111710e-03
-1.9880110e-02
-3.1102400e-02
-3.7813820e-02
-3.9529090e-02
-4.0332830e-02
-4.2387350e-02
-4.3294780e-02
-4.2411600e-02
-3.9950670e-02
-3.6997480e-02
-3.2122030e-02
-2.5662940e-02
-1.6769640e-02
-9.3616640e-03
-3.0632190e-03
6.1845860e-03
1.7713260e-02
2.6925080e-02
3.4279020e-02
3.9576240e-02
4.4025920e-02
4.4271890e-02
4.1652410e-02
4.1467990e-02
4.3819230e-02
4.2662400e-02
3.8241960e-02
3.5083590e-02
3.2939560e-02
2.8154010e-02
2.4406440e-02
2.0389700e-02
1.3706500e-02
1.2332100e-02
1.1709280e-02
1.1149440e-02
1.1608600e-02
1.0317260e-02
8.2024710e-03
1.8612810e-03
-5.2922670e-03
-1.2801470e-02
-2.0487620e-02
-2.6749560e-02
-3.0778730e-02
-3.4418680e-02
-3.7490540e-02
-4.0243160e-02
-4.2477830e-02
-4.2820330e-02
-4.2736890e-02
-4.3663670e-02
-4.4643750e-02
-4.3985790e-02
-4.2351130e-02
-4.1540980e-02
-4.0514460e-02
-3.8026360e-02
-3.3277270e-02
-2.7469820e-02
-1.8617860e-02
-7.1417780e-03
3.4254610e-03
9.3343730e-03
1.2100060e-02
1.2640480e-02
1.3085590e-02
1.3873960e-02
1.5378970e-02
1.8131090e-02
2.3389840e-02
3.0530930e-02
3.7954320e-02
4.3620320e-02
4.7284960e-02
5.0268340e-02
4.8558240e-02
4.2995520e-02
3.6839160e-02
3.0187840e-02
2.3897990e-02
1.6154530e-02
1.0001150e-02
4.8061200e-03
-8.4419810e-04
-4.7536130e-03
-8.5650790e-03
-1.3400620e-02
-1.9387300e-02
-2.1629610e-02
-2.1849290e-02
-2.2899930e-02
-2.1722980e-02
-1.6979430e-02
-1.0429730e-02
-7.4438340e-03
-8.9175830e-03
-9.7614720e-03
-8.6454110e-03
-1.1548840e-02
-1.8920540e-02
-1.5694420e-02
-4.4829830e-03
-3.2166920e-04
-2.3977200e-04
1.0900720e-02
2.6331230e-02
3.0365960e-02
3.1469390e-02
3.6403580e-02
4.0522080e-02
3.6325720e-02
2.3925400e-02
1.9940870e-02
1.7797400e-02
1.2668870e-02
5.9201730e-03
-7.1864950e-03
-1.8598430e-02
-2.3723000e-02
-3.0041930e-02
-3.3752760e-02
-3.2373510e-02
-3.0882880e-02
-3.3811590e-02
-4.1726840e-02
-4.6272780e-02
-4.7954550e-02
-4.5645660e-02
-4.2270690e-02
-3.2079890e-02
-2.1543790e-02
-1.5801980e-02
-1.4652020e-02
-1.0228630e-02
-3.5228800e-03
-1.1664090e-04
-1.0642420e-03
4.5036160e-04
1.0984990e-02
1.5766360e-02
1.0445790e-02
1.1669460e-02
2.0277530e-02
2.5835630e-02
2.7452170e-02
2.7075750e-02
2.8674150e-02
2.7294000e-02
2.2972600e-02
1.7244390e-02
9.6878600e-03
4.7098810e-03
3.3249330e-03
-5.6878980e-04
-2.7716180e-03
-1.4864630e-03
-5.3419960e-03
-8.5670310e-03
-1.2355400e-02
-1.5884610e-02
-1.8347780e-02
-2.1473890e-02
-2.2495000e-02
-2.2385020e-02
-2.0603000e-02
-1.7583850e-02
-1.3575190e-02
-6.3891120e-03
-1.7353830e-03
3.9465380e-03
8.9861030e-03
1.1542290e-02
1.2633350e-02
1.5645140e-02
1.9397660e-02
2.3842940e-02
2.9152760e-02
3.5543950e-02
3.9730240e-02
4.1638210e-02
4.2167140e-02
4.1878320e-02
4.1430560e-02
3.9709250e-02
3.6625940e-02
3.3124710e-02
2.9842650e-02
2.5013010e-02
2.1016250e-02
1.7578440e-02
1.4574150e-02
1.2320420e-02
1.0267230e-02
7.5897650e-03
4.7534660e-03
1.1826690e-03
-2.2541680e-03
-7.4287420e-03
-1.1652480e-02
-1.4500780e-02
-2.1238000e-02
-2.6176990e-02
-2.8971810e-02
-2.9655050e-02
-2.9723500e-02
-3.0233620e-02
-3.1110090e-02
-3.1985370e-02
-3.2557310e-02
-3.2238210e-02
-3.1182720e-02
-2.8586640e-02
-2.5994060e-02
-2.3392590e-02
-2.0692070e-02
-1.8239400e-02
-1.4539670e-02
-1.0047280e-02
-3.6258830e-03
2.3866250e-03
8.2664170e-03
1.4776170e-02
2.0820600e-02
2.7289160e-02
3.3824970e-02
3.7446440e-02
3.9204490e-02
3.9729840e-02
3.9629300e-02
3.8930990e-02
3.7629500e-02
3.6261200e-02
3.4510300e-02
3.1810200e-02
2.7116240e-02
2.1894820e-02
1.5596120e-02
1.0002850e-02
4.4201310e-03
-2.2759260e-03
-8.0443240e-03
-1.2787500e-02
-1.5226600e-02
-1.7680000e-02
-2.0728640e-02
-2.2948760e-02
-2.4785630e-02
-2.8167390e-02
-3.2780780e-02
-3.5253300e-02
-3.8929600e-02
-4.1150670e-02
-4.0730760e-02
-3.9444040e-02
-3.7201550e-02
-3.5125270e-02
-3.3474080e-02
-3.1672640e-02
-2.7323280e-02
-2.2721480e-02
-1.8744370e-02
-1.3935520e-02
-1.0311080e-02
-6.9827210e-03
-3.7115060e-03
-7.8010920e-04
3.2489360e-03
7.5445930e-03
1.1704070e-02
1.5844400e-02
1.9266800e-02
2.1592970e-02
2.2347590e-02
2.3185390e-02
2.2572170e-02
2.0342280e-02
1.7112740e-02
1.3739730e-02
1.1548690e-02
8.8479170e-03
7.3644340e-03
6.6479520e-03
6.5883400e-03
7.6798520e-03
8.5158070e-03
9.3658900e-03
7.8627550e-03
5.7938510e-03
3.9129560e-03
-4.3221820e-04
-3.4558060e-03
-5.5598830e-03
-7.2324070e-03
-7.2858480e-03
-5.8164600e-03
-3.6228580e-03
4.7843330e-04
3.4920520e-03
4.4434100e-03
5.3448130e-03
6.2037690e-03
7.0913370e-03
7.1888700e-03
6.4032560e-03
6.3938300e-03
5.7805290e-03
2.9179610e-03
3.7641310e-05
-1.8524600e-03
-3.5627470e-03
-5.2468250e-03
-6.8574520e-03
-8.2978570e-03
-9.6326710e-03
-1.1138050e-02
-1.2283490e-02
-1.2621270e-02
-1.2148210e-02
-1.1433510e-02
-1.1279100e-02
-1.0715200e-02
-1.0050500e-02
-9.7670770e-03
-9.3152490e-03
-8.9661340e-03
-7.6676860e-03
-5.4235730e-03
-3.9058210e-03
-1.1546030e-03
2.6210150e-03
7.5816240e-03
1.0871060e-02
1.3725830e-02
1.6133640e-02
1.8500980e-02
2.0313400e-02
2.0515290e-02
1.9575340e-02
1.8594100e-02
1.6910190e-02
1.3910930e-02
1.1164700e-02
8.3129810e-03
4.9575610e-03
2.1557520e-03
1.7361970e-05
-1.5489850e-03
-2.8568160e-03
-3.0748110e-03
-3.0388030e-03
-3.0410760e-03
-3.3731940e-03
-3.9442760e-03
-4.9786860e-03
-6.0074340e-03
-7.2839850e-03
-7.9836240e-03
-8.3452890e-03
-8.5767330e-03
-8.2457180e-03
-7.9476490e-03
-7.4791480e-03
-6.6678100e-03
-6.2079380e-03
-5.7889080e-03
-5.7593610e-03
-5.5415460e-03
-5.1907810e-03
-4.1819300e-03
-3.4637450e-03
-3.1235710e-03
-3.7992350e-03
-5.0394800e-03
-6.5430680e-03
-7.0699230e-03
-7.8466620e-03
-9.7851640e-03
-1.2673740e-02
-1.4006560e-02
-1.4226110e-02
-1.2868480e-02
-1.1690760e-02
-1.0212340e-02
-8.8887380e-03
-8.0249920e-03
-7.6717160e-03
-8.1896810e-03
-8.8591370e-03
-9.0208230e-03
-8.7835300e-03
-8.7364330e-03
-8.0334040e-03
-5.2730870e-03
-1.6157500e-03
1.8615740e-03
4.9527330e-03
7.5000070e-03
9.4661640e-03
1.0271530e-02
1.0879010e-02
1.1253660e-02
1.2338990e-02
1.3276250e-02
1.4455240e-02
1.5997990e-02
1.8123990e-02
1.9654950e-02
2.1024060e-02
2.2076390e-02
2.2884150e-02
2.2368700e-02
2.1377350e-02
1.9618300e-02
1.7704410e-02
1.5997070e-02
1.4648330e-02
1.3731030e-02
1.3775570e-02
1.3821060e-02
1.3506490e-02
1.2746390e-02
1.2344450e-02
1.1629780e-02
8.7153530e-03
5.2785900e-03
3.0057780e-03
3.4436950e-04
-9.2137360e-04
-2.1509240e-03
-3.4356230e-03
-5.0260440e-03
-7.1412870e-03
-9.3838400e-03
-1.1534810e-02
-1.3384920e-02
-1.4812660e-02
-1.6040510e-02
-1.6646960e-02
-1.7883140e-02
-1.9158280e-02
-2.1029400e-02
-2.2803500e-02
-2.4025630e-02
-2.4670740e-02
-2.4993340e-02
-2.5007390e-02
-2.4993420e-02
-2.3946720e-02
-2.1990660e-02
-1.9112450e-02
-1.5582270e-02
-1.1829450e-02
-8.1487340e-03
-3.5500820e-03
-2.1077730e-04
3.4081700e-03
6.6065370e-03
9.1127830e-03
1.1092990e-02
1.2606770e-02
1.4934940e-02
1.7342810e-02
1.9769150e-02
2.1563620e-02
2.2795770e-02
2.3295940e-02
2.3256380e-02
2.2777070e-02
2.2169050e-02
2.0444860e-02
1.8371290e-02
1.5941290e-02
1.3848200e-02
1.0778170e-02
7.6017660e-03
3.8222300e-03
-1.5016580e-04
-3.0518450e-03
-5.5833660e-03
-8.0588130e-03
-9.8667210e-03
-1.0926090e-02
-1.0664090e-02
-9.0406400e-03
-6.1552020e-03
-3.6281390e-03
-1.1714230e-03
1.0001730e-03
2.6552380e-03
4.5024000e-03
5.9914360e-03
6.8215510e-03
6.9950560e-03
6.7815980e-03
6.3448250e-03
5.9757770e-03
5.7589380e-03
5.2106910e-03
4.5962210e-03
4.2780120e-03
3.5549950e-03
1.6775580e-03
-7.9115690e-05
-1.8407830e-03
-3.8481240e-03
-5.4842860e-03
-7.6105570e-03
-9.9871410e-03
-1.2274450e-02
-1.4306790e-02
-1.5112730e-02
-1.5754100e-02
-1.6222620e-02
-1.5756420e-02
-1.5444280e-02
-1.5266580e-02
-1.5151540e-02
-1.3597670e-02
-1.0627450e-02
-8.6938650e-03
-6.9585900e-03
-5.8125570e-03
-4.4111420e-03
-2.3297380e-03
8.8284560e-05
2.1118900e-03
3.8777090e-03
5.6937670e-03
7.1420070e-03
8.4448430e-03
9.9183200e-03
1.0874010e-02
1.0997060e-02
1.0763690e-02
9.4021350e-03
9.0493580e-03
8.0753060e-03
7.2189430e-03
6.9515110e-03
6.8112370e-03
6.7928460e-03
6.6075250e-03
6.8639340e-03
7.4553800e-03
7.3351320e-03
6.9817410e-03
6.0648100e-03
5.3236760e-03
4.6904110e-03
4.0016050e-03
3.2524920e-03
2.2241910e-03
6.4787670e-04
-8.0656920e-04
-2.5819940e-03
-4.6504470e-03
-6.1766610e-03
-7.2572790e-03
-8.3349440e-03
-9.6586490e-03
-1.0395430e-02
-1.0561630e-02
-1.0208390e-02
-1.0022980e-02
-9.4632940e-03
-8.8246250e-03
-7.5727600e-03
-5.9942190e-03
-4.7523480e-03
-4.4630680e-03
-4.5387160e-03
-4.3054620e-03
-3.6558410e-03
-2.7300560e-03
-1.3555660e-03
2.5067180e-04
2.2004890e-03
3.3594680e-03
3.8891960e-03
4.1321540e-03
4.2843330e-03
5.0258030e-03
5.2032740e-03
4.9388890e-03
4.3232400e-03
3.1747210e-03
2.7174820e-03
2.5685090e-03
2.3627850e-03
1.9176580e-03
1.1437580e-03
3.3465160e-04
1.6566410e-04
-9.4507200e-04
-2.2165040e-03
-3.1700090e-03
-4.4542230e-03
-5.6158280e-03
-6.3792520e-03
-6.4162980e-03
-5.9296330e-03
-5.2621730e-03
-5.0201360e-03
-4.6087400e-03
-3.9394800e-03
-3.1512580e-03
-1.3684720e-03
5.7604330e-04
2.9321350e-03
5.1149890e-03
7.0304010e-03
9.1652640e-03
1.1187930e-02
1.3089900e-02
1.4585760e-02
1.5629400e-02
1.5886190e-02
1.6082500e-02
1.5765050e-02
1.4676690e-02
1.3250960e-02
1.1409870e-02
8.5227010e-03
5.2269240e-03
2.7669300e-03
7.1943790e-04
-1.9967740e-03
-4.0723740e-03
-5.9102050e-03
-8.0976560e-03
-9.6880850e-03
-1.1136590e-02
-1.2598660e-02
-1.4043820e-02
-1.5044320e-02
-1.5582140e-02
-1.5000460e-02
-1.3545470e-02
-1.1515160e-02
-8.9423530e-03
-6.5966520e-03
-4.0761750e-03
-1.2044740e-03
1.7730000e-03
4.4669100e-03
7.3622400e-03
9.5031740e-03
1.1005560e-02
1.1550570e-02
1.1751830e-02
1.1671150e-02
1.1818870e-02
1.1049550e-02
1.0077840e-02
8.4011510e-03
7.6112750e-03
5.7202600e-03
3.5523310e-03
8.3538850e-04
-1.9676260e-03
-4.2663620e-03
-6.2110200e-03
-8.2631030e-03
-1.0366620e-02
-1.2734530e-02
-1.5210180e-02
-1.6699710e-02
-1.7984020e-02
-1.8520340e-02
-1.8110730e-02
-1.7541060e-02
-1.6948570e-02
-1.5981960e-02
-1.4928300e-02
-1.3233510e-02
-1.0972600e-02
-8.2739650e-03
-4.5997550e-03
-1.1656170e-03
1.3818810e-03
3.2850900e-03
5.1300430e-03
6.7809810e-03
8.2659290e-03
9.3781940e-03
1.0308650e-02
1.0805930e-02
1.1060610e-02
1.1448230e-02
1.1411690e-02
1.0898520e-02
1.0100760e-02
9.0287680e-03
8.0686430e-03
7.4168660e-03
6.7511390e-03
6.2525520e-03
6.1632370e-03
5.6240800e-03
4.8076410e-03
3.6066230e-03
2.2653630e-03
9.7678410e-04
1.7763530e-04
-8.6544760e-04
-1.8174000e-03
-2.6588550e-03
-3.1361660e-03
-3.1879350e-03
-2.8388280e-03
-2.6056090e-03
-2.7315720e-03
-3.1632070e-03
-3.9601680e-03
-5.1817550e-03
-5.9882990e-03
-5.5488600e-03
-5.0679000e-03
-4.6517920e-03
-4.0574260e-03
-3.2224540e-03
-2.3890450e-03
-1.7388220e-03
-1.3976930e-03
-1.3460830e-03
-1.3498730e-03
-1.7796210e-03
-1.6264570e-03
-1.9180130e-03
-2.2602100e-03
-2.1112690e-03
-1.3625840e-03
-1.0060530e-03
-1.6962900e-04
1.1453270e-03
2.4948180e-03
3.5270490e-03
3.6056280e-03
3.6175900e-03
3.2432550e-03
2.9697830e-03
2.8533340e-03
2.7917900e-03
2.6013500e-03
2.3688880e-03
1.9480170e-03
1.2559300e-03
2.9081140e-04
-5.2463960e-04
-1.3414560e-03
-2.0229990e-03
-2.4301410e-03
-2.9793750e-03
-3.7760730e-03
-4.7697990e-03
-5.7343140e-03
-6.6971270e-03
-7.2754370e-03
-7.9742250e-03
-7.9012220e-03
-7.2874680e-03
-5.9783020e-03
-3.9946310e-03
-1.8991550e-03
2.9417800e-04
2.1870920e-03
3.8734060e-03
5.7208960e-03
7.3123980e-03
8.4258340e-03
8.9453380e-03
9.2940140e-03
1.0148120e-02
1.0556170e-02
1.0923600e-02
1.1066350e-02
1.0581030e-02
9.8953710e-03
9.3341480e-03
9.3880380e-03
9.2991040e-03
9.2487700e-03
8.8769010e-03
8.4674260e-03
7.9995410e-03
7.3170200e-03
6.8114450e-03
5.6253760e-03
4.4527300e-03
3.1627390e-03
1.8226050e-03
1.1099890e-03
8.8683610e-04
9.2363610e-04
1.0784720e-03
1.2343360e-03
1.0776060e-03
3.9494110e-04
-8.5154880e-04
-2.4665310e-03
-3.8196430e-03
-4.8713700e-03
-5.4215990e-03
-5.4075230e-03
-5.4900390e-03
-5.4835060e-03
-5.7607650e-03
-6.3354690e-03
-7.1839470e-03
-8.0028120e-03
-9.5155010e-03
-1.1973510e-02
-1.4004840e-02
-1.5453890e-02
-1.6411300e-02
-1.6403530e-02
-1.5897170e-02
-1.5516610e-02
-1.4453270e-02
-1.3384450e-02
-1.2295600e-02
-1.1196450e-02
-9.6520060e-03
-7.5792700e-03
-5.9406630e-03
-3.8060760e-03
-1.4564830e-03
2.6319190e-04
1.5915270e-03
2.7553260e-03
4.3164980e-03
4.5409590e-03
4.5493160e-03
4.8573410e-03
4.8609080e-03
4.8403450e-03
4.9255180e-03
4.9868530e-03
5.1322770e-03
5.3204440e-03
5.3143680e-03
5.0840750e-03
4.5693140e-03
3.6475130e-03
2.4936780e-03
1.3644130e-03
4.6122310e-04
-4.3826340e-04
-1.0367690e-03
-1.2413970e-03
-1.6408070e-03
-2.0376810e-03
-2.0925960e-03
-1.8834620e-03
-1.4136910e-03
-1.2033860e-03
-8.6366100e-04
-4.1373060e-04
3.8875440e-04
1.6946690e-03
2.8006040e-03
4.2138880e-03
6.0467370e-03
7.6163050e-03
8.7905830e-03
9.6629420e-03
1.0419070e-02
1.1167680e-02
1.1307190e-02
1.1155470e-02
1.0403700e-02
9.0365780e-03
7.3004060e-03
5.1649100e-03
2.5555930e-03
1.4769770e-04
-1.7000440e-03
-3.9593360e-03
-5.4765860e-03
-6.5179980e-03
-8.1247360e-03
-9.5827500e-03
-1.0567570e-02
-1.0676630e-02
-1.1021940e-02
-1.0771750e-02
-9.8311210e-03
-8.4754990e-03
-7.6324330e-03
-6.4989480e-03
-4.9919160e-03
-3.6268740e-03
-8.1140180e-04
1.1072390e-03
3.2426560e-03
4.8126940e-03
5.8002310e-03
7.2918580e-03
8.2275770e-03
9.1501570e-03
9.0129260e-03
8.4225120e-03
8.1296780e-03
8.0709430e-03
7.7369770e-03
6.8246500e-03
6.2039130e-03
5.1218770e-03
3.6870400e-03
2.4900900e-03
1.1662170e-03
2.9370630e-04
-1.2319230e-03
-2.1321870e-03
-3.0252280e-03
-3.8252510e-03
-4.3341590e-03
-4.2687630e-03
-4.5193770e-03
-4.3925260e-03
-4.2126770e-03
-4.1569090e-03
-3.5865950e-03
-2.5561250e-03
-1.2829210e-03
3.2748400e-04
1.6174890e-03
3.1482790e-03
4.5495420e-03
5.7485430e-03
7.0942030e-03
8.2475500e-03
8.7074680e-03
9.1782300e-03
8.9628070e-03
8.7124930e-03
8.1596800e-03
7.1560810e-03
5.6965290e-03
3.9709810e-03
1.5955680e-03
-6.7556940e-04
-2.9695670e-03
-4.4791970e-03
-5.9835120e-03
-6.8843460e-03
-7.6815530e-03
-8.1637320e-03
-8.5140500e-03
-8.2996380e-03
-8.1120800e-03
-7.7673810e-03
-7.1191800e-03
-6.3108610e-03
-5.0189290e-03
-3.6379560e-03
-1.5137740e-03
4.7034450e-04
2.6819530e-03
4.3738810e-03
5.7351700e-03
6.8338940e-03
7.4411220e-03
8.0070400e-03
8.4268430e-03
8.2984710e-03
7.9942060e-03
7.3804280e-03
6.2349790e-03
5.2436150e-03
4.1642960e-03
2.7988150e-03
1.2332420e-03
-1.8799110e-04
-1.5308170e-03
-2.6989310e-03
-3.3595590e-03
-4.2064490e-03
-5.2042230e-03
-6.1591880e-03
-6.6459370e-03
-6.7980010e-03
-6.8734880e-03
-6.8091190e-03
-6.8310910e-03
-6.7771770e-03
-6.2103320e-03
-4.9701310e-03
-3.2773880e-03
-1.7889930e-03
-3.7272930e-04
1.3284670e-03
2.8851840e-03
4.5322150e-03
5.6973900e-03
6.8841030e-03
7.5610520e-03
7.8187770e-03
8.1065440e-03
7.7294730e-03
7.0207720e-03
6.1562630e-03
5.1942290e-03
3.8067600e-03
2.3398990e-03
1.0130250e-03
-5.4885240e-04
-1.7485340e-03
-3.0897270e-03
-4.6535200e-03
-5.9803730e-03
-7.2264660e-03
-8.3179610e-03
-9.1493600e-03
-9.7665790e-03
-9.5598120e-03
-9.3280770e-03
-9.2429790e-03
-9.1360300e-03
-8.4378380e-03
-7.3544840e-03
-6.4741930e-03
-5.3840620e-03
-3.9468500e-03
-2.0144090e-03
-4.5591000e-04
1.2784600e-03
2.6547660e-03
3.9613700e-03
4.9956760e-03
5.6618540e-03
6.3801720e-03
7.1852480e-03
6.9308830e-03
7.0959410e-03
6.8092080e-03
6.2567790e-03
5.5726030e-03
4.8090250e-03
3.9462440e-03
3.1798210e-03
2.7905110e-03
2.4733220e-03
2.0845050e-03
1.8947320e-03
2.5816780e-03
2.8603240e-03
3.3903470e-03
3.4071440e-03
3.4556050e-03
3.1191380e-03
2.5660470e-03
2.3318630e-03
1.8929130e-03
1.5271880e-03
1.4528110e-03
1.1583420e-03
1.1616380e-03
1.5959940e-03
1.8867190e-03
2.3403090e-03
2.2839370e-03
2.0104240e-03
1.5953100e-03
1.2273200e-03
3.0004740e-05
-9.7945200e-04
-2.4295070e-03
-3.4478590e-03
-5.0838060e-03
-6.6332890e-03
-7.7432670e-03
-8.7307200e-03
-8.9741550e-03
-9.4988220e-03
-1.0129960e-02
-9.8601420e-03
-9.4066010e-03
-8.4625930e-03
-7.2356110e-03
-7.7006540e-03
-7.3891710e-03
-7.3398570e-03
-6.6850920e-03
-6.0387160e-03
-5.5723230e-03
-5.3857310e-03
-4.9083030e-03
-3.8785390e-03
-2.5957750e-03
-1.5380280e-03
-7.0590480e-04
2.4549030e-04
1.1930350e-03
2.2278090e-03
3.2592250e-03
4.2800670e-03
5.0366270e-03
5.1338900e-03
5.4506690e-03
5.6052220e-03
5.5111090e-03
5.1319820e-03
4.1335170e-03
2.9713480e-03
2.0128910e-03
1.5441820e-03
1.1251750e-03
8.8022850e-04
1.0077750e-03
7.9224630e-04
1.0835720e-03
1.5400410e-03
1.3022860e-03
2.1490040e-03
2.1312090e-03
1.8745540e-03
2.1218700e-03
2.0158310e-03
2.0058810e-03
2.1943590e-03
2.2576790e-03
2.0649220e-03
1.9831810e-03
1.8486790e-03
1.2992060e-03
6.0568860e-04
-4.0866000e-05
-2.6636550e-04
-9.6256390e-04
-1.4646240e-03
-2.1424790e-03
-2.7575330e-03
-2.9661450e-03
-3.2366540e-03
-3.3612750e-03
-3.3303720e-03
-3.3056950e-03
-3.0638150e-03
-2.7477030e-03
-2.5636150e-03
-2.0346230e-03
-1.1043870e-03
-6.0236580e-04
-1.0285670e-04
2.7788150e-04
5.3171670e-04
7.7459700e-04
5.8057940e-04
3.1080190e-04
2.8968560e-04
1.2232840e-04
5.4446580e-05
-2.3671030e-04
4.1151940e-04
8.3287550e-04
1.0913910e-03
1.1526270e-03
1.6784300e-03
1.7369270e-03
1.3124130e-03
7.9597130e-04
1.7428640e-04
-6.6957130e-04
-1.8117880e-03
-2.6854470e-03
-3.2694420e-03
-2.8951260e-03
-2.6800770e-03
-2.8027800e-03
-2.5386130e-03
-2.2919530e-03
-2.3987180e-03
-2.5275430e-03
-2.6503780e-03
-2.4824470e-03
-2.2359950e-03
-2.3166380e-03
-2.1477250e-03
-1.6283510e-03
-1.3655890e-03
-7.3118180e-04
1.2498560e-04
9.8437280e-04
2.0943140e-03
2.7944690e-03
3.3143040e-03
3.7482940e-03
3.6061710e-03
3.2193250e-03
3.1459100e-03
2.7041880e-03
2.2637400e-03
2.1784550e-03
2.4728630e-03
2.9456180e-03
2.8367870e-03
3.5604740e-03
4.1373050e-03
4.6997410e-03
5.2337470e-03
5.8011170e-03
6.4422980e-03
6.6651730e-03
6.5274790e-03
6.3339460e-03
5.8942940e-03
5.6686950e-03
5.2587570e-03
4.7820640e-03
4.1985840e-03
3.6536540e-03
2.9314310e-03
2.3650500e-03
2.0646040e-03
1.3439110e-03
4.6995440e-04
-1.1692650e-05
-4.1345890e-04
-1.0496210e-03
-1.9173420e-03
-3.2486540e-03
-3.8598920e-03
-4.1764130e-03
-4.3902140e-03
-4.5995360e-03
-4.4580230e-03
-4.2340100e-03
-4.2081600e-03
-3.7607960e-03
-3.3371680e-03
-3.2757990e-03
-3.2425110e-03
-2.7321790e-03
-2.0184390e-03
-1.3248120e-03
-6.4346010e-04
-2.2136970e-04
-4.2782950e-05
1.4422210e-04
2.7479150e-04
8.6005800e-05
-1.4049580e-04
-1.3375900e-04
3.6472900e-04
3.5330370e-04
-2.0616820e-04
-2.8237910e-04
-4.9005690e-04
-6.7014450e-04
-1.1342650e-03
-1.8161530e-03
-2.5094920e-03
-2.7514090e-03
-3.0753550e-03
-3.2098950e-03
-3.2632590e-03
-3.1990200e-03
-3.1135160e-03
-2.7681350e-03
-2.2908480e-03
-1.9945120e-03
-1.7238700e-03
-1.3682270e-03
-1.1292310e-03
-8.5011180e-04
1.4191160e-04
7.7672960e-04
1.4172360e-03
1.7306620e-03
2.0434990e-03
2.1328020e-03
2.3159360e-03
2.1895260e-03
1.8860720e-03
1.7357930e-03
1.3631440e-03
9.8229500e-04
4.7109200e-04
-6.4901050e-04
-1.8306420e-03
-2.5681220e-03
-3.8482310e-03
-5.0389520e-03
-5.8551430e-03
-7.4231230e-03
-8.3638160e-03
-8.5574890e-03
-8.9283780e-03
-9.4182760e-03
-9.2569050e-03
-8.7703050e-03
-8.3340780e-03
-7.3041290e-03
-6.3726340e-03
-5.4212010e-03
-3.8223410e-03
-2.7025330e-03
-1.1610660e-03
2.3862640e-04
1.6179100e-03
3.2288040e-03
4.7498050e-03
6.0416510e-03
7.2413380e-03
7.8197960e-03
8.4154250e-03
8.8637320e-03
9.4185380e-03
9.3724460e-03
9.2214040e-03
9.2764280e-03
8.9448950e-03
8.5074530e-03
8.1420120e-03
7.4804230e-03
6.5945980e-03
5.6462120e-03
4.6974580e-03
3.9802940e-03
3.0238480e-03
2.4829340e-03
1.9986670e-03
1.7844150e-03
1.1587160e-03
3.0049020e-04
-1.5513040e-04
-8.2276230e-04
-1.1780330e-03
-1.5948720e-03
-1.8560540e-03
-1.6415570e-03
-1.3813140e-03
-1.2661680e-03
-1.2029140e-03
-6.2798510e-04
2.6043480e-04
7.1060140e-04
1.2192070e-03
1.7659660e-03
2.3735780e-03
2.4765260e-03
2.3043240e-03
2.1057290e-03
1.7153470e-03
1.4278880e-03
9.1107520e-04
4.6707140e-04
-1.7401630e-04
-4.8668780e-04
-7.0601930e-04
-1.4441460e-03
-1.8751990e-03
-2.1388470e-03
-2.3596580e-03
-2.7241490e-03
-3.1133050e-03
-3.7373690e-03
-3.8438560e-03
-4.1643520e-03
-4.0361010e-03
-3.7655060e-03
-3.5759880e-03
-3.1189550e-03
-2.5956360e-03
-1.9865110e-03
-1.2900620e-03
-4.9811730e-04
1.9557210e-04
6.9763050e-04
1.3221130e-03
1.6319900e-03
1.9611040e-03
2.1371090e-03
2.2395680e-03
2.6984490e-03
2.7642140e-03
3.1381780e-03
3.0545930e-03
3.1511570e-03
2.6885020e-03
1.8278100e-03
1.3980890e-03
9.7865680e-04
5.6430590e-04
-4.5855810e-04
-1.5137780e-03
-2.0360160e-03
-2.4444720e-03
-3.2346190e-03
-4.1161230e-03
-4.7189580e-03
-4.7555380e-03
-4.6245450e-03
-5.0175540e-03
-4.9510840e-03
-4.3686910e-03
-3.7386330e-03
-3.3699530e-03
-2.9255080e-03
-2.4469000e-03
-1.9375030e-03
-9.5805960e-04
-5.4537510e-04
1.6740230e-05
-2.1613490e-05
3.1898200e-04
9.3544520e-04
1.4880830e-03
1.7151420e-03
1.5700820e-03
1.4605170e-03
1.5546200e-03
1.1798910e-03
8.6310130e-04
8.4683510e-04
2.8177170e-04
1.5783960e-04
-1.4203860e-04
7.3457970e-04
8.5663550e-04
-1.8188330e-04
-3.3385510e-04
-4.4548200e-04
-5.4824800e-04
-7.7108940e-04
-8.7328940e-04
-9.1340000e-04
-7.0133020e-04
-9.1901770e-04
-6.5636230e-04
-1.8867390e-04
8.4488750e-05
5.1222190e-04
1.1311450e-03
1.5268270e-03
1.7836130e-03
2.0744630e-03
2.6342950e-03
2.5838220e-03
2.8472190e-03
3.1310000e-03
2.8617610e-03
2.4610750e-03
2.4667450e-03
2.3561750e-03
