0.01
-4.5578030e-03
-8.0706800e-03
-2.5157670e-03
-6.2881610e-04
-6.9454110e-03
-7.6210040e-03
-4.8279630e-03
-6.4934860e-03
-4.9031870e-03
5.0689890e-03
8.9874380e-03
6.0195190e-03
1.1548490e-03
-1.5398760e-03
-6.2290800e-03
-6.9782980e-03
-4.5435310e-03
-1.7009800e-04
8.7586980e-03
1.0922890e-02
5.6557290e-03
-9.2801580e-04
-8.4952390e-03
-1.6939860e-02
-1.3577270e-02
-1.3138460e-03
7.1399640e-03
7.4601550e-03
7.3841510e-03
6.3162180e-03
-1.8101640e-03
-9.5308460e-03
-5.2449060e-03
-3.2369020e-03
-1.7407170e-03
3.5208160e-03
6.5459420e-03
2.0394030e-03
-7.2995170e-03
-1.3857170e-02
-7.6875420e-03
2.5355560e-03
2.5604970e-03
-7.7776650e-03
-1.1804360e-02
-7.5715270e-03
-5.2803900e-04
2.4566100e-03
8.7475570e-04
-6.8873350e-03
-1.2049230e-02
-6.9691250e-03
-1.4740880e-03
-1.8031760e-03
-2.9082390e-03
-7.8710950e-03
-1.5942450e-02
-1.1623750e-02
-7.7965560e-04
2.5810600e-03
4.6762430e-03
6.9533960e-03
6.8077460e-04
-1.4125130e-02
-1.5606900e-02
6.4709670e-03
1.7295970e-02
1.1184100e-02
-1.4884270e-03
-6.8789580e-03
-4.9539600e-03
-5.9894820e-03
-8.1378990e-03
-4.9807340e-04
1.0309290e-02
9.2673610e-03
1.8332630e-03
2.5681660e-03
1.0171850e-02
3.0258780e-03
-5.8886210e-03
-6.9983690e-03
-3.3788070e-03
-5.1057080e-03
1.0514010e-03
1.2966450e-02
1.0861740e-02
-7.8690180e-04
-6.5601530e-03
-5.1394520e-03
-1.2208040e-02
-1.7658310e-02
-8.9579520e-03
1.0594820e-02
1.3335430e-02
7.0933300e-03
5.2365070e-03
2.3776890e-03
-5.8427940e-03
-2.3084800e-02
-2.4640410e-02
-1.4012050e-02
-8.0398450e-03
-1.4766860e-03
6.1371250e-03
4.4187880e-03
-1.9952270e-03
-6.0140910e-04
3.1761800e-03
-6.2743700e-03
-1.0796270e-02
-7.4995820e-03
-4.7640130e-03
-4.0418590e-03
-1.1944370e-02
-1.5085320e-02
-1.6721970e-03
1.4788160e-02
1.0152970e-02
-2.1175460e-03
-1.1282580e-02
-1.1091250e-02
2.9777320e-03
1.2581920e-02
7.7743600e-03
-2.6911000e-03
-6.9955580e-03
-1.1735650e-02
-1.2411290e-02
5.3684870e-04
1.1837430e-02
3.9087500e-03
1.6792950e-03
4.5490940e-03
4.5372590e-03
6.1968530e-03
1.1261230e-02
1.3447550e-02
1.4027540e-02
1.6817490e-02
1.8618690e-02
1.0368150e-02
-7.1358110e-03
-1.4936460e-02
-1.0373700e-02
5.2379440e-03
1.5401790e-02
1.1251910e-02
-1.4696280e-03
-1.1471510e-02
-1.0464270e-02
-9.9518580e-03
-1.4628690e-02
-2.7495270e-02
-3.6583250e-02
-3.4610820e-02
-2.6410360e-02
-1.4676510e-02
5.8704970e-03
2.7612120e-02
3.0865460e-02
-3.1549370e-03
-3.6654230e-02
-4.1188860e-02
-1.5267070e-02
8.6339150e-04
1.0659070e-02
1.3604600e-02
4.0784440e-03
-5.4258060e-03
-5.3275340e-03
-1.3786430e-02
-1.7300010e-02
-1.2854850e-02
1.9542630e-03
1.9123130e-02
2.2032950e-02
1.9966850e-02
2.2215420e-02
4.4416400e-02
6.0662080e-02
6.3504050e-02
6.3713250e-02
5.4146070e-02
3.5905710e-02
2.1527970e-02
2.6627330e-03
-1.0734660e-02
-7.6079050e-03
-4.1764130e-03
-1.5052840e-02
-2.3057130e-02
-3.1877890e-02
-5.5561370e-02
-7.7173760e-02
-8.1108610e-02
-7.8530670e-02
-6.7650670e-02
-4.0365890e-02
-1.3653190e-02
-1.3611050e-02
-3.3294680e-02
-5.7055600e-02
-5.0999610e-02
-2.3817280e-02
3.1108310e-02
7.5752520e-02
8.6673820e-02
4.9104560e-02
-7.5401800e-03
-1.0465800e-02
1.6704240e-02
6.6119470e-02
1.0221170e-01
1.1228270e-01
8.2032090e-02
1.7519850e-03
-6.5408580e-02
-5.3804350e-02
-2.5549530e-03
3.2589120e-03
2.9164820e-03
6.1727950e-04
-7.6391810e-03
-3.4315350e-02
-4.9206330e-02
-3.3776550e-02
-3.4281250e-03
1.3695470e-02
1.5905220e-02
1.5766860e-02
2.5728370e-02
5.7653860e-02
7.0723340e-02
4.6900910e-02
1.1708480e-02
-2.1188750e-02
-4.5584150e-02
-4.2746000e-02
-2.0614020e-02
-2.7379080e-03
6.5624290e-03
1.0828180e-02
8.7491480e-04
-5.9970410e-03
-4.6960910e-03
-6.5635870e-03
-1.8298890e-02
-3.6690040e-02
-4.4140650e-02
-3.3759520e-02
-1.0826440e-02
-1.3757650e-02
-2.6369510e-02
-3.1346060e-02
-4.5087640e-02
-5.7176750e-02
-5.6068700e-02
-3.6444130e-02
-6.2951140e-03
8.1230410e-03
1.6721780e-02
3.3838730e-02
6.0656840e-02
6.7571060e-02
4.5498840e-02
3.0125040e-02
3.2614160e-02
4.9325940e-02
5.6441860e-02
3.0855540e-02
9.9454090e-03
1.9275990e-02
5.0287310e-02
6.3820340e-02
4.6326990e-02
1.8544510e-02
-3.0120390e-03
-6.9870930e-03
-3.0596650e-02
-7.6871850e-02
-9.6988410e-02
-7.9610510e-02
-2.5763110e-02
4.5571030e-02
5.4143060e-02
2.9158210e-02
2.7830570e-03
-5.4557320e-03
5.0378530e-03
6.6075670e-03
1.1143820e-02
2.3267450e-02
3.8638960e-02
4.0924900e-02
3.3674280e-02
1.9878260e-02
-6.7355590e-04
-2.5857970e-02
-3.7638100e-02
-5.5658440e-02
-8.1923160e-02
-9.0980210e-02
-8.1238630e-02
-5.2130390e-02
-2.9203770e-02
-1.8587660e-02
-1.0694360e-02
-1.3127360e-03
-6.1207420e-03
-3.3814080e-02
-3.3794910e-02
2.1240130e-02
9.6956010e-02
1.3115970e-01
1.0726650e-01
5.6108010e-02
3.8856690e-02
5.1671370e-02
4.3273010e-02
2.7823490e-02
-1.5008920e-02
-9.6827350e-03
3.1148710e-02
7.1440800e-02
7.5118580e-02
3.4470630e-02
-1.8363870e-02
-6.3252900e-02
-6.4698640e-02
-6.8913360e-02
-7.7005950e-02
-7.8212690e-02
-6.9649840e-02
-4.0573580e-02
1.7856520e-02
5.0082790e-02
1.2259610e-02
-5.7261530e-02
-8.2661610e-02
-5.7845380e-02
6.3643420e-03
3.8934630e-02
4.0613560e-02
2.2303960e-02
-2.1485250e-02
-4.0573010e-02
-1.7426780e-02
1.5144740e-02
1.1180010e-02
-1.8251520e-02
-2.7410470e-02
-1.2258250e-02
-1.0577490e-04
-1.1556860e-02
-2.2676870e-02
-2.1329110e-02
7.8642510e-03
4.4054680e-02
5.8144430e-02
4.7892140e-02
-5.0088200e-03
-6.8397980e-02
-9.7165500e-02
-8.7315800e-02
-7.2628580e-02
-5.3129090e-02
-1.5006170e-02
2.0642380e-02
6.4197170e-02
8.4041730e-02
7.4897750e-02
3.9815370e-02
2.3808920e-03
4.5400580e-03
1.5617900e-02
3.7078320e-02
4.9840250e-02
3.5768170e-02
9.6960730e-03
9.9025270e-03
3.7369900e-02
4.9115590e-02
1.7963700e-02
-2.3908940e-02
-2.4164050e-02
7.7395860e-03
2.9986610e-02
9.4705400e-03
-1.5417550e-02
-3.1703100e-02
-4.6899350e-02
-5.7632130e-02
-6.0679330e-02
-5.2370130e-02
-4.2960090e-02
-2.7824080e-02
-2.4299160e-02
-1.6858360e-02
4.0180820e-04
1.7110720e-02
3.6706900e-02
5.6458310e-02
7.0003600e-02
6.5982900e-02
5.6987540e-02
5.9137890e-02
5.5044160e-02
4.1622240e-02
3.8860170e-02
5.1695240e-02
5.9584550e-02
4.8989020e-02
3.9440570e-02
3.4229430e-02
3.6925220e-02
4.6847090e-02
4.6048940e-02
3.0298350e-02
2.3619900e-02
3.1575310e-02
3.7458500e-02
4.1089920e-02
4.4141080e-02
4.8722250e-02
4.8430980e-02
3.6799230e-02
3.1912820e-02
4.2789370e-02
5.7824100e-02
4.4856170e-02
1.0553080e-02
-1.8629850e-02
-2.8516120e-02
-2.0155720e-02
6.9471310e-03
2.7173800e-02
2.3919130e-02
1.6674440e-02
3.0038830e-02
6.0551400e-02
7.6702300e-02
7.9104900e-02
8.5094010e-02
8.7605180e-02
8.1421800e-02
6.0468950e-02
3.4171230e-02
1.9635550e-02
2.5987060e-02
2.7489900e-02
3.2030740e-03
-3.2833060e-02
-3.8910410e-02
-2.5577460e-02
3.1812340e-03
8.3500180e-03
-2.4395340e-02
-6.0394440e-02
-9.3615250e-02
-1.1264810e-01
-1.1022860e-01
-7.5544640e-02
-1.0883470e-02
5.6993970e-02
9.8798720e-02
1.0208810e-01
6.1552470e-02
1.7215900e-02
-1.2311950e-03
-6.1276240e-03
-1.3615700e-02
-3.0075050e-02
-4.1925410e-02
-4.6170760e-02
-5.4231500e-02
-6.2634210e-02
-5.4141590e-02
-3.7137440e-02
-2.0927880e-02
-6.9048840e-03
-7.8479640e-03
-1.4924070e-02
-9.1349620e-03
2.0909360e-03
8.4761650e-03
1.4386010e-02
1.3778740e-02
4.1678300e-03
5.7028190e-03
2.1651440e-02
3.6762720e-02
4.5780590e-02
4.1596410e-02
1.1120210e-02
-1.1298720e-02
2.6682720e-03
3.1167290e-02
5.9660150e-02
5.7907980e-02
3.9930390e-02
1.7641760e-02
6.2041130e-03
7.7902330e-03
1.9761240e-02
2.5370620e-02
2.6041540e-03
-4.3710520e-02
-7.5063730e-02
-7.1769820e-02
-5.7241610e-02
-5.4732700e-02
-5.1977320e-02
-3.4593010e-02
-1.9618000e-02
-1.6106040e-02
-1.3214380e-02
-6.8658190e-03
-4.3490640e-04
-1.1225480e-02
-4.1873290e-02
-5.5185880e-02
-5.0682140e-02
-3.7508110e-02
-1.9888900e-02
-1.6547510e-02
-2.9735840e-02
-4.4864180e-02
-5.1879510e-02
-3.0314290e-02
2.3225810e-02
4.5955090e-02
1.9412950e-02
-1.6678290e-02
-5.1094760e-02
-6.2872170e-02
-5.7486260e-02
-6.9368300e-02
-8.8524220e-02
-9.0401660e-02
-5.9327360e-02
-7.1286610e-03
1.9109760e-02
6.2754810e-03
-2.4553290e-02
-4.4767270e-02
-3.0051940e-02
6.7741220e-03
1.9906420e-02
1.8915430e-03
-3.9072000e-03
9.0635670e-03
1.3580820e-02
-1.2298120e-02
-3.5692420e-02
-2.4044180e-02
2.0828030e-02
5.1403700e-02
5.5577850e-02
3.8546440e-02
7.9108220e-03
-3.7280960e-02
-6.0592330e-02
-6.0565810e-02
-5.7902430e-02
-5.9804140e-02
-6.6824860e-02
-6.7628080e-02
-5.4059610e-02
-3.8411890e-02
-4.4392260e-02
-6.2817950e-02
-7.8232420e-02
-7.9608740e-02
-7.2004220e-02
-6.6495660e-02
-6.0473500e-02
-4.4795280e-02
-1.5126010e-02
3.8817840e-02
9.6999740e-02
1.2649140e-01
1.1496690e-01
5.8117560e-02
-3.4031120e-03
-4.1674020e-02
-4.5778030e-02
-3.8352890e-02
-1.0909660e-02
2.8224610e-02
7.0582610e-02
9.3834990e-02
9.3568230e-02
8.5986050e-02
6.1272060e-02
3.0064940e-02
-1.4949930e-02
-5.8776540e-02
-7.1887390e-02
-8.4895780e-02
-9.6853610e-02
-9.2977120e-02
-4.6489000e-02
9.0167810e-03
2.8771650e-02
2.4098040e-02
7.5579060e-03
-6.8242870e-03
-2.5733040e-02
-4.7336330e-02
-5.9686060e-02
-7.9389570e-02
-1.0189550e-01
-1.0293520e-01
-7.3638090e-02
-1.4784950e-02
4.2850680e-02
8.7014480e-02
9.2974270e-02
8.0909180e-02
3.8504920e-02
-1.0536880e-02
-2.3212060e-02
-7.6014750e-03
1.4486150e-02
2.8136880e-02
3.8092650e-02
2.1435230e-02
-2.3341660e-02
-3.5691130e-02
-1.6701640e-02
3.7853580e-02
7.7250520e-02
8.0013330e-02
9.1823380e-02
9.5436590e-02
8.2091580e-02
6.0047520e-02
5.8534200e-02
5.9521140e-02
7.2198960e-02
8.3231740e-02
8.1346400e-02
7.7958690e-02
6.1979420e-02
3.1917860e-02
-1.2129110e-02
-2.9862090e-02
-2.3690810e-02
-6.1220860e-03
1.9210320e-02
4.2645640e-02
5.7375030e-02
6.0432750e-02
4.8710120e-02
1.1761300e-02
-2.9815060e-02
-5.8943610e-02
-5.6307280e-02
-5.0256360e-02
-3.7531590e-02
-4.5903600e-03
4.0730520e-02
6.2190080e-02
3.5448130e-02
-1.5276280e-02
-7.2918680e-02
-1.1870360e-01
-1.4112110e-01
-1.3680850e-01
-1.1289660e-01
-3.5373840e-02
5.0989870e-02
8.1391830e-02
7.1777860e-02
2.1723740e-02
-2.6659700e-02
-5.1621480e-02
-7.1583100e-02
-7.7938590e-02
-6.3852680e-02
-2.8185830e-02
2.6836320e-02
6.2105510e-02
4.2764270e-02
-2.9706220e-02
-9.8709920e-02
-1.1348120e-01
-8.3030100e-02
-2.7787330e-02
4.2605200e-03
2.2009500e-02
2.9510870e-02
3.1839040e-02
3.5288770e-02
2.2028650e-02
-2.3495830e-02
-6.8291940e-02
-7.9820460e-02
-6.5086400e-02
-2.4631340e-02
5.3216750e-03
-1.8923730e-03
-2.6696270e-02
-5.2894090e-02
-6.7404760e-02
-6.4473690e-02
-4.2480600e-02
-2.3056710e-02
-2.1512570e-03
2.9657860e-02
5.0089900e-02
3.4236130e-02
-2.2633390e-03
-4.4623200e-02
-7.1196920e-02
-6.0574930e-02
-1.9058770e-02
2.5099570e-02
3.8527090e-02
5.0430620e-02
5.9888070e-02
5.2965230e-02
2.7043940e-02
1.3887010e-03
-1.6563220e-04
-2.0146730e-02
-5.4506440e-02
-4.1454510e-02
1.7552100e-02
5.9785250e-02
6.4855330e-02
6.1203590e-02
3.9541220e-02
1.9897600e-02
1.8920810e-02
3.3418330e-02
4.3559140e-02
3.7503800e-02
2.4871030e-02
1.7988440e-02
6.2342700e-03
-1.0044610e-02
-2.9759670e-02
-4.0875770e-02
-4.1683490e-02
-2.8224460e-02
-1.6532970e-02
-2.4301900e-02
-3.5449360e-02
-3.6361160e-02
-3.3766920e-02
-3.0043980e-02
-1.6913480e-02
1.2744830e-03
2.0496460e-02
3.7091390e-02
4.3720400e-02
4.3048320e-02
2.7500660e-02
1.1028020e-02
1.0417210e-02
1.4044360e-02
9.4054780e-03
3.9025710e-03
-1.1124210e-03
-5.4114960e-03
-1.6028840e-03
1.1110840e-02
1.6363960e-02
1.9172180e-02
2.4825000e-02
1.2139670e-02
-2.9347570e-02
-5.4474900e-02
-5.1898110e-02
-2.8690810e-02
3.1952190e-02
6.7889770e-02
6.0318280e-02
4.0062660e-02
1.5433090e-02
-1.7889170e-02
-5.0123310e-02
-6.4483830e-02
-5.6626710e-02
-3.0112830e-02
-2.3434220e-05
7.0210560e-04
-9.9698270e-04
1.0355790e-02
3.0524910e-02
5.2048340e-02
4.7252160e-02
-3.3297040e-03
-5.6277870e-02
-8.4085600e-02
-7.4673820e-02
-4.7403860e-02
-2.3115980e-02
-6.2097660e-03
4.5324630e-03
-7.1670180e-03
-9.1394780e-03
7.7478370e-03
1.9640400e-02
1.2592030e-03
-3.3861380e-02
-4.7333460e-02
-2.7346330e-02
1.6680720e-03
9.9643430e-03
2.3031990e-02
4.3618600e-02
5.8646960e-02
4.3328570e-02
1.9740300e-02
-2.2850360e-03
-6.2252630e-03
1.1888870e-02
3.2887100e-02
4.4178560e-02
4.8774310e-02
5.1397760e-02
5.3275410e-02
4.0271840e-02
1.9824010e-02
5.3540870e-03
1.2513370e-02
2.8448750e-02
3.8229460e-02
2.7170190e-02
1.7889390e-02
1.3864740e-02
9.5580420e-03
2.4655370e-03
-5.4155430e-03
-1.3199930e-05
1.2101280e-02
1.6648370e-02
5.1152410e-03
-4.9554680e-03
-1.4764700e-02
-1.9836000e-02
-2.4737660e-02
-2.3438070e-02
-1.4851860e-02
-1.0489810e-02
-3.4209860e-03
1.0956720e-02
2.4870440e-02
3.0217370e-02
3.3913680e-02
2.5061880e-02
6.0217880e-03
-1.0318280e-02
-1.3624340e-02
5.4882550e-03
3.3458640e-02
3.9616940e-02
2.6206440e-02
1.0803600e-02
-4.2086590e-03
-1.0143370e-02
-1.0102920e-02
-1.0391460e-02
-1.2306440e-02
-1.3600850e-03
1.9784020e-02
3.3525510e-02
2.3739150e-02
6.6033810e-03
-1.0779780e-02
-2.5709320e-02
-1.9816730e-02
-3.8856250e-03
1.1995070e-03
7.8978180e-03
1.7182020e-02
3.1590160e-02
3.6594180e-02
2.6865110e-02
9.3943910e-03
4.9116330e-03
1.3259430e-02
1.8913150e-02
2.1993870e-02
2.0305040e-02
1.5590300e-02
1.1634790e-02
7.2736930e-03
3.6555190e-03
2.3025420e-03
6.5504670e-03
2.3275910e-02
3.6815720e-02
4.3546040e-02
3.6051960e-02
2.6906840e-02
2.4398750e-02
2.2976110e-02
1.3842460e-02
-7.8310890e-03
-2.1206940e-02
-2.3679150e-02
-2.2706830e-02
-2.1462820e-02
-1.9389190e-02
-1.3571230e-02
-7.8039390e-03
-3.1286360e-03
-1.6935100e-03
-1.1081570e-03
-1.2439100e-03
1.7162660e-03
1.1043070e-02
1.8321580e-02
1.3217210e-02
2.3768150e-04
-9.1353630e-03
-1.1309190e-02
-1.0431410e-02
-9.2143930e-03
-8.1540240e-03
-6.9538600e-03
3.0130390e-03
2.2486490e-02
3.9873410e-02
4.2658480e-02
3.0424220e-02
3.4821960e-03
-2.8381560e-02
-2.8086150e-02
-2.4745280e-02
-1.9426680e-02
-7.0259670e-03
1.1568050e-02
3.1836400e-02
4.2456210e-02
2.6991750e-02
-4.2271110e-03
-1.8350930e-02
-1.9191630e-02
-1.5011320e-02
-5.1698520e-03
5.2570520e-03
7.3369320e-03
3.1430170e-03
-2.6263840e-05
3.6480780e-03
1.1036740e-02
1.7667360e-02
2.0813770e-02
1.6525260e-02
1.0775070e-02
4.6847140e-03
-4.9575110e-03
-1.6155340e-02
-1.9069990e-02
-1.5210050e-02
-1.1254480e-02
-1.6480880e-02
-1.8078550e-02
-1.0179320e-02
1.1284810e-02
2.1855730e-02
1.2945830e-02
-1.4317520e-02
-3.6941980e-02
-4.9882400e-02
-5.2433300e-02
-4.8292050e-02
-3.2604430e-02
-1.6233050e-02
-1.5304280e-02
-2.1867530e-02
-2.2979190e-02
-2.3742670e-02
-1.4969550e-02
5.5746180e-04
2.2120920e-02
3.3144110e-02
3.8274260e-02
3.5378510e-02
2.7526710e-02
1.5010690e-02
5.7084880e-03
-2.8053930e-04
-3.8436080e-03
-1.9919930e-03
-9.2474020e-04
1.4206680e-03
8.2183250e-03
1.7544220e-02
2.1552200e-02
1.9071300e-02
9.0082900e-03
-8.1174320e-03
-1.7999160e-02
-1.7411240e-02
-9.5280540e-03
6.2866830e-03
1.6791560e-02
1.9632970e-02
4.0802120e-03
-2.6471380e-02
-4.6947010e-02
-5.0647240e-02
-5.4047690e-02
-5.5612170e-02
-5.8724030e-02
-5.1044260e-02
-2.8723790e-02
-9.6477670e-03
7.7155390e-04
5.3647070e-03
2.6320120e-03
7.2854030e-04
-1.4311770e-03
-3.1777090e-03
-9.6723790e-03
-1.7873410e-02
-1.0090340e-02
5.7308330e-03
1.7237220e-02
1.6932500e-02
1.8723870e-03
-9.7285130e-03
-1.4387590e-02
-1.1277250e-02
-7.5586960e-03
-1.4602480e-02
-2.2592910e-02
-2.6197560e-02
-2.4509620e-02
-1.8178840e-02
-9.1749920e-03
-1.1209860e-02
-1.6161220e-02
-1.4014550e-02
-1.1407240e-02
-1.3896290e-02
-1.8500290e-02
-1.8260690e-02
-1.8131110e-02
-1.6773340e-02
-1.4090520e-02
-1.3150510e-02
-1.2863550e-02
-1.3475130e-02
-1.1441630e-02
-1.4796160e-03
1.5913550e-02
2.5111830e-02
1.7440790e-03
-1.3606510e-02
-2.2937610e-02
-1.1643240e-02
3.6127850e-04
-1.3505800e-03
-1.5463470e-02
-2.9223780e-02
-2.9565980e-02
-2.2163150e-02
2.5400940e-04
1.0981760e-02
5.8850350e-03
-2.9963640e-03
-8.5062630e-03
-1.2268990e-02
-1.9048340e-02
-1.8681200e-02
-1.2805260e-02
-9.2951560e-03
-4.2435870e-03
6.8428590e-04
8.2060150e-03
1.6581030e-02
1.9329030e-02
2.0835320e-02
2.1335350e-02
1.7459510e-02
9.4282150e-03
-2.2574950e-03
-1.6473090e-02
-1.1608710e-02
1.9375800e-03
1.1098940e-02
1.2265490e-02
4.5528480e-03
-2.4327410e-03
-7.7398630e-03
-1.0475290e-02
-8.5315610e-03
-9.3535500e-03
-1.4926320e-02
-2.0165460e-02
-2.8376830e-02
-3.2375370e-02
-2.8830770e-02
-1.2626100e-02
8.7719150e-04
3.1770660e-04
-1.3003440e-02
-2.4540090e-02
-1.9671170e-02
-6.1292720e-03
8.0103420e-03
1.3131040e-02
6.7079950e-03
-2.2578230e-03
-9.2993230e-03
-1.5552800e-02
-2.4871260e-02
-3.4145800e-02
-4.0081250e-02
-3.8785810e-02
-2.8429510e-02
-7.3649240e-03
1.3962920e-02
2.9811500e-02
3.7858890e-02
3.7680980e-02
2.7323260e-02
1.6467770e-02
1.4016110e-02
1.4568650e-02
1.2245250e-02
6.9238150e-03
-2.8566770e-04
-1.0974040e-02
-3.3039410e-02
-4.4795940e-02
-4.2219930e-02
-3.1483740e-02
-1.8739580e-02
-1.3320290e-02
-1.3403410e-02
-1.7000290e-02
-1.8728580e-02
-7.9418770e-03
1.1472830e-02
2.2756250e-02
2.5141160e-02
1.5817170e-02
-2.1032540e-04
-1.4382450e-02
-2.4158330e-02
-2.1153080e-02
-8.6957140e-03
1.9311140e-03
4.6559470e-04
-3.0684790e-03
3.6260280e-03
1.8593860e-02
3.3314060e-02
3.2516070e-02
1.9676540e-02
6.8587890e-03
1.1637380e-03
2.3074630e-03
9.1308260e-03
1.3840220e-02
1.5045880e-02
1.0734850e-02
4.0822070e-03
-4.5640910e-03
-8.6520330e-03
-9.4872900e-03
-7.2237340e-03
-5.3730680e-04
6.4762480e-03
8.1579680e-03
7.6315050e-04
-1.4789500e-02
-2.5633410e-02
-2.7870610e-02
-1.9389080e-02
-6.0104800e-03
5.9854740e-03
1.6485520e-02
1.6548210e-02
1.4476700e-02
7.3537780e-03
-4.8580590e-03
-2.1154930e-02
-3.1420050e-02
-3.1613100e-02
-2.9213440e-02
-2.5780550e-02
-2.2802810e-02
-1.8731680e-02
-1.1791200e-02
3.4325750e-03
9.0557720e-03
3.9110050e-03
2.9402490e-03
9.2492170e-03
2.1777810e-02
3.0178140e-02
3.4251400e-02
3.1133790e-02
2.4141840e-02
1.6214400e-02
1.5049720e-02
1.1198790e-02
1.1090420e-02
8.6406320e-03
1.9714820e-03
-1.7845410e-03
8.9285250e-04
2.2285350e-03
-3.6543280e-04
2.0920900e-04
6.0934980e-03
1.6518580e-02
2.9559920e-02
3.1996960e-02
3.0720860e-02
2.8462450e-02
3.1504210e-02
4.0641100e-02
5.2755750e-02
5.6567690e-02
5.2382910e-02
4.9752370e-02
3.9476920e-02
3.3750840e-02
2.8422470e-02
1.9577740e-02
4.4955390e-03
-8.7946420e-03
-1.3523670e-02
-9.6843320e-03
1.9601060e-03
1.7052430e-02
2.7576900e-02
2.6540430e-02
2.0398900e-02
1.5902810e-02
1.5093080e-02
1.3511140e-02
1.4135290e-03
-7.5614300e-03
-1.0003760e-02
-6.2115270e-03
-1.7313180e-03
1.9246380e-03
3.8135130e-03
6.3201640e-03
1.0398370e-02
2.0756380e-02
2.9021300e-02
3.4610030e-02
3.8333730e-02
3.9371640e-02
4.4934020e-02
5.0596460e-02
5.0684790e-02
4.9549070e-02
4.5952390e-02
3.9434460e-02
2.7731670e-02
1.6056300e-02
1.1782360e-03
1.1884100e-04
5.4419710e-03
1.8819550e-02
3.0370610e-02
3.6625640e-02
3.4222560e-02
2.6476740e-02
1.6664370e-02
6.2846740e-03
-1.7376820e-03
-8.8449940e-03
-1.2427750e-02
-1.1555540e-02
-5.9049440e-03
1.5958120e-03
5.5469850e-03
3.1327860e-03
4.7227970e-04
-2.2668030e-03
-3.6198080e-03
-3.6909680e-03
-7.0599560e-03
-1.4628790e-02
-2.3380120e-02
-2.6225420e-02
-2.6405490e-02
-2.6027770e-02
-2.7364270e-02
-2.5899030e-02
-1.7351260e-02
-2.4950760e-03
2.8224380e-03
5.1737610e-03
4.5928480e-04
-7.6538040e-03
-7.4580270e-03
-7.7357890e-04
9.2855540e-03
1.7120650e-02
1.7820760e-02
1.6792920e-02
1.8380920e-02
1.6330050e-02
1.4493820e-02
1.3948100e-02
8.6711580e-03
4.3908660e-03
5.3719360e-03
1.1064150e-02
1.8558140e-02
2.3859470e-02
2.3200830e-02
1.8156810e-02
1.5276870e-02
1.4587860e-02
1.4035630e-02
1.0399350e-02
3.6242030e-03
-2.9511820e-03
-9.1959280e-03
-1.6660840e-02
-2.4709050e-02
-3.1111160e-02
-3.0557690e-02
-2.5545420e-02
-1.8765060e-02
-1.2115760e-02
-5.2737860e-03
-3.4168920e-03
-5.6818050e-03
-8.0063510e-03
-7.2600060e-03
-5.1859420e-04
6.6013140e-03
9.3934720e-03
9.7086840e-03
8.3207380e-03
6.0554240e-03
5.6354490e-03
4.4996340e-03
6.9575540e-04
-2.2124730e-03
2.4247020e-03
1.3807970e-02
2.6559790e-02
3.0401240e-02
2.4090370e-02
1.8791440e-02
1.2688040e-02
8.6713520e-03
8.9794570e-03
1.4745500e-02
2.1937860e-02
2.3612890e-02
2.0508180e-02
1.6250830e-02
9.1611300e-03
2.8092150e-04
-8.1016140e-03
-1.3990680e-02
-1.7832020e-02
-2.0102260e-02
-1.5468010e-02
-1.1253450e-02
-6.4973530e-03
-3.9603810e-03
1.9254670e-04
6.5246980e-03
8.7453160e-03
7.6790270e-03
1.8484790e-03
-3.6693240e-03
-1.0020910e-02
-1.4317050e-02
-1.7116110e-02
-1.6061530e-02
-1.7604270e-02
-1.8398470e-02
-1.8565610e-02
-1.6969640e-02
-1.4470960e-02
-1.2646370e-02
-1.0881380e-02
-9.8558720e-03
-8.0803320e-03
-3.3354390e-03
2.6078510e-03
5.5475670e-03
7.5601370e-03
3.4792070e-03
-3.3960760e-03
-9.8571930e-03
-1.2915640e-02
-1.2950240e-02
-6.5636130e-03
3.9362580e-03
1.3627590e-02
1.6024740e-02
1.3080850e-02
6.9203520e-03
2.3606970e-03
2.1292330e-03
2.7526300e-03
1.5160050e-03
1.5211650e-03
1.6809630e-03
4.5572060e-03
9.1042830e-03
1.4441500e-02
1.5372840e-02
1.2160510e-02
4.2281990e-03
-2.3873730e-03
-5.1362880e-03
-2.1333730e-03
5.8271620e-03
1.1560400e-02
1.1143640e-02
4.8340200e-03
-2.7680290e-03
-7.9102480e-03
-1.1354690e-02
-1.1745510e-02
-1.1613740e-02
-9.8148240e-03
-4.0391840e-03
-9.6871430e-04
3.4223070e-03
8.3309320e-03
7.8677790e-03
3.5986540e-03
4.7499190e-03
9.2567800e-03
1.3272600e-02
1.9248380e-02
2.5840980e-02
3.1849270e-02
3.2262140e-02
2.9101790e-02
2.3650780e-02
1.4758930e-02
8.6406480e-03
2.3942230e-03
-2.7326730e-03
-5.4504660e-03
-7.7848560e-03
-1.0306210e-02
-1.1465240e-02
-1.2820370e-02
-1.4150680e-02
-1.3326520e-02
-1.3185930e-02
-1.5586730e-02
-1.5026760e-02
-1.3074030e-02
-1.2572790e-02
-1.3158470e-02
-1.6354490e-02
-1.7699770e-02
-1.3602050e-02
-8.6159710e-03
-1.8631860e-03
1.9313370e-03
3.3609170e-04
-8.7967950e-03
-2.1808220e-02
-2.8972570e-02
-3.0704630e-02
-3.0318690e-02
-2.7434530e-02
-2.3941910e-02
-2.0679300e-02
-1.8277420e-02
-1.7630560e-02
-1.7991790e-02
-2.3842880e-02
-3.1993930e-02
-3.3023050e-02
-2.7104990e-02
-1.7186010e-02
-1.0835750e-02
-7.0041620e-03
-3.9858060e-03
-2.6170550e-04
1.7780990e-03
1.6804620e-04
-4.5470150e-03
-9.1132570e-03
-3.4162340e-03
1.0733670e-02
2.5109420e-02
3.1571110e-02
2.9575350e-02
1.8281140e-02
4.1385570e-03
-5.2548850e-03
-9.5023230e-03
-7.0633100e-03
2.7927430e-03
1.1127960e-02
1.7300000e-02
1.7316380e-02
1.5198640e-02
1.1243360e-02
4.1235390e-03
3.5652730e-03
1.4750650e-03
4.6692910e-03
7.1273710e-03
6.9827760e-03
7.7852050e-03
7.1570930e-03
5.5127930e-03
1.9681310e-03
1.1457900e-03
-2.9276390e-03
-6.3181750e-03
-7.6563580e-03
-5.5708000e-03
-1.2746200e-03
3.3221680e-03
7.1062850e-04
-5.6166070e-03
-1.0609060e-02
-1.0088890e-02
-4.7377800e-03
2.5769650e-04
1.1044180e-02
2.0692540e-02
2.6261140e-02
3.0515450e-02
3.2926750e-02
3.2015690e-02
2.8191890e-02
2.1750680e-02
1.8340100e-02
1.7301170e-02
1.2497010e-02
5.9473090e-03
-3.3945280e-03
-1.5757160e-02
-2.2487000e-02
-2.3342570e-02
-2.1006220e-02
-1.4383330e-02
-7.4495750e-03
-6.0002290e-03
-5.2017490e-03
-7.1489050e-03
-9.2696800e-03
-1.0085260e-02
-9.9690800e-03
-7.0287630e-03
-2.3784730e-03
2.8842920e-04
2.9082620e-04
-2.0955870e-03
-5.5734250e-03
-1.0273090e-02
-1.5483350e-02
-1.4030310e-02
-1.1926100e-02
-1.1035010e-02
-9.4603700e-03
-7.6644680e-03
-5.7208770e-03
-5.1902270e-03
-6.8497720e-03
-7.3272000e-03
-5.5755440e-03
-3.2886510e-03
-3.7075100e-03
-5.1850460e-03
-7.9161150e-03
-9.8303090e-03
-1.0557780e-02
-1.4320110e-02
-1.1715000e-02
-3.3764150e-03
2.0818650e-03
9.6188070e-03
1.4158800e-02
1.6028100e-02
1.4609350e-02
1.0365190e-02
6.2271880e-03
9.9375710e-04
-6.1326640e-03
-6.8139120e-03
-3.7622940e-03
2.8480640e-03
1.1154030e-02
1.4629070e-02
1.5335160e-02
1.5125660e-02
1.1440590e-02
4.4769010e-03
-4.4301790e-03
-1.3083990e-02
-2.0867750e-02
-2.1418870e-02
-1.7206590e-02
-1.1088590e-02
-7.5723740e-03
-6.6681350e-03
-4.9038540e-03
-1.5638570e-03
3.6954910e-03
6.8689850e-03
8.8241440e-03
8.3903920e-03
6.9609120e-03
7.0767040e-03
4.5748970e-03
-1.2815210e-03
-7.9338540e-03
-1.2883320e-02
-1.6211240e-02
-1.6672220e-02
-1.7285360e-02
-1.9785940e-02
-2.3888580e-02
-2.5152730e-02
-2.2734700e-02
-1.4485080e-02
-1.8357550e-03
4.9759740e-03
1.1184420e-02
1.5960340e-02
1.6885110e-02
1.2362960e-02
5.3715000e-03
-4.8668430e-03
-1.5422140e-02
-1.9278090e-02
-1.9341940e-02
-1.6134210e-02
-1.3675670e-02
-1.3079540e-02
-1.2067830e-02
-9.7318460e-03
-6.8818950e-03
-5.9828320e-03
-4.8956690e-03
-5.2068310e-03
-4.7502750e-03
-1.8749570e-03
-9.5376460e-04
-2.1204620e-04
1.9065920e-03
3.3944420e-03
3.2234510e-03
2.4720250e-03
-4.9817400e-04
-3.9501690e-03
-7.8720640e-03
-9.7643390e-03
-1.0605890e-02
-1.0911880e-02
-6.7878960e-03
-1.9501250e-03
8.7937460e-04
4.3940040e-03
3.7890790e-03
1.4158420e-04
-3.5082930e-03
-7.6486230e-03
-9.0948760e-03
-7.1503900e-03
-2.6505720e-03
8.5685600e-04
-8.2043420e-04
-6.9597590e-03
-1.4846760e-02
-1.6853550e-02
-1.8043610e-02
-2.0339980e-02
-1.8682380e-02
-1.2078900e-02
-3.8535450e-03
2.1741190e-03
4.2653020e-03
3.0888680e-03
-1.4941550e-03
-7.9268370e-03
-1.0837100e-02
-1.3196980e-02
-1.4095920e-02
-1.0426150e-02
-5.4976830e-03
-6.5983660e-04
3.5759100e-03
8.4542040e-03
1.1212600e-02
1.3427320e-02
1.4459580e-02
1.4539710e-02
1.3479990e-02
1.0147130e-02
6.7502110e-03
2.6118350e-03
-2.5453900e-03
-4.8610580e-03
-4.5139180e-03
-2.3681300e-03
8.6650420e-04
4.1791710e-03
5.0864670e-03
4.3938660e-03
2.4966490e-03
-1.3736670e-03
-5.3801270e-03
-9.3364170e-03
-1.3392920e-02
-1.5871470e-02
-1.7221640e-02
-1.9482530e-02
-1.9755400e-02
-2.0728270e-02
-1.9277550e-02
-1.5664240e-02
-7.2947120e-03
2.1228870e-03
1.0679290e-02
1.4542000e-02
1.6191060e-02
1.3107640e-02
1.1126370e-02
9.2387210e-03
3.4582690e-03
-1.5097440e-03
-4.2752940e-03
-2.1915400e-03
1.1003700e-03
4.4894960e-03
6.4119420e-03
3.1385340e-03
5.8227320e-04
-1.5748630e-04
2.6086630e-03
4.7275920e-03
6.2101380e-03
6.5994130e-03
5.6832320e-03
4.3688100e-03
1.3901850e-03
-2.6403860e-03
-6.4168590e-03
-6.7534250e-03
-6.3127190e-03
-7.2550000e-03
-6.3489840e-03
-6.4679580e-03
-8.5398630e-03
-1.1266490e-02
-1.1555320e-02
-1.4197710e-02
-1.2984370e-02
-9.3792990e-03
-4.2445350e-03
2.8016600e-04
2.8154980e-03
2.9657820e-03
1.1640100e-03
-2.9232410e-03
-1.0348530e-02
-1.6313600e-02
-1.8503970e-02
-1.6274100e-02
-1.5165610e-02
-1.4273360e-02
-1.5671750e-02
-1.8209970e-02
-2.1362970e-02
-2.2857210e-02
-2.4324690e-02
-2.6714940e-02
-2.4706760e-02
-2.0003220e-02
-1.4998200e-02
-8.7372480e-03
-2.9967380e-03
8.6995990e-04
4.6371700e-03
2.8385490e-03
-1.8078680e-05
-2.9858490e-03
-6.0118590e-03
-1.4055760e-03
2.9574490e-03
4.2686760e-03
4.0917400e-03
-1.6213100e-03
-6.5784560e-03
-8.5163270e-03
-5.4370730e-03
-1.1373870e-03
1.8572500e-04
-8.5763840e-04
-1.4040070e-03
-1.4133010e-03
-7.0763020e-04
-2.5811280e-03
-7.1813310e-03
-1.0130480e-02
-1.0154150e-02
-8.4748300e-03
-4.6170100e-03
-5.4402730e-04
-4.2215370e-04
-1.6521880e-03
-1.3028440e-03
8.7889500e-04
3.9160730e-03
4.1972890e-03
5.9688550e-03
6.7615050e-03
9.8718570e-03
9.8248880e-03
1.2014710e-02
1.4441210e-02
1.2676790e-02
1.2601990e-02
1.1929770e-02
1.1497650e-02
9.7355950e-03
1.2141460e-03
-4.1229730e-03
-7.5146310e-03
-4.0590290e-03
-4.3633550e-03
-3.9891160e-03
-7.3445590e-04
2.3391380e-03
6.9127150e-03
1.1674460e-02
1.3461890e-02
1.5604450e-02
1.7900940e-02
1.8585220e-02
1.8649400e-02
2.0447600e-02
2.1951730e-02
2.1463190e-02
1.7950330e-02
1.6143010e-02
1.4525790e-02
8.4541930e-03
2.9003820e-03
-3.6051610e-03
-1.0379850e-02
-1.2799630e-02
-1.4745080e-02
-1.1885990e-02
-8.1657140e-03
-2.9190960e-03
2.9972670e-04
8.3215240e-04
-3.2640320e-03
-4.7603490e-03
-7.1929970e-03
-7.0132810e-03
-3.3291070e-03
-3.7931350e-03
-3.7902870e-03
-7.1463590e-03
-9.1896080e-03
-9.9738680e-03
-9.4733050e-03
-7.0803530e-03
-6.6569750e-03
-6.1258720e-03
-6.2411280e-03
-6.0567490e-03
-2.7267160e-03
-9.6185950e-04
-4.2733230e-03
-4.6008750e-03
-4.6579700e-03
-6.7628020e-03
-8.6961900e-03
-1.0744420e-02
-1.3430140e-02
-1.7026630e-02
-1.6999130e-02
-1.4912190e-02
-1.3888300e-02
-1.2569420e-02
-8.0855790e-03
-2.4435820e-03
1.7897430e-03
3.6924350e-03
3.4819290e-03
2.8979780e-03
1.9494700e-03
3.4528870e-03
5.0288300e-03
6.6507070e-03
5.8143890e-03
-3.9018750e-04
-2.1043050e-03
-4.1739900e-03
-6.1113900e-03
-7.9320840e-03
-8.4812990e-03
-8.8615750e-03
-7.9716370e-03
-5.0902960e-03
1.3412770e-04
4.7066020e-03
8.0190440e-03
9.6076070e-03
8.6393650e-03
5.4898560e-03
5.1276680e-03
6.7355090e-03
6.3116400e-03
6.1085730e-03
6.4920860e-03
6.8202800e-03
5.4545250e-03
4.4279620e-03
3.0476510e-03
-2.3562280e-04
-2.6515210e-03
-2.0881880e-03
-2.0066770e-03
2.1298620e-04
-7.7433540e-04
-8.6795380e-03
-1.4751680e-02
-1.7092780e-02
-1.3317140e-02
-8.3630860e-03
-2.5394780e-04
7.3128160e-03
1.1048760e-02
1.2399380e-02
1.6270930e-02
1.8067750e-02
1.6250640e-02
1.3491020e-02
8.2453310e-03
2.4746790e-03
-1.4311800e-03
-3.8070200e-03
-2.2329550e-03
-8.7943260e-04
-2.0347120e-04
-4.6184000e-04
-2.7777160e-03
-4.7818070e-03
-4.9729520e-03
-6.8379480e-04
7.6457680e-03
1.3459770e-02
1.4054140e-02
1.4258890e-02
1.4664180e-02
1.4423350e-02
1.1716710e-02
4.8808000e-03
-2.1452190e-03
-7.6066190e-03
-6.0281420e-03
-6.7985740e-03
-4.4188030e-03
1.4501500e-03
5.8026130e-03
8.7702290e-03
1.1552440e-02
1.3064460e-02
1.2950330e-02
1.1830270e-02
1.3041900e-02
1.4055110e-02
1.2876060e-02
1.1972760e-02
1.0323060e-02
8.3109410e-03
6.8733580e-03
7.0294350e-03
8.8032510e-03
1.3641240e-02
1.5466440e-02
1.6752730e-02
1.5331750e-02
1.2232000e-02
1.2433280e-02
1.3208550e-02
1.2392760e-02
9.1769860e-03
2.4117220e-03
-2.1004170e-03
-4.5241180e-03
-6.3884560e-03
