0.01
1.9958710e-03
1.7216650e-03
-5.5075540e-04
-2.0062700e-03
-1.6122180e-03
-1.6388330e-03
-4.6151830e-04
1.7032920e-03
9.8651010e-04
-3.9191490e-04
-4.2304360e-04
1.1177830e-03
1.9050940e-03
-7.6872980e-04
-4.7815920e-03
-8.3340270e-03
-5.8799470e-03
-7.1211730e-04
5.5634630e-04
5.6219840e-04
6.9968180e-05
-3.9168130e-03
-8.1129870e-03
-5.7349410e-03
1.3812960e-03
8.0718170e-04
-2.4431300e-03
-3.2788790e-03
4.0537250e-06
6.0569510e-03
7.4670520e-03
2.4613290e-03
2.2533980e-03
5.5671830e-03
5.1398940e-03
-2.7476440e-04
-2.1635460e-03
7.5247980e-03
3.0670490e-03
-1.4043580e-02
-2.3621500e-02
-8.8092000e-03
1.5313160e-02
1.1728720e-02
6.8012780e-03
9.1221110e-03
1.2243700e-02
1.4494240e-02
5.2360010e-03
-2.0681030e-05
6.0595960e-03
1.1463540e-02
7.8501660e-03
-4.4399310e-03
-2.6720320e-02
-3.1283840e-02
-9.3478450e-03
3.4607350e-03
5.5710890e-03
-5.1988730e-03
-1.6168420e-02
-1.5133830e-02
-4.1987920e-03
2.5147140e-02
2.5613960e-02
7.7404700e-03
-3.8347950e-04
9.3358380e-03
9.3555870e-03
-9.5961120e-03
-2.0732410e-02
-2.4539380e-02
-2.0213420e-02
-1.2296500e-02
-1.2896130e-03
7.5595120e-03
1.7250190e-02
2.8889970e-02
2.0482850e-02
1.7550590e-03
-1.3080340e-02
-1.7237600e-02
-1.2870840e-02
-7.0896280e-03
-4.4881790e-04
-3.6210380e-03
-1.7226720e-02
-1.1605830e-02
1.5176910e-03
3.9115660e-03
7.0033950e-03
8.6948200e-03
9.4409370e-03
9.9448210e-03
-2.5749260e-03
-2.5775110e-03
5.4663280e-03
-3.8368090e-03
-1.6330420e-02
-6.7035200e-03
1.4435930e-02
1.4777450e-02
7.3542030e-03
1.0264660e-02
7.2289560e-03
1.0593380e-02
1.4860520e-02
-3.3845990e-03
-2.1843210e-02
-1.1720210e-02
5.3933170e-03
1.2124790e-02
1.1148070e-02
9.5026870e-03
1.4820070e-02
1.2557830e-02
-1.0261530e-02
-2.8058430e-02
-2.1584300e-02
4.0321890e-03
4.5029110e-03
-2.0835180e-03
-1.2710210e-02
-1.7603510e-02
8.4023860e-04
4.9975070e-03
4.1291110e-03
8.2926020e-03
3.1233510e-03
-9.6359950e-03
-1.7117250e-02
-7.5733960e-03
-2.1850380e-05
8.3631890e-03
2.4908320e-02
1.3448320e-02
-8.1980600e-03
-9.3682780e-03
-8.9586220e-03
-6.9887180e-03
-4.0293870e-04
1.5384520e-02
2.1471670e-02
1.1123610e-02
1.9369560e-04
-1.9118190e-02
-2.3259180e-02
5.1187370e-03
2.0557650e-02
5.4001520e-03
-1.3423170e-02
-1.4654350e-02
-1.7297160e-02
-1.8154510e-02
-3.4545640e-03
1.0533470e-02
1.5312920e-02
1.5117910e-02
9.8458540e-03
-6.0625510e-03
-1.4780220e-02
-1.0291990e-02
1.8982570e-03
1.6621830e-02
1.9878340e-02
1.4366980e-02
8.1148150e-03
4.6884120e-03
-9.6108000e-03
-3.6401190e-02
-4.2764760e-02
-2.5837440e-02
1.1235280e-02
2.9261750e-02
1.5876470e-02
-2.9965270e-04
-6.0614980e-03
-7.8386770e-03
-1.0777420e-02
-5.3999930e-03
1.3149400e-02
1.4638450e-02
3.7497400e-03
-5.1901200e-03
-3.4498560e-03
3.8209040e-03
9.0250910e-03
1.0611170e-02
1.1687400e-02
1.7025040e-02
1.9911700e-02
6.9334080e-03
-1.5970890e-02
-2.0744510e-02
4.3278790e-03
3.0723490e-02
3.2293910e-02
2.2920400e-02
2.7152110e-02
4.6109120e-02
4.8306970e-02
3.5246340e-02
7.1264610e-03
8.0559720e-04
7.0870530e-03
4.5135010e-03
-3.9689470e-03
-1.6906180e-02
-2.6730900e-02
-2.1094120e-02
-1.4450200e-02
-1.3389680e-02
-2.9488380e-02
-3.7282860e-02
-8.9454910e-03
1.8397910e-02
2.7029020e-02
3.4324480e-02
3.9348360e-02
5.3620290e-02
6.0974120e-02
6.2644670e-02
6.3775020e-02
7.4644100e-02
9.3987640e-02
1.0533070e-01
1.0678550e-01
1.0580030e-01
9.6658200e-02
5.5533100e-02
-5.3841230e-03
-6.6089680e-02
-9.5956390e-02
-1.0295800e-01
-8.0217730e-02
-5.1064350e-02
-3.6636820e-02
-1.3531720e-02
8.2100740e-03
9.4529460e-03
-1.7595930e-02
-5.1128320e-02
-6.2511110e-02
-3.6072270e-02
2.1831500e-02
4.9760330e-02
4.5057140e-02
2.3863320e-02
-5.6091170e-03
-2.5174690e-02
-2.5432310e-02
-3.1860370e-02
-4.5314680e-02
-4.1331940e-02
-2.4381320e-02
-3.1392850e-02
-5.5764780e-02
-6.9581490e-02
-7.4017650e-02
-6.0464430e-02
-9.5513850e-03
4.5280900e-02
6.2617140e-02
5.0558910e-02
1.4281940e-02
-2.9372180e-02
-5.9614530e-02
-6.9934350e-02
-7.9986410e-02
-1.0550460e-01
-1.1663430e-01
-1.0288360e-01
-7.8583370e-02
-3.9890470e-02
-1.9375910e-02
-2.5450830e-02
-4.5350890e-02
-5.8017020e-02
-4.1584190e-02
-1.4895140e-02
1.9507000e-02
4.4713620e-02
5.1559210e-02
4.3767440e-02
2.3203130e-02
6.2310420e-03
-1.8151110e-02
-3.2863720e-02
-2.2832220e-02
-3.4815810e-04
1.1856780e-02
1.0743410e-02
5.3560500e-03
-4.2200690e-03
-4.8394170e-03
4.1602130e-03
1.8072960e-02
3.9297200e-02
6.5260580e-02
9.5746400e-02
1.0316920e-01
7.5437550e-02
4.2324210e-02
3.2713940e-02
3.2717200e-02
3.0527280e-02
6.4345850e-03
-3.2254640e-02
-6.7176700e-02
-7.3337440e-02
-4.4898400e-02
-1.8736240e-02
4.9530530e-03
3.5274960e-02
4.1727760e-02
2.6409750e-02
1.7882570e-02
1.9283430e-02
2.5757770e-02
2.6034450e-02
7.7226750e-03
-1.6863150e-02
-2.1037650e-02
-1.0825880e-02
-1.1660510e-02
-2.1797040e-02
-3.6864220e-02
-5.0221220e-02
-3.2794830e-02
3.8201710e-04
2.7870920e-02
2.6920660e-02
1.3149100e-02
-1.0286010e-02
-3.1741280e-02
-3.2463250e-02
-2.5002390e-02
-2.4024180e-02
-3.4677780e-02
-3.2287510e-02
-1.4820670e-02
-1.5642410e-02
-2.4908910e-02
-2.7489690e-02
-1.8497340e-02
-1.5937670e-03
2.0786460e-02
4.5982930e-02
5.0242270e-02
4.1705810e-02
2.3673320e-02
3.7610220e-03
-1.1735260e-02
-1.7654480e-02
-1.0871130e-02
-1.0356940e-02
-1.7492070e-02
-2.3852740e-02
-2.4141720e-02
-6.7988360e-03
1.6188640e-02
3.6049630e-02
4.3896890e-02
5.1897810e-02
6.2009130e-02
6.0487900e-02
6.3786940e-02
6.9588490e-02
6.3066870e-02
3.9977460e-02
7.6879070e-03
-2.1555130e-02
-4.5577120e-02
-3.7808530e-02
-2.8890860e-02
-3.9326260e-02
-5.7334350e-02
-6.6970830e-02
-5.6875950e-02
-3.8463500e-02
-1.5598490e-02
-7.7885720e-04
1.0986250e-02
3.0929510e-02
4.3361350e-02
4.4507630e-02
4.5237840e-02
3.5237700e-02
5.5437580e-03
-2.1993820e-02
-2.8502810e-02
-1.4537470e-02
1.4823050e-03
6.6269660e-03
-4.7891290e-03
-2.7530660e-02
-4.7523330e-02
-4.3417610e-02
-1.9965990e-02
-3.2779990e-03
6.0159160e-03
5.6651720e-03
-4.6151020e-03
-1.2146910e-02
-9.4420120e-03
2.7647920e-03
1.3898850e-02
2.0626800e-02
2.8982600e-02
3.3571160e-02
3.2894450e-02
2.0901980e-02
5.7678410e-03
-2.1781370e-03
-5.4262640e-03
-4.5235150e-04
5.7403700e-03
4.8502200e-03
9.9066920e-04
-3.6947130e-03
-1.1423160e-02
-1.2988780e-02
-1.4906530e-03
1.2336360e-02
1.8489540e-02
1.7840340e-02
1.5287400e-02
3.8890920e-04
-1.9922580e-02
-1.7494370e-02
2.2012500e-03
1.4724750e-02
1.5972210e-02
1.5854510e-02
9.3804340e-03
4.8496100e-03
7.1408190e-03
2.5906360e-04
-1.7576340e-02
-1.8932750e-02
3.1275020e-03
1.7995350e-02
2.0157210e-02
1.7578720e-02
6.3113380e-03
-1.0474250e-02
-1.9545910e-02
-1.8915040e-02
-1.3157770e-02
-2.3852980e-03
6.5888480e-03
-1.3649540e-04
-1.3990150e-02
-1.3152150e-02
-5.2196510e-04
9.9394580e-03
1.3876830e-02
1.2258680e-02
1.0517190e-03
-9.4840550e-03
-1.6797260e-02
-2.5338420e-02
-3.1527740e-02
-2.3373840e-02
-3.5060920e-03
6.2293760e-03
-6.4788520e-03
-2.1306820e-02
-1.9187950e-02
-1.0246120e-02
-5.4568980e-05
8.0218350e-03
3.1862520e-03
-7.7045170e-03
-6.4743640e-03
-7.1267570e-04
5.1745550e-03
1.0816880e-02
1.8470140e-02
1.6771680e-02
-1.2572680e-04
-1.9934000e-02
-2.5061980e-02
-1.3643070e-02
9.5510470e-03
3.0194220e-02
3.5268400e-02
3.0361690e-02
2.0984870e-02
1.3610210e-02
4.0149910e-03
-2.0239720e-03
-3.8795010e-03
-1.0146160e-03
2.3216640e-03
3.7726850e-03
2.3380980e-04
-9.8633380e-03
-1.9498510e-02
-2.8022500e-02
-2.9494780e-02
-2.0959510e-02
-7.1624400e-03
5.5146870e-03
6.5765420e-03
3.0502510e-03
3.0862990e-03
7.6011840e-03
7.1123930e-03
-3.2978330e-03
-8.1144360e-03
-8.4845500e-03
-8.4144420e-03
-1.2401600e-02
-1.8537800e-02
-2.1466410e-02
-1.8356090e-02
-1.1485940e-02
-8.6307320e-03
-5.7336740e-03
2.9597380e-03
1.1230360e-02
1.9033550e-02
2.9328330e-02
3.9218650e-02
3.7518640e-02
3.3134070e-02
3.2516820e-02
2.4105400e-02
5.9293840e-03
-1.8469300e-02
-3.4628210e-02
-3.3279000e-02
-1.5953210e-02
1.0042160e-03
8.1059600e-03
-2.0100770e-03
-1.3887470e-02
-1.4528580e-02
-1.1004290e-02
-2.6509680e-03
7.8157710e-03
1.6154750e-02
1.9860060e-02
1.9852330e-02
1.6534790e-02
1.2170820e-02
6.3244030e-03
-1.5293690e-03
-6.7155310e-03
-9.9420880e-03
-1.5188640e-02
-1.5703450e-02
-1.0476260e-02
-3.9043860e-03
-2.8675400e-03
-8.9937840e-03
-1.3157120e-02
-1.1489600e-02
-1.6228110e-03
9.4407670e-03
1.4041020e-02
1.4127030e-02
1.3772170e-02
7.7460550e-03
-2.4699570e-03
-6.7690880e-03
-2.1443650e-03
4.2587160e-03
6.9002540e-03
6.5450160e-03
5.6413890e-03
3.5828840e-03
5.9990190e-03
8.7272360e-03
8.2619640e-03
8.7966700e-03
7.6195500e-03
3.2211230e-03
-3.3226150e-03
-5.4991690e-03
-1.3002040e-03
5.2752540e-03
1.2332600e-02
1.5865670e-02
1.0761780e-02
-1.9182580e-03
-1.3762450e-02
-2.0495960e-02
-1.9444440e-02
-1.2265550e-02
-2.5721520e-03
3.5176650e-03
5.3663980e-03
3.9292960e-03
2.8334840e-03
6.4667720e-03
1.3040620e-02
1.9821240e-02
2.1194580e-02
1.4938770e-02
8.8443760e-03
4.9518710e-03
6.1032340e-03
1.1863160e-02
1.2334040e-02
9.1431920e-03
1.0191990e-03
-8.2248960e-03
-1.2898060e-02
-1.2499060e-02
-1.1927000e-02
-1.5144080e-02
-1.6785540e-02
-1.5647100e-02
-1.4600820e-02
-1.6494690e-02
-1.8418530e-02
-1.8919620e-02
-1.5838610e-02
-8.9359400e-03
-5.6023580e-03
-9.5823690e-03
-1.1391400e-02
-2.7644630e-03
1.2900400e-02
2.6344690e-02
2.7312820e-02
1.4675210e-02
8.4128920e-04
-2.3332990e-03
1.1496200e-03
5.3516760e-03
8.2440390e-03
8.0560450e-03
5.8361570e-03
3.2811990e-03
5.6000400e-04
-1.4198510e-03
5.2042270e-04
5.7061830e-03
8.9587730e-03
7.1635620e-03
5.0808470e-03
3.8454730e-03
4.9307760e-03
6.8463640e-03
2.1369300e-03
-6.0092930e-03
-1.0478980e-02
-9.1537340e-03
-4.6566380e-03
-9.6835170e-04
1.3973280e-03
4.5987040e-03
9.3526400e-03
1.0107730e-02
4.8429520e-03
-2.4037950e-03
-2.5338050e-03
6.6594130e-03
1.6702960e-02
1.9761290e-02
1.3347210e-02
4.1028130e-04
-8.0963810e-03
-1.5244750e-02
-1.7396270e-02
-1.2788480e-02
-5.9949350e-03
-3.7723950e-03
-9.9910940e-03
-1.6358400e-02
-1.8065460e-02
-1.4867980e-02
-7.5908890e-03
-1.0933230e-03
-9.3365110e-04
-6.5592960e-03
-6.7161140e-03
-1.5732800e-04
7.5557080e-03
1.3250190e-02
1.4562450e-02
1.3359830e-02
1.1136840e-02
7.9847690e-03
8.0163500e-03
1.0440330e-02
1.2359650e-02
1.0872960e-02
1.9320860e-03
-4.1172500e-03
-3.5467180e-03
-2.8926030e-03
-4.9954230e-03
-7.6288590e-03
-7.4006440e-03
-1.5843500e-03
7.1705720e-03
1.1685830e-02
9.6040670e-03
4.0267570e-03
-4.0441320e-03
-1.1810250e-02
-1.7041460e-02
-2.2127670e-02
-2.2754320e-02
-1.7330300e-02
-1.1739440e-02
-9.5160520e-03
-9.2791490e-03
-8.2926740e-03
-6.1572240e-03
-5.2240580e-03
-3.9358340e-03
3.3092790e-04
6.3534310e-03
9.8864760e-03
1.1715900e-02
1.2279940e-02
1.4541350e-02
1.5829620e-02
1.6145350e-02
1.5147900e-02
1.3157620e-02
1.1431670e-02
6.6631360e-03
-2.7760490e-04
-8.7331850e-03
-1.1985150e-02
-9.5318590e-03
-4.3067820e-03
-3.7054360e-03
-1.1654030e-02
-2.0623410e-02
-2.0580060e-02
-1.6110090e-02
-1.4527750e-02
-1.5938500e-02
-1.3989960e-02
-6.1481360e-03
2.5294950e-03
4.8923530e-03
4.1928400e-03
5.0753750e-03
1.0784820e-02
1.7529890e-02
2.0282650e-02
2.1732100e-02
1.9110510e-02
1.3427840e-02
7.7681720e-03
5.5031590e-03
5.5367110e-03
6.6149100e-03
3.9346720e-03
-1.1810570e-03
-3.8071620e-03
-6.0741610e-03
-7.9097530e-03
-9.5169970e-03
-6.5444690e-03
-3.6593230e-05
1.5038660e-03
1.2587220e-03
1.6066780e-03
-6.9199870e-05
-3.6659940e-03
-6.8713120e-03
-8.5670790e-03
-8.0736600e-03
-5.2700830e-03
-2.3535140e-03
-8.1223070e-04
7.6200270e-04
5.0075730e-03
8.4073270e-03
8.7510030e-03
4.3684080e-03
-3.2602430e-03
-1.0101540e-02
-9.5765300e-03
2.2258790e-04
1.5711570e-02
2.7562740e-02
3.0787970e-02
2.7257300e-02
2.3785540e-02
1.9099170e-02
6.9799240e-03
-4.2885670e-03
-1.1614580e-02
-1.2072330e-02
-4.8826800e-03
-4.2256950e-04
-5.9013120e-03
-1.6587480e-02
-1.9029650e-02
-1.7346980e-02
-1.4951720e-02
-1.2913730e-02
-1.1037890e-02
-1.0959230e-02
-9.5329040e-03
-4.7745370e-03
-1.0459230e-03
-1.4063830e-05
9.2232640e-04
2.6004050e-03
6.0844150e-03
1.0204810e-02
1.2995580e-02
8.9182080e-03
-1.3066160e-03
-7.1002620e-03
-4.1062810e-03
2.1265760e-03
7.9209990e-03
1.0394650e-02
7.1837790e-03
2.2385400e-03
-2.3922710e-03
-5.7050110e-03
-8.8740170e-03
-1.0784630e-02
-1.0233730e-02
-7.8087380e-03
-3.9549100e-03
-6.2203210e-04
7.7936070e-04
7.3328760e-04
1.5674870e-03
2.8339610e-03
4.9686570e-03
8.3989450e-03
9.2686910e-03
8.5542460e-03
8.7018390e-03
6.9220500e-03
5.2596760e-03
3.8273800e-03
3.8352630e-03
2.5808830e-03
-2.0740570e-03
-7.5893640e-03
-9.7187800e-03
-6.2335790e-03
-2.2794040e-03
-1.3398100e-03
-6.2980570e-03
-1.3057230e-02
-1.5541470e-02
-9.8446270e-03
-2.5648530e-03
3.5508440e-04
2.1825400e-03
6.8877970e-04
-1.2759260e-03
-1.0415460e-03
-4.7081380e-04
-2.5891240e-03
-2.7056910e-03
1.1355580e-03
4.6462170e-03
4.7212000e-03
3.9327700e-03
5.7300920e-03
8.0435340e-03
6.5467880e-03
1.9505360e-03
-2.0185820e-03
-3.1617550e-03
-5.3380540e-03
-9.5755060e-03
-1.2248900e-02
-8.8551300e-03
-2.8328110e-03
2.1010420e-04
-6.2386250e-05
-2.1375660e-03
-2.8516730e-03
-9.7913550e-04
8.8963050e-05
1.6243320e-03
4.3829350e-03
6.4084220e-03
7.0979920e-03
7.8284970e-03
8.1912980e-03
7.0160790e-03
3.9807680e-03
1.4006320e-04
1.2518910e-03
5.3048080e-03
7.3014260e-03
4.8848360e-03
2.1230370e-03
7.5117740e-04
-1.8139460e-04
-2.4980500e-03
-6.7780990e-03
-9.8163120e-03
-1.2502430e-02
-1.3098900e-02
-1.2073040e-02
-9.6645800e-03
-8.4801140e-03
-8.0645000e-03
-6.8744180e-03
-6.2732400e-03
-5.9151280e-03
-5.4736980e-03
-6.6817570e-03
-8.1730030e-03
-6.0350900e-03
-1.1162720e-03
2.5209150e-03
3.3893790e-03
3.2100240e-03
6.0123310e-05
-5.3804800e-03
-1.0410150e-02
-1.2790030e-02
-1.2257510e-02
-1.0459050e-02
-6.8080830e-03
-3.8803620e-03
-3.0651340e-03
-2.2051970e-03
4.3162080e-04
4.3573600e-03
8.2130940e-03
1.0671220e-02
9.0515420e-03
5.7240970e-03
3.0095300e-03
2.0516120e-03
3.6155130e-03
3.3092150e-03
3.0907720e-03
5.1665840e-03
9.8813750e-03
1.0082070e-02
2.7696760e-03
-5.2316350e-03
-8.9209340e-03
-8.8240440e-03
-5.8721070e-03
-3.5527280e-03
-3.2838090e-03
-1.4345170e-03
-1.1045110e-03
-3.1094520e-03
-3.6713420e-03
-6.3539310e-04
3.6156540e-03
6.8171180e-03
6.5836450e-03
3.1954930e-03
5.0236830e-04
-9.1158710e-04
-9.2039020e-04
2.2385940e-04
1.1116570e-03
-2.0461770e-03
-4.3325370e-03
-4.2951950e-03
-3.2029090e-03
-1.6814660e-03
1.9400520e-03
6.6197770e-03
1.0228940e-02
1.0915490e-02
1.0323720e-02
8.7032070e-03
7.7965770e-03
6.9401030e-03
4.5688160e-03
2.8723100e-03
2.6687430e-03
3.3747220e-03
4.6245150e-03
5.7057930e-03
4.4197480e-03
-2.4738090e-05
-4.5168030e-03
-6.6597480e-03
-6.0302050e-03
-4.9746240e-03
-3.3571070e-03
-1.3768940e-03
1.1578760e-03
3.8642300e-03
5.7387490e-03
6.6651760e-03
7.0123480e-03
7.6548650e-03
8.1695290e-03
7.4942860e-03
5.2585330e-03
1.5271200e-03
-3.1817900e-03
-7.0453680e-03
-8.5444270e-03
-8.3954950e-03
-8.4575240e-03
-9.1416810e-03
-8.4659220e-03
-6.7668800e-03
-5.7031670e-03
-4.1116850e-03
-1.3226710e-03
1.1445730e-03
1.1078000e-03
-6.0086500e-04
-1.9700960e-03
-2.2544110e-03
-1.0717370e-03
1.7127950e-03
4.0179280e-03
4.8949910e-03
4.1015300e-03
4.2413000e-03
2.7980550e-03
8.6589390e-04
7.0596470e-04
-2.9849650e-05
-1.9921780e-04
-1.9605100e-03
-5.0197880e-03
-6.7485690e-03
-6.3347670e-03
-4.6538330e-03
-3.0246530e-03
-9.4243520e-04
-1.3023540e-03
-2.2899130e-03
-1.8745120e-03
-9.4670000e-04
6.2216100e-04
2.1697450e-03
3.3485590e-03
2.6145420e-03
1.6518510e-03
1.0099810e-03
7.0765370e-04
9.8426510e-04
1.6109930e-03
4.3601750e-04
-3.0323050e-03
-6.2034290e-03
-7.8911140e-03
-8.7983910e-03
-8.5990540e-03
-5.5135880e-03
-1.6635140e-03
-2.6513200e-04
-4.7197850e-04
4.0125780e-04
3.8227810e-03
7.4967040e-03
1.0885020e-02
1.1289200e-02
9.3452750e-03
7.1145390e-03
5.6132410e-03
5.1471760e-03
3.6799110e-03
6.0882860e-04
-1.8428440e-03
-2.3240700e-03
-2.6980100e-03
-3.3416780e-03
-3.7301030e-03
-4.0995630e-03
-2.6311810e-03
4.5223420e-04
4.0287340e-03
7.9195760e-03
1.0285260e-02
1.1013150e-02
1.1995010e-02
1.2163370e-02
1.0439150e-02
8.4324700e-03
6.2859860e-03
4.4075040e-03
3.4789270e-03
2.1671810e-03
1.5365980e-03
9.7295050e-04
1.6778110e-04
-2.5911960e-03
-4.2512380e-03
-3.8083340e-03
-3.6639720e-03
-2.3331570e-03
-6.9365880e-04
4.5174580e-04
-2.9040080e-04
-3.8327860e-03
-6.8981060e-03
-6.4990580e-03
-3.9516680e-03
-2.3339440e-03
-1.4996640e-03
-9.5173390e-04
6.2663690e-04
3.9195880e-03
5.3960490e-03
5.7602340e-03
4.9946040e-03
5.3129510e-03
5.2162010e-03
2.8667910e-03
8.3544500e-04
-4.1308140e-04
-4.8954440e-04
-2.0397300e-03
-4.1798870e-03
-6.2081930e-03
-6.7846730e-03
-6.2926720e-03
-6.2896270e-03
-5.9524120e-03
-5.6871040e-03
-4.9186330e-03
-4.5048110e-03
-3.6838290e-03
-1.1440880e-03
1.7770750e-03
5.2199360e-03
6.4986060e-03
6.1230520e-03
6.0017450e-03
6.3612180e-03
7.9398700e-03
9.0337990e-03
8.2335900e-03
3.9599300e-03
1.8107990e-03
1.4194460e-03
2.7352700e-03
3.2971750e-03
2.3910810e-03
3.2618390e-03
4.5437650e-03
6.3261890e-03
7.9533600e-03
9.1387040e-03
9.6529750e-03
8.1158550e-03
5.8781130e-03
3.1027440e-03
2.3900540e-03
2.8364890e-03
3.1047540e-03
2.2643000e-03
3.2508180e-04
-4.4325310e-04
-1.1821650e-03
-1.3663810e-03
-1.6625420e-03
-2.3230460e-03
-2.7327110e-03
-3.1472910e-03
-3.1829750e-03
-2.0220300e-03
8.7262640e-05
2.1263750e-03
3.3866120e-03
3.8214680e-03
3.6541640e-03
2.9838930e-03
8.2896760e-04
4.3416290e-04
1.9799830e-03
3.2727840e-03
3.6294920e-03
2.3409120e-03
-8.3620500e-04
-4.5287770e-03
-6.6587040e-03
-6.9220370e-03
-6.6835400e-03
-7.3120180e-03
-7.1538350e-03
-5.5237370e-03
-4.1161450e-03
-3.2444210e-03
-1.8969630e-03
1.1675580e-03
4.6055920e-03
6.4663370e-03
6.6486600e-03
5.3003910e-03
4.2835930e-03
4.3381910e-03
4.5628640e-03
5.4859920e-03
6.0633250e-03
6.2120710e-03
5.6589550e-03
4.5711420e-03
2.9626120e-03
4.0426600e-04
-2.5916980e-03
-3.9783100e-03
-4.6927120e-03
-5.1461510e-03
-4.5774910e-03
-3.7211060e-03
-2.8966160e-03
-1.5546150e-03
-6.0497580e-04
-2.5340910e-04
7.9376210e-04
2.8905350e-03
5.3829520e-03
7.0255840e-03
8.1937300e-03
8.1622630e-03
8.0456860e-03
7.2727610e-03
4.4744700e-03
1.8179490e-03
4.4044470e-04
4.2269350e-04
-4.2811860e-05
-2.3206980e-03
-2.9205190e-03
-3.3887320e-03
-4.2874560e-03
-5.5772280e-03
-7.5884370e-03
-8.1097950e-03
-6.6569040e-03
-3.2168370e-03
-3.7449830e-04
8.5591740e-04
1.0392510e-03
-3.7778910e-04
-8.0535120e-04
-1.3372050e-03
-1.3977210e-03
-1.9263130e-04
-5.1738220e-05
1.1187190e-03
2.0271500e-03
2.0808230e-03
3.6612160e-04
-5.2501790e-04
1.5780190e-04
2.4931730e-04
1.0249480e-03
1.7516440e-03
2.2057500e-03
2.3394050e-03
1.6141980e-03
1.7871800e-03
2.5409220e-03
3.0677320e-03
3.3101310e-03
2.9108900e-03
3.0163710e-03
4.1797650e-03
5.5118610e-03
6.8341310e-03
5.8540450e-03
2.6524990e-03
5.9533610e-05
-7.1660460e-04
-1.7648080e-04
2.1729090e-03
2.5752200e-03
1.9287810e-03
1.0118930e-03
-5.9983130e-04
-2.7665480e-03
-4.1556230e-03
-4.9396700e-03
-5.7005650e-03
-6.0900520e-03
-5.9120290e-03
-5.9104030e-03
-6.0362410e-03
-5.2274520e-03
-3.9579580e-03
-3.7977100e-03
-4.0843250e-03
-4.2725160e-03
-4.1313800e-03
-2.1967300e-03
-7.9262360e-05
6.6508950e-04
5.0632190e-04
3.4812590e-04
8.6106170e-04
1.6624500e-03
1.2822960e-03
-1.3903300e-04
-1.9530100e-03
-3.4357590e-03
-4.3011780e-03
-4.9441380e-03
-5.3416110e-03
-5.6113400e-03
-5.1453080e-03
-4.2235870e-03
-3.4704080e-03
-3.3106940e-03
-3.1165450e-03
-3.0760990e-03
-2.5778020e-03
-2.0604540e-03
-2.5910240e-03
-3.4860240e-03
-3.5549470e-03
-2.6841910e-03
-1.8422080e-03
-1.4476410e-03
-1.9820400e-04
2.5734670e-03
4.1981850e-03
3.3167330e-03
2.3238670e-03
2.0328020e-03
1.5085990e-03
1.1914770e-03
1.0975780e-03
5.1517640e-04
-2.8938210e-04
-1.1578770e-03
-1.6516980e-03
-1.4029660e-03
-1.5635820e-03
-9.6985590e-05
2.5124160e-03
3.4207960e-03
2.8495520e-03
1.1894540e-03
-2.3426240e-04
-4.5082580e-04
-4.5901610e-05
2.3637860e-04
1.1978220e-03
1.5950040e-03
5.6824640e-05
-1.0584540e-03
-3.5618090e-04
-1.1311180e-04
-8.9449000e-04
-1.4844500e-03
-2.6955740e-03
-3.1292270e-03
-3.3742890e-03
-3.9114890e-03
-3.3650550e-03
-2.7604840e-03
-1.5501250e-03
-3.4681180e-04
3.2531700e-04
1.3708040e-03
2.4754390e-03
3.6687410e-03
3.2960500e-03
2.4425490e-03
3.0903740e-03
3.1225810e-03
2.5185360e-03
1.1756670e-03
-9.3350360e-04
-1.6666930e-03
-1.0145920e-03
-1.9337530e-03
-3.1366710e-03
-3.8900270e-03
-3.9375050e-03
-2.9807050e-03
-1.2511320e-03
-1.9478460e-04
1.8865560e-04
7.4190450e-04
1.3690720e-03
3.1325540e-03
4.7064720e-03
5.7293500e-03
6.0007370e-03
5.1289920e-03
4.0379200e-03
2.2634250e-03
1.2264540e-03
1.1891120e-03
2.0010280e-03
3.1724510e-03
2.1270220e-03
1.1468780e-03
8.1770120e-04
2.9210110e-04
9.1202820e-04
1.4068030e-03
1.9854090e-03
3.3236190e-03
2.8979440e-03
2.4784070e-03
1.3704800e-03
1.3285300e-05
2.3134850e-04
1.8562890e-05
-2.2801720e-04
2.0820580e-05
1.5215960e-04
5.0472470e-04
3.1376480e-04
-5.8490590e-04
-1.5935750e-03
-2.1690130e-03
-1.4892410e-03
-4.7951740e-04
-5.8476330e-04
-7.1977080e-04
-6.9341060e-04
3.9230710e-04
7.5897740e-04
3.9651780e-05
-9.7700790e-05
-6.7655360e-04
1.5946040e-04
1.1070450e-03
1.3720340e-04
-4.2511800e-05
9.3067380e-04
1.8681830e-03
1.7576230e-03
-5.6001350e-04
-3.1026470e-03
-2.9706930e-03
-2.3626780e-03
-2.3098560e-03
-2.5648630e-03
-3.2392520e-03
-3.5643180e-03
-4.3753670e-03
-5.8925380e-03
-6.0636860e-03
-6.2281520e-03
-6.0320550e-03
-3.9685460e-03
-1.3982890e-03
1.2464720e-03
2.9631320e-03
2.9734030e-03
3.4552220e-03
4.0767630e-03
4.0761750e-03
2.1635200e-03
-4.7833070e-04
-1.9306220e-03
-3.6107900e-03
-3.8815630e-03
-4.2602170e-03
-4.9631830e-03
-3.2544890e-03
-1.5645630e-03
4.9677240e-04
1.6924220e-03
1.2910600e-03
7.6239520e-04
4.8158960e-04
4.9428520e-04
-8.3739470e-06
-4.7115650e-04
-1.4324930e-04
-4.9733350e-05
-1.9100020e-03
-3.8380680e-03
-4.8846410e-03
-5.1845360e-03
-4.9744490e-03
-4.8479770e-03
-4.3983170e-03
-3.9832640e-03
-3.3887720e-03
-2.9261840e-03
-2.2409810e-03
-1.7103620e-03
-1.2861930e-03
-1.4865900e-03
-2.1763420e-03
-2.6130010e-03
-1.7472610e-03
-1.2869130e-03
-5.4977830e-04
-9.5844190e-05
-4.7068030e-04
-3.0290220e-04
-8.0509820e-04
-1.2914700e-03
-8.1929010e-04
-6.7404330e-04
3.7536590e-04
8.9771160e-04
-2.8672130e-04
-1.2460180e-03
-1.6032370e-03
-9.9870960e-04
-6.3755000e-04
-1.4143890e-03
-1.7710620e-03
-1.1669750e-03
-1.6217920e-03
-1.2666150e-03
-6.2927220e-04
-2.4949620e-04
1.9055770e-04
-5.6034600e-04
-1.6317920e-03
-2.1853610e-03
-2.5853260e-03
-8.4878840e-04
5.7655660e-04
8.9071530e-04
2.9586000e-03
4.2215320e-03
3.4801200e-03
3.2400370e-03
2.5513030e-03
2.3679840e-03
2.9900770e-03
1.9688030e-03
4.7375830e-04
-9.8777340e-04
-2.7610730e-03
-3.9497670e-03
-3.6908630e-03
-4.3988900e-03
-3.9469300e-03
-3.0971910e-03
-2.8440990e-03
-1.9855060e-03
-1.8575880e-03
-1.8238300e-03
-1.0363150e-03
-1.1356200e-03
-1.1203440e-03
-8.8908760e-04
-1.6229960e-03
-2.4242040e-03
-2.3084000e-03
-1.4964690e-03
-1.2879980e-03
-2.5309290e-03
-2.8385660e-03
-1.3428910e-03
-2.1447240e-04
1.3746530e-03
1.8953980e-03
1.5264780e-03
3.1024170e-03
2.8817820e-03
1.7304040e-03
2.0003510e-03
1.8960180e-03
1.8753700e-03
1.5120280e-03
7.1067810e-04
5.7338970e-04
8.6816510e-04
6.3162170e-04
9.3075590e-04
1.2650270e-03
6.9859990e-04
-3.3549290e-04
-6.0370670e-04
-8.7855940e-04
-1.0226960e-03
-3.3619950e-04
6.3180600e-04
1.6596650e-03
2.5609160e-03
3.3268770e-03
4.1013290e-03
4.3396470e-03
4.4644440e-03
4.5353290e-03
3.8478170e-03
2.7618220e-03
1.0759920e-03
-1.1873250e-04
-3.1860390e-04
-5.1912250e-04
1.3423000e-04
3.4055210e-04
2.7044710e-04
2.0792970e-03
2.5826370e-03
2.1880270e-03
2.0689220e-03
2.1301890e-03
2.0610800e-03
9.1933670e-04
-4.4884860e-04
-1.2191580e-03
-2.1017870e-03
-1.3663320e-03
-1.2935960e-03
-3.6958180e-03
-4.7940030e-03
-5.4689420e-03
-5.0259250e-03
-3.4213540e-03
-2.9447880e-03
-2.6423000e-03
-2.2723710e-03
-2.1824130e-03
-1.3732710e-03
-4.8177760e-04
-5.1324230e-04
-1.6664290e-04
2.6445290e-04
8.1679800e-04
1.6805770e-03
2.3622370e-03
2.7763110e-03
3.2777850e-03
3.5486730e-03
2.9927630e-03
2.0229110e-03
1.4804570e-04
2.0457470e-04
8.9570630e-04
7.6054840e-04
9.4181050e-04
3.5268100e-04
5.2523430e-04
8.8399060e-04
3.0391840e-04
6.3883320e-04
1.1688690e-03
1.2414560e-03
1.4962430e-03
1.9301760e-03
2.2865170e-03
3.2036100e-03
3.1784060e-03
2.6199790e-03
2.7875510e-03
2.4825640e-03
7.5745370e-04
-6.0296500e-04
-1.7018140e-03
-2.8013060e-03
-3.1280640e-03
-4.0680790e-03
-4.2428700e-03
-2.5817480e-03
-1.1069520e-03
-6.3420830e-04
-3.2202440e-05
3.6937380e-04
5.7451670e-04
1.4389710e-04
5.4572110e-06
2.6487830e-04
5.5251610e-04
9.9982210e-04
1.8460140e-03
2.6742790e-03
2.6561770e-03
1.5472390e-03
4.7306710e-04
6.0631060e-04
2.0254300e-03
3.7844700e-03
3.3195890e-03
1.6429380e-03
2.8314650e-04
-1.0279760e-03
-1.9818090e-03
-2.3946550e-03
-2.1895650e-03
-2.0541530e-03
-1.7763890e-03
-1.3108770e-03
-9.7198550e-04
-1.4341920e-03
-1.6335310e-03
-1.3631020e-03
-1.5933830e-03
-2.5655120e-03
-3.0476030e-03
-2.4206850e-03
-2.4561360e-03
-2.5216800e-03
-1.1209030e-03
-7.6193570e-04
-1.0773070e-03
-1.0847340e-03
-1.1202210e-03
-1.0447190e-03
-4.0418280e-04
-7.9713050e-04
-6.2301550e-04
-3.5286240e-04
-1.9833610e-03
-3.0997710e-03
-3.5435780e-03
-3.8385250e-03
-2.9740060e-03
-3.0405640e-03
-2.9649030e-03
-2.7415980e-03
-2.6719750e-03
-2.4055570e-03
-2.0728760e-03
-1.3647110e-03
-2.4015730e-04
3.1183550e-04
-8.0031260e-04
-6.6730740e-04
-2.6885790e-04
4.5734260e-04
1.2530150e-03
2.0109710e-03
2.4246150e-03
2.0100370e-03
1.3079630e-03
9.6483610e-04
8.5953240e-04
6.2938420e-04
5.8132730e-04
3.5486320e-04
1.1742650e-04
8.2410930e-04
5.3187070e-04
-2.0334790e-04
-1.1114430e-04
1.9999070e-04
3.1236420e-04
6.9851710e-04
8.2462140e-04
1.6019440e-03
2.4251780e-03
1.3629210e-03
1.1586060e-03
1.5801700e-03
1.0993910e-03
6.6228700e-04
5.5485190e-04
4.6265870e-04
9.9954010e-04
2.8441880e-04
-8.7170130e-04
-1.7780510e-04
4.2024450e-04
3.1582590e-04
4.0279090e-04
8.5191850e-05
3.4499980e-04
8.1656370e-04
4.9597870e-04
4.5540650e-04
1.2491550e-03
1.3182210e-03
1.6919520e-03
2.8625180e-03
3.5715920e-03
3.5341320e-03
2.9072240e-03
2.1765760e-03
1.2893680e-03
3.8808630e-04
-3.7783700e-06
5.3485670e-05
-1.0762790e-03
-1.9321060e-03
-2.0547810e-03
-2.1202400e-03
-2.4235700e-03
-2.8498160e-03
-2.4783500e-03
-1.5818900e-03
-9.8847500e-04
-7.7004300e-04
-2.7748180e-04
8.4520650e-04
1.4149390e-03
2.2994120e-03
2.7966330e-03
1.9448980e-03
1.7308450e-03
8.7706240e-04
-8.8069660e-05
-4.1609590e-04
-9.8681560e-04
-6.8616790e-04
4.0199660e-05
-1.9249090e-04
-3.7481870e-04
2.6656250e-04
1.0364020e-03
2.0480310e-03
3.1100340e-03
2.4470700e-03
2.9472320e-03
4.0274950e-03
3.7928670e-03
3.5349940e-03
2.8595830e-03
1.5219430e-03
1.1332860e-03
4.1054260e-04
-6.5038600e-04
-1.0655210e-03
-2.0060930e-03
-2.8348630e-03
-3.0798950e-03
-2.8320540e-03
-2.2595170e-03
-2.0621910e-03
-2.2337300e-03
-1.5534540e-03
-8.8665700e-04
-9.6636430e-04
-8.4222790e-04
-4.9526700e-04
-1.3476550e-04
-4.1342380e-05
1.2326570e-05
-2.5050450e-04
-6.3528710e-04
-8.9610040e-04
-1.2927240e-03
-1.8302400e-03
-2.2232990e-03
-2.7965030e-03
-2.2378410e-03
1.7431970e-04
8.3979790e-04
9.1565300e-04
1.5558210e-03
1.4601350e-03
1.4431420e-03
1.3151820e-03
7.1767290e-04
1.0942960e-03
1.8802770e-03
1.6327690e-03
1.9173190e-03
2.4388740e-03
1.3175960e-03
1.0008760e-03
9.2934470e-04
4.7709890e-04
5.6503170e-04
-3.9542290e-04
-1.1876720e-03
-7.0710280e-04
-1.1259950e-03
-2.6519520e-03
-3.1881050e-03
-3.4543850e-03
-3.2693880e-03
-3.0901090e-03
-3.4754710e-03
-3.2509510e-03
-3.1104930e-03
-3.1157990e-03
-2.8431440e-03
-2.3254830e-03
-1.7554770e-03
-1.1078050e-03
-5.3653060e-05
9.9342480e-04
7.7829440e-04
2.1741860e-04
1.3724010e-04
4.1236040e-04
8.3120550e-04
9.7648500e-04
9.9799610e-04
5.4393830e-04
3.8933240e-05
-5.1657270e-04
-1.4187450e-03
-2.5911920e-03
-2.3617430e-03
-2.4956450e-03
-2.4073020e-03
-2.6035060e-03
-3.3386610e-03
-2.7278580e-03
-2.4572810e-03
-2.7050680e-03
-1.7264890e-03
-1.0675580e-03
-1.2922920e-03
-9.6043830e-04
-4.2415360e-04
-9.9238140e-04
-1.3177960e-03
-1.1949310e-03
-1.2380940e-03
-4.5260330e-04
-2.2829510e-05
-2.4298130e-04
-2.8369990e-04
-3.2115010e-04
-8.5847370e-04
-5.4321720e-04
1.3104490e-04
-1.4290940e-04
3.2356600e-05
1.2073120e-03
1.2427640e-03
1.3193640e-03
1.5830050e-03
1.7567100e-03
2.7245900e-03
2.4620480e-03
1.6378720e-03
1.1992980e-03
8.4383530e-04
8.2981800e-04
8.4805260e-04
7.7948640e-04
-2.1774180e-04
-1.2028030e-03
-8.3745160e-04
-1.3523940e-03
-2.3157010e-03
-1.8511880e-03
-1.1007020e-03
-7.9182560e-04
-3.3213890e-04
-1.4294850e-03
-1.7355720e-03
-7.1543190e-04
-5.8853070e-04
-1.0067930e-04
7.9224840e-04
1.5114920e-03
1.9514650e-03
3.0368700e-03
3.5106560e-03
3.1546000e-03
3.3137870e-03
3.9924870e-03
3.6382950e-03
2.9480230e-03
2.8399200e-03
2.2289580e-03
1.2625780e-03
1.1019720e-03
6.4101740e-04
2.3720130e-04
-1.6848270e-04
-9.3535190e-04
-9.2560710e-04
-4.8764540e-04
-1.4559240e-03
-2.1050770e-03
-1.9358880e-03
-1.5156720e-03
-1.0857690e-03
-4.5669560e-04
-1.3242430e-04
-1.1139680e-04
-4.5113790e-05
4.0452210e-04
6.2736020e-04
6.0633090e-04
6.8684170e-04
9.0041700e-04
2.3785350e-04
-3.4569820e-04
4.4469970e-05
5.1869620e-04
7.4704710e-04
8.8966150e-04
1.0216680e-03
8.2580760e-04
6.7605450e-04
7.6051990e-04
6.6237790e-04
1.3034390e-04
3.3331560e-04
5.9274090e-04
6.5777650e-04
1.8503180e-03
3.0106410e-03
2.9218050e-03
2.8309810e-03
2.6580360e-03
2.1964800e-03
2.1392350e-03
2.7700110e-03
2.8311020e-03
1.7482620e-03
1.5222840e-03
