0.01
4.2381360e-02
4.8409760e-02
5.3980510e-02
5.7744460e-02
5.9734170e-02
6.2188540e-02
6.1912080e-02
6.3598010e-02
6.0570860e-02
5.3269620e-02
4.3108740e-02
3.3201870e-02
1.9632530e-02
5.8110190e-03
-2.2271250e-03
-7.6662370e-03
-1.7877330e-02
-2.9727430e-02
-4.2087840e-02
-4.7648430e-02
-5.1990870e-02
-5.7202950e-02
-6.0641420e-02
-6.6171720e-02
-7.2650370e-02
-7.5585190e-02
-6.8301950e-02
-5.4179940e-02
-4.3566550e-02
-3.9419730e-02
-3.7353690e-02
-3.7239390e-02
-3.7997550e-02
-3.8959370e-02
-4.1478840e-02
-4.4824790e-02
-4.9015050e-02
-5.2038810e-02
-5.6189240e-02
-5.6353220e-02
-5.2552300e-02
-4.3362050e-02
-3.6125920e-02
-3.0745440e-02
-2.4456440e-02
-1.8709220e-02
-1.0840050e-02
-5.3969710e-03
4.4861790e-03
1.8322750e-02
3.4688180e-02
5.0795210e-02
7.2112600e-02
9.3573480e-02
1.1608330e-01
1.3401020e-01
1.4294730e-01
1.4721470e-01
1.4716360e-01
1.4503730e-01
1.3700250e-01
1.2747490e-01
1.2070410e-01
1.1849050e-01
1.1624960e-01
1.1298190e-01
1.0975090e-01
1.0586590e-01
9.8735110e-02
9.2842050e-02
8.1060230e-02
7.0191990e-02
5.9330300e-02
5.5301670e-02
4.9988180e-02
4.5600130e-02
4.0715100e-02
3.7450180e-02
3.2878980e-02
2.5782010e-02
1.2717880e-02
-5.7028970e-03
-2.5564360e-02
-4.3795080e-02
-6.0629520e-02
-7.1446110e-02
-7.0823860e-02
-6.4638390e-02
-5.8259080e-02
-5.4404260e-02
-5.2097670e-02
-5.1390770e-02
-5.4027930e-02
-5.7021870e-02
-5.8470990e-02
-5.3672490e-02
-4.5610890e-02
-3.2297720e-02
-2.5933270e-02
-2.4385190e-02
-2.5481430e-02
-2.3336630e-02
-2.4303930e-02
-2.5906260e-02
-3.0485380e-02
-3.4592910e-02
-3.6987930e-02
-4.0384330e-02
-4.1242160e-02
-4.3896520e-02
-5.0460280e-02
-6.0401160e-02
-6.7966790e-02
-7.2108660e-02
-7.2698490e-02
-7.4148520e-02
-7.7184280e-02
-8.0715730e-02
-8.6429510e-02
-9.3142640e-02
-9.9393850e-02
-1.0298730e-01
-1.0621400e-01
-1.0181570e-01
-9.3925070e-02
-7.9976840e-02
-6.6017970e-02
-5.4896910e-02
-4.7146870e-02
-4.4022560e-02
-4.2541740e-02
-4.5249240e-02
-4.9408080e-02
-5.1413960e-02
-4.7961700e-02
-4.1834140e-02
-3.6719690e-02
-3.1207230e-02
-2.6022550e-02
-1.8262990e-02
-7.6068050e-03
3.6747050e-03
1.6427420e-02
3.4241360e-02
5.0731030e-02
6.7266000e-02
7.7703540e-02
8.3799040e-02
8.6837410e-02
8.9622690e-02
9.4554150e-02
1.0380930e-01
1.0983420e-01
1.1295510e-01
1.1049840e-01
9.8194700e-02
8.0947850e-02
6.1844480e-02
4.5680750e-02
3.1839150e-02
2.1129120e-02
1.4895050e-02
9.9627510e-03
6.6567590e-03
5.2798640e-03
5.7244810e-03
7.8453690e-03
6.7981490e-03
2.4687120e-03
-1.5290170e-03
-9.0125450e-03
-1.8249300e-02
-3.1187590e-02
-3.8170950e-02
-3.9136030e-02
-3.1618310e-02
-1.6105340e-02
-9.0473350e-04
1.1192150e-02
2.0490760e-02
2.7903200e-02
3.2309890e-02
3.3820970e-02
2.9805070e-02
2.3770060e-02
1.4589800e-02
6.0303590e-03
-2.1326760e-03
-7.3126050e-03
-1.1709380e-02
-1.7668550e-02
-2.3688870e-02
-3.4029600e-02
-4.6452100e-02
-5.3484940e-02
-5.6314150e-02
-5.6565670e-02
-5.2934640e-02
-4.5724790e-02
-3.6969080e-02
-2.8002320e-02
-2.2027780e-02
-2.0141310e-02
-1.9209250e-02
-1.8888000e-02
-1.9607650e-02
-2.4783440e-02
-3.0802380e-02
-3.1774280e-02
-2.9078000e-02
-2.3537060e-02
-1.4159520e-02
-1.0436630e-02
-8.5867440e-03
-1.1476600e-02
-1.2711100e-02
-1.4027170e-02
-1.4731540e-02
-1.6749630e-02
-2.0988330e-02
-2.4803430e-02
-2.8268000e-02
-2.9700590e-02
-3.1334540e-02
-3.2633660e-02
-2.9097380e-02
-2.1012820e-02
-9.5929420e-03
-4.2392760e-04
3.8703740e-03
4.1579100e-03
4.1334160e-04
-9.7152370e-04
-1.0226300e-03
-2.4073320e-04
-3.0792860e-03
-5.9953840e-03
-1.1730030e-02
-1.6762550e-02
-2.1055570e-02
-2.3698430e-02
-2.6983070e-02
-3.1082100e-02
-3.6555400e-02
-4.3991230e-02
-5.0266530e-02
-5.5747940e-02
-5.9199810e-02
-5.7235100e-02
-5.1884720e-02
-4.5410470e-02
-3.8358750e-02
-3.2121930e-02
-2.7132210e-02
-1.9973850e-02
-1.5466530e-02
-8.0397520e-03
-3.1592440e-03
2.4677890e-03
9.9120850e-03
1.6615200e-02
2.2509700e-02
2.7559720e-02
3.1682330e-02
3.5568310e-02
3.4752500e-02
3.2100240e-02
2.6881090e-02
2.5034710e-02
2.8126540e-02
3.6119920e-02
3.8316870e-02
3.8997390e-02
4.0441760e-02
3.6766700e-02
2.7821470e-02
1.3028790e-02
-2.9489380e-04
-1.0794820e-02
-1.7860040e-02
-2.4552990e-02
-2.6098760e-02
-2.8938560e-02
-2.7118630e-02
-2.3148800e-02
-1.8591020e-02
-1.3104010e-02
-1.0060280e-02
-8.7726410e-03
-1.0586810e-02
-1.1056910e-02
-9.4205890e-03
-3.3701270e-03
1.7453660e-03
6.3178800e-03
1.0255130e-02
1.2106830e-02
9.5793040e-03
2.3344770e-03
-1.0744080e-02
-1.9205170e-02
-2.4243690e-02
-2.3293420e-02
-1.6594480e-02
-8.9670430e-03
1.1997970e-03
8.4000310e-03
1.4099080e-02
1.6851870e-02
2.0484900e-02
2.2971540e-02
2.6045480e-02
2.5542870e-02
2.5365010e-02
2.6002490e-02
2.5608710e-02
2.5577170e-02
2.7648290e-02
3.0090500e-02
3.2919070e-02
3.6241090e-02
4.2093110e-02
4.8329800e-02
5.2244800e-02
5.4417840e-02
5.4920150e-02
5.3608330e-02
5.1825110e-02
5.1626700e-02
5.1601460e-02
5.1069700e-02
5.0954330e-02
4.7751020e-02
4.0921070e-02
3.2179510e-02
2.3521850e-02
1.6465900e-02
1.2250170e-02
1.0732170e-02
8.4244590e-03
5.8473430e-03
4.4059580e-03
4.5226290e-03
8.9993360e-03
1.6929030e-02
2.2535110e-02
2.6169590e-02
2.7741600e-02
2.7070620e-02
2.5527490e-02
2.4411390e-02
2.2046660e-02
2.3922810e-02
2.8157830e-02
3.2662770e-02
3.0657600e-02
2.7716440e-02
2.0496440e-02
1.1186340e-02
-6.0987360e-04
-1.0840790e-02
-1.8309330e-02
-2.9171590e-02
-3.7686500e-02
-4.6746740e-02
-5.4829090e-02
-6.0986640e-02
-6.5548810e-02
-6.9382130e-02
-7.4031170e-02
-7.5088000e-02
-7.5545900e-02
-7.6151300e-02
-7.8938930e-02
-7.9352880e-02
-7.5988810e-02
-6.6830750e-02
-5.9549490e-02
-5.3267700e-02
-4.9119500e-02
-4.1421310e-02
-3.1732570e-02
-2.2535810e-02
-1.8040750e-02
-1.6612220e-02
-1.6794630e-02
-1.9489600e-02
-2.0016940e-02
-2.1273500e-02
-1.9085290e-02
-1.6634040e-02
-9.6201340e-03
-2.4746900e-03
4.2033380e-03
1.0987110e-02
1.8400130e-02
2.2587890e-02
2.9269090e-02
3.3886450e-02
4.1496880e-02
4.6999250e-02
5.0397050e-02
5.2841390e-02
5.4058270e-02
5.7255400e-02
5.9768810e-02
6.1075360e-02
6.1286690e-02
6.3935450e-02
6.7050530e-02
7.1591080e-02
7.2800790e-02
7.2019680e-02
6.8635380e-02
6.1463940e-02
5.2661910e-02
4.7637490e-02
4.4484290e-02
4.3200490e-02
4.2895440e-02
3.9502590e-02
3.3871370e-02
2.2474130e-02
1.0425720e-02
1.8582620e-03
-2.9822260e-03
-3.2462690e-03
-1.4347930e-04
2.8241810e-03
4.8693840e-03
9.8797540e-03
1.5253890e-02
1.7919160e-02
1.8198790e-02
1.4295720e-02
1.4795770e-02
2.1936060e-02
2.6923550e-02
3.0335830e-02
2.8661960e-02
2.5532950e-02
2.3230120e-02
2.1177380e-02
1.6741150e-02
1.4713020e-02
1.1611020e-02
8.4364720e-03
4.3037830e-03
1.0083520e-03
-3.6311900e-03
-9.9365020e-03
-1.7681900e-02
-2.8295570e-02
-3.7873230e-02
-4.7660540e-02
-5.3380950e-02
-5.8799770e-02
-6.3015000e-02
-6.8254500e-02
-7.3977120e-02
-7.8168490e-02
-8.5443870e-02
-9.0260360e-02
-8.9102800e-02
-8.4615660e-02
-7.7180730e-02
-7.0729980e-02
-6.6889390e-02
-6.5041500e-02
-6.2009340e-02
-5.9272330e-02
-5.4543170e-02
-5.1088370e-02
-4.8668850e-02
-4.6424330e-02
-4.1687130e-02
-3.6936820e-02
-3.1329210e-02
-2.5440230e-02
-1.8469500e-02
-1.1065680e-02
-4.5217160e-03
2.7261440e-03
9.3683600e-03
1.4949050e-02
2.0895520e-02
2.4132900e-02
2.7850850e-02
3.2444080e-02
3.6374350e-02
3.7866120e-02
3.7864780e-02
3.5731620e-02
3.1935160e-02
2.6947450e-02
2.0644160e-02
1.1997610e-02
3.9228340e-03
-1.6483000e-03
-4.1651320e-03
-6.0388820e-03
-9.1048490e-03
-1.2744660e-02
-1.6835040e-02
-2.3325830e-02
-2.7377610e-02
-2.4374680e-02
-1.5550690e-02
-5.7700600e-03
3.8566760e-03
1.2677020e-02
1.9909080e-02
2.4495030e-02
2.8451030e-02
3.3504830e-02
4.0658150e-02
4.6923930e-02
5.3145790e-02
5.6440710e-02
5.8732430e-02
5.9949220e-02
6.2334590e-02
6.2514000e-02
6.0133440e-02
5.6280290e-02
5.1072340e-02
4.8128120e-02
4.6922630e-02
4.8776240e-02
5.2890910e-02
5.7100780e-02
6.0307260e-02
6.1252360e-02
6.0484470e-02
5.7401900e-02
5.4147420e-02
5.0161040e-02
4.6498390e-02
4.1249630e-02
3.4907800e-02
2.8097220e-02
1.9908560e-02
1.1532990e-02
2.0689870e-03
-8.6270450e-03
-1.9153600e-02
-2.9580820e-02
-3.6520050e-02
-4.0362650e-02
-4.2655490e-02
-4.1154640e-02
-4.2168290e-02
-4.0487500e-02
-3.9056550e-02
-3.4700060e-02
-2.9059110e-02
-1.9847960e-02
-1.2484350e-02
-5.3670280e-03
1.3059480e-03
8.2908330e-03
1.3860340e-02
1.6017120e-02
2.0312540e-02
2.4504720e-02
3.1431360e-02
3.7531000e-02
4.1693360e-02
4.5445170e-02
4.4981300e-02
4.3945770e-02
3.9774210e-02
3.1572130e-02
2.3886950e-02
1.5128870e-02
9.5740940e-03
7.9412520e-03
7.3412610e-03
8.1810320e-03
1.0338500e-02
1.3577180e-02
1.5004660e-02
1.6537360e-02
1.7017280e-02
1.6868880e-02
1.5602340e-02
1.4500160e-02
1.0812740e-02
7.0326900e-03
1.6644290e-03
-2.9570780e-04
-5.1062410e-04
-1.3846390e-03
-2.5019040e-03
-4.6101780e-03
-8.2382770e-03
-1.4695220e-02
-2.1830560e-02
-2.8118510e-02
-3.4577420e-02
-3.8460150e-02
-4.0455730e-02
-4.1669480e-02
-4.1483690e-02
-4.0983050e-02
-4.1064040e-02
-4.0824020e-02
-4.2858960e-02
-4.5018400e-02
-4.8662360e-02
-5.1946230e-02
-5.3775630e-02
-5.4356850e-02
-5.4985370e-02
-5.7942170e-02
-6.0155730e-02
-6.1835300e-02
-6.1787700e-02
-6.1563840e-02
-5.8497190e-02
-5.4727680e-02
-5.1250030e-02
-4.6120200e-02
-4.1476070e-02
-3.6816240e-02
-3.3304420e-02
-2.9472610e-02
-2.7623790e-02
-2.4360920e-02
-2.3602660e-02
-1.9457410e-02
-1.4862850e-02
-7.5088150e-03
1.9063570e-03
1.1843300e-02
2.1670950e-02
3.0933040e-02
3.6851120e-02
4.0944280e-02
4.4773470e-02
4.7944380e-02
5.0810900e-02
5.2517040e-02
5.7223090e-02
6.4820990e-02
7.2000000e-02
7.7574510e-02
8.0768280e-02
8.0306650e-02
7.6885210e-02
6.9804750e-02
6.2157490e-02
5.4711550e-02
4.6440430e-02
4.2283900e-02
3.6817400e-02
3.6756060e-02
3.3333690e-02
3.2872260e-02
2.7633540e-02
2.0956210e-02
1.0576740e-02
1.4820150e-03
-5.1341570e-03
-7.5361580e-03
-7.5871690e-03
-5.1761560e-03
7.3985820e-04
3.0624290e-03
-9.1916930e-04
2.2410360e-03
6.6009090e-03
3.2296740e-03
1.6777610e-03
-2.7022890e-03
-5.5728560e-03
-9.5638830e-03
-1.5611670e-02
-1.8567080e-02
-2.4299190e-02
-2.7707490e-02
-2.9290970e-02
-3.0728000e-02
-3.2033480e-02
-3.3266880e-02
-3.0831080e-02
-2.9801220e-02
-2.9640830e-02
-2.9805160e-02
-2.8292400e-02
-2.9250230e-02
-2.9123450e-02
-3.0469300e-02
-3.1397590e-02
-3.0844820e-02
-2.9321890e-02
-2.6615260e-02
-2.3201190e-02
-2.0557550e-02
-1.7293320e-02
-1.5775840e-02
-1.5797570e-02
-1.5781920e-02
-1.7939970e-02
-2.0391260e-02
-2.5239320e-02
-2.8586100e-02
-3.1246870e-02
-3.2412680e-02
-3.0809730e-02
-2.8343640e-02
-2.4997510e-02
-2.2354130e-02
-2.3363780e-02
-2.3006920e-02
-2.2766050e-02
-2.3348690e-02
-2.4016730e-02
-2.4591280e-02
-2.5205870e-02
-2.6246750e-02
-3.0141010e-02
-3.4860000e-02
-4.2006450e-02
-4.7042940e-02
-5.0823100e-02
-5.3487130e-02
-5.6358100e-02
-5.7606780e-02
-5.7886930e-02
-5.7369070e-02
-5.5630840e-02
-5.3442880e-02
-5.0445150e-02
-4.8817810e-02
-4.5527230e-02
-4.4979380e-02
-4.4106570e-02
-4.2538480e-02
-3.7689750e-02
-3.3054340e-02
-2.5230640e-02
-1.8584320e-02
-1.0442250e-02
-4.7571710e-03
-1.5880780e-03
-1.7748900e-04
-5.5462840e-04
-4.8107280e-04
2.1638250e-03
6.7342720e-03
1.1652300e-02
1.4222700e-02
1.7643480e-02
1.9288780e-02
2.2425690e-02
2.5408780e-02
2.6377410e-02
2.6572820e-02
2.5426910e-02
2.6176070e-02
2.8104440e-02
3.4111870e-02
3.6153780e-02
3.8134270e-02
3.7477790e-02
3.4230100e-02
3.1610340e-02
2.8123260e-02
2.6530840e-02
2.6033220e-02
2.3013260e-02
2.2191310e-02
2.0248620e-02
1.8758930e-02
1.5842040e-02
1.1356090e-02
7.2620830e-03
2.6158500e-04
-6.1886180e-03
-1.3199950e-02
-1.5841460e-02
-1.9735650e-02
-1.9966940e-02
-1.8737860e-02
-1.5668250e-02
-1.1943120e-02
-8.6210800e-03
-6.8564030e-03
-6.8964470e-03
-5.8475650e-03
-1.6810470e-03
4.9275150e-03
1.1856000e-02
1.9405090e-02
2.6074630e-02
2.8733300e-02
2.8603210e-02
2.5154020e-02
2.0694010e-02
1.3677400e-02
6.5753770e-03
1.9044270e-03
-3.8892610e-04
-2.2445050e-03
-4.7020720e-03
-7.0903770e-03
-1.0048640e-02
-1.3221540e-02
-1.3368830e-02
-1.4143010e-02
-1.3630370e-02
-1.2383190e-02
-9.2533500e-03
-6.1977070e-03
6.2837520e-04
6.6921230e-03
1.0771780e-02
1.3500510e-02
1.2820850e-02
9.7568510e-03
4.1118680e-03
-1.6820240e-03
-1.9314470e-03
-1.3768930e-03
3.9778320e-04
1.0439850e-03
2.3379990e-03
1.2630840e-04
-3.7595740e-03
-6.3317550e-03
-1.2137170e-02
-1.3190590e-02
-1.0640340e-02
-6.2201390e-03
-3.5284890e-03
-2.2018800e-03
-8.6046320e-04
1.9042400e-03
7.7344560e-03
1.3201330e-02
2.0334960e-02
2.7699360e-02
3.3292410e-02
3.7819890e-02
4.0475100e-02
4.1076390e-02
3.9970450e-02
3.9734060e-02
4.0978140e-02
4.2704350e-02
4.3241220e-02
4.2816970e-02
4.1450130e-02
4.0446330e-02
3.9688550e-02
3.9388120e-02
3.5716440e-02
3.1177420e-02
2.6583380e-02
2.4531080e-02
2.4998620e-02
2.8781640e-02
3.0715200e-02
3.4858320e-02
3.4595180e-02
3.5494780e-02
3.1060150e-02
2.8561100e-02
2.2644980e-02
1.6724250e-02
1.2218270e-02
8.0903250e-03
4.8728200e-03
1.9884120e-03
-3.2224810e-03
-8.0083650e-03
-1.0603320e-02
-1.1495920e-02
-1.4302570e-02
-1.9043530e-02
-2.3763580e-02
-2.8610850e-02
-3.1307850e-02
-3.2516390e-02
-2.9112960e-02
-2.6706000e-02
-2.1077850e-02
-1.9131050e-02
-2.0380580e-02
-2.2446720e-02
-2.2045450e-02
-1.9679700e-02
-1.2288720e-02
-7.9347880e-03
-4.1362860e-03
-1.5048090e-03
1.5508590e-03
5.2966800e-03
7.3871130e-03
9.4614230e-03
8.4075600e-03
7.8827280e-03
8.5919730e-03
9.8847010e-03
1.1772930e-02
1.6314180e-02
2.0298480e-02
2.3673160e-02
2.6033990e-02
2.6981260e-02
2.4914920e-02
2.0750580e-02
1.5381530e-02
1.0962790e-02
9.7300060e-03
1.1551380e-02
1.5115490e-02
2.0072420e-02
2.3455370e-02
2.5777300e-02
2.5022860e-02
2.3163640e-02
2.0810230e-02
2.0938140e-02
2.0987850e-02
2.2446860e-02
2.2289110e-02
2.2285000e-02
1.9749210e-02
1.6815260e-02
1.3227660e-02
1.0897130e-02
7.3022810e-03
6.6804840e-03
5.7930150e-03
6.6886410e-03
4.5614830e-03
2.3230100e-03
-3.0656590e-03
-8.2686140e-03
-1.3285200e-02
-1.8097430e-02
-2.1819060e-02
-2.5566610e-02
-3.0642820e-02
-3.3583200e-02
-3.6509570e-02
-3.7296180e-02
-3.6867350e-02
-3.7888020e-02
-3.4791730e-02
-3.3409870e-02
-3.0824860e-02
-2.5553190e-02
-1.9265220e-02
-1.2210320e-02
-3.2073300e-03
5.5236880e-03
1.3543480e-02
1.8843350e-02
2.2075250e-02
2.3499500e-02
2.4087460e-02
2.6356690e-02
2.8542290e-02
3.1854830e-02
3.4733210e-02
3.7064380e-02
3.6994910e-02
3.9160320e-02
3.8560390e-02
3.8749310e-02
3.9728610e-02
3.8881540e-02
3.8698570e-02
3.7329920e-02
3.6533270e-02
3.2603530e-02
2.7967090e-02
2.3457070e-02
1.7461820e-02
1.2114200e-02
8.4677160e-03
3.7730740e-03
4.8659290e-04
-1.1615320e-03
-1.4591900e-03
-7.4087080e-04
1.5656200e-04
4.8724670e-03
8.1498670e-03
1.3096850e-02
1.5720660e-02
1.8595010e-02
1.8601040e-02
1.7888820e-02
1.8090130e-02
1.8914190e-02
2.0107740e-02
2.1074740e-02
2.1599310e-02
2.1355300e-02
2.0829450e-02
2.0363650e-02
1.9006350e-02
1.5848240e-02
1.3425830e-02
9.9546590e-03
5.5614580e-03
1.3046120e-03
-2.5635600e-03
-6.8279130e-03
-9.6047470e-03
-1.2757820e-02
-1.7627330e-02
-2.2704740e-02
-2.9224610e-02
-3.3179320e-02
-3.9819180e-02
-4.2791720e-02
-4.3618970e-02
-4.2916080e-02
-4.4722380e-02
-4.5861990e-02
-4.7983290e-02
-5.1115030e-02
-5.5382770e-02
-5.6796090e-02
-5.8781850e-02
-5.9706410e-02
-6.0708190e-02
-6.0399960e-02
-6.2301610e-02
-6.2684280e-02
-6.4035390e-02
-6.5121060e-02
-6.5286660e-02
-6.7407540e-02
-6.8240720e-02
-7.0051960e-02
-6.9721670e-02
-7.0740950e-02
-6.9997230e-02
-6.8380530e-02
-6.5940800e-02
-6.4427450e-02
-6.2642920e-02
-6.2618460e-02
-6.0552570e-02
-6.2120160e-02
-6.1864660e-02
-6.3113550e-02
-6.0204880e-02
-5.6048680e-02
-5.0604740e-02
-4.7232690e-02
-4.2427220e-02
-3.9155520e-02
-3.3440440e-02
-2.9050370e-02
-2.2019060e-02
-1.5170860e-02
-8.0839970e-03
7.2529620e-04
1.0521110e-02
2.0006340e-02
3.1349480e-02
4.2507420e-02
5.4217130e-02
6.5625910e-02
7.6384160e-02
8.7232440e-02
9.7544110e-02
1.0718370e-01
1.1609210e-01
1.2336000e-01
1.2989500e-01
1.3499020e-01
1.3788600e-01
1.3914880e-01
1.4097300e-01
1.4135320e-01
1.4048740e-01
1.3817100e-01
1.3409780e-01
1.2784600e-01
1.2185860e-01
1.1516310e-01
1.0744330e-01
9.7748970e-02
8.8772130e-02
8.1237580e-02
7.3894290e-02
6.8428530e-02
6.3287740e-02
5.8739470e-02
5.6996170e-02
5.3753040e-02
5.1439030e-02
4.7249880e-02
4.2064640e-02
3.4435410e-02
2.9540580e-02
2.3533430e-02
1.8055460e-02
1.3457610e-02
9.1812360e-03
4.9414420e-03
7.9841720e-04
-3.4071470e-03
-7.0729550e-03
-1.1953760e-02
-1.6286230e-02
-2.0066650e-02
-2.4045600e-02
-2.7214230e-02
-2.3949190e-02
-2.5425780e-02
-3.6402880e-02
-3.8916510e-02
-3.8633060e-02
-3.5328210e-02
-3.8147280e-02
-4.8066980e-02
-5.6685190e-02
-6.2483670e-02
-6.6909990e-02
-6.9707220e-02
-7.2794810e-02
-7.8601810e-02
-8.3072500e-02
-8.7576300e-02
-9.0792340e-02
-9.3762320e-02
-9.8179110e-02
-1.0188030e-01
-1.0359950e-01
-1.0703320e-01
-1.0756770e-01
-1.0622360e-01
-1.0527020e-01
-1.0333110e-01
-1.0143080e-01
-9.8178070e-02
-9.4339470e-02
-9.1157310e-02
-8.6813150e-02
-8.2424620e-02
-7.5240880e-02
-6.8401010e-02
-6.1247550e-02
-5.3029930e-02
-4.6690430e-02
-3.9664000e-02
-3.2018050e-02
-2.5470600e-02
-1.8575080e-02
-1.2304700e-02
-6.9827270e-03
-2.9135410e-03
-7.7630090e-04
1.8150110e-03
2.3267020e-03
4.2490780e-03
5.0315930e-03
4.7141290e-03
5.3718280e-03
3.4704580e-03
4.8640810e-03
3.2124090e-03
2.1916610e-03
-4.2233200e-04
-2.5303100e-03
-2.7880880e-03
-3.8449100e-03
-4.5381780e-03
-5.8930420e-03
-7.6400260e-03
-1.0839700e-02
-1.2110950e-02
-1.4202230e-02
-1.5282750e-02
-1.4587440e-02
-1.4845430e-02
-1.4200490e-02
-1.4980910e-02
-1.5635600e-02
-1.6126220e-02
-1.7439640e-02
-1.4942330e-02
-1.4487310e-02
-1.2804850e-02
-1.2273660e-02
-1.0525530e-02
-9.7187280e-03
-7.9068300e-03
-6.3136290e-03
-5.8966490e-03
-4.1293590e-03
-3.5600100e-03
-3.2543040e-03
-2.1306160e-03
-4.5603450e-04
1.2268260e-03
3.7319010e-03
6.3841250e-03
9.6741120e-03
1.2084790e-02
1.4444130e-02
1.4478370e-02
1.3312030e-02
1.1864680e-02
1.1418010e-02
7.7623590e-03
6.8813800e-03
2.9083780e-03
4.2049300e-04
-2.5263350e-03
-6.0945700e-03
-8.1179470e-03
-1.2357480e-02
-1.5691860e-02
-1.9115470e-02
-2.2758980e-02
-2.5415500e-02
-2.7784610e-02
-2.8727430e-02
-2.7630870e-02
-2.6572570e-02
-2.2692130e-02
-1.9394920e-02
-1.4411880e-02
-1.2111220e-02
-1.0419000e-02
-1.0299640e-02
-9.3960860e-03
-7.0975040e-03
-2.7005880e-03
1.3207900e-03
5.5706340e-03
9.1180920e-03
1.2108810e-02
1.5072370e-02
1.5578380e-02
1.5918730e-02
1.7619430e-02
1.9372960e-02
2.3074740e-02
2.5680940e-02
2.5556290e-02
2.4263150e-02
2.2031720e-02
1.9458480e-02
1.8206820e-02
1.4831680e-02
1.4180620e-02
1.2869650e-02
1.1627030e-02
1.0712950e-02
9.7949800e-03
8.1427830e-03
6.8408760e-03
3.8588860e-03
1.3563330e-04
-1.9060360e-03
-3.5611550e-03
-3.5757310e-03
-1.8217190e-03
5.2963490e-04
2.5416200e-03
4.0689790e-03
3.7924410e-03
3.7841190e-03
2.7302820e-03
3.0121670e-03
6.3341390e-03
1.0324770e-02
1.7133470e-02
2.2494820e-02
2.7781590e-02
3.0192070e-02
3.2277990e-02
3.3160300e-02
3.3164990e-02
3.4587600e-02
3.5204210e-02
3.7145680e-02
3.8687090e-02
4.0404610e-02
4.1729540e-02
4.3613690e-02
4.4638590e-02
4.6362160e-02
4.5785040e-02
4.5712920e-02
4.4884580e-02
4.2252840e-02
4.2139870e-02
4.0221190e-02
3.9946140e-02
3.7907310e-02
3.7405060e-02
3.5451520e-02
3.5698930e-02
3.3444560e-02
3.0854280e-02
2.7344460e-02
2.2879630e-02
1.6047960e-02
1.0457930e-02
4.1155780e-03
-1.0769600e-03
-6.2435190e-03
-1.0284200e-02
-1.1031860e-02
-1.2219460e-02
-9.9115390e-03
-8.3896140e-03
-7.3355330e-03
-8.6260070e-03
-9.8138090e-03
-1.0871900e-02
-1.1273330e-02
-1.1229050e-02
-1.0249920e-02
-9.4192280e-03
-8.9787080e-03
-8.1103350e-03
-7.9316540e-03
-8.0112120e-03
-8.3540600e-03
-7.6609320e-03
-8.8782260e-03
-7.1724670e-03
-6.5882710e-03
-4.4568520e-03
-3.1213690e-03
-3.4986270e-04
1.9848760e-03
4.3606080e-03
6.6956120e-03
7.1108470e-03
6.0998950e-03
4.4798130e-03
9.9658700e-04
1.5981090e-03
2.8186920e-04
2.6004850e-03
2.5374140e-03
4.8691530e-03
3.9885010e-03
2.9746820e-03
9.7369440e-04
-2.8753740e-03
-3.9348870e-03
-4.5056510e-03
-3.3995980e-03
-1.6983750e-03
-1.5158370e-03
5.4762500e-04
-7.7632930e-05
3.0280700e-04
1.6832140e-03
3.2474070e-03
4.7717690e-03
4.9902400e-03
5.7101890e-03
5.1833990e-03
4.9064910e-03
3.6396810e-03
4.1992890e-03
3.4997920e-03
4.4827400e-03
3.3423930e-03
1.3848410e-03
-2.0396130e-03
-4.7689250e-03
-7.6736580e-03
-1.0455290e-02
-1.2941420e-02
-1.3649290e-02
-1.3704800e-02
-1.4588340e-02
-1.4843290e-02
-1.5015760e-02
-1.7070840e-02
-1.7290180e-02
-1.8686890e-02
-1.7878590e-02
-1.7630610e-02
-1.5738810e-02
-1.4429160e-02
-1.3495920e-02
-1.1985350e-02
-1.1422300e-02
-1.1277500e-02
-1.0260330e-02
-1.1486880e-02
-1.0850760e-02
-1.1677670e-02
-1.0400890e-02
-1.0590390e-02
-9.3069660e-03
-8.1264450e-03
-7.5769870e-03
-6.8405400e-03
-9.1592500e-03
-8.8610480e-03
-1.1482580e-02
-1.1259190e-02
-1.0576570e-02
-1.0696200e-02
-9.6772160e-03
-1.0730020e-02
-9.6361660e-03
-9.2961880e-03
-1.0251080e-02
-1.1213740e-02
-1.0616510e-02
-1.0448840e-02
-9.6098510e-03
-9.5453390e-03
-7.8824360e-03
-7.9092520e-03
-6.7801250e-03
-6.7014430e-03
-6.6723400e-03
-5.9160060e-03
-5.0423440e-03
-3.1480220e-03
-2.5920560e-03
-7.5451300e-04
1.8727760e-03
4.4759190e-03
7.3473810e-03
1.1702240e-02
1.4946190e-02
1.6581240e-02
1.8989550e-02
1.8359690e-02
1.8894590e-02
1.7762560e-02
1.6918780e-02
1.5071890e-02
1.5381820e-02
1.3945440e-02
1.5581330e-02
1.4339140e-02
1.5020290e-02
1.4603150e-02
1.2540750e-02
1.1594270e-02
1.0277140e-02
8.8557850e-03
6.6238560e-03
4.9362120e-03
5.8337110e-03
5.8650830e-03
8.5339080e-03
1.1465420e-02
1.2982530e-02
1.4790950e-02
1.4916150e-02
1.5095250e-02
1.5104460e-02
1.3631350e-02
1.4709870e-02
1.3937640e-02
1.3382580e-02
1.3680740e-02
1.3297300e-02
1.3244270e-02
1.2341300e-02
1.1900090e-02
1.1127570e-02
1.0826490e-02
1.1675790e-02
1.1793970e-02
1.2913720e-02
1.4921810e-02
1.6236370e-02
1.8133650e-02
2.1307940e-02
2.4678990e-02
2.8294030e-02
3.0431400e-02
3.2966360e-02
3.6399890e-02
3.8456840e-02
4.1854430e-02
4.4710620e-02
4.7945690e-02
4.9580080e-02
5.1418790e-02
5.2958530e-02
5.3398070e-02
5.3761340e-02
5.4530480e-02
5.4174010e-02
5.3765100e-02
5.3664500e-02
5.1307700e-02
4.9011310e-02
4.6075130e-02
4.3008350e-02
3.9749810e-02
3.7810000e-02
3.5964090e-02
3.3291660e-02
3.1422350e-02
2.8902910e-02
2.6599940e-02
2.4377350e-02
2.1660600e-02
1.9566130e-02
1.6887750e-02
1.3844860e-02
1.1477820e-02
6.9629280e-03
3.3262820e-03
-1.4467680e-03
-6.6534560e-03
-9.1032810e-03
-1.3936980e-02
-1.5384110e-02
-1.7325180e-02
-1.7453270e-02
-1.5425890e-02
-1.1733470e-02
-1.0129860e-02
-8.5951010e-03
-6.0509380e-03
-4.4308270e-03
-3.3271480e-03
-1.9424170e-03
-1.0162620e-03
-4.1325000e-04
5.7531130e-04
1.1375190e-03
1.9399210e-03
1.1155760e-03
2.8956910e-03
1.4819040e-03
3.1408460e-03
1.8323030e-03
1.0421510e-03
-9.5573300e-04
-2.0436450e-03
-2.3292430e-03
-5.8044340e-03
-7.6553100e-03
-9.9587080e-03
-1.2263570e-02
-1.3943430e-02
-1.6018210e-02
-1.8167880e-02
-1.9737140e-02
-2.1487030e-02
-2.4108450e-02
-2.6778110e-02
-2.8658840e-02
-3.1122840e-02
-3.3028730e-02
-3.6271030e-02
-3.8885490e-02
-4.2321360e-02
-4.5143220e-02
-4.7779560e-02
-4.9638170e-02
-5.1430290e-02
-5.2105910e-02
-5.2856230e-02
-5.2181850e-02
-5.0590910e-02
-5.0284650e-02
-4.6960320e-02
-4.5011510e-02
-4.0793790e-02
-3.7868000e-02
-3.4987740e-02
-3.2071630e-02
-2.8566090e-02
-2.6843240e-02
-2.3409580e-02
-2.0966930e-02
-1.7309140e-02
-1.4224290e-02
-1.1688280e-02
-8.3578740e-03
-7.0213110e-03
-7.4264440e-03
-8.1909710e-03
-9.2892490e-03
-1.0633710e-02
-1.0831600e-02
-1.0574850e-02
-1.1076310e-02
-1.0803500e-02
-1.1764420e-02
-1.3291910e-02
-1.5174420e-02
-1.5949370e-02
-1.6920140e-02
-1.6628820e-02
-1.6159130e-02
-1.4484630e-02
-1.4912110e-02
-1.3390500e-02
-1.3198380e-02
-1.2617330e-02
-1.2637390e-02
-1.1816040e-02
-1.1880280e-02
-1.2488160e-02
-1.2212830e-02
-1.2040750e-02
-9.3697210e-03
-8.5144820e-03
-4.9606510e-03
-2.8884310e-03
-1.4698430e-03
-4.4161080e-04
3.1093070e-04
1.2343330e-03
2.7602440e-03
2.4010670e-03
4.5470100e-03
4.4880590e-03
5.7606560e-03
5.7882800e-03
7.8221990e-03
8.1654400e-03
7.9911660e-03
8.2639560e-03
6.9155330e-03
6.6907060e-03
5.7627780e-03
4.7218730e-03
3.3655220e-03
1.5421060e-03
4.9486000e-04
-2.3352780e-03
-5.1750910e-03
-7.1319550e-03
-1.0671870e-02
-1.3281740e-02
-1.7758410e-02
-1.9982810e-02
-2.3240340e-02
-2.5439450e-02
-2.6413720e-02
-2.8292960e-02
-2.8912960e-02
-3.1240970e-02
-3.3130850e-02
-3.5118320e-02
-3.7361620e-02
-3.8790780e-02
-3.9775500e-02
-3.8765560e-02
-3.8230600e-02
-3.6632010e-02
-3.7078450e-02
-3.7608890e-02
-3.8378000e-02
-3.9617590e-02
-4.1099390e-02
-4.0950760e-02
-4.0497950e-02
-3.9109950e-02
-3.7329390e-02
-3.4994130e-02
-3.3509560e-02
-3.1015660e-02
-2.8294300e-02
-2.7525740e-02
-2.6867770e-02
-2.5057210e-02
-2.4656130e-02
-2.2593670e-02
-2.0882630e-02
-1.6728110e-02
-1.4432840e-02
-1.2422260e-02
-9.0395580e-03
-7.9337650e-03
-6.2110180e-03
-4.4433950e-03
-2.2922930e-03
-2.3550990e-04
3.1115180e-03
6.4611250e-03
9.5752290e-03
1.4528260e-02
1.7913890e-02
2.3406190e-02
2.7989030e-02
3.2554230e-02
3.7113810e-02
4.1126680e-02
4.4318650e-02
4.9089500e-02
5.1313660e-02
5.4336870e-02
5.6503150e-02
5.7800600e-02
5.9479430e-02
5.9510380e-02
5.9792830e-02
5.8521110e-02
5.8646510e-02
5.6557840e-02
5.4048720e-02
5.1968670e-02
4.7810730e-02
4.6560800e-02
4.3783740e-02
4.0651350e-02
3.8138420e-02
3.4044620e-02
3.0935090e-02
2.8084620e-02
2.5028130e-02
2.3758250e-02
2.2111630e-02
2.0349140e-02
1.8933060e-02
1.8635600e-02
1.7825450e-02
1.7441350e-02
1.7794670e-02
1.7211570e-02
1.7682530e-02
1.7817740e-02
1.8304080e-02
1.8331610e-02
1.7669290e-02
1.7472520e-02
1.7818610e-02
1.7086860e-02
1.7267250e-02
1.7645900e-02
1.7583740e-02
1.6935800e-02
1.7856060e-02
1.6774740e-02
1.6399660e-02
1.5116300e-02
1.4409660e-02
1.3344160e-02
1.2492950e-02
1.2280420e-02
1.1351140e-02
1.0471030e-02
9.2191150e-03
6.2195770e-03
3.8093550e-03
-4.8640050e-04
-3.9968530e-03
-7.7151960e-03
-1.1611190e-02
-1.3518450e-02
-1.6904990e-02
-1.9267280e-02
-2.3192410e-02
-2.5584750e-02
-2.7507370e-02
-2.9605150e-02
-3.0605490e-02
-3.0102690e-02
-2.9292940e-02
-2.8868300e-02
-2.5769250e-02
-2.4361550e-02
-2.1909630e-02
-1.9472350e-02
-1.7035270e-02
-1.4968640e-02
-1.1904650e-02
-8.4406230e-03
-5.4286820e-03
-1.0714600e-03
1.8440030e-03
6.2114630e-03
8.4041570e-03
1.1243150e-02
1.3870740e-02
1.4795530e-02
1.6246290e-02
1.5925290e-02
1.6780400e-02
1.6199910e-02
1.4676520e-02
1.3611160e-02
1.1502480e-02
1.0131300e-02
8.0627330e-03
6.8785670e-03
5.7086500e-03
4.7239890e-03
3.6123470e-03
3.0088560e-03
1.5081780e-03
9.0702220e-04
-9.2077550e-05
3.1415200e-05
-5.2908420e-04
-2.6240590e-04
-2.4511290e-03
-3.5192160e-03
-5.5227330e-03
-7.2546340e-03
-9.3091060e-03
-1.2269190e-02
-1.3813200e-02
-1.6252890e-02
-1.8386270e-02
-2.0411300e-02
-2.3104360e-02
-2.5493910e-02
-2.7948220e-02
-2.9973880e-02
-3.2303940e-02
-3.5060630e-02
-3.7465200e-02
-3.8474720e-02
-4.0016730e-02
-4.1565590e-02
-4.2946600e-02
-4.3644780e-02
-4.5620630e-02
-4.7442610e-02
-4.6944950e-02
-4.7422580e-02
-4.7357240e-02
-4.7182380e-02
-4.8346140e-02
-4.7534610e-02
-4.6880220e-02
-4.5517560e-02
-4.5091080e-02
-4.2751780e-02
-4.1818230e-02
-3.8230170e-02
-3.6155710e-02
-3.2440740e-02
-2.8938790e-02
-2.4660260e-02
-1.9241440e-02
-1.5610100e-02
-1.0176530e-02
-5.2333020e-03
-1.2990030e-03
4.3301190e-03
7.8930130e-03
1.2246080e-02
1.6198280e-02
1.9956160e-02
2.2739330e-02
2.4472440e-02
2.6129420e-02
2.8534580e-02
2.9275920e-02
3.1271450e-02
3.1004940e-02
3.0416110e-02
3.0351650e-02
2.9465660e-02
2.8260990e-02
2.6597660e-02
2.5012390e-02
2.2802630e-02
2.0228770e-02
1.8421400e-02
1.5698780e-02
1.3797460e-02
1.1550720e-02
9.8547020e-03
7.1471780e-03
4.5251520e-03
2.5925610e-03
-5.2785600e-04
-2.6546070e-03
-5.3239270e-03
-7.1523570e-03
-9.6083820e-03
-1.0711630e-02
-1.1778820e-02
-1.2279270e-02
-1.1919270e-02
-1.0974320e-02
-9.5489660e-03
-7.7018180e-03
-4.5635950e-03
-1.0415100e-03
2.1605250e-03
4.7361800e-03
8.5069560e-03
1.1018660e-02
1.3702290e-02
1.7135090e-02
1.9880830e-02
2.3410420e-02
2.5324220e-02
2.9546010e-02
3.0945320e-02
3.3021800e-02
3.4243770e-02
3.4610990e-02
3.5357460e-02
3.4482170e-02
3.4662770e-02
3.4450730e-02
3.4734860e-02
3.4953320e-02
3.4771800e-02
3.5989820e-02
3.6933320e-02
3.6239930e-02
3.7861420e-02
3.7124510e-02
3.7381170e-02
3.7647000e-02
3.7218290e-02
3.7498450e-02
3.7068260e-02
3.6538200e-02
3.6168100e-02
3.4727950e-02
3.3069790e-02
3.1159640e-02
2.9888720e-02
2.8805780e-02
2.8414260e-02
2.7874620e-02
2.8713360e-02
2.7933880e-02
2.9745600e-02
3.0120490e-02
3.0755660e-02
3.1827610e-02
3.2520330e-02
3.3281560e-02
3.4306550e-02
3.5775210e-02
3.6789490e-02
3.9808810e-02
4.0773440e-02
4.2577670e-02
4.5551940e-02
4.6509800e-02
4.8267680e-02
4.9315990e-02
5.0275090e-02
4.9645300e-02
4.8936990e-02
4.7946600e-02
4.5981020e-02
4.2879620e-02
4.0106050e-02
3.6011930e-02
3.1578310e-02
2.7112170e-02
2.1029470e-02
1.6366060e-02
1.0948510e-02
5.1075650e-03
-1.2187720e-03
-6.9312660e-03
-1.3711670e-02
-1.9713180e-02
-2.5869280e-02
-3.1806470e-02
-3.7499810e-02
-4.3853720e-02
-4.8033740e-02
-5.3028060e-02
-5.6766450e-02
-6.1449670e-02
-6.5334780e-02
-6.7925960e-02
-7.2119070e-02
-7.2317140e-02
-7.3543160e-02
-7.0048860e-02
-7.2601300e-02
-7.3332230e-02
-6.8797630e-02
-6.7438070e-02
-6.7640880e-02
-6.6661510e-02
-6.6994330e-02
-6.6862050e-02
-6.3647350e-02
-6.0339400e-02
-5.7248090e-02
-5.3567950e-02
-5.0335480e-02
-4.5253760e-02
-4.0957200e-02
