0.01
-1.1179870e-02
-1.7330350e-02
-9.6050980e-03
4.5847730e-03
1.7240580e-02
2.0081740e-02
-1.2264610e-02
-2.5726960e-02
-5.1553280e-03
1.0184960e-03
-1.3567280e-02
-1.1044270e-02
-1.3347070e-03
-1.8669980e-02
-3.8466500e-02
-1.2495490e-02
9.2050700e-03
-9.9455740e-03
-3.1145950e-02
-1.8276780e-02
1.4130080e-02
5.3199220e-03
-3.2516970e-03
1.2714630e-02
1.2150510e-02
5.1262920e-03
-9.5265970e-04
-1.4281540e-02
-1.4799410e-02
4.4373770e-03
5.5008320e-04
3.8870960e-04
9.3846200e-03
1.4509610e-02
2.4358650e-02
-7.2027300e-04
5.4152780e-03
2.7829450e-02
4.0973230e-03
3.2710350e-04
6.3588600e-03
3.8724130e-03
-1.8173290e-03
-6.6160450e-03
-7.2360430e-03
-4.4763460e-03
1.5977070e-02
2.9633720e-02
1.2432840e-02
-1.7840130e-02
-1.7160510e-02
-1.4762120e-02
-2.0863990e-02
1.8137250e-03
3.1740880e-02
3.6801870e-02
1.2939310e-02
5.6439210e-04
-1.9558430e-03
-2.3528580e-03
1.2193680e-02
1.9917840e-02
1.1902050e-02
6.0519920e-03
2.1012980e-02
1.4973600e-02
7.2965640e-03
2.5556970e-02
3.3551710e-02
2.1954270e-02
-1.2348150e-02
-1.8939930e-02
1.2328620e-02
1.5877270e-02
7.5590580e-03
2.6416470e-02
3.3782880e-02
1.1521800e-02
3.0626810e-03
2.4849660e-02
2.8958420e-02
2.9895370e-03
-2.5687370e-02
-3.4828350e-02
-4.0973190e-02
-1.7732900e-02
2.1427180e-02
3.6251480e-02
5.0542160e-02
5.2460850e-02
2.7936700e-02
9.7316340e-03
2.1848730e-02
4.6589730e-02
6.4984910e-02
7.2581100e-02
8.5014470e-02
9.6020530e-02
8.0105440e-02
8.0300640e-02
9.5555350e-02
8.3069670e-02
5.3934040e-02
1.0937740e-02
-4.3269410e-02
-7.8001920e-02
-8.2316070e-02
-8.1424080e-02
-6.4706580e-02
-4.8926460e-02
-4.5313470e-02
-1.8566830e-02
1.0693030e-03
5.8406520e-03
1.0900840e-02
-3.9347490e-03
-3.1727460e-02
-3.3541130e-02
-4.1271440e-02
-7.6774970e-02
-1.0170650e-01
-9.2118430e-02
-8.0262060e-02
-9.0411070e-02
-9.1008000e-02
-5.4623270e-02
-1.1663670e-02
-6.9124050e-03
-2.2322540e-02
8.4455310e-03
2.2117340e-02
-1.0876690e-02
-2.6282500e-02
-1.5570520e-02
-4.8280770e-03
-1.8195380e-02
-2.6735170e-02
2.9010820e-03
1.2573700e-02
-6.3618750e-03
-9.9510240e-04
1.8208430e-03
-1.9864160e-02
-3.3257870e-02
-2.7302830e-02
-9.8426460e-03
2.2993970e-02
4.7409280e-02
5.3607000e-02
7.0131300e-02
8.8297740e-02
7.8776910e-02
5.2786030e-02
2.3127130e-02
1.4773030e-02
1.2443040e-02
-2.4063680e-02
-3.1038730e-02
-6.0268280e-03
-2.4955840e-02
-4.6516460e-02
-2.6522810e-02
1.9164560e-04
8.5768970e-03
1.0793340e-02
1.7674280e-02
1.7053980e-02
7.9170950e-03
-7.1630770e-03
-6.3563080e-03
-6.5689020e-04
7.4363150e-03
1.4968480e-02
1.8061380e-02
3.5720330e-02
6.7189100e-02
9.1881290e-02
7.5414170e-02
6.2736790e-02
7.5444020e-02
6.7297060e-02
5.3477260e-02
5.3925670e-02
5.6353690e-02
3.9929170e-02
1.5920840e-02
2.1864250e-02
3.4329370e-02
3.5509610e-02
1.9204570e-02
-1.0551660e-02
-4.8008390e-02
-9.3951950e-02
-1.1512030e-01
-1.0240030e-01
-9.1355260e-02
-9.0312900e-02
-1.0120510e-01
-1.1103510e-01
-8.5132890e-02
-7.5195720e-02
-9.1242260e-02
-7.6297910e-02
-4.0059510e-02
-7.1349390e-03
3.8406700e-03
5.3113300e-03
2.6897920e-02
4.7939700e-02
3.6621570e-02
3.3345860e-04
-3.2578300e-02
-4.8022890e-02
-5.4873800e-02
-5.6310660e-02
-4.3815050e-02
-2.0312330e-02
-5.2264600e-03
-9.9331100e-03
-1.5159150e-02
-1.9313680e-02
-5.3202130e-02
-8.3451730e-02
-6.8872830e-02
-5.9353810e-02
-8.8272630e-02
-9.5275220e-02
-6.9824300e-02
-4.5109780e-02
-3.1951660e-02
-1.8006950e-02
4.5533380e-03
2.9525960e-04
-9.5933410e-03
-1.2070690e-02
-1.3283870e-02
-1.0894790e-02
-2.4903940e-02
-1.5512760e-02
1.2327370e-02
1.7016520e-02
2.3708170e-02
4.0723000e-02
3.1505450e-02
3.7465700e-02
7.2382860e-02
8.3749750e-02
7.7165390e-02
5.7548790e-02
3.8162440e-02
1.4502560e-02
-2.0034300e-02
-1.7903510e-02
9.3508220e-03
7.2972460e-04
-2.7598260e-02
-3.6508750e-02
-4.6858960e-02
-2.9807270e-02
-7.7542510e-03
-2.1774310e-02
-3.7276130e-02
-6.0344570e-02
-9.4032070e-02
-9.6048030e-02
-6.9293180e-02
-4.8150130e-02
-1.7192940e-02
1.8559250e-02
2.2780080e-02
7.8235810e-03
-3.2868970e-03
-5.7325460e-03
1.3643710e-03
1.0473770e-02
2.5439610e-02
3.3721420e-02
7.3581440e-03
-2.5874570e-02
-1.7051320e-02
8.4268700e-03
3.8251290e-02
6.7868840e-02
6.4920790e-02
6.0947540e-02
3.6145600e-02
-1.7462110e-02
-2.5149530e-02
-1.5700830e-02
-2.2760610e-02
-6.1932240e-03
8.1979370e-03
-3.1699530e-03
-2.4664780e-02
-4.1615190e-02
-2.7146520e-02
5.9041440e-03
2.7965320e-02
4.6729400e-02
5.1269710e-02
3.6093310e-02
2.0960360e-02
2.9274890e-02
4.1358990e-02
4.2499970e-02
2.8009520e-02
3.5397210e-02
4.4241020e-02
2.1141770e-02
8.0575300e-03
1.7969180e-02
4.5120720e-02
5.5227910e-02
2.7047270e-02
-1.6427040e-03
-9.6247970e-03
1.1941110e-02
2.9353930e-02
3.2560070e-02
1.6350630e-02
-2.4492500e-03
-7.6766590e-03
-4.3629870e-02
-6.6108140e-02
-3.9512130e-02
-2.0548990e-02
-1.8888950e-03
2.7328480e-02
5.1054000e-02
4.8710420e-02
1.6595140e-02
-1.1890650e-02
-2.2843960e-02
-4.4019780e-03
1.7323540e-02
3.5628170e-03
-3.1025610e-02
-5.1406410e-02
-5.9929760e-02
-7.6461710e-02
-9.2849070e-02
-8.7540490e-02
-6.7290460e-02
-5.3073230e-02
-3.9846100e-02
-1.0209500e-03
4.9479210e-02
6.6792130e-02
6.8249520e-02
5.9733220e-02
1.5292740e-02
-1.7735680e-02
-4.0472250e-03
-3.9736200e-03
-2.0237160e-02
-2.7549380e-02
-2.9978300e-02
-2.9512130e-02
-4.0263840e-02
-4.5749570e-02
-4.2937110e-02
-4.6175570e-02
-5.0644480e-02
-5.1582130e-02
-4.1317220e-02
-5.2533500e-02
-9.5810380e-02
-1.1468430e-01
-1.2123760e-01
-8.9812090e-02
-2.8473690e-02
8.8037630e-03
3.9457660e-02
4.9283460e-02
5.6452640e-02
6.7893000e-02
5.5168160e-02
3.9914250e-02
4.2850200e-02
5.3401500e-02
5.8621610e-02
6.1830010e-02
5.9627050e-02
5.2990680e-02
4.6821800e-02
5.1449050e-02
5.2715440e-02
4.8992640e-02
6.1579870e-02
6.1839100e-02
5.5577660e-02
4.2213490e-02
2.3333370e-02
3.4636890e-02
4.6852800e-02
4.4769050e-02
4.8078730e-02
5.5879470e-02
6.0310570e-02
8.5371130e-02
1.0350270e-01
8.1385950e-02
5.7450500e-02
4.0928430e-02
1.5452510e-02
-1.7863290e-02
-4.7594020e-02
-6.5599350e-02
-6.9306360e-02
-5.9240220e-02
-2.6444730e-02
-2.5635770e-02
-6.5852990e-02
-9.2802200e-02
-1.0420780e-01
-1.1743790e-01
-1.4858410e-01
-1.6530910e-01
-1.4958730e-01
-1.2845840e-01
-1.1745720e-01
-1.0635040e-01
-7.1564760e-02
-4.3757520e-02
-3.1829400e-02
-2.4767460e-02
-2.0050150e-02
1.2628990e-02
3.0400760e-02
-7.4893300e-03
-4.4737170e-02
-3.0539860e-02
2.1971070e-02
7.0843350e-02
1.1202260e-01
1.2478300e-01
1.0627300e-01
8.1677940e-02
5.1262940e-02
4.2185510e-02
5.1744610e-02
4.1656390e-02
2.7450400e-02
2.1580200e-02
2.0018080e-02
2.5497760e-03
-2.8132320e-02
-3.3856070e-02
-1.4793140e-02
-5.4797990e-03
-1.5266420e-02
-3.0539010e-02
-5.1617700e-02
-7.7403000e-02
-1.0447090e-01
-9.5622650e-02
-4.6524020e-02
2.9075860e-03
3.8510780e-02
3.0585500e-02
-2.2582320e-03
1.2504370e-02
5.1144290e-02
5.9464010e-02
5.2055750e-02
5.6727140e-02
6.3006160e-02
6.1270930e-02
7.4090040e-02
1.1012260e-01
1.4251920e-01
1.4865550e-01
1.2995990e-01
9.7464720e-02
5.2804210e-02
3.1677020e-02
5.3327180e-02
8.1951150e-02
1.0801400e-01
1.0970300e-01
6.9528840e-02
3.8315730e-02
2.9262970e-02
4.1442060e-02
7.3454030e-02
8.6724780e-02
6.8800770e-02
4.5613890e-02
3.3293020e-02
1.3946250e-02
-2.1994830e-03
4.1181630e-03
2.4653190e-02
4.1703520e-02
3.5046260e-02
2.0919640e-02
9.0301310e-03
-5.8347130e-03
-3.4782240e-02
-6.8127370e-02
-9.5842480e-02
-1.0357430e-01
-7.8105300e-02
-4.5665860e-02
-1.6738010e-02
1.7929510e-02
3.3880900e-02
1.8725090e-02
-1.2851780e-02
-2.2474510e-02
7.9199510e-03
3.4372580e-02
4.3126120e-02
4.9979770e-02
5.8287490e-02
6.7370510e-02
5.9235410e-02
4.8541340e-02
4.8487990e-02
4.6355320e-02
2.6960990e-02
-9.8225420e-03
-5.7942210e-02
-1.0547320e-01
-1.5590180e-01
-2.0245950e-01
-2.2063350e-01
-2.0973090e-01
-1.9321210e-01
-1.7150330e-01
-1.3897230e-01
-9.0278310e-02
-2.3577940e-02
9.8177030e-03
7.5617270e-03
1.8220660e-03
-1.3291450e-02
-4.7549880e-02
-6.4226590e-02
-4.0025870e-02
-1.6995030e-02
-1.0676030e-02
1.6850260e-02
6.4571730e-02
9.5338570e-02
1.0407310e-01
9.5982670e-02
8.9100030e-02
8.1790660e-02
6.6945590e-02
6.0066260e-02
7.7807460e-02
1.0610840e-01
1.1450350e-01
1.1189860e-01
9.6965510e-02
6.3680380e-02
3.3513860e-02
1.5136410e-02
1.6239820e-02
6.4985210e-03
-1.9716460e-02
-4.2854330e-02
-6.3587610e-02
-6.1220260e-02
-3.6489280e-02
1.6301340e-02
8.7373640e-02
1.0261190e-01
6.5807920e-02
2.3162170e-02
-9.4152960e-03
-2.0858050e-02
-1.8729720e-02
-1.8613890e-02
-2.3308860e-02
-1.9848520e-02
4.2027750e-03
4.3160020e-02
6.6750550e-02
8.1485980e-02
8.8724330e-02
7.4839050e-02
5.0552560e-02
4.1971420e-02
5.6836840e-02
6.9198230e-02
7.3112170e-02
7.6929680e-02
7.8691070e-02
6.9126380e-02
4.0278180e-02
2.5723250e-02
4.3063350e-02
5.3016790e-02
4.4567800e-02
4.4121320e-02
5.1583460e-02
5.5150260e-02
5.2753500e-02
5.1856140e-02
5.9113600e-02
5.1984000e-02
2.4280480e-02
1.5556960e-02
6.8620770e-03
-2.2092350e-02
-5.3481550e-02
-7.4395160e-02
-9.7864770e-02
-1.3051160e-01
-1.5732920e-01
-1.6301790e-01
-1.3290430e-01
-9.2592930e-02
-5.0555140e-02
-2.4409230e-02
-3.2264920e-02
-5.3705530e-02
-9.1067380e-02
-1.3172240e-01
-1.3980270e-01
-1.1951770e-01
-8.6531520e-02
-5.8898960e-02
-3.2150680e-02
-1.2511440e-02
-3.6212960e-02
-8.2845510e-02
-9.1141470e-02
-6.8325720e-02
-4.8681570e-02
-4.3413260e-02
-3.1137740e-02
-2.7628120e-02
-3.9772800e-02
-5.2912800e-02
-7.6095380e-02
-8.5352710e-02
-7.0484730e-02
-5.9208020e-02
-4.4747690e-02
-3.4483430e-02
-2.5919590e-02
-2.2604630e-02
-3.8894510e-02
-4.7402660e-02
-3.2966850e-02
-6.2093270e-03
3.6868980e-02
8.0594720e-02
1.0579770e-01
1.1302600e-01
9.9357380e-02
6.4565670e-02
2.9114520e-02
-4.4505700e-03
-3.0947640e-02
-2.0444760e-02
8.2261700e-03
1.8314120e-02
2.6640870e-02
4.0344140e-02
3.4404440e-02
6.7934600e-03
-2.4830080e-02
-3.5695560e-02
-4.3283090e-02
-6.0509630e-02
-6.9310800e-02
-7.5847450e-02
-7.3075600e-02
-6.5124960e-02
-5.5792570e-02
-2.6773000e-02
1.4213230e-02
5.2657210e-02
7.7764460e-02
7.8169820e-02
6.0575200e-02
4.1630600e-02
3.1881190e-02
2.1887050e-02
1.6467620e-02
2.4655630e-02
3.5319990e-02
4.4723340e-02
4.4081690e-02
4.8159240e-02
4.9831480e-02
2.8404420e-02
8.3264660e-03
-8.3575730e-03
-3.2351110e-02
-4.1570030e-02
-2.6943590e-02
-1.5669240e-02
-1.8557650e-02
-3.5214060e-02
-4.4762250e-02
-1.9601520e-02
8.9000920e-03
2.0797860e-02
2.9867380e-02
4.2259370e-02
5.2853370e-02
5.4042700e-02
4.3692040e-02
2.9373810e-02
2.7395820e-02
3.3560420e-02
3.0480610e-02
2.1830030e-02
2.5034880e-02
3.2761480e-02
2.7715310e-02
1.2315230e-02
-9.1615660e-03
-3.4996440e-02
-5.2205490e-02
-4.9914740e-02
-2.7156680e-02
-1.0989930e-02
-1.7246230e-02
-2.6730970e-02
-3.6974170e-02
-4.6078510e-02
-5.0751990e-02
-4.9784010e-02
-4.0720950e-02
-2.9260600e-02
-1.6863000e-02
-8.3662970e-03
-2.9408620e-03
-2.2550670e-03
-1.0030900e-02
-1.6673340e-02
-1.4643760e-02
-1.1560910e-02
-8.0831400e-03
-1.1175960e-02
-2.3291360e-02
-3.1147800e-02
-3.9719640e-02
-5.2667810e-02
-6.1731830e-02
-6.2310350e-02
-5.3842830e-02
-4.2500770e-02
-1.3630180e-02
2.9181730e-02
6.0195250e-02
6.3974070e-02
4.2060780e-02
3.0614430e-02
3.3965120e-02
3.6758960e-02
3.4686070e-02
3.2330980e-02
2.9823620e-02
2.4103540e-02
1.5954810e-02
1.6756320e-03
-1.3372470e-02
-1.7002690e-02
7.0306690e-04
3.0530950e-02
5.1249740e-02
5.8830680e-02
5.8904540e-02
5.2835230e-02
3.9532660e-02
2.7425940e-02
2.4062560e-02
3.6063660e-02
4.6014500e-02
4.1341960e-02
3.7458980e-02
3.0401610e-02
1.6039830e-02
7.4298420e-03
4.7064420e-03
-7.6501750e-03
-2.9090010e-02
-4.3630090e-02
-4.0133730e-02
-3.9582660e-02
-5.0493700e-02
-4.2827960e-02
-2.2381380e-02
-4.7663060e-03
1.9477680e-03
-9.7624780e-03
-1.5383310e-02
-2.5192270e-02
-4.3072860e-02
-5.2622050e-02
-5.6986540e-02
-5.5368420e-02
-5.9737130e-02
-6.6507740e-02
-4.8709910e-02
-1.9558340e-02
-2.4037770e-03
2.6981380e-02
7.1886940e-02
8.8862670e-02
7.0626350e-02
3.5627730e-02
5.4741990e-03
-1.3804760e-02
-2.8286860e-02
-3.4092890e-02
-2.7563900e-02
-1.9613410e-02
-1.9378450e-02
-1.3289190e-02
-2.7801710e-03
5.5606830e-03
1.2554230e-02
2.1384410e-02
4.2821140e-02
5.9974720e-02
4.7761930e-02
2.6295120e-02
1.6208390e-02
1.6604900e-02
2.1950620e-02
2.1664570e-02
2.0066870e-02
1.6445250e-02
-1.9141570e-03
-2.1856690e-02
-3.0327430e-02
-3.6691810e-02
-4.4348420e-02
-4.4977280e-02
-4.3677110e-02
-4.5739840e-02
-4.0882850e-02
-2.0271830e-02
2.0232230e-02
6.4652640e-02
7.9083660e-02
6.1330410e-02
3.5108590e-02
8.4393650e-03
-1.2495880e-02
-2.6365600e-02
-1.9613330e-02
3.4973120e-04
9.1336920e-03
1.9145710e-02
3.1980690e-02
3.9581010e-02
4.1952250e-02
4.1333080e-02
3.9968700e-02
3.6435690e-02
2.9757140e-02
2.5416010e-02
2.0949860e-02
1.1487830e-02
2.5988780e-03
-5.9364060e-05
1.6832450e-03
6.0900290e-03
2.3412700e-03
-1.1899220e-02
-1.3849500e-02
-1.1423300e-02
-2.0427010e-02
-2.6275710e-02
-2.3322490e-02
-1.7361040e-02
-9.7353440e-03
-4.9097730e-03
2.2072650e-03
2.1408160e-02
3.9256610e-02
3.6565090e-02
2.5610600e-02
1.9539830e-02
1.6614950e-02
7.4941970e-03
1.8779840e-03
9.4830750e-03
1.2317920e-02
1.0393480e-02
3.1219600e-03
-1.5348390e-02
-1.9346600e-02
-9.8759740e-03
-5.7049620e-03
-1.0608350e-03
2.4675730e-03
-4.0973540e-03
-1.3490000e-02
-2.4043930e-02
-3.1003190e-02
-3.3399910e-02
-3.9163860e-02
-3.8520760e-02
-3.0855670e-02
-2.2573050e-02
-9.3942350e-03
8.6728930e-03
2.4385800e-02
3.1192550e-02
3.6933500e-02
4.3981840e-02
3.8299350e-02
2.0606060e-02
7.4697670e-03
-2.6525520e-03
-1.0210510e-02
-2.3505320e-02
-3.6376920e-02
-3.4067170e-02
-2.9274140e-02
-2.7187910e-02
-2.8267430e-02
-3.3627090e-02
-3.8734430e-02
-4.2557870e-02
-4.9058030e-02
-5.9464610e-02
-5.8400330e-02
-5.0091700e-02
-4.6062920e-02
-2.5770140e-02
8.2317100e-03
2.3847080e-02
1.9105000e-02
5.0534330e-03
-9.0134790e-03
-1.8469820e-02
-3.6051980e-02
-5.7255470e-02
-6.3842870e-02
-6.2852750e-02
-5.0111420e-02
-2.9856890e-02
-2.3959920e-02
-2.1967400e-02
-1.6695150e-02
-1.8709030e-02
-2.3703230e-02
-1.5284070e-02
7.6924990e-03
2.3307540e-02
2.5868280e-02
3.3803980e-02
4.4495020e-02
4.9069580e-02
6.0318720e-02
7.8410610e-02
9.3333170e-02
1.0224160e-01
9.8488060e-02
7.7547350e-02
5.0242890e-02
3.8166980e-02
5.0373100e-02
6.5031620e-02
6.5266540e-02
5.9808890e-02
5.6201270e-02
5.6981030e-02
5.7867080e-02
5.5392710e-02
4.9992040e-02
3.8731020e-02
2.0752100e-02
4.4499960e-03
-5.0985560e-03
-7.8216410e-03
-8.4811130e-03
-1.5708250e-02
-2.4004750e-02
-3.0745650e-02
-3.5672260e-02
-2.8351440e-02
-1.8941840e-02
-1.5118070e-02
-1.5333240e-02
-1.6384030e-02
-1.7006540e-02
-1.8491330e-02
-1.3975710e-02
-6.8674950e-03
-5.1285440e-03
-3.2747180e-03
-6.5710690e-03
-1.4354070e-02
-2.0320910e-02
-2.6777580e-02
-3.0661680e-02
-3.1226290e-02
-3.3224060e-02
-3.3556800e-02
-3.0995120e-02
-2.5477890e-02
-1.5315820e-02
-6.5297130e-03
-1.0728550e-03
1.4725410e-03
8.4527730e-04
-1.2388610e-03
-6.3998620e-03
-1.6067140e-02
-2.3731740e-02
-1.6994720e-02
-9.5268410e-03
-1.4512580e-02
-1.0127410e-02
-2.7647100e-03
-6.0830090e-03
-1.2198020e-02
-1.8427480e-02
-3.0952110e-02
-4.5230470e-02
-5.4391670e-02
-5.8227440e-02
-5.8307440e-02
-5.6687510e-02
-5.3731630e-02
-4.7188240e-02
-3.8004820e-02
-3.2376960e-02
-2.7263530e-02
-1.1203130e-02
1.1354820e-02
2.2234930e-02
2.4108470e-02
1.8504880e-02
9.8383850e-03
2.7670250e-03
2.1127720e-03
2.0599060e-02
4.1953690e-02
5.4273840e-02
6.2758780e-02
6.3339640e-02
6.1156440e-02
5.7623160e-02
4.0313760e-02
1.1018490e-02
-1.6245820e-02
-3.3678770e-02
-4.7694870e-02
-5.4042320e-02
-4.3102820e-02
-2.1310730e-02
-4.9776300e-03
-1.3387160e-04
1.5265710e-05
-3.4024140e-03
-1.2159350e-02
-1.7874420e-02
-1.4111910e-02
-9.9067280e-03
-9.3069780e-03
-4.2623310e-03
8.0727030e-03
2.1083950e-02
3.3824170e-02
4.2751130e-02
4.4698760e-02
4.5275550e-02
4.0389070e-02
3.2147970e-02
1.7998390e-02
2.2733640e-04
-6.3102520e-03
-2.3506840e-04
1.4617710e-02
2.1565940e-02
1.8988950e-02
1.4089100e-02
9.6557150e-03
6.2678040e-03
-8.1842790e-03
-2.6586450e-02
-3.2397380e-02
-3.1676110e-02
-3.6108040e-02
-4.5072590e-02
-4.7458370e-02
-4.4223960e-02
-4.5228220e-02
-4.8220520e-02
-4.6806560e-02
-4.0747360e-02
-4.0286230e-02
-4.1388250e-02
-3.9904670e-02
-3.9938070e-02
-4.1693920e-02
-3.8051690e-02
-2.2197300e-02
-1.1880260e-03
1.1949410e-02
2.1031380e-02
3.0678930e-02
2.9373730e-02
1.0050190e-02
-1.1751400e-02
-2.2240440e-02
-3.0987530e-02
-4.2890400e-02
-4.5221560e-02
-3.6467730e-02
-2.9438940e-02
-2.8878760e-02
-3.0553180e-02
-2.8726820e-02
-2.0106990e-02
-1.2698030e-02
-1.5981040e-02
-2.5012050e-02
-3.5442370e-02
-4.5308960e-02
-5.0046740e-02
-4.3928420e-02
-2.9025920e-02
-1.4502220e-02
-2.5792630e-03
6.9705940e-03
1.6938120e-02
2.2174370e-02
3.0198810e-02
4.5587500e-02
5.6358050e-02
6.1897530e-02
5.8182630e-02
4.6498790e-02
3.7039180e-02
2.6459190e-02
2.0920150e-02
9.4046820e-03
-1.0050120e-02
-2.9493910e-02
-4.8126940e-02
-4.7257830e-02
-3.4999490e-02
-2.4488830e-02
-3.5421330e-03
2.3668780e-02
4.3505630e-02
5.5587840e-02
5.7855950e-02
5.2790640e-02
4.7416210e-02
3.8336310e-02
1.8372960e-02
-5.4702600e-03
-2.0930520e-02
-2.8331660e-02
-3.3476230e-02
-3.2932760e-02
-1.7473540e-02
4.4594820e-03
2.1066530e-02
3.4745210e-02
4.1228880e-02
3.5130890e-02
2.4759830e-02
1.5632300e-02
1.2318270e-02
1.5967590e-02
2.2095670e-02
2.6284200e-02
3.0144090e-02
2.8262230e-02
1.2650720e-02
-4.2296160e-03
-1.1839730e-02
-1.1136030e-02
8.5179990e-06
2.1866590e-02
4.4723850e-02
5.6587420e-02
5.3461440e-02
4.7101660e-02
3.9063230e-02
2.9244570e-02
2.3376590e-02
1.8350640e-02
8.4840840e-03
-4.8974900e-03
-1.3778520e-02
-1.4262400e-02
-1.1157630e-02
-4.3456750e-03
1.3524090e-02
2.9185230e-02
3.1498780e-02
2.9275130e-02
2.6716400e-02
2.2737490e-02
1.7237690e-02
1.0344670e-02
3.1716050e-03
-8.5043870e-03
-2.0751340e-02
-2.1546200e-02
-4.7034890e-03
1.8274850e-02
3.3979640e-02
3.9165190e-02
2.6523510e-02
1.6307360e-03
-1.8480280e-02
-2.7937060e-02
-3.1450420e-02
-3.3564040e-02
-3.1374730e-02
-2.6776430e-02
-2.5298500e-02
-1.6638450e-02
-4.0267450e-04
1.3970390e-02
2.4193810e-02
2.8723300e-02
2.9546300e-02
3.1940870e-02
2.9239400e-02
1.6814290e-02
5.6512020e-03
2.1185010e-04
-4.3140730e-03
-3.3245440e-03
4.0095110e-04
4.8737520e-03
1.1892940e-02
1.4053120e-02
1.4302380e-02
1.0729940e-02
5.8725770e-03
1.5425620e-03
-3.9750180e-03
-5.9349740e-03
-4.4426470e-03
1.6269470e-03
2.1112260e-03
-2.6442880e-03
-1.9757730e-03
-5.8422160e-03
-1.1336570e-02
-9.4768660e-03
-4.7950200e-03
-6.3698610e-03
-2.1578930e-02
-3.7094450e-02
-4.0829620e-02
-3.5013530e-02
-2.0661290e-02
-5.1881930e-03
-2.5923720e-03
-5.0566800e-03
-6.4853180e-03
-5.3862430e-03
-2.8772960e-03
-7.7879590e-03
-1.9750040e-02
-2.8112230e-02
-2.6714780e-02
-2.2635890e-02
-1.1316620e-02
9.6003870e-03
3.2355700e-02
5.1801710e-02
5.8722020e-02
5.8057600e-02
5.3273580e-02
4.0187440e-02
2.8711160e-02
2.3611890e-02
2.1792440e-02
1.9959700e-02
1.2930150e-02
2.3150940e-03
-9.2723930e-03
-1.5282870e-02
-7.1814890e-03
5.4342860e-03
1.1383730e-02
1.2583410e-02
2.7875990e-03
-1.7754930e-02
-3.8572080e-02
-4.9185790e-02
-4.8871280e-02
-4.3633200e-02
-3.6885040e-02
-2.8317220e-02
-2.1745780e-02
-2.1680460e-02
-1.9247550e-02
-1.3313680e-02
-9.8401820e-03
-8.0808360e-03
-4.6846760e-03
8.4258690e-04
4.3939050e-03
3.9323250e-03
5.9191940e-03
1.4254610e-02
2.3486170e-02
3.1212550e-02
3.6529030e-02
3.6603770e-02
3.5010390e-02
3.7924010e-02
4.5474980e-02
5.2313680e-02
5.6349530e-02
6.1252340e-02
6.3723350e-02
6.1904230e-02
6.1808860e-02
6.5964690e-02
6.7374070e-02
5.9202220e-02
4.6355650e-02
3.6303940e-02
2.5505030e-02
1.0473790e-02
-1.1450360e-03
-8.3308170e-03
-1.5700430e-02
-2.0625610e-02
-1.7601380e-02
-1.0004510e-02
-6.0790350e-03
-8.8499270e-03
-1.7839430e-02
-3.0325130e-02
-4.3332660e-02
-5.5843880e-02
-6.3225740e-02
-6.0372830e-02
-5.2339080e-02
-4.9580780e-02
-4.9767300e-02
-5.0590420e-02
-4.9778950e-02
-4.3706190e-02
-3.3188270e-02
-1.8138170e-02
2.9949970e-03
2.1893160e-02
3.1808240e-02
3.2140550e-02
2.3072140e-02
1.5512420e-02
1.5305940e-02
1.6674610e-02
1.4139530e-02
5.1622760e-03
-4.8992660e-03
-1.0011370e-02
-9.4178470e-03
-6.0870910e-03
-3.0874350e-03
2.2567050e-04
6.6818620e-03
1.0436050e-02
6.1267060e-03
-1.6010850e-03
-6.7138520e-03
-8.9932980e-03
-1.0983220e-02
-1.1696780e-02
-1.0431630e-02
-1.0752050e-02
-1.4369000e-02
-1.7599520e-02
-1.4968030e-02
-9.3522760e-03
-7.2468890e-03
-1.1781010e-02
-1.7250470e-02
-2.4252420e-02
-3.4655470e-02
-3.6241300e-02
-2.6992060e-02
-1.3931860e-02
-6.3143920e-03
-7.1414900e-03
-8.9915150e-03
-8.2321180e-03
-5.2063940e-03
-1.1188750e-03
4.3558750e-03
9.8752040e-03
1.4458730e-02
1.8208420e-02
2.0967840e-02
2.1048700e-02
2.0868870e-02
2.6833200e-02
3.1271450e-02
2.5153730e-02
1.7758640e-02
1.4016700e-02
8.9146880e-03
2.0880250e-03
-2.1894770e-03
-5.5580620e-03
-7.2115650e-03
-2.8732870e-03
3.7726120e-03
9.9608690e-03
1.6134870e-02
2.1867480e-02
2.6352790e-02
2.7034410e-02
2.1409420e-02
1.0070400e-02
-1.9710460e-03
-1.0636000e-02
-1.8235800e-02
-2.6764110e-02
-3.1823810e-02
-3.4307450e-02
-3.6258270e-02
-3.5095950e-02
-2.8234330e-02
-1.5515300e-02
-4.3940620e-03
3.3206550e-03
9.1822350e-03
9.1230220e-03
5.3877090e-03
6.1303930e-03
1.4748780e-02
2.1352070e-02
1.9568000e-02
1.7976370e-02
2.1782370e-02
2.9001890e-02
3.6680730e-02
4.0801060e-02
4.3531720e-02
4.1439870e-02
3.3367590e-02
2.2591100e-02
7.9702040e-03
-5.6375740e-03
-1.8454720e-02
-2.4348610e-02
-2.4941870e-02
-3.0998340e-02
-3.4363750e-02
-3.3804040e-02
-3.1022170e-02
-2.6027050e-02
-2.3203280e-02
-2.3157990e-02
-2.7455890e-02
-3.2830210e-02
-3.3450430e-02
-2.8801350e-02
-1.9219050e-02
-7.7682860e-03
-4.0271910e-03
-1.1121980e-02
-1.9216470e-02
-2.1381150e-02
-1.6910610e-02
-1.1375750e-02
-8.0523750e-03
-5.5559430e-03
-7.5947870e-03
-1.1385010e-02
-1.0192770e-02
-2.8074500e-03
1.1579830e-02
2.9817960e-02
4.1887080e-02
4.2144510e-02
3.4961170e-02
3.2060110e-02
3.6738480e-02
3.2669130e-02
1.9270950e-02
1.1217310e-02
2.0694360e-03
-1.2046850e-02
-2.6209960e-02
-3.3652170e-02
-3.3741370e-02
-3.5106840e-02
-3.8568050e-02
-3.9275510e-02
-4.1697840e-02
-4.3419030e-02
-3.9805110e-02
-3.6499920e-02
-3.8469290e-02
-4.4043480e-02
-4.5920860e-02
-4.0507120e-02
-3.2722740e-02
-2.8890260e-02
-2.6467680e-02
-1.9911910e-02
-1.3051410e-02
-8.3446360e-03
-2.5997400e-03
5.4491220e-03
1.2097990e-02
1.1540410e-02
7.8008860e-03
3.0577290e-03
-4.5706380e-03
-1.3140690e-02
-1.9529060e-02
-2.3445700e-02
-2.3488370e-02
-2.0344550e-02
-2.0290680e-02
-2.0426290e-02
-2.0135000e-02
-1.8963340e-02
-1.4443030e-02
-1.0414730e-02
-1.2539100e-02
-1.3688850e-02
-1.2591990e-02
-1.6853720e-02
-2.0083970e-02
-1.5789620e-02
-9.7842240e-03
-8.2170600e-03
-7.5099720e-03
-6.0239900e-03
-6.4882450e-03
-1.9116480e-03
7.8346250e-03
1.4513810e-02
1.6878560e-02
1.8008290e-02
1.9372770e-02
2.1017630e-02
2.2448880e-02
2.1870370e-02
1.9025620e-02
1.4817180e-02
9.1876130e-03
3.5754740e-03
-4.2690030e-03
-1.2873260e-02
-1.5908930e-02
-1.5542530e-02
-1.7175150e-02
-1.6681270e-02
-1.0662580e-02
-6.0010110e-03
-7.8910400e-03
-1.0780200e-02
-1.2012210e-02
-1.5007840e-02
-2.0378650e-02
-2.2796260e-02
-1.9897340e-02
-1.7228620e-02
-1.2754090e-02
-2.4261480e-03
7.4268390e-03
8.7494990e-03
6.9577840e-03
9.3518710e-03
1.3876240e-02
1.7489470e-02
2.0829590e-02
2.5985320e-02
3.0666050e-02
3.2331360e-02
3.2492590e-02
3.4054290e-02
3.6446770e-02
3.9438880e-02
4.2629120e-02
4.3792430e-02
4.3453620e-02
4.4098450e-02
4.3313890e-02
4.1616050e-02
4.1608170e-02
4.3318590e-02
4.5514940e-02
4.6209610e-02
4.3406440e-02
4.1939890e-02
4.2996570e-02
4.0331150e-02
3.2825810e-02
2.5884030e-02
2.1444840e-02
1.5885630e-02
8.6263630e-03
4.7781400e-03
5.9828550e-03
7.0555890e-03
8.7944280e-03
1.3942440e-02
1.7695650e-02
1.8287480e-02
1.9493180e-02
1.9966260e-02
1.8614640e-02
1.2696930e-02
5.2938020e-03
1.0711930e-04
-9.6514320e-04
2.2208440e-03
7.6949740e-03
1.2638940e-02
1.5107360e-02
1.7000910e-02
2.0203280e-02
2.2825550e-02
2.1240420e-02
1.4958380e-02
8.1054990e-03
3.0263960e-03
9.2948760e-04
-2.9509340e-04
-1.5403250e-03
-3.8873660e-04
1.5037090e-03
1.0239820e-03
1.8191810e-03
6.8254130e-03
1.4017960e-02
1.6665120e-02
1.6196400e-02
1.8041660e-02
1.9587960e-02
1.8834180e-02
1.6422330e-02
1.4199840e-02
1.6105790e-02
1.7830300e-02
1.5927030e-02
1.3413530e-02
1.4108110e-02
1.2829070e-02
6.2934160e-03
1.0884080e-03
-3.6436680e-06
8.4831100e-04
2.9794070e-03
5.5517590e-03
8.1516620e-03
1.2138890e-02
1.4708160e-02
1.5397680e-02
1.6274320e-02
1.6629790e-02
1.5782620e-02
1.1755450e-02
2.1379020e-03
-7.9403880e-03
-1.2608720e-02
-1.5231410e-02
-1.9536110e-02
-2.0327420e-02
-1.6365030e-02
-1.2288910e-02
-8.4880820e-03
-6.0141650e-03
-5.2311520e-03
-6.1758650e-03
-5.7099900e-03
-3.8809810e-03
-1.5432920e-03
1.1452570e-03
5.5049790e-03
1.1490510e-02
1.6628190e-02
2.0902850e-02
2.2344820e-02
1.9420410e-02
1.2564200e-02
4.8902290e-03
-3.6909450e-03
-1.3556680e-02
-2.2425710e-02
-2.8429970e-02
-3.3015570e-02
-3.6013090e-02
-3.6001880e-02
-3.4813260e-02
-3.3478060e-02
-3.0176960e-02
-2.6554450e-02
-2.1689830e-02
-1.5375960e-02
-1.1257750e-02
-1.1079630e-02
-9.8738580e-03
-4.3116670e-03
3.8955580e-04
3.1609900e-03
4.1875620e-03
4.3222650e-03
4.6566010e-03
4.4393740e-03
6.6308350e-03
1.1706070e-02
1.2260400e-02
9.5831600e-03
7.5096910e-03
4.8885130e-03
2.7687020e-03
-2.6811760e-04
-5.3642610e-03
-1.1557010e-02
-1.9240430e-02
-2.5438030e-02
-2.6419430e-02
-2.4029770e-02
-2.1246290e-02
-2.0172220e-02
-2.0115980e-02
-1.6978160e-02
-1.3894590e-02
-1.2546050e-02
-1.1425160e-02
-1.0935800e-02
-1.1339230e-02
-1.3925900e-02
-1.8734550e-02
-2.1558950e-02
-2.3443380e-02
-2.2549250e-02
-1.7305240e-02
-1.0562130e-02
-3.9433790e-03
1.6801640e-03
5.7441980e-03
6.1998630e-03
6.6199080e-03
6.1224180e-03
2.0051380e-03
-1.4716100e-03
-1.5679470e-03
-4.7241050e-04
-1.5306700e-04
3.7741600e-04
3.3075750e-03
6.1301650e-03
4.9150760e-03
1.8933470e-03
7.7824430e-04
2.1569010e-04
-4.1665680e-04
2.4367580e-04
1.7054810e-03
4.3845760e-03
5.2312430e-03
6.4109240e-03
9.3239860e-03
1.1287400e-02
1.2402640e-02
1.2108110e-02
1.4124200e-02
1.8662960e-02
2.1935710e-02
2.3637610e-02
2.3995390e-02
2.3442170e-02
2.2076650e-02
2.2347210e-02
2.5906770e-02
3.1197630e-02
3.3629090e-02
3.2436180e-02
2.9726710e-02
2.6472140e-02
2.2735000e-02
1.6921560e-02
1.1839620e-02
7.4749090e-03
3.8605550e-03
3.1199700e-03
3.4068220e-03
2.1183350e-03
1.4335350e-03
1.8910890e-05
-2.5719120e-03
-5.4547020e-03
-8.4225590e-03
-9.1429780e-03
-7.6949430e-03
-4.6346130e-03
-2.4672980e-03
-2.2355860e-03
-2.7631800e-03
-2.8762320e-03
-2.8798540e-03
-2.3280210e-03
1.9630750e-03
9.2329020e-03
1.4305810e-02
1.5797170e-02
1.4095190e-02
1.0438530e-02
7.9619360e-03
7.5955010e-03
5.8903820e-03
2.5495460e-03
-1.1279510e-04
-2.4806400e-03
-5.1781640e-03
-6.8115940e-03
-8.9840020e-03
-1.0658310e-02
-1.0085740e-02
-7.6000830e-03
-1.2782720e-03
3.0306900e-03
2.6876390e-04
-7.1313840e-03
-1.8019020e-02
-2.9159540e-02
-3.7313600e-02
-4.3078130e-02
-4.4489060e-02
-4.1411050e-02
-3.7754590e-02
-3.2551280e-02
-2.6775210e-02
-2.2588450e-02
-2.3562360e-02
-2.9721810e-02
-3.3097410e-02
-3.3795980e-02
-3.5064580e-02
-3.3047560e-02
-2.6849010e-02
-2.0464330e-02
-1.3856180e-02
-7.5686090e-03
-5.3201480e-03
-4.1522640e-03
-3.9459940e-03
-7.1438150e-03
-1.1499830e-02
-1.2833920e-02
-1.2357510e-02
-1.3335040e-02
-1.2877530e-02
-1.0693150e-02
-7.8944410e-03
-5.8154570e-03
-3.5891460e-03
6.1918860e-04
5.2114750e-03
8.8368960e-03
1.0932650e-02
9.8768640e-03
5.3645090e-03
7.8191970e-04
-1.2366480e-03
-3.2360370e-03
-5.9532760e-03
-8.8220840e-03
-1.1462210e-02
-1.3718490e-02
-1.5523880e-02
-1.7898400e-02
-2.0073690e-02
-2.0049330e-02
-2.0337920e-02
-2.1130490e-02
-2.2149510e-02
-2.2535590e-02
-2.0476780e-02
-1.8036580e-02
-1.5727860e-02
-1.3665920e-02
-1.4271450e-02
-1.5494790e-02
-1.4015760e-02
-1.1800390e-02
-1.1530070e-02
-1.3036950e-02
-1.5261630e-02
-1.9591150e-02
-2.4382510e-02
-2.6097050e-02
-2.4795970e-02
-1.9803180e-02
-1.3735310e-02
-9.5225810e-03
-6.4826210e-03
-3.7712320e-03
-6.1630270e-04
1.1566580e-03
2.9600840e-03
3.8632620e-03
3.9637090e-03
3.5224610e-03
3.5403890e-03
4.6499060e-03
4.1205150e-03
3.5108390e-03
3.3160700e-03
-9.0378100e-05
-3.4320730e-03
-5.6030900e-03
-6.3764510e-03
-7.0001780e-03
-9.9593550e-03
-1.2935420e-02
-1.4607950e-02
-1.4900040e-02
-1.2976920e-02
-1.0809680e-02
-8.1339690e-03
-6.6286500e-03
-5.7772570e-03
-5.7785800e-03
-8.3677930e-03
-1.1274320e-02
-1.4584040e-02
-1.8751280e-02
-1.9643500e-02
-1.7083900e-02
-1.2146460e-02
-6.0143280e-03
1.7636360e-03
9.9870660e-03
1.3825980e-02
1.4684180e-02
1.5188890e-02
1.5912780e-02
1.4369020e-02
1.1428240e-02
9.7532100e-03
9.9322980e-03
1.0784520e-02
1.3343350e-02
1.7380740e-02
2.3477630e-02
3.0005630e-02
3.6092230e-02
3.9083410e-02
3.8472830e-02
3.4967010e-02
2.9690800e-02
2.2681500e-02
1.4909230e-02
9.5002210e-03
7.5081760e-03
6.8779620e-03
7.9863190e-03
1.2151030e-02
1.5627040e-02
1.7992150e-02
1.8240290e-02
1.8097300e-02
1.8675270e-02
1.6475460e-02
1.2961290e-02
1.0073480e-02
8.3681300e-03
8.0748190e-03
1.0459800e-02
1.5645190e-02
1.8581820e-02
1.7086240e-02
1.3601950e-02
1.1992280e-02
1.0845020e-02
7.3076260e-03
5.3368580e-03
4.8784970e-03
3.1777910e-03
-1.3307690e-03
-6.4461940e-03
-8.9119250e-03
-9.9684530e-03
-1.3723980e-02
-1.8075610e-02
-2.0267640e-02
-2.2627040e-02
-2.5850130e-02
-2.8295590e-02
-2.8072110e-02
-2.5799860e-02
-2.4757370e-02
-2.4934660e-02
-2.3852870e-02
-2.0282200e-02
-1.5309370e-02
