0.01
-6.0107830e-02
-7.3557740e-02
-8.2194570e-02
-7.3486070e-02
-6.0055990e-02
-4.2344980e-02
-2.7985620e-02
-1.5576290e-02
-1.4474120e-02
-2.6709070e-02
-2.7108390e-02
-1.3277870e-02
4.7880740e-04
1.1058980e-02
1.4313180e-02
1.2864880e-02
7.1133730e-03
1.2973720e-02
3.4735120e-02
6.1190220e-02
8.0942110e-02
9.0584340e-02
7.0525900e-02
2.2029550e-02
-1.6911360e-02
-5.0610200e-02
-7.4798030e-02
-7.9884610e-02
-7.2243160e-02
-6.2461020e-02
-6.5409940e-02
-6.6658380e-02
-5.4871210e-02
-2.6915360e-02
1.1056560e-02
2.8744630e-02
3.1679340e-02
4.1012000e-02
3.8110850e-02
2.7223430e-02
1.9182950e-02
-1.1822580e-03
-2.3254310e-02
-4.2848100e-02
-4.3513630e-02
-1.5444660e-02
1.9127660e-02
4.8724030e-02
6.1963630e-02
4.3301490e-02
-1.3644250e-04
-5.4239520e-02
-8.7310070e-02
-9.2718680e-02
-7.6123300e-02
-6.2977950e-02
-5.3023920e-02
-3.8726870e-02
-2.8203930e-02
-3.4088200e-02
-5.6919590e-02
-8.3728670e-02
-9.0172660e-02
-7.6637010e-02
-6.0066640e-02
-4.2770450e-02
-1.9642440e-02
1.3076650e-02
2.9256210e-02
2.0448250e-02
1.6057840e-02
3.4451660e-02
5.8284960e-02
8.0571980e-02
9.8639550e-02
1.0542560e-01
1.1936070e-01
1.3667330e-01
1.3020400e-01
1.1555240e-01
9.8516290e-02
8.2331520e-02
8.2092740e-02
8.4681300e-02
6.8273760e-02
4.8510450e-02
2.6085390e-02
9.0932120e-03
-2.9423420e-02
-7.5320580e-02
-9.2973760e-02
-8.7960750e-02
-7.6674420e-02
-5.9140140e-02
-4.0523900e-02
-3.6263210e-02
-4.8061750e-02
-5.9159700e-02
-4.6389420e-02
-1.2956090e-02
1.9512280e-02
4.0062480e-02
4.7820770e-02
2.9435640e-02
3.3348340e-03
-5.7042170e-03
1.5270890e-02
4.5814550e-02
6.2251830e-02
6.1852920e-02
4.1351690e-02
1.7482980e-02
-1.9388860e-03
-2.4836810e-02
-5.4369300e-02
-7.4216550e-02
-7.7374630e-02
-7.2042390e-02
-7.0851230e-02
-8.7512300e-02
-9.7092850e-02
-8.8560440e-02
-7.2619730e-02
-6.3081250e-02
-6.0638290e-02
-4.9762300e-02
-4.6633590e-02
-3.8663400e-02
-2.0823160e-02
-6.3950180e-03
-4.2628490e-03
-1.4371800e-02
-2.6265060e-02
-3.6068930e-02
-2.2430360e-02
2.1201280e-02
6.9836760e-02
1.0755910e-01
1.3259890e-01
1.4760720e-01
1.3972610e-01
1.3138840e-01
1.2776110e-01
1.2233580e-01
1.1358940e-01
9.8003380e-02
7.0783480e-02
4.9280160e-02
3.5836700e-02
4.6228580e-02
6.1965820e-02
7.0667190e-02
7.4192940e-02
6.4870230e-02
3.7081840e-02
1.2118790e-03
-3.5396250e-02
-5.6687600e-02
-7.1868050e-02
-8.5528460e-02
-8.3119830e-02
-6.5003700e-02
-3.9847010e-02
-2.7654680e-02
-4.1075030e-02
-5.3716140e-02
-5.8938330e-02
-7.2716550e-02
-8.7354400e-02
-1.0241970e-01
-1.0566180e-01
-1.0142930e-01
-8.2315310e-02
-6.1250010e-02
-4.6076700e-02
-3.5041560e-02
-2.5316920e-02
-4.7805850e-04
3.3521130e-02
6.2683880e-02
8.5260070e-02
9.1953640e-02
7.8845490e-02
5.8481340e-02
2.2542540e-02
-1.2890190e-02
-2.6576020e-02
-3.0406470e-02
-3.4252000e-02
-2.2867430e-02
4.7772790e-03
1.6736980e-02
2.1890810e-02
1.0607100e-02
-1.0581030e-02
-3.8805050e-02
-5.9543320e-02
-4.4052050e-02
-1.5847830e-02
2.2346490e-03
5.9506210e-04
-1.0042330e-02
-1.2370990e-02
-2.4436360e-02
-1.9228160e-02
1.0187020e-02
3.9420180e-02
3.7365680e-02
2.0304380e-02
3.1323300e-03
-8.2293490e-03
1.3606050e-03
1.0303890e-02
2.6128630e-02
5.1788600e-02
5.5595760e-02
6.6634570e-02
7.8108980e-02
7.7357720e-02
7.1793180e-02
7.2033490e-02
8.5975270e-02
9.6997460e-02
7.9497550e-02
5.3893500e-02
1.4450450e-02
-2.9625040e-02
-6.5366060e-02
-7.4300270e-02
-6.1027540e-02
-3.8643660e-02
-2.3502060e-02
-2.8502900e-02
-5.0169420e-02
-7.0714550e-02
-7.8082320e-02
-6.0140490e-02
-2.9488550e-02
-4.4862630e-03
1.9722850e-02
3.8360760e-02
6.3734930e-02
9.1424630e-02
1.0439750e-01
1.0822620e-01
9.7601150e-02
6.3653290e-02
2.3528400e-02
2.9979800e-03
2.1802580e-03
-3.1848830e-03
-2.2659050e-02
-3.9208470e-02
-5.1374540e-02
-6.7411120e-02
-8.6481680e-02
-8.0105050e-02
-4.7551890e-02
-1.7994910e-02
-1.7202030e-03
-1.3505510e-03
-1.8546770e-02
-4.1667350e-02
-6.8843800e-02
-8.8720690e-02
-9.1965590e-02
-9.0421910e-02
-7.7860890e-02
-5.4207330e-02
-3.8210340e-02
-2.7331990e-02
-2.2289670e-02
-9.2047820e-03
1.2806920e-02
3.5398340e-02
5.8502520e-02
8.1637370e-02
8.6616010e-02
6.2433890e-02
3.7645680e-02
1.9240620e-02
1.3471890e-02
2.5366770e-02
4.6202390e-02
6.9355990e-02
7.5168680e-02
5.2155300e-02
2.1555660e-02
8.2195830e-03
5.8628760e-03
1.1962760e-02
1.1686810e-02
7.2545020e-03
-3.6875490e-03
-5.6119680e-03
-1.4778080e-02
-1.9892110e-02
-8.7465980e-03
-2.1467200e-03
5.1293200e-03
1.2457860e-02
1.3735550e-02
1.2367900e-02
1.7102620e-02
3.0411830e-02
4.7537240e-02
5.0385400e-02
3.8075800e-02
1.7443350e-02
6.0302210e-03
5.2407070e-03
1.2409800e-02
1.8268910e-02
1.9504060e-02
2.3268230e-02
1.6374300e-02
1.3290010e-03
-1.8174510e-02
-3.9099640e-02
-4.7253640e-02
-4.2051000e-02
-2.0114480e-02
6.1517140e-03
3.4784550e-02
4.4899550e-02
3.1137620e-02
4.2014600e-03
-2.3149170e-02
-4.5660490e-02
-5.5763010e-02
-5.6358730e-02
-3.7605880e-02
-1.4623810e-02
9.7667840e-03
1.8040870e-02
2.0304740e-02
2.2184820e-02
1.2409580e-02
-1.4950330e-02
-3.4353700e-02
-3.9996780e-02
-4.2256100e-02
-2.3582850e-02
-2.1169620e-03
1.0940440e-02
1.6660270e-02
3.9198070e-03
-1.2298580e-02
-1.7244710e-02
-1.5456600e-02
-8.0086580e-03
7.2392800e-03
3.1905330e-02
5.0289520e-02
4.4127960e-02
1.2027010e-02
-2.7842420e-02
-6.5059710e-02
-9.3152190e-02
-1.0463450e-01
-8.7221760e-02
-4.8567090e-02
1.0696020e-03
3.6588370e-02
7.3356300e-02
9.3312790e-02
9.5487240e-02
7.9674870e-02
4.9113460e-02
1.4911300e-02
-5.8063980e-03
-1.1556290e-02
-9.5869170e-03
1.7718840e-03
1.4723590e-03
-8.2916240e-03
-7.3036630e-03
1.5453720e-03
7.4506460e-03
1.6005340e-02
3.0701370e-02
4.1793500e-02
3.4913140e-02
3.1658320e-02
4.2879590e-02
5.1491240e-02
5.1009880e-02
3.1658010e-02
1.7644420e-02
2.5348820e-02
5.3636130e-02
6.4887390e-02
7.2342530e-02
8.1124390e-02
6.9221960e-02
4.3681840e-02
2.1084250e-02
1.8292790e-02
2.0356250e-02
1.7281140e-02
8.9459420e-04
-1.6412180e-02
-4.3687110e-02
-7.3734030e-02
-8.4704850e-02
-8.0707200e-02
-7.1138240e-02
-5.8762670e-02
-4.9660540e-02
-3.2083840e-02
-1.7928290e-02
-6.3474260e-03
-2.2697800e-03
2.2205060e-03
4.9590240e-03
-6.3252670e-03
-1.6621270e-02
-2.1639050e-02
-1.6016750e-02
-1.4379120e-02
-2.8727920e-02
-4.0562720e-02
-4.5313730e-02
-5.9100980e-02
-6.0894920e-02
-4.7240430e-02
-3.4275340e-02
-2.9282820e-02
-2.3227940e-02
-1.0413750e-02
2.0976080e-03
7.8106850e-03
1.3134600e-02
1.8377850e-02
2.3941920e-02
2.4115080e-02
1.3827890e-02
2.1980350e-03
2.0557090e-03
1.2334880e-02
2.0536890e-02
2.3114780e-02
3.3436430e-02
3.8874870e-02
2.7184990e-02
2.7092240e-02
3.6298080e-02
3.4396620e-02
4.4317720e-02
7.4018910e-02
8.8929410e-02
8.4811950e-02
7.6492260e-02
8.4828650e-02
9.5453120e-02
9.6579410e-02
9.1767930e-02
8.1607200e-02
5.9723270e-02
3.1265220e-02
9.3005940e-03
-1.5344140e-02
-4.7257140e-02
-7.7330900e-02
-8.8480420e-02
-8.8376480e-02
-7.7705010e-02
-7.1246950e-02
-5.6534990e-02
-4.4988480e-02
-4.1272940e-02
-3.8666810e-02
-3.9764010e-02
-4.9255840e-02
-6.7865610e-02
-7.6341940e-02
-5.4109780e-02
-2.4921450e-02
-9.0880360e-03
-7.0588410e-03
-1.9479360e-02
-4.3193650e-02
-7.9454590e-02
-1.0925870e-01
-1.2766090e-01
-1.3834120e-01
-1.4298650e-01
-1.4563890e-01
-1.3919330e-01
-1.1857860e-01
-1.0979130e-01
-8.1370770e-02
-4.7093570e-02
-3.3690320e-02
-3.3402320e-02
-3.1032770e-02
-1.5873270e-02
-6.4023540e-03
1.3537590e-02
3.1615270e-02
4.2517660e-02
3.8718020e-02
2.1230350e-02
1.1094820e-02
2.4731980e-02
3.1563770e-02
1.6950990e-02
-1.8218340e-02
-3.8469140e-02
-1.1664980e-02
4.5718380e-02
9.6084340e-02
1.1574600e-01
9.9827430e-02
8.3026360e-02
7.0832230e-02
4.5763370e-02
1.4921050e-02
-9.6127160e-03
-2.1200260e-02
-2.3051020e-02
-1.1309220e-02
1.1551910e-02
1.7222020e-02
3.9196010e-03
-1.1781860e-02
-2.2302270e-02
-3.6443870e-02
-3.4119960e-02
-1.2903640e-02
3.4277940e-03
4.2195580e-03
7.5086780e-03
7.6772720e-03
-4.2797930e-03
-2.5272310e-02
-4.9076750e-02
-8.3740880e-02
-1.1298380e-01
-1.1320160e-01
-8.9862360e-02
-4.3810120e-02
6.3229050e-03
4.2728100e-02
3.6806170e-02
-6.4468940e-03
-6.6857600e-02
-9.6643150e-02
-8.6008860e-02
-5.4207030e-02
-7.7409640e-03
3.8505490e-02
7.9754930e-02
9.3436390e-02
5.7074850e-02
1.3104000e-02
-7.4195520e-03
-2.1781120e-02
-3.8644100e-02
-1.6356790e-02
4.0292260e-02
8.5530600e-02
9.3953700e-02
8.3833450e-02
7.1714480e-02
5.1758480e-02
1.8294500e-02
-1.4873980e-02
-3.9255220e-02
-5.0112610e-02
-5.6338100e-02
-3.9663110e-02
4.2917900e-03
5.4977350e-02
9.8204030e-02
1.0655260e-01
8.5797050e-02
5.7854600e-02
3.9164810e-02
1.8854880e-02
-7.5476830e-03
-3.1042550e-02
-3.6143800e-02
-2.6610630e-02
-2.9611670e-03
1.7289640e-02
2.7293620e-02
3.0766460e-02
3.2747550e-02
3.3177980e-02
2.5719570e-02
2.0471230e-02
1.7499240e-02
5.8809110e-03
-2.1786550e-02
-4.0535640e-02
-4.6270020e-02
-4.0137130e-02
-3.8010910e-02
-4.7169930e-02
-5.9220540e-02
-6.2740340e-02
-6.0101510e-02
-5.6746520e-02
-3.5012650e-02
1.4196060e-03
1.9290420e-02
2.1125900e-02
1.6516580e-02
5.1705940e-03
3.3948910e-04
8.2172370e-03
2.4924130e-02
2.6539920e-02
8.9276370e-03
-1.9128290e-02
-3.4499190e-02
-3.7309550e-02
-3.9352000e-02
-4.6880220e-02
-4.5537550e-02
-3.2389690e-02
-1.4667340e-02
-1.4467190e-02
-1.8371260e-02
-2.7831320e-02
-2.1227360e-02
8.5772850e-03
2.8066610e-02
4.1538020e-02
6.3733200e-02
7.0147920e-02
4.5212520e-02
2.3431560e-02
-1.3811080e-03
-3.2716670e-02
-3.4027970e-02
-1.1808040e-02
1.2775140e-02
3.2963300e-02
4.9189340e-02
5.2151870e-02
3.7064810e-02
8.8282480e-03
-1.3404400e-02
-1.8861120e-02
-9.7534270e-03
7.9862730e-03
2.2374790e-02
2.5630430e-02
1.4673040e-02
7.4291260e-05
-2.7485250e-03
-1.5824040e-02
-4.2566370e-02
-7.4951630e-02
-8.9433320e-02
-8.1367650e-02
-4.8764880e-02
-2.6007840e-02
-5.5707270e-03
1.5911030e-02
3.2636900e-02
4.9398610e-02
6.4374630e-02
5.4265020e-02
2.0201160e-02
-3.3296150e-03
-2.4496900e-02
-4.1885630e-02
-4.9269810e-02
-5.2967900e-02
-5.2652080e-02
-5.2606810e-02
-4.0550080e-02
-1.8521150e-02
1.6134840e-02
3.5783260e-02
3.3581030e-02
2.0476490e-02
-1.3066210e-03
-2.5465000e-02
-4.2498340e-02
-3.9677980e-02
-1.8440060e-02
1.2284000e-02
4.6967120e-02
8.3341770e-02
1.0005160e-01
9.0366410e-02
6.2562280e-02
2.9881700e-02
-1.7748950e-03
-1.5472690e-02
-1.7186570e-02
-8.6629410e-03
8.9792850e-03
2.8961410e-02
3.4390570e-02
3.4268160e-02
3.7426910e-02
3.7916340e-02
3.5520940e-02
3.3664630e-02
3.5847140e-02
5.2033440e-02
7.1206170e-02
7.5831020e-02
7.1852590e-02
6.5721630e-02
6.1548810e-02
3.6301860e-02
1.0311050e-02
-9.7018050e-03
-2.5667100e-02
-3.6172200e-02
-5.3182560e-02
-6.7218990e-02
-6.9033660e-02
-6.4936910e-02
-6.4957770e-02
-5.8392570e-02
-5.7232400e-02
-5.5521970e-02
-6.8131110e-02
-7.2009990e-02
-7.0656060e-02
-4.6476520e-02
-3.2362370e-03
2.9250740e-02
4.1184810e-02
5.2773840e-02
5.4258740e-02
4.6355030e-02
3.6729420e-02
2.7168350e-02
2.7695780e-02
3.4785640e-02
5.3104700e-02
7.0481970e-02
7.3538420e-02
6.6094030e-02
4.9928080e-02
3.7245620e-02
2.8331930e-02
2.1539590e-02
1.0704600e-02
1.2305780e-03
-4.5772990e-04
1.4296850e-02
3.4648390e-02
3.4423180e-02
2.9875660e-02
2.1749250e-02
-9.4615760e-03
-5.4569890e-02
-9.5011070e-02
-1.0340720e-01
-8.7146160e-02
-6.6745420e-02
-4.5129100e-02
-3.6533020e-03
3.2392970e-02
6.9280370e-02
8.1977150e-02
7.2906220e-02
5.3583650e-02
3.6605590e-02
2.4329260e-02
2.5055050e-02
3.0854350e-02
3.2042620e-02
2.2128620e-02
2.2210670e-02
2.7154690e-02
4.6981020e-02
6.1716950e-02
5.4180810e-02
3.7423920e-02
1.3968180e-02
-1.7419940e-02
-4.7656240e-02
-6.3264240e-02
-5.3691710e-02
-4.5443150e-02
-4.0021470e-02
-2.8388860e-02
-2.1200750e-02
-1.0854550e-02
-9.3199950e-03
-1.1062940e-03
1.1929630e-02
1.5055340e-02
1.7240280e-02
2.8430400e-02
3.0163870e-02
1.9088100e-02
3.0295420e-03
-1.2359750e-02
-2.7220810e-02
-3.2979320e-02
-2.6560820e-02
-2.1619270e-03
4.2247700e-02
8.2357620e-02
1.1925940e-01
1.4163460e-01
1.3240280e-01
1.0699470e-01
8.0757180e-02
7.1491860e-02
6.4776490e-02
5.7671810e-02
4.8446920e-02
3.7646740e-02
1.7563240e-02
-7.9250320e-03
-3.3061560e-02
-5.3734470e-02
-7.1335970e-02
-7.4963110e-02
-6.6537750e-02
-4.2964860e-02
-1.1824970e-02
1.9849010e-02
4.2968460e-02
6.3399640e-02
7.8472390e-02
7.6440500e-02
6.0271150e-02
2.7014070e-02
5.2178460e-03
-1.8276730e-02
-4.5024520e-02
-6.7008350e-02
-7.7826670e-02
-7.4069400e-02
-7.5897550e-02
-8.3766420e-02
-8.9936720e-02
-9.0027040e-02
-8.6453210e-02
-8.1898710e-02
-8.2325850e-02
-7.9760280e-02
-6.9209810e-02
-5.9161920e-02
-5.4573730e-02
-5.4217950e-02
-5.1209760e-02
-5.6766010e-02
-7.1135300e-02
-9.3860410e-02
-1.1662200e-01
-1.3625850e-01
-1.5018060e-01
-1.5711050e-01
-1.4467810e-01
-1.2919820e-01
-1.0189440e-01
-7.7650480e-02
-6.0467380e-02
-5.0427800e-02
-5.7479180e-02
-7.9927920e-02
-8.0761240e-02
-5.6793270e-02
-2.6425060e-02
5.3651090e-03
4.1876520e-02
7.1088650e-02
9.7035130e-02
1.1390560e-01
1.2152300e-01
1.1713750e-01
1.0453410e-01
8.0188740e-02
6.4401360e-02
4.3033780e-02
2.6845100e-02
1.5220990e-02
3.2376030e-03
-2.8471530e-03
-6.3106160e-03
-3.9936150e-04
6.4370930e-03
1.9876310e-02
3.1108760e-02
4.3027200e-02
5.2992070e-02
5.3963550e-02
3.6117190e-02
1.5094410e-02
3.6384030e-03
7.1961540e-03
1.5435610e-02
2.6966680e-02
3.3217930e-02
3.7682400e-02
4.2537530e-02
5.7966640e-02
7.3797540e-02
8.9615370e-02
1.0455650e-01
1.0869150e-01
9.3915290e-02
8.0642880e-02
6.9985610e-02
5.7716810e-02
3.8606210e-02
9.6072930e-03
-1.0109230e-02
-1.1208020e-02
-1.3644750e-03
6.9353270e-03
4.1178560e-03
2.1530240e-03
-5.4528480e-03
-2.1236950e-02
-3.9482700e-02
-5.6722060e-02
-6.0820400e-02
-4.9513330e-02
-3.7747270e-02
-2.9570390e-02
-2.2845670e-02
-1.4603120e-02
-1.4416550e-02
-2.1398770e-02
-3.1174460e-02
-3.9131230e-02
-3.8176870e-02
-3.3035720e-02
-3.2459160e-02
-1.6074830e-02
6.0684920e-03
2.5672420e-02
4.3522080e-02
6.2764650e-02
7.5447510e-02
6.7785460e-02
5.0916880e-02
3.5279650e-02
2.2432040e-02
9.3000260e-03
-3.0705680e-03
-1.4941000e-02
-1.8701190e-02
-1.4840720e-02
-2.7239820e-03
1.0556840e-02
1.5012720e-02
1.2005830e-02
3.7592310e-03
-1.0924620e-02
-3.5307840e-02
-4.5346850e-02
-3.7247290e-02
-2.9083600e-02
-2.7576370e-02
-2.2438200e-02
-1.8983820e-02
-1.2547810e-02
1.5317520e-04
4.6009550e-03
2.0140970e-03
6.9668290e-03
7.8345460e-03
8.0616180e-03
4.2189260e-04
-6.4490530e-03
-1.2549290e-02
-1.2305750e-02
-1.5797360e-02
-1.5515980e-02
-1.4547440e-02
3.8632690e-03
3.2427110e-02
6.7712720e-02
8.9709620e-02
1.0664780e-01
1.2721710e-01
1.2955780e-01
1.1177260e-01
9.2296000e-02
9.0208170e-02
1.0110290e-01
9.6797460e-02
7.5738260e-02
5.6720830e-02
3.5198580e-02
7.8720410e-03
-2.1493590e-02
-3.3699660e-02
-3.5703110e-02
-4.4965520e-02
-5.0692260e-02
-4.6894570e-02
-5.0761910e-02
-6.9304930e-02
-9.5441290e-02
-1.0316920e-01
-8.6561300e-02
-7.1670000e-02
-6.0373730e-02
-5.2234490e-02
-4.7770950e-02
-4.5571420e-02
-4.2611740e-02
-3.4216040e-02
-2.2274400e-02
-2.8209770e-02
-3.9234320e-02
-5.2953500e-02
-7.0786870e-02
-8.6811550e-02
-9.4327630e-02
-1.0189120e-01
-1.0441680e-01
-9.5515420e-02
-8.2523210e-02
-7.2019740e-02
-6.4431390e-02
-5.3280250e-02
-4.4755930e-02
-3.6815800e-02
-2.9925210e-02
-3.4298680e-03
2.8423980e-02
5.5596570e-02
7.3183700e-02
7.9298850e-02
8.1923070e-02
7.2708360e-02
6.4818460e-02
6.5676330e-02
5.3275360e-02
3.4537840e-02
1.6628380e-02
7.8750520e-03
4.8951520e-03
4.2102650e-03
8.3813630e-03
1.6097670e-02
1.0871910e-02
-3.0977960e-02
-7.4043520e-02
-8.9255150e-02
-7.8393900e-02
-4.9400880e-02
-9.6901400e-03
3.6749720e-02
7.5308350e-02
9.7405230e-02
1.0185280e-01
8.9614780e-02
8.1347460e-02
7.4478540e-02
6.9929670e-02
7.3793810e-02
8.0798810e-02
9.0805040e-02
1.0057230e-01
1.0791070e-01
9.7530270e-02
8.2242910e-02
6.7057400e-02
5.8799450e-02
5.9564300e-02
6.0103160e-02
6.1005430e-02
5.6820260e-02
5.1463210e-02
4.4172840e-02
3.0525280e-02
2.4662380e-02
2.0034520e-02
1.5898070e-02
6.7058140e-03
-3.8702010e-03
-1.6944660e-02
-2.9860420e-02
-4.7109300e-02
-6.8956320e-02
-8.3530310e-02
-9.0801440e-02
-9.1756260e-02
-9.2423640e-02
-9.0884650e-02
-8.7684200e-02
-7.9759000e-02
-7.9323410e-02
-7.0113160e-02
-6.2379130e-02
-6.2947800e-02
-6.7173760e-02
-7.5320070e-02
-8.3373270e-02
-8.9176770e-02
-1.0319830e-01
-1.0316220e-01
-9.5660210e-02
-9.4472230e-02
-1.0130780e-01
-1.1493780e-01
-1.1478180e-01
-9.5981860e-02
-7.5586190e-02
-5.0985280e-02
-2.5454640e-02
-7.3601980e-04
1.9251730e-02
3.4080090e-02
3.6456010e-02
5.3327700e-02
7.5863210e-02
8.8853270e-02
9.1726880e-02
8.5540720e-02
6.8956160e-02
4.8215990e-02
3.4258630e-02
3.5792960e-02
3.7569510e-02
4.3862470e-02
4.9569530e-02
5.3981130e-02
5.9721950e-02
5.0407870e-02
4.3810540e-02
4.9001900e-02
6.8944100e-02
7.6553990e-02
6.6959260e-02
5.1040240e-02
3.6520190e-02
2.3859410e-02
1.3353770e-02
2.6583120e-02
5.2608610e-02
7.0280000e-02
7.3639840e-02
5.3165270e-02
3.5205170e-02
1.2060440e-02
-1.1941870e-02
-3.2877350e-02
-3.6602060e-02
-2.3500250e-02
-1.0737220e-02
-7.9406810e-03
-7.7303120e-03
-1.4080460e-02
-3.1300740e-02
-4.9340110e-02
-7.2678050e-02
-8.7464860e-02
-8.7778710e-02
-8.2562700e-02
-8.3558210e-02
-7.8437790e-02
-5.6508980e-02
-3.1630750e-02
-2.1532170e-02
-2.0873650e-02
-1.8700960e-02
-1.6677430e-02
-1.6901140e-02
-2.0452060e-02
-2.6170300e-02
-2.8389840e-02
-3.5380440e-02
-3.9947900e-02
-4.7832340e-02
-4.9444000e-02
-4.3164000e-02
-2.4401360e-02
-2.3326000e-02
-2.6661330e-02
-1.9179600e-02
-1.1792630e-02
-9.5097800e-03
2.5423630e-03
2.0731590e-02
3.2513540e-02
4.4841860e-02
5.0891720e-02
5.9973140e-02
7.7512140e-02
8.7166780e-02
8.8903270e-02
8.7150520e-02
9.0768270e-02
9.1393330e-02
9.8527340e-02
9.4885070e-02
8.4651590e-02
8.6573140e-02
7.9593730e-02
6.4528300e-02
4.7949010e-02
3.7653440e-02
3.1157150e-02
3.0688520e-02
3.1228680e-02
4.1840670e-02
4.4027060e-02
3.5203330e-02
2.2027280e-02
3.7914040e-03
-1.9225370e-02
-3.0042460e-02
-4.6749340e-02
-6.6241190e-02
-8.8044930e-02
-1.0988480e-01
-1.3023760e-01
-1.3496130e-01
-1.4202960e-01
-1.4211850e-01
-1.2027110e-01
-8.8915740e-02
-6.1892290e-02
-3.6549130e-02
-2.2790640e-02
-2.3685550e-02
-2.3584550e-02
-2.9801050e-02
-4.1610600e-02
-4.8078390e-02
-3.7007370e-02
-1.6801650e-02
-1.2498410e-02
-1.8998970e-03
1.5606930e-02
1.4679220e-02
1.8125110e-02
9.7194130e-03
-4.6742570e-03
-5.6452580e-03
1.1811280e-03
1.1741620e-02
2.9839420e-02
5.3195420e-02
6.5887380e-02
6.8388170e-02
6.0300710e-02
5.2348420e-02
4.9606620e-02
4.2727080e-02
3.4443280e-02
2.9095440e-02
3.4012870e-02
3.6138350e-02
3.9697640e-02
3.7656530e-02
3.3010390e-02
3.3076120e-02
2.1496010e-02
2.0511970e-04
-6.5602050e-03
-4.0693820e-03
-1.0583730e-02
-1.7826100e-02
-2.5526150e-02
-1.2135340e-02
8.5057600e-03
3.1482640e-02
3.8704310e-02
2.9843070e-02
1.6974210e-02
-9.0392960e-03
-4.5910950e-02
-6.9239380e-02
-8.2242070e-02
-9.6237130e-02
-9.8820620e-02
-9.6641550e-02
-8.5332670e-02
-8.0980520e-02
-7.8872960e-02
-8.7274820e-02
-9.6590220e-02
-9.3433020e-02
-7.9745560e-02
-5.1761820e-02
-1.9504780e-02
-2.4652830e-03
-4.7620320e-03
-1.1869040e-02
-2.5568920e-02
-3.9938190e-02
-5.6117380e-02
-7.2102010e-02
-7.3944770e-02
-5.6203820e-02
-2.6315070e-02
4.2876520e-03
1.7946750e-02
1.8336230e-02
4.9353600e-03
-3.4680320e-03
-6.1763330e-03
2.0964930e-03
3.1949150e-02
6.0026570e-02
7.3002060e-02
7.1406670e-02
7.6826410e-02
7.8907660e-02
6.6340690e-02
5.3035060e-02
4.6901030e-02
3.7314640e-02
2.0617540e-02
6.0710610e-03
1.2198310e-02
3.2114920e-02
4.7985570e-02
5.7162200e-02
7.3393890e-02
9.1444290e-02
1.0014600e-01
1.0096790e-01
1.0734160e-01
1.1439850e-01
1.1121950e-01
1.0563380e-01
9.9728070e-02
8.4688990e-02
5.6233730e-02
2.3737220e-02
-1.6928430e-03
-2.1745110e-02
-4.5150150e-02
-5.3851590e-02
-4.9892410e-02
-5.3454360e-02
-6.2328550e-02
-6.3502680e-02
-5.1720280e-02
-2.4948060e-02
-8.0156060e-03
-3.6827510e-03
-1.0819670e-02
-2.5336910e-02
-3.9308800e-02
-4.3302980e-02
-4.8714610e-02
-5.4136600e-02
-4.8161120e-02
-3.2102410e-02
-1.3331760e-02
-5.0722020e-03
-1.1433880e-02
-1.9458330e-02
-1.9759650e-02
-2.3367540e-02
-2.4823870e-02
-1.9943990e-02
-1.6204820e-02
-1.7038490e-02
-7.8718370e-03
9.6426220e-03
2.4093110e-02
2.1869640e-02
1.6257480e-02
5.1399350e-03
-6.7637680e-03
-1.5536160e-02
-2.4463920e-02
-2.8781260e-02
-3.0573100e-02
-2.7116640e-02
-2.0294380e-02
-1.2144110e-02
-1.3619890e-02
-9.0519210e-03
-6.7230030e-03
-1.2070970e-02
-2.2937420e-02
-3.1461180e-02
-4.1255850e-02
-5.5095710e-02
-6.4943410e-02
-6.4967330e-02
-7.3129320e-02
-8.5733900e-02
-1.0119290e-01
-1.0599480e-01
-1.0727030e-01
-1.0005550e-01
-7.3871510e-02
-4.0530980e-02
-3.6501050e-03
2.1277310e-02
2.1199310e-02
1.6999130e-02
1.0225360e-02
1.6386480e-03
-1.6074290e-03
-2.8958750e-03
8.9535790e-03
2.1153410e-02
3.0683010e-02
4.3208520e-02
6.6837340e-02
8.9857170e-02
9.6994730e-02
1.0039850e-01
1.0264280e-01
1.0109460e-01
9.5115130e-02
8.3868950e-02
7.3580790e-02
7.4804360e-02
7.1327870e-02
7.5625720e-02
9.1941230e-02
1.0168070e-01
9.6368120e-02
8.3872370e-02
6.4493930e-02
4.3153550e-02
4.1090790e-02
2.4622500e-02
1.2490780e-02
6.2651480e-03
-2.0761810e-03
-1.4367260e-02
-1.5391680e-02
-1.3330420e-02
-5.1423990e-03
2.3840010e-03
9.1967580e-03
1.7112820e-02
1.9593320e-02
1.4739800e-02
4.4405880e-03
-1.2823610e-03
-3.3270170e-03
-1.5436630e-02
-2.0331140e-02
-2.7588520e-02
-4.0572420e-02
-5.3422700e-02
-6.9395860e-02
-7.9441130e-02
-7.7593210e-02
-6.4290090e-02
-4.7749720e-02
-2.6594630e-02
-8.2160300e-03
8.5688890e-03
1.4003040e-02
2.5113880e-02
3.1731390e-02
3.0983120e-02
2.2061310e-02
1.3365370e-02
8.1982240e-03
5.1320260e-04
-4.0390090e-04
3.4723900e-03
1.1394570e-02
1.2995090e-02
1.0352840e-02
1.9844310e-03
-1.1282130e-02
-1.0200540e-02
-5.9753750e-03
8.4981360e-04
1.1042440e-02
2.2771770e-02
3.2328950e-02
3.9930290e-02
5.2169070e-02
6.8850260e-02
8.2089930e-02
8.5022050e-02
7.0424730e-02
4.0718710e-02
1.6722160e-02
-5.4361210e-03
-2.4562000e-02
-3.2967170e-02
-3.1895740e-02
-3.0950260e-02
-3.2553840e-02
-3.3495030e-02
-3.2997890e-02
-2.7604360e-02
-2.6598610e-02
-2.5121770e-02
-2.0403230e-02
-1.3380880e-02
-7.5552570e-03
-6.2632400e-03
-1.7400540e-02
-2.8834700e-02
-3.9588180e-02
-4.6718210e-02
-5.4126980e-02
-5.0327120e-02
-3.6492400e-02
-2.5938480e-02
-1.4531820e-02
-7.3695850e-03
-1.0320200e-02
-1.9019550e-02
-3.4711040e-02
-5.7742000e-02
-6.8966390e-02
-6.5603780e-02
-5.7461620e-02
-4.2038240e-02
-2.9564440e-02
-2.2410080e-02
-1.0889150e-02
1.4611900e-03
7.2732040e-03
3.3399780e-03
-3.8037110e-03
-1.1757530e-02
-1.9587750e-02
-2.1236970e-02
-2.4695030e-02
-2.7316600e-02
-2.9612310e-02
-2.7791020e-02
-3.8102020e-02
-4.8542640e-02
-3.2917550e-02
-7.6629510e-03
1.8907750e-02
5.4717190e-02
9.0336720e-02
9.7293150e-02
1.1956960e-01
1.4489630e-01
1.4382390e-01
1.3201510e-01
9.1366720e-02
4.9247350e-02
3.0748660e-02
2.6176450e-02
2.8361900e-02
5.4080380e-02
7.4506530e-02
6.7876200e-02
3.2975860e-02
-9.6473590e-03
-4.5530050e-02
-5.2623760e-02
-5.3939080e-02
-5.5231490e-02
-4.3229320e-02
-2.5861390e-02
-1.1880540e-02
1.3525870e-03
1.5458950e-02
3.5251410e-02
5.2273620e-02
6.0744420e-02
6.2032840e-02
5.2314710e-02
3.1709720e-02
7.5192820e-03
-2.7745580e-02
-5.2110100e-02
-5.7821700e-02
-5.0862520e-02
-5.8737360e-02
-8.4456460e-02
-1.0457550e-01
-1.1876550e-01
-1.1932190e-01
-9.9164470e-02
-6.1414140e-02
-1.3468940e-02
3.7042490e-02
7.6124500e-02
9.9466610e-02
1.1259460e-01
1.0274110e-01
6.9004730e-02
1.9423880e-02
-3.0782930e-02
-6.3821360e-02
-7.6338690e-02
-7.0731830e-02
-5.8804700e-02
-4.5273480e-02
-3.3449880e-02
-2.6176370e-02
-2.2524400e-02
-8.9611490e-03
1.2690640e-02
3.6455950e-02
5.0941510e-02
5.9179660e-02
6.7485770e-02
7.5168930e-02
8.2544510e-02
8.1010680e-02
5.8897830e-02
3.3261120e-02
7.5800220e-03
-1.9829970e-02
-3.5840280e-02
-3.4347340e-02
-2.5111080e-02
-1.2818400e-02
9.6850460e-03
1.7901780e-02
-2.0945960e-02
-7.3928100e-02
-1.1492230e-01
-1.4253590e-01
-1.4503490e-01
-1.3014720e-01
-9.7710130e-02
-6.0323740e-02
-1.3799260e-02
3.0408820e-02
6.5304040e-02
7.9568930e-02
7.7490370e-02
6.0095980e-02
4.7962680e-02
3.5116460e-02
2.9859240e-02
1.9359960e-02
-6.3204070e-04
-1.7289140e-02
-2.9403520e-02
-3.7669830e-02
-3.8551540e-02
-2.4772150e-02
-4.5827290e-03
4.4787100e-03
1.3221390e-02
3.1281920e-02
3.9593130e-02
4.3080920e-02
4.4395540e-02
5.3225370e-02
5.7992730e-02
4.5697150e-02
3.5281570e-02
3.1568880e-02
1.8929930e-02
1.0991250e-03
-1.7092890e-02
-2.0539170e-02
-7.4366400e-03
-3.3097570e-03
2.7154550e-03
9.1496660e-03
5.6818450e-03
1.3869840e-03
3.7709170e-03
1.1206220e-02
2.3740460e-02
2.7969460e-02
3.4338700e-02
4.9303460e-02
6.7493330e-02
8.5566660e-02
1.0733730e-01
1.1411710e-01
1.0630400e-01
8.5566340e-02
5.9110300e-02
3.6904960e-02
2.5199520e-02
2.0093910e-02
3.0537770e-02
5.0198120e-02
6.2135290e-02
7.2357000e-02
5.9110870e-02
2.6403830e-02
-4.0311820e-04
-1.3722020e-02
-1.4220630e-02
-4.1631840e-03
1.0316700e-02
2.9582370e-02
5.0146200e-02
5.9857380e-02
5.3735720e-02
5.3680220e-02
5.4082720e-02
4.5762040e-02
3.1665030e-02
2.6845940e-02
1.7238870e-02
8.6725390e-03
-5.4892480e-03
-2.1430350e-02
-3.2910980e-02
-3.2604620e-02
-3.2108330e-02
-2.5155570e-02
-1.7644450e-02
-1.3908430e-02
-6.6012670e-03
-3.2217320e-03
-1.0527900e-02
-2.4901370e-02
-4.2097030e-02
-5.5312750e-02
-6.2255870e-02
-7.3570850e-02
-7.6801180e-02
-8.1165820e-02
-9.2158820e-02
-1.0465280e-01
-1.2559890e-01
-1.3299720e-01
-1.3416730e-01
-1.3457850e-01
-1.2984880e-01
-1.1403860e-01
-9.6237890e-02
-8.6567670e-02
-7.8765120e-02
-6.7472920e-02
-5.7118190e-02
-4.9161880e-02
-4.5443280e-02
-3.2916300e-02
-1.5080760e-02
-1.1830190e-02
-1.3948310e-02
-1.2738450e-02
-1.9204570e-02
-2.4794290e-02
-2.3299700e-02
-9.5591820e-03
1.3793460e-02
2.1403030e-02
2.3629200e-02
2.3637030e-02
4.1513710e-03
-1.9849140e-02
-4.1398400e-02
-4.7797040e-02
-3.3167450e-02
-6.9606490e-03
2.8791880e-02
7.0786940e-02
1.0312970e-01
1.2124470e-01
1.2809060e-01
1.2803670e-01
1.1342020e-01
8.6059970e-02
5.1622950e-02
2.0951350e-02
4.2284110e-03
-1.0247130e-02
-1.0587070e-02
-1.4774160e-02
-1.9826320e-02
-1.5423930e-02
-1.3667420e-02
-3.0334310e-03
2.2610260e-02
5.6682590e-02
8.9726140e-02
1.0962540e-01
1.1090460e-01
1.0095020e-01
1.0059170e-01
7.6265880e-02
3.8382390e-02
9.0810630e-03
-5.1082260e-03
-2.2301330e-02
-3.9713850e-02
-4.3745630e-02
-4.5899100e-02
-4.6971970e-02
-4.2382830e-02
-3.9886130e-02
-4.3250330e-02
-4.3789160e-02
-4.2706430e-02
-2.7600130e-02
-1.1122970e-02
1.3810940e-02
3.8275360e-02
5.8337370e-02
7.5092330e-02
7.8581360e-02
6.9188470e-02
6.0070510e-02
5.3331880e-02
4.7697660e-02
4.8712330e-02
5.3330620e-02
6.4024280e-02
6.4013950e-02
6.4823790e-02
5.3512250e-02
3.9619910e-02
3.9018910e-02
3.6739970e-02
1.9978770e-02
6.1799850e-03
-6.3065330e-03
-2.5209720e-02
-4.0086630e-02
-4.3842480e-02
-5.2318660e-02
-5.9299500e-02
-4.3363180e-02
-3.2847370e-02
-2.7772340e-02
-3.1261540e-02
-3.5968980e-02
-3.7495420e-02
-3.2732610e-02
-2.8485190e-02
-2.4716290e-02
-2.2780450e-02
-2.9382730e-02
-5.0361490e-02
-6.9732600e-02
-8.7689920e-02
-1.0803130e-01
-1.1862600e-01
-1.1651610e-01
-1.0271830e-01
-8.7224870e-02
-7.4346830e-02
-6.9127420e-02
-7.9202970e-02
-9.2245210e-02
-9.5663920e-02
-1.0156350e-01
-1.0795930e-01
-1.1534670e-01
-1.1111240e-01
-1.0265090e-01
-8.5718400e-02
-7.3056050e-02
-7.2988600e-02
-7.3500870e-02
-7.2399690e-02
-6.2370670e-02
-5.0578490e-02
-3.6069140e-02
-1.9798950e-02
-1.2116490e-02
-1.1486850e-02
-2.6709550e-04
1.9056340e-02
4.0304310e-02
5.6781770e-02
6.8993100e-02
8.6387090e-02
9.9616040e-02
9.8669940e-02
9.0195220e-02
7.0894240e-02
4.6627280e-02
3.9080870e-02
4.4915790e-02
6.0102710e-02
7.9362950e-02
1.0438880e-01
1.1992640e-01
1.2628370e-01
1.1609460e-01
8.9791970e-02
6.5463330e-02
4.0256160e-02
1.9364000e-02
3.8289540e-03
2.0862460e-03
1.2120870e-02
1.9610410e-02
8.5576630e-03
3.1705930e-03
-3.4060280e-03
-1.1073820e-02
-1.4904760e-02
-2.1677370e-02
-2.8835540e-02
-3.4593770e-02
-4.2966590e-02
-4.7311010e-02
-4.7726970e-02
-3.4753730e-02
-2.1030810e-02
-8.3086390e-03
-5.4044980e-03
-1.2303000e-02
-2.0593600e-02
-3.0604670e-02
-3.8860220e-02
-3.7297140e-02
-2.0140820e-02
-1.5728210e-03
9.8000250e-03
1.0410260e-02
8.2116580e-03
-4.2376190e-04
-1.3180640e-02
-2.8121810e-02
-4.4077710e-02
-5.5815140e-02
-6.7278080e-02
-6.9680440e-02
-7.3968360e-02
-7.7624530e-02
-7.3104560e-02
-7.2473070e-02
-7.1031620e-02
-5.3750720e-02
-3.0437090e-02
-6.1526060e-03
1.5610550e-02
2.5800970e-02
3.4473090e-02
3.6358430e-02
4.1271950e-02
4.1939990e-02
4.0680630e-02
4.3416980e-02
3.5258770e-02
1.8303820e-02
-1.4127750e-04
-2.1664230e-02
-4.1108880e-02
-5.3629660e-02
-6.2968360e-02
-6.0811320e-02
-5.2941210e-02
-4.7641050e-02
-4.9731940e-02
-6.0763670e-02
-7.7155380e-02
-8.6917050e-02
-8.1643240e-02
-6.5444080e-02
-3.6491150e-02
-1.3438400e-02
-7.5176830e-03
-1.2340630e-02
-1.5627040e-02
-1.8125200e-02
-2.4707580e-02
-2.4644280e-02
-2.3424370e-02
-2.5251800e-02
-2.4967490e-02
-2.9993560e-02
-3.4406020e-02
-3.6052260e-02
-4.6981330e-02
-4.9225370e-02
-4.0713860e-02
-2.9464960e-02
-1.4604670e-02
8.1789070e-04
1.6492020e-02
2.7731430e-02
3.3889680e-02
3.3286080e-02
3.1113780e-02
1.7969450e-02
5.1361150e-03
-8.6460720e-03
-1.1435040e-02
-1.1488800e-02
-7.3509570e-03
2.7025660e-03
1.9951260e-02
4.2724670e-02
6.8872130e-02
8.7715010e-02
1.0524700e-01
1.1637740e-01
1.1866500e-01
1.2029200e-01
1.2078510e-01
1.2398050e-01
1.2349970e-01
1.2274160e-01
1.2542830e-01
1.3088340e-01
1.2889380e-01
1.3078240e-01
1.2650770e-01
1.0887570e-01
8.6327290e-02
6.3653460e-02
