0.01
-2.9300400e-03
-2.6640810e-03
-1.7731150e-03
-7.9906180e-04
-3.5604930e-04
-4.2105890e-04
-2.9165310e-04
5.2619750e-04
1.9219350e-03
2.6079350e-03
2.0437040e-03
6.7828010e-04
-1.2237230e-03
-3.7323890e-03
-6.6052180e-03
-8.7650980e-03
-9.0530730e-03
-7.2536560e-03
-3.8901160e-03
-7.1793130e-04
1.0032310e-03
2.0288230e-03
3.1130600e-03
4.6499740e-03
6.5391000e-03
8.1820210e-03
8.4391860e-03
6.2734630e-03
2.7675930e-03
-9.3316550e-04
-3.7155100e-03
-5.8983740e-03
-7.8443300e-03
-8.5167160e-03
-8.1589450e-03
-7.5381150e-03
-7.3114560e-03
-7.6775060e-03
-7.4829950e-03
-5.7779380e-03
-2.4096210e-03
1.6567590e-03
6.1772020e-03
1.0437470e-02
1.4223330e-02
1.7349930e-02
1.9201690e-02
1.9622210e-02
1.7506370e-02
1.1162900e-02
1.5728840e-03
-8.4584630e-03
-1.5966110e-02
-1.8679450e-02
-1.6955110e-02
-1.2525900e-02
-6.8909680e-03
-1.6453100e-03
3.2063010e-03
6.8332410e-03
1.0036790e-02
1.2306510e-02
1.1154960e-02
4.2232590e-03
-4.5680780e-03
-8.9590400e-03
-8.7465980e-03
-5.4852880e-03
-1.0300300e-03
2.7879680e-03
2.8635120e-03
5.1832080e-04
-2.6029880e-04
5.5427420e-04
-8.5045000e-04
-5.3937370e-03
-9.3325320e-03
-9.6196480e-03
-8.3191000e-03
-8.5623640e-03
-1.0649720e-02
-1.1764640e-02
-1.0050740e-02
-6.4784490e-03
-3.4900830e-03
-2.9693260e-03
-3.3896510e-03
-1.3379860e-03
3.4795270e-03
8.9075060e-03
1.4313850e-02
1.8616580e-02
1.9615590e-02
1.7138390e-02
1.3510470e-02
1.0434030e-02
6.8626890e-03
2.0040910e-03
-5.5665420e-03
-1.5443790e-02
-2.4130240e-02
-2.8188060e-02
-2.4197530e-02
-1.3444120e-02
-1.4765150e-03
7.7727520e-03
9.9512770e-03
6.1339950e-03
1.0594090e-03
-2.4681750e-03
-2.7608550e-03
-6.5734160e-04
2.9014300e-03
7.1415930e-03
1.1733070e-02
1.4683150e-02
1.3093530e-02
6.3524200e-03
-1.1300270e-03
-5.0056290e-03
-5.2136090e-03
-4.1984160e-03
-3.6094040e-03
-3.9899300e-03
-3.5071840e-03
-9.3627640e-04
1.5260230e-03
1.8153850e-03
1.2117070e-04
-2.1738170e-03
-2.8338510e-03
-1.9697690e-03
-8.4756760e-04
-7.6728760e-04
-4.9636640e-04
2.9614250e-03
1.0651700e-02
1.7842890e-02
1.7010040e-02
4.4693020e-03
-1.5548450e-02
-3.2464530e-02
-4.0067140e-02
-3.8585650e-02
-2.8537470e-02
-1.3592080e-02
1.8442260e-03
1.5224700e-02
2.3254340e-02
2.7153940e-02
2.6467460e-02
2.0981010e-02
1.5203110e-02
1.2826070e-02
1.2634610e-02
1.1856430e-02
7.7689830e-03
1.0751180e-03
-4.7747780e-03
-1.0581760e-02
-1.8111420e-02
-2.7411780e-02
-3.5787800e-02
-4.0126960e-02
-3.6877600e-02
-2.5538710e-02
-8.5099780e-03
8.1243710e-03
2.0005610e-02
2.6150760e-02
2.4583940e-02
1.7683040e-02
1.0636830e-02
6.4776540e-03
5.3724290e-03
5.7892690e-03
4.7802730e-03
5.5961550e-04
-5.4034110e-03
-9.3263220e-03
-9.2282150e-03
-6.0723970e-03
-2.8466220e-03
-9.4621060e-04
-2.5348690e-04
-1.2218690e-04
2.6302630e-04
1.2966030e-03
2.4410700e-03
4.1203000e-03
7.2243100e-03
1.1504130e-02
1.5627890e-02
1.6634700e-02
1.4129170e-02
9.0326110e-03
3.7367000e-03
-4.6096290e-04
-3.8516130e-03
-5.0489670e-03
-3.1974580e-03
-1.8582060e-04
1.2508930e-03
-4.3582860e-04
-3.2457720e-03
-4.7303920e-03
-4.6367180e-03
-2.4285070e-03
2.1548830e-03
6.3203750e-03
7.7118760e-03
6.0207220e-03
1.0179930e-03
-7.0670970e-03
-1.6151020e-02
-2.3558290e-02
-2.8467320e-02
-2.9730170e-02
-2.7334900e-02
-2.2770550e-02
-1.8774930e-02
-1.6255320e-02
-1.3253450e-02
-9.1029720e-03
-4.0710780e-03
7.4787720e-05
2.3484980e-03
2.8327870e-03
1.8588140e-03
-2.7404370e-04
-2.6027500e-03
-2.9592320e-03
-2.9272480e-04
4.0326680e-03
8.2522130e-03
1.0422480e-02
8.8947520e-03
2.7827420e-03
-6.2787350e-03
-1.4842070e-02
-1.8851230e-02
-1.7666040e-02
-1.0908750e-02
4.5274550e-04
1.3512110e-02
2.4431910e-02
3.1035650e-02
3.1538770e-02
2.6978430e-02
1.8850290e-02
9.5095820e-03
2.2214170e-03
-5.1898910e-04
4.9447860e-04
3.0538140e-03
5.0132820e-03
3.7941270e-03
-1.0730460e-03
-5.9171980e-03
-9.1445020e-03
-1.0041250e-02
-9.3361430e-03
-8.0240850e-03
-7.0120130e-03
-5.7868780e-03
-4.1813840e-03
-2.1713690e-03
-1.0772360e-03
-1.2721500e-03
-2.5725900e-03
-5.0970280e-03
-7.0123140e-03
-6.1170430e-03
-3.6905980e-03
-1.2796500e-03
-2.2400400e-04
-9.8171820e-04
-2.9430240e-03
-4.3627990e-03
-4.4719250e-03
-3.6970000e-03
-3.2665590e-03
-4.4575160e-03
-7.3204300e-03
-9.6278900e-03
-1.0318190e-02
-8.5296860e-03
-4.6966120e-03
-6.9621020e-04
2.4500410e-03
4.3747610e-03
4.8964670e-03
4.6993630e-03
4.6984820e-03
5.8101310e-03
8.2072950e-03
1.1936740e-02
1.6649340e-02
1.9929910e-02
1.9694650e-02
1.4949970e-02
8.2697480e-03
2.7624790e-03
-2.9015310e-04
-9.0565070e-04
2.3312920e-04
1.5511170e-03
4.0013650e-03
9.3689650e-03
1.6201030e-02
2.1613280e-02
2.3011900e-02
2.0803560e-02
1.7053380e-02
1.3170280e-02
8.9474390e-03
5.0355460e-03
2.4810450e-03
1.6306040e-03
2.2113260e-03
2.7189840e-03
1.6192530e-03
-1.4793350e-04
-8.3696480e-04
5.0609790e-04
3.7160130e-03
7.4990650e-03
1.1065000e-02
1.4151500e-02
1.7952190e-02
2.4226560e-02
3.2134920e-02
4.0176810e-02
4.6097790e-02
4.8776270e-02
4.8737300e-02
4.7182630e-02
4.5102640e-02
4.3086250e-02
4.1162050e-02
3.9138330e-02
3.6654500e-02
3.4167500e-02
3.1210040e-02
2.7496690e-02
2.3050510e-02
1.7710660e-02
1.2362330e-02
7.8976790e-03
4.3333220e-03
3.0200470e-03
6.6445430e-03
1.4418860e-02
2.5808780e-02
3.6794080e-02
4.5900190e-02
4.9975860e-02
5.0146550e-02
4.8024010e-02
4.3510520e-02
3.8423050e-02
3.3843550e-02
2.8247910e-02
2.0248370e-02
8.8787910e-03
-5.3069250e-03
-2.1518830e-02
-3.7087270e-02
-5.0778460e-02
-6.1535050e-02
-6.8296580e-02
-6.8424000e-02
-6.0395310e-02
-4.7142230e-02
-2.9087010e-02
-1.3044550e-02
-1.3077670e-03
6.6674320e-03
1.1175440e-02
1.0536110e-02
4.7042890e-03
-5.6106620e-03
-1.7718290e-02
-2.6109530e-02
-3.1746330e-02
-3.4019400e-02
-3.5887910e-02
-4.1129660e-02
-5.2595710e-02
-7.1603230e-02
-9.5007750e-02
-1.1380050e-01
-1.2661450e-01
-1.2967170e-01
-1.2038680e-01
-1.0051750e-01
-7.1013750e-02
-3.6262820e-02
-5.6373820e-03
1.5506590e-02
2.9493200e-02
3.1408010e-02
2.3916520e-02
1.1573640e-02
-2.1357280e-03
-1.2130400e-02
-1.9971370e-02
-2.8294090e-02
-3.6840810e-02
-4.3793550e-02
-4.8875980e-02
-4.8865440e-02
-4.2333270e-02
-2.9503850e-02
-1.4869430e-02
-4.1189360e-04
1.3043250e-02
2.2321210e-02
2.9005610e-02
3.3748130e-02
3.5529500e-02
3.4141410e-02
2.9563290e-02
2.0115460e-02
7.1642380e-03
-6.2327760e-03
-1.7961410e-02
-2.5279830e-02
-2.7411630e-02
-2.5036320e-02
-2.0262700e-02
-1.6206030e-02
-1.2256470e-02
-7.0791570e-03
-1.9729390e-04
9.6742920e-03
2.4243260e-02
4.2252190e-02
6.0553840e-02
7.7297250e-02
8.7103790e-02
8.7764740e-02
8.1443830e-02
6.9644700e-02
5.2800270e-02
3.4004560e-02
1.5779090e-02
2.0325560e-03
-6.1688870e-03
-1.0347410e-02
-1.1747220e-02
-1.3717300e-02
-1.9634840e-02
-3.1486580e-02
-4.6191470e-02
-5.8678100e-02
-6.7790920e-02
-7.1694250e-02
-7.1561610e-02
-6.9002950e-02
-6.3393020e-02
-5.2096290e-02
-3.1657400e-02
-8.6064390e-04
3.0485240e-02
5.6688410e-02
7.6704950e-02
8.6679010e-02
8.8318800e-02
8.3816710e-02
7.2370400e-02
5.6329210e-02
3.8091360e-02
1.6800930e-02
-1.8051640e-03
-1.5861700e-02
-2.3580700e-02
-2.1883330e-02
-1.3021220e-02
1.0815300e-03
1.6216640e-02
2.9017250e-02
3.7370750e-02
4.0195770e-02
3.8756210e-02
3.4850040e-02
3.1612970e-02
2.8736300e-02
2.6786340e-02
2.6612560e-02
2.7491450e-02
2.8213980e-02
2.7227430e-02
2.2115890e-02
1.2400900e-02
-4.3656680e-04
-1.1961710e-02
-2.2537190e-02
-3.0445820e-02
-3.7750340e-02
-4.4285960e-02
-4.7855210e-02
-4.7567100e-02
-4.2020230e-02
-3.0919070e-02
-1.6499190e-02
-3.2003120e-03
4.7848500e-03
8.1313610e-03
6.1999340e-03
3.0072210e-04
-7.6820410e-03
-1.4932010e-02
-2.1320560e-02
-2.5432240e-02
-2.7269540e-02
-2.8179610e-02
-2.7272630e-02
-2.2499290e-02
-1.2484450e-02
9.4048330e-04
1.4941540e-02
2.7887370e-02
3.6156210e-02
3.8354520e-02
3.4423310e-02
2.7666750e-02
2.4052100e-02
2.5256620e-02
3.1232580e-02
3.9208630e-02
4.4839140e-02
4.4472940e-02
3.4090420e-02
1.6350690e-02
-2.6705820e-03
-1.9066410e-02
-2.8776920e-02
-3.0961730e-02
-2.7289300e-02
-2.0274460e-02
-1.1881990e-02
-3.0701870e-03
3.2591950e-03
5.3267490e-03
3.3738730e-03
-3.2157580e-04
-3.6866580e-03
-5.4429340e-03
-5.0018840e-03
-3.5743210e-03
-2.6940330e-03
-3.6931370e-03
-6.2532320e-03
-9.8759160e-03
-1.7007080e-02
-2.6890500e-02
-3.7196490e-02
-4.6782050e-02
-5.4785240e-02
-5.8722780e-02
-5.6599740e-02
-4.8427460e-02
-3.6029550e-02
-2.1677760e-02
-7.6691590e-03
4.5653390e-03
1.3661780e-02
1.8022260e-02
1.8185200e-02
1.4022220e-02
8.2063040e-03
3.9388660e-03
2.2803340e-03
3.6317030e-03
7.8558870e-03
1.3163930e-02
1.8769000e-02
2.4761160e-02
2.9897290e-02
3.3977590e-02
3.5867480e-02
3.4565280e-02
3.0216810e-02
2.3897160e-02
1.7289520e-02
1.1133350e-02
5.2029890e-03
4.2996660e-04
-3.2087730e-03
-5.5734160e-03
-5.8933960e-03
-4.2098080e-03
-1.1147880e-03
2.8952440e-03
5.6691070e-03
5.6676330e-03
1.8110160e-03
-5.1122200e-03
-1.2855540e-02
-1.9617810e-02
-2.3953050e-02
-2.4986850e-02
-2.2518690e-02
-1.8766100e-02
-1.5438550e-02
-1.4393710e-02
-1.6077770e-02
-1.8271530e-02
-2.0587790e-02
-2.1727510e-02
-2.1328690e-02
-1.9686550e-02
-1.6979880e-02
-1.3822480e-02
-1.0405630e-02
-6.7654350e-03
-2.2772550e-03
3.4951870e-03
8.6395320e-03
1.1871930e-02
1.2336760e-02
9.5079290e-03
4.4896400e-03
-1.5011320e-03
-6.7392130e-03
-8.7151820e-03
-8.1050760e-03
-5.8271210e-03
-3.3743720e-03
-1.8634100e-03
-2.6124550e-03
-5.9341120e-03
-1.0867650e-02
-1.6615400e-02
-2.1651600e-02
-2.4490760e-02
-2.4602310e-02
-2.0725180e-02
-1.3376140e-02
-5.7032300e-03
2.3243500e-03
9.3732840e-03
1.3149280e-02
1.3773840e-02
1.1988820e-02
8.2202040e-03
4.1674630e-03
8.9258260e-05
-3.9245620e-03
-7.8428860e-03
-1.2162740e-02
-1.6565450e-02
-1.9579990e-02
-2.1496070e-02
-2.2384670e-02
-2.2737190e-02
-2.3704860e-02
-2.4512530e-02
-2.5768940e-02
-2.7788190e-02
-2.9175240e-02
-2.8959560e-02
-2.6332410e-02
-2.1281730e-02
-1.3967120e-02
-4.5582520e-03
6.5088630e-03
1.6929800e-02
2.5225710e-02
3.0713890e-02
3.2068790e-02
3.0745780e-02
2.8216620e-02
2.5245050e-02
2.3438490e-02
2.2659620e-02
2.2194410e-02
2.2512970e-02
2.3242240e-02
2.4094530e-02
2.5480340e-02
2.6967680e-02
2.8530130e-02
3.0286510e-02
3.2127310e-02
3.2993090e-02
3.3333610e-02
3.2175160e-02
2.8784350e-02
2.3963570e-02
1.8888730e-02
1.4427610e-02
1.1487940e-02
1.0460370e-02
1.0718560e-02
1.1273260e-02
1.1108550e-02
1.0238930e-02
8.8222930e-03
6.5864420e-03
4.7402120e-03
3.2488270e-03
2.6025000e-03
3.1087040e-03
4.5632400e-03
6.2582580e-03
7.6866270e-03
8.6783830e-03
8.6474610e-03
7.1525190e-03
5.1292970e-03
2.5472140e-03
4.0937570e-05
-2.3168310e-03
-4.4930990e-03
-6.6115900e-03
-8.3578670e-03
-9.8609300e-03
-1.0805260e-02
-1.2456510e-02
-1.4870470e-02
-1.7027200e-02
-1.9157110e-02
-2.1308360e-02
-2.3885560e-02
-2.6575750e-02
-2.9056610e-02
-3.1047250e-02
-3.1206750e-02
-2.9724650e-02
-2.5698010e-02
-2.0570510e-02
-1.5314300e-02
-1.0897250e-02
-7.7470520e-03
-5.3178730e-03
-3.2553850e-03
-6.4027790e-04
2.7495290e-03
6.0184630e-03
8.8023490e-03
1.0199680e-02
9.8006600e-03
8.0678790e-03
4.8510680e-03
1.6374160e-03
-8.6550020e-04
-1.9333800e-03
-2.1948590e-03
-2.0368080e-03
-2.3922300e-03
-4.0539670e-03
-6.5219740e-03
-9.7801920e-03
-1.3464480e-02
-1.7241400e-02
-2.1185320e-02
-2.3116770e-02
-2.4137820e-02
-2.4787260e-02
-2.4730570e-02
-2.4249380e-02
-2.3480640e-02
-2.2894290e-02
-2.2425400e-02
-2.2152950e-02
-2.1917800e-02
-2.0810480e-02
-1.8406730e-02
-1.6086710e-02
-1.3645400e-02
-1.0527930e-02
-7.5969880e-03
-4.9785510e-03
-2.6405460e-03
-1.3843160e-03
-6.7328730e-04
-3.7838090e-04
-5.8159820e-04
-9.4647910e-04
-1.0364620e-03
-6.0553810e-04
8.3240930e-04
3.3883610e-03
6.8109650e-03
1.0365360e-02
1.3625220e-02
1.6620080e-02
1.9460550e-02
2.2157520e-02
2.4465930e-02
2.5945460e-02
2.6212100e-02
2.4904600e-02
2.2048720e-02
1.8161940e-02
1.4385130e-02
1.0622360e-02
7.2448010e-03
4.5967530e-03
2.5432610e-03
1.0252280e-03
5.8278700e-04
1.2746460e-03
2.9733030e-03
5.1501010e-03
7.2108310e-03
9.9839150e-03
1.2278450e-02
1.3445200e-02
1.3593990e-02
1.3175570e-02
1.2214300e-02
1.0975230e-02
9.7725620e-03
8.2093390e-03
6.4947870e-03
4.9967320e-03
4.3338410e-03
3.0206120e-03
1.9745350e-03
2.2453120e-03
3.1294040e-03
4.2309080e-03
5.3883310e-03
6.8026230e-03
8.6041160e-03
1.1082440e-02
1.3811530e-02
1.6950820e-02
1.9862390e-02
2.2400050e-02
2.4070040e-02
2.4612840e-02
2.4631300e-02
2.4393020e-02
2.4203320e-02
2.4356780e-02
2.4628650e-02
2.4319690e-02
2.3746400e-02
2.2941680e-02
2.1430970e-02
1.9462820e-02
1.7519770e-02
1.5660950e-02
1.4357850e-02
1.3262850e-02
1.2883580e-02
1.2614820e-02
1.2184970e-02
1.1627090e-02
1.1303570e-02
1.0993310e-02
1.0776560e-02
1.0384540e-02
9.4757640e-03
9.4269920e-03
9.2691190e-03
8.2027320e-03
6.6537430e-03
4.5077470e-03
1.3757950e-03
-2.6330420e-03
-7.0818360e-03
-1.1720200e-02
-1.6672350e-02
-2.0920490e-02
-2.3481280e-02
-2.5155450e-02
-2.6305400e-02
-2.6221050e-02
-2.5535720e-02
-2.5174660e-02
-2.5038210e-02
-2.5347700e-02
-2.5771720e-02
-2.6075740e-02
-2.6131950e-02
-2.5971780e-02
-2.5502410e-02
-2.4926870e-02
-2.4657660e-02
-2.4679960e-02
-2.4920970e-02
-2.5991670e-02
-2.7014900e-02
-2.7982280e-02
-2.8939160e-02
-2.9131430e-02
-2.8691140e-02
-2.7673280e-02
-2.6279550e-02
-2.4334490e-02
-2.1994750e-02
-1.9811700e-02
-1.7800110e-02
-1.6320940e-02
-1.4960840e-02
-1.3795290e-02
-1.2929590e-02
-1.2397360e-02
-1.1884530e-02
-1.1259420e-02
-1.0580160e-02
-1.0213350e-02
-1.0245650e-02
-9.8912690e-03
-9.8560140e-03
-1.0611950e-02
-1.1536610e-02
-1.2320520e-02
-1.2609870e-02
-1.2700140e-02
-1.2501360e-02
-1.2046470e-02
-1.1233090e-02
-9.7775980e-03
-7.8578190e-03
-6.6694210e-03
-5.4850160e-03
-3.4938400e-03
-2.2870890e-03
-1.9013690e-03
-1.5614980e-03
-1.4615830e-03
-2.0654520e-03
-2.9614800e-03
-4.0949660e-03
-4.8892740e-03
-4.9653210e-03
-4.1161770e-03
-2.0668090e-03
4.2382200e-04
2.9969810e-03
5.5591690e-03
8.2463470e-03
1.1052290e-02
1.4264600e-02
1.8563430e-02
2.2104930e-02
2.5718260e-02
2.9083860e-02
3.1584710e-02
3.3471690e-02
3.4935000e-02
3.6277970e-02
3.7829590e-02
3.9222810e-02
4.0691990e-02
4.1435010e-02
4.1415000e-02
4.0335160e-02
3.8247330e-02
3.5578430e-02
3.2470790e-02
2.8955850e-02
2.6761840e-02
2.5028370e-02
2.2716380e-02
2.0249300e-02
1.8277350e-02
1.5777280e-02
1.3765440e-02
1.1887690e-02
9.9518350e-03
8.5567500e-03
7.6380300e-03
7.0034910e-03
6.0401590e-03
4.5178090e-03
3.4038090e-03
2.8034940e-03
2.8230240e-03
3.7886660e-03
5.6762240e-03
7.9993800e-03
1.0247190e-02
1.2066010e-02
1.3215820e-02
1.3606040e-02
1.3398080e-02
1.2785620e-02
1.2506530e-02
1.2398890e-02
1.2634990e-02
1.3100270e-02
1.3544780e-02
1.3699710e-02
1.3665280e-02
1.3888060e-02
1.4106960e-02
1.4429240e-02
1.4833210e-02
1.4903750e-02
1.4678510e-02
1.4178350e-02
1.3277240e-02
1.2093450e-02
1.0911990e-02
9.6177930e-03
8.1942960e-03
6.5690560e-03
4.5519980e-03
2.5971470e-03
3.9852720e-05
-2.5563750e-03
-4.0952230e-03
-5.2958930e-03
-6.6199870e-03
-7.8928470e-03
-9.2617070e-03
-1.0830200e-02
-1.2396620e-02
-1.4336590e-02
-1.6650120e-02
-1.8749930e-02
-2.0464340e-02
-2.1381580e-02
-2.2029260e-02
-2.2774180e-02
-2.2961690e-02
-2.2589810e-02
-2.2477930e-02
-2.2808380e-02
-2.3505080e-02
-2.4743830e-02
-2.6121730e-02
-2.7541120e-02
-2.8383370e-02
-2.8916270e-02
-2.9108310e-02
-2.8877610e-02
-2.8355460e-02
-2.7666950e-02
-2.6724140e-02
-2.5279940e-02
-2.3526840e-02
-2.1974990e-02
-1.9936330e-02
-1.7923930e-02
-1.6203090e-02
-1.4800580e-02
-1.3431870e-02
-1.1614560e-02
-9.6297960e-03
-7.8329350e-03
-6.0492910e-03
-4.0787750e-03
-2.1910320e-03
-7.6484570e-04
3.7185710e-04
1.2038160e-03
1.8730860e-03
2.6037000e-03
3.3600100e-03
3.9797350e-03
4.9505880e-03
6.3373350e-03
7.2195000e-03
7.6677010e-03
7.9763960e-03
7.9278690e-03
7.4480610e-03
6.7294150e-03
5.7020970e-03
4.6561230e-03
3.8635500e-03
3.8585340e-03
3.6183750e-03
2.4979990e-03
1.7552900e-03
1.0787040e-03
4.2807630e-04
-1.0555420e-04
-5.8644320e-04
-7.5261600e-04
-7.3558050e-04
-7.7952620e-04
-8.8340720e-04
-1.2299750e-03
-2.2011480e-03
-3.7047890e-03
-5.0793160e-03
-6.1211640e-03
-6.5692290e-03
-6.3546110e-03
-5.2610770e-03
-3.7715510e-03
-2.3095590e-03
-8.6443690e-04
5.0372930e-04
1.7916080e-03
3.0063810e-03
3.9839100e-03
5.1410900e-03
6.2654800e-03
7.1645080e-03
7.8445200e-03
8.4626150e-03
8.8934240e-03
9.2826730e-03
9.7964140e-03
1.0318860e-02
1.0271560e-02
9.8486650e-03
8.6151920e-03
7.8768940e-03
7.1855650e-03
5.9647990e-03
4.9543770e-03
3.9971940e-03
3.1721050e-03
2.3204000e-03
1.6050390e-03
1.1268590e-03
6.4376480e-04
2.8966540e-04
3.7265630e-04
-5.3772530e-05
-1.4023210e-03
-2.4321230e-03
-3.1517520e-03
-3.8320740e-03
-4.3923820e-03
-4.7985410e-03
-5.0107080e-03
-4.7430740e-03
-4.5967300e-03
-4.6840170e-03
-4.0526370e-03
-3.4681920e-03
-3.0074340e-03
-2.6710720e-03
-2.6434280e-03
-2.9430290e-03
-3.5882740e-03
-4.5782820e-03
-5.7112580e-03
-7.1151620e-03
-8.7614800e-03
-1.0120780e-02
-1.1458400e-02
-1.2575310e-02
-1.3337330e-02
-1.3626240e-02
-1.3528180e-02
-1.3010990e-02
-1.1916780e-02
-1.0482780e-02
-8.6218980e-03
-6.2313560e-03
-3.9969580e-03
-1.7798180e-03
5.1698750e-04
2.3157220e-03
3.6081500e-03
5.6226550e-03
7.9778390e-03
9.8403730e-03
1.1403880e-02
1.2946220e-02
1.4454610e-02
1.5781960e-02
1.6735910e-02
1.7498430e-02
1.8039670e-02
1.8669340e-02
1.9572740e-02
2.0199230e-02
2.0011840e-02
2.0422560e-02
2.1112020e-02
2.2076180e-02
2.3025270e-02
2.3903540e-02
2.4699290e-02
2.5234970e-02
2.5222390e-02
2.4877760e-02
2.4071900e-02
2.2791530e-02
2.0972020e-02
1.8650690e-02
1.6267020e-02
1.4065330e-02
1.1720700e-02
9.8594220e-03
8.6276880e-03
7.1930070e-03
5.7330150e-03
4.4632960e-03
3.4574290e-03
2.3750530e-03
1.5652690e-03
1.1710460e-03
6.4794650e-04
-5.9363580e-04
-1.5560260e-03
-2.4571640e-03
-3.4066290e-03
-4.5558420e-03
-5.5502220e-03
-6.3139720e-03
-6.6927810e-03
-6.8227590e-03
-7.0029900e-03
-6.2437890e-03
-5.2453220e-03
-4.8435450e-03
-4.6577600e-03
-4.7555500e-03
-5.4892870e-03
-6.4800340e-03
-7.4028120e-03
-8.3276520e-03
-8.9316730e-03
-9.1457790e-03
-8.4215900e-03
-7.7599900e-03
-7.2288370e-03
-6.1272210e-03
-4.8521670e-03
-3.6623460e-03
-3.1067850e-03
-2.7795270e-03
-3.1554710e-03
-4.2655090e-03
-5.8014230e-03
-7.4131730e-03
-8.7981270e-03
-9.9908960e-03
-1.0795270e-02
-1.1057070e-02
-1.0964210e-02
-1.0486670e-02
-9.7890130e-03
-8.9814730e-03
-8.2222670e-03
-7.6526400e-03
-7.1753350e-03
-7.1206170e-03
-7.0655870e-03
-7.2202330e-03
-7.2648610e-03
-7.1327990e-03
-6.8612470e-03
-6.0652960e-03
-5.1266800e-03
-4.1715740e-03
-3.3254900e-03
-2.8208050e-03
-2.8022680e-03
-3.4205230e-03
-4.3494890e-03
-5.7909330e-03
-7.5588510e-03
-8.2875350e-03
-8.7726150e-03
-9.3970640e-03
-9.6467030e-03
-9.2607230e-03
-8.3414290e-03
-7.1948620e-03
-5.8532960e-03
-4.4564930e-03
-3.2401320e-03
-2.1998490e-03
-7.2823670e-04
-1.1297180e-04
-4.8965770e-04
-8.6213460e-04
-8.2050750e-04
-6.2968640e-04
-3.5567220e-04
3.3419480e-04
9.7504770e-04
1.8814630e-03
2.3111180e-03
2.0861120e-03
1.6005840e-03
5.5356320e-04
-6.2060130e-04
-1.8132970e-03
-2.6797600e-03
-3.4698200e-03
-4.1505720e-03
-4.4950060e-03
-4.5575110e-03
-4.5671160e-03
-4.4393600e-03
-4.2871440e-03
-3.8985230e-03
-3.7037450e-03
-3.5303680e-03
-3.2633330e-03
-3.0044880e-03
-2.4576000e-03
-2.0469870e-03
-1.3729850e-03
-4.8286640e-04
2.6747190e-04
7.0220220e-04
1.1478790e-03
1.4152820e-03
9.0733630e-04
4.3232870e-05
-5.7591870e-06
-9.1368850e-05
-3.2361320e-04
-5.8183140e-04
-9.5064420e-04
-1.2587510e-03
-1.5709360e-03
-1.7393100e-03
-2.0942010e-03
-2.6502440e-03
-3.1495460e-03
-3.5320260e-03
-4.3096330e-03
-5.9096570e-03
-6.9213850e-03
-7.3553830e-03
-7.5523980e-03
-7.6309770e-03
-7.4473340e-03
-7.0490980e-03
-6.8321930e-03
-6.5962970e-03
-6.6211950e-03
-6.7523960e-03
-7.0736040e-03
-7.5845400e-03
-8.1192210e-03
-8.6843070e-03
-8.9239080e-03
-9.0756210e-03
-9.0924980e-03
-9.0352060e-03
-8.8031890e-03
-8.3713230e-03
-7.8885710e-03
-7.3258800e-03
-6.5515880e-03
-5.4256270e-03
-4.1874160e-03
-3.2533160e-03
-2.2640560e-03
-9.0129190e-04
3.5704750e-04
1.5296460e-03
2.6221280e-03
3.2966870e-03
3.7671890e-03
4.3580770e-03
4.6310140e-03
4.5719690e-03
5.6553720e-03
6.9471310e-03
7.5915720e-03
7.7132060e-03
7.5955520e-03
7.1641170e-03
6.6032250e-03
6.1292100e-03
5.7853950e-03
5.4213350e-03
5.0362540e-03
5.0535600e-03
4.7408700e-03
3.8898150e-03
3.5467620e-03
3.3332920e-03
3.1455700e-03
2.8934650e-03
2.5846450e-03
2.1690940e-03
1.6622430e-03
1.3092780e-03
9.1075140e-04
4.4989470e-04
8.8927190e-05
-3.7473260e-04
-1.1433100e-03
-1.6892830e-03
-1.9508280e-03
-2.0048490e-03
-1.7212850e-03
-1.2430330e-03
-5.8543460e-04
-1.3000680e-04
7.6893370e-05
3.1983630e-04
3.8632260e-04
4.6193610e-04
4.8888370e-04
7.3500410e-04
9.2040820e-04
1.0538970e-03
1.3775880e-03
1.3916590e-03
1.2782690e-03
1.4363630e-03
1.4964690e-03
1.4299410e-03
1.3140310e-03
8.7609190e-04
1.2344060e-03
1.7570130e-03
1.9135940e-03
2.0069570e-03
2.1530980e-03
2.0978320e-03
1.8732950e-03
1.7347060e-03
1.4994900e-03
1.1256910e-03
1.2828710e-03
1.9732940e-03
2.5043840e-03
2.5606320e-03
3.5545670e-03
4.8279350e-03
6.0243400e-03
7.5219800e-03
8.4829930e-03
8.9640500e-03
9.2421250e-03
9.1693440e-03
8.9175570e-03
8.2417740e-03
7.9887230e-03
7.9474980e-03
7.9826010e-03
8.2031220e-03
8.1286990e-03
8.0278090e-03
7.6847710e-03
6.9750000e-03
5.9198620e-03
4.4936220e-03
2.9593660e-03
1.4501870e-03
-1.0005390e-04
-1.5527810e-03
-2.2931060e-03
-2.3559370e-03
-2.0462350e-03
-1.4518510e-03
-4.8769480e-04
3.9755140e-04
9.8262610e-04
1.2852430e-03
1.4584520e-03
1.3185650e-03
7.4577640e-04
-7.9837380e-05
-2.9784180e-04
-3.8491510e-04
-9.2280930e-04
-1.5501820e-03
-1.9367200e-03
-1.8068390e-03
-1.5621320e-03
-1.0222290e-03
-2.2297360e-04
2.7849810e-04
8.4081530e-04
1.6987600e-03
2.1246150e-03
1.6129770e-03
1.2910800e-03
1.4229050e-03
1.3472590e-03
1.1030470e-03
8.8824320e-04
5.7036100e-04
1.1026980e-04
-7.0651210e-04
-1.4145240e-03
-2.1798320e-03
-3.0369180e-03
-3.6398370e-03
-4.2024980e-03
-4.5806780e-03
-4.6525180e-03
-4.7436330e-03
-4.7022730e-03
-4.6087260e-03
-4.2911560e-03
-3.9842790e-03
-3.5954250e-03
-3.0203370e-03
-2.4773800e-03
-2.2943790e-03
-2.3681440e-03
-2.3346310e-03
-2.4341220e-03
-2.6102510e-03
-2.7365820e-03
-2.8037620e-03
-2.9602100e-03
-3.2732410e-03
-3.7074030e-03
-4.2581130e-03
-4.9611910e-03
-6.1800300e-03
-6.7516020e-03
-6.7130380e-03
-6.5863230e-03
-6.4708250e-03
-5.9105710e-03
-5.1065840e-03
-4.4100320e-03
-3.6439800e-03
-2.8755890e-03
-2.5020890e-03
-2.3648290e-03
-1.9297360e-03
-1.9989130e-03
-2.6300410e-03
-2.6843010e-03
-2.0966370e-03
-1.1238010e-03
3.7814110e-04
2.0625950e-03
3.9203420e-03
5.8046470e-03
7.6481150e-03
9.0575320e-03
1.0139350e-02
1.0765540e-02
1.0888700e-02
1.0983920e-02
1.0920260e-02
1.0833640e-02
1.0726060e-02
1.0804840e-02
1.1102510e-02
1.1411670e-02
1.1506420e-02
1.1641640e-02
1.1712170e-02
1.1381420e-02
1.0844750e-02
1.0212060e-02
9.5220150e-03
8.8327330e-03
8.1395190e-03
7.7635040e-03
7.4007890e-03
7.2303570e-03
7.0625250e-03
6.8003220e-03
6.5765580e-03
5.9966980e-03
5.4156470e-03
5.6804460e-03
6.1499260e-03
6.4016220e-03
6.7033640e-03
6.8458270e-03
6.5738150e-03
6.4672060e-03
6.6833800e-03
6.6468700e-03
6.3613390e-03
5.8719090e-03
5.7811710e-03
4.9696440e-03
3.1418590e-03
1.8144230e-03
7.0689520e-04
-3.1340730e-04
-1.0877640e-03
-1.6211200e-03
-2.0483910e-03
-2.2958530e-03
-2.4481200e-03
-2.6931420e-03
-3.1713470e-03
-4.0015870e-03
-5.1212390e-03
-6.1691040e-03
-7.3142520e-03
-8.4614710e-03
-9.2630690e-03
-9.8911490e-03
-1.0345600e-02
-1.0394840e-02
-1.0281480e-02
-1.0401430e-02
-1.0399240e-02
-1.0499830e-02
-1.0458730e-02
-1.0285330e-02
-1.0026350e-02
-9.6144160e-03
-8.9953100e-03
-8.3041640e-03
-7.4667970e-03
-6.5779630e-03
-5.8780500e-03
-5.7144960e-03
-5.6814290e-03
-6.2831610e-03
-6.9166920e-03
-6.6907890e-03
-6.2502480e-03
-5.8558640e-03
-5.4548780e-03
-5.0100810e-03
-4.1239390e-03
-3.3476960e-03
-2.5957970e-03
-1.9085930e-03
-1.3050980e-03
-6.5986150e-04
2.8949600e-04
1.7063770e-04
-8.0085370e-04
-1.4445770e-03
-2.0084610e-03
-2.2610610e-03
-2.1988580e-03
-2.0598340e-03
-1.7080320e-03
-1.2630650e-03
-7.5352740e-04
-2.5004310e-04
1.7042080e-04
5.5399960e-04
7.4594880e-04
5.8425650e-04
4.1037640e-04
2.3337120e-04
-9.6504170e-05
-3.5564040e-04
-4.2005750e-04
-4.9796770e-04
-2.6818710e-04
2.7867430e-04
5.6045220e-04
7.6944310e-04
9.4945660e-04
8.3639740e-04
6.6571730e-04
4.8549010e-04
4.8510040e-04
5.2912110e-04
5.9760150e-04
7.0056320e-04
9.3706760e-04
1.2555960e-03
1.3986770e-03
1.4602880e-03
1.3389330e-03
1.8729040e-03
2.2223420e-03
2.1727490e-03
1.8535650e-03
1.4039080e-03
9.7293660e-04
6.5942430e-04
3.6741510e-04
4.1577820e-05
-4.4214280e-04
-5.9672820e-04
-4.8267690e-04
-7.9417680e-04
-1.4772090e-03
-1.8546780e-03
-2.0490960e-03
-2.5431750e-03
-3.0485160e-03
-3.5282730e-03
-4.1016230e-03
-4.3222650e-03
-4.2116630e-03
-3.8163580e-03
-3.2951730e-03
-2.3708720e-03
-1.2481120e-03
-3.3718980e-04
6.3345300e-04
1.5295980e-03
2.3044680e-03
2.8945140e-03
3.4557270e-03
4.0837590e-03
4.6427030e-03
5.1879350e-03
5.6774820e-03
6.0711100e-03
6.4785150e-03
6.8677420e-03
7.0187380e-03
7.1311870e-03
7.3626430e-03
7.7366410e-03
8.0962860e-03
8.7001070e-03
9.0817620e-03
9.5963690e-03
1.0001160e-02
9.9862430e-03
9.6220800e-03
9.9631990e-03
1.0361410e-02
1.0281190e-02
1.0164630e-02
9.8850840e-03
9.5231200e-03
9.0254090e-03
8.4955780e-03
7.9107120e-03
7.3280170e-03
7.4526220e-03
8.2174740e-03
8.0569290e-03
7.8770170e-03
7.9926980e-03
8.1941250e-03
8.1542880e-03
7.7431900e-03
6.9949410e-03
6.1587610e-03
5.3451530e-03
4.4525310e-03
3.9089110e-03
3.4565780e-03
3.1425710e-03
2.9115070e-03
2.8827010e-03
3.1784150e-03
3.7600210e-03
4.3736180e-03
5.0717220e-03
5.6120570e-03
5.9159740e-03
5.7695950e-03
5.4907980e-03
5.0672090e-03
4.8448420e-03
4.8052880e-03
4.9285670e-03
5.3199560e-03
5.6185980e-03
5.9334850e-03
5.9889260e-03
5.6485050e-03
5.2017170e-03
4.2026100e-03
2.9884710e-03
1.9817900e-03
5.3662220e-04
-1.2607160e-03
-2.0561230e-03
-2.6324100e-03
-3.5242240e-03
-4.3346830e-03
-5.1826810e-03
-6.1894240e-03
-7.2420350e-03
-8.4651870e-03
-9.8798080e-03
-1.1095000e-02
-1.2520670e-02
-1.3877480e-02
-1.5307820e-02
-1.7425470e-02
-1.8731160e-02
-1.9855730e-02
-2.0703630e-02
-2.1451610e-02
-2.1928350e-02
-2.1926620e-02
-2.1641570e-02
-2.1304000e-02
-2.0824730e-02
-2.0053090e-02
-1.9240550e-02
-1.8388990e-02
-1.7309320e-02
-1.6086820e-02
-1.5057940e-02
-1.4168940e-02
-1.3495740e-02
-1.3202380e-02
-1.3210670e-02
-1.3123790e-02
-1.2945570e-02
-1.2975130e-02
-1.2960960e-02
-1.2583860e-02
-1.2087980e-02
-1.1493230e-02
-1.0724960e-02
-9.8126570e-03
-8.8408570e-03
-8.0331560e-03
-7.3389860e-03
-6.8019710e-03
-6.1038290e-03
-5.5070000e-03
-5.3329360e-03
-5.0382380e-03
-4.0702520e-03
-3.1351510e-03
-2.5732130e-03
-2.2875720e-03
-1.7971760e-03
-1.4522730e-03
-1.2668400e-03
-1.1029590e-03
-1.1440060e-03
-1.4971000e-03
-1.7151320e-03
-1.2657140e-03
-1.2342100e-03
-1.7333540e-03
-1.4731250e-03
-9.1905650e-04
-2.2896760e-04
3.6833600e-04
1.0238510e-03
1.7428450e-03
2.3820840e-03
3.1495700e-03
3.6121730e-03
4.0328580e-03
4.4174050e-03
4.7281290e-03
5.0127030e-03
5.3807270e-03
5.9198800e-03
6.4898220e-03
7.1453100e-03
7.9974820e-03
8.8863380e-03
9.5658600e-03
1.0091190e-02
1.0524910e-02
1.0602090e-02
1.0649790e-02
1.0454410e-02
1.0034700e-02
9.8428220e-03
9.5610820e-03
9.1236640e-03
8.8243300e-03
8.3789050e-03
7.9924490e-03
7.5943770e-03
7.0834310e-03
6.1041190e-03
4.8670770e-03
4.6116440e-03
4.4497520e-03
3.9402110e-03
3.3211510e-03
2.8946020e-03
2.5438380e-03
1.9775790e-03
1.3688120e-03
9.9219370e-04
6.5678390e-04
5.8635640e-04
7.2214130e-04
3.5889220e-04
-3.7475590e-04
-8.0055990e-04
-7.6899170e-04
-5.8859760e-04
-4.6085190e-04
-4.9756090e-04
-7.6467040e-04
-6.2817920e-04
-3.7489630e-04
-2.8499070e-04
-1.3664010e-04
-8.8748500e-05
-1.0522380e-04
-2.8238680e-04
-5.1407720e-04
-7.0492290e-04
-7.6367610e-04
-1.0485210e-03
-2.1771770e-03
-2.3877450e-03
-2.6065230e-03
-2.9588690e-03
-3.3177580e-03
-3.7301410e-03
-4.1300390e-03
-4.3133640e-03
-4.5451790e-03
-4.7702310e-03
-5.0565730e-03
-5.5497350e-03
-6.0453090e-03
-6.3633320e-03
-6.6119990e-03
-6.8951140e-03
-6.9176000e-03
-7.2360650e-03
-7.4573360e-03
-6.7995710e-03
-6.2635040e-03
-5.9704270e-03
-5.4152810e-03
-4.7853690e-03
-4.1456190e-03
-3.5612480e-03
-3.0470970e-03
-2.4316490e-03
-1.8643720e-03
-1.0268170e-03
2.3053500e-04
4.8930460e-04
4.2053270e-04
7.0141580e-04
1.0494040e-03
1.2596630e-03
1.3400140e-03
1.6024460e-03
1.6923860e-03
1.7902550e-03
2.0821760e-03
2.2982420e-03
2.5553030e-03
2.7191980e-03
2.8009550e-03
2.7752870e-03
2.8169190e-03
2.8574390e-03
2.9810660e-03
3.0192530e-03
2.9311130e-03
2.8940120e-03
3.0241300e-03
3.2434660e-03
3.4927970e-03
3.7016920e-03
3.9882400e-03
4.2882110e-03
4.3820710e-03
4.4732800e-03
4.6621140e-03
4.8989720e-03
5.2523850e-03
5.4644090e-03
5.8545280e-03
6.3099100e-03
6.8046400e-03
6.5195490e-03
6.3610550e-03
7.3114550e-03
8.0050550e-03
8.2915410e-03
8.6445670e-03
8.8821340e-03
9.0022540e-03
9.1434410e-03
9.2564370e-03
9.1138640e-03
8.9246440e-03
8.9663110e-03
9.1723070e-03
8.6877760e-03
8.0799170e-03
8.0163460e-03
8.0892170e-03
8.1006410e-03
8.2219550e-03
8.2646200e-03
8.1418860e-03
8.0489210e-03
7.7525520e-03
7.4430750e-03
7.1121350e-03
6.7745630e-03
6.4493030e-03
6.0415010e-03
5.7768650e-03
5.5448980e-03
5.2024600e-03
4.8007170e-03
4.3586270e-03
3.8304000e-03
3.4487380e-03
3.0480940e-03
2.7662830e-03
2.5840040e-03
2.6088070e-03
2.7406600e-03
2.8613240e-03
2.7697660e-03
2.7681600e-03
2.6370060e-03
