0.01
-3.1847160e-02
-3.5387500e-02
-3.7703870e-02
-3.8799290e-02
-3.9108480e-02
-3.9172950e-02
-3.9376920e-02
-3.9958820e-02
-4.1216020e-02
-4.3289620e-02
-4.6060680e-02
-4.9251440e-02
-5.2572420e-02
-5.5285410e-02
-5.5664200e-02
-5.2601610e-02
-4.6303350e-02
-3.7924880e-02
-2.8831180e-02
-1.9993510e-02
-1.1767210e-02
-4.0177470e-03
3.5884520e-03
1.1328170e-02
1.9256130e-02
2.6542520e-02
3.1523230e-02
3.3261830e-02
3.2064690e-02
2.9072080e-02
2.5188940e-02
2.0170450e-02
1.3532740e-02
5.1996290e-03
-4.4252990e-03
-1.4700230e-02
-2.5050900e-02
-3.5161140e-02
-4.4898820e-02
-5.2838270e-02
-5.6047920e-02
-5.2950520e-02
-4.4247170e-02
-3.2141140e-02
-1.9028170e-02
-6.5067340e-03
4.9220130e-03
1.5570720e-02
2.6038010e-02
3.6781600e-02
4.7827970e-02
5.7735580e-02
6.4345380e-02
6.6724590e-02
6.5532090e-02
6.2352940e-02
5.8821440e-02
5.6775560e-02
5.8164540e-02
6.3638300e-02
7.2380640e-02
8.2840310e-02
9.3579510e-02
1.0378960e-01
1.1333980e-01
1.2252180e-01
1.3170690e-01
1.4100370e-01
1.4916320e-01
1.5442670e-01
1.5613020e-01
1.5491680e-01
1.5214100e-01
1.4885760e-01
1.4282340e-01
1.2975930e-01
1.0765670e-01
7.8033510e-02
4.7604660e-02
2.5574780e-02
1.6820340e-02
2.0187220e-02
3.0699860e-02
4.2902520e-02
5.3276810e-02
6.0907430e-02
6.6730640e-02
7.2008570e-02
7.4487380e-02
6.8803780e-02
5.1963860e-02
2.5076920e-02
-7.9654280e-03
-4.2845370e-02
-7.5949710e-02
-1.0182270e-01
-1.1585720e-01
-1.1785300e-01
-1.1135210e-01
-1.0118260e-01
-9.1254480e-02
-8.4855210e-02
-8.4933470e-02
-9.2107560e-02
-1.0466300e-01
-1.1988920e-01
-1.3544340e-01
-1.5009770e-01
-1.6372720e-01
-1.7683590e-01
-1.8934670e-01
-1.9895920e-01
-2.0334380e-01
-2.0209610e-01
-1.9666160e-01
-1.8927830e-01
-1.8184940e-01
-1.7558430e-01
-1.7151010e-01
-1.7002270e-01
-1.6993870e-01
-1.6743180e-01
-1.5903390e-01
-1.4396830e-01
-1.2393680e-01
-1.0167890e-01
-7.9506350e-02
-5.8536940e-02
-3.8742190e-02
-1.9479890e-02
-1.9290670e-04
1.7627480e-02
3.0310080e-02
3.5646790e-02
3.4208880e-02
2.8523330e-02
2.1486430e-02
1.5109970e-02
1.0078470e-02
6.0532690e-03
2.3467180e-03
-8.4125320e-04
-2.1488220e-03
-5.9555890e-04
3.7366040e-03
9.9264120e-03
1.6810460e-02
2.3517930e-02
2.9622840e-02
3.4422100e-02
3.7175190e-02
3.7807780e-02
3.6876250e-02
3.5194580e-02
3.3443460e-02
3.1570800e-02
2.8387030e-02
2.2906350e-02
1.5057000e-02
5.5507810e-03
-4.6257750e-03
-1.4695030e-02
-2.4316200e-02
-3.3538750e-02
-4.2600490e-02
-5.1290260e-02
-5.6850930e-02
-5.5995240e-02
-4.7811840e-02
-3.3922300e-02
-1.7171500e-02
-1.8578180e-04
1.4760970e-02
2.6018120e-02
3.3463880e-02
3.8238040e-02
4.1885640e-02
4.5609310e-02
4.9935460e-02
5.4805580e-02
5.9880650e-02
6.4844830e-02
6.9559620e-02
7.4048440e-02
7.7933890e-02
8.0122350e-02
7.9921380e-02
7.7506380e-02
7.3990130e-02
7.1554350e-02
7.1966340e-02
7.5567840e-02
8.1474710e-02
8.8339110e-02
9.5066820e-02
1.0113210e-01
1.0596770e-01
1.0865870e-01
1.0884610e-01
1.0695890e-01
1.0387700e-01
1.0046860e-01
9.6430250e-02
8.9025970e-02
7.5884400e-02
5.6819400e-02
3.3559990e-02
8.9043570e-03
-1.2749690e-02
-2.7715430e-02
-3.5362090e-02
-3.7505340e-02
-3.6536650e-02
-3.4442540e-02
-3.1765080e-02
-2.7563250e-02
-2.0953620e-02
-1.1900430e-02
-1.1425200e-03
1.0299260e-02
2.1581940e-02
3.1435690e-02
3.7715120e-02
3.9425980e-02
3.7546860e-02
3.4074220e-02
3.0743510e-02
2.7906710e-02
2.4640000e-02
1.9992910e-02
1.3667960e-02
6.0456530e-03
-1.7717330e-03
-7.5829700e-03
-9.6732470e-03
-7.8616830e-03
-3.2130990e-03
2.7262540e-03
8.6858660e-03
1.4054760e-02
1.8838490e-02
2.3365570e-02
2.7973710e-02
3.2829610e-02
3.7910780e-02
4.3085910e-02
4.7280670e-02
4.7565430e-02
4.1986860e-02
3.0835930e-02
1.6409760e-02
2.4303360e-03
-8.1979300e-03
-1.4858230e-02
-1.8893540e-02
-2.2250870e-02
-2.6351460e-02
-3.1655310e-02
-3.7840990e-02
-4.4285970e-02
-5.0492620e-02
-5.6138510e-02
-6.0365530e-02
-6.2296980e-02
-6.1833360e-02
-5.9613780e-02
-5.6570610e-02
-5.3535810e-02
-5.1622590e-02
-5.2073520e-02
-5.5274960e-02
-6.0660460e-02
-6.7186810e-02
-7.3896630e-02
-8.0250150e-02
-8.5996570e-02
-9.0670340e-02
-9.3937070e-02
-9.5894700e-02
-9.6976050e-02
-9.7697110e-02
-9.8440510e-02
-9.8583710e-02
-9.5425570e-02
-8.6770120e-02
-7.2537850e-02
-5.4428270e-02
-3.4738060e-02
-1.5268510e-02
2.2418970e-03
1.5016840e-02
2.1625570e-02
2.3056840e-02
2.2258950e-02
2.2141080e-02
2.4181550e-02
2.7670390e-02
3.0058620e-02
2.9300880e-02
2.5001890e-02
1.8410020e-02
1.2203810e-02
8.7584080e-03
8.8010510e-03
1.1343730e-02
1.4353220e-02
1.6165830e-02
1.6204330e-02
1.4861790e-02
1.2961410e-02
1.1214690e-02
9.9417720e-03
9.0857040e-03
8.5637800e-03
8.7911580e-03
1.0234410e-02
1.2966000e-02
1.6663220e-02
2.0828200e-02
2.5031600e-02
2.9046170e-02
3.2549310e-02
3.4721380e-02
3.5049590e-02
3.3693340e-02
3.1442450e-02
2.9234430e-02
2.7644610e-02
2.6755860e-02
2.6312910e-02
2.5971490e-02
2.5500790e-02
2.4872730e-02
2.4191150e-02
2.3572030e-02
2.3020820e-02
2.1968260e-02
1.9640040e-02
1.5750690e-02
1.0588150e-02
4.7522040e-03
-5.8807800e-04
-3.2919690e-03
-2.0645120e-03
2.7637540e-03
9.1937430e-03
1.4828160e-02
1.8316990e-02
1.9763740e-02
2.0398750e-02
2.1532070e-02
2.3831180e-02
2.7218290e-02
3.0986570e-02
3.3823910e-02
3.4736820e-02
3.3630130e-02
3.1134310e-02
2.8114040e-02
2.5232560e-02
2.2960690e-02
2.1842130e-02
2.2074880e-02
2.3412380e-02
2.5350560e-02
2.7176930e-02
2.8193410e-02
2.8136690e-02
2.7203040e-02
2.5821290e-02
2.4393380e-02
2.3105870e-02
2.1509240e-02
1.8706600e-02
1.4208810e-02
8.1871930e-03
1.2502370e-03
-5.9358660e-03
-1.2930160e-02
-1.9602280e-02
-2.5781550e-02
-3.0338940e-02
-3.2092400e-02
-3.0848030e-02
-2.7371310e-02
-2.2838040e-02
-1.8249150e-02
-1.4114640e-02
-1.0460810e-02
-7.0808220e-03
-4.2137200e-03
-2.5764750e-03
-2.5759600e-03
-4.0484470e-03
-6.4351880e-03
-9.1123650e-03
-1.1650840e-02
-1.3905310e-02
-1.5947190e-02
-1.7931480e-02
-1.9980820e-02
-2.2137150e-02
-2.4371740e-02
-2.6628460e-02
-2.8861570e-02
-3.1004710e-02
-3.2820300e-02
-3.4080450e-02
-3.4757340e-02
-3.5010500e-02
-3.5156800e-02
-3.5646420e-02
-3.6749070e-02
-3.8443250e-02
-4.0507360e-02
-4.2655200e-02
-4.4412080e-02
-4.5288530e-02
-4.5123110e-02
-4.3685430e-02
-4.0458360e-02
-3.5299240e-02
-2.8599700e-02
-2.1042980e-02
-1.3273360e-02
-5.6838560e-03
1.0349570e-03
5.1848720e-03
5.6901270e-03
2.8080140e-03
-2.2466020e-03
-8.0560900e-03
-1.3604850e-02
-1.8278340e-02
-2.1622570e-02
-2.3617150e-02
-2.4635050e-02
-2.5188920e-02
-2.5693610e-02
-2.6352400e-02
-2.6978040e-02
-2.6803970e-02
-2.5206090e-02
-2.2140060e-02
-1.8051050e-02
-1.3551780e-02
-9.2424940e-03
-5.6966500e-03
-3.1324370e-03
-1.3706140e-03
-2.9734330e-05
1.2570290e-03
2.8989380e-03
5.4259370e-03
9.0687610e-03
1.3655390e-02
1.8779590e-02
2.4035630e-02
2.9171210e-02
3.3955500e-02
3.7879440e-02
4.0586770e-02
4.1995510e-02
4.2230020e-02
4.1552650e-02
3.9470380e-02
3.4980910e-02
2.7730740e-02
1.8292090e-02
8.4251150e-03
3.7685080e-04
-4.6703910e-03
-6.9616380e-03
-7.6378250e-03
-7.9503830e-03
-8.7006220e-03
-1.0070530e-02
-1.1590780e-02
-1.2495580e-02
-1.2345090e-02
-1.1204570e-02
-9.4750400e-03
-7.6111180e-03
-5.9099430e-03
-4.4243850e-03
-2.7347030e-03
-1.3718170e-04
3.7307600e-03
8.7232360e-03
1.4373530e-02
2.0048560e-02
2.4893950e-02
2.8350740e-02
3.0458670e-02
3.1690340e-02
3.2621950e-02
3.3656960e-02
3.4734810e-02
3.5290880e-02
3.4872240e-02
3.3439060e-02
3.1301770e-02
2.8890990e-02
2.6543070e-02
2.4399900e-02
2.2434230e-02
2.0722040e-02
1.9897060e-02
2.0518920e-02
2.2355140e-02
2.4634660e-02
2.6718240e-02
2.8482950e-02
3.0128810e-02
3.1908060e-02
3.3893890e-02
3.5812880e-02
3.7322780e-02
3.8275680e-02
3.8756900e-02
3.8983740e-02
3.9066540e-02
3.8608980e-02
3.7105960e-02
3.4417320e-02
3.0803290e-02
2.6721640e-02
2.2587380e-02
1.8678030e-02
1.5556080e-02
1.3821630e-02
1.3582530e-02
1.4465730e-02
1.5858410e-02
1.6814540e-02
1.6317140e-02
1.3991110e-02
1.0176120e-02
5.5817930e-03
8.7688800e-04
-3.5607610e-03
-7.6755780e-03
-1.1610540e-02
-1.5547130e-02
-1.9593640e-02
-2.3645020e-02
-2.7295010e-02
-3.0237000e-02
-3.2459710e-02
-3.4192230e-02
-3.5721130e-02
-3.6975380e-02
-3.7444310e-02
-3.6778820e-02
-3.5008030e-02
-3.2309320e-02
-2.8911340e-02
-2.5087620e-02
-2.1081180e-02
-1.7049540e-02
-1.3056320e-02
-9.0992230e-03
-5.1494410e-03
-1.2233910e-03
2.1991560e-03
4.3948550e-03
5.0678640e-03
4.4716690e-03
3.1726870e-03
1.7906440e-03
9.0345980e-04
7.9781750e-04
1.3910040e-03
2.3825420e-03
3.4096960e-03
4.0879780e-03
4.2055510e-03
3.8059430e-03
3.0953160e-03
2.3013800e-03
1.5251070e-03
4.9617160e-04
-1.1764120e-03
-3.6420320e-03
-6.7575180e-03
-1.0219430e-02
-1.3734950e-02
-1.7092550e-02
-1.9991520e-02
-2.2183610e-02
-2.3671550e-02
-2.4667920e-02
-2.5424180e-02
-2.5971150e-02
-2.6192430e-02
-2.6026640e-02
-2.5526610e-02
-2.4824560e-02
-2.3972900e-02
-2.2796720e-02
-2.1142070e-02
-1.9057870e-02
-1.6899880e-02
-1.5072480e-02
-1.3764070e-02
-1.2912150e-02
-1.2308850e-02
-1.1601140e-02
-9.9858010e-03
-6.8678010e-03
-2.6975880e-03
1.5191480e-03
5.0064620e-03
7.5366300e-03
9.3520790e-03
1.0897260e-02
1.2660120e-02
1.5047740e-02
1.8160670e-02
2.1816130e-02
2.5714170e-02
2.9604160e-02
3.3366570e-02
3.7006990e-02
4.0594370e-02
4.4199510e-02
4.7811530e-02
5.0944310e-02
5.2946910e-02
5.3594240e-02
5.3158690e-02
5.2225680e-02
5.1358620e-02
5.0856060e-02
5.0723110e-02
5.0791210e-02
5.0868420e-02
5.0841510e-02
5.0697020e-02
5.0486330e-02
5.0153880e-02
4.9264560e-02
4.7402170e-02
4.4510110e-02
4.0866020e-02
3.6881810e-02
3.2900670e-02
2.9227630e-02
2.6281600e-02
2.4258870e-02
2.3028870e-02
2.2264070e-02
2.1628300e-02
2.0906750e-02
1.9990590e-02
1.8406200e-02
1.5560790e-02
1.1297090e-02
5.9279990e-03
-6.4060490e-06
-6.0171990e-03
-1.1835360e-02
-1.7423320e-02
-2.2885290e-02
-2.8348670e-02
-3.3891580e-02
-3.9520390e-02
-4.5186210e-02
-5.0557470e-02
-5.4924310e-02
-5.7864880e-02
-5.9498130e-02
-6.0223490e-02
-6.0323750e-02
-5.9993360e-02
-5.9385010e-02
-5.8615420e-02
-5.7769410e-02
-5.6899850e-02
-5.6034440e-02
-5.5238430e-02
-5.4712990e-02
-5.4609410e-02
-5.4922180e-02
-5.5518200e-02
-5.6226590e-02
-5.6916580e-02
-5.7532890e-02
-5.8018700e-02
-5.8215060e-02
-5.8021990e-02
-5.7472420e-02
-5.6693840e-02
-5.5833510e-02
-5.4963300e-02
-5.3772950e-02
-5.1796400e-02
-4.8855110e-02
-4.5123370e-02
-4.1047410e-02
-3.7175700e-02
-3.3835820e-02
-3.1037270e-02
-2.8574380e-02
-2.6195320e-02
-2.3728990e-02
-2.1127310e-02
-1.8433410e-02
-1.5721160e-02
-1.3044500e-02
-1.0418560e-02
-7.8267090e-03
-5.2795650e-03
-2.9968270e-03
-1.2467360e-03
-1.0378280e-04
5.6448700e-04
9.7848790e-04
1.3154550e-03
1.6703060e-03
2.0620540e-03
2.4679780e-03
2.8584110e-03
3.2192170e-03
3.5743040e-03
4.0174350e-03
4.6325630e-03
5.4332720e-03
6.3682160e-03
7.3617880e-03
8.3514710e-03
9.3047290e-03
1.0163090e-02
1.0825300e-02
1.1244400e-02
1.1456060e-02
1.1545610e-02
1.1601480e-02
1.1670510e-02
1.1707400e-02
1.1628920e-02
1.1395760e-02
1.1028920e-02
1.0587160e-02
1.0150250e-02
9.8253880e-03
9.6749490e-03
9.6873400e-03
9.8005140e-03
9.9441460e-03
1.0070250e-02
1.0163740e-02
1.0233650e-02
1.0306830e-02
1.0438600e-02
1.0675140e-02
1.1019800e-02
1.1440480e-02
1.1892430e-02
1.2340820e-02
1.2769750e-02
1.3181560e-02
1.3586550e-02
1.3994640e-02
1.4409960e-02
1.4861580e-02
1.5667440e-02
1.7241540e-02
1.9715040e-02
2.2904400e-02
2.6464590e-02
3.0076810e-02
3.3561360e-02
3.6891900e-02
4.0135840e-02
4.3379850e-02
4.6656110e-02
4.9746030e-02
5.2292640e-02
5.4134050e-02
5.5372130e-02
5.6268180e-02
5.7088280e-02
5.7985470e-02
5.8823460e-02
5.9259530e-02
5.9082860e-02
5.8275620e-02
5.6776900e-02
5.4560690e-02
5.1751350e-02
4.8575540e-02
4.5262010e-02
4.1980530e-02
3.8940990e-02
3.6325390e-02
3.4152540e-02
3.2299120e-02
3.0589250e-02
2.8879980e-02
2.7103400e-02
2.5260660e-02
2.3388710e-02
2.1525310e-02
1.9689310e-02
1.7878230e-02
1.6078190e-02
1.4275010e-02
1.2461910e-02
1.0639570e-02
8.8138930e-03
7.1573240e-03
6.2427470e-03
6.5139870e-03
7.9651610e-03
1.0223840e-02
1.2803480e-02
1.5331020e-02
1.7647950e-02
1.9768400e-02
2.1668570e-02
2.3274350e-02
2.4503100e-02
2.5177570e-02
2.5214750e-02
2.4674070e-02
2.3504450e-02
2.1621460e-02
1.9092750e-02
1.6123370e-02
1.2946890e-02
9.6255040e-03
6.0636790e-03
2.1886610e-03
-1.9761640e-03
-6.3305370e-03
-1.0753310e-02
-1.5156280e-02
-1.9481670e-02
-2.3430670e-02
-2.6507660e-02
-2.8493580e-02
-2.9553320e-02
-3.0082250e-02
-3.0480570e-02
-3.0999650e-02
-3.1714080e-02
-3.2738830e-02
-3.4326220e-02
-3.6597680e-02
-3.9456570e-02
-4.2669190e-02
-4.5990230e-02
-4.9258570e-02
-5.2421970e-02
-5.5451070e-02
-5.8116020e-02
-6.0173770e-02
-6.1582240e-02
-6.2389330e-02
-6.2564130e-02
-6.2055080e-02
-6.0402450e-02
-5.7109910e-02
-5.2175280e-02
-4.6064120e-02
-3.9417640e-02
-3.2758540e-02
-2.6341180e-02
-2.0181740e-02
-1.4381390e-02
-9.2636930e-03
-5.0085230e-03
-1.5176470e-03
1.4968450e-03
4.3470660e-03
7.1243660e-03
9.6014680e-03
1.1559800e-02
1.2972050e-02
1.3961810e-02
1.4571970e-02
1.4779920e-02
1.4620570e-02
1.4170030e-02
1.3268690e-02
1.1649280e-02
9.2511190e-03
6.2681010e-03
3.2365910e-03
8.3293870e-04
-5.5771560e-04
-8.9912840e-04
-4.6665100e-04
3.3895340e-04
1.2418700e-03
2.1954150e-03
3.2572370e-03
4.4701680e-03
5.7212080e-03
6.7728670e-03
7.4702820e-03
7.8072940e-03
7.7413070e-03
7.0987220e-03
5.8138700e-03
4.0004310e-03
1.8794890e-03
-3.2995800e-04
-2.4885290e-03
-4.5088330e-03
-6.2352590e-03
-7.5556150e-03
-8.4928190e-03
-9.1734320e-03
-9.7512190e-03
-1.0340620e-02
-1.0990020e-02
-1.1691930e-02
-1.2413320e-02
-1.3114750e-02
-1.3661680e-02
-1.3851690e-02
-1.3600400e-02
-1.2979740e-02
-1.2153420e-02
-1.1309300e-02
-1.0599630e-02
-1.0076490e-02
-9.7002700e-03
-9.3901240e-03
-9.0751100e-03
-8.7209480e-03
-8.3295070e-03
-7.9217440e-03
-7.5188780e-03
-7.1313360e-03
-6.7579240e-03
-6.3965330e-03
-6.1394410e-03
-6.1818830e-03
-6.6322650e-03
-7.4487370e-03
-8.4890830e-03
-9.5886600e-03
-1.0557870e-02
-1.1253980e-02
-1.1662300e-02
-1.1870330e-02
-1.1999030e-02
-1.2141460e-02
-1.2336810e-02
-1.2577380e-02
-1.2834330e-02
-1.3088960e-02
-1.3419480e-02
-1.3960570e-02
-1.4775040e-02
-1.5824280e-02
-1.7008280e-02
-1.8223780e-02
-1.9381180e-02
-2.0166300e-02
-2.0158880e-02
-1.9213170e-02
-1.7509190e-02
-1.5399390e-02
-1.3217190e-02
-1.1156090e-02
-9.2572230e-03
-7.5136380e-03
-5.9127250e-03
-4.4230610e-03
-3.0034500e-03
-1.6164590e-03
-2.3641480e-04
1.1482510e-03
2.5391210e-03
3.9326160e-03
5.3250200e-03
6.7121530e-03
8.0336300e-03
9.1443520e-03
9.9560100e-03
1.0484500e-02
1.0736300e-02
1.0666380e-02
1.0255930e-02
9.4836680e-03
8.3738860e-03
7.0170420e-03
5.5320890e-03
4.0196180e-03
2.5352940e-03
1.0896440e-03
-3.3358900e-04
-1.6946930e-03
-2.7963690e-03
-3.4756090e-03
-3.7271430e-03
-3.6797870e-03
-3.5082280e-03
-3.3499220e-03
-3.2661410e-03
-3.2502170e-03
-3.2620030e-03
-3.2629250e-03
-3.2284770e-03
-3.0486980e-03
-2.5120920e-03
-1.5102200e-03
-1.0031580e-04
1.5538120e-03
3.2778660e-03
4.9572620e-03
6.5576970e-03
8.1025640e-03
9.6356890e-03
1.1189430e-02
1.2763350e-02
1.4283150e-02
1.5659160e-02
1.6860720e-02
1.7922890e-02
1.8913820e-02
1.9897410e-02
2.0908670e-02
2.1936810e-02
2.2867400e-02
2.3568840e-02
2.3966720e-02
2.4013780e-02
2.3739960e-02
2.3164340e-02
2.2202120e-02
2.0817340e-02
1.9081750e-02
1.7136450e-02
1.5124300e-02
1.3139300e-02
1.1212480e-02
9.3285050e-03
7.4551520e-03
5.5672740e-03
3.6571640e-03
1.7311560e-03
-1.9881680e-04
-2.1238150e-03
-4.0404270e-03
-5.9511610e-03
-7.8599270e-03
-9.7166870e-03
-1.1309930e-02
-1.2451010e-02
-1.3121330e-02
-1.3454530e-02
-1.3640500e-02
-1.3833790e-02
-1.4106320e-02
-1.4454580e-02
-1.4835710e-02
-1.5206880e-02
-1.5535670e-02
-1.5750860e-02
-1.5782980e-02
-1.5626780e-02
-1.5334200e-02
-1.4979370e-02
-1.4622900e-02
-1.4294400e-02
-1.4004150e-02
-1.3845330e-02
-1.3942170e-02
-1.4331580e-02
-1.4952140e-02
-1.5693130e-02
-1.6452480e-02
-1.7172780e-02
-1.7844770e-02
-1.8489490e-02
-1.9133460e-02
-1.9758520e-02
-2.0196520e-02
-2.0268750e-02
-1.9935120e-02
-1.9294330e-02
-1.8506910e-02
-1.7712320e-02
-1.6989140e-02
-1.6385960e-02
-1.5919010e-02
-1.5562470e-02
-1.5268650e-02
-1.4992800e-02
-1.4707980e-02
-1.4407100e-02
-1.4096150e-02
-1.3784670e-02
-1.3478880e-02
-1.3179700e-02
-1.2884240e-02
-1.2556950e-02
-1.2086500e-02
-1.1387500e-02
-1.0461760e-02
-9.3814320e-03
-8.2402750e-03
-7.1097050e-03
-6.0199330e-03
-4.9653690e-03
-3.9236190e-03
-2.8030180e-03
-1.3525290e-03
6.1450390e-04
3.0881210e-03
5.9033800e-03
8.8497000e-03
1.1702130e-02
1.4129730e-02
1.5911000e-02
1.7073790e-02
1.7780740e-02
1.8116550e-02
1.8133270e-02
1.7903270e-02
1.7517370e-02
1.7061750e-02
1.6575550e-02
1.5997880e-02
1.5251920e-02
1.4318580e-02
1.3241720e-02
1.2094750e-02
1.0942880e-02
9.8206720e-03
8.7309990e-03
7.6582280e-03
6.5842360e-03
5.4986480e-03
4.4009920e-03
3.2970670e-03
2.1934520e-03
1.0940270e-03
-1.0454980e-06
-1.0936680e-03
-2.1863420e-03
-3.2804660e-03
-4.3742520e-03
-5.4539220e-03
-6.5038690e-03
-7.5197220e-03
-8.5092400e-03
-9.4856130e-03
-1.0440140e-02
-1.1131750e-02
-1.1197310e-02
-1.0490400e-02
-9.1703050e-03
-7.6222980e-03
-6.2052030e-03
-5.0883500e-03
-4.2448680e-03
-3.5396210e-03
-2.8339460e-03
-2.0512670e-03
-1.2250620e-03
-5.2477030e-04
-9.7109930e-05
3.2585450e-05
-5.2524250e-05
-2.2739170e-04
-3.9010090e-04
-4.7918410e-04
-4.4743990e-04
-2.8506140e-04
-2.2393500e-05
2.9225970e-04
6.1686900e-04
9.2846010e-04
1.2187910e-03
1.4146340e-03
1.3647070e-03
9.8729010e-04
3.1868720e-04
-5.2706170e-04
-1.4256490e-03
-2.2879060e-03
-2.9817320e-03
-3.3124820e-03
-3.1969720e-03
-2.7060790e-03
-2.0003560e-03
-1.2409330e-03
-5.2784350e-04
1.1313060e-04
7.0721540e-04
1.2944610e-03
1.9028870e-03
2.5388890e-03
3.2287060e-03
4.1002020e-03
5.2697270e-03
6.7460760e-03
8.4422710e-03
1.0234950e-02
1.1973000e-02
1.3452980e-02
1.4569850e-02
1.5363420e-02
1.5959830e-02
1.6425680e-02
1.6727580e-02
1.6832660e-02
1.6756920e-02
1.6556190e-02
1.6253550e-02
1.5806820e-02
1.5188190e-02
1.4417040e-02
1.3548480e-02
1.2644330e-02
1.1748760e-02
1.0878820e-02
1.0030090e-02
9.2205080e-03
8.5352380e-03
8.0358150e-03
7.7160560e-03
7.5214060e-03
7.4610270e-03
7.6452930e-03
8.1414520e-03
8.9171740e-03
9.8691320e-03
1.0881060e-02
1.1844750e-02
1.2554390e-02
1.2820010e-02
1.2617240e-02
1.2041260e-02
1.1199590e-02
1.0197120e-02
9.1195460e-03
8.0208490e-03
6.9241790e-03
5.8322310e-03
4.7395530e-03
3.6413120e-03
2.5368810e-03
1.4374030e-03
4.6464860e-04
-1.7876570e-04
-3.9835620e-04
-2.5423150e-04
9.9610250e-05
4.8625700e-04
7.4288410e-04
7.9440340e-04
6.6679120e-04
4.4201850e-04
2.0269770e-04
-3.0265760e-06
-1.6739590e-04
-3.0836150e-04
-4.4890140e-04
-5.6219090e-04
-4.8673870e-04
-7.1217870e-05
7.0593120e-04
1.7466720e-03
2.9052500e-03
4.0610320e-03
5.1519400e-03
6.1248980e-03
6.9204750e-03
7.5292520e-03
7.9954420e-03
8.3795090e-03
8.6306140e-03
8.5940220e-03
8.1857710e-03
7.4132280e-03
6.3160530e-03
4.9785960e-03
3.5073410e-03
1.9933940e-03
4.9019300e-04
-9.7767000e-04
-2.2531590e-03
-3.0216240e-03
-3.1144630e-03
-2.6072800e-03
-1.7361110e-03
-7.5753760e-04
1.1458510e-04
6.8057550e-04
8.5994710e-04
7.1787880e-04
3.9818130e-04
4.0057240e-05
-2.7407250e-04
-5.2512530e-04
-6.8846020e-04
-6.8031300e-04
-4.5023190e-04
-1.9774300e-05
5.3846000e-04
1.1422520e-03
1.7334680e-03
2.2902590e-03
2.8137670e-03
3.2437890e-03
3.4623370e-03
3.4125860e-03
3.1310080e-03
2.7126330e-03
2.2568530e-03
1.8279560e-03
1.4445350e-03
1.0923210e-03
7.5171980e-04
4.9752310e-04
5.1016590e-04
8.9568060e-04
1.6217320e-03
2.5599750e-03
3.5648860e-03
4.5023270e-03
5.2225990e-03
5.6525430e-03
5.8294830e-03
5.8486840e-03
5.7216630e-03
5.3918520e-03
4.8332480e-03
4.0183100e-03
2.9111180e-03
1.5359140e-03
-2.4146180e-05
-1.6682110e-03
-3.3176320e-03
-4.9350620e-03
-6.5196500e-03
-8.0812580e-03
-9.4922830e-03
-1.0470970e-02
-1.0858070e-02
-1.0711900e-02
-1.0237570e-02
-9.6630970e-03
-9.1429490e-03
-8.7274580e-03
-8.3880320e-03
-8.0675620e-03
-7.7100960e-03
-7.2560750e-03
-6.6764690e-03
-5.9886410e-03
-5.2377500e-03
-4.4700580e-03
-3.7146250e-03
-2.9792180e-03
-2.2696140e-03
-1.7117840e-03
-1.4758250e-03
-1.6169090e-03
-2.0593750e-03
-2.6598660e-03
-3.2845260e-03
-3.8573040e-03
-4.3658320e-03
-4.8376520e-03
-5.3084900e-03
-5.8005270e-03
-6.3009430e-03
-6.6977920e-03
-6.8619440e-03
-6.7559910e-03
-6.4392490e-03
-6.0178690e-03
-5.5873920e-03
-5.1992370e-03
-4.8583940e-03
-4.5424670e-03
-4.2249270e-03
-3.8905970e-03
-3.5384250e-03
-3.1734820e-03
-2.7999260e-03
-2.4208640e-03
-2.0383350e-03
-1.6535820e-03
-1.2673770e-03
-8.8034310e-04
-4.9769310e-04
-1.8486440e-04
-5.2201680e-05
-1.5144220e-04
-4.4997500e-04
-8.6381140e-04
-1.3062250e-03
-1.7224780e-03
-2.0981330e-03
-2.4470700e-03
-2.8067630e-03
-3.2919930e-03
-4.0193860e-03
-5.0121700e-03
-6.2030980e-03
-7.4867590e-03
-8.7732180e-03
-1.0017440e-02
-1.1217970e-02
-1.2397690e-02
-1.3581150e-02
-1.4781580e-02
-1.5998110e-02
-1.7222590e-02
-1.8445770e-02
-1.9662910e-02
-2.0873880e-02
-2.2081940e-02
-2.3259250e-02
-2.4072380e-02
-2.4086350e-02
-2.3161300e-02
-2.1487840e-02
-1.9425850e-02
-1.7309270e-02
-1.5326130e-02
-1.3516340e-02
-1.1936580e-02
-1.0662110e-02
-9.6908090e-03
-8.9436630e-03
-8.3135120e-03
-7.7653830e-03
-7.3657990e-03
-7.1705450e-03
-7.1708700e-03
-7.3035020e-03
-7.4883360e-03
-7.6642400e-03
-7.8050880e-03
-7.9096860e-03
-7.9002320e-03
-7.6020250e-03
-6.9184440e-03
-5.8908420e-03
-4.6523370e-03
-3.3491880e-03
-2.0800550e-03
-8.7716720e-04
2.7754700e-04
1.4202780e-03
2.5793500e-03
3.7633410e-03
4.9652430e-03
6.1716630e-03
7.3724320e-03
8.5639390e-03
9.7487860e-03
1.0931680e-02
1.2116720e-02
1.3280410e-02
1.4263090e-02
1.4881290e-02
1.5087960e-02
1.4977130e-02
1.4709710e-02
1.4428250e-02
1.4209060e-02
1.4059160e-02
1.3945700e-02
1.3829650e-02
1.3688770e-02
1.3523580e-02
1.3377490e-02
1.3326210e-02
1.3411500e-02
1.3619710e-02
1.3901950e-02
1.4204100e-02
1.4490660e-02
1.4751190e-02
1.4993910e-02
1.5225950e-02
1.5382810e-02
1.5369840e-02
1.5152920e-02
1.4769690e-02
1.4297140e-02
1.3808890e-02
1.3348160e-02
1.2922990e-02
1.2519030e-02
1.2116360e-02
1.1702490e-02
1.1275290e-02
1.0826630e-02
1.0309950e-02
9.6824200e-03
8.9405360e-03
8.1164830e-03
7.2558230e-03
6.3958020e-03
5.5541080e-03
4.7358330e-03
4.0788470e-03
3.9284190e-03
4.4974390e-03
5.7318310e-03
7.3876810e-03
9.1835910e-03
1.0911020e-02
1.2381100e-02
1.3469060e-02
1.4194960e-02
1.4683340e-02
1.5082300e-02
1.5493080e-02
1.5871380e-02
1.6035600e-02
1.5860610e-02
1.5356650e-02
1.4637900e-02
1.3845410e-02
1.3081900e-02
1.2385480e-02
1.1742060e-02
1.1115440e-02
1.0475190e-02
9.8203740e-03
9.3031130e-03
9.1845920e-03
9.5924020e-03
1.0457620e-02
1.1589580e-02
1.2788630e-02
1.3927340e-02
1.4971480e-02
1.5952700e-02
1.6923000e-02
1.7919630e-02
1.8951620e-02
2.0007090e-02
2.1065190e-02
2.2067210e-02
2.2901090e-02
2.3504650e-02
2.3901350e-02
2.4138580e-02
2.4173430e-02
2.3949090e-02
2.3473790e-02
2.2819330e-02
2.2081420e-02
2.1338250e-02
2.0600410e-02
1.9683790e-02
1.8357900e-02
1.6548920e-02
1.4356790e-02
1.1969190e-02
9.5592940e-03
7.2227860e-03
4.9720690e-03
2.7929740e-03
7.5855170e-04
-1.0388950e-03
-2.5804760e-03
-3.9261440e-03
-5.1725670e-03
-6.4061410e-03
-7.6739420e-03
-8.9826830e-03
-1.0313260e-02
-1.1643520e-02
-1.2959850e-02
-1.4251530e-02
-1.5410160e-02
-1.6275140e-02
-1.6784590e-02
-1.7001300e-02
-1.7056940e-02
-1.7080210e-02
-1.7147610e-02
-1.7275570e-02
-1.7440450e-02
-1.7608820e-02
-1.7754860e-02
-1.7825630e-02
-1.7746500e-02
-1.7490920e-02
-1.7091530e-02
-1.6613450e-02
-1.6118750e-02
-1.5644560e-02
-1.5198430e-02
-1.4730790e-02
-1.4072890e-02
-1.3079210e-02
-1.1735810e-02
-1.0143870e-02
-8.4463900e-03
-6.7579350e-03
-5.1306610e-03
-3.5600280e-03
-2.0131150e-03
-4.5767090e-04
1.1182930e-03
2.6675240e-03
4.1022790e-03
5.3753480e-03
6.5032770e-03
7.5443710e-03
8.5393780e-03
9.4193220e-03
1.0084630e-02
1.0506070e-02
1.0735090e-02
1.0855590e-02
1.0844680e-02
1.0590910e-02
1.0038490e-02
9.2280370e-03
8.2560280e-03
7.1458610e-03
5.8430810e-03
4.3197880e-03
2.6081920e-03
7.8163220e-04
-1.0818250e-03
-2.9295900e-03
-4.7435220e-03
-6.5318320e-03
-8.2678340e-03
-9.7886700e-03
-1.0941840e-02
-1.1710130e-02
-1.2198990e-02
-1.2563060e-02
-1.2929160e-02
-1.3358490e-02
-1.3849770e-02
-1.4369300e-02
-1.4881880e-02
-1.5369870e-02
-1.5834660e-02
-1.6286350e-02
-1.6692240e-02
-1.6968680e-02
-1.7065950e-02
-1.7000000e-02
-1.6831990e-02
-1.6631400e-02
-1.6445780e-02
-1.6291810e-02
-1.6161540e-02
-1.6037790e-02
-1.5906620e-02
-1.5772440e-02
-1.5696070e-02
-1.5749680e-02
-1.5954700e-02
-1.6278820e-02
-1.6662700e-02
-1.7052560e-02
-1.7418870e-02
-1.7758620e-02
-1.8084190e-02
-1.8408830e-02
-1.8695730e-02
-1.8836980e-02
-1.8761300e-02
-1.8479980e-02
-1.8065410e-02
-1.7604630e-02
-1.7160190e-02
-1.6755400e-02
-1.6381720e-02
-1.6017900e-02
-1.5645790e-02
-1.5258650e-02
-1.4859940e-02
-1.4457530e-02
-1.4058140e-02
-1.3682980e-02
-1.3404830e-02
-1.3286540e-02
-1.3331520e-02
-1.3491840e-02
-1.3701370e-02
-1.3907530e-02
-1.4086270e-02
-1.4239430e-02
-1.4381800e-02
-1.4527960e-02
-1.4670070e-02
-1.4735250e-02
-1.4645820e-02
-1.4383780e-02
-1.3990730e-02
-1.3535000e-02
-1.3076130e-02
-1.2645190e-02
-1.2243780e-02
-1.1857130e-02
-1.1490870e-02
-1.1211300e-02
-1.1077190e-02
-1.1093410e-02
-1.1216960e-02
-1.1387050e-02
-1.1554440e-02
-1.1696120e-02
-1.1813370e-02
-1.1919960e-02
-1.2027550e-02
-1.2119220e-02
-1.2163400e-02
-1.2145160e-02
-1.2073050e-02
-1.1969990e-02
-1.1859750e-02
-1.1757430e-02
-1.1666870e-02
-1.1584020e-02
-1.1507800e-02
-1.1491540e-02
-1.1609150e-02
-1.1886200e-02
-1.2291880e-02
-1.2765670e-02
-1.3250380e-02
-1.3712950e-02
-1.4147900e-02
-1.4566910e-02
-1.4985250e-02
-1.5412180e-02
-1.5771140e-02
-1.5749160e-02
-1.5067370e-02
-1.3697540e-02
-1.1835000e-02
-9.7583080e-03
-7.6932200e-03
-5.7447740e-03
-3.9073840e-03
-2.1180300e-03
-3.1388350e-04
1.5360910e-03
3.4270070e-03
5.3360120e-03
7.2398560e-03
9.1273650e-03
1.0999440e-02
1.2864740e-02
1.4731510e-02
1.6604480e-02
1.8482700e-02
2.0363700e-02
2.2244190e-02
2.4122780e-02
2.5999090e-02
2.7874510e-02
2.9749980e-02
3.1626810e-02
3.3503650e-02
3.5376030e-02
3.7155840e-02
3.8669260e-02
3.9821660e-02
4.0652460e-02
4.1288270e-02
4.1864790e-02
4.2396140e-02
4.2725450e-02
4.2719870e-02
4.2373300e-02
4.1782790e-02
4.1063300e-02
4.0299220e-02
3.9535290e-02
3.8780880e-02
3.8027900e-02
3.7265260e-02
3.6488750e-02
3.5704910e-02
3.4957560e-02
3.4299930e-02
3.3749760e-02
3.3285060e-02
3.2864280e-02
3.2448650e-02
3.2016750e-02
3.1565750e-02
3.1104350e-02
3.0642740e-02
3.0118810e-02
2.9325970e-02
2.8119660e-02
2.6513320e-02
2.4642140e-02
2.2673880e-02
2.0732100e-02
1.8865420e-02
1.7060170e-02
1.5275900e-02
1.3477080e-02
1.1649650e-02
9.7993080e-03
7.9411790e-03
6.0881210e-03
4.2455480e-03
2.4112160e-03
5.8020970e-04
-1.2525240e-03
-3.0889480e-03
-4.9170690e-03
-6.5757940e-03
-7.7943820e-03
-8.4456050e-03
-8.6093290e-03
-8.4908610e-03
-8.3026040e-03
-8.1785540e-03
-8.1540570e-03
-8.1950480e-03
-8.2468130e-03
-8.2704640e-03
-8.2569040e-03
-8.2186770e-03
-8.1762490e-03
-8.1438090e-03
-8.1251430e-03
-8.1155530e-03
-8.1078600e-03
-8.0966540e-03
-8.0805930e-03
-8.0610020e-03
-8.0406700e-03
-8.0215430e-03
-8.0139670e-03
-8.0463660e-03
-8.1378070e-03
-8.2850230e-03
-8.4685780e-03
-8.6647780e-03
-8.8569520e-03
-9.0386720e-03
-9.2121610e-03
-9.3829640e-03
-9.5559810e-03
-9.7329580e-03
-9.9131050e-03
-1.0094130e-02
-1.0274420e-02
-1.0453220e-02
-1.0636420e-02
-1.0851190e-02
-1.1124950e-02
-1.1462580e-02
-1.1847780e-02
-1.2258740e-02
-1.2729130e-02
-1.3341240e-02
-1.4138670e-02
-1.5099340e-02
-1.6158460e-02
-1.7245790e-02
-1.8298490e-02
-1.9193350e-02
-1.9816050e-02
-2.0152820e-02
-2.0281890e-02
-2.0316630e-02
-2.0350630e-02
-2.0428950e-02
-2.0551600e-02
-2.0694190e-02
-2.0831790e-02
-2.0951580e-02
-2.1054840e-02
-2.1150480e-02
-2.1247720e-02
-2.1320020e-02
-2.1243380e-02
-2.0905040e-02
-2.0291810e-02
-1.9480280e-02
-1.8581580e-02
-1.7686440e-02
-1.6835510e-02
-1.5965430e-02
-1.4903000e-02
-1.3532170e-02
-1.1863250e-02
-1.0000780e-02
-8.0727760e-03
-6.1716490e-03
-4.3310220e-03
-2.5375550e-03
-7.5825580e-04
1.0337430e-03
2.8486200e-03
4.6808840e-03
6.5187660e-03
8.3520150e-03
1.0176760e-02
1.1946910e-02
1.3522640e-02
1.4808260e-02
1.5817970e-02
1.6646960e-02
1.7411010e-02
1.8193980e-02
1.9028380e-02
1.9904180e-02
2.0793530e-02
2.1641670e-02
2.2335990e-02
2.2799700e-02
2.3043980e-02
2.3144710e-02
2.3194020e-02
2.3258270e-02
2.3362980e-02
2.3501200e-02
2.3670840e-02
2.3881700e-02
2.4138190e-02
2.4433070e-02
2.4751880e-02
2.5079200e-02
2.5404470e-02
2.5712370e-02
2.5884100e-02
2.5767120e-02
2.5314480e-02
2.4595960e-02
2.3740370e-02
2.2866140e-02
2.2039410e-02
2.1269650e-02
2.0531680e-02
1.9786980e-02
1.8983970e-02
1.8088280e-02
1.7103810e-02
1.6062050e-02
1.5000680e-02
1.3946550e-02
1.2909330e-02
1.1885120e-02
1.0870350e-02
9.9385200e-03
9.2242280e-03
8.7936790e-03
8.6097990e-03
8.5708570e-03
8.5701340e-03
8.5387460e-03
8.4573710e-03
8.3406670e-03
8.1750450e-03
7.8818150e-03
7.4055810e-03
6.7554570e-03
5.9899880e-03
5.1810500e-03
4.3817780e-03
3.6138470e-03
2.8721120e-03
2.1397410e-03
1.4014940e-03
6.5129380e-04
-1.5410540e-04
-1.1624890e-03
-2.4885640e-03
-4.1286640e-03
-5.9835860e-03
-7.9241310e-03
-9.8517950e-03
-1.1724050e-02
-1.3548040e-02
-1.5353530e-02
-1.7168460e-02
-1.9004530e-02
-2.0858680e-02
-2.2719500e-02
-2.4534720e-02
-2.6130190e-02
-2.7358240e-02
-2.8209170e-02
-2.8793970e-02
-2.9265450e-02
-2.9734610e-02
-3.0183190e-02
-3.0522780e-02
-3.0696980e-02
