0.01
-3.2671350e-04
-3.3651520e-03
-2.4924330e-03
-2.7224990e-03
-3.0229570e-04
2.3966380e-03
3.7194580e-03
3.7004240e-03
4.2633260e-03
2.5895600e-03
2.1281570e-03
1.6907650e-03
-6.4594300e-04
-1.8196300e-03
-2.9002150e-03
-3.0779210e-03
-9.4788230e-04
2.2806830e-03
5.3300300e-03
6.9000360e-03
8.7402540e-03
5.6668930e-03
9.4153280e-04
-2.2587780e-03
-2.7379490e-03
-3.6636700e-03
-4.5320110e-03
-5.2623610e-03
-6.9545630e-03
-8.0546880e-03
-8.6082010e-03
-7.7472410e-03
-4.7542710e-03
-2.5116920e-03
-1.1528620e-03
4.0877130e-04
5.3366610e-03
1.5860060e-02
2.6148290e-02
2.7659950e-02
1.7450900e-02
-7.0354210e-04
-1.8641480e-02
-3.2039320e-02
-3.4944580e-02
-2.8930720e-02
-1.7181900e-02
-3.7219050e-03
8.0058300e-03
1.8192840e-02
2.9878720e-02
3.2601100e-02
2.1459090e-02
4.8695060e-03
1.2304910e-03
-2.2664520e-03
-8.7654580e-03
-8.3866860e-03
-8.4153020e-03
-5.5209800e-03
-4.6817900e-03
-4.8761630e-03
-7.7083070e-03
-4.9164770e-03
4.9109920e-03
1.6572530e-02
2.2820000e-02
3.1107360e-02
4.2668920e-02
5.1775140e-02
5.3254150e-02
4.1510630e-02
1.4354650e-02
-2.6152510e-02
-5.8255310e-02
-6.6267110e-02
-5.2512300e-02
-3.3034370e-02
-1.7998630e-02
-9.1560630e-03
-1.3414460e-04
1.1136610e-02
1.3725680e-02
1.0677140e-02
1.0347620e-02
1.0072860e-02
5.3717040e-03
1.5994930e-03
-4.2279930e-03
-1.9292640e-02
-3.5015670e-02
-3.5650300e-02
-2.9572800e-02
-1.5949630e-02
4.9258710e-03
1.5576960e-02
2.3844330e-02
2.2806440e-02
2.5843220e-02
2.5313750e-02
1.4903150e-02
1.2657880e-02
1.1128390e-02
1.0180320e-02
1.2803050e-02
9.7185780e-03
5.3826260e-03
-3.7145110e-03
-1.7744410e-02
-2.5642790e-02
-3.3533470e-02
-2.9599110e-02
-1.2746820e-02
1.1655530e-02
2.0144340e-02
8.2758430e-03
-4.2699170e-04
-1.6088180e-02
-2.0661610e-02
-1.7757680e-02
-2.0293120e-02
-1.6695080e-02
-9.5038100e-03
2.0445650e-03
1.6563040e-02
4.7423210e-02
7.6722900e-02
8.2679290e-02
5.5439030e-02
3.2341700e-02
2.0019130e-02
-1.2067560e-03
-1.6437870e-02
-2.4144430e-02
-2.8520230e-02
-2.8705980e-02
-2.1628990e-02
-1.8866150e-02
-1.5997290e-02
-1.0641640e-02
-8.3873880e-03
1.6737230e-03
9.4948890e-03
2.1461090e-02
2.8182600e-02
7.9935990e-03
-3.4286870e-02
-4.7008730e-02
-4.1876180e-02
-2.8123990e-02
-2.1708340e-02
-2.0342950e-02
-1.2440390e-02
-2.5525020e-03
4.5973040e-03
-3.9905050e-03
-2.0864990e-02
-3.3841520e-02
-4.3679920e-02
-3.9538400e-02
-1.5019370e-02
1.5968720e-02
3.3185210e-02
3.4937360e-02
2.3373410e-02
1.7657590e-02
1.6478860e-02
1.8037920e-02
2.3064330e-02
1.8430800e-02
6.5970610e-03
-9.3168270e-03
-2.3640470e-02
-3.4567060e-02
-2.8255400e-02
-1.7044600e-02
-3.0313570e-02
-7.8431710e-02
-1.0265070e-01
-8.8023410e-02
-5.7096870e-02
-1.4784820e-02
3.1021080e-02
6.4311600e-02
8.7296680e-02
1.0197450e-01
9.2518920e-02
6.8389220e-02
6.4522750e-02
6.3820850e-02
5.0086450e-02
3.0098360e-02
5.3061300e-03
-3.0143760e-02
-5.1851060e-02
-4.8007010e-02
-2.4170060e-02
4.6076590e-04
2.1699160e-02
3.7459670e-02
4.5564440e-02
5.2907000e-02
5.1914290e-02
2.8483800e-02
-9.8321960e-03
-3.5407230e-02
-4.0809160e-02
-4.1927420e-02
-5.0760970e-02
-6.0826600e-02
-6.4248350e-02
-6.4963920e-02
-5.5265440e-02
-3.7164830e-02
-1.8700060e-02
1.1336010e-02
5.3257210e-02
9.8822840e-02
1.1257270e-01
8.4414950e-02
3.6587790e-02
3.1734490e-04
-1.8566600e-02
-2.5621970e-02
-2.5831580e-02
-2.4986320e-02
-2.2959320e-02
-2.2551900e-02
-3.2382920e-02
-4.1060090e-02
-4.9390520e-02
-4.9066590e-02
-3.6096690e-02
-1.3238110e-02
1.1567780e-02
4.0843450e-02
5.6034650e-02
2.2743250e-02
-5.2914420e-03
-1.3139500e-02
-1.4875830e-02
-7.4266880e-03
8.1598920e-04
-8.4860910e-03
-4.0332110e-02
-7.0664230e-02
-6.8852480e-02
-4.7451180e-02
-3.2544190e-02
-2.9669140e-02
-5.1723920e-02
-6.3009030e-02
-5.6472160e-02
-4.7170260e-02
-2.3720250e-02
-5.9455580e-03
1.4603980e-02
3.8211410e-02
6.3437470e-02
7.9547730e-02
7.1085450e-02
5.2241670e-02
3.2877480e-02
2.0489330e-02
1.6673940e-02
1.3010470e-02
1.1507840e-02
1.0361430e-02
1.4205500e-02
2.7840340e-02
4.7789160e-02
7.0331280e-02
8.8065540e-02
1.0042530e-01
1.0836250e-01
1.1500450e-01
1.1322400e-01
9.4301650e-02
6.1944530e-02
3.1640620e-02
-1.8825640e-02
-1.0517640e-01
-1.5850980e-01
-7.6050980e-02
7.9638880e-02
7.5805080e-02
-2.0941190e-02
-1.3065200e-02
3.6098710e-02
4.6094790e-02
3.4703950e-02
1.2222260e-02
-1.0048210e-02
-1.4627930e-02
-1.7477550e-02
-2.7787100e-02
-3.9233430e-02
-5.4552460e-02
-6.6528270e-02
-6.8768900e-02
-6.1853790e-02
-5.3887820e-02
-4.9618110e-02
-4.5452820e-02
-4.8065570e-02
-6.0341600e-02
-7.9743690e-02
-9.3762090e-02
-9.8643530e-02
-9.3677340e-02
-8.2520970e-02
-6.6512440e-02
-4.9305220e-02
-3.3192130e-02
-1.8701700e-02
-6.3818830e-03
1.0076030e-02
3.8270520e-02
6.0118580e-02
5.5218650e-02
3.5724160e-02
1.1943490e-01
1.2974960e-01
8.9383280e-03
2.8875970e-03
2.9657770e-02
3.1294240e-02
2.7145310e-02
2.8152280e-02
2.1454100e-02
1.5491050e-02
1.8459630e-02
1.5294140e-02
1.5824520e-02
2.1532500e-02
2.6759120e-02
2.8174650e-02
2.2620840e-02
1.7967470e-02
5.4822950e-03
-1.3255640e-02
-3.2810810e-02
-5.7620410e-02
-8.5787270e-02
-1.1313220e-01
-9.3573350e-02
1.4511450e-02
1.2553330e-01
1.3168210e-01
7.8916130e-02
6.7851030e-02
6.7667680e-02
7.6601010e-02
6.4578570e-02
3.4622910e-02
1.6191020e-02
1.1248250e-02
1.1932500e-02
9.6815830e-03
1.1118790e-02
1.2842830e-02
1.2293520e-02
2.0462980e-02
2.2698040e-02
2.4133920e-02
2.9412150e-02
2.3020260e-02
1.2871680e-02
-5.7668100e-03
-2.7138330e-02
-4.3510210e-02
-4.9838470e-02
-5.0379260e-02
-5.2440130e-02
-5.7027980e-02
-5.7602850e-02
-6.3290620e-02
-7.0896640e-02
-8.4415680e-02
-1.0158770e-01
-1.1094430e-01
-1.1288620e-01
-9.9375040e-02
-7.7108720e-02
-5.3116630e-02
-2.1933860e-02
1.5806000e-02
6.1384590e-02
9.6840660e-02
1.0713110e-01
8.7179380e-02
4.3678480e-02
4.0265670e-03
-1.6855280e-02
-2.6041290e-02
-2.5136730e-02
-1.0167740e-02
2.4699800e-02
4.4007540e-02
2.0801600e-02
4.0574750e-03
8.9835510e-03
8.9972590e-03
6.1608900e-03
7.5297340e-03
2.5453640e-03
1.6106450e-03
1.7879210e-03
-1.7672830e-03
-1.1867040e-02
-2.1375190e-02
-2.7352660e-02
-2.5698960e-02
-1.7263050e-02
1.4685130e-03
2.7365570e-02
4.0633710e-02
3.7141900e-02
2.0982110e-02
7.3120440e-03
1.6147660e-02
3.9746520e-02
6.9684580e-02
8.4354070e-02
8.5289750e-02
8.7711650e-02
8.9643930e-02
7.5130250e-02
4.6936260e-02
1.9552230e-02
-9.4722790e-04
-1.0699230e-02
-1.2104210e-02
-1.0923830e-02
-1.3241470e-02
-2.0237550e-02
-3.3757300e-02
-5.0662530e-02
-6.0262620e-02
-6.6217640e-02
-6.7829960e-02
-7.2692380e-02
-8.1799740e-02
-9.1308300e-02
-9.9556390e-02
-9.5897270e-02
-7.2720210e-02
-4.2474920e-02
-2.6228550e-02
-3.1145950e-02
-4.8616130e-02
-5.1535810e-02
-3.4640680e-02
-2.6784540e-02
-2.4116720e-02
-2.2799340e-02
-1.5945830e-02
-3.5281150e-03
8.4734970e-03
1.8792080e-02
3.3571430e-02
4.7670020e-02
5.8306980e-02
6.6255400e-02
5.7809010e-02
3.8293290e-02
1.7296880e-02
2.8427750e-03
-7.5051470e-03
-1.1455690e-02
-1.0029480e-02
-1.1670770e-02
-6.4372190e-03
4.2248170e-03
2.0365350e-02
3.4941910e-02
4.2027700e-02
4.1970730e-02
3.7661380e-02
3.2241010e-02
2.6439350e-02
2.3202340e-02
2.1580260e-02
1.9998970e-02
2.5686380e-02
3.7003330e-02
6.0300120e-02
7.6742390e-02
7.2120680e-02
2.3664070e-02
-1.2790150e-02
-2.2119270e-02
-1.5520770e-02
-9.3041460e-03
-7.6100670e-03
-6.4702390e-03
-7.4526740e-03
-1.1947010e-02
-1.3579900e-02
-1.5689750e-02
-1.9285920e-02
-2.1672090e-02
-2.4023040e-02
-3.0021490e-02
-3.7576630e-02
-4.8282540e-02
-5.2844530e-02
-5.2271940e-02
-4.7739380e-02
-3.5271410e-02
-1.7431720e-02
-1.0216630e-03
1.4421260e-02
2.4252060e-02
2.9995400e-02
3.1200120e-02
3.2397220e-02
2.8841010e-02
2.7000590e-02
2.5545090e-02
2.6229450e-02
3.3654450e-02
3.7425280e-02
3.7510160e-02
4.1415180e-02
4.5870540e-02
4.7172180e-02
4.6384920e-02
4.2092870e-02
3.2037160e-02
2.3205890e-02
1.2604590e-02
4.6817210e-03
-1.4320410e-03
-1.0804630e-02
-1.9525790e-02
-2.9007600e-02
-3.8383230e-02
-4.5280950e-02
-4.9608520e-02
-5.0350870e-02
-4.9207620e-02
-4.5244290e-02
-4.0887970e-02
-3.7065550e-02
-3.3707450e-02
-3.1747270e-02
-2.7964960e-02
-2.0474490e-02
-1.1907790e-02
-3.4213170e-03
2.2521750e-03
8.3896620e-03
1.1070550e-02
1.2778440e-02
1.4456050e-02
1.3864830e-02
1.6305320e-02
2.1100740e-02
2.7892720e-02
3.9542620e-02
4.2564460e-02
4.3150560e-02
4.1609570e-02
3.2572640e-02
2.9580800e-02
2.9298470e-02
2.6792380e-02
2.5215190e-02
1.8980330e-02
1.1599980e-02
6.9029420e-03
5.1993970e-03
7.2174690e-04
-1.9108010e-03
-1.4856710e-03
-5.6890790e-03
-1.0552060e-02
-1.6350680e-02
-2.1014810e-02
-2.2766370e-02
-2.7095380e-02
-3.0647720e-02
-3.6925940e-02
-3.9926870e-02
-4.1195570e-02
-3.9614710e-02
-4.4134470e-02
-4.0396520e-02
-4.3619470e-02
-4.5186140e-02
-4.4078790e-02
-4.8294730e-02
-5.0631920e-02
-5.2545240e-02
-5.1562540e-02
-4.9997280e-02
-4.3740500e-02
-3.6267500e-02
-3.1175290e-02
-2.2598800e-02
-1.7743530e-02
-9.0931640e-03
-7.8279710e-04
9.6258540e-03
2.1054820e-02
3.1545650e-02
4.3253560e-02
4.8248590e-02
5.0006670e-02
4.9678320e-02
5.1536760e-02
4.5264970e-02
3.9623830e-02
3.6901660e-02
3.5484180e-02
3.7785680e-02
4.8929290e-02
5.7953100e-02
6.3819320e-02
6.5226360e-02
5.7552560e-02
4.7543710e-02
3.3879120e-02
2.1159930e-02
1.3294750e-02
9.3066580e-03
9.3614440e-03
7.4680030e-03
5.6883620e-03
6.4788400e-03
2.7276210e-04
-4.8193430e-03
-1.2742750e-02
-1.7320880e-02
-2.2036450e-02
-3.2363580e-02
-3.7274520e-02
-4.0009280e-02
-4.1151630e-02
-4.5153840e-02
-4.7443400e-02
-5.2747190e-02
-5.3403650e-02
-5.6073050e-02
-4.9793470e-02
-3.9680820e-02
-3.2308750e-02
-2.9831300e-02
-2.9590360e-02
-2.6385760e-02
-1.7614920e-02
-9.9736610e-03
-2.3093890e-03
5.5527380e-03
1.0823480e-02
1.7533830e-02
2.1740170e-02
2.6531640e-02
2.9557020e-02
3.1182830e-02
3.6118580e-02
4.0820470e-02
4.8962110e-02
5.4293690e-02
5.9778320e-02
5.4409270e-02
4.8434870e-02
3.8654310e-02
2.8225980e-02
2.0907460e-02
1.5052530e-02
9.3152160e-03
3.5763930e-03
-5.1032450e-03
-1.7908540e-02
-3.0503720e-02
-4.2645600e-02
-5.1649160e-02
-5.4967900e-02
-5.2448200e-02
-3.7758000e-02
-2.8970530e-02
-2.9079210e-02
-2.7849210e-02
-2.6645440e-02
-2.4758310e-02
-2.6111690e-02
-2.5130300e-02
-2.6402810e-02
-2.7428510e-02
-2.3239360e-02
-1.8972020e-02
-1.3278380e-02
-5.1267670e-03
3.2237630e-03
1.2302970e-02
1.9277180e-02
2.8991680e-02
3.7815030e-02
4.2366010e-02
4.5905100e-02
4.6675170e-02
3.8235210e-02
2.8723740e-02
2.4320810e-02
2.3359350e-02
2.1392290e-02
2.1843120e-02
2.2190340e-02
1.6559710e-02
1.1829650e-02
7.9179640e-03
5.7570170e-03
4.2632160e-03
3.4045080e-04
-3.4521610e-03
-7.5614950e-03
-1.1293440e-02
-1.1608060e-02
-1.3846190e-02
-1.4970520e-02
-1.5225590e-02
-1.7284410e-02
-1.9484440e-02
-1.7617520e-02
-1.6040790e-02
-1.2577510e-02
-1.1854450e-02
-8.4770840e-03
-9.3685620e-03
-7.2657220e-03
-7.7424800e-03
-7.7992160e-03
-7.0957210e-03
-4.7911700e-03
-2.3596190e-03
4.4109900e-04
6.2453430e-03
1.1502930e-02
1.3849200e-02
1.6396230e-02
1.4278110e-02
1.7078380e-02
1.4962780e-02
1.7463830e-02
1.7818450e-02
1.9761330e-02
2.0630240e-02
2.3958260e-02
1.9845690e-02
1.6696100e-02
1.3830530e-02
8.5147490e-03
4.5109140e-03
-1.2358680e-03
-3.7789810e-03
-9.3250880e-03
-1.2231600e-02
-1.4155520e-02
-1.5076450e-02
-1.3071410e-02
-1.4162600e-02
-1.5447440e-02
-1.4848490e-02
-1.8562060e-02
-2.0557000e-02
-2.5813540e-02
-2.7678310e-02
-3.0145860e-02
-2.9262520e-02
-2.9136400e-02
-2.7290390e-02
-2.4945030e-02
-2.3700030e-02
-2.2511050e-02
-1.9233160e-02
-1.4586770e-02
-1.2568660e-02
-6.2358340e-03
2.2264370e-03
4.9521150e-03
8.9448550e-03
1.1644640e-02
1.2727480e-02
1.7116910e-02
2.0315890e-02
2.5116670e-02
2.9233920e-02
3.2109370e-02
3.4140760e-02
3.5148160e-02
3.7486920e-02
3.9795080e-02
3.7298670e-02
3.7633010e-02
3.8649740e-02
3.5773560e-02
3.3029590e-02
3.0223240e-02
2.5201220e-02
1.9199720e-02
1.1284130e-02
3.2707900e-03
-5.0008300e-03
-1.2555920e-02
-1.7829190e-02
-2.3960690e-02
-3.2904070e-02
-3.6248000e-02
-3.9238260e-02
-4.0462240e-02
-3.8638630e-02
-3.7248290e-02
-3.6189720e-02
-3.8416170e-02
-3.6717530e-02
-3.7554920e-02
-3.2637140e-02
-2.7676200e-02
-2.4433770e-02
-2.1081750e-02
-1.7146840e-02
-1.4242880e-02
-1.1344480e-02
-5.5109050e-03
-3.7755240e-03
-5.7433750e-04
6.1787570e-04
2.6778180e-03
5.5058980e-03
1.1267180e-02
1.3097450e-02
1.7227200e-02
2.0454970e-02
2.2528330e-02
2.4891080e-02
2.4519080e-02
2.5235570e-02
2.3758170e-02
2.3022360e-02
2.1370670e-02
2.0241360e-02
1.9616730e-02
1.7873200e-02
1.5675360e-02
1.5827750e-02
1.1453330e-02
1.2390860e-02
1.2251150e-02
7.5588290e-03
7.8549160e-03
3.4915590e-03
1.8040880e-03
2.7565720e-03
1.7798390e-03
1.6061890e-03
2.8769660e-03
-2.6713400e-03
-9.1988400e-03
-1.5635200e-02
-1.5708140e-02
-1.5748260e-02
-1.4690330e-02
-1.2196710e-02
-6.8516410e-03
-8.4578810e-03
-6.4015000e-03
-4.9166570e-03
-5.0532800e-03
-2.9845440e-03
-2.4632600e-03
-1.1720580e-03
-2.8586400e-03
-9.3069840e-04
-2.9720390e-03
-2.7107820e-03
-4.0463700e-03
-2.8458420e-04
2.0795910e-03
4.6748170e-03
9.7018390e-03
1.2101820e-02
1.8159780e-02
2.0360460e-02
2.3417750e-02
2.3283120e-02
2.2764990e-02
2.4140340e-02
2.2255090e-02
2.2791100e-02
1.8475500e-02
1.6190250e-02
1.0337160e-02
6.0225060e-03
6.5494440e-04
-1.3460050e-03
-3.9232630e-03
-4.2123660e-03
-6.9295490e-03
-9.4081510e-03
-9.0561790e-03
-1.0093030e-02
-1.0968790e-02
-1.1707850e-02
-1.2106360e-02
-1.3930700e-02
-1.5366950e-02
-1.6280020e-02
-1.8364490e-02
-1.9555650e-02
-2.2762460e-02
-2.2980380e-02
-2.4924410e-02
-2.2808870e-02
-2.3660900e-02
-2.3510100e-02
-2.2027610e-02
-2.0118450e-02
-1.8138490e-02
-1.6472820e-02
-1.4589840e-02
-1.1572250e-02
-8.2473030e-03
-4.9510380e-03
-1.3436360e-03
3.5486130e-04
4.2283240e-03
6.1334430e-03
8.3760050e-03
6.6628820e-03
1.1191030e-02
1.0991960e-02
1.1177590e-02
1.4084930e-02
1.4483780e-02
1.7076240e-02
2.0162220e-02
2.0667210e-02
2.1484260e-02
2.1279570e-02
2.0921080e-02
2.0308110e-02
1.6492890e-02
1.1647050e-02
6.0592150e-03
4.8821640e-03
3.6861890e-03
4.9648270e-03
3.1612010e-03
7.0512740e-04
1.1012330e-03
-1.3888360e-03
-1.0797580e-03
-1.3118900e-03
-3.5746440e-03
-5.8522940e-03
-5.3884900e-03
-5.2866570e-03
-6.3292070e-03
-5.2896650e-03
-4.9508330e-03
-5.9001360e-03
-6.4189110e-03
-5.7819870e-03
-7.8128700e-03
-9.0692470e-03
-8.9582430e-03
-1.2496020e-02
-1.4221960e-02
-1.7418700e-02
-1.8496930e-02
-1.9614580e-02
-1.6804720e-02
-1.7153250e-02
-1.4821720e-02
-1.5849370e-02
-1.2116380e-02
-1.1704120e-02
-1.1219450e-02
-6.7110940e-03
-5.1731550e-03
-4.5354560e-03
-2.3712900e-03
-6.1348200e-04
-9.9690920e-04
-7.3966050e-04
-4.1405720e-04
1.9798090e-03
2.2856780e-03
5.0787100e-03
6.9296460e-03
1.0160010e-02
1.4488050e-02
1.7199770e-02
1.7665860e-02
1.8749840e-02
1.7707260e-02
1.5681400e-02
1.4844670e-02
1.3287160e-02
1.3311740e-02
1.3067160e-02
1.4670460e-02
1.2984470e-02
1.1335650e-02
1.0851560e-02
9.4783560e-03
8.4039280e-03
1.0100570e-02
1.0267850e-02
1.3076550e-02
1.3772110e-02
1.5166770e-02
1.5093340e-02
1.4668260e-02
1.3446280e-02
1.2187530e-02
7.3382270e-03
7.8193110e-03
4.8949390e-03
4.0910060e-03
2.2510480e-03
-5.7784190e-04
-7.6462790e-04
-1.7787410e-03
-2.1712020e-04
-2.0211750e-03
-2.1149420e-03
-3.1596310e-03
-5.2771900e-03
-8.1829770e-03
-8.2701870e-03
-1.0226260e-02
-1.0016550e-02
-1.1019250e-02
-1.1297130e-02
-1.5189030e-02
-1.6602080e-02
-1.8139150e-02
-1.8180990e-02
-1.6327540e-02
-1.3879850e-02
-1.3358840e-02
-1.0790400e-02
-8.7047960e-03
-6.5099570e-03
-3.6486580e-03
-2.6533980e-03
-6.7405150e-04
-3.5867240e-04
-9.1681130e-04
4.6981140e-05
6.1749530e-04
-1.5002560e-03
-7.4415690e-05
-3.9188480e-04
-4.8621070e-04
-3.5652810e-03
-4.1325590e-03
-2.4967140e-03
-4.3452060e-03
-5.1634250e-03
-4.8454420e-03
-6.6198640e-03
-6.7501120e-03
-9.5626710e-03
-1.0330560e-02
-1.1856920e-02
-1.2721410e-02
-1.1554810e-02
-1.0382690e-02
-7.8767540e-03
-4.8931510e-03
-6.6072080e-03
-3.8374950e-03
-5.7588280e-03
-5.3054650e-03
-5.3704890e-03
-5.3480270e-03
-5.5454330e-03
-4.1699920e-03
-2.4371440e-03
-2.1622660e-04
2.4870870e-03
4.9697380e-03
5.0970950e-03
7.6316910e-03
8.9667630e-03
8.7603040e-03
1.0422090e-02
1.0774730e-02
1.3131510e-02
1.4909830e-02
1.7750380e-02
1.8614080e-02
2.0371180e-02
2.0085290e-02
1.9066690e-02
1.9147450e-02
1.6882850e-02
1.5081240e-02
1.3136800e-02
1.1046310e-02
9.6498480e-03
7.6804270e-03
8.1046600e-03
7.9875300e-03
7.3807960e-03
4.6349390e-03
7.3945550e-03
4.1635940e-03
1.9342020e-03
-1.2365440e-04
-2.9176730e-03
-5.4998910e-03
-8.6533810e-03
-1.1644800e-02
-1.2199060e-02
-1.2786300e-02
-1.2091990e-02
-8.2609500e-03
-4.2783930e-03
-1.9827880e-03
-9.3770540e-04
4.9644500e-04
1.4922170e-03
2.4870490e-03
2.2554240e-03
2.1481730e-03
4.1804330e-03
4.6475090e-03
3.6930810e-03
4.9086350e-03
1.7213230e-03
2.6971880e-03
-1.0441750e-03
-1.9301790e-04
-7.3434320e-04
-2.6002910e-03
-2.9732810e-03
-3.4934860e-03
-5.2863970e-03
-5.9369690e-03
-5.5350370e-03
-7.0319390e-03
-9.0838970e-03
-8.2108350e-03
-9.3124260e-03
-1.1442500e-02
-1.2111820e-02
-1.4767790e-02
-1.2866690e-02
-1.1471790e-02
-1.1619230e-02
-8.3621740e-03
-5.5006690e-03
-2.5377730e-03
-1.0250970e-03
2.4387190e-03
4.0289360e-03
4.1435940e-03
5.2397240e-03
5.3317390e-03
6.3432810e-03
6.0056490e-03
7.5139990e-03
7.6004950e-03
8.5656150e-03
1.0097000e-02
9.1553600e-03
9.3170800e-03
1.0063620e-02
7.9599230e-03
7.6669490e-03
7.1508210e-03
4.7529170e-03
4.1029640e-03
1.9129680e-03
2.0285830e-03
-1.4396640e-03
-2.2104610e-03
-3.7176880e-03
-6.6151860e-03
-9.1934830e-03
-1.1334220e-02
-1.4162280e-02
-1.3923100e-02
-1.4393390e-02
-1.4587120e-02
-1.1561090e-02
-1.2189490e-02
-1.1832800e-02
-1.1644960e-02
-1.1993310e-02
-1.0700750e-02
-8.8275420e-03
-7.5077870e-03
-6.3329760e-03
-4.9199750e-03
-6.5893970e-03
-6.2072480e-03
-3.2996860e-03
-4.2733270e-03
-2.6531130e-03
-5.6272800e-04
1.5473720e-03
3.3618290e-03
5.1962860e-03
5.3226710e-03
6.3745150e-03
7.5883050e-03
7.1115950e-03
7.4736080e-03
7.2134240e-03
8.3951840e-03
9.1678190e-03
1.2626470e-02
1.2418430e-02
1.3320240e-02
1.1749050e-02
1.0677010e-02
1.0301250e-02
9.7042220e-03
1.0273170e-02
8.6594980e-03
8.8708870e-03
8.7630180e-03
7.5350700e-03
6.7027060e-03
4.2783610e-03
4.1679140e-03
1.4394200e-03
1.7094600e-03
5.0020040e-04
2.3270590e-03
9.5037820e-04
8.2107860e-04
1.8717300e-03
4.9531270e-04
-2.7755590e-03
-3.6041290e-03
-3.6077780e-03
-2.5379530e-03
-2.2014180e-03
-1.7831860e-03
-7.8906050e-04
-1.1900540e-03
-1.0411910e-03
-1.0705650e-03
-4.1529620e-04
6.2803010e-04
1.4383420e-03
2.8910850e-03
3.7829230e-03
1.9009930e-03
1.8111450e-03
1.4905770e-04
-2.1769830e-04
-3.0555530e-03
-3.4365650e-03
-3.5870280e-03
-3.8650590e-03
-3.7455720e-03
-3.8196760e-03
-3.7288610e-03
-1.7570060e-03
-9.4061070e-04
-4.1423730e-03
-3.2430370e-03
-3.9571250e-03
-5.2887520e-03
-3.2490240e-03
-3.9756750e-03
-1.1895690e-03
-8.7635080e-04
1.1824430e-03
1.2194740e-04
1.3524920e-03
1.8523260e-03
-1.3529440e-03
-6.4111020e-04
-1.0116030e-03
-1.8552410e-03
-1.7611390e-03
-1.4183320e-03
-1.3820880e-03
-5.3201240e-04
1.3240060e-03
-3.1870330e-03
-3.4652020e-03
-4.2287410e-03
-5.1699500e-03
-3.3132530e-03
-4.1543300e-03
-5.1733380e-05
-1.7697970e-03
-2.3109140e-04
-1.5699190e-03
-8.2832350e-04
-9.4850660e-04
-2.9336260e-03
-3.9208400e-03
-3.7882320e-03
-1.9116940e-03
-1.5625540e-03
-1.4514730e-03
2.6293640e-03
4.0233360e-03
3.8313560e-03
5.7935850e-03
4.8155740e-03
4.2010140e-03
3.8363620e-03
1.4043300e-03
2.1908670e-03
1.7377570e-03
1.8783790e-03
9.8248190e-04
1.7745370e-03
6.4970280e-04
-1.9724980e-03
-3.9972830e-03
-3.3422570e-03
-3.9357950e-03
-3.7258720e-03
-4.6060540e-03
-3.3111910e-03
-4.1695150e-03
-2.4046370e-03
-4.6631370e-03
-1.5563710e-03
-5.1904390e-03
-5.3698020e-03
-6.0329430e-03
-6.8087530e-03
-6.4981760e-03
-6.4533960e-03
-3.0451060e-03
-5.4307710e-03
-3.7733320e-03
-3.1031500e-03
1.1852680e-03
1.4956870e-03
1.1021270e-03
3.4618960e-03
3.9082640e-03
5.8182860e-03
7.6799470e-03
9.0575130e-03
1.1597910e-02
9.0766160e-03
1.0291560e-02
9.8904060e-03
9.8329510e-03
9.8692540e-03
9.8333110e-03
9.9005980e-03
9.8913540e-03
9.5953060e-03
9.7818460e-03
9.4677180e-03
1.0044900e-02
9.8077710e-03
8.3146010e-03
9.1470420e-03
6.1475220e-03
7.9583660e-03
7.0368800e-03
4.3205140e-03
5.1459070e-03
2.7834410e-03
1.8024010e-03
1.9466000e-03
-2.2131710e-03
-3.8958850e-03
-4.0263720e-03
-7.1530290e-03
-5.8895290e-03
-5.7144100e-03
-8.4217740e-03
-6.4532630e-03
-1.0021210e-02
-1.2653830e-02
-1.1359870e-02
-1.2905540e-02
-1.1557080e-02
-1.2251280e-02
-1.2118700e-02
-1.2070380e-02
-1.2040090e-02
-1.2249430e-02
-1.2287220e-02
-9.3617900e-03
-1.0223950e-02
-7.8240270e-03
-7.2239300e-03
-5.1406890e-03
-5.0046990e-03
-4.5083410e-03
4.6026800e-05
-2.3069670e-03
1.0692770e-03
1.7615380e-03
4.1335310e-03
3.7331750e-03
7.3273790e-03
6.4274760e-03
6.6200160e-03
8.1822980e-03
7.7708520e-03
6.6430080e-03
7.2598210e-03
7.0042580e-03
6.9113850e-03
6.9283890e-03
7.0259610e-03
6.9023440e-03
6.8611480e-03
9.6496620e-03
8.0840210e-03
6.9593850e-03
6.1529450e-03
6.8530360e-03
4.6205420e-03
4.1993820e-03
4.3270280e-03
4.1194900e-03
4.1160660e-03
4.6347870e-03
4.7234330e-03
6.4597050e-03
5.7304630e-03
6.9122460e-03
6.6240460e-03
6.0241970e-03
6.9041670e-03
6.4297660e-03
6.8001350e-03
5.1695420e-03
3.6492630e-03
4.2104070e-03
2.8545870e-03
7.5558540e-04
5.1611640e-04
-2.0565190e-03
-2.6515580e-03
-6.2365480e-03
-7.1501820e-03
-7.9414520e-03
-1.0861130e-02
-9.1501620e-03
-9.6891820e-03
-1.0696320e-02
-1.0223430e-02
-1.0679380e-02
-9.7490750e-03
-9.0672360e-03
-1.0901690e-02
-1.0746810e-02
-1.0831660e-02
-1.3597860e-02
-1.2813050e-02
-1.3149960e-02
-1.3297180e-02
-1.1127690e-02
-9.6089680e-03
-6.5055200e-03
-5.4341120e-03
-2.9670760e-03
-2.3743950e-03
-1.7828080e-03
-1.3401100e-03
-3.8288950e-04
1.5435840e-04
8.7341690e-04
3.2534390e-03
2.4650130e-03
3.0150410e-03
2.1966780e-03
3.0492190e-03
2.3928820e-03
3.5908860e-03
3.4702720e-03
5.6473110e-03
4.9749800e-03
4.8051650e-03
6.0494190e-03
7.4447720e-03
4.3770110e-03
5.4047540e-03
4.9806690e-03
5.1279980e-03
4.0825230e-03
1.8702040e-03
2.3879260e-03
1.1180780e-03
1.5405040e-03
2.6675500e-03
1.9714700e-03
2.0726080e-03
2.0118880e-03
2.9687480e-03
1.4809730e-03
2.3501710e-03
2.3061550e-03
-7.7378400e-04
5.8336460e-04
-1.1342760e-03
-5.2765200e-04
-8.7648200e-04
9.3051240e-04
1.2585060e-04
2.6464770e-03
-8.6523120e-05
9.9642800e-04
-8.1965780e-04
-1.9973940e-03
-5.1067380e-03
-6.0717250e-03
-5.8008250e-03
-6.2097860e-03
-5.9713610e-03
-3.4051520e-03
-3.3279820e-03
-3.7948320e-03
-4.4140540e-03
-3.1116060e-03
-4.4084980e-03
-2.9127050e-03
-3.3324080e-03
-2.6418110e-03
-9.2398640e-04
1.1325520e-04
2.4952660e-03
5.3477630e-03
6.0589470e-03
5.9862780e-03
5.1402290e-03
4.9008420e-03
4.9494400e-03
4.6403130e-03
2.8095120e-03
2.8646980e-03
1.8745450e-03
2.2339070e-03
2.1912460e-03
1.7568180e-03
7.8952810e-04
5.7906890e-04
-6.3525660e-04
-7.9971280e-04
-1.4274540e-03
-5.5592540e-04
-8.1569380e-04
-1.4109760e-03
-1.7088390e-03
-3.2139020e-03
-2.9216070e-03
-2.8513190e-03
-1.3994730e-04
-1.0929100e-03
-1.9593300e-03
-1.5654920e-03
-3.0689230e-04
-1.1969320e-03
-3.7277190e-03
-1.2579380e-03
-1.8988580e-03
-2.7770120e-03
-6.7575540e-04
-2.2437620e-03
-1.8859160e-03
-4.8585430e-03
-2.6700580e-03
-3.6128840e-03
-5.0841380e-03
-2.6202280e-03
-3.9814760e-03
-2.4512340e-03
-3.9786620e-04
-1.2984060e-03
-2.2720820e-04
2.3270620e-03
1.3841570e-03
2.4207880e-03
4.0172400e-03
3.2000910e-03
5.5602830e-03
5.6143270e-03
6.8026340e-03
5.4067350e-03
6.8149160e-03
6.7960030e-03
6.0136830e-03
7.5300060e-03
5.9728020e-03
6.6230900e-03
6.2951830e-03
4.2130700e-03
4.1057140e-03
1.4048390e-03
2.3146840e-03
2.3179490e-04
-1.0872810e-03
-3.0347200e-03
-2.7728280e-03
-4.0456700e-03
-3.9644390e-03
-4.0205200e-03
-4.3309640e-03
-2.3965100e-03
-3.3335620e-03
-2.7071450e-03
-4.4292300e-03
-3.9370760e-03
-7.5541770e-03
-5.6567890e-03
-5.4438870e-03
-4.2895420e-03
-2.5087720e-03
-1.9581490e-03
-1.2980440e-03
1.2771600e-03
-3.1955500e-04
-1.7658770e-03
-1.6286040e-03
-2.5994850e-04
1.9137840e-04
1.5459550e-03
9.4933300e-04
2.3939350e-03
3.4863180e-03
1.5143880e-03
5.1418390e-03
4.0160150e-03
5.6384700e-03
6.2420780e-03
7.3495990e-03
4.7883060e-03
4.3784490e-03
4.7176900e-03
1.8307030e-03
2.0180900e-03
1.7675330e-03
1.3326510e-03
4.0954640e-03
3.9184820e-03
4.1290330e-03
3.4803730e-03
4.6490480e-03
4.1474670e-03
4.3057470e-03
2.8377230e-03
3.1281010e-03
1.3417630e-03
1.5822420e-03
1.3852280e-03
1.2060690e-03
2.9803750e-04
1.6389140e-03
-3.1533550e-04
-1.4609080e-03
-1.2239000e-03
-2.1518210e-03
-3.1947070e-03
-5.4632730e-03
-5.5378320e-03
-5.6340960e-03
-6.4446840e-03
-5.8500900e-03
-6.9634260e-03
-3.9739170e-03
-6.7997560e-03
-5.0682280e-03
-5.4540940e-03
-6.0990580e-03
-4.1272480e-03
-4.8334890e-03
-4.6849970e-03
-2.8233480e-03
-2.4913080e-03
-1.8282340e-03
-1.2547360e-03
1.0966930e-04
-4.2672640e-04
1.1113230e-03
6.7255140e-04
-1.0515120e-03
1.7778330e-03
1.5274350e-03
2.4731950e-03
1.8557550e-03
4.6613180e-03
3.4384160e-03
5.1811860e-03
3.9095120e-03
1.6502440e-03
2.6562900e-03
1.1899960e-03
9.3896160e-05
3.0172270e-04
6.6613520e-04
-7.7737300e-04
-7.6315550e-04
-2.9614800e-04
-2.1987660e-03
-1.4511900e-03
-1.1576530e-03
-1.0406140e-04
-5.7531920e-04
-5.8393900e-04
-3.7907710e-04
-6.8369430e-04
-2.5805740e-03
-2.4745880e-03
-1.5166670e-03
-1.5358200e-03
-5.7920660e-04
2.9061190e-04
3.4892960e-03
8.0791790e-04
1.9609450e-03
1.7943150e-03
1.1966950e-03
1.3000270e-03
2.6007720e-03
1.9048500e-03
2.5456200e-03
4.4767210e-03
2.2617980e-03
1.9341820e-03
3.2423910e-03
7.3766560e-04
1.0345300e-03
-9.8854540e-05
9.7721620e-04
2.2327520e-03
2.1637780e-03
2.3763460e-03
2.3452690e-03
2.3419480e-03
2.3651150e-03
2.3005880e-03
2.1381520e-03
3.7262760e-03
4.4872260e-03
3.5638250e-03
2.4826280e-03
2.6462500e-03
2.2445030e-03
2.3178950e-03
2.2266410e-03
2.2791000e-03
2.2496340e-03
1.3185380e-03
1.0855480e-03
2.6016810e-03
8.5216550e-05
-3.1193560e-04
-5.3518890e-04
-2.4456660e-03
-3.1357750e-03
-3.1180480e-03
-2.7900260e-03
-2.7294880e-03
-3.2808690e-03
-3.0770010e-03
-3.1947470e-03
-3.8328210e-03
-2.7120180e-03
-5.6555620e-03
-5.6947720e-03
-6.1639970e-03
-7.1363290e-03
-8.0744240e-03
-8.6486750e-03
-8.7648330e-03
-6.3405060e-03
-6.1417520e-03
-6.3197900e-03
-5.2700940e-03
-2.8856820e-03
-3.9817710e-03
-1.8168180e-03
-3.9291430e-04
-9.6336610e-04
1.2018460e-03
2.2624370e-03
2.0561660e-03
1.5503390e-03
2.4790700e-03
2.2025770e-03
2.3288790e-03
-6.4966520e-04
2.6288570e-03
1.9456660e-03
2.0902500e-03
3.3173530e-03
5.7703500e-03
2.1967900e-03
3.6954990e-03
5.1011910e-03
4.6775910e-03
4.9765870e-03
4.9726820e-03
4.9436630e-03
5.0380290e-03
4.0974200e-03
5.8057980e-03
3.0236420e-03
2.6285230e-03
1.4041030e-03
-2.2927810e-05
3.2517860e-04
-6.8949640e-04
-3.2991640e-04
-4.8094860e-04
-1.3486950e-03
1.9135550e-03
-3.2851410e-04
3.3020640e-04
-1.5717630e-03
-2.1189580e-03
-3.6505670e-03
-3.0724350e-03
-4.3455540e-03
-4.8287500e-03
-4.5706890e-03
-3.8391070e-03
-4.2926850e-03
-4.9736750e-03
-4.2237800e-03
-3.1454400e-03
-2.3004920e-03
-1.1155790e-03
-4.0501480e-04
-1.3934970e-03
1.5420730e-03
6.7866810e-04
6.2570180e-04
2.1082340e-03
1.7836950e-04
9.9993380e-04
-2.8118780e-04
4.5243480e-04
-1.1452750e-03
-1.5649940e-03
-8.8228230e-04
-9.3378310e-04
-4.1480170e-03
-2.6899870e-03
-4.1374050e-03
-3.2108210e-03
-4.1978300e-03
-3.1353130e-03
-4.5227880e-03
-4.3377990e-03
-3.7621750e-03
-3.1813280e-03
-4.3669700e-03
-2.8973880e-03
-3.5965910e-03
-3.4286300e-03
-3.2741560e-03
-3.3748210e-03
-3.4489710e-03
-3.3082860e-03
-3.5381440e-03
-1.7544140e-03
-5.4390250e-04
-9.7702290e-04
-1.3635120e-03
-5.3193930e-04
-2.4503670e-03
-1.4974270e-03
-2.9526250e-04
-1.3041980e-03
-1.2002290e-03
9.4227460e-04
2.0422820e-03
1.5473540e-03
3.6694540e-03
4.7670070e-03
5.1228280e-03
6.8921780e-03
6.8513400e-03
5.8914910e-03
5.9848710e-03
3.6139330e-03
5.1238960e-03
1.6743850e-03
2.3916050e-03
2.0652280e-03
1.9126950e-03
1.9725550e-03
1.9746950e-03
1.9699140e-03
2.6182040e-03
3.8980890e-03
4.4793460e-03
4.5215200e-03
4.7080500e-03
4.6643110e-03
4.6399400e-03
4.6986790e-03
4.6456020e-03
3.7156140e-03
5.1651950e-03
4.0896660e-03
3.9877490e-03
2.8770210e-03
1.3384030e-03
2.0012620e-03
3.4305320e-04
-1.0378530e-03
-5.6207780e-04
-4.5849720e-04
-3.0377560e-04
1.1701960e-03
1.6567540e-03
8.8753190e-04
7.6849700e-04
-5.5976590e-04
-3.3346340e-04
-1.6580350e-03
-1.3298070e-03
-2.8629040e-03
-3.6733040e-03
-3.4465700e-03
-3.2186330e-03
-2.9863590e-03
-2.6181920e-03
-2.3337960e-04
-1.4677950e-03
-2.3493440e-05
2.0514310e-03
-3.4948500e-04
1.1975780e-03
8.5550370e-04
5.0208630e-04
-7.0924360e-04
-7.4287510e-04
-7.3682640e-04
-8.7586820e-04
-8.3200070e-04
-9.6598530e-04
-1.0000070e-03
3.5466920e-04
-5.2672570e-04
-5.6566150e-04
7.0243770e-04
1.9153650e-03
2.7069700e-03
3.0650530e-03
3.1809010e-03
2.8812980e-03
2.5068390e-03
1.6993160e-03
2.8513320e-03
1.6128730e-03
4.9769930e-03
3.8710600e-03
1.6845910e-03
3.2025990e-03
1.5230490e-03
2.7784050e-03
9.6705260e-04
2.8174600e-03
1.7614860e-03
6.8144100e-04
5.6642240e-04
8.1859740e-04
1.2466160e-03
1.3784610e-04
-1.7518780e-03
-1.4326950e-03
-4.0362400e-03
-3.2745240e-03
-3.6373790e-03
-3.6944980e-03
-3.3848630e-03
-2.7356370e-03
-1.9773470e-03
-2.5039500e-03
-1.7821560e-03
-2.6188420e-03
-4.3501500e-03
-3.1397820e-03
-5.6498260e-03
-4.4591450e-03
-7.1657330e-03
-7.2610470e-03
-5.8078620e-03
-6.8666790e-03
-5.3729060e-03
-4.9531320e-03
-3.5964520e-03
-2.8945270e-03
-2.4066450e-03
-2.4497460e-03
