0.01
1.5957980e-04
8.0505580e-04
1.1571820e-03
8.7115600e-04
9.3413720e-04
1.4049480e-03
1.7083250e-03
1.5826640e-03
9.9548620e-04
-7.2753810e-04
-2.9394000e-03
-4.7902600e-03
-6.3106930e-03
-7.5528410e-03
-7.6476320e-03
-6.4079270e-03
-5.4536170e-03
-4.9908890e-03
-5.1139460e-03
-5.8995290e-03
-6.5376740e-03
-6.2059480e-03
-5.4902950e-03
-4.5851760e-03
-3.6591210e-03
-2.2775470e-03
-5.3850600e-04
8.2161260e-04
1.5515700e-03
2.4165120e-03
3.7786290e-03
5.1263440e-03
6.2879430e-03
6.9283850e-03
6.9361100e-03
6.7633310e-03
6.3025180e-03
4.9319590e-03
3.3321780e-03
1.9024810e-03
3.6691890e-04
-1.1491060e-03
-2.1810590e-03
-2.7226300e-03
-2.7076780e-03
-2.8392010e-03
-2.8390370e-03
-2.7626690e-03
-2.9694290e-03
-3.2400470e-03
-3.3891850e-03
-2.7497380e-03
-1.5617210e-03
-5.0248690e-04
9.0122260e-04
2.6851170e-03
4.6096370e-03
6.2841940e-03
7.6926790e-03
8.2226730e-03
7.7285920e-03
7.3046510e-03
7.3806180e-03
7.7265690e-03
8.0403970e-03
8.1613510e-03
7.6615320e-03
5.5594300e-03
3.2833120e-03
1.5922480e-03
5.5742650e-04
2.2549180e-04
5.3391190e-04
9.4411730e-04
1.3655010e-03
1.4286980e-03
9.5009240e-04
-3.0127320e-04
-2.5497550e-03
-5.2568120e-03
-7.7344030e-03
-9.4150970e-03
-9.3461520e-03
-8.2025010e-03
-7.5066390e-03
-6.7489900e-03
-5.4293640e-03
-4.0721450e-03
-3.6783270e-03
-4.3774130e-03
-5.7282640e-03
-7.5007500e-03
-8.9593400e-03
-9.3835330e-03
-8.8057640e-03
-7.4911590e-03
-5.8466340e-03
-4.0720360e-03
-2.5942860e-03
-2.2078300e-03
-2.0838200e-03
-1.0254930e-03
2.3123090e-04
9.9671840e-04
1.9758620e-03
3.5680070e-03
4.9432590e-03
5.3102010e-03
5.2106890e-03
5.3218500e-03
5.9291950e-03
7.2240190e-03
8.7880810e-03
1.0212120e-02
1.1542560e-02
1.1866790e-02
1.0778920e-02
9.3031840e-03
7.4838680e-03
5.2394450e-03
2.5675800e-03
-2.3947080e-04
-1.2685440e-03
-1.4337370e-03
-2.0898160e-03
-2.2476350e-03
-2.4980990e-03
-2.9074690e-03
-3.4875850e-03
-3.8804890e-03
-3.8877150e-03
-3.7215750e-03
-3.1063610e-03
-1.8607800e-03
-2.2258500e-04
1.6961980e-03
2.5236690e-03
2.0818440e-03
7.4197260e-04
-5.6860780e-04
-1.2255090e-03
-7.4010670e-04
2.3810710e-04
1.3030090e-03
2.4401830e-03
3.2850540e-03
3.4138560e-03
3.1453430e-03
2.9452010e-03
2.6040670e-03
2.5099230e-03
2.7126750e-03
2.0194710e-03
9.3557330e-04
5.4149260e-05
-3.1169230e-04
1.5077870e-04
1.3017730e-03
2.5013360e-03
3.3194900e-03
3.4215080e-03
2.8514020e-03
1.2972930e-03
-1.4484220e-04
-1.6411630e-03
-3.0119060e-03
-3.8107610e-03
-4.0620960e-03
-3.4662820e-03
-2.4786340e-03
-1.4724330e-03
-9.4275240e-04
-1.1513310e-04
6.0699190e-04
8.3866610e-04
3.2729840e-04
-9.7396690e-04
-2.5321070e-03
-4.0011650e-03
-5.1174380e-03
-5.5891120e-03
-5.1278830e-03
-4.2621660e-03
-3.7254030e-03
-3.5018360e-03
-3.3666130e-03
-3.5670570e-03
-3.7689710e-03
-4.1630790e-03
-4.9223400e-03
-5.4825240e-03
-5.8459020e-03
-5.3100580e-03
-4.1545390e-03
-2.7463140e-03
-1.4060850e-03
7.4632910e-05
1.7671720e-03
3.4132530e-03
4.5588300e-03
5.3675110e-03
6.0539920e-03
6.6857950e-03
7.2137400e-03
6.7746060e-03
6.2414500e-03
6.7851280e-03
8.1202980e-03
9.3765130e-03
9.6887640e-03
9.3603400e-03
8.5651040e-03
7.0708050e-03
5.6969950e-03
5.1278590e-03
4.7262950e-03
4.5826650e-03
4.5962670e-03
4.2467020e-03
3.2485250e-03
1.4649820e-03
-6.9983940e-04
-1.8834390e-03
-2.9616050e-03
-4.0812770e-03
-4.9035780e-03
-5.7214440e-03
-6.8996260e-03
-7.5883190e-03
-7.2848400e-03
-6.0159040e-03
-4.3940660e-03
-3.0861020e-03
-1.9332580e-03
-9.4324430e-04
-5.3022520e-04
-7.9788490e-04
-1.3854330e-03
-2.0304180e-03
-2.7722650e-03
-3.4492410e-03
-3.8126650e-03
-3.2391700e-03
-2.2088410e-03
-8.5888210e-04
4.7683560e-04
1.7807080e-03
3.8372210e-03
5.8959860e-03
7.0948190e-03
7.3799820e-03
5.8198520e-03
2.9770890e-03
-4.3664000e-04
-3.9142590e-03
-6.9734190e-03
-9.7887690e-03
-1.2093950e-02
-1.3290500e-02
-1.4054590e-02
-1.4795250e-02
-1.5614450e-02
-1.6609090e-02
-1.7295980e-02
-1.7507840e-02
-1.6990000e-02
-1.5129440e-02
-1.2153080e-02
-8.1406160e-03
-3.2835640e-03
1.8011060e-03
6.2412480e-03
9.7780060e-03
1.2288350e-02
1.3568960e-02
1.3980090e-02
1.2911610e-02
1.0829400e-02
8.4257080e-03
6.4192000e-03
4.9829410e-03
3.4226090e-03
2.0858550e-03
1.4594410e-03
1.3826980e-03
2.3288270e-03
3.6128530e-03
5.3420330e-03
7.7158470e-03
9.5533750e-03
1.0480700e-02
1.0338590e-02
8.6469520e-03
6.8522870e-03
4.8798360e-03
2.6611240e-03
8.4300050e-04
-4.8143670e-04
-1.3102370e-03
-2.1090380e-03
-2.5362260e-03
-2.8539820e-03
-3.2965080e-03
-3.2331590e-03
-1.4802650e-03
7.6946080e-04
2.0505730e-03
3.3023590e-03
5.0229830e-03
5.6310300e-03
5.1473880e-03
4.4148230e-03
2.4588110e-03
-6.0800990e-04
-4.2345790e-03
-9.4033300e-03
-1.7086150e-02
-2.6761870e-02
-3.7387060e-02
-4.8179180e-02
-5.7812010e-02
-6.6887890e-02
-7.5719270e-02
-8.3512420e-02
-9.0367570e-02
-9.7238610e-02
-1.0483220e-01
-1.1212960e-01
-1.1940720e-01
-1.2705280e-01
-1.3562370e-01
-1.4535640e-01
-1.5369980e-01
-1.6039140e-01
-1.6578460e-01
-1.6701550e-01
-1.5706830e-01
-1.2822260e-01
-8.0941450e-02
-2.5296750e-02
2.7727240e-02
7.5971120e-02
1.2248030e-01
1.6875300e-01
2.1273040e-01
2.4819710e-01
2.7098390e-01
2.7987930e-01
2.7614180e-01
2.6230060e-01
2.4261550e-01
2.2342050e-01
2.0700210e-01
1.8879550e-01
1.6806670e-01
1.4752880e-01
1.2871550e-01
1.1047560e-01
9.1543330e-02
7.3358140e-02
5.8325620e-02
4.7141970e-02
3.8349720e-02
3.1509660e-02
2.6166900e-02
2.0797160e-02
1.4443760e-02
6.5161900e-03
-2.3089120e-03
-1.1412850e-02
-2.0119000e-02
-2.7429010e-02
-3.2650220e-02
-3.5544590e-02
-3.6712220e-02
-3.5389660e-02
-3.0283620e-02
-2.1328280e-02
-9.2771870e-03
4.1873770e-03
1.7450390e-02
2.9383910e-02
3.8705300e-02
4.3076990e-02
4.1196540e-02
3.0877950e-02
1.3121840e-02
-9.9664290e-03
-3.5064140e-02
-5.8798380e-02
-7.9458820e-02
-9.6720100e-02
-1.0964900e-01
-1.1955790e-01
-1.2831610e-01
-1.3575760e-01
-1.3990830e-01
-1.4075990e-01
-1.3931370e-01
-1.3707830e-01
-1.3400320e-01
-1.2803180e-01
-1.1850350e-01
-1.0552220e-01
-8.9651500e-02
-7.3560280e-02
-5.9187880e-02
-4.6600570e-02
-3.5303790e-02
-2.5654550e-02
-1.7949810e-02
-1.1432470e-02
-3.8380640e-03
5.5851870e-03
1.5543470e-02
2.5381420e-02
3.2822570e-02
3.7045260e-02
3.8091850e-02
3.8353000e-02
3.8676540e-02
3.8469850e-02
3.7066960e-02
3.4021860e-02
3.0999130e-02
2.9876130e-02
2.8958270e-02
2.7720530e-02
2.6762470e-02
2.7292200e-02
2.9082870e-02
3.0416730e-02
3.0307770e-02
2.9265710e-02
2.7919610e-02
2.6292210e-02
2.4357700e-02
2.2026260e-02
2.1309670e-02
2.3189480e-02
2.6727020e-02
3.2622450e-02
4.0304520e-02
4.7366770e-02
5.2526220e-02
5.5291970e-02
5.5361440e-02
5.3534800e-02
5.0856450e-02
4.7077510e-02
4.1005760e-02
3.1743980e-02
2.0066040e-02
7.2021550e-03
-4.7319840e-03
-1.4191940e-02
-2.0641870e-02
-2.4502750e-02
-2.5878920e-02
-2.5755590e-02
-2.5899560e-02
-2.5802250e-02
-2.5584590e-02
-2.5782640e-02
-2.5530310e-02
-2.5077610e-02
-2.4627940e-02
-2.3353530e-02
-2.1165430e-02
-1.9499310e-02
-1.7929580e-02
-1.7194070e-02
-1.7615570e-02
-1.9320430e-02
-2.3335620e-02
-2.9336490e-02
-3.5092780e-02
-3.9448710e-02
-4.2021810e-02
-4.2739690e-02
-4.0897910e-02
-3.6905350e-02
-3.2304220e-02
-2.7795290e-02
-2.3236310e-02
-1.9301710e-02
-1.5568040e-02
-1.1577120e-02
-8.0454170e-03
-4.6584910e-03
-1.2666950e-03
2.3388300e-03
5.2701740e-03
7.9229770e-03
1.0793920e-02
1.1870850e-02
9.9500730e-03
7.0164840e-03
4.5931550e-03
1.8637090e-03
-2.4721950e-03
-7.0158780e-03
-1.0701810e-02
-1.3830190e-02
-1.7029090e-02
-2.0431070e-02
-2.4082270e-02
-2.7156240e-02
-2.9011600e-02
-3.0054310e-02
-3.0206110e-02
-2.8942170e-02
-2.6149740e-02
-2.1535340e-02
-1.3574090e-02
-3.4633110e-03
7.2146960e-03
1.7977020e-02
2.8259630e-02
3.7755730e-02
4.4818440e-02
4.8563600e-02
5.0780560e-02
5.3253690e-02
5.5031230e-02
5.5154810e-02
5.4538270e-02
5.3534100e-02
5.1534540e-02
4.7993140e-02
4.3117510e-02
3.8526390e-02
3.5298460e-02
3.3600470e-02
3.2895250e-02
3.3334370e-02
3.3616540e-02
3.3696170e-02
3.2477450e-02
2.9278400e-02
2.4484370e-02
1.8203080e-02
1.0512580e-02
2.1059650e-03
-6.2373220e-03
-1.3835870e-02
-2.1142080e-02
-2.7795040e-02
-3.2279150e-02
-3.4373200e-02
-3.5430040e-02
-3.6129310e-02
-3.5673530e-02
-3.3588190e-02
-2.9724920e-02
-2.5402990e-02
-2.1234820e-02
-1.6282100e-02
-1.0362930e-02
-3.9134280e-03
1.7673540e-03
6.3137820e-03
1.0414260e-02
1.4238710e-02
1.7682860e-02
1.9774660e-02
1.9891870e-02
1.8371210e-02
1.6904880e-02
1.4496530e-02
1.0098950e-02
4.6375980e-03
-2.7128300e-04
-4.4626540e-03
-7.9114990e-03
-1.1026960e-02
-1.4343140e-02
-1.6716660e-02
-1.7418350e-02
-1.7713500e-02
-1.8524650e-02
-1.8905090e-02
-1.8182260e-02
-1.6605890e-02
-1.5133170e-02
-1.2695450e-02
-9.2358730e-03
-6.3172720e-03
-4.5077560e-03
-3.1335400e-03
-2.3905020e-03
-2.4822700e-03
-2.7696380e-03
-3.0232290e-03
-2.9100520e-03
-2.5834260e-03
-1.5941260e-03
-4.6647920e-04
4.2607360e-04
1.2368860e-03
1.4759860e-03
1.3838320e-03
6.6963320e-04
-1.4080130e-03
-4.2335220e-03
-6.8019960e-03
-8.7764530e-03
-1.0776740e-02
-1.2267660e-02
-1.3330830e-02
-1.4308140e-02
-1.4672840e-02
-1.4587420e-02
-1.3820700e-02
-1.2638630e-02
-1.0921840e-02
-9.0111010e-03
-7.1684190e-03
-5.7261460e-03
-4.9429860e-03
-4.4294800e-03
-4.0155590e-03
-3.7743200e-03
-3.8137390e-03
-4.2279160e-03
-4.4674390e-03
-5.3645420e-03
-6.4665510e-03
-7.7838330e-03
-9.7390120e-03
-1.1909360e-02
-1.3939820e-02
-1.6626320e-02
-1.8992870e-02
-2.0411610e-02
-2.1158010e-02
-2.1324220e-02
-2.1026730e-02
-1.9762020e-02
-1.7488770e-02
-1.5528140e-02
-1.2547290e-02
-8.6355030e-03
-4.8030830e-03
-2.0780200e-04
4.7225840e-03
9.1186700e-03
1.2403650e-02
1.5122500e-02
1.7881990e-02
2.1066050e-02
2.3482760e-02
2.4677930e-02
2.6748060e-02
2.9089350e-02
3.0895460e-02
3.2449090e-02
3.4328820e-02
3.6034430e-02
3.7732470e-02
3.9697930e-02
4.0740960e-02
4.0547510e-02
4.0184690e-02
3.9142960e-02
3.7090130e-02
3.5792740e-02
3.4644400e-02
3.1635770e-02
2.6474260e-02
2.0307540e-02
1.4506970e-02
9.8532520e-03
5.4788540e-03
1.4742290e-03
-1.4386600e-03
-3.6509690e-03
-6.0572490e-03
-8.2293920e-03
-1.0624440e-02
-1.3282920e-02
-1.5255940e-02
-1.7358460e-02
-1.9236880e-02
-1.9851380e-02
-1.9458610e-02
-1.7928030e-02
-1.5524700e-02
-1.2550220e-02
-9.3614010e-03
-5.9593110e-03
-3.0005330e-03
-9.4144350e-04
7.8978210e-04
2.2741270e-03
3.2839310e-03
3.9735590e-03
4.1031810e-03
4.1498800e-03
4.8055620e-03
5.3286420e-03
4.9451470e-03
4.4365580e-03
4.4807120e-03
5.3318390e-03
6.4067150e-03
7.9646710e-03
1.0236390e-02
1.2555680e-02
1.4482910e-02
1.6302560e-02
1.8365390e-02
2.0558890e-02
2.2156450e-02
2.2978570e-02
2.3333860e-02
2.3051460e-02
2.2126190e-02
2.0625920e-02
1.9019260e-02
1.6722380e-02
1.3248750e-02
7.7112660e-03
1.3973680e-03
-5.2160550e-03
-1.1393350e-02
-1.6544630e-02
-2.1305820e-02
-2.6018990e-02
-3.0491920e-02
-3.4761540e-02
-3.7882360e-02
-3.9703230e-02
-4.0762720e-02
-4.1566300e-02
-4.1570030e-02
-4.0077200e-02
-3.6661070e-02
-3.2277970e-02
-2.7907240e-02
-2.3885770e-02
-2.0236030e-02
-1.7381310e-02
-1.5031620e-02
-1.3268170e-02
-1.2575450e-02
-1.2674380e-02
-1.3306680e-02
-1.4638650e-02
-1.6599080e-02
-1.8260140e-02
-1.9584590e-02
-2.1142420e-02
-2.3260380e-02
-2.5268270e-02
-2.5901660e-02
-2.4422830e-02
-2.1719210e-02
-1.8868430e-02
-1.5519140e-02
-1.0769380e-02
-5.7625480e-03
-1.4976130e-03
3.4176310e-03
9.3865270e-03
1.5550370e-02
2.1134300e-02
2.4889620e-02
2.7713090e-02
3.0633320e-02
3.2433530e-02
3.2411080e-02
3.0517340e-02
2.8620480e-02
2.7084180e-02
2.4181420e-02
1.9538570e-02
1.4467170e-02
1.0580090e-02
6.1926290e-03
1.1283830e-03
-3.3444460e-03
-6.4500520e-03
-8.8687820e-03
-1.0799570e-02
-1.2506650e-02
-1.3926150e-02
-1.4416230e-02
-1.3761940e-02
-1.2828990e-02
-1.2384390e-02
-1.2415730e-02
-1.2357860e-02
-1.2341650e-02
-1.2631600e-02
-1.2891170e-02
-1.2433830e-02
-1.1679780e-02
-1.1171990e-02
-1.0086880e-02
-7.4961210e-03
-4.4333170e-03
-1.7277280e-03
1.6121290e-03
5.7008750e-03
9.3336030e-03
1.2837010e-02
1.6401120e-02
1.9891980e-02
2.3080520e-02
2.6348610e-02
3.0169140e-02
3.2790670e-02
3.3966820e-02
3.4930340e-02
3.4772920e-02
3.2710100e-02
2.9294800e-02
2.5453120e-02
2.1346540e-02
1.7511550e-02
1.3873740e-02
1.0002750e-02
6.8762000e-03
5.1167600e-03
3.9052320e-03
2.7313540e-03
1.0425170e-03
-5.3423100e-04
-1.8394690e-03
-2.9565950e-03
-3.8931570e-03
-4.9017380e-03
-5.1132980e-03
-4.0240670e-03
-2.4807580e-03
-1.3036760e-03
-4.4631660e-04
8.2015500e-04
2.8209540e-03
4.8192480e-03
6.7450230e-03
8.0428830e-03
8.8320670e-03
1.0338950e-02
1.1731670e-02
1.2480410e-02
1.2915520e-02
1.3384790e-02
1.3499880e-02
1.2581690e-02
1.0937710e-02
9.2718780e-03
7.6002920e-03
5.4911690e-03
2.2809730e-03
-1.8663840e-03
-6.7410990e-03
-1.1752290e-02
-1.5930670e-02
-1.9576270e-02
-2.3144620e-02
-2.6655900e-02
-2.9936220e-02
-3.1573700e-02
-3.2333860e-02
-3.3840310e-02
-3.5391810e-02
-3.5917510e-02
-3.5331400e-02
-3.4282960e-02
-3.3135350e-02
-3.1454610e-02
-2.8838420e-02
-2.4601440e-02
-2.0118890e-02
-1.6539440e-02
-1.1852380e-02
-5.9424080e-03
1.3299560e-05
5.7297160e-03
1.0716570e-02
1.5528410e-02
2.0223650e-02
2.4758000e-02
2.8919690e-02
3.1581900e-02
3.3240340e-02
3.4631200e-02
3.4969790e-02
3.5130130e-02
3.5131790e-02
3.4614540e-02
3.4056610e-02
3.3585190e-02
3.2149480e-02
2.9691760e-02
2.6003100e-02
2.1829350e-02
1.8306070e-02
1.4464950e-02
9.7317430e-03
5.3398320e-03
8.6036530e-04
-3.7072090e-03
-8.0379460e-03
-1.2011750e-02
-1.5844210e-02
-1.8996760e-02
-2.1754180e-02
-2.3781540e-02
-2.5159720e-02
-2.6079190e-02
-2.6230360e-02
-2.6784820e-02
-2.6996610e-02
-2.7013710e-02
-2.7028130e-02
-2.6829580e-02
-2.5790650e-02
-2.4610180e-02
-2.4291760e-02
-2.3531870e-02
-2.2852250e-02
-2.3065630e-02
-2.2136510e-02
-1.9870680e-02
-1.7728970e-02
-1.5295320e-02
-1.3379480e-02
-1.1048000e-02
-7.0594390e-03
-2.6479560e-03
1.1323670e-03
4.2677110e-03
7.7770620e-03
1.1912790e-02
1.6139030e-02
1.9241660e-02
2.1603170e-02
2.3645460e-02
2.5267680e-02
2.6584940e-02
2.7411590e-02
2.7736440e-02
2.8216430e-02
2.7960760e-02
2.6954350e-02
2.5314380e-02
2.2354680e-02
1.8593620e-02
1.5210880e-02
1.2249670e-02
9.4251970e-03
5.9611360e-03
2.0146560e-03
-1.2521910e-03
-3.9223290e-03
-5.8584650e-03
-6.8861260e-03
-8.1689670e-03
-9.4876920e-03
-1.0836890e-02
-1.2367020e-02
-1.3288930e-02
-1.3743290e-02
-1.4130200e-02
-1.4688670e-02
-1.5081910e-02
-1.4568310e-02
-1.3937390e-02
-1.4291650e-02
-1.4945210e-02
-1.4440770e-02
-1.2563130e-02
-1.0515320e-02
-9.7532220e-03
-9.2456280e-03
-7.5099470e-03
-5.0993550e-03
-2.7339820e-03
-8.5671860e-04
5.2277720e-04
1.7992810e-03
2.6566640e-03
2.9164220e-03
2.6065900e-03
3.0601190e-03
3.6198290e-03
3.9923460e-03
4.1723030e-03
4.1788130e-03
3.7374870e-03
3.0285450e-03
1.8001240e-03
2.1311840e-04
-1.4064070e-03
-2.3745460e-03
-3.0228180e-03
-4.2955530e-03
-6.2779450e-03
-7.4592030e-03
-7.1279350e-03
-6.9415370e-03
-6.9740460e-03
-6.6930940e-03
-6.2239870e-03
-5.7679170e-03
-5.2830920e-03
-4.4084660e-03
-3.1537100e-03
-2.5509790e-03
-2.1435150e-03
-1.0077730e-03
-1.0521120e-04
7.2923390e-04
1.4559480e-03
1.5894750e-03
1.6468640e-03
2.2549350e-03
3.0393930e-03
4.1674140e-03
5.1907770e-03
6.7889720e-03
8.3297180e-03
1.0403310e-02
1.2175200e-02
1.3927830e-02
1.5880770e-02
1.7573500e-02
1.8862940e-02
1.9500080e-02
2.0056780e-02
2.0708000e-02
2.0446520e-02
1.9161360e-02
1.7872030e-02
1.6460970e-02
1.4878630e-02
1.3312860e-02
1.2002950e-02
9.9885330e-03
8.2284480e-03
6.6330530e-03
5.2256670e-03
3.8322380e-03
2.1465200e-03
1.9133200e-04
-1.8356850e-03
-3.3319520e-03
-4.7015280e-03
-6.3042810e-03
-7.4321120e-03
-8.1414950e-03
-8.5524350e-03
-9.3886410e-03
-1.0728500e-02
-1.0942710e-02
-1.0930950e-02
-1.1626470e-02
-1.1788260e-02
-1.1620630e-02
-1.1399830e-02
-1.0717710e-02
-1.0123600e-02
-9.8412750e-03
-9.4270890e-03
-8.5929050e-03
-7.2419610e-03
-5.1302060e-03
-2.8895710e-03
-1.5965340e-03
-4.7597450e-04
1.0842550e-03
1.9432260e-03
1.9404510e-03
1.7903510e-03
2.3874890e-03
2.9984520e-03
3.4652740e-03
3.4853450e-03
3.0029730e-03
2.9463500e-03
3.6840010e-03
3.6023660e-03
2.2944950e-03
1.0987610e-03
-6.0637790e-05
-1.1181870e-03
-2.0460940e-03
-3.3368710e-03
-4.4951580e-03
-5.1201340e-03
-5.7582100e-03
-6.3284810e-03
-6.9202210e-03
-7.4133830e-03
-7.4576960e-03
-7.4788640e-03
-7.2689910e-03
-6.8890050e-03
-7.1295350e-03
-7.4301580e-03
-6.5598360e-03
-6.0108470e-03
-6.3486000e-03
-6.4413760e-03
-5.9027070e-03
-5.5223660e-03
-5.4174350e-03
-4.8789470e-03
-4.2480880e-03
-3.7257120e-03
-2.8013280e-03
-1.7400500e-03
-7.9721360e-04
3.8326970e-04
1.2063560e-03
1.6275770e-03
2.7962110e-03
3.9872320e-03
4.7747250e-03
5.3006580e-03
5.7423500e-03
5.5287500e-03
5.1004940e-03
4.9394740e-03
4.9107130e-03
5.2174860e-03
5.0686340e-03
4.1307910e-03
3.6004910e-03
3.5022100e-03
3.7275620e-03
4.3468940e-03
4.7908080e-03
4.9016800e-03
4.3550830e-03
3.7651760e-03
3.7859960e-03
4.6464180e-03
4.8119840e-03
4.1668590e-03
3.3068840e-03
2.8208200e-03
3.4126010e-03
4.0874620e-03
3.6427620e-03
3.1245670e-03
2.4294940e-03
2.2232920e-03
2.7657300e-03
3.1120150e-03
3.0021410e-03
3.5067780e-03
4.8388600e-03
5.6192170e-03
5.2258110e-03
4.9640220e-03
5.3118170e-03
5.0785960e-03
4.5799430e-03
4.0755070e-03
3.6354060e-03
2.7505850e-03
1.6797270e-03
1.1403980e-03
8.4781530e-04
3.3271290e-04
-1.7289260e-04
-1.2009730e-03
-2.2473390e-03
-3.4308000e-03
-4.5730830e-03
-4.6333750e-03
-4.3571540e-03
-4.5430350e-03
-5.2674910e-03
-5.5582920e-03
-5.4470820e-03
-5.4616540e-03
-5.9803010e-03
-6.6545390e-03
-7.0692840e-03
-7.3517330e-03
-7.3970870e-03
-7.5262510e-03
-7.3771410e-03
-7.2674940e-03
-7.2380370e-03
-7.3592730e-03
-7.4909480e-03
-7.6747970e-03
-7.5752660e-03
-6.8124050e-03
-6.4453540e-03
-5.7948650e-03
-4.1903760e-03
-2.3817480e-03
-1.0668590e-03
3.9247910e-04
2.2982640e-03
4.0327790e-03
5.3635570e-03
6.8018350e-03
8.5552210e-03
9.9942740e-03
1.1522580e-02
1.2998040e-02
1.4049800e-02
1.5217020e-02
1.5938770e-02
1.5674080e-02
1.5182410e-02
1.5105540e-02
1.4643700e-02
1.3799580e-02
1.2592020e-02
1.1311420e-02
1.0448390e-02
8.8651360e-03
7.0697570e-03
5.7354720e-03
4.2909700e-03
2.6269530e-03
1.4019200e-03
9.0334190e-04
3.5775420e-04
-6.7975130e-04
-1.6357460e-03
-2.4597760e-03
-3.2082010e-03
-3.8895300e-03
-4.9154940e-03
-5.3975700e-03
-4.8288560e-03
-4.6600420e-03
-4.9177900e-03
-4.7987360e-03
-4.2877420e-03
-4.5690080e-03
-5.5570910e-03
-6.1026020e-03
-6.0705300e-03
-6.4978880e-03
-6.9658910e-03
-6.4213540e-03
-5.6151380e-03
-5.3543350e-03
-4.8872750e-03
-4.7530880e-03
-5.1663150e-03
-5.2696810e-03
-5.1714570e-03
-5.0510470e-03
-4.8721470e-03
-4.4856330e-03
-4.1666420e-03
-4.6146740e-03
-4.9349700e-03
-5.1442250e-03
-5.5431540e-03
-5.4500390e-03
-5.3768930e-03
-5.7382880e-03
-5.8841860e-03
-5.9920790e-03
-6.0771060e-03
-6.2245070e-03
-6.8825800e-03
-7.8271170e-03
-8.5521470e-03
-9.1177310e-03
-9.5071780e-03
-9.5137740e-03
-9.0913010e-03
-8.4700430e-03
-7.5670550e-03
-6.5187880e-03
-5.4061680e-03
-4.5998740e-03
-4.4945370e-03
-4.6790790e-03
-4.8863710e-03
-5.1129710e-03
-5.2410570e-03
-5.2455480e-03
-4.7461860e-03
-3.5611210e-03
-2.4561060e-03
-1.8153490e-03
-8.3344870e-04
4.0823630e-04
1.8069830e-03
2.9296210e-03
3.6619940e-03
3.8381050e-03
3.6986590e-03
3.3584010e-03
2.8462810e-03
2.4364130e-03
1.9880400e-03
1.3632940e-03
9.4374700e-04
5.5497600e-04
-3.4911360e-04
-1.0957940e-03
-1.3758600e-03
-1.4454960e-03
-1.0363160e-03
3.2186830e-04
2.0874030e-03
3.1992520e-03
3.8951240e-03
4.9282220e-03
6.1458340e-03
7.5754850e-03
8.9474330e-03
1.0056700e-02
1.0893780e-02
1.1576180e-02
1.2341380e-02
1.2890770e-02
1.2988310e-02
1.2644090e-02
1.2528590e-02
1.2362320e-02
1.1824420e-02
1.1500950e-02
1.0692310e-02
1.0412720e-02
1.0883330e-02
1.1237660e-02
1.1125340e-02
1.1567910e-02
1.2558130e-02
1.2821770e-02
1.2504120e-02
1.2321320e-02
1.1953920e-02
1.0941180e-02
1.0272130e-02
1.0182830e-02
1.0258410e-02
9.7932120e-03
9.4796140e-03
9.3810220e-03
9.1337520e-03
8.9229590e-03
9.2151910e-03
9.4586110e-03
9.1268840e-03
8.0093570e-03
6.5346140e-03
5.1171590e-03
3.2085900e-03
1.1758470e-03
-2.9048030e-04
-2.1520560e-03
-4.8026670e-03
-6.8463230e-03
-8.2164140e-03
-9.6796180e-03
-1.1631590e-02
-1.3589310e-02
-1.4804290e-02
-1.5146490e-02
-1.5952280e-02
-1.7117130e-02
-1.7609380e-02
-1.7255880e-02
-1.6501550e-02
-1.5459960e-02
-1.4485970e-02
-1.3543150e-02
-1.2746460e-02
-1.1756920e-02
-1.1100870e-02
-1.0759410e-02
-1.0098800e-02
-9.4646110e-03
-9.1900260e-03
-9.7516240e-03
-1.0592580e-02
-1.0583690e-02
-9.9815580e-03
-9.5738120e-03
-9.4643780e-03
-9.6283740e-03
-9.8980990e-03
-9.8910530e-03
-9.2225460e-03
-8.1828460e-03
-7.7349510e-03
-7.6926060e-03
-7.3782530e-03
-7.2003350e-03
-6.4998050e-03
-5.3477620e-03
-4.1216190e-03
-3.3245260e-03
-3.1186640e-03
-2.5418500e-03
-1.4534240e-03
-7.1501300e-04
-2.1035960e-04
3.4008430e-04
7.8578750e-04
1.6309620e-03
2.2249190e-03
2.8595320e-03
3.0198800e-03
2.8663060e-03
3.1259000e-03
3.9728920e-03
4.8193640e-03
5.5271380e-03
6.4318830e-03
7.6843920e-03
8.8535130e-03
1.0068550e-02
1.1508230e-02
1.3645850e-02
1.5160160e-02
1.6732580e-02
1.8521520e-02
1.9465600e-02
1.9415730e-02
1.9589440e-02
2.0069230e-02
2.0545700e-02
2.0842860e-02
2.0304190e-02
1.9337660e-02
1.8143130e-02
1.6486830e-02
1.5222670e-02
1.3961140e-02
1.2227650e-02
1.0416080e-02
9.4451940e-03
8.7146390e-03
7.5872480e-03
6.2103670e-03
4.9918490e-03
4.1143050e-03
3.4046030e-03
2.2260310e-03
6.5530080e-04
-7.5369060e-04
-2.0262310e-03
-3.3540770e-03
-4.6031970e-03
-6.3082430e-03
-8.1818490e-03
-9.3159470e-03
-1.0020520e-02
-1.0374370e-02
-1.1213790e-02
-1.2470150e-02
-1.3133610e-02
-1.3086920e-02
-1.2959360e-02
-1.3133390e-02
-1.3175780e-02
-1.2703880e-02
-1.1941570e-02
-1.1583980e-02
-1.1824090e-02
-1.1785010e-02
-1.1283330e-02
-1.0755810e-02
-1.0829980e-02
-1.1010420e-02
-1.0627240e-02
-9.7303050e-03
-8.8322010e-03
-8.0423700e-03
-6.9485220e-03
-5.7222210e-03
-4.9126690e-03
-4.5638820e-03
-4.5009540e-03
-4.7288150e-03
-5.0956070e-03
-5.4229490e-03
-5.6474050e-03
-5.8169480e-03
-6.3448030e-03
-6.5410010e-03
-6.5456290e-03
-6.6335490e-03
-6.3937600e-03
-6.1931900e-03
-6.1705570e-03
-5.9331290e-03
-5.1889390e-03
-4.2221910e-03
-3.1325340e-03
-1.9621560e-03
-1.2167910e-03
-7.7575360e-04
-4.3946940e-04
-2.4005970e-04
1.2246790e-04
7.9883520e-04
1.2428630e-03
1.5767770e-03
2.3803110e-03
3.4791160e-03
4.0652570e-03
4.4736720e-03
5.2319540e-03
6.4058380e-03
7.6973370e-03
8.3051510e-03
8.3863490e-03
8.8486960e-03
9.4493470e-03
1.0144710e-02
1.0212330e-02
9.3558510e-03
8.4653930e-03
7.4391230e-03
5.9446060e-03
4.2586600e-03
3.3735670e-03
3.1992170e-03
2.7899710e-03
1.7031230e-03
-1.2477040e-04
-1.6775820e-03
-2.7561240e-03
-3.7508760e-03
-4.3055520e-03
-4.8020690e-03
-5.7078590e-03
-6.6382430e-03
-6.4831100e-03
-6.5069760e-03
-7.4053820e-03
-7.8907020e-03
-7.5419360e-03
-6.8086760e-03
-6.1708770e-03
-5.6667990e-03
-4.8379460e-03
-3.6612450e-03
-2.7394380e-03
-2.1079440e-03
-1.8680740e-03
-1.7631980e-03
-1.5272100e-03
-5.2027710e-04
6.8847500e-04
1.3404030e-03
2.0294910e-03
2.7046880e-03
3.3643030e-03
3.7693090e-03
3.8581970e-03
3.9765280e-03
4.2510270e-03
4.0404580e-03
3.6747570e-03
3.8343120e-03
3.9748110e-03
4.0883850e-03
3.8246250e-03
3.6629390e-03
4.3005200e-03
4.9114650e-03
5.5049740e-03
6.3470070e-03
6.4663960e-03
5.9201110e-03
5.5823840e-03
5.0877980e-03
4.7161440e-03
4.2267650e-03
3.7096860e-03
2.8222810e-03
2.0709300e-03
1.3569860e-03
9.6237790e-04
1.2559480e-03
1.9992360e-03
2.4935400e-03
2.4220170e-03
2.6735140e-03
2.5752320e-03
2.2416580e-03
2.8109450e-03
3.3302380e-03
2.7932290e-03
2.9770940e-03
4.1716860e-03
5.2603430e-03
5.7795330e-03
6.1511110e-03
6.5408110e-03
6.7038160e-03
6.6573610e-03
6.2698730e-03
5.5604160e-03
5.0352170e-03
4.1073510e-03
2.7156570e-03
1.3845490e-03
5.5958280e-04
1.2149100e-04
-2.6101610e-04
-7.7484980e-04
-1.4046820e-03
-1.8945470e-03
-2.2243580e-03
-2.3660820e-03
-2.5631060e-03
-2.7506380e-03
-2.7064670e-03
-2.5908820e-03
-2.3557110e-03
-2.2698520e-03
-1.4745620e-03
-4.3892210e-04
3.1658450e-04
4.9328280e-04
6.6769480e-04
1.1290100e-03
1.5666220e-03
1.8542930e-03
2.0665080e-03
1.8865310e-03
1.4922520e-03
7.8006520e-04
-5.0945880e-04
-2.0157590e-03
-2.5888500e-03
-2.8921500e-03
-3.8477650e-03
-5.4265520e-03
-6.5530310e-03
-7.1755980e-03
-7.7760990e-03
-8.2388620e-03
-8.5888930e-03
-9.0884890e-03
-9.7263830e-03
-1.0374460e-02
-1.0378070e-02
-9.8248200e-03
-9.3176870e-03
-8.9849650e-03
-8.5402020e-03
-7.3766540e-03
-5.9478020e-03
-4.5516620e-03
-3.3842900e-03
-2.3666370e-03
-1.8715350e-03
-1.2672650e-03
-3.6076960e-04
6.4561880e-04
1.6453720e-03
2.4552170e-03
2.8210040e-03
2.8950580e-03
3.2502550e-03
3.8613930e-03
4.0650730e-03
3.8846890e-03
4.1545020e-03
4.2907890e-03
3.7371880e-03
2.9640570e-03
1.8871910e-03
4.7124200e-04
-7.3327980e-04
-1.7459660e-03
-2.5955050e-03
-3.5750790e-03
-4.4118400e-03
-5.0785490e-03
-5.4176260e-03
-5.5716700e-03
-5.6963840e-03
-5.7570960e-03
-5.5203570e-03
-5.3669640e-03
-5.4471910e-03
-5.7646840e-03
-5.8819040e-03
-5.6376550e-03
-5.4993600e-03
-5.5016330e-03
-5.5441070e-03
-5.5658630e-03
-5.4889800e-03
-5.2366890e-03
-5.0353600e-03
-4.6307220e-03
-3.8083930e-03
-2.5147310e-03
-1.1503460e-03
-2.0405800e-04
3.5838780e-04
1.2219110e-03
2.3763560e-03
3.0369930e-03
3.5662700e-03
4.1045400e-03
4.5891530e-03
5.0143000e-03
5.3689810e-03
5.9287080e-03
6.1470350e-03
6.3626670e-03
6.8508900e-03
7.4803510e-03
8.0258600e-03
8.9346770e-03
9.8621290e-03
1.0537590e-02
1.1157790e-02
1.1517540e-02
1.1319270e-02
1.1178750e-02
1.1171060e-02
1.0961590e-02
1.0456780e-02
1.0111620e-02
1.0206960e-02
1.0539170e-02
1.0451800e-02
1.0308660e-02
9.8177270e-03
9.1140370e-03
8.4958670e-03
7.5637200e-03
6.5328490e-03
5.5325040e-03
4.6449790e-03
3.9471310e-03
2.7921150e-03
1.6623770e-03
8.1075390e-04
-9.3241320e-05
-1.0323830e-03
-2.1803920e-03
-3.2138920e-03
-4.1267700e-03
-4.9901650e-03
-5.6415050e-03
-6.2590240e-03
-6.7862900e-03
-7.8089340e-03
-8.6425950e-03
-9.1450590e-03
-9.7572060e-03
-1.0191640e-02
-1.0454100e-02
-1.0448970e-02
-1.0498000e-02
-1.0865620e-02
-1.1210970e-02
-1.0746860e-02
-9.8577320e-03
-9.2489660e-03
-8.5107060e-03
-7.1789220e-03
-6.2071830e-03
-5.6095800e-03
-4.9351330e-03
-4.0411160e-03
-3.2391210e-03
-2.6026960e-03
-1.7294700e-03
-7.9612960e-04
-1.5835210e-04
-2.9431090e-05
3.3913070e-04
1.3142490e-03
2.2019320e-03
2.8099830e-03
3.0967810e-03
2.8975850e-03
2.6935950e-03
3.5655800e-03
4.9483470e-03
5.1879270e-03
4.9521560e-03
4.8940790e-03
5.6063940e-03
6.1268430e-03
6.2718540e-03
6.6788820e-03
7.0020750e-03
7.6237150e-03
7.9786620e-03
7.8173950e-03
7.9739310e-03
8.5398780e-03
8.4761950e-03
7.9295340e-03
7.2132200e-03
7.2627630e-03
7.5136600e-03
7.5455230e-03
7.2375430e-03
6.8249400e-03
6.4685210e-03
6.2463930e-03
6.1755980e-03
5.7999060e-03
5.0584000e-03
4.3124910e-03
3.5662490e-03
3.1833110e-03
2.6369000e-03
1.5522140e-03
4.4576820e-04
-6.9733520e-04
-1.9242310e-03
-2.6873060e-03
-2.8813440e-03
-3.3183410e-03
-4.2428280e-03
-5.1699960e-03
-5.5023310e-03
-5.0282730e-03
-4.5004400e-03
-4.8188960e-03
-5.6186450e-03
-5.8208470e-03
-5.4807040e-03
-5.4472880e-03
-5.7768040e-03
-5.8557480e-03
-5.6965360e-03
-5.3753540e-03
-5.1523820e-03
-5.0875620e-03
-4.8918230e-03
-4.8150360e-03
-4.5543960e-03
-4.4107020e-03
-4.4038850e-03
-4.5877220e-03
-4.6642220e-03
-4.6456880e-03
-4.6221460e-03
-4.7372700e-03
-5.0979200e-03
-5.2959750e-03
-5.2622810e-03
-5.0009260e-03
-4.6281390e-03
-4.1412050e-03
-3.4513350e-03
-2.9361080e-03
-2.3247250e-03
-2.0718340e-03
-2.1824340e-03
-1.9513270e-03
-1.3553340e-03
-4.3741850e-04
4.0984750e-04
8.3053460e-04
1.0804860e-03
1.1978630e-03
1.0744300e-03
9.4239910e-04
9.3585590e-04
1.7009490e-03
2.2020440e-03
1.6504910e-03
1.4555430e-03
1.8589080e-03
1.6860850e-03
1.6290650e-03
2.1349750e-03
2.4542030e-03
2.6940470e-03
2.9206170e-03
3.3878370e-03
4.3876030e-03
5.7058900e-03
6.4955380e-03
6.5668710e-03
6.5903950e-03
6.7669760e-03
7.1146320e-03
6.9964480e-03
6.5464460e-03
6.4537330e-03
6.1601060e-03
5.4996450e-03
4.7399650e-03
4.1429300e-03
3.4516560e-03
2.4248400e-03
1.7751260e-03
1.3275000e-03
5.2271000e-04
2.0026410e-04
-2.0442120e-04
-9.3329280e-04
-1.8012320e-03
-2.5351810e-03
-2.9711510e-03
-3.7462060e-03
-5.1123660e-03
-6.2883080e-03
-7.1163510e-03
-7.7073600e-03
-8.2997060e-03
-8.8403730e-03
-9.0495410e-03
-9.4226820e-03
-9.8721380e-03
-1.0189260e-02
-1.0200840e-02
-1.0019020e-02
-9.8171280e-03
-9.4838800e-03
-8.5275730e-03
-7.4157830e-03
-6.5586430e-03
-6.0693010e-03
-5.3297450e-03
-4.2874520e-03
-3.4859440e-03
-2.7596560e-03
-1.8584800e-03
-1.1803840e-03
-3.6724060e-04
6.0169970e-04
1.1371110e-03
1.6173140e-03
2.3682260e-03
3.2184410e-03
3.7529770e-03
3.7161410e-03
3.5795810e-03
4.1241370e-03
5.0413490e-03
5.6490580e-03
5.9490870e-03
6.2036390e-03
6.1031110e-03
5.6704230e-03
5.6079090e-03
5.7938550e-03
5.5762010e-03
4.9607410e-03
4.5555200e-03
4.2232210e-03
3.5526750e-03
2.7222940e-03
1.7805650e-03
1.0788570e-03
7.5598310e-04
2.6247280e-04
-4.7942200e-04
-8.3440300e-04
-8.7768600e-04
-9.3363120e-04
-9.9948990e-04
-1.1070790e-03
-1.0411390e-03
-9.8577110e-04
-7.8955930e-04
-6.0096130e-04
-8.8620490e-04
-8.9321930e-04
-5.5076200e-04
-4.7019270e-04
-2.4152080e-04
1.6985130e-04
4.9432540e-04
6.1780050e-04
6.3828630e-04
7.9428660e-04
1.0963220e-03
1.4866190e-03
1.9228140e-03
1.8925520e-03
1.7293410e-03
1.8077420e-03
2.0569330e-03
2.1153630e-03
2.3087400e-03
2.4212820e-03
2.2770230e-03
1.9889860e-03
1.9212960e-03
1.9448380e-03
1.7668220e-03
1.4355810e-03
1.0829040e-03
6.2296010e-04
