0.01
-7.1386970e-03
-9.2950910e-03
-1.0407190e-02
-1.0082310e-02
-8.8597730e-03
-7.6151060e-03
-7.2121150e-03
-7.5288370e-03
-6.8606180e-03
-4.2487160e-03
-7.8686130e-04
2.0025520e-03
3.8541530e-03
5.9284600e-03
8.4746900e-03
1.0524530e-02
1.2173410e-02
1.4082320e-02
1.5976950e-02
1.6952820e-02
1.7286270e-02
1.8135690e-02
2.0327060e-02
2.3520810e-02
2.6576900e-02
2.8714220e-02
2.9904230e-02
2.9987850e-02
2.8683630e-02
2.5091170e-02
1.8257040e-02
9.2757890e-03
1.0167000e-04
-9.4634310e-03
-2.0544180e-02
-3.2023120e-02
-4.1183230e-02
-4.5263110e-02
-4.2286550e-02
-3.2937800e-02
-2.1235540e-02
-1.3131850e-02
-1.2402760e-02
-1.7141380e-02
-2.2872180e-02
-2.7152950e-02
-3.0332420e-02
-3.3689330e-02
-3.6351810e-02
-3.4413330e-02
-2.4492510e-02
-7.6362950e-03
1.0705030e-02
2.4575210e-02
3.0200980e-02
2.7278470e-02
1.8491580e-02
6.2787510e-03
-7.4776240e-03
-1.8093780e-02
-2.0384060e-02
-1.4347340e-02
-3.6054560e-03
7.5956160e-03
1.4618710e-02
1.5201990e-02
1.1764520e-02
8.9130900e-03
9.4297810e-03
1.2587430e-02
1.5260110e-02
1.4659500e-02
1.0092700e-02
2.9327640e-03
-3.4607530e-03
-5.6781250e-03
-2.5948090e-03
4.1759020e-03
1.1111910e-02
1.5244810e-02
1.5336590e-02
1.1452490e-02
4.2570730e-03
-4.0567730e-03
-9.2595670e-03
-8.4929450e-03
-3.0799850e-03
4.1641790e-03
1.0170820e-02
1.1942980e-02
8.7412770e-03
1.9364080e-03
-6.4834900e-03
-1.3330680e-02
-1.5246720e-02
-1.1778670e-02
-6.3798840e-03
-3.4198530e-03
-3.6344000e-03
-4.5241020e-03
-3.5098930e-03
-7.0867840e-06
3.7709830e-03
5.1074240e-03
3.4920920e-03
-1.5768580e-04
-4.8351120e-03
-1.0377570e-02
-1.6033930e-02
-1.8550590e-02
-1.5583220e-02
-8.9041850e-03
-2.6316060e-03
5.4983730e-04
-4.4669000e-04
-5.1821180e-03
-1.1423800e-02
-1.6991450e-02
-1.9979220e-02
-1.8474120e-02
-1.1662410e-02
-5.2747920e-04
1.1156790e-02
1.9193180e-02
2.2414460e-02
2.2498070e-02
2.1164280e-02
1.8019480e-02
1.1780860e-02
3.9092670e-03
-1.9509380e-03
-3.8829940e-03
-2.5707210e-03
1.2258870e-03
7.7333070e-03
1.5783250e-02
2.1815890e-02
2.3267970e-02
2.1246890e-02
1.8138800e-02
1.5756740e-02
1.5456950e-02
1.6868230e-02
1.7177210e-02
1.2617040e-02
2.0184150e-03
-1.2584220e-02
-2.7874870e-02
-3.9080530e-02
-4.1699160e-02
-3.5703230e-02
-2.5768130e-02
-1.8799400e-02
-1.9775260e-02
-2.6388120e-02
-3.1260330e-02
-2.9850060e-02
-2.1323180e-02
-6.0626250e-03
1.3586800e-02
3.3736380e-02
5.0847220e-02
6.2367970e-02
6.7733720e-02
6.7374780e-02
5.9827860e-02
4.2780250e-02
1.7587140e-02
-9.1281950e-03
-2.9993830e-02
-4.2610770e-02
-4.9732470e-02
-5.6246420e-02
-6.2933710e-02
-6.4995580e-02
-5.8907870e-02
-4.6594800e-02
-3.1787510e-02
-1.7419710e-02
-6.9250940e-03
-5.6527120e-05
1.0052360e-02
2.9958340e-02
5.9284350e-02
8.9767750e-02
1.1027220e-01
1.1420830e-01
1.0128440e-01
7.1273160e-02
2.6196620e-02
-2.4593400e-02
-6.6056070e-02
-8.4993220e-02
-7.9744740e-02
-5.9766470e-02
-3.7664120e-02
-2.1835070e-02
-1.6428540e-02
-2.3133170e-02
-3.7915990e-02
-5.1740280e-02
-5.7993180e-02
-5.4684200e-02
-4.0444890e-02
-8.6257670e-03
4.2937290e-02
9.5812620e-02
1.2732180e-01
1.2846390e-01
1.0360320e-01
6.3134810e-02
1.6560310e-02
-2.7782040e-02
-5.8093100e-02
-6.9041800e-02
-6.5377950e-02
-5.3891870e-02
-4.1063840e-02
-2.8350020e-02
-1.5593380e-02
-6.3883010e-03
-1.9656900e-03
2.3903330e-03
1.3038210e-02
2.9195610e-02
4.1326150e-02
3.9658910e-02
2.2732650e-02
-6.2329270e-04
-1.8481210e-02
-2.4778980e-02
-2.0206570e-02
-1.0251090e-02
-6.0231310e-05
7.0333090e-03
8.7423530e-03
8.8560520e-03
1.2363160e-02
1.6921290e-02
1.6122850e-02
7.6495250e-03
-4.2389370e-03
-1.0633470e-02
-6.4198020e-03
4.5143070e-03
1.4660590e-02
1.9008660e-02
1.6375750e-02
1.0857050e-02
9.7322970e-03
1.5129660e-02
2.1911790e-02
2.2519540e-02
1.3530740e-02
-1.8828780e-03
-1.7549180e-02
-3.0404740e-02
-3.9721890e-02
-4.4164790e-02
-4.2797350e-02
-3.7072670e-02
-2.9668510e-02
-2.2070600e-02
-1.5195680e-02
-8.5996430e-03
-1.3881080e-03
5.8087420e-03
1.2992330e-02
2.2173860e-02
3.4030090e-02
4.2753760e-02
4.0755130e-02
2.7891410e-02
1.0565420e-02
-3.8893670e-03
-1.1606270e-02
-1.3343860e-02
-1.0896550e-02
-6.0181250e-03
-1.8152620e-03
-4.5128020e-04
-9.6530860e-04
-1.5778730e-03
-2.8921840e-03
-6.9101710e-03
-1.3807830e-02
-2.0422730e-02
-2.3015870e-02
-2.0445170e-02
-1.3748690e-02
-4.0521090e-03
7.5825460e-03
1.9287050e-02
2.8305420e-02
3.2360830e-02
3.1422690e-02
2.7110310e-02
2.1494740e-02
1.7713630e-02
1.8776170e-02
2.2868290e-02
2.3379170e-02
1.4187450e-02
-4.4165510e-03
-2.4123270e-02
-3.5831650e-02
-3.5868360e-02
-2.6415590e-02
-1.4058670e-02
-5.6765100e-03
-3.5191990e-03
-4.8267810e-03
-4.5818450e-03
4.5789820e-04
9.1609700e-03
1.6404320e-02
1.7994060e-02
1.5412140e-02
1.2473320e-02
1.0191800e-02
6.3199420e-03
-1.6623950e-03
-1.2321080e-02
-2.0693970e-02
-2.3461470e-02
-2.1793220e-02
-1.8438360e-02
-1.4197360e-02
-8.4400380e-03
-1.5185110e-03
5.8053960e-03
1.2223490e-02
1.5384610e-02
1.4546400e-02
1.1122190e-02
7.0068270e-03
3.2841490e-03
-1.0125970e-03
-7.8706250e-03
-1.7307490e-02
-2.5718100e-02
-2.7364940e-02
-2.0199390e-02
-8.6767100e-03
7.1887250e-04
4.6139640e-03
3.7583200e-03
1.3977800e-03
6.3084150e-04
1.8178020e-03
2.7938740e-03
1.8649130e-03
-1.0932840e-03
-4.5024990e-03
-6.4735080e-03
-6.3697010e-03
-4.7041980e-03
-3.2698650e-03
-3.7967530e-03
-5.6246950e-03
-6.2449880e-03
-3.7605520e-03
7.3548850e-04
5.1104680e-03
9.0188360e-03
1.2567140e-02
1.5373400e-02
1.7389380e-02
1.8316300e-02
1.6762250e-02
1.1654490e-02
3.8336830e-03
-3.8830170e-03
-8.4735740e-03
-8.1020920e-03
-3.1299560e-03
4.5706340e-03
1.2264290e-02
1.6671510e-02
1.5576330e-02
9.2037150e-03
-4.5230260e-04
-1.0293860e-02
-1.7336020e-02
-1.9965870e-02
-1.7789800e-02
-1.1092300e-02
-1.5552060e-03
6.8100350e-03
9.4107190e-03
4.4800870e-03
-5.7911050e-03
-1.7369670e-02
-2.6422710e-02
-3.0028430e-02
-2.7941070e-02
-2.2044050e-02
-1.4636830e-02
-7.9841040e-03
-3.6099310e-03
-1.7046930e-03
-2.3833130e-03
-5.2315840e-03
-7.5862100e-03
-5.9536450e-03
4.2909240e-06
7.2917530e-03
1.2951580e-02
1.5594690e-02
1.5936290e-02
1.5566140e-02
1.5021610e-02
1.4198700e-02
1.3972320e-02
1.5768040e-02
1.8955670e-02
2.1204150e-02
2.1690550e-02
2.1253090e-02
2.0810540e-02
2.0211960e-02
1.8206190e-02
1.4140580e-02
8.9711270e-03
3.9192510e-03
-1.0662430e-03
-6.9970130e-03
-1.3393790e-02
-1.7619490e-02
-1.7577690e-02
-1.3721120e-02
-7.8844720e-03
-1.9409540e-03
1.4632670e-03
-1.2936690e-04
-6.6735580e-03
-1.5099770e-02
-2.0801010e-02
-2.0572590e-02
-1.4677610e-02
-6.4104700e-03
5.5727050e-04
4.8566780e-03
6.7275530e-03
7.3524350e-03
8.2021640e-03
8.9828590e-03
7.9399960e-03
4.4804060e-03
-2.3484340e-04
-4.7508800e-03
-7.6656360e-03
-8.2255630e-03
-7.8351120e-03
-8.3615920e-03
-9.2548630e-03
-8.5240320e-03
-5.2640000e-03
3.7862980e-04
7.7671560e-03
1.4425080e-02
1.7335350e-02
1.6290140e-02
1.3109650e-02
8.9673630e-03
3.5014810e-03
-3.6344920e-03
-1.0940350e-02
-1.5470950e-02
-1.5539270e-02
-1.2596370e-02
-9.1805220e-03
-6.4780710e-03
-4.6276940e-03
-3.3917970e-03
-2.4925100e-03
-1.5288780e-03
-5.3785690e-04
1.7349720e-04
1.7091280e-03
6.3698430e-03
1.4590290e-02
2.4056310e-02
3.2072300e-02
3.6758910e-02
3.6852720e-02
3.1833690e-02
2.2058690e-02
9.0275300e-03
-4.9371750e-03
-1.7205480e-02
-2.5638530e-02
-2.9809170e-02
-3.0973680e-02
-3.0651450e-02
-2.9166750e-02
-2.6207530e-02
-2.1148720e-02
-1.3576310e-02
-4.8666080e-03
2.4371080e-03
7.1814380e-03
1.0198370e-02
1.2457040e-02
1.3909120e-02
1.4312920e-02
1.3881580e-02
1.2929170e-02
1.1517880e-02
9.6506820e-03
6.8194410e-03
2.1709630e-03
-3.8010030e-03
-9.1851040e-03
-1.2249660e-02
-1.2038580e-02
-8.5262640e-03
-2.8580710e-03
3.3255890e-03
9.0380380e-03
1.3923390e-02
1.7452630e-02
1.9872420e-02
2.1830270e-02
2.2654200e-02
2.0920680e-02
1.5860850e-02
8.4867810e-03
1.5264030e-03
-2.9348540e-03
-5.2250340e-03
-7.7508710e-03
-1.2615740e-02
-1.9565090e-02
-2.6256470e-02
-2.9882580e-02
-2.8800660e-02
-2.3276860e-02
-1.5571880e-02
-8.3480160e-03
-2.9675850e-03
3.1340200e-04
1.5858540e-03
1.4027130e-03
5.7770260e-04
-4.1479700e-04
-1.9240070e-03
-4.9317610e-03
-9.6115450e-03
-1.4412470e-02
-1.6944420e-02
-1.5801320e-02
-1.1972290e-02
-8.1054230e-03
-6.1703080e-03
-6.2258820e-03
-6.8940000e-03
-6.7453250e-03
-5.6353640e-03
-4.5525270e-03
-4.2898480e-03
-4.8408010e-03
-5.4107200e-03
-5.1603800e-03
-4.2732270e-03
-3.3114310e-03
-1.7004830e-03
1.3356200e-03
4.6940550e-03
6.2421880e-03
5.1075500e-03
1.7933710e-03
-2.8342020e-03
-7.1208850e-03
-8.7289780e-03
-6.7180970e-03
-1.8773000e-03
4.1520770e-03
9.3750620e-03
1.2744610e-02
1.4416940e-02
1.4847270e-02
1.4346590e-02
1.3454330e-02
1.2934280e-02
1.3343180e-02
1.4690230e-02
1.6234080e-02
1.6941760e-02
1.6765350e-02
1.6711310e-02
1.7393490e-02
1.7741220e-02
1.6271810e-02
1.2552900e-02
6.8657470e-03
2.0365640e-04
-5.5517430e-03
-9.0598730e-03
-1.0567120e-02
-1.1327830e-02
-1.2357740e-02
-1.4064740e-02
-1.6050130e-02
-1.7555230e-02
-1.8636130e-02
-2.0026000e-02
-2.1523970e-02
-2.1752380e-02
-1.9768010e-02
-1.5531090e-02
-9.7754060e-03
-4.2667980e-03
-4.2092820e-04
1.9189020e-03
3.3990200e-03
4.4617690e-03
5.6710500e-03
7.1475990e-03
8.5491990e-03
1.0239170e-02
1.3095390e-02
1.6720490e-02
1.9291200e-02
1.8914920e-02
1.4973720e-02
8.5629640e-03
1.9608130e-03
-2.9594180e-03
-5.7198910e-03
-6.5089470e-03
-5.7387560e-03
-3.9705680e-03
-1.5048950e-03
2.0052740e-03
6.9290750e-03
1.2673240e-02
1.8123620e-02
2.1858840e-02
2.2440080e-02
1.9416620e-02
1.3870390e-02
7.5616060e-03
1.3766200e-03
-4.5832130e-03
-1.0101200e-02
-1.4600080e-02
-1.7299270e-02
-1.7436940e-02
-1.5046720e-02
-1.1101440e-02
-7.0329790e-03
-4.4187320e-03
-3.9715870e-03
-4.6193100e-03
-4.6423560e-03
-3.6849450e-03
-2.7459890e-03
-2.9574780e-03
-4.6749860e-03
-7.6572470e-03
-1.1273770e-02
-1.3977040e-02
-1.3867930e-02
-1.0578320e-02
-5.7170340e-03
-1.7728740e-03
-5.6779410e-04
-1.9649890e-03
-4.4762440e-03
-6.8801220e-03
-7.8140800e-03
-6.3644510e-03
-3.7034010e-03
-1.2441510e-03
9.4868720e-04
3.0693500e-03
5.2145270e-03
7.8472300e-03
1.1033540e-02
1.4078410e-02
1.5993440e-02
1.5593710e-02
1.2294930e-02
7.2045030e-03
1.7983760e-03
-3.5728760e-03
-8.2309380e-03
-1.0639510e-02
-9.7582700e-03
-5.8133960e-03
1.3489920e-05
6.5937950e-03
1.2687520e-02
1.7308870e-02
2.0405750e-02
2.1154220e-02
1.8932260e-02
1.5030820e-02
1.0732720e-02
5.8825430e-03
7.0892230e-04
-3.3060150e-03
-5.2529590e-03
-5.0340260e-03
-2.9636970e-03
1.0664760e-04
3.1382840e-03
5.3398510e-03
6.2714640e-03
5.8447130e-03
4.4901220e-03
3.0944360e-03
2.0692140e-03
1.1501440e-03
3.0397510e-05
-1.7872500e-03
-4.9904840e-03
-8.8688730e-03
-1.1670440e-02
-1.2791110e-02
-1.2499470e-02
-1.1091240e-02
-9.0570100e-03
-7.0796780e-03
-5.4829050e-03
-4.5653650e-03
-5.2296070e-03
-7.6046280e-03
-1.0230600e-02
-1.1407350e-02
-1.0429450e-02
-7.6672390e-03
-3.9689330e-03
-4.3922630e-04
2.0277110e-03
3.3533420e-03
3.8210860e-03
3.9110250e-03
3.8712560e-03
3.3819960e-03
2.0082350e-03
-7.3994540e-05
-1.7792960e-03
-1.9255240e-03
-1.0782870e-04
3.2788010e-03
7.0016820e-03
1.0076330e-02
1.2198050e-02
1.3005670e-02
1.2053250e-02
9.9297970e-03
8.5096380e-03
9.0140910e-03
1.1190570e-02
1.4062090e-02
1.5882290e-02
1.4732050e-02
1.0137000e-02
3.2445390e-03
-4.2848410e-03
-1.0920950e-02
-1.5500490e-02
-1.7635780e-02
-1.7370650e-02
-1.4857050e-02
-1.0416190e-02
-4.6991520e-03
1.1206740e-03
5.6606540e-03
8.0225200e-03
8.3911470e-03
7.8026690e-03
7.2056260e-03
6.8375080e-03
6.0495730e-03
4.2092920e-03
1.6653040e-03
-5.6578350e-04
-1.8732120e-03
-2.6944920e-03
-3.4977220e-03
-4.4000680e-03
-5.4625110e-03
-6.5640080e-03
-7.2963680e-03
-7.5784210e-03
-7.8820930e-03
-8.3264850e-03
-8.3233230e-03
-7.4793050e-03
-5.8350130e-03
-3.5061860e-03
-8.7975440e-04
1.5331490e-03
3.5608550e-03
5.0753360e-03
5.7748610e-03
5.6440310e-03
5.0574900e-03
4.2243830e-03
3.3448780e-03
3.0568080e-03
3.7058570e-03
4.6400190e-03
5.3238400e-03
6.1111640e-03
7.1401590e-03
8.0753400e-03
8.3079380e-03
7.2733340e-03
4.8806720e-03
1.5809730e-03
-1.9335800e-03
-5.2593840e-03
-7.8251940e-03
-8.7463030e-03
-8.0709450e-03
-6.6741380e-03
-4.9358290e-03
-2.5511210e-03
4.9604560e-04
3.4693850e-03
5.3979730e-03
6.0505910e-03
6.3590550e-03
7.6269700e-03
9.7444110e-03
1.1060050e-02
1.0303420e-02
7.4806410e-03
3.4490920e-03
-8.0089110e-04
-4.8978960e-03
-8.7899480e-03
-1.2231280e-02
-1.5015110e-02
-1.7352300e-02
-1.9140880e-02
-1.9708860e-02
-1.8705460e-02
-1.6495740e-02
-1.3395800e-02
-9.4644920e-03
-5.4182580e-03
-2.0358600e-03
7.3578970e-04
2.8269620e-03
3.7020820e-03
3.4942640e-03
3.0858680e-03
3.1498040e-03
3.8568750e-03
4.6271680e-03
4.3829460e-03
2.8884510e-03
9.9680580e-04
-4.6418230e-04
-1.3486730e-03
-1.8167240e-03
-2.1203950e-03
-2.8649920e-03
-4.2579240e-03
-5.7113250e-03
-6.4720330e-03
-5.9824680e-03
-3.9285560e-03
-1.1555400e-03
8.7916020e-04
2.0105760e-03
2.9706390e-03
3.8794100e-03
4.0212520e-03
2.9152670e-03
7.7889110e-04
-2.1246790e-03
-5.2832500e-03
-7.8171430e-03
-9.2838000e-03
-9.8284300e-03
-9.5151730e-03
-8.3532070e-03
-6.3827070e-03
-3.3244770e-03
6.3379490e-04
4.6130950e-03
8.0949130e-03
1.0734750e-02
1.2156230e-02
1.2326530e-02
1.1552560e-02
1.0129850e-02
8.1990270e-03
6.2215930e-03
4.7018090e-03
3.5086390e-03
2.9101670e-03
3.5382110e-03
5.4120400e-03
7.9823360e-03
1.0595050e-02
1.2657940e-02
1.3801040e-02
1.4394510e-02
1.5140940e-02
1.6054610e-02
1.6618510e-02
1.6263650e-02
1.4476090e-02
1.1218100e-02
7.2665960e-03
3.6099970e-03
6.5051580e-04
-1.5809700e-03
-3.2430050e-03
-4.7542240e-03
-6.0331520e-03
-6.9392720e-03
-7.7457650e-03
-8.6017160e-03
-9.2560680e-03
-9.4889710e-03
-9.7213630e-03
-1.0191760e-02
-1.0402940e-02
-1.0047570e-02
-9.2497450e-03
-8.1327480e-03
-6.7531740e-03
-5.0616700e-03
-2.6330130e-03
5.4919500e-04
3.3986080e-03
5.2283860e-03
6.3458930e-03
6.8497350e-03
6.5382120e-03
5.4859670e-03
3.7957860e-03
1.5287530e-03
-7.1965910e-04
-2.0322990e-03
-2.1354940e-03
-1.0991570e-03
1.2204930e-03
4.3673370e-03
7.1000740e-03
8.3400480e-03
7.6353220e-03
4.8910620e-03
6.6881570e-04
-3.8105830e-03
-7.5907720e-03
-1.0151380e-02
-1.1201380e-02
-1.0843460e-02
-9.2896200e-03
-6.3532460e-03
-2.0705400e-03
2.4027500e-03
5.8742710e-03
7.9257350e-03
8.4605760e-03
8.1293740e-03
8.0427990e-03
8.3400460e-03
8.3028260e-03
7.7545250e-03
7.0866100e-03
6.1218580e-03
4.6362330e-03
2.8644750e-03
1.1739900e-03
-1.4862220e-04
-9.9217220e-04
-1.5524250e-03
-2.4157160e-03
-3.9248960e-03
-6.1075980e-03
-8.8757200e-03
-1.1779570e-02
-1.4051500e-02
-1.4806090e-02
-1.3633410e-02
-1.0589560e-02
-6.3088910e-03
-2.0306720e-03
1.4302430e-03
3.8548220e-03
5.1734170e-03
5.3186240e-03
4.4311650e-03
2.8483620e-03
8.8130890e-04
-9.9717140e-04
-2.3903280e-03
-3.5290450e-03
-4.6317660e-03
-5.4469270e-03
-5.8219790e-03
-5.9219110e-03
-5.7058340e-03
-5.0278250e-03
-4.3292170e-03
-3.8184420e-03
-3.3793520e-03
-3.1748990e-03
-2.9914520e-03
-2.1861830e-03
-6.1705400e-04
1.1848960e-03
2.7197730e-03
3.5282040e-03
3.0032540e-03
1.2840120e-03
-5.9774150e-04
-1.7237430e-03
-1.8449870e-03
-8.0334730e-04
1.5083490e-03
4.7433990e-03
8.6975500e-03
1.3206530e-02
1.7370030e-02
2.0239510e-02
2.1614090e-02
2.1645700e-02
2.0551550e-02
1.8627340e-02
1.5984240e-02
1.2258200e-02
7.4719520e-03
2.2578380e-03
-3.0932240e-03
-8.2108730e-03
-1.2513770e-02
-1.6036880e-02
-1.9344840e-02
-2.2330570e-02
-2.4281290e-02
-2.5199030e-02
-2.5337710e-02
-2.4300660e-02
-2.1695300e-02
-1.7979450e-02
-1.4042330e-02
-1.0370330e-02
-7.0487050e-03
-3.9006380e-03
-8.2761120e-04
1.6932190e-03
3.3684080e-03
4.3789470e-03
4.7219780e-03
4.2036560e-03
2.9324780e-03
1.2325100e-03
-8.2641950e-04
-3.1123990e-03
-5.0412940e-03
-6.1385080e-03
-6.3330700e-03
-5.6500650e-03
-4.3584920e-03
-2.8306530e-03
-1.0210650e-03
1.3336640e-03
3.9411800e-03
6.3437320e-03
8.5119550e-03
1.0091600e-02
1.0686800e-02
1.0508350e-02
1.0039280e-02
9.4800720e-03
9.0148780e-03
8.8702810e-03
8.4036590e-03
7.2279260e-03
6.0362860e-03
5.1363870e-03
4.0138820e-03
2.3785640e-03
5.5646380e-04
-1.3190290e-03
-3.0583580e-03
-4.0434040e-03
-4.2163490e-03
-3.9496930e-03
-3.2239610e-03
-2.0637280e-03
-1.0122170e-03
-4.2903230e-04
-1.6849490e-04
-3.5411410e-04
-9.9723890e-04
-1.4196770e-03
-1.1280380e-03
-1.7347210e-04
1.2823660e-03
2.8793430e-03
4.0055180e-03
4.2783930e-03
3.6519810e-03
2.1118020e-03
-1.4454410e-04
-2.5946970e-03
-4.9002750e-03
-7.0525910e-03
-8.8198610e-03
-9.8352940e-03
-1.0121840e-02
-9.7463750e-03
-8.5514730e-03
-6.3952830e-03
-3.2146870e-03
8.4497600e-04
5.1119060e-03
8.3839700e-03
9.9763600e-03
1.0119120e-02
9.1828160e-03
7.6215290e-03
5.9983430e-03
4.7190080e-03
4.0787280e-03
4.3065330e-03
5.1424960e-03
5.6095250e-03
5.2095920e-03
4.1916100e-03
2.9426620e-03
1.9032650e-03
1.4386810e-03
1.6872880e-03
2.5271260e-03
3.8221660e-03
5.4161850e-03
6.7515030e-03
7.4885530e-03
7.6497710e-03
6.8614280e-03
4.7681550e-03
1.9875930e-03
-5.2197940e-04
-2.4962010e-03
-4.1284600e-03
-5.7002500e-03
-7.6676920e-03
-1.0085430e-02
-1.2231330e-02
-1.3381570e-02
-1.3629360e-02
-1.3410130e-02
-1.2930860e-02
-1.2487280e-02
-1.2180350e-02
-1.1735750e-02
-1.1050500e-02
-1.0144080e-02
-9.1014140e-03
-8.3605900e-03
-8.3772130e-03
-9.0152490e-03
-9.8110350e-03
-1.0642620e-02
-1.1365590e-02
-1.1476740e-02
-1.0567160e-02
-8.6767050e-03
-5.9548790e-03
-2.6682330e-03
5.0778510e-04
3.1475130e-03
5.5023440e-03
7.5880710e-03
9.1287580e-03
1.0459390e-02
1.2067480e-02
1.3831590e-02
1.5398890e-02
1.6636830e-02
1.7428130e-02
1.7785030e-02
1.7748320e-02
1.6969260e-02
1.5155180e-02
1.2551840e-02
9.6599270e-03
6.9157680e-03
4.7675320e-03
3.3985640e-03
2.4657280e-03
1.8569570e-03
1.6915580e-03
1.7276560e-03
1.6613740e-03
1.6281320e-03
1.5834670e-03
1.1855740e-03
6.5727940e-04
4.1223130e-04
1.7393350e-04
-4.6332800e-04
-1.4146010e-03
-2.5845210e-03
-4.1444830e-03
-5.7786810e-03
-6.8430600e-03
-7.3349710e-03
-7.5713410e-03
-7.7116550e-03
-8.0175710e-03
-8.6748790e-03
-9.4044860e-03
-9.9837870e-03
-1.0659960e-02
-1.1542020e-02
-1.2342490e-02
-1.2761600e-02
-1.2514820e-02
-1.1397220e-02
-9.5552020e-03
-7.4569320e-03
-5.3637620e-03
-3.4199800e-03
-2.0120580e-03
-1.2139260e-03
-7.2400390e-04
-5.4191340e-04
-6.5863040e-04
-4.9320210e-04
3.1767590e-04
1.3131320e-03
1.8755060e-03
1.5306380e-03
1.7622440e-05
-2.0798720e-03
-3.5819130e-03
-3.9857210e-03
-3.5508120e-03
-2.6614170e-03
-1.7756920e-03
-1.3583220e-03
-1.2518630e-03
-7.0456200e-04
4.7470870e-04
1.9753330e-03
3.4630990e-03
4.4673140e-03
4.7356010e-03
4.5375720e-03
4.2590880e-03
4.0086450e-03
3.9781550e-03
4.4581350e-03
5.1535820e-03
5.5887950e-03
5.6827110e-03
5.4656140e-03
5.0362120e-03
4.7819960e-03
5.0858710e-03
5.7155450e-03
6.2727180e-03
6.6489920e-03
6.7092580e-03
6.4654440e-03
6.4354640e-03
6.9715270e-03
7.7057230e-03
8.3643580e-03
9.1726860e-03
1.0255420e-02
1.1521910e-02
1.2859780e-02
1.3916200e-02
1.4254750e-02
1.4019200e-02
1.3689820e-02
1.3330880e-02
1.2808780e-02
1.2023600e-02
1.0846850e-02
9.4203720e-03
7.9850200e-03
6.4547320e-03
4.5696850e-03
2.3306940e-03
-1.4263810e-04
-2.9716260e-03
-5.9417540e-03
-8.3696980e-03
-9.9492380e-03
-1.0869020e-02
-1.1205530e-02
-1.0902670e-02
-1.0058860e-02
-8.5412150e-03
-6.2786700e-03
-3.9451520e-03
-2.2469170e-03
-1.0788330e-03
-2.0889280e-04
1.2664460e-04
-6.8736360e-05
-5.4732700e-04
-1.5712540e-03
-3.4274440e-03
-6.0585160e-03
-9.5554280e-03
-1.3838440e-02
-1.8254830e-02
-2.2058370e-02
-2.4861570e-02
-2.6326900e-02
-2.6216770e-02
-2.4913580e-02
-2.2753820e-02
-1.9507050e-02
-1.5258910e-02
-1.0584530e-02
-5.9596070e-03
-1.7431840e-03
1.6091330e-03
4.2170570e-03
6.5660750e-03
8.4978230e-03
9.5141740e-03
9.8179490e-03
1.0009450e-02
1.0260500e-02
1.0499120e-02
1.0476680e-02
9.7041460e-03
8.3449670e-03
7.1762690e-03
6.2457790e-03
5.1804810e-03
4.1256860e-03
3.3061400e-03
2.5460430e-03
1.8060350e-03
1.2631380e-03
8.9304230e-04
5.8931950e-04
1.5985560e-04
-6.8728390e-04
-1.9608990e-03
-3.2363610e-03
-4.1377900e-03
-4.8638270e-03
-5.6876570e-03
-6.4454080e-03
-6.8438110e-03
-6.6269180e-03
-5.7617910e-03
-4.6153250e-03
-3.7092050e-03
-3.0455740e-03
-2.4103940e-03
-2.0218820e-03
-1.8756550e-03
-1.5987010e-03
-1.1123980e-03
-6.0377410e-04
-3.9097490e-05
7.3170660e-04
1.5333560e-03
2.3137450e-03
3.2446420e-03
4.1881860e-03
5.1052170e-03
6.2793180e-03
7.5532480e-03
8.5332970e-03
9.2440390e-03
9.6293890e-03
9.1927460e-03
8.0330230e-03
6.7598060e-03
5.4023590e-03
3.6959660e-03
1.8333520e-03
2.2529050e-04
-9.5627510e-04
-1.4891890e-03
-1.0708000e-03
1.9504450e-04
2.1077560e-03
4.5118390e-03
6.9769000e-03
8.8137130e-03
9.6788400e-03
9.6119470e-03
8.5650040e-03
6.7952860e-03
4.7462690e-03
2.3396370e-03
-5.6862390e-04
-3.8998020e-03
-7.5823030e-03
-1.1421740e-02
-1.4836770e-02
-1.7242280e-02
-1.8670900e-02
-1.9407140e-02
-1.9437730e-02
-1.8655600e-02
-1.7042410e-02
-1.4473750e-02
-1.0974080e-02
-7.0961050e-03
-3.3365150e-03
2.3306230e-04
3.4820200e-03
6.3604740e-03
8.9912390e-03
1.1277140e-02
1.2942340e-02
1.4112970e-02
1.5037850e-02
1.5397810e-02
1.4926700e-02
1.3888630e-02
1.2425330e-02
1.0571490e-02
8.5572450e-03
6.4086010e-03
4.0367420e-03
1.9254190e-03
8.7204200e-04
9.6698750e-04
1.9704890e-03
3.6890170e-03
5.4898350e-03
6.6931000e-03
7.1913320e-03
7.0552000e-03
6.2041450e-03
5.0593090e-03
4.2166160e-03
3.5532910e-03
2.8801760e-03
2.5281690e-03
2.5369380e-03
2.5417310e-03
2.6158640e-03
3.0301740e-03
3.5802090e-03
3.9888080e-03
4.2288490e-03
4.0745660e-03
3.2965230e-03
2.2674250e-03
1.4371720e-03
8.1057640e-04
4.0311800e-04
1.9061900e-04
-3.0362740e-04
-1.1275180e-03
-1.7304760e-03
-1.9742900e-03
-2.0305780e-03
-1.8809870e-03
-1.6803070e-03
-1.7936990e-03
-2.1859850e-03
-2.6216080e-03
-3.2318060e-03
-4.0517600e-03
-4.7255890e-03
-4.9282070e-03
-4.6341210e-03
-3.9493820e-03
-3.0981230e-03
-2.5714400e-03
-2.5576750e-03
-2.7840520e-03
-3.0924140e-03
-3.2305850e-03
-2.8571660e-03
-2.2967300e-03
-2.3347660e-03
-3.1973450e-03
-4.6500320e-03
-6.5358950e-03
-8.0677130e-03
-8.3425270e-03
-7.5746810e-03
-6.8363040e-03
-6.7351490e-03
-7.0597250e-03
-7.5442940e-03
-7.5171710e-03
-6.2941230e-03
-4.3450380e-03
-2.8684900e-03
-2.3808620e-03
-2.2887820e-03
-1.6611470e-03
-4.4065210e-05
2.0737670e-03
3.2706070e-03
2.6534740e-03
5.1499700e-04
-2.3536370e-03
-4.8758040e-03
-5.9559890e-03
-5.3666950e-03
-3.8968780e-03
-2.2549310e-03
-6.6378670e-04
5.8856700e-04
1.2272960e-03
1.3384450e-03
1.3374260e-03
1.7482680e-03
2.8973860e-03
4.2321950e-03
4.4112560e-03
2.7717560e-03
-2.9919030e-04
-3.8730200e-03
-6.5398840e-03
-7.3144600e-03
-6.8104140e-03
-6.4783960e-03
-6.6659220e-03
-6.5206120e-03
-5.3885240e-03
-2.9458970e-03
3.1191230e-04
3.1020380e-03
4.8712460e-03
6.3591130e-03
8.3620390e-03
1.0556160e-02
1.2240730e-02
1.3083020e-02
1.2881110e-02
1.1758410e-02
1.0173560e-02
8.1313770e-03
5.3475520e-03
2.1112790e-03
-7.4660830e-04
-2.6477370e-03
-3.2406000e-03
-2.6920950e-03
-2.0618090e-03
-2.1348200e-03
-2.3271390e-03
-1.5768330e-03
3.8735430e-04
2.8247720e-03
4.4886410e-03
4.2673630e-03
2.2139600e-03
-5.9368550e-04
-2.9654840e-03
-4.0358800e-03
-3.4363900e-03
-1.9427100e-03
-1.1421310e-03
-1.6962450e-03
-2.8719780e-03
-3.9661330e-03
-4.4564130e-03
-3.5243940e-03
-8.5889660e-04
2.5941070e-03
5.5717790e-03
7.4890490e-03
8.5509810e-03
9.7837140e-03
1.1939900e-02
1.4407620e-02
1.6229850e-02
1.7230190e-02
1.7410680e-02
1.6581650e-02
1.5155070e-02
1.3834540e-02
1.2456900e-02
1.0513320e-02
8.2219130e-03
6.3863240e-03
5.7275860e-03
6.1832970e-03
6.7723870e-03
6.3330920e-03
4.7591610e-03
2.7657180e-03
8.0304950e-04
-9.6662720e-04
-2.5631150e-03
-4.1627440e-03
-5.5570030e-03
-6.1586350e-03
-5.8420130e-03
-5.4290290e-03
-5.8140740e-03
-7.1106430e-03
-8.9798860e-03
-1.0738590e-02
-1.1348380e-02
-1.0385770e-02
-8.7506540e-03
-7.5615630e-03
-7.1983410e-03
-7.7043240e-03
-8.6435850e-03
-9.2821310e-03
-9.3920570e-03
-9.0970530e-03
-8.4353590e-03
-7.8123150e-03
-7.8239390e-03
-8.2737360e-03
-8.7256750e-03
-9.3836970e-03
-1.0460220e-02
-1.1330040e-02
-1.1229080e-02
-1.0315420e-02
-9.1610960e-03
-8.2900540e-03
-8.2375390e-03
-8.6375740e-03
-8.4281240e-03
-7.1721410e-03
-5.3545990e-03
-4.0239720e-03
-4.2716610e-03
-6.1470210e-03
-7.8950200e-03
-7.4494030e-03
-4.7356340e-03
-1.2409650e-03
1.5576450e-03
2.9229430e-03
3.1667560e-03
3.4088370e-03
4.2265470e-03
4.7029580e-03
3.9902780e-03
2.5461560e-03
1.3427890e-03
1.0897960e-03
1.7473090e-03
2.1647810e-03
8.8149840e-04
-2.2357030e-03
-5.8031790e-03
-8.3679690e-03
-8.9219820e-03
-7.2503610e-03
-4.7571560e-03
-3.2719400e-03
-2.8596690e-03
-2.2608930e-03
-8.5135910e-04
1.2374470e-03
3.6226650e-03
5.6878950e-03
7.3480950e-03
9.2652620e-03
1.1594190e-02
1.3513300e-02
1.4402490e-02
1.4365780e-02
1.3606090e-02
1.2541510e-02
1.1563600e-02
1.0508190e-02
9.0429620e-03
7.3074040e-03
5.5620580e-03
3.9927150e-03
3.0950590e-03
3.0484570e-03
3.1700070e-03
3.0275530e-03
2.8650090e-03
2.7182720e-03
2.4713990e-03
2.4214320e-03
2.6345520e-03
2.5445110e-03
2.0416880e-03
1.7425040e-03
1.9726540e-03
2.6073240e-03
3.2682020e-03
3.2085490e-03
2.0092590e-03
4.1596360e-04
-5.7806610e-04
-1.1526760e-03
-1.9895580e-03
-3.2062830e-03
-4.5231440e-03
-5.4771920e-03
-5.5919100e-03
-4.8677080e-03
-4.0771220e-03
-3.7290940e-03
-3.4269520e-03
-2.8108400e-03
-2.0063860e-03
-1.1834750e-03
-6.4747240e-04
-6.4819680e-04
-8.6782360e-04
-1.0055560e-03
-1.3540760e-03
-1.8901410e-03
-2.2177760e-03
-2.4617940e-03
-2.8352150e-03
-3.0266150e-03
-2.9729790e-03
-3.0605730e-03
-3.1391930e-03
-2.7719940e-03
-2.1680160e-03
-1.4005780e-03
-1.7575690e-04
1.1828720e-03
2.0057830e-03
2.3108800e-03
2.4237630e-03
2.1864750e-03
1.4685950e-03
3.5555380e-04
-1.2292690e-03
-3.0154030e-03
-4.3396080e-03
-4.8620080e-03
-4.8983100e-03
-4.7486170e-03
-4.3322660e-03
-3.7309400e-03
-3.0190770e-03
-2.0379060e-03
-9.4788120e-04
-7.7228630e-05
6.6241290e-04
1.5224310e-03
2.2026830e-03
2.4140700e-03
2.3367750e-03
1.9211390e-03
1.1341210e-03
3.6095210e-04
-2.1609530e-04
-7.4946830e-04
-1.0448090e-03
-7.8729030e-04
-1.7629710e-04
6.0995460e-04
1.6799730e-03
2.9538010e-03
4.2923830e-03
5.6490130e-03
6.6966690e-03
6.8547240e-03
6.1960900e-03
5.3029200e-03
4.3388800e-03
3.2103600e-03
1.8657620e-03
-2.7715110e-07
-2.4199010e-03
-4.6924400e-03
-6.3080790e-03
-7.4274220e-03
-8.1834390e-03
-8.5727670e-03
-8.9402730e-03
-9.4867390e-03
-9.6682490e-03
-9.1077110e-03
-8.2434000e-03
-7.3363630e-03
-6.3129770e-03
-5.3462860e-03
-4.3783720e-03
-2.9881940e-03
-1.3791840e-03
-1.6092940e-04
5.0523040e-04
5.7824180e-04
8.7167610e-05
-2.6758270e-04
2.4239740e-04
1.4162640e-03
2.7807460e-03
4.0404000e-03
4.6840450e-03
4.5097750e-03
4.3140900e-03
4.8396520e-03
5.6624610e-03
6.2368660e-03
6.5389060e-03
6.2908090e-03
5.2551860e-03
3.7701720e-03
2.1939970e-03
6.1933070e-04
-7.0044730e-04
-1.5517270e-03
-2.1225640e-03
-2.4235850e-03
-2.1995540e-03
-1.6167860e-03
-1.0528840e-03
-5.0754960e-04
2.8824720e-05
3.8926960e-04
8.6265210e-04
1.8130270e-03
2.7973590e-03
3.3084390e-03
3.4289700e-03
3.3407650e-03
3.0724760e-03
2.6953850e-03
2.2946370e-03
1.8763490e-03
1.5908280e-03
1.4540840e-03
1.0228460e-03
6.9674030e-05
-1.1043840e-03
-2.4892610e-03
-4.4585380e-03
-6.7770660e-03
-8.6880140e-03
-1.0006910e-02
-1.0766190e-02
-1.0774350e-02
-1.0197090e-02
-9.4642230e-03
-8.5971580e-03
-7.4126570e-03
-6.1131320e-03
-4.7031700e-03
-2.9510940e-03
-1.1774010e-03
4.1327440e-04
2.1831750e-03
4.3180530e-03
6.5225760e-03
8.6011650e-03
1.0541780e-02
1.2028530e-02
1.2941180e-02
1.3589720e-02
1.3957830e-02
1.3850760e-02
1.3476530e-02
1.3053340e-02
1.2309970e-02
1.1275980e-02
1.0267480e-02
9.0913380e-03
7.6348780e-03
6.3619660e-03
5.4813380e-03
4.7478570e-03
4.1800790e-03
3.9853120e-03
4.0102950e-03
4.1499960e-03
4.4420430e-03
4.6249790e-03
4.5899010e-03
4.5373850e-03
4.3945220e-03
3.9187230e-03
3.1982930e-03
2.3962870e-03
1.4208250e-03
4.3579990e-04
-1.8410620e-04
-5.0757050e-04
-7.2688120e-04
-7.2022280e-04
-5.2273460e-04
-5.9768410e-04
-1.0241500e-03
-1.4528380e-03
-1.8099440e-03
-2.0186800e-03
-1.8754100e-03
-1.4867970e-03
-1.0820720e-03
-6.1220710e-04
-1.3426650e-04
-1.1851220e-04
-6.4839780e-04
-1.4099110e-03
-2.4745980e-03
-3.8535600e-03
-5.0605980e-03
-5.8630130e-03
-6.5599890e-03
-7.2059790e-03
-7.5175030e-03
-7.5511540e-03
-7.3296720e-03
-6.6376930e-03
-5.8269170e-03
-5.4966310e-03
-5.5436400e-03
-5.4262720e-03
-4.9093780e-03
-4.0040740e-03
-2.9732430e-03
-2.4789880e-03
-2.6787500e-03
-2.9484650e-03
-2.9003350e-03
-2.6236860e-03
-2.0758950e-03
-1.3443510e-03
-1.0799390e-03
-1.4950660e-03
-2.1067930e-03
-2.7167890e-03
-3.3384070e-03
-3.7669940e-03
-3.9834790e-03
-4.2049630e-03
-4.3812720e-03
-4.3685260e-03
-4.4282820e-03
-4.6796420e-03
-4.8464670e-03
-4.9310030e-03
-5.0802890e-03
-5.0265500e-03
-4.6222330e-03
-4.2912340e-03
-3.9594190e-03
-3.0699200e-03
-1.9165200e-03
-1.0179770e-03
-3.4423040e-04
9.7021790e-05
1.1115370e-04
2.8344370e-05
2.5855310e-04
5.0135740e-04
5.0322320e-04
4.3758380e-04
2.7748810e-04
-5.3475290e-05
-2.8694570e-04
-1.6657860e-04
-4.8214070e-06
1.2209220e-04
6.8597440e-04
1.5973150e-03
2.4319520e-03
3.1048620e-03
3.4294380e-03
3.1148540e-03
2.5070020e-03
2.3025490e-03
2.3389530e-03
2.1678430e-03
1.7369110e-03
1.0443200e-03
2.3911110e-04
-2.6905450e-04
-3.2530230e-04
-2.3669940e-04
-9.3074750e-05
2.4467730e-04
5.1101660e-04
6.1246790e-04
8.8681210e-04
1.4119250e-03
2.1791590e-03
3.5253870e-03
5.5553360e-03
7.7642450e-03
9.7137380e-03
1.1206600e-02
1.1865340e-02
1.1679750e-02
1.1108710e-02
1.0452010e-02
9.5413020e-03
8.3858610e-03
7.2108410e-03
