0.01
2.6728793e-04
3.9091987e-05
-1.4657088e-04
1.2371726e-04
4.5278312e-04
2.9991520e-04
-7.2969651e-04
-2.0752249e-03
-2.1485329e-03
-7.1692067e-04
1.0303779e-03
3.0448909e-03
5.3225774e-03
5.6084232e-03
2.1901434e-03
-3.3283700e-03
-7.2802129e-03
-6.9378496e-03
-3.5062920e-03
-4.8481130e-04
1.8022593e-03
4.7874911e-03
6.4133663e-03
3.9630953e-03
-6.8195471e-04
-3.3222675e-03
-2.5933134e-03
-4.2598031e-04
8.0178275e-04
7.4823816e-04
2.1028841e-04
-9.7249368e-04
-3.1509167e-03
-4.6526828e-03
-3.4696544e-03
-3.2681629e-04
2.7264969e-03
4.6177189e-03
5.1532857e-03
4.2234593e-03
1.4844353e-03
-2.3998778e-03
-5.1436968e-03
-5.8108392e-03
-5.1897008e-03
-3.0164447e-03
5.0023473e-04
3.2018685e-03
4.1979416e-03
4.4607239e-03
4.4190903e-03
3.6759342e-03
1.8704372e-03
-7.0372050e-04
-3.0003780e-03
-4.0583221e-03
-4.3157494e-03
-4.6780384e-03
-4.4313958e-03
-2.2002954e-03
1.5211485e-03
5.0342720e-03
7.3825143e-03
8.0143192e-03
6.6084375e-03
3.4601865e-03
-3.6997337e-04
-3.9620604e-03
-6.6356549e-03
-7.3251531e-03
-5.8168990e-03
-3.1570981e-03
-7.0753979e-04
8.2859459e-04
1.7339531e-03
2.4893233e-03
2.9643126e-03
3.0181093e-03
2.6787769e-03
1.7590082e-03
3.5563031e-04
-9.4301033e-04
-1.8264247e-03
-2.3031831e-03
-2.2448498e-03
-1.6274023e-03
-7.1324346e-04
7.9839945e-04
3.1727963e-03
5.3100254e-03
5.4251515e-03
3.0645099e-03
-7.4622784e-04
-4.3942232e-03
-6.2200178e-03
-5.5711427e-03
-3.0226432e-03
2.3388220e-04
2.9148414e-03
3.9304305e-03
2.9526563e-03
4.9722288e-04
-2.3764960e-03
-4.0928630e-03
-3.5143463e-03
-1.3310297e-03
1.0028444e-03
2.9083679e-03
3.7945013e-03
2.8169984e-03
4.3145088e-04
-1.8977733e-03
-2.9740225e-03
-2.0079360e-03
5.8426608e-04
2.9168077e-03
3.5305601e-03
3.0770920e-03
2.3170489e-03
2.1126553e-04
-3.7318411e-03
-7.4905023e-03
-8.7430410e-03
-6.4243234e-03
-1.1517067e-03
4.3262864e-03
7.0851651e-03
6.9631275e-03
5.6521715e-03
3.5254180e-03
8.2857948e-05
-4.1100736e-03
-7.3165305e-03
-7.8402034e-03
-5.2769535e-03
-8.9288982e-04
3.1381273e-03
5.4901269e-03
5.9195164e-03
4.2581292e-03
1.1844474e-03
-1.0299824e-03
-6.8968315e-04
9.2277146e-04
1.4130174e-03
1.2207031e-03
2.4261884e-03
4.8870752e-03
6.2741541e-03
4.7904822e-03
1.9529465e-04
-5.6794612e-03
-9.8869819e-03
-1.1332373e-02
-1.0698051e-02
-8.1912262e-03
-3.3885698e-03
3.0494505e-03
8.7775176e-03
1.0868443e-02
8.2394586e-03
2.9268094e-03
-1.2853081e-03
-2.6308965e-03
-2.4457311e-03
-2.0851822e-03
-1.6434871e-03
-9.5145726e-04
4.9539020e-04
2.8558465e-03
4.6138149e-03
3.9986023e-03
1.2095636e-03
-1.9032285e-03
-3.4118044e-03
-2.7512998e-03
-1.2534334e-03
-8.2147431e-04
-1.4812927e-03
-1.8850408e-03
-1.7385513e-03
-1.7335244e-03
-1.5124249e-03
-7.6554810e-04
-6.2216627e-04
-1.3808693e-03
-1.5101830e-03
-2.7468315e-06
1.9932400e-03
2.9867151e-03
2.5583670e-03
1.0091739e-03
-1.2181028e-03
-3.5235452e-03
-5.2673769e-03
-5.6795880e-03
-3.7860233e-03
1.2414265e-04
3.9660307e-03
6.0128518e-03
6.1763391e-03
4.1975813e-03
3.0318332e-04
-2.8782011e-03
-2.8918609e-03
-2.3636414e-04
3.2759689e-03
6.6908348e-03
9.5325610e-03
1.1513761e-02
1.2753545e-02
1.3632008e-02
1.4257964e-02
1.4725141e-02
1.5663007e-02
1.7332318e-02
1.8155583e-02
1.6127118e-02
1.1325686e-02
5.3856382e-03
-5.7882348e-05
-3.6369419e-03
-4.6366841e-03
-3.4068081e-03
-1.1282407e-03
8.7450203e-04
1.6438888e-03
2.3239072e-04
-4.7623721e-03
-1.4413619e-02
-2.8750663e-02
-4.6552104e-02
-6.5633423e-02
-8.3251335e-02
-9.6378691e-02
-1.0184417e-01
-9.6767855e-02
-8.0268482e-02
-5.3541245e-02
-1.9865259e-02
1.6150523e-02
4.9497089e-02
7.5937592e-02
9.2047972e-02
9.7359960e-02
9.5462541e-02
8.9388558e-02
7.9311657e-02
6.4806351e-02
4.7347216e-02
2.9258748e-02
1.1943017e-02
-3.7455246e-03
-1.5535325e-02
-2.0831615e-02
-2.0153714e-02
-1.6186261e-02
-1.1031142e-02
-6.9180692e-03
-6.5507819e-03
-1.0791034e-02
-1.8037171e-02
-2.5777593e-02
-3.1097344e-02
-3.0729120e-02
-2.2856544e-02
-9.3464057e-03
4.7906498e-03
1.5332616e-02
2.0466822e-02
1.9797290e-02
1.3976293e-02
5.3602963e-03
-2.5803800e-03
-8.2651970e-03
-1.1751600e-02
-1.2911663e-02
-1.2230270e-02
-1.1209936e-02
-1.0605957e-02
-9.3645195e-03
-6.2802184e-03
-2.1077659e-03
8.5614253e-04
7.2231259e-04
-2.6335578e-03
-7.4618886e-03
-1.1362803e-02
-1.2575105e-02
-1.0567391e-02
-5.2119376e-03
2.7111031e-03
1.1180232e-02
1.7608048e-02
1.9745129e-02
1.7074150e-02
1.1454630e-02
5.6858847e-03
1.8921957e-03
8.9499770e-04
2.2894907e-03
4.9142759e-03
7.6099261e-03
9.2014819e-03
8.4787124e-03
5.4613940e-03
1.7213726e-03
-1.0808955e-03
-2.0855474e-03
-1.0508208e-03
1.5974107e-03
4.7700481e-03
7.3307817e-03
9.2478881e-03
1.1254129e-02
1.3505953e-02
1.5047367e-02
1.4686363e-02
1.1885017e-02
6.7664835e-03
-2.1051825e-04
-8.2335715e-03
-1.5932722e-02
-2.1638166e-02
-2.4209497e-02
-2.3720966e-02
-2.1063890e-02
-1.7246079e-02
-1.2796419e-02
-8.3043851e-03
-4.5630064e-03
-2.0527319e-03
-7.0076925e-04
-8.7902169e-05
1.9723466e-04
2.8943333e-04
1.3898267e-04
-4.4424334e-04
-1.6908144e-03
-3.4320500e-03
-5.0190234e-03
-5.9253300e-03
-5.8939903e-03
-4.8588276e-03
-2.7040157e-03
5.9890736e-04
4.8569502e-03
9.5848191e-03
1.4001145e-02
1.7169901e-02
1.8323229e-02
1.7405074e-02
1.5136382e-02
1.2247014e-02
9.2859039e-03
6.9355474e-03
5.3477676e-03
4.2484639e-03
3.4525769e-03
2.9612219e-03
2.4634073e-03
1.3922784e-03
-4.3003556e-04
-2.8197215e-03
-5.5158700e-03
-8.1008262e-03
-1.0500057e-02
-1.2673791e-02
-1.4335421e-02
-1.4844046e-02
-1.3913219e-02
-1.1997209e-02
-9.7580875e-03
-7.6511442e-03
-5.9047584e-03
-4.6939874e-03
-4.0117115e-03
-3.7587766e-03
-3.9139091e-03
-4.2872956e-03
-4.4550162e-03
-3.8646761e-03
-2.5424312e-03
-8.6133928e-04
9.2220960e-04
2.7835858e-03
4.6729613e-03
6.3240273e-03
7.2893692e-03
7.3335121e-03
6.8548534e-03
6.4853294e-03
6.5712420e-03
6.9071846e-03
7.2866682e-03
7.7207149e-03
8.2765387e-03
8.6949398e-03
8.7033945e-03
8.3039502e-03
7.8174114e-03
7.4188734e-03
6.8828520e-03
5.9631644e-03
4.5393911e-03
2.5660873e-03
1.0442012e-04
-2.7639720e-03
-5.6439875e-03
-7.8956915e-03
-9.2921603e-03
-9.9783720e-03
-1.0041799e-02
-9.6733855e-03
-9.0566509e-03
-8.3007626e-03
-7.3681837e-03
-6.2772469e-03
-5.1185682e-03
-3.8385513e-03
-2.3453116e-03
-7.2897580e-04
6.0927493e-04
1.2285469e-03
7.3018744e-04
-8.8946870e-04
-3.0959802e-03
-5.1466023e-03
-6.5358509e-03
-7.0495500e-03
-6.5807155e-03
-5.2499614e-03
-3.2232385e-03
-5.9956875e-04
2.3428680e-03
5.1322926e-03
7.2605403e-03
8.6897527e-03
9.4917200e-03
9.8039184e-03
9.8387877e-03
9.8076966e-03
9.8245520e-03
9.8966231e-03
9.8270974e-03
9.3627349e-03
8.3624758e-03
7.0165306e-03
5.4371133e-03
3.6179479e-03
1.7171304e-03
9.8093967e-05
-1.0095853e-03
-1.8120940e-03
-2.5959939e-03
-3.2933547e-03
-3.7794476e-03
-4.1462774e-03
-4.6403653e-03
-5.3466247e-03
-6.2077124e-03
-6.9737675e-03
-7.3361074e-03
-7.3726459e-03
-7.2123719e-03
-6.8415507e-03
-6.2259636e-03
-5.4368138e-03
-4.7526253e-03
-4.2867708e-03
-3.8236805e-03
-3.1183313e-03
-2.0329376e-03
-6.0696436e-04
9.4982735e-04
2.4296690e-03
3.6025887e-03
4.2651220e-03
4.3883306e-03
4.2024211e-03
3.8754327e-03
3.5642296e-03
3.4399505e-03
3.5782072e-03
3.7526028e-03
3.7011444e-03
3.2868567e-03
2.6989645e-03
2.1804234e-03
1.7164219e-03
1.2406391e-03
8.7741327e-04
7.7709955e-04
7.9380299e-04
6.0412865e-04
1.4652503e-04
-2.9061647e-04
-6.0303682e-04
-9.8567903e-04
-1.6788017e-03
-2.6257233e-03
-3.5231486e-03
-4.1362762e-03
-4.4927041e-03
-4.6200063e-03
-4.4904028e-03
-4.0525868e-03
-3.4059856e-03
-2.7389636e-03
-1.9393852e-03
-8.0681695e-04
6.1947932e-04
2.1322057e-03
3.4609308e-03
4.5837738e-03
5.5033181e-03
6.0044327e-03
5.8200040e-03
4.8516921e-03
3.4269577e-03
2.0207785e-03
8.0338054e-04
-3.6849307e-04
-1.4100682e-03
-2.0198477e-03
-2.1758905e-03
-2.1158933e-03
-2.0550545e-03
-2.0322325e-03
-1.9036534e-03
-1.6650090e-03
-1.4139028e-03
-1.1957630e-03
-9.3078129e-04
-6.0603878e-04
-2.9628227e-04
-8.4255197e-05
-7.2182445e-05
-1.2718515e-04
-1.5840178e-04
-3.0413340e-04
-6.0910970e-04
-9.7213620e-04
-1.3413983e-03
-1.6917964e-03
-2.0049416e-03
-2.2904723e-03
-2.5132796e-03
-2.7157657e-03
-2.9253015e-03
-2.9718879e-03
-2.6323316e-03
-1.9101949e-03
-1.0252991e-03
-1.2388358e-04
6.9038287e-04
1.4076730e-03
1.9569493e-03
2.2724930e-03
2.4185889e-03
2.5381868e-03
2.8136613e-03
3.3018979e-03
3.8295257e-03
4.1924666e-03
4.2982095e-03
4.0992900e-03
3.7685411e-03
3.5330696e-03
3.3738300e-03
3.1559884e-03
2.8745388e-03
2.5731299e-03
2.1993446e-03
1.7039962e-03
1.0972802e-03
3.6879015e-04
-5.1855603e-04
-1.4679831e-03
-2.2794816e-03
-2.8246045e-03
-3.0228979e-03
-2.8453799e-03
-2.3722520e-03
-1.8606859e-03
-1.4261387e-03
-1.0291716e-03
-6.4309052e-04
-2.8164552e-04
2.0983067e-05
2.2126559e-04
2.4083206e-04
1.1964108e-04
-1.0817765e-05
-1.1095780e-04
-1.7055170e-04
-8.8697416e-05
1.2360827e-04
3.1884584e-04
3.3763272e-04
1.9267999e-04
-9.2591073e-05
-5.7881766e-04
-1.2054967e-03
-1.7148021e-03
-1.9866798e-03
-2.1038610e-03
-2.1323008e-03
-2.1202113e-03
-2.0415067e-03
-1.9106097e-03
-1.7362146e-03
-1.5947988e-03
-1.4970153e-03
-1.4241312e-03
-1.3118531e-03
-1.1720417e-03
-1.0381466e-03
-8.7875366e-04
-7.9057750e-04
-8.5674719e-04
-1.0190790e-03
-1.1446137e-03
-1.2600415e-03
-1.4087018e-03
-1.5491537e-03
-1.5681613e-03
-1.4678271e-03
-1.2149295e-03
-8.0508868e-04
-1.8580901e-04
5.6631525e-04
1.2962635e-03
1.8613144e-03
2.2572051e-03
2.5861648e-03
2.8489320e-03
3.0041771e-03
3.0954138e-03
3.2002552e-03
3.2371040e-03
3.0382773e-03
2.6181493e-03
2.2304712e-03
2.0579354e-03
2.0592041e-03
2.0999001e-03
1.9806167e-03
1.7113870e-03
1.4165692e-03
1.1320589e-03
8.5147509e-04
6.5638953e-04
6.6722071e-04
7.9516641e-04
9.5332655e-04
1.1681446e-03
1.4666082e-03
1.7937693e-03
2.0467237e-03
2.2400420e-03
2.3022706e-03
2.1824887e-03
1.8001253e-03
1.1049970e-03
1.8900423e-04
-8.3933306e-04
-1.8720990e-03
-2.7682278e-03
-3.5150786e-03
-4.1544689e-03
-4.6722736e-03
-4.9559830e-03
-4.9028908e-03
-4.5831794e-03
-4.0677676e-03
-3.3396537e-03
-2.4767922e-03
-1.7378598e-03
-1.2936759e-03
-1.0702517e-03
-1.0286467e-03
-1.0747287e-03
-1.2614523e-03
-1.5751797e-03
-1.8846054e-03
-1.9925794e-03
-1.9252791e-03
-1.8238018e-03
-1.6735065e-03
-1.4077671e-03
-1.0472221e-03
-6.2061074e-04
-5.9598862e-05
6.2680658e-04
1.3566812e-03
1.9649211e-03
2.3393549e-03
2.4822839e-03
2.4881902e-03
2.4625375e-03
2.4949048e-03
2.6256520e-03
2.8775749e-03
3.1055577e-03
3.1326593e-03
2.9450631e-03
2.5812211e-03
2.1159338e-03
1.6558808e-03
1.2301370e-03
8.3875587e-04
3.7687118e-04
-2.1088577e-04
-8.3237945e-04
-1.3594383e-03
-1.6533025e-03
-1.6815033e-03
-1.4818778e-03
-1.1155211e-03
-6.9902200e-04
-3.3545546e-04
-1.6502456e-04
-1.0776702e-04
-9.9679758e-05
3.2848754e-05
2.4198864e-04
4.2081475e-04
5.3599674e-04
6.2889165e-04
7.4609927e-04
8.1224718e-04
7.8087239e-04
7.3636300e-04
7.2442722e-04
6.4971456e-04
4.6665347e-04
2.4700862e-04
5.1103807e-05
-1.0153225e-04
-2.7821221e-04
-5.2693782e-04
-7.8529571e-04
-9.4191272e-04
-8.6142295e-04
-6.3944485e-04
-4.1104069e-04
-2.7103032e-04
-1.9645281e-04
-1.3829529e-04
-5.8319001e-05
-6.3633408e-06
-2.5746626e-05
6.7221879e-06
1.4858064e-04
2.9241369e-04
3.2902547e-04
3.9202897e-04
5.9346877e-04
8.1559555e-04
9.4917780e-04
9.3423422e-04
7.5380473e-04
4.8485866e-04
7.1491277e-05
-4.5448982e-04
-9.9191373e-04
-1.3368256e-03
-1.5416238e-03
-1.7221635e-03
-1.8999097e-03
-2.0766930e-03
-2.2943389e-03
-2.5379371e-03
-2.7711310e-03
-2.9191458e-03
-2.9849733e-03
-2.8877337e-03
-2.5499031e-03
-2.0061792e-03
-1.4350974e-03
-9.3378950e-04
-4.6706846e-04
-3.1082534e-05
3.2640518e-04
6.0444493e-04
8.4801674e-04
1.0010324e-03
1.1144406e-03
1.2848320e-03
1.5609933e-03
1.8098449e-03
1.9678341e-03
2.1024743e-03
2.2158231e-03
2.3549246e-03
2.4659673e-03
2.5224887e-03
2.5081280e-03
2.4348285e-03
2.2746216e-03
2.0110240e-03
1.7021755e-03
1.3343690e-03
9.4041870e-04
5.6852110e-04
3.5285282e-04
4.0021779e-04
5.9929946e-04
7.2299291e-04
7.0823249e-04
5.9562483e-04
3.8980043e-04
1.4060562e-04
-3.4099981e-05
-1.6053360e-04
-3.1715755e-04
-4.4137865e-04
-4.3285745e-04
-3.4067567e-04
-2.6099188e-04
-2.6951504e-04
-3.8792757e-04
-5.1998211e-04
-7.0232020e-04
-9.9310118e-04
-1.3356520e-03
-1.6419546e-03
-1.9049888e-03
-2.0872491e-03
-2.1332217e-03
-2.0766199e-03
-1.8378535e-03
-1.4664434e-03
-1.0583849e-03
-6.6307667e-04
-2.5962199e-04
1.9516835e-04
6.1360514e-04
9.8112838e-04
1.3932536e-03
1.7420041e-03
1.8810931e-03
1.7581409e-03
1.4101412e-03
9.7302876e-04
5.5789499e-04
2.1977512e-04
1.3206652e-05
-6.4446111e-05
-5.0334706e-05
2.9899215e-05
1.1017154e-04
1.7670367e-04
1.7699919e-04
1.5830199e-05
-2.6066614e-04
-5.2400542e-04
-8.1884907e-04
-1.1939091e-03
-1.6366714e-03
-2.0499387e-03
-2.2648749e-03
-2.2959153e-03
-2.2285307e-03
-2.1611976e-03
-2.0830004e-03
-1.9832251e-03
-1.9019678e-03
-1.8432498e-03
-1.6901892e-03
-1.3221220e-03
-7.7512642e-04
-1.6118824e-04
4.6224729e-04
1.0305915e-03
1.4756283e-03
1.7869212e-03
1.9739303e-03
2.1294281e-03
2.2782817e-03
2.3772608e-03
2.4625166e-03
2.5274306e-03
2.5793476e-03
2.5933713e-03
2.5698777e-03
2.5245857e-03
2.4194046e-03
2.2333651e-03
2.0522011e-03
1.8785884e-03
1.6443038e-03
1.2833074e-03
7.8008928e-04
1.8059024e-04
-5.4109872e-04
-1.2534405e-03
-1.8294474e-03
-2.2498693e-03
-2.5571719e-03
-2.6895277e-03
-2.6360242e-03
-2.4587404e-03
-2.3060880e-03
-2.1814436e-03
-2.0019584e-03
-1.8185976e-03
-1.6274295e-03
-1.3518666e-03
-9.5068301e-04
-5.0621811e-04
-2.0729430e-04
-9.0258685e-05
-9.9121529e-05
-1.3068389e-04
-8.0560481e-05
-2.8693282e-07
1.2768821e-04
3.2397450e-04
5.5433673e-04
7.6554477e-04
8.7551629e-04
8.8183162e-04
8.5996048e-04
7.9330841e-04
6.5482267e-04
4.6674290e-04
3.7198827e-04
3.4851329e-04
3.8601793e-04
4.6469576e-04
5.8153322e-04
7.6943227e-04
9.3110073e-04
9.6343663e-04
8.1873555e-04
5.8392437e-04
3.9026713e-04
2.8381071e-04
2.4796980e-04
2.5196667e-04
3.0944724e-04
3.9553913e-04
4.3139216e-04
3.8207950e-04
2.4234147e-04
5.5523899e-05
-1.4985093e-04
-3.5711499e-04
-5.2444274e-04
-5.5959136e-04
-4.8302437e-04
-3.9608970e-04
-3.4226966e-04
-3.7510699e-04
-4.2347267e-04
-4.8116229e-04
-5.6371638e-04
-6.3323793e-04
-6.3360682e-04
-5.3564695e-04
-3.6257601e-04
-1.4665438e-04
6.0665828e-05
1.9781152e-04
2.0954001e-04
1.0810509e-04
-3.3120934e-05
-9.5897010e-05
-6.6001235e-05
8.3975890e-06
1.1327827e-04
1.6964683e-04
1.2502773e-04
4.0910783e-05
-3.4289172e-05
1.4985809e-06
1.3227145e-04
3.7186934e-04
6.5802418e-04
9.0014667e-04
9.7179049e-04
8.8197397e-04
6.4606165e-04
3.6441574e-04
8.2036013e-05
-1.8993855e-04
-4.3628551e-04
-5.8813600e-04
-6.2135210e-04
-6.3466873e-04
-6.1201189e-04
-4.7942653e-04
-2.7008529e-04
-1.0047490e-04
-3.0145764e-06
4.2161158e-05
7.2663611e-05
5.8920856e-05
-7.3905171e-05
-2.4358370e-04
-3.7328575e-04
-4.6157729e-04
-5.4672762e-04
-6.1681274e-04
-5.9860174e-04
-4.4265068e-04
-1.6585802e-04
9.9702557e-05
2.4937698e-04
2.7157765e-04
2.1954552e-04
1.1259657e-04
-2.2464905e-05
-1.4333527e-04
-2.3025484e-04
-2.1152433e-04
-6.3278809e-05
1.4393001e-04
2.5348989e-04
2.3830331e-04
1.7227091e-04
4.6263686e-05
-5.5198478e-05
-1.0731657e-04
-8.9236564e-05
-1.6019838e-05
1.0296716e-04
2.4184768e-04
3.8297258e-04
4.9043151e-04
5.6328747e-04
6.2037584e-04
6.6758173e-04
6.9238730e-04
6.9202044e-04
6.2690752e-04
5.0705600e-04
2.4022974e-04
-1.6264595e-04
-6.0148049e-04
-1.0212117e-03
-1.3578763e-03
-1.5187129e-03
-1.5006568e-03
-1.3493433e-03
-1.1744751e-03
-1.0027500e-03
-8.2750464e-04
-7.2526971e-04
-7.2538935e-04
-7.7594528e-04
-7.7170777e-04
-6.6741304e-04
-4.3933529e-04
-7.2882795e-05
3.2438610e-04
6.8030031e-04
9.5499190e-04
1.0819340e-03
1.0763335e-03
9.3380263e-04
6.7434259e-04
3.7889781e-04
1.6550967e-04
5.9527113e-05
5.1581752e-05
1.5477766e-04
3.5696430e-04
5.8329304e-04
8.1738487e-04
1.0386378e-03
1.2103674e-03
1.3464389e-03
1.4340131e-03
1.4803613e-03
1.4495566e-03
1.3364076e-03
1.1932776e-03
1.0779428e-03
9.9302333e-04
9.4452608e-04
9.2416420e-04
9.9565663e-04
1.1340209e-03
1.2677874e-03
1.3280063e-03
1.2225927e-03
9.7474434e-04
6.1353285e-04
2.0181144e-04
-1.3727835e-04
-3.5006748e-04
-4.3830314e-04
-5.4006746e-04
-7.0542667e-04
-9.2842798e-04
-1.1972790e-03
-1.4447522e-03
-1.6841223e-03
-1.9045436e-03
-2.0558844e-03
-2.1156996e-03
-2.1015401e-03
-2.0679761e-03
-2.0562613e-03
-2.0086811e-03
-1.9073476e-03
-1.7278684e-03
-1.4951851e-03
-1.2181299e-03
-9.2558777e-04
-5.9948318e-04
-2.7951328e-04
-1.0997203e-05
1.0781334e-04
1.2248054e-04
1.0230920e-04
5.0462257e-05
-4.8881758e-05
-2.3355420e-04
-4.3017320e-04
-6.3463836e-04
-8.4521198e-04
-1.0644638e-03
-1.2016536e-03
-1.2627631e-03
-1.2426096e-03
-1.1626934e-03
-1.0468396e-03
-8.1290814e-04
-5.2941685e-04
-1.8633618e-04
1.7355905e-04
5.7502270e-04
1.0083696e-03
1.4727434e-03
1.9238350e-03
2.3100948e-03
2.6206021e-03
2.8522822e-03
2.9866711e-03
2.9888777e-03
2.8378589e-03
2.6007423e-03
2.3074674e-03
1.9895269e-03
1.6182587e-03
1.2565306e-03
9.0265455e-04
5.7629137e-04
3.1737902e-04
1.1605280e-04
-2.0548306e-05
-1.1059347e-04
-1.3307445e-04
-1.5327486e-05
2.1265373e-04
4.2637565e-04
4.9178754e-04
4.3842110e-04
3.3264175e-04
1.7784377e-04
-7.6611609e-05
-3.9672094e-04
-7.1048017e-04
-9.3067395e-04
-1.0498774e-03
-1.1308403e-03
-1.1992239e-03
-1.2450114e-03
-1.2481799e-03
-1.2591090e-03
-1.3020794e-03
-1.3760440e-03
-1.3971915e-03
-1.3522135e-03
-1.2598763e-03
-1.1728235e-03
-1.1543762e-03
-1.1268059e-03
-1.0348035e-03
-9.2234161e-04
-8.3024508e-04
-7.6356970e-04
-6.9062998e-04
-5.9567184e-04
-4.2752999e-04
-2.7354113e-04
-1.5675055e-04
-1.1700393e-05
1.6778812e-04
3.3964501e-04
4.2688420e-04
4.1026832e-04
3.5746482e-04
3.3711947e-04
3.7314211e-04
4.4134513e-04
5.1886226e-04
6.0086917e-04
6.8756408e-04
7.7207010e-04
8.3803185e-04
8.0905222e-04
7.1669290e-04
6.2148534e-04
5.7027749e-04
5.2259131e-04
4.7784711e-04
4.5548572e-04
4.5736160e-04
4.9714278e-04
5.1514919e-04
4.9476950e-04
4.0233259e-04
2.8618234e-04
1.6368798e-04
9.4529539e-05
1.2821430e-04
2.3054638e-04
3.6528156e-04
5.0530870e-04
5.8045058e-04
5.2442673e-04
3.5710835e-04
9.8619545e-05
-2.1874485e-04
-5.2496473e-04
-7.8068669e-04
-9.9052940e-04
-1.1322701e-03
-1.2549347e-03
-1.3781020e-03
-1.4549255e-03
-1.4458777e-03
-1.4111636e-03
-1.3430536e-03
-1.2211991e-03
-1.0449741e-03
-8.5196921e-04
-6.3887272e-04
-4.4377350e-04
-2.6923027e-04
-1.3095009e-04
-6.3461660e-05
-2.6978094e-05
3.0736905e-05
1.3858601e-04
3.9598247e-04
7.2150611e-04
1.0822197e-03
1.4091343e-03
1.6979584e-03
1.8791713e-03
1.9163183e-03
1.8753897e-03
1.7902161e-03
1.6394425e-03
1.4280928e-03
1.1962569e-03
9.7171896e-04
7.6378659e-04
5.7939304e-04
4.1288061e-04
2.8844188e-04
2.8258117e-04
3.5412246e-04
4.4613433e-04
4.9501023e-04
4.8370828e-04
3.9373721e-04
2.4405436e-04
4.2382084e-05
-1.5005066e-04
-2.5986261e-04
-2.6967841e-04
-2.8287107e-04
-3.7008117e-04
-5.4325056e-04
-7.6271876e-04
-1.0130739e-03
-1.1952484e-03
-1.3178425e-03
-1.3384535e-03
-1.2433158e-03
-1.0643344e-03
-8.5434143e-04
-7.1308256e-04
-6.7716418e-04
-7.1395157e-04
-7.6669382e-04
-7.8807241e-04
-7.3508450e-04
-6.7082041e-04
-6.6123523e-04
-7.4442879e-04
-8.6766597e-04
-9.2367932e-04
-8.7060959e-04
-7.3362375e-04
-6.2003395e-04
-4.9750121e-04
-3.6776679e-04
-2.3898661e-04
-1.7011478e-04
-1.5797386e-04
-1.3014458e-04
-6.7009782e-05
2.9263246e-05
1.3527106e-04
2.0612096e-04
2.6369065e-04
2.9818970e-04
3.0694630e-04
3.7176464e-04
4.5078868e-04
5.0694531e-04
5.1753569e-04
4.7624940e-04
4.5817820e-04
5.1164081e-04
6.2050221e-04
7.4970944e-04
8.9026922e-04
1.0084466e-03
1.1363681e-03
1.2360960e-03
1.2709616e-03
1.2364062e-03
1.1054094e-03
9.3330553e-04
7.2731752e-04
5.2430717e-04
3.8921304e-04
3.0165004e-04
2.7994432e-04
3.0966579e-04
3.1750969e-04
2.9720797e-04
1.7750207e-04
-5.7100895e-05
-3.1549616e-04
-5.0309420e-04
-5.8615956e-04
-5.6147420e-04
-4.8192009e-04
-3.7635923e-04
-2.2740171e-04
-5.5104734e-05
1.5435781e-04
3.6484835e-04
5.4304473e-04
6.1568536e-04
5.5020212e-04
3.5175831e-04
7.7723050e-05
-1.8861892e-04
-3.4847065e-04
-4.2456295e-04
-4.7795423e-04
-5.6191877e-04
-6.7016323e-04
-7.7408268e-04
-8.2449501e-04
-7.7129470e-04
-6.3189841e-04
-4.3583992e-04
-2.3109930e-04
-1.4935645e-05
2.0384744e-04
3.9810230e-04
5.2647389e-04
5.1883459e-04
3.7326796e-04
1.6010789e-04
-1.0859186e-04
-3.9623565e-04
-6.7030959e-04
-8.8796857e-04
-1.0216305e-03
-1.0722361e-03
-1.0170523e-03
-8.3731030e-04
-5.4598794e-04
-2.4068655e-04
4.5992918e-05
2.3380555e-04
3.5962412e-04
4.6049396e-04
4.5239381e-04
3.6113291e-04
2.0615015e-04
-8.3598477e-06
-2.0847069e-04
-3.7478761e-04
-4.9014660e-04
-5.2853241e-04
-4.8965490e-04
-4.5332733e-04
-4.1839325e-04
-4.1263091e-04
-5.0104680e-04
-6.1923460e-04
-6.7168615e-04
-5.7340404e-04
-3.0664016e-04
5.3799579e-06
3.4952094e-04
6.6946007e-04
9.1347258e-04
1.1267929e-03
1.2832866e-03
1.3884194e-03
1.3872979e-03
1.2956564e-03
1.1226495e-03
8.9545750e-04
6.3576439e-04
3.5596372e-04
6.9673948e-05
-2.2040822e-04
-4.7730462e-04
-7.1337908e-04
-9.0638892e-04
-1.0261103e-03
-1.0583592e-03
-9.8910167e-04
-8.5512762e-04
-6.8284713e-04
-5.0956639e-04
-3.6751124e-04
-1.9981648e-04
1.1990183e-06
2.4420466e-04
4.8771049e-04
6.8339070e-04
7.8550982e-04
7.6944685e-04
6.5397055e-04
4.8969771e-04
3.0554487e-04
1.7065460e-04
8.4769125e-05
5.6860933e-05
4.4106046e-05
-1.3956821e-05
-6.8437380e-05
-1.1281957e-04
-1.0210760e-04
-6.8733679e-05
-6.0695464e-05
-1.0498860e-04
-1.3181878e-04
-1.3596842e-04
-9.8046734e-05
-9.1446500e-07
1.4029320e-04
2.9618517e-04
4.5094035e-04
6.1641043e-04
7.9034378e-04
9.1882368e-04
9.9531505e-04
1.0789259e-03
1.1042084e-03
1.0530850e-03
9.2900175e-04
6.9819093e-04
4.2292568e-04
1.8431898e-04
-6.1844436e-06
-1.6888903e-04
-2.9623087e-04
-4.2265067e-04
-5.5559124e-04
-6.9102639e-04
-8.5858407e-04
-1.0407284e-03
-1.1807598e-03
-1.2484996e-03
-1.2270361e-03
-1.1267622e-03
-9.5353926e-04
-7.2136918e-04
-5.1331881e-04
-3.6031376e-04
-2.4897888e-04
-2.0916563e-04
-2.2036698e-04
-2.0397545e-04
-1.7188020e-04
-1.5464409e-04
-1.2536253e-04
-1.0970029e-04
-1.0293813e-04
-9.5365169e-05
-1.2988013e-04
-1.7876997e-04
-2.0512838e-04
-1.8354000e-04
-9.9953145e-05
1.1370734e-05
8.6765512e-05
1.5169114e-04
2.1906646e-04
2.9901790e-04
3.8876713e-04
4.4567860e-04
4.9153068e-04
5.5521241e-04
6.1518310e-04
6.4415592e-04
6.6376147e-04
6.3122181e-04
5.5949707e-04
4.4661748e-04
3.2832161e-04
2.1400188e-04
1.5796190e-04
1.3130590e-04
1.3628213e-04
2.0281714e-04
3.0459686e-04
4.1307397e-04
4.5476440e-04
4.7720426e-04
4.7207569e-04
4.0711088e-04
3.1724191e-04
2.2063921e-04
1.3996946e-04
9.4171023e-05
5.7830655e-05
2.6611013e-05
-2.6840385e-05
-9.7520443e-05
-2.0214474e-04
-3.2031621e-04
-4.1494511e-04
-4.6287207e-04
-4.4861920e-04
-4.1675709e-04
-3.8713121e-04
-3.7279437e-04
-3.7753955e-04
-4.0136492e-04
-4.3215175e-04
-4.9561900e-04
-5.7193703e-04
-6.2839536e-04
-6.7378879e-04
-7.3683295e-04
-8.1840749e-04
-8.9036389e-04
-9.6344360e-04
-1.0139587e-03
-1.0188365e-03
-9.3901251e-04
-8.0185388e-04
-6.5018085e-04
-4.9458337e-04
-3.7572752e-04
-2.6251538e-04
-1.6649411e-04
-6.7116890e-05
3.5618353e-05
1.2244570e-04
2.3221181e-04
3.3860001e-04
4.5814696e-04
5.7078820e-04
6.5688335e-04
7.1873425e-04
7.4895935e-04
7.4221640e-04
7.3841785e-04
6.8906484e-04
6.5508438e-04
6.0196913e-04
5.6284367e-04
5.1121854e-04
4.4471428e-04
4.6252093e-04
4.9077367e-04
4.9306493e-04
4.6218771e-04
4.4952623e-04
4.0645987e-04
3.3806363e-04
2.1689495e-04
4.8427597e-05
-8.7420614e-05
-1.6610050e-04
-1.8459821e-04
-1.4219988e-04
-4.0193045e-05
9.0625690e-05
1.6775612e-04
1.7448568e-04
1.4850220e-04
1.0701495e-04
7.3257611e-05
3.4476280e-05
-2.3388282e-05
-8.4788868e-05
-1.7178412e-04
-2.4207469e-04
-2.6501799e-04
-2.4310265e-04
-1.6334398e-04
-2.3242571e-05
1.0804644e-04
2.3983147e-04
3.3132564e-04
3.7540238e-04
3.5228194e-04
2.7322910e-04
1.5073336e-04
2.9374975e-05
-9.6371531e-05
-2.2074174e-04
-3.5200726e-04
-4.3492571e-04
-5.1582078e-04
-5.7959284e-04
-5.9236758e-04
-5.9828028e-04
-6.0195929e-04
-5.9537127e-04
-5.2183726e-04
-3.7941938e-04
-1.9547136e-04
-2.4017698e-05
1.2423445e-04
2.4042992e-04
3.2347720e-04
3.1305895e-04
2.4981917e-04
2.1276491e-04
1.8257678e-04
1.8608940e-04
1.8379929e-04
1.6900634e-04
1.8197676e-04
1.7866566e-04
1.9420704e-04
2.6607456e-04
3.2233836e-04
3.6619433e-04
4.1844061e-04
4.6264990e-04
4.6547473e-04
4.4606753e-04
4.1018087e-04
3.1415507e-04
2.1007358e-04
1.1767510e-04
-2.0020961e-05
-1.6731927e-04
-2.9582559e-04
-4.0818867e-04
-4.6501700e-04
-4.9086084e-04
-4.7613916e-04
-4.6130161e-04
-4.2767789e-04
-3.6076673e-04
-2.7288096e-04
-2.1519132e-04
-1.7092942e-04
-1.2028346e-04
-6.6393394e-05
2.7466182e-05
1.0964673e-04
1.7752642e-04
2.4077534e-04
3.0135087e-04
3.6062737e-04
4.1081015e-04
4.6473828e-04
4.9685903e-04
4.9641534e-04
4.3644653e-04
3.0643671e-04
1.5251453e-04
1.8286455e-06
-1.1821934e-04
-2.2956412e-04
-2.9962054e-04
-3.2176299e-04
-3.0661782e-04
-2.5170394e-04
-2.0107710e-04
-2.0943178e-04
-2.2731201e-04
-2.4900069e-04
-2.3137468e-04
-1.9369726e-04
-1.2612474e-04
-6.9934558e-05
-2.2916811e-05
2.2620753e-06
-2.9773170e-05
-8.2342584e-05
-1.1747739e-04
-2.0005695e-04
-2.8246418e-04
-3.5964759e-04
-4.4851047e-04
-5.2857263e-04
-6.1225305e-04
-6.4601235e-04
-6.2641892e-04
-5.6611614e-04
-4.5443061e-04
-3.2791926e-04
-2.2240867e-04
-1.3023358e-04
-6.7493730e-05
1.3309519e-06
5.1438292e-05
9.2369835e-05
1.1747505e-04
1.5560548e-04
1.8021676e-04
1.7279599e-04
1.5097019e-04
1.1640643e-04
9.9566540e-05
9.9012681e-05
6.9872829e-05
6.6811447e-05
6.3671852e-05
5.7206794e-05
5.6254302e-05
8.1707848e-05
1.4443119e-04
2.0943947e-04
2.9514463e-04
3.6317819e-04
3.8738730e-04
4.0673604e-04
4.3180550e-04
5.2187460e-04
6.3189878e-04
7.3198436e-04
7.8637129e-04
8.1490860e-04
7.8830990e-04
6.8910653e-04
5.4715623e-04
3.9810527e-04
2.4979025e-04
1.1726905e-04
1.5610501e-05
-9.2925491e-05
-2.0709711e-04
-3.4974903e-04
-4.8935299e-04
-5.9531347e-04
-6.7826057e-04
-7.4277839e-04
-7.6714026e-04
-7.4605327e-04
-7.2645256e-04
-6.7055060e-04
-6.1415997e-04
-5.3974975e-04
-4.6248256e-04
-3.8643752e-04
-2.8853350e-04
-1.9524817e-04
-1.0674602e-04
-2.3087115e-05
6.6529924e-05
1.7027669e-04
2.5827296e-04
3.1561765e-04
3.6383607e-04
3.8337259e-04
3.5822368e-04
3.1562356e-04
2.8409239e-04
2.5914895e-04
2.6986741e-04
3.0061506e-04
3.2343526e-04
3.1849282e-04
3.1416659e-04
2.7615673e-04
2.0193133e-04
1.3229006e-04
9.0569709e-05
7.8457222e-05
7.8762970e-05
8.7003294e-05
9.7678385e-05
6.6319477e-05
3.2142976e-05
2.6253665e-05
4.4515447e-05
8.2254876e-06
-8.1554812e-05
-2.0337260e-04
-3.4477302e-04
-4.4400363e-04
-4.6871396e-04
-4.2798931e-04
-3.3112854e-04
-1.5817899e-04
7.9878552e-05
2.9815868e-04
4.6764538e-04
5.7004435e-04
6.1175186e-04
6.0372191e-04
5.7154300e-04
5.3315039e-04
4.7493788e-04
3.9958114e-04
3.0108500e-04
1.9272658e-04
5.1538088e-05
-1.3322540e-04
-3.3539112e-04
-5.2743978e-04
-7.0904787e-04
-8.0134041e-04
-7.8555160e-04
-6.7513225e-04
-4.9277888e-04
-3.2328414e-04
-2.0153824e-04
-1.4056920e-04
-1.1798135e-04
-1.2545449e-04
-1.4545937e-04
-1.6769845e-04
-1.7296893e-04
-1.3055845e-04
-8.6218019e-05
-4.5074109e-05
7.0104985e-06
4.2496354e-05
9.1459030e-05
1.1466954e-04
1.6624342e-04
2.0589854e-04
2.2322969e-04
2.6541722e-04
2.7821852e-04
2.5062989e-04
2.0618901e-04
1.8570080e-04
1.7895866e-04
1.4204940e-04
1.1317099e-04
8.7432927e-05
5.1425555e-05
-9.6220206e-06
-1.0662409e-04
-1.9785295e-04
-2.9405607e-04
-3.7915355e-04
-4.2416213e-04
-4.7420249e-04
-4.8307964e-04
-4.4833746e-04
-4.0484396e-04
-3.3821631e-04
-2.7140895e-04
-2.2641939e-04
-1.7425303e-04
-9.4979266e-05
-4.9034467e-06
6.4689800e-05
1.2485954e-04
1.4765355e-04
1.1709246e-04
7.4422831e-05
2.0298638e-05
-1.7165968e-05
-4.3418864e-05
-5.3483386e-05
-7.2600575e-05
-1.1756656e-04
-1.3301200e-04
-1.5518250e-04
-1.5414431e-04
-1.3679713e-04
-1.0942984e-04
-2.7968499e-05
4.7784171e-05
1.1541640e-04
1.5517486e-04
1.9061361e-04
1.8264241e-04
1.6389344e-04
1.7159941e-04
1.9176309e-04
2.3150194e-04
2.8119932e-04
3.1993606e-04
3.4867869e-04
4.0914965e-04
4.6990292e-04
5.0824084e-04
5.2890401e-04
5.5809144e-04
5.5514735e-04
5.2246829e-04
4.6205052e-04
3.8139534e-04
3.1822103e-04
2.4590858e-04
2.0969517e-04
1.8480969e-04
1.7552369e-04
1.6100081e-04
1.8529957e-04
1.9136304e-04
2.3200820e-04
2.6553724e-04
2.8394470e-04
3.0994889e-04
3.0691800e-04
3.0574654e-04
2.5535078e-04
1.7494766e-04
6.3610091e-05
-5.5694006e-05
-2.1891644e-04
-4.2074673e-04
-5.9544767e-04
-7.0437516e-04
-7.7494094e-04
-7.9462255e-04
-7.8183356e-04
-7.2629409e-04
-6.6713739e-04
-6.0279267e-04
-5.2210950e-04
-4.3197604e-04
-3.4720127e-04
-2.6313275e-04
-1.9023311e-04
-1.3028173e-04
-3.4037631e-05
2.2952935e-05
8.7174962e-05
1.2955260e-04
1.4038725e-04
1.2879000e-04
1.1700203e-04
7.9940813e-05
-4.2948156e-06
-5.4809209e-05
-6.1652973e-05
-4.0763139e-05
8.4712222e-06
8.1928193e-05
1.4734843e-04
2.0640105e-04
2.5146016e-04
2.3124976e-04
2.0620094e-04
2.0217558e-04
1.9303208e-04
1.6452222e-04
1.2553670e-04
7.8507179e-05
-2.3016410e-06
-6.2790591e-05
-1.1353315e-04
-1.5471293e-04
-1.8512947e-04
-2.1013733e-04
-2.4127530e-04
-2.2896791e-04
-1.9549060e-04
-1.5345332e-04
-1.0618164e-04
-2.8366818e-05
4.2737862e-05
1.0517706e-04
1.4861971e-04
1.3010432e-04
6.6993205e-05
-3.0163722e-05
-1.1861519e-04
-2.2465461e-04
-3.3948932e-04
-4.1627967e-04
-4.4148260e-04
-4.3882345e-04
-4.2890590e-04
-3.7914776e-04
-3.0629798e-04
-1.9441964e-04
