0.01
2.3685770e-03
8.9083310e-03
7.2485570e-03
-1.7154190e-03
-7.5219310e-03
-9.1282310e-03
-6.0843620e-03
-1.2832520e-04
1.0335710e-02
1.5644310e-02
1.0430950e-02
6.2029590e-04
-8.2705230e-03
-1.2857160e-02
-1.0892490e-02
-5.7998420e-03
-3.3441780e-03
-2.0064550e-03
-9.1865550e-04
-5.3659490e-03
-5.1741690e-03
3.7742450e-03
8.0636370e-03
5.7672440e-03
1.4902840e-03
-1.1060890e-03
-3.3166110e-03
-3.6150300e-03
-6.4123690e-03
-8.1030450e-04
5.2229450e-03
5.6998600e-03
6.2625600e-03
3.5394740e-03
2.0178160e-03
-3.8426680e-03
-1.2863560e-02
-1.1090430e-02
-3.1958160e-03
-3.1013140e-05
3.5386210e-03
7.1435760e-03
1.1005820e-02
1.2275370e-02
5.4251790e-03
2.0995850e-03
4.4450790e-05
-2.4737210e-03
-3.2562450e-03
-4.6942210e-03
-6.2277930e-03
-5.4044720e-03
-4.0113140e-03
9.0289780e-05
3.9965040e-03
1.9684080e-03
1.3252060e-04
2.9272130e-03
-1.3801700e-03
-3.9595550e-03
-2.3406060e-03
-2.6269020e-03
-2.3025050e-04
1.4368250e-03
6.8317690e-03
5.8111450e-03
1.0805070e-03
2.7592330e-03
1.1160920e-03
-4.0984410e-03
-5.1884250e-03
-4.4433560e-03
-3.3500650e-03
-6.0848090e-03
-4.9921070e-03
-2.1603950e-03
-2.9912190e-03
-1.6219660e-04
5.1391730e-03
8.0080990e-03
6.6529380e-03
2.7076750e-03
5.3913800e-04
-1.4723610e-03
-4.9447380e-03
-5.8837160e-03
-8.2779810e-03
-4.8766630e-03
1.5220680e-03
8.5609280e-03
9.7256610e-03
3.3085420e-03
8.5839760e-04
9.1828070e-04
-3.2809570e-03
-7.3957950e-03
-2.2417630e-03
-1.5041050e-03
-2.6201770e-03
1.3038530e-03
4.3883550e-03
8.2923890e-03
9.0460290e-03
2.5572840e-03
6.0690610e-04
3.4881200e-03
7.1711460e-03
4.3826270e-03
2.2209490e-03
1.1990100e-03
3.8906480e-03
1.3753610e-03
4.3376890e-04
4.5581820e-03
5.2445590e-03
-1.1335020e-03
-5.2197230e-03
-9.5257940e-03
-8.8594110e-03
-7.5139580e-03
-3.6171960e-03
3.8837730e-03
8.4430240e-03
5.8723550e-03
3.1703960e-03
1.7610850e-03
4.2820010e-03
4.1461240e-03
-4.0579280e-03
-4.0136360e-03
1.2491920e-03
3.3042490e-03
-1.7408690e-03
-1.9772320e-03
3.9766560e-03
7.7337390e-03
2.0620040e-03
-2.4420040e-03
-4.1045480e-03
-2.5243590e-03
-2.5889660e-03
-1.4411450e-03
4.7332580e-03
1.1799680e-02
1.4917010e-02
8.6095110e-03
-8.1865230e-04
-7.0473590e-03
-9.7030880e-03
-1.0169250e-02
-7.9479660e-03
-3.4754210e-03
-5.4677970e-03
-8.8801110e-03
-1.5115440e-02
-1.7716600e-02
-1.8384550e-02
-2.0560390e-02
-1.9777910e-02
-1.8262690e-02
-1.6329340e-02
-1.4709350e-02
-1.1047980e-02
-1.2882520e-03
7.1800870e-03
1.6070750e-02
2.2919280e-02
2.6654410e-02
2.6721260e-02
2.1805370e-02
1.5508420e-02
4.2531840e-03
-5.1232820e-03
-9.1209780e-03
-3.6680900e-03
7.8696180e-03
1.6424770e-02
1.7414650e-02
1.3058460e-02
1.3038330e-03
-6.2778850e-03
-1.0731270e-02
-9.2423650e-03
1.6288920e-03
1.2109050e-02
1.7066110e-02
1.4638540e-02
1.3144410e-02
1.3485970e-02
1.5505710e-02
1.6152580e-02
1.7676230e-02
2.3937140e-02
2.3914450e-02
1.5169720e-02
3.6998190e-03
-6.5158130e-03
-1.2052190e-02
-1.1290430e-02
-1.2425950e-02
-9.9939980e-03
-4.5584970e-03
3.7980390e-03
5.0625990e-03
1.8126340e-03
5.6222850e-03
9.3613840e-03
1.0233610e-02
1.0753550e-02
9.0262140e-03
-6.0908680e-03
-3.0607150e-02
-4.8489140e-02
-5.4937520e-02
-4.9670410e-02
-3.6767070e-02
-1.9680510e-02
-5.1995480e-03
-2.6095630e-03
-5.0756930e-03
-7.3580150e-03
-5.3981110e-03
-2.7320490e-03
2.0557220e-03
6.5774100e-03
7.7091060e-03
3.1267850e-03
-4.4662130e-03
-5.5846240e-03
-9.4643630e-04
-1.1000410e-03
-6.7074790e-03
-1.1121980e-02
-1.4200010e-02
-1.0734180e-02
-9.6022010e-03
-1.0631310e-02
-6.0429110e-03
2.0082190e-03
2.5698070e-03
2.7147830e-03
7.2473360e-03
9.4578000e-03
1.0059080e-02
2.3482230e-03
-1.3025240e-02
-2.8265590e-02
-3.5666850e-02
-3.4350960e-02
-2.6624980e-02
-1.1573080e-02
3.3477560e-03
1.6094490e-02
2.8540230e-02
3.8313080e-02
4.4294800e-02
4.5938090e-02
4.3328100e-02
3.8049570e-02
3.0953680e-02
2.6842630e-02
3.0190930e-02
3.7675420e-02
4.5509790e-02
4.3230540e-02
3.2291060e-02
1.4701600e-02
-5.8391920e-04
-1.2246160e-02
-1.7588820e-02
-2.1688460e-02
-2.1525400e-02
-1.7392430e-02
-1.5819370e-02
-1.7006460e-02
-1.4941400e-02
-8.7632270e-03
-2.4833820e-03
-3.6274520e-04
-4.3468470e-03
-1.2731010e-02
-1.9972660e-02
-2.4767060e-02
-2.8073550e-02
-3.0133680e-02
-3.9012890e-02
-4.9335680e-02
-5.0604250e-02
-4.8697400e-02
-4.9538860e-02
-4.9878640e-02
-4.6620400e-02
-3.9242190e-02
-3.5627950e-02
-3.6715310e-02
-2.2641340e-02
1.7474180e-02
4.9914940e-02
6.2784410e-02
6.5541910e-02
6.1209850e-02
4.6251180e-02
1.3371680e-02
-1.2385110e-02
-1.8631070e-02
-1.9884830e-02
-2.2920620e-02
-3.7982140e-02
-6.0813240e-02
-7.7713560e-02
-8.9246840e-02
-8.1579380e-02
-3.4614400e-02
2.1815960e-02
5.5552800e-02
8.6993790e-02
1.0700450e-01
1.0961200e-01
9.4196160e-02
5.9430340e-02
2.6482810e-02
1.4559660e-02
1.1023270e-02
1.4661040e-02
2.4848930e-02
2.1384910e-02
1.0912370e-02
-1.6319400e-02
-5.1852800e-02
-7.6503970e-02
-7.9114850e-02
-6.2097840e-02
-2.8578620e-02
1.7913630e-02
6.1048970e-02
7.8909440e-02
7.7867380e-02
6.0454120e-02
3.7810000e-02
2.0786310e-02
1.1370860e-02
1.0513040e-02
2.4450400e-02
4.8884610e-02
6.6823720e-02
7.1660970e-02
6.7659030e-02
5.6304010e-02
4.2693820e-02
3.2452990e-02
2.2713070e-02
1.2457140e-02
4.1344400e-03
-7.5679520e-03
-2.3277800e-02
-3.6192330e-02
-3.7965680e-02
-3.2030910e-02
-2.8861150e-02
-2.8299660e-02
-3.3428420e-02
-4.1771210e-02
-4.8719610e-02
-4.8628350e-02
-4.0078280e-02
-2.7534610e-02
-1.0785470e-02
9.2665190e-03
2.1326780e-02
2.2510990e-02
1.0012260e-02
-1.0543420e-02
-3.8206030e-02
-6.5197210e-02
-8.2364610e-02
-8.5067560e-02
-7.5118880e-02
-4.8448670e-02
-5.7950920e-03
2.8889280e-02
4.0160570e-02
4.1939550e-02
3.3448910e-02
3.2482350e-03
-3.0434020e-02
-4.2380260e-02
-3.7827580e-02
-2.3694840e-02
-3.0311940e-03
1.5840760e-02
2.9929280e-02
2.6516010e-02
6.5154760e-03
-1.4316550e-02
-2.9368900e-02
-3.9083660e-02
-3.8151510e-02
-2.3110750e-02
1.7913880e-04
2.4048320e-02
4.3651070e-02
5.7988680e-02
7.0321040e-02
7.9397830e-02
7.7895980e-02
6.5745720e-02
4.2223040e-02
1.7016460e-02
-9.2445090e-03
-4.0102450e-02
-5.5979720e-02
-4.6466790e-02
-1.5942390e-02
3.0541830e-02
7.7754390e-02
9.7245290e-02
9.6165200e-02
7.9720610e-02
3.4441450e-02
-1.4384970e-02
-4.0634640e-02
-4.7352900e-02
-3.6345900e-02
-1.4923260e-02
2.6419590e-03
8.7955910e-03
1.4420820e-03
-7.9228840e-03
-1.1446650e-02
-1.3222600e-02
-9.2839440e-03
6.7365590e-03
2.1558700e-02
2.7347640e-02
2.7114460e-02
2.7976810e-02
2.2806000e-02
1.1523610e-02
2.8539340e-03
5.7335530e-03
8.7406060e-03
4.0968960e-03
-6.8560920e-04
-8.3418170e-03
-2.2638030e-02
-4.4549360e-02
-5.9737950e-02
-6.5045140e-02
-6.8504120e-02
-6.9757550e-02
-6.4343610e-02
-5.3648140e-02
-4.6944850e-02
-5.0080020e-02
-5.4513110e-02
-5.0963130e-02
-4.4096030e-02
-3.9984930e-02
-3.4070200e-02
-2.4802720e-02
-1.4705940e-02
-9.0465690e-03
-6.1626520e-03
-2.8682390e-03
2.0615240e-03
-2.8001900e-03
-1.7950900e-02
-3.3931510e-02
-4.8008820e-02
-5.6789590e-02
-5.6077370e-02
-4.7406100e-02
-3.2775500e-02
-1.8051260e-02
1.5569440e-03
2.4526650e-02
3.9632740e-02
4.2406560e-02
3.4119800e-02
2.4280870e-02
1.7010220e-02
8.4865560e-03
3.5127050e-03
1.0780650e-02
2.6928990e-02
4.2316970e-02
5.6304630e-02
6.8883470e-02
7.2882700e-02
6.8911950e-02
6.0207130e-02
4.6121400e-02
2.9860240e-02
1.9224180e-02
2.3067970e-02
4.4203910e-02
6.5501280e-02
7.7068680e-02
8.1062880e-02
6.9453510e-02
4.0295680e-02
1.3969630e-02
2.7241360e-03
-2.0850280e-04
1.6206510e-03
4.9300020e-03
4.8354120e-03
-6.0072010e-04
-1.1062740e-02
-2.4666930e-02
-2.9502950e-02
-2.4452030e-02
-1.1203180e-02
4.7823450e-03
1.2542960e-02
3.0131380e-03
-1.5680660e-02
-3.5830090e-02
-4.8627500e-02
-5.2821630e-02
-4.9220050e-02
-4.0099460e-02
-2.8928520e-02
-2.1234430e-02
-2.1923180e-02
-2.7067910e-02
-2.9936390e-02
-2.7594680e-02
-2.2452530e-02
-9.8491060e-03
7.7121230e-03
2.6948530e-02
4.2004670e-02
4.7534080e-02
4.2862130e-02
2.2296990e-02
-9.4900650e-03
-3.7205390e-02
-5.2779450e-02
-6.0950620e-02
-6.0837390e-02
-5.0655080e-02
-4.0799870e-02
-3.3918670e-02
-2.8223840e-02
-2.3679990e-02
-2.4047160e-02
-2.5310370e-02
-2.3948080e-02
-2.4184570e-02
-2.4500060e-02
-2.3982380e-02
-2.1283620e-02
-1.0178870e-02
-4.2537390e-04
8.9188750e-03
2.5771900e-02
4.7028120e-02
6.1888400e-02
7.0772820e-02
7.4755940e-02
7.6704680e-02
7.4890800e-02
6.5575790e-02
5.1609870e-02
3.6919160e-02
2.4399400e-02
1.3254630e-02
7.3172180e-03
4.2184170e-03
-1.7281360e-03
-1.5032060e-02
-3.0520800e-02
-4.4072540e-02
-4.4874780e-02
-2.7473720e-02
-4.6330080e-03
1.6783600e-02
3.8780380e-02
6.1589380e-02
7.7722890e-02
8.4079510e-02
8.1575690e-02
6.9523790e-02
6.1959020e-02
5.3470430e-02
4.9712260e-02
4.8285130e-02
4.3401020e-02
3.7954700e-02
2.9673000e-02
1.4864020e-02
-1.0878250e-03
-2.0264740e-02
-3.5282680e-02
-4.1741420e-02
-4.4778770e-02
-4.9637090e-02
-4.9369700e-02
-4.4102860e-02
-3.5992730e-02
-2.9384220e-02
-2.4434110e-02
-1.4183610e-02
-3.6489270e-03
2.8339160e-03
2.4682110e-03
-5.2714760e-03
-1.6818690e-02
-2.6681590e-02
-3.6983440e-02
-4.3705340e-02
-3.5523800e-02
-1.8502140e-02
-5.3082440e-03
-2.6208000e-03
-4.7824580e-03
-1.0105220e-02
-1.6092150e-02
-2.4940260e-02
-3.0521220e-02
-3.8605590e-02
-4.8402810e-02
-5.3266490e-02
-4.8179520e-02
-3.7374420e-02
-2.4009800e-02
-1.1599150e-02
-1.6364310e-03
5.9180270e-03
5.6870870e-03
8.9740230e-04
-6.5447830e-03
-1.3330200e-02
-1.5325600e-02
-1.4062230e-02
-1.2593260e-02
-9.7268910e-03
-5.7223410e-03
-7.0391040e-05
5.9478440e-03
4.8358150e-03
2.4945110e-03
-7.3222400e-04
-6.6171400e-03
-1.4775270e-02
-2.3150130e-02
-2.7609940e-02
-2.0152790e-02
-1.3155880e-02
-8.9450410e-03
-4.1133230e-03
1.7648890e-05
3.4030300e-03
8.4247790e-04
-1.6214140e-03
-1.6538440e-03
-1.6809750e-03
9.0910890e-04
1.0749790e-02
1.5642050e-02
1.4719700e-02
9.2034720e-03
7.1488410e-04
-8.1385470e-03
-1.5432360e-02
-1.6914750e-02
-1.6231490e-02
-1.1134730e-02
-3.3759020e-03
1.2409840e-03
2.7321170e-03
4.6957150e-03
8.5163560e-03
1.2698220e-02
1.7449330e-02
2.1669870e-02
2.4724590e-02
2.7176570e-02
3.1418800e-02
3.7189560e-02
3.9251550e-02
3.4428150e-02
2.5578080e-02
1.5573910e-02
5.6187130e-03
-3.4571790e-03
-1.0817250e-02
-2.1027400e-02
-3.0602640e-02
-3.6444630e-02
-3.7085190e-02
-3.3911510e-02
-2.7385630e-02
-2.2863510e-02
-1.7578910e-02
-1.2168590e-02
-7.3556230e-03
3.6834300e-03
1.7272540e-02
3.2723470e-02
4.1318680e-02
4.9692520e-02
5.2911560e-02
4.8398010e-02
3.6169350e-02
2.1183580e-02
1.3205720e-02
8.5132910e-03
9.5451460e-03
1.1292770e-02
1.1737100e-02
1.3091320e-02
1.7223080e-02
2.1727050e-02
2.5545280e-02
2.9224660e-02
2.7476400e-02
2.7019450e-02
2.1987040e-02
1.9244410e-02
1.9949870e-02
2.4148970e-02
3.1238120e-02
3.2969370e-02
3.1993620e-02
2.9040780e-02
2.6383880e-02
2.6165430e-02
2.5285580e-02
1.9259580e-02
9.7320960e-03
3.0982510e-03
-1.5687510e-03
-5.4390280e-03
-9.9157410e-03
-1.5289640e-02
-1.5188830e-02
-1.2958260e-02
-1.9318520e-02
-2.9928060e-02
-3.8379310e-02
-3.8084600e-02
-3.4945260e-02
-3.4432200e-02
-3.4342500e-02
-2.8864740e-02
-2.0279040e-02
-5.9976220e-03
6.4132470e-03
1.1129210e-02
1.1518830e-02
4.8686220e-03
-4.1776730e-03
-1.2133410e-02
-1.6871280e-02
-1.1809260e-02
-7.8420770e-03
-5.5163300e-03
-2.9675090e-03
-2.3713130e-03
-2.6389440e-03
-4.9179300e-03
-9.2899600e-03
-1.2917120e-02
-1.6396250e-02
-2.1377390e-02
-2.3089590e-02
-2.5005520e-02
-2.5746610e-02
-2.5237010e-02
-2.5607700e-02
-2.5440510e-02
-2.4335640e-02
-1.8223080e-02
-1.3457510e-02
-8.6231120e-03
-3.1229550e-03
1.8101550e-03
3.4480450e-03
2.3396650e-03
5.8396470e-03
1.0629020e-02
1.5433830e-02
2.0226860e-02
1.8027750e-02
9.0099470e-03
-2.3207800e-03
-1.1741250e-02
-1.8205610e-02
-1.9299580e-02
-1.5508770e-02
-1.1702720e-02
-6.8668100e-03
-3.7071590e-03
6.8635670e-04
4.8346400e-03
2.8260290e-03
2.3007510e-03
2.3151900e-03
6.5921390e-03
1.3384570e-02
2.0771290e-02
2.7370890e-02
3.1066130e-02
2.9682950e-02
2.5499240e-02
2.2701190e-02
1.8904390e-02
1.7502700e-02
1.5069430e-02
1.1791660e-02
6.6837480e-03
4.9249170e-03
3.0954750e-03
1.2055250e-03
-7.4818900e-03
-1.7016880e-02
-2.5093390e-02
-3.0027250e-02
-3.3388970e-02
-3.2317540e-02
-2.9075430e-02
-2.6139010e-02
-2.3742290e-02
-2.3901790e-02
-2.2304670e-02
-1.6700990e-02
-1.2006370e-02
-7.4641470e-03
-5.5974260e-03
-7.3459780e-03
-6.6479040e-03
-7.5126580e-03
-8.0113140e-03
-8.8515140e-03
-1.0414640e-02
-9.9692080e-03
-1.2839630e-02
-1.1899500e-02
-7.9851470e-03
-2.6074190e-03
2.4625700e-03
1.1432710e-02
1.9574600e-02
2.3074540e-02
2.7167500e-02
3.1134550e-02
3.3915800e-02
3.3837510e-02
3.0620490e-02
2.4695350e-02
1.4272750e-02
3.1922640e-03
-6.6334010e-03
-1.0716020e-02
-9.1769450e-03
-6.6459140e-03
1.9908560e-03
8.9888170e-03
1.3859630e-02
1.6222700e-02
1.8321970e-02
1.9649510e-02
2.1449900e-02
2.2988800e-02
2.6788560e-02
2.9430570e-02
3.0923940e-02
2.9499060e-02
2.5836890e-02
2.1744540e-02
1.3977690e-02
7.0098580e-03
1.1457330e-03
-1.5578210e-03
-4.5756690e-03
-7.0757520e-03
-7.0170590e-03
-7.0650340e-03
-7.2689280e-03
-7.0475440e-03
-7.1022950e-03
-7.0089650e-03
-4.2126320e-03
-2.3312950e-03
-2.5000970e-03
-5.1319120e-03
-7.9321790e-03
-1.3068280e-02
-1.5453740e-02
-1.6918440e-02
-1.9467490e-02
-2.1359140e-02
-2.3124060e-02
-2.4892850e-02
-2.4286240e-02
-2.4492900e-02
-2.1063100e-02
-1.8412750e-02
-1.8370510e-02
-2.0026880e-02
-1.9034540e-02
-2.0092730e-02
-1.9190910e-02
-1.8662370e-02
-1.7226650e-02
-1.7721930e-02
-1.4648300e-02
-9.7309250e-03
-4.3244700e-03
-1.7631710e-03
3.3022650e-03
8.7036270e-03
1.0787280e-02
8.9776090e-03
7.2095800e-03
5.4364540e-03
3.7775500e-03
4.0927310e-03
4.1512310e-03
6.5417500e-03
9.1487170e-03
1.1233690e-02
1.1728720e-02
1.4061240e-02
1.4286050e-02
1.2718410e-02
8.9717000e-03
3.7936270e-03
1.7209000e-03
5.1354510e-03
6.9449930e-03
6.1131050e-03
6.9219600e-03
6.1535140e-03
5.8528460e-04
-4.1042520e-03
-6.1241300e-03
-8.1827180e-03
-8.4630020e-03
-5.9280400e-03
-5.8595800e-03
-3.0304540e-03
3.1123440e-03
6.3536210e-03
1.0280950e-02
1.3284560e-02
1.4960560e-02
1.2314880e-02
1.0063490e-02
9.8430580e-03
9.7253270e-03
1.0006910e-02
9.7939910e-03
9.9628580e-03
9.2032470e-03
6.8563000e-03
6.3748010e-03
4.5015740e-03
3.7532270e-03
-6.6678770e-04
-5.3959770e-03
-7.0447710e-03
-6.7655570e-03
-2.7245440e-03
-5.9176160e-04
-8.1341520e-04
-2.3929000e-03
-5.2670060e-03
-8.1144970e-03
-9.2298720e-03
-7.5531310e-03
-2.4058050e-03
1.9224390e-03
3.8605450e-03
6.1390460e-03
7.6622340e-03
7.7176970e-03
1.0600480e-02
9.8682190e-03
9.5921340e-03
6.8409410e-03
2.8338070e-03
8.3268670e-04
-1.7022830e-04
-5.7789390e-04
4.9891990e-05
-5.3604690e-04
-3.4200180e-03
-5.4481990e-03
-5.0689600e-03
-7.6772470e-03
-8.2390100e-03
-9.7742090e-03
-7.6244500e-03
-6.3356930e-03
-5.9561270e-03
-3.4275740e-03
2.4648550e-03
6.9174230e-03
8.5132060e-03
6.5935290e-03
2.1232400e-03
-4.7897420e-03
-1.4817740e-02
-1.9788650e-02
-2.2918960e-02
-2.2980910e-02
-1.6869340e-02
-8.0999170e-03
2.1965310e-03
9.4912590e-03
1.5324770e-02
1.5923790e-02
1.3560450e-02
8.0398250e-03
1.4381050e-03
-3.6147740e-03
-4.7951300e-03
-5.1910350e-03
-6.2350940e-03
-5.7815100e-03
-3.0932290e-03
-2.0520460e-03
-2.8048520e-04
-2.4787000e-03
-5.2909850e-03
-8.0680770e-03
-1.0586300e-02
-1.3111170e-02
-1.3552270e-02
-1.2557490e-02
-9.8157840e-03
-6.3029890e-03
-2.5286640e-03
-2.7821070e-03
-8.2089410e-04
1.9707980e-05
1.4132190e-03
3.7981550e-03
5.1708030e-03
7.8344620e-03
1.2119860e-02
1.9926600e-02
2.6825930e-02
2.9066910e-02
2.7693100e-02
2.6707120e-02
2.4751400e-02
2.1080180e-02
1.6273680e-02
1.2947820e-02
1.3402890e-02
1.3967680e-02
1.5777760e-02
1.4529020e-02
1.2577230e-02
1.3088730e-02
1.0260320e-02
6.4987780e-03
3.9468680e-03
2.1237270e-03
-4.3921860e-05
1.0146130e-04
-1.2257250e-03
-5.9770670e-05
3.7769900e-03
6.4042460e-03
7.5175040e-03
4.8305970e-03
2.2120160e-03
-2.8090160e-04
-2.4034490e-03
-5.8579250e-03
-1.0478690e-02
-1.2559130e-02
-1.5250030e-02
-1.4767050e-02
-1.3168470e-02
-1.0410880e-02
-7.2160170e-03
-7.4623810e-03
-7.2717520e-03
-7.6072720e-03
-8.5634170e-03
-9.8207120e-03
-8.1380610e-03
-6.3572010e-03
-7.8090410e-03
-1.0553240e-02
-1.3099050e-02
-1.5429500e-02
-1.9675750e-02
-2.2381540e-02
-2.5096120e-02
-2.3437630e-02
-2.1639250e-02
-1.9479230e-02
-1.3194910e-02
-9.4816570e-03
-6.6927200e-03
-2.7111490e-03
-1.3984590e-03
-1.6531220e-03
-1.5860620e-03
-1.5988820e-03
-1.0729760e-03
-7.0402410e-04
4.1083830e-03
6.6801520e-03
9.9282440e-03
1.4741910e-02
1.7706550e-02
1.8393120e-02
1.5374000e-02
1.1164370e-02
6.4369270e-03
3.2900820e-03
-6.2360560e-04
-1.2872650e-03
-1.3900310e-03
-4.5612100e-03
-3.3634920e-03
-1.1461220e-03
-1.4403270e-03
-1.0209060e-03
4.6393450e-03
1.1899340e-02
1.6890550e-02
2.2337790e-02
2.6641100e-02
2.7794690e-02
2.6911390e-02
2.7064240e-02
2.2695040e-02
1.7776810e-02
1.2481040e-02
4.8237920e-03
-3.7675140e-04
-3.0548710e-03
-6.4305310e-03
-6.6634970e-03
-8.4118180e-03
-8.9684060e-03
-1.0918950e-02
-1.2346170e-02
-1.5920090e-02
-1.9569820e-02
-1.8332170e-02
-1.8983990e-02
-1.9674010e-02
-1.8974090e-02
-1.8702800e-02
-1.6214070e-02
-1.4939210e-02
-1.3388780e-02
-1.3777690e-02
-1.1346420e-02
-8.4555180e-03
-4.8661540e-03
-2.3415010e-03
-5.2350360e-04
-7.3956700e-04
-2.4543720e-03
-4.3716710e-03
-5.4733960e-03
-2.2203750e-03
-3.2820140e-04
2.0989160e-03
4.1133440e-03
5.5529120e-03
7.0148780e-03
4.5832390e-03
4.3112130e-03
5.5175540e-03
5.3790140e-03
7.8837130e-03
8.0328960e-03
9.7583820e-03
6.8094560e-03
4.8623700e-03
3.0011250e-03
2.5939800e-03
2.7776610e-03
3.2779510e-03
-6.7738040e-04
-4.6314580e-03
-7.0086610e-03
-9.9620660e-03
-1.2484010e-02
-1.4214770e-02
-1.6197910e-02
-1.8599910e-02
-2.0415300e-02
-1.9686100e-02
-1.6549790e-02
-1.4933890e-02
-1.2357980e-02
-9.0687160e-03
-4.8641400e-03
-1.7814440e-03
2.1480610e-04
-1.8784740e-04
-4.0017720e-04
-5.4653060e-03
-9.0226060e-03
-1.2548840e-02
-1.4409830e-02
-1.1432590e-02
-9.6049020e-03
-6.6328420e-03
-2.5162560e-03
-1.0024860e-03
1.0398520e-03
3.9569550e-03
7.1144520e-03
1.1081350e-02
1.5890020e-02
1.5310240e-02
1.5613910e-02
1.6091510e-02
1.6187740e-02
1.9268370e-02
2.3741890e-02
2.5478150e-02
2.5994880e-02
2.6064040e-02
2.6286890e-02
2.7761200e-02
2.9100510e-02
2.8459470e-02
2.8492680e-02
2.4580270e-02
2.0701530e-02
1.6600620e-02
9.7886470e-03
5.5538090e-03
1.6489130e-03
2.6492940e-04
-1.6305880e-03
3.9026970e-04
1.1965080e-03
3.1253300e-03
2.6876750e-03
2.9012030e-03
3.0400860e-03
2.9297060e-03
3.0067220e-03
5.7554290e-03
8.3759520e-03
7.6804400e-03
6.5560260e-03
4.7030890e-03
-1.8634040e-04
-4.8300470e-03
-6.5259140e-03
-7.2237850e-03
-4.5893840e-03
-4.7541040e-03
-5.1863410e-03
-7.2657820e-03
-8.3027050e-03
-1.0187940e-02
-8.6885310e-03
-8.7111100e-03
-1.1197400e-02
-1.2854830e-02
-1.5655900e-02
-1.7661240e-02
-1.8665770e-02
-1.8374110e-02
-1.6807740e-02
-1.4018740e-02
-1.0985620e-02
-7.6852590e-03
-4.6080170e-03
-2.9544860e-03
-2.1290610e-03
-2.2988790e-03
-2.0627900e-03
-2.1243980e-03
-2.1297610e-03
-2.1066480e-03
-6.7204580e-04
7.3307620e-04
-2.8237920e-03
-4.0170020e-03
-4.5306620e-03
-5.3652760e-03
-5.3007560e-03
-1.6868820e-03
2.6201440e-03
5.9552320e-03
7.2846580e-03
8.2872530e-03
8.0403370e-03
6.5285920e-03
5.3235080e-03
6.0569260e-03
6.7236710e-03
7.5677510e-03
6.6306690e-03
8.0106900e-03
7.7405320e-03
5.8399140e-03
5.4188330e-03
2.6965410e-03
3.2622440e-05
-3.8858550e-03
-5.4857960e-03
-6.7213080e-03
-6.5273450e-03
-6.7335720e-03
-5.9335490e-03
-3.4682000e-03
-3.5696400e-03
-8.7897320e-04
-1.5620860e-03
-2.8110090e-03
-3.8643100e-03
-3.2722280e-03
-5.4865780e-03
-6.3504800e-03
-5.6460470e-03
-6.0636090e-03
-5.9579840e-03
-4.4765230e-03
-3.7553350e-03
-3.6028540e-03
-3.5646050e-03
-3.5112270e-03
-4.4523160e-03
-5.9332720e-03
-4.1503250e-03
-2.6806910e-03
-3.5741070e-03
-9.0750860e-04
-2.3494860e-04
2.0386780e-03
4.9279590e-03
7.2398750e-03
7.6925060e-03
8.4475600e-03
6.6416650e-03
3.3175640e-03
1.8727570e-03
1.0373210e-03
3.1743480e-03
7.1115150e-03
1.0475050e-02
1.2035220e-02
1.2041820e-02
1.2301710e-02
1.1965750e-02
9.3481020e-03
1.0129380e-02
7.8836910e-03
6.1937210e-03
4.7624880e-03
5.0642430e-03
4.8687780e-03
7.1547030e-03
8.3727280e-03
9.4483370e-03
8.5528460e-03
7.3210310e-03
7.0611530e-03
4.2128420e-03
2.7049790e-03
2.9476790e-04
-1.5208270e-03
-3.3638090e-03
-7.7245820e-03
-8.3883890e-03
-9.6412840e-03
-9.8639200e-03
-9.7003170e-03
-9.8832850e-03
-9.9007030e-03
-1.2465120e-02
-1.2149050e-02
-1.2701630e-02
-1.1942010e-02
-9.3282720e-03
-6.7831650e-03
-7.4461990e-03
-6.0872750e-03
-3.9061740e-03
-4.7895370e-03
-5.2964560e-03
-6.7369330e-03
-9.3586020e-03
-1.1464340e-02
-1.4675320e-02
-1.6388750e-02
-1.7308090e-02
-1.7026240e-02
-1.6905280e-02
-1.3969380e-02
-1.3081800e-02
-1.1402300e-02
-9.2085340e-03
-9.5066350e-03
-6.8503370e-03
-7.0109280e-03
-7.1849080e-03
-5.2604570e-03
-3.5262320e-03
-1.8652820e-03
-1.9034980e-03
-1.8341560e-03
-1.6502120e-03
-1.7424080e-03
-1.7227000e-03
-1.7094730e-03
-3.2744670e-04
2.6773550e-03
4.1219550e-03
5.9389240e-03
6.0082980e-03
8.0471450e-03
8.2915540e-03
8.6084640e-03
1.0299940e-02
1.1406230e-02
1.1085190e-02
1.1530160e-02
1.4389320e-02
1.3646370e-02
1.3757770e-02
1.4077080e-02
1.3890920e-02
1.3936930e-02
1.3951770e-02
1.1869810e-02
8.8832770e-03
8.2763650e-03
5.9239970e-03
6.3928410e-03
6.6030700e-03
7.6094100e-03
6.1105830e-03
6.0915660e-03
6.3297900e-03
6.0560660e-03
6.0663440e-03
4.9262170e-03
6.2371040e-03
8.9492000e-03
9.5627640e-03
1.1631840e-02
1.2498890e-02
1.4352440e-02
1.3534860e-02
1.4021270e-02
1.4695320e-02
1.4033640e-02
1.3688000e-02
1.1180100e-02
9.1768090e-03
7.2328710e-03
6.0710050e-03
6.4487310e-03
3.7551900e-03
3.4421220e-03
2.5641960e-03
2.9532560e-03
1.2606680e-03
-1.0722940e-03
-3.6304770e-03
-6.1165160e-03
-8.7449510e-03
-9.6540110e-03
-1.2520110e-02
-1.5192240e-02
-1.7664750e-02
-1.9835070e-02
-2.1651810e-02
-2.2702820e-02
-2.2337060e-02
-2.1384450e-02
-1.9324170e-02
-2.0731840e-02
-2.2788050e-02
-2.1774840e-02
-2.2239650e-02
-2.1310160e-02
-1.9111320e-02
-1.9043140e-02
-1.6565990e-02
-1.6825390e-02
-1.4228900e-02
-1.3171700e-02
-1.1484590e-02
-9.1753910e-03
-5.2404310e-03
-3.9061770e-03
-1.7068390e-03
1.3321840e-03
2.1157450e-03
3.9507400e-03
3.5426790e-03
6.5266260e-03
6.4440320e-03
9.0441570e-03
8.9063040e-03
1.0813320e-02
1.0428760e-02
1.1760380e-02
1.1367110e-02
1.1422890e-02
1.1538810e-02
1.3596150e-02
1.4324080e-02
1.5725960e-02
1.6967140e-02
1.6390110e-02
1.6782330e-02
1.5465000e-02
1.3721800e-02
1.4479530e-02
1.3778540e-02
1.2842680e-02
1.2177610e-02
9.7092750e-03
7.4003230e-03
5.9727400e-03
3.8617640e-03
1.4508570e-03
-2.3281030e-04
-1.4913260e-03
-2.0829640e-03
-4.4706730e-03
-9.4333280e-04
-1.3144900e-03
-1.7534050e-03
-1.0067460e-04
1.7198580e-03
8.2127260e-04
1.2991690e-03
1.3524390e-03
1.2323140e-03
1.3341060e-03
5.9209420e-04
1.6125460e-04
-1.3411460e-03
-9.4666050e-04
1.1064410e-03
2.9209200e-03
4.1828260e-03
3.7728280e-03
4.2664010e-03
4.2241080e-03
3.9376390e-03
1.2133350e-03
1.9744730e-03
7.0259270e-04
-1.3979360e-03
-2.4150260e-03
-4.0007250e-03
-6.0359540e-03
-6.9118560e-03
-8.9725880e-03
-1.0848090e-02
-1.1637780e-02
-1.3902650e-02
-1.3295430e-02
-1.3584530e-02
-1.3653360e-02
-1.1162280e-02
-1.0907980e-02
-1.1340070e-02
-1.0800050e-02
-9.8286900e-03
-8.3335770e-03
-9.4409750e-03
-1.0932850e-02
-1.0231540e-02
-1.0569550e-02
-1.1069120e-02
-1.0642000e-02
-1.0869780e-02
-1.0751980e-02
-9.3658970e-03
-7.7071760e-03
-6.8677650e-03
-3.2985380e-03
-2.6817650e-03
-1.8902460e-04
1.4350750e-03
2.6183450e-03
2.1783630e-03
2.6371220e-03
2.5709130e-03
2.6068520e-03
2.6803570e-03
1.3761410e-03
1.7961870e-03
3.9899930e-03
5.4742430e-03
3.4521580e-03
2.4818370e-03
3.1981010e-03
1.8637470e-03
2.4725160e-03
1.7592800e-03
3.1133770e-03
2.6573620e-03
2.7395440e-03
1.8477020e-03
-3.3390400e-04
6.0237300e-04
-1.1576000e-03
-2.9099190e-03
-1.8830720e-03
-3.6302760e-04
1.8697510e-03
2.8626850e-03
2.4164110e-03
4.6240570e-03
5.9006250e-03
7.9352890e-03
7.8470620e-03
7.8396640e-03
1.0152370e-02
1.0855830e-02
1.0533640e-02
1.1316590e-02
1.0558710e-02
8.5992970e-03
8.2600380e-03
8.7295510e-03
8.3677300e-03
1.0910540e-02
1.1319380e-02
1.0829680e-02
9.6215360e-03
8.5057440e-03
8.6127330e-03
5.9814580e-03
5.9428320e-03
3.6765380e-03
3.8472260e-03
1.2557200e-03
1.3280220e-03
1.5781970e-03
1.2322050e-03
1.4105340e-03
1.3550820e-03
-7.2360500e-04
-1.3169580e-03
-8.5806290e-04
-2.2173230e-03
-4.3104490e-03
-5.7947860e-03
-6.3980980e-03
-6.1766780e-03
-6.4643340e-03
-6.4671000e-03
-6.4884920e-03
-4.6749140e-03
-3.5184450e-03
-3.4285990e-03
-2.0918160e-03
-1.2425220e-03
-1.4451300e-03
-1.3088060e-03
2.0200210e-05
1.6440620e-03
9.9462760e-04
1.2953250e-03
1.3958160e-03
2.0390430e-03
1.1471100e-03
1.3276580e-03
2.5942430e-03
2.2470360e-03
8.9737200e-04
2.6933330e-05
-1.5519590e-03
-9.7507980e-04
-1.2894580e-03
-1.3405670e-03
-1.1944570e-03
1.3448750e-03
1.2835600e-03
1.0564630e-03
1.5401560e-03
1.2667850e-03
7.7289420e-04
-1.5664590e-03
-4.6321710e-03
-7.7086040e-03
-8.9557520e-03
-8.7653280e-03
-9.0951200e-03
-8.9951740e-03
-8.9738610e-03
-9.0697740e-03
-7.7587040e-03
-7.6857650e-03
-7.3664130e-03
-6.7181990e-03
-8.2167660e-03
-7.0030820e-03
-6.2172890e-03
-6.2130380e-03
-3.5882310e-03
-3.0393250e-03
4.9430720e-05
2.5326820e-03
4.9772740e-03
6.7090500e-03
8.7855100e-03
9.1879170e-03
1.1506140e-02
1.1737430e-02
1.1374940e-02
1.1868900e-02
1.1714420e-02
1.1160570e-02
8.8925640e-03
8.3169160e-03
6.1776480e-03
5.0038660e-03
3.1940900e-03
1.8853580e-03
1.8595030e-03
1.3265510e-03
1.4956410e-03
1.4232940e-03
8.6901740e-04
-1.2684120e-03
1.7847600e-03
1.6323540e-03
1.1512760e-03
1.8209230e-03
1.5430940e-03
-9.6600860e-04
-2.6518150e-03
-3.8524610e-03
-5.9071540e-03
-5.7153670e-03
-5.7064580e-03
-5.8097290e-03
-5.6520640e-03
-5.6875370e-03
-5.5823560e-03
-5.5343250e-03
-5.4718940e-03
-5.3875300e-03
-5.3397910e-03
-5.2672850e-03
-5.2126800e-03
-6.9132650e-03
-8.4143980e-03
-1.0084190e-02
-1.1767580e-02
-1.2684170e-02
-1.2303060e-02
-1.1997020e-02
-9.6446750e-03
-8.4458680e-03
-7.0413810e-03
-6.5332890e-03
-7.2670720e-03
-7.0115270e-03
-9.2731490e-03
-9.7202900e-03
-7.5641340e-03
-6.7143200e-03
-6.5386480e-03
-3.2478450e-03
-1.7904270e-03
-1.8304190e-03
-1.6242970e-03
-5.6263000e-04
-1.7166410e-03
-1.4349790e-03
-1.2524040e-03
-1.4483210e-03
-1.3640870e-03
-1.6618790e-03
-1.6662010e-03
-2.5871600e-03
-4.3265610e-03
-5.0397880e-03
-5.9539920e-03
-6.3541310e-03
-6.3620290e-03
-6.2194260e-03
-3.7954410e-03
-3.9736390e-03
-4.0347160e-03
-1.5776440e-03
-4.1337340e-04
2.2189310e-03
4.8920060e-03
6.9510460e-03
8.9087760e-03
8.9963870e-03
8.9881430e-03
1.0409860e-02
1.1285900e-02
9.6780710e-03
8.9780630e-03
9.4163770e-03
9.0930560e-03
8.7379980e-03
7.2225170e-03
6.4152850e-03
6.3792150e-03
4.6044930e-03
4.1102840e-03
4.7947920e-03
5.2200500e-03
6.3525150e-03
6.4531890e-03
6.2736920e-03
5.3396140e-03
4.0123820e-03
4.0432230e-03
4.0520440e-03
3.8692030e-03
4.0384880e-03
4.3802300e-03
5.4452230e-03
6.2513240e-03
5.3861820e-03
4.0166500e-03
3.9517870e-03
1.4910140e-03
2.7236030e-04
-1.1403540e-03
-1.2262480e-03
-2.0942410e-03
-2.2271410e-03
-1.6754700e-03
-1.2239740e-03
-1.3698070e-03
-1.2705020e-03
-1.1077680e-03
1.5481530e-03
1.1771120e-03
-9.0373290e-04
-1.2788750e-03
-2.2935920e-03
-4.3571070e-03
-3.4491480e-03
-3.6302580e-03
-1.0778230e-03
-5.6834600e-04
1.5316100e-03
2.6035250e-03
4.2531570e-03
4.3724750e-03
6.1214120e-03
7.9885260e-03
9.4536750e-03
1.1734890e-02
1.4481540e-02
1.5386880e-02
1.7209420e-02
1.7975840e-02
1.9837710e-02
1.9094220e-02
1.9456490e-02
1.8805440e-02
1.6606550e-02
1.7229110e-02
1.6980970e-02
1.5431190e-02
1.5063680e-02
1.4265080e-02
1.4481930e-02
1.4343430e-02
1.4320270e-02
1.4361800e-02
1.4273250e-02
1.2237080e-02
1.1617540e-02
1.2080320e-02
1.1650240e-02
1.1729450e-02
1.1636050e-02
8.7653590e-03
6.3475870e-03
4.8170940e-03
3.1580690e-03
1.9410100e-03
3.1201390e-03
1.1861870e-03
1.4437290e-03
2.3569610e-04
-1.7260790e-03
-2.7165430e-03
-4.8410670e-03
-5.0415380e-03
-3.6957200e-03
-5.2436780e-03
-5.9682610e-03
-5.8559360e-03
-8.4194500e-03
-8.4637970e-03
-8.0289120e-03
-8.4487030e-03
-9.0123490e-03
-1.0540160e-02
-1.1817010e-02
-1.3437760e-02
-1.5497100e-02
-1.5654130e-02
-1.5931950e-02
-1.9269850e-02
-1.8737360e-02
-1.8797560e-02
-1.9048840e-02
-1.8948200e-02
-1.9027000e-02
-2.1490220e-02
-2.1893150e-02
-2.3889630e-02
-2.6780450e-02
-2.6816490e-02
-2.6056420e-02
-2.8757680e-02
-2.6676490e-02
-2.7599470e-02
-2.7311810e-02
-2.5694890e-02
-2.5556300e-02
-2.2804650e-02
-2.2019740e-02
-1.9996360e-02
-1.7969380e-02
-1.9887980e-02
-2.0022610e-02
-1.9724430e-02
-1.9878370e-02
-1.9649620e-02
-1.9478840e-02
-1.6969720e-02
-1.4881430e-02
-1.3261130e-02
-1.0583950e-02
-8.6288040e-03
-6.3024150e-03
-3.1371260e-03
-8.5429910e-06
2.7264520e-03
4.6078900e-03
5.0713800e-03
6.6825240e-03
7.3381240e-03
7.3702880e-03
1.0181540e-02
9.4903430e-03
9.6182300e-03
9.9555700e-03
9.8310920e-03
1.1185020e-02
1.2566460e-02
1.2969180e-02
1.4481250e-02
1.4609130e-02
1.4381750e-02
1.3754710e-02
1.4186230e-02
1.4669470e-02
1.4208990e-02
1.4398850e-02
1.4250340e-02
1.4175050e-02
1.4044420e-02
1.5059470e-02
1.6351770e-02
1.5751890e-02
1.7667310e-02
1.6656480e-02
1.5802080e-02
1.4962520e-02
1.5101830e-02
1.4418630e-02
1.4021680e-02
1.4473660e-02
1.3820580e-02
1.2103220e-02
1.1058860e-02
9.4359580e-03
8.8884080e-03
7.9200300e-03
6.1951970e-03
6.6530920e-03
5.2482770e-03
4.1245950e-03
5.9962620e-03
4.6661420e-03
3.3195160e-03
3.8801860e-03
3.2617190e-03
