0.01
-3.0188470e-03
-4.3733880e-03
-3.9573310e-03
6.8636510e-04
7.2414350e-03
1.1042180e-02
1.0734120e-02
6.6269510e-03
3.1989050e-03
1.9720970e-03
2.2902530e-03
1.8666370e-03
2.0073850e-03
3.1629510e-04
-2.2183940e-03
-5.8291090e-03
-1.0760920e-02
-1.4292830e-02
-1.0323700e-02
-1.6933170e-03
2.0595440e-03
-9.4889790e-04
-2.7722190e-03
-8.1588140e-04
1.9212480e-03
1.2557900e-03
-4.2417850e-03
-8.7321840e-03
-9.3295270e-03
-6.7975570e-03
-2.8483980e-03
-4.1467310e-03
-7.9849380e-03
-5.8083790e-03
-1.6881170e-03
6.2759060e-04
3.7374520e-03
6.2907420e-03
1.2156300e-02
1.5844860e-02
1.6808150e-02
1.1947330e-02
6.0929220e-03
5.6071620e-04
-1.7236960e-03
-4.6082930e-03
-4.2308100e-03
-2.8876710e-03
-5.1958870e-03
-5.7872200e-03
-5.9128420e-03
-3.4252250e-03
-4.5110850e-03
-3.9293010e-03
-2.1398830e-03
1.2909550e-03
4.0060250e-03
5.7523050e-03
8.7226160e-03
1.1028440e-02
6.6105010e-03
-2.3838600e-03
-8.8371280e-03
-4.4090610e-03
5.8903680e-03
1.1152240e-02
1.1115380e-02
1.1702620e-02
1.0473040e-02
7.8697750e-03
5.7464630e-03
3.5258140e-03
9.0594660e-04
5.1089080e-03
8.9004800e-03
1.4559950e-02
2.2176760e-02
2.5392650e-02
2.1973440e-02
1.4302610e-02
5.1507800e-03
-5.6896160e-03
-1.8410940e-02
-2.7420560e-02
-3.2233700e-02
-2.8261380e-02
-2.4195670e-02
-2.4582820e-02
-2.7384840e-02
-2.2694900e-02
-1.7696790e-02
-1.2773570e-02
-7.9992700e-03
-3.5513580e-03
-3.0755560e-03
-6.1107590e-03
-8.7009500e-03
-7.9755490e-03
-5.2189930e-03
-3.0612550e-03
-2.8657140e-03
-5.9495530e-04
4.6235170e-03
9.1584370e-03
1.3749660e-02
1.5014840e-02
1.4671410e-02
1.4017420e-02
1.3776060e-02
1.5795420e-02
1.1273930e-02
7.6893470e-03
4.6982490e-03
5.6064020e-03
1.1502360e-02
1.5456880e-02
1.2889360e-02
6.1052920e-03
-3.2193470e-03
-1.0557570e-02
-1.4947050e-02
-1.8870270e-02
-2.0700630e-02
-1.7239280e-02
-1.3832230e-02
-1.1564080e-02
-8.3751020e-03
-8.7748030e-03
-5.4202440e-03
-9.2708400e-03
-8.5485910e-03
-8.2319270e-03
-8.5870690e-03
-4.9623430e-03
-6.8545850e-03
-9.2559230e-03
-7.9751360e-03
-8.4515890e-03
-5.2875580e-03
6.2568820e-04
5.3738610e-03
1.1815050e-02
1.9753900e-02
2.8796300e-02
3.5950930e-02
3.4977610e-02
2.5160960e-02
1.0496700e-02
1.0843170e-03
-1.7257180e-03
3.0919250e-03
1.2115080e-02
1.5459640e-02
1.1159560e-02
6.1862520e-03
7.2917320e-03
6.7678790e-03
6.3573890e-03
6.9979020e-03
1.0089540e-02
1.2642010e-02
1.2871220e-02
1.6447610e-02
1.9087070e-02
2.5009220e-02
2.7219670e-02
2.6972500e-02
2.4261890e-02
1.9179940e-02
1.7358780e-02
1.5462270e-02
1.2704170e-02
5.5439560e-03
3.7734920e-04
-5.5551040e-03
-9.0224690e-03
-1.2662510e-02
-1.4153120e-02
-1.1925210e-02
-9.1221160e-03
-6.4299650e-03
-4.2869240e-03
-1.3691630e-03
6.6101500e-04
7.1524680e-04
7.8269460e-04
5.1689100e-03
1.3124460e-02
1.7692190e-02
1.9460120e-02
1.4271960e-02
5.9224980e-03
-5.2067740e-03
-1.7356360e-02
-2.3291060e-02
-2.5363690e-02
-2.5229180e-02
-2.2759020e-02
-2.1667040e-02
-1.9270160e-02
-1.8468590e-02
-1.7576970e-02
-2.0439680e-02
-2.2170190e-02
-2.5552970e-02
-2.6888540e-02
-2.5286870e-02
-2.5429650e-02
-2.5690200e-02
-2.5883840e-02
-2.9883930e-02
-3.1827830e-02
-2.8718640e-02
-1.0645670e-02
1.7533160e-02
2.8468710e-02
2.9159470e-02
3.5550480e-02
4.3919510e-02
4.1531230e-02
3.1323320e-02
1.4155110e-02
-5.6321390e-03
-2.3590680e-02
-3.9517190e-02
-4.9467390e-02
-5.5537060e-02
-5.8016380e-02
-5.6459310e-02
-5.4347380e-02
-5.1401880e-02
-4.4174930e-02
-3.8545940e-02
-2.9134570e-02
-1.8762210e-02
-1.1653250e-02
-3.7193120e-03
8.0554650e-03
2.3971630e-02
4.0135570e-02
5.2727450e-02
5.3183670e-02
4.2140120e-02
3.1090950e-02
2.5350970e-02
1.9617760e-02
1.5920410e-02
7.6477660e-03
4.4537750e-04
-4.8108930e-04
5.0951490e-04
3.4772720e-03
8.7384020e-03
1.3872740e-02
2.1852100e-02
3.0042480e-02
3.7630540e-02
4.6475250e-02
5.5350800e-02
6.2845290e-02
6.0002310e-02
4.9234580e-02
3.6190830e-02
2.0893930e-02
1.3356060e-03
-3.4270770e-02
-8.4119030e-02
-9.8035520e-02
-2.8856500e-02
3.9731260e-02
1.0586580e-02
-6.9906940e-03
2.0921830e-02
2.9947740e-02
2.8448900e-02
2.4657210e-02
2.2524310e-02
1.9255250e-02
1.7501100e-02
1.5758360e-02
1.2485310e-02
6.5330230e-03
-1.7740650e-03
-2.0627120e-02
-5.4945160e-02
-1.0904100e-01
-1.7269490e-01
-1.8337590e-01
-4.7732150e-02
9.9958810e-02
4.8719950e-02
-3.0315650e-02
1.1886720e-02
3.8538570e-02
2.3696640e-02
2.7923000e-02
2.5003670e-02
1.2746750e-03
-1.8443090e-02
-2.9849280e-02
-3.5945660e-02
-3.4391370e-02
-2.3613680e-02
-5.0959170e-03
1.6675760e-02
3.7543260e-02
4.9271370e-02
4.2111990e-02
2.1288330e-02
7.8512100e-03
-4.8055640e-03
-1.3208140e-02
-1.4499970e-02
-1.2068550e-02
-1.0157710e-02
-9.0634310e-03
-3.8821930e-03
6.5295800e-03
1.9999880e-02
3.4001290e-02
4.1978490e-02
4.2929460e-02
3.7154920e-02
2.6104470e-02
1.8361700e-02
2.1727840e-02
2.8493580e-02
3.1822840e-02
3.5756180e-02
3.9688450e-02
4.2036000e-02
4.4880980e-02
4.6736720e-02
4.3030790e-02
3.8279910e-02
2.1783800e-02
-9.5884860e-03
-4.8991730e-02
-7.0395210e-02
-6.1166030e-02
-4.4034470e-02
-4.7236860e-02
-6.1550780e-02
-5.5650900e-02
-4.6480750e-02
-4.4164030e-02
-3.9374090e-02
-4.1193310e-02
-4.7368790e-02
-5.0627430e-02
-5.1161750e-02
-5.3379330e-02
-5.4877000e-02
-5.4022720e-02
-5.2165950e-02
-4.6358420e-02
-3.5672070e-02
-2.3546730e-02
-1.2417830e-02
1.5617130e-04
9.0600960e-03
1.5806500e-02
2.1666390e-02
2.2606950e-02
2.7189670e-02
3.4945830e-02
4.3247830e-02
4.8149570e-02
5.1654580e-02
5.7318210e-02
6.3471050e-02
6.7641290e-02
6.7712330e-02
6.3157760e-02
5.6050570e-02
4.7900560e-02
4.2028650e-02
3.6869390e-02
3.3272240e-02
2.1854430e-02
4.1856820e-03
-2.2017050e-02
-5.1973210e-02
-7.2009530e-02
-7.4676160e-02
-5.4312040e-02
-1.9067340e-02
1.2240560e-02
2.2982450e-02
2.3444940e-02
1.8392720e-02
1.6132200e-02
1.3044090e-02
7.6188940e-03
-1.6914110e-03
-1.1983100e-02
-2.4547220e-02
-2.7260070e-02
-1.8518900e-02
-8.2674030e-04
1.1657820e-02
7.5168400e-03
3.0820600e-03
7.3789920e-03
7.0789460e-03
1.5647970e-03
-2.4315610e-03
-1.0616710e-02
-2.0877050e-02
-2.2282280e-02
-2.1416940e-02
-1.7903220e-02
-1.5127560e-02
-1.3300570e-02
-1.1785530e-02
-7.9118280e-03
-2.7579660e-03
2.0224460e-03
6.7084360e-03
1.1026980e-02
1.5055430e-02
1.5505460e-02
1.2254850e-02
1.1136260e-02
4.6913250e-03
-4.0155280e-03
-1.8916590e-02
-3.4498810e-02
-4.0598640e-02
-3.1909890e-02
-1.5143080e-02
-1.0303880e-02
-2.0660260e-02
-3.1291640e-02
-2.8747060e-02
-2.2791290e-02
-1.7271430e-02
-1.7028680e-02
-1.7897590e-02
-1.7170950e-02
-1.4126640e-02
-7.8803270e-03
-2.4094800e-03
4.4030350e-03
1.3039770e-02
1.7791000e-02
2.0770240e-02
2.5881080e-02
2.7917100e-02
3.0362330e-02
3.2864490e-02
3.5920420e-02
3.6991750e-02
3.4633930e-02
3.1731470e-02
3.0935790e-02
3.1285630e-02
3.0699560e-02
3.2828110e-02
3.7082960e-02
3.8911310e-02
3.6995690e-02
3.6482250e-02
3.7188790e-02
3.6505050e-02
3.4990780e-02
3.4472640e-02
3.3363570e-02
2.8450970e-02
2.2228430e-02
1.3341950e-02
2.7851200e-04
-1.5840990e-02
-2.6578060e-02
-3.1349360e-02
-3.0137520e-02
-2.6955980e-02
-2.5652840e-02
-2.6329130e-02
-2.5656590e-02
-2.5652190e-02
-2.5044740e-02
-2.3908040e-02
-2.6112980e-02
-2.6682040e-02
-2.8999090e-02
-2.8107510e-02
-2.5001690e-02
-2.0148300e-02
-1.6688080e-02
-1.7961560e-02
-2.1275410e-02
-2.9517920e-02
-3.9575150e-02
-4.7470430e-02
-5.1946160e-02
-5.1876420e-02
-4.8560500e-02
-4.5192970e-02
-3.6509460e-02
-2.7129530e-02
-1.8819670e-02
-1.2210640e-02
-6.1585390e-03
-7.7020760e-05
5.9186810e-03
1.1878770e-02
1.7397620e-02
2.2731660e-02
3.1779410e-02
3.5931770e-02
4.0127600e-02
4.2215520e-02
4.3847780e-02
4.1762600e-02
4.0283700e-02
4.1258280e-02
4.0619680e-02
4.1768950e-02
4.1894470e-02
4.2133410e-02
3.7053890e-02
2.8312040e-02
2.2534610e-02
1.7053270e-02
1.3188430e-02
7.9239740e-03
1.3897230e-03
-4.6209570e-03
-1.3986760e-02
-2.1070450e-02
-2.3092990e-02
-2.0730780e-02
-1.6572550e-02
-1.5389810e-02
-1.6570310e-02
-1.9603730e-02
-2.2125810e-02
-2.4548370e-02
-2.3960680e-02
-2.6629280e-02
-2.7776630e-02
-2.6821430e-02
-2.7622370e-02
-2.5119340e-02
-2.1457810e-02
-1.7654630e-02
-1.3013230e-02
-6.2756150e-03
-9.6920580e-04
5.0474310e-03
8.1239140e-03
1.1776290e-02
1.5738200e-02
1.7261300e-02
1.6702970e-02
1.6973890e-02
1.0966960e-02
7.6672530e-03
7.0622270e-03
4.5842480e-03
2.1438190e-03
2.5528250e-03
-1.4493490e-03
-6.3031610e-03
-1.0110850e-02
-1.1752920e-02
-7.9102780e-03
-3.2823920e-03
2.8880370e-03
6.2965580e-03
6.3644290e-03
5.1751120e-03
6.6271810e-03
9.4693840e-03
8.7190310e-03
1.2527090e-02
1.2888930e-02
1.5507140e-02
1.8279240e-02
1.6135720e-02
1.1714830e-02
5.8982910e-03
1.3869810e-03
-2.3725990e-03
-9.3105220e-03
-1.4730960e-02
-2.2983830e-02
-2.9698960e-02
-3.2278570e-02
-2.6183240e-02
-1.8498910e-02
-1.4075390e-02
-1.0379120e-02
-6.9929830e-03
-4.0111290e-03
2.0253430e-05
7.7275630e-04
1.9457550e-03
3.0923040e-04
3.7819020e-03
4.3400030e-03
8.1160860e-03
9.1068260e-03
1.2084310e-02
1.4523920e-02
1.7346660e-02
1.8599650e-02
2.0252940e-02
2.2696750e-02
2.4062810e-02
2.1487900e-02
2.0323160e-02
1.8614480e-02
1.7511820e-02
1.7214050e-02
1.4999480e-02
1.3785410e-02
9.7560170e-03
6.7532320e-03
3.0696180e-03
-2.3593770e-03
-8.5581200e-03
-1.2327570e-02
-1.4722160e-02
-1.5520710e-02
-1.4811790e-02
-1.3879860e-02
-1.1558110e-02
-9.6638850e-03
-8.9488270e-03
-1.0308800e-02
-1.2427150e-02
-1.1620990e-02
-1.3779790e-02
-1.4447230e-02
-9.9489560e-03
-8.8399460e-03
-5.7109780e-03
-2.4730480e-03
1.5567350e-04
4.9507470e-03
7.8892220e-03
1.0636890e-02
1.2326420e-02
1.5038790e-02
1.6605990e-02
1.8177340e-02
1.7571900e-02
1.7950820e-02
1.3890220e-02
1.0132560e-02
4.1949460e-03
-5.0100690e-03
-1.0274040e-02
-1.6180600e-02
-2.2576220e-02
-2.8252660e-02
-3.2938300e-02
-3.2888580e-02
-3.2119840e-02
-2.8137830e-02
-2.2325200e-02
-1.5901570e-02
-1.0966910e-02
-8.9654660e-03
-5.8192830e-03
-5.9101740e-03
-4.6849970e-03
-6.2646710e-04
4.9587580e-03
8.4761000e-03
1.3392570e-02
1.7707790e-02
2.0893330e-02
2.5377030e-02
2.8748080e-02
3.3150960e-02
3.2341670e-02
2.8027320e-02
2.1878330e-02
1.6515900e-02
1.0419040e-02
5.8988490e-03
3.5543770e-03
1.0420920e-03
1.8659640e-04
6.2393270e-04
2.3265330e-04
3.3578950e-04
2.9237710e-04
-2.9233970e-03
-5.6906340e-03
-8.4627770e-03
-1.1590490e-02
-1.4354660e-02
-1.4707570e-02
-1.7476920e-02
-1.2924390e-02
-9.2315920e-03
-3.4769240e-03
3.0409050e-04
4.0303640e-04
8.8589880e-04
4.4043850e-03
3.8780060e-03
3.8792920e-03
2.9795030e-03
2.8299970e-03
5.1449690e-03
7.1230740e-03
6.5921200e-03
3.6061560e-03
1.5558830e-03
-2.9467090e-03
-7.0423130e-03
-6.8030430e-03
-7.0404640e-03
-3.9387660e-03
-4.2674600e-03
-1.2549780e-03
-4.5384370e-03
-7.6593420e-03
-6.5879420e-03
-8.6311070e-03
-9.1943190e-03
-8.2423540e-03
-1.0593240e-02
-1.0486720e-02
-1.3317800e-02
-1.2626410e-02
-1.2760890e-02
-1.1457880e-02
-6.7700920e-03
-2.5138410e-03
8.1238610e-04
5.5627400e-03
7.1281480e-03
1.1678320e-02
1.5555030e-02
1.8934770e-02
2.0419700e-02
2.3303950e-02
2.3365470e-02
2.2549880e-02
1.8831980e-02
1.2598210e-02
5.5496970e-03
-4.0110590e-03
-1.2914160e-02
-1.9269900e-02
-2.4354930e-02
-2.5738140e-02
-2.2540730e-02
-1.8998550e-02
-1.1725110e-02
-9.2255350e-03
-7.8645990e-03
-2.8790720e-03
3.1167660e-03
5.0462930e-03
8.3773260e-03
1.0914480e-02
1.2693650e-02
1.2392640e-02
1.2641600e-02
1.0883660e-02
9.1558860e-03
9.2925060e-03
8.7302080e-03
1.0186240e-02
9.3744640e-03
7.1195460e-03
6.7530510e-03
8.9174470e-03
1.0073550e-02
1.1095880e-02
1.2360310e-02
8.7166850e-03
8.4821710e-03
6.2538700e-03
3.5179970e-03
3.7352100e-04
-2.4082750e-03
-7.2128950e-03
-1.3717250e-02
-1.8990360e-02
-2.1584620e-02
-2.3041270e-02
-2.2500000e-02
-1.8492760e-02
-1.3999860e-02
-1.0799560e-02
-6.2845160e-03
-3.1484810e-03
-4.2135710e-04
1.0484710e-03
4.4144650e-04
9.8490230e-04
8.7639520e-04
-8.7537420e-04
-2.4439320e-03
-1.3852340e-03
-2.9551500e-03
-5.3391890e-03
-6.2020370e-03
-1.0004570e-02
-1.2530350e-02
-1.3539990e-02
-1.0554200e-02
-1.0522150e-02
-1.0804400e-02
-1.0323950e-02
-1.0496160e-02
-1.0215090e-02
-6.6006320e-03
-4.0275050e-03
-2.1168090e-03
-1.2593680e-03
5.4621680e-04
5.9547090e-03
7.5056910e-03
1.0154120e-02
1.2710680e-02
1.5821180e-02
1.7907040e-02
2.1759170e-02
2.5074700e-02
2.9597000e-02
3.1846910e-02
3.1688440e-02
3.0974590e-02
2.8581600e-02
2.4208900e-02
1.8507680e-02
1.1979500e-02
6.4800230e-03
4.6521410e-04
-5.2795060e-03
-7.6529770e-03
-9.2359840e-03
-1.2174380e-02
-1.1625770e-02
-1.3575990e-02
-1.6503860e-02
-1.8769900e-02
-2.1275640e-02
-2.3838880e-02
-2.2508680e-02
-2.0179270e-02
-2.0308930e-02
-1.7274140e-02
-1.6358710e-02
-1.4316610e-02
-1.1772510e-02
-1.0380390e-02
-7.6941120e-03
-5.7997800e-03
-2.6614750e-03
2.0017810e-03
4.8374320e-03
5.8279550e-03
5.5333680e-03
6.0576220e-03
6.0194620e-03
8.6021500e-03
9.0640800e-03
9.6019410e-03
1.2660160e-02
1.1775800e-02
1.5552130e-02
1.4711730e-02
1.2069870e-02
9.5471570e-03
8.0370560e-03
5.8385860e-03
6.2203740e-03
3.4781440e-03
3.3209900e-03
3.2809880e-03
3.2280590e-03
3.1670280e-03
3.0749800e-03
3.0161870e-04
3.2336950e-03
3.4466570e-03
2.7341740e-03
3.3020330e-03
1.8916900e-03
2.6389180e-03
3.5640080e-03
1.4187050e-03
-3.2661070e-04
4.1016140e-04
-2.8533480e-03
-3.1998070e-03
-6.4862350e-03
-1.1557860e-02
-1.4088380e-02
-1.8624970e-02
-2.1061990e-02
-2.3885230e-02
-2.3148950e-02
-2.3499340e-02
-2.3578890e-02
-2.0853240e-02
-1.6194960e-02
-1.3372720e-02
-1.1140730e-02
-8.6223100e-03
-4.5654130e-03
-2.9446500e-03
5.7381020e-04
2.7003070e-03
5.9717970e-03
8.9247400e-03
9.7667750e-03
1.2410830e-02
1.2820540e-02
1.2405970e-02
1.4293510e-02
1.6320370e-02
1.5352840e-02
1.6100120e-02
1.8950850e-02
1.8868620e-02
1.8765890e-02
1.8012880e-02
1.6168240e-02
1.6223950e-02
1.4052030e-02
1.1445630e-02
1.0065590e-02
7.5679690e-03
7.3376900e-03
7.5751870e-03
6.8734420e-03
4.1479540e-03
1.8781160e-03
-1.3113980e-03
-4.1795720e-03
-5.0913000e-03
-8.3497180e-03
-1.0324040e-02
-1.3069290e-02
-1.6236850e-02
-1.6636720e-02
-1.9433670e-02
-1.9495070e-02
-2.1583990e-02
-1.9611280e-02
-1.6504060e-02
-1.4129040e-02
-1.3048510e-02
-9.8847910e-03
-7.7319440e-03
-5.1247070e-03
-3.3086360e-03
-2.1067880e-03
9.4236990e-04
1.2699010e-03
2.5236790e-03
4.7956110e-03
5.3828360e-03
7.7705480e-03
8.4369510e-03
1.0667320e-02
1.0125770e-02
1.2473010e-02
1.3382420e-02
1.5931070e-02
1.5763220e-02
1.2490680e-02
1.3723110e-02
1.3389840e-02
1.6168540e-02
1.6713320e-02
1.7310460e-02
1.3924610e-02
1.1266720e-02
8.5182960e-03
6.4392140e-03
3.2545610e-03
-6.4633940e-04
-3.2583910e-03
-4.8195660e-03
-5.7817850e-03
-4.0715920e-03
-4.2824440e-03
-4.4563710e-03
-4.4611810e-03
-7.5790900e-03
-7.4866790e-03
-8.7036040e-03
-6.7282560e-03
-7.1076460e-03
-4.8568280e-03
-3.6137550e-03
-4.4577660e-03
-3.8936950e-03
-5.6718800e-03
-6.0665410e-03
-5.4107950e-03
-6.9515990e-03
-6.8692500e-03
-6.6350510e-03
-6.9165380e-03
-6.7545690e-03
-6.6322690e-03
-3.4133570e-03
-2.4951750e-03
-3.7225260e-04
-9.9806470e-04
-5.1930490e-04
2.0763290e-03
2.5133660e-03
4.7547370e-03
5.6455780e-03
5.0439510e-03
5.5756820e-03
6.2406290e-03
5.4098280e-03
2.7212930e-03
2.5586850e-03
1.7921080e-03
-1.1155440e-03
-2.6637610e-03
-3.4811930e-03
-3.1452760e-03
-3.5909830e-03
-5.9809960e-03
-8.2689350e-03
-1.1382050e-02
-1.4254180e-02
-1.5435910e-02
-1.4960720e-02
-1.5472720e-02
-1.5355590e-02
-1.5394840e-02
-1.5354040e-02
-1.5374560e-02
-1.5375470e-02
-1.5377380e-02
-1.5385330e-02
-1.3547970e-02
-1.0060790e-02
-7.5851890e-03
-5.2564210e-03
-3.1816880e-03
-1.4538880e-03
9.6865260e-05
2.1498160e-03
4.9879540e-03
5.6861360e-03
6.5189100e-03
9.2507860e-03
9.5153010e-03
1.2198100e-02
1.3713760e-02
1.7998280e-02
1.8500350e-02
2.1125810e-02
2.0414610e-02
2.0693910e-02
2.0807960e-02
1.9494310e-02
1.7128110e-02
1.5219030e-02
1.1639270e-02
8.6243650e-03
7.3974920e-03
4.4541140e-03
7.7765850e-04
-4.0008600e-05
-3.0235610e-03
-4.7534000e-03
-5.8410440e-03
-7.4604950e-03
-9.0782600e-03
-1.0996900e-02
-1.1516750e-02
-1.3064880e-02
-1.1077560e-02
-1.1179030e-02
-1.1572730e-02
-1.1158500e-02
-8.9215280e-03
-5.5788390e-03
-2.6717550e-03
5.6390220e-04
4.4783490e-03
7.3681580e-03
9.9157350e-03
1.3963870e-02
1.5703030e-02
1.5848750e-02
1.9435290e-02
1.8191550e-02
1.8578260e-02
1.8354880e-02
1.5056310e-02
1.1937250e-02
6.2615600e-03
3.1459550e-03
3.8764210e-04
-1.5333480e-03
-4.1829220e-03
-8.4206780e-03
-1.1375000e-02
-1.0823300e-02
-1.1608490e-02
-1.4200430e-02
-1.3672690e-02
-1.4364810e-02
-1.4852720e-02
-1.6358730e-02
-1.3333460e-02
-1.2083540e-02
-8.5141460e-03
-5.7643760e-03
-2.8119610e-03
-1.9605390e-03
8.3728930e-04
1.5122630e-03
4.1046490e-03
6.2666710e-03
6.6956640e-03
6.4123600e-03
8.8262260e-03
1.0008050e-02
9.2591930e-03
9.9159860e-03
9.7543810e-03
9.2354980e-03
6.9523710e-03
7.5098630e-03
6.8105440e-03
6.9324280e-03
3.7663490e-03
8.5903620e-04
-8.2013640e-04
-3.6565570e-03
-5.4207580e-03
-6.9838460e-03
-8.4401670e-03
-7.7511670e-03
-8.3227190e-03
-6.9234360e-03
-4.6478090e-03
-5.9733140e-03
-4.6199820e-03
-4.2726320e-03
-3.7819360e-03
-1.9414770e-03
-2.2343180e-03
9.3291140e-04
5.8261620e-05
-1.0227360e-03
-3.0185790e-03
-1.0823890e-03
-3.0126070e-03
-4.1716020e-03
-5.7539810e-03
-5.9314460e-03
-8.8600320e-03
-7.9131620e-03
-1.0662240e-02
-1.1177670e-02
-1.0517440e-02
-9.8063550e-03
-3.6434880e-03
-5.3389100e-03
-4.8059860e-03
-4.1068050e-03
-1.8783260e-03
-1.1168340e-03
-1.6599530e-03
-8.6601120e-05
2.5206030e-03
5.2083190e-03
8.3283800e-03
1.1038940e-02
1.2380460e-02
1.4313190e-02
1.3532470e-02
1.3983060e-02
1.3914780e-02
1.2916070e-02
1.0447870e-02
1.0294890e-02
7.4261150e-03
8.2579300e-03
8.0584230e-03
7.6324330e-03
4.3743040e-03
4.9820480e-03
1.5810600e-03
1.1141830e-03
-1.3733410e-03
-8.4308380e-04
-9.7096820e-04
-2.8934700e-03
-4.3734280e-03
-4.4535790e-03
-7.5733400e-03
-6.4261820e-03
-6.7872700e-03
-8.7268560e-03
-1.0153030e-02
-9.2489900e-03
-7.9125960e-03
-6.1680890e-03
-6.1185600e-03
-2.8121910e-03
-3.6581760e-04
1.8239560e-04
2.1629150e-03
1.1424180e-03
1.4700810e-03
2.6976110e-03
3.3455690e-03
2.6858450e-03
2.6713760e-03
3.0175820e-03
2.7914370e-03
2.8753390e-03
6.3125760e-04
-1.9300670e-04
4.6979980e-04
-1.4623540e-03
-3.4463850e-03
-2.8884440e-03
-2.9837150e-03
-2.5892250e-03
-2.8738220e-03
-2.6923250e-03
-2.6252100e-03
-2.7188360e-03
-2.6149080e-03
-2.6262320e-03
3.5062010e-04
4.0930840e-04
3.0761510e-03
5.5712000e-03
6.3330800e-03
6.5661040e-03
8.6761290e-03
9.3806580e-03
9.0258020e-03
1.1435800e-02
1.2617330e-02
1.1832610e-02
1.2409700e-02
1.2220840e-02
1.1788100e-02
9.9550350e-03
9.1801220e-03
6.6777500e-03
6.1881890e-03
6.7082840e-03
6.1016170e-03
6.3427040e-03
6.3202340e-03
3.6358030e-03
3.1018580e-03
1.0541640e-03
-4.0418430e-05
-1.7984210e-03
-1.9341740e-03
-2.1044560e-03
-2.3587030e-04
-3.6536870e-03
-5.5830890e-03
-5.2843060e-03
-7.1626130e-03
-9.1004160e-03
-1.0679170e-02
-1.1817740e-02
-1.0555430e-02
-7.9961900e-03
-8.6518610e-03
-6.7488630e-03
-8.5657050e-03
-8.7243460e-03
-8.2746040e-03
-8.6326950e-03
-8.5291770e-03
-5.8860820e-03
-5.3869930e-03
-5.9837710e-03
-5.3850550e-03
-5.5871150e-03
-5.5718180e-03
-5.5258990e-03
-5.5122250e-03
-4.5775330e-03
-5.7187100e-03
-5.5760390e-03
-5.2857240e-03
-4.2990130e-03
-1.6885820e-03
6.7668360e-04
2.3366250e-03
3.8175260e-03
4.3407960e-03
7.1448090e-03
6.0235930e-03
5.4953930e-03
6.7465270e-03
6.4724250e-03
6.3734620e-03
5.2586450e-03
7.0011550e-04
4.4421620e-04
-1.9402810e-03
-2.6561660e-03
-2.0252480e-03
-3.9189320e-03
-6.0550900e-03
-7.9179380e-03
-8.3650340e-03
-8.4159630e-03
-1.1955570e-02
-7.9159710e-03
-7.8797600e-03
-4.9757700e-03
-3.2024740e-03
-1.7550000e-03
1.0737500e-03
4.4172310e-04
7.4995580e-04
1.0304580e-03
3.4767650e-03
4.0858660e-03
3.7024810e-03
4.1707780e-03
4.0281620e-03
4.1029240e-03
4.1844700e-03
4.1412340e-03
4.0397210e-03
7.2788880e-04
1.6680060e-03
1.4088640e-03
-1.2819880e-03
-3.6864370e-04
-1.7937400e-03
-1.2352220e-03
-1.6142380e-03
-4.8680250e-03
-3.1904340e-03
-3.1504120e-03
-1.1546490e-03
-2.3426160e-03
-1.0758600e-03
-1.2996880e-03
-5.3084890e-04
-1.2810330e-03
-4.0180770e-04
2.3804680e-03
1.2454190e-03
1.7028570e-03
1.7471480e-03
1.6114350e-03
1.7780930e-03
1.7054400e-03
1.7318100e-03
1.7382910e-03
1.7802670e-03
1.8620860e-03
2.4830160e-03
2.1037800e-03
1.7495490e-03
2.0530050e-03
-1.3656660e-03
2.1317410e-04
-1.0653600e-03
-8.6409510e-04
-7.4013740e-04
-8.9365770e-04
-8.0644940e-04
-7.4870180e-04
1.3740870e-03
2.5861610e-03
2.8232500e-03
5.9807210e-03
5.7800230e-03
8.9842410e-03
7.7931320e-03
8.2588070e-03
8.3130340e-03
8.2858810e-03
8.3199840e-03
8.3161580e-03
8.3555350e-03
8.4496900e-03
7.4254050e-03
4.2318620e-03
2.7675000e-03
2.4392180e-03
-4.3890930e-04
-2.9703220e-04
-7.9623780e-06
-3.6222680e-04
-9.8290430e-05
-1.7231490e-03
-3.4018390e-03
-3.1325840e-03
-5.9974510e-03
-1.6678060e-03
-4.8215700e-03
-6.3018780e-03
-5.0294480e-03
-5.7358250e-03
-5.5180750e-03
-5.4747920e-03
-5.5194100e-03
-5.3644720e-03
-5.5641760e-03
-7.1044210e-03
-4.8106610e-03
-6.7730650e-03
-8.9195020e-03
-7.7364440e-03
-8.1927440e-03
-5.3091240e-03
-5.2473400e-03
-5.5788430e-03
-5.0992120e-03
-5.2889250e-03
-5.1776260e-03
-2.8301070e-03
-1.8671490e-03
-4.2290050e-04
1.6037600e-03
3.9933880e-03
3.5064830e-03
3.6971370e-03
3.8860110e-03
3.7500720e-03
6.1072590e-03
7.1594580e-03
6.2464310e-03
6.9324800e-03
6.8378490e-03
6.7735170e-03
6.8514330e-03
7.7847290e-03
1.0349560e-02
9.3929130e-03
9.7555730e-03
9.8854670e-03
9.7466100e-03
9.7125350e-03
6.3051280e-03
5.2544010e-03
3.4036290e-03
-2.5741300e-04
-2.3120980e-03
-1.7225330e-03
-5.7197550e-03
-4.6871670e-03
-5.7297080e-03
-5.9954000e-03
-4.4171270e-03
-5.2711830e-03
-3.0366230e-03
-1.4907210e-03
-2.5079140e-03
-1.8257160e-03
-1.9576370e-03
-1.9983270e-03
-1.9414520e-03
-2.0230300e-03
-1.9786120e-03
-1.0068770e-03
6.5378110e-04
1.1280870e-03
4.3312900e-03
5.6024120e-03
7.2788990e-03
8.4470300e-03
8.6185270e-03
6.0908050e-03
6.5827130e-03
3.1994180e-03
8.3094820e-04
1.2894160e-03
-1.5370850e-03
-3.2171140e-03
-5.0757640e-03
-5.7297560e-03
-8.3779400e-03
-7.6541420e-03
-8.0063440e-03
-7.3075260e-03
-8.0169180e-03
-8.1774570e-03
-7.8788780e-03
-8.1602180e-03
-8.1357210e-03
-8.1009050e-03
-6.4405330e-03
-5.5276470e-03
-5.3504750e-03
-5.2337390e-03
-5.2009560e-03
-5.5052650e-03
-6.9774610e-03
-2.6637750e-03
-2.0447990e-03
-2.4278060e-04
1.1397570e-03
3.7870290e-03
3.4680080e-03
5.2981860e-03
7.2649500e-03
6.0849380e-03
6.8003250e-03
6.7984590e-03
6.7116540e-03
6.7859790e-03
6.7701000e-03
4.9937500e-03
3.4064900e-03
4.3854140e-03
3.7634820e-03
3.9952020e-03
4.0212480e-03
3.9715420e-03
3.8714730e-03
1.1174720e-03
1.1276850e-03
1.4082130e-03
9.6930040e-04
1.1682100e-03
1.1875590e-03
6.5666610e-05
-1.5884120e-03
-1.7002670e-03
-1.5975730e-03
-1.8390680e-03
-1.7363340e-03
-1.7492420e-03
-1.7555250e-03
-1.7427820e-03
4.7791940e-04
1.5019240e-03
6.9452850e-04
1.3815360e-03
1.1326990e-03
1.1614730e-03
1.1956850e-03
1.1701300e-03
1.1854300e-03
1.1859710e-03
1.1881960e-03
-1.0967390e-03
-8.0902440e-04
2.2057200e-03
5.8239410e-04
1.2508150e-03
9.9097180e-04
-2.4586700e-03
-3.5586280e-03
-4.9531140e-03
-4.3864300e-03
-5.7748910e-03
-4.5005440e-03
-4.3199230e-03
-1.1009570e-03
-1.7129710e-03
1.9323780e-03
1.0374550e-03
1.1728680e-03
1.4761020e-03
1.1278400e-03
-5.4437290e-04
-1.7248090e-03
-1.3137150e-03
-1.5704040e-03
-1.5946060e-03
-1.5331270e-03
-1.5661320e-03
-1.5543120e-03
-1.5529000e-03
-1.5540830e-03
-1.5514170e-03
-1.5508940e-03
-1.5498910e-03
-1.7021030e-03
-4.3391130e-03
-3.4408130e-03
-9.2658140e-04
-1.9093720e-03
-1.6192340e-03
-2.8977160e-04
2.3187650e-04
1.5850880e-03
1.3364870e-03
1.3990420e-03
2.7494000e-03
4.9867900e-03
4.0091860e-03
4.4807430e-03
4.3976140e-03
4.4046640e-03
3.1907120e-03
3.1966100e-03
5.1993240e-03
3.7375370e-03
1.5164770e-03
1.5103980e-03
9.5745870e-04
-2.3478910e-03
-1.0502850e-03
-1.5190920e-03
-1.6502670e-03
-1.4825540e-03
-1.5680000e-03
-1.5473250e-03
-1.8680700e-03
-3.4075190e-03
-1.8624000e-03
-2.2728640e-03
-3.3516330e-03
-4.2445590e-03
-4.6144120e-03
-3.9964980e-03
-1.4451580e-03
-1.6971100e-03
-1.7721850e-03
-1.4356250e-03
-2.2511600e-03
-5.2796020e-03
-4.1086330e-03
-4.6416020e-03
-2.8885320e-03
-1.1224140e-03
-2.0277970e-03
-1.5298330e-03
-1.5668180e-03
-1.6011190e-03
-1.5775030e-03
-1.6553030e-03
-1.6334980e-03
-1.5713050e-03
-1.6025130e-03
-1.0965380e-03
1.7196310e-03
1.2308980e-03
1.3190750e-03
1.5909480e-03
1.4187050e-03
1.5183100e-03
1.4816590e-03
1.4845100e-03
1.4810250e-03
4.7501720e-04
1.9527280e-03
1.4742850e-03
3.0352910e-03
3.6250500e-03
4.8193720e-03
4.4948390e-03
4.6474300e-03
4.5819160e-03
4.5847760e-03
4.6855920e-03
4.5563490e-03
4.5630200e-03
4.5419580e-03
3.3032300e-03
2.6400320e-03
5.2853380e-03
4.2067500e-03
4.5442990e-03
4.7318980e-03
4.5500360e-03
4.6327100e-03
4.6098440e-03
4.6468850e-03
4.7256570e-03
4.6787530e-03
4.7434550e-03
4.8128010e-03
4.5766630e-03
1.2584020e-03
2.1879000e-03
1.9743250e-03
-1.7308750e-03
-6.8363900e-04
-1.7604760e-03
-4.6194080e-03
-3.4608560e-03
-6.5274380e-03
-6.9404330e-03
-6.3588230e-03
-6.8758540e-03
-6.6252280e-03
-6.6779000e-03
-6.6921450e-03
-6.6146400e-03
-6.5754020e-03
-6.6101460e-03
-6.5925300e-03
-6.5915650e-03
-6.4832430e-03
-6.5902810e-03
-6.4290390e-03
-5.6042970e-03
-3.2035110e-03
-3.7452330e-03
-3.7146960e-03
-3.4004800e-03
-3.5890270e-03
-3.4132620e-03
-2.1650870e-03
-4.9538150e-05
-8.3174730e-04
2.6107000e-03
1.2384150e-03
-1.3537450e-03
3.4565440e-04
2.5809930e-03
2.3903270e-03
2.3551960e-03
2.7094330e-03
2.4984540e-03
1.6530410e-03
8.1829740e-04
3.0883920e-03
2.4445650e-03
2.5027220e-03
2.7537420e-03
2.5443050e-03
2.6240230e-03
2.5835940e-03
2.6698810e-03
2.6432140e-03
2.6349450e-03
-1.0241700e-04
-5.2639080e-04
5.5387080e-05
1.1826950e-03
3.0430820e-03
2.1843140e-03
2.6854660e-03
2.6385300e-03
2.5672260e-03
2.6158720e-03
2.5948610e-03
4.6108000e-03
5.8384560e-03
5.0410690e-03
5.2034190e-03
2.1952880e-03
1.8024220e-03
-9.6576730e-04
4.4450270e-04
1.4754180e-03
-8.4709160e-04
-3.8260440e-04
-2.6411300e-04
-5.7626130e-04
2.6276390e-03
2.5265670e-03
2.1624740e-03
2.7010130e-03
2.4631970e-03
3.1137570e-03
2.6508690e-03
2.2711540e-03
1.6882550e-03
2.8228690e-03
2.4210810e-03
2.5398810e-03
1.9412070e-03
-8.9541700e-04
-3.2932290e-03
-2.9283330e-03
-4.3133940e-03
-6.7517330e-03
-3.6563770e-03
-2.9167960e-03
-2.9862130e-03
5.9262960e-04
6.4152520e-05
-2.3078180e-03
-2.6259860e-03
-2.1331300e-03
-2.6226960e-03
-2.5143620e-03
-5.6988260e-03
-5.1154690e-03
-5.0045430e-03
-5.3463740e-03
-5.1066240e-03
-5.0955110e-03
-4.2202660e-03
-2.4420570e-03
-2.1991510e-03
-2.3742180e-03
-2.0196520e-03
-2.1661620e-03
-2.1458460e-03
-2.2482500e-03
-2.1778700e-03
-1.9391800e-03
1.2441070e-03
4.7773060e-04
5.6651000e-04
8.8479030e-04
6.7848100e-04
7.3708020e-04
-1.0659530e-03
-1.0726840e-03
-1.9841830e-03
-9.8532640e-04
-2.5930590e-03
1.5568650e-03
3.5304150e-04
-3.9518380e-04
9.4822240e-04
5.7731510e-04
6.2205100e-04
7.5039010e-04
9.6263790e-04
4.2966630e-03
3.2617060e-03
3.6011130e-03
5.0862370e-03
7.0362740e-03
6.1606810e-03
6.7321530e-03
6.5851500e-03
6.5398000e-03
6.2860210e-03
2.8981540e-03
3.6627570e-03
-6.8460050e-05
-1.3695700e-03
-2.5953270e-03
-2.1568690e-03
-3.1651930e-03
-1.9772400e-03
-2.5314660e-03
-2.3533670e-03
-2.3295650e-03
-2.3851080e-03
-2.3570450e-03
-2.3578320e-03
-2.3228670e-03
-2.3856860e-03
-2.3128840e-03
-1.2429570e-03
5.8507680e-04
-1.6522950e-03
-2.6770000e-03
6.0801340e-04
9.3638670e-04
3.6166950e-04
1.6411170e-03
4.4964430e-03
3.3434250e-03
3.9254570e-03
4.0068510e-03
3.9043240e-03
4.0538300e-03
4.1233640e-03
4.0768220e-03
1.4440790e-03
-1.6304790e-03
-1.4831440e-03
-1.4509960e-03
-3.4341390e-03
-4.9955150e-03
-4.1519810e-03
-4.5624300e-03
-4.5298920e-03
-2.9877530e-03
-1.4771690e-03
-1.4428570e-03
-1.2872520e-03
-1.1744870e-03
-1.5290070e-03
-1.9021430e-03
-1.2643690e-03
-8.8709280e-04
-4.5924590e-04
2.7727000e-03
1.7622250e-03
2.1244310e-03
2.3757940e-03
2.5624320e-03
5.5678310e-03
2.6610550e-03
2.0692330e-03
3.1352560e-03
2.3995080e-03
2.8141390e-03
2.8055130e-03
2.2920990e-03
2.1174670e-03
1.9655750e-03
2.4253450e-03
1.4607400e-03
-4.7444920e-04
-1.8379340e-03
9.4144110e-05
-2.0208760e-03
-3.0586840e-03
-2.1681740e-03
-4.6277940e-03
-5.8944580e-03
-4.9727170e-03
-5.6570840e-03
-3.3887600e-03
-2.0203700e-03
-2.3852680e-03
9.9811970e-04
2.7388870e-04
4.7688660e-04
7.3862370e-04
1.0121030e-03
1.3743160e-03
3.7407030e-03
3.4924190e-03
2.8789820e-03
2.3055280e-03
1.6270280e-03
2.1733150e-03
3.6132690e-03
3.4138340e-03
2.4390710e-03
-2.6274050e-05
1.0772660e-03
4.9054310e-04
-5.1255690e-04
-2.9975570e-03
-1.8962370e-03
-2.4222800e-03
-3.9773380e-03
-5.3179500e-03
-4.1291140e-03
-5.5614380e-03
-5.3736030e-03
-5.2605950e-03
-5.4269090e-03
-5.3456360e-03
-5.3612770e-03
-5.3637430e-03
-4.8560950e-03
-1.9733300e-03
-2.1160690e-03
7.7807500e-04
9.3698690e-04
8.1006120e-04
9.0038380e-04
4.0992390e-03
3.2665420e-03
3.4798180e-03
4.2518420e-03
6.8823820e-03
6.3364800e-03
6.4337070e-03
6.7014110e-03
6.5406470e-03
6.5649070e-03
6.5082280e-03
6.6331840e-03
5.7572670e-03
2.9050360e-03
2.3566980e-03
1.9142250e-04
-1.6560420e-03
-2.6012740e-03
-3.6734860e-03
-5.9363590e-03
-4.4899680e-03
-2.2718090e-03
-2.2303790e-03
-3.6197720e-04
8.7207950e-04
3.5338340e-04
6.8574050e-04
9.9980090e-04
2.2736650e-03
3.0557260e-04
1.0476380e-03
-1.7239650e-03
-2.2642800e-03
-2.8344730e-03
-4.9418650e-03
-4.6733930e-03
-4.5930610e-03
-4.7704660e-03
-4.5457150e-03
-4.4912610e-03
-4.3573140e-03
-1.3263500e-03
