0.01
-1.5250460e-04
3.8818950e-04
8.6077690e-04
2.7052440e-04
-1.3742870e-03
-2.3625760e-03
-5.1614590e-04
2.8594100e-03
3.2864770e-03
1.3306640e-04
-2.1313050e-03
-1.3459710e-03
4.6956240e-04
-8.8222300e-05
-2.3519510e-03
-1.4884050e-03
2.1260500e-03
4.4676240e-03
3.1404230e-03
-1.9439940e-03
-5.8953020e-03
-4.3327500e-03
8.8144570e-04
5.3600790e-03
4.3857310e-03
-3.3152570e-03
-8.3535010e-03
-1.3367630e-03
1.1103740e-02
1.3884510e-02
1.7704340e-03
-1.2096020e-02
-1.0816320e-02
8.8255680e-04
4.6831610e-03
-2.5165230e-03
-6.0918420e-03
5.5701230e-04
9.5226410e-03
1.2602930e-02
8.4174010e-03
2.1077450e-03
-5.1586600e-03
-1.3913460e-02
-1.6032790e-02
-7.3746450e-03
3.7589510e-03
7.2682620e-03
3.7515680e-03
4.2824530e-03
1.2407780e-02
1.4436680e-02
2.8931610e-03
-8.7538420e-03
-1.4145720e-02
-2.0774200e-02
-2.5594670e-02
-1.2766180e-02
1.7681170e-02
3.8916330e-02
2.9705670e-02
2.5666270e-03
-1.2752750e-02
-6.3735800e-03
-1.7744160e-03
-1.3502010e-02
-2.4255790e-02
-1.7927840e-02
3.2344550e-04
1.6641590e-02
2.1681320e-02
1.2803250e-02
-1.4983540e-04
-6.8076630e-03
-6.2269970e-03
-2.3621000e-03
-5.3200460e-04
-5.0197650e-03
-1.0347530e-02
-2.0590100e-03
1.1502010e-02
9.7043740e-03
2.6701680e-03
9.1121230e-03
2.0521400e-02
1.5085180e-02
-6.0335870e-03
-2.1159900e-02
-1.9092760e-02
-6.8610050e-03
1.2260360e-03
2.5899470e-03
5.7140820e-03
1.1514700e-02
1.3531780e-02
2.3000630e-03
-1.8887170e-02
-3.0175380e-02
-2.1404140e-02
-1.2358640e-03
1.1815950e-02
9.3718440e-03
4.1725670e-03
9.0168910e-03
1.3466370e-02
1.6163430e-03
-1.4443200e-02
-1.0620340e-02
9.4142230e-03
1.9269310e-02
9.6382960e-03
-1.3812250e-03
4.1106890e-04
6.0721960e-03
2.7019220e-03
-9.1113040e-03
-1.5319920e-02
-8.3888250e-03
-6.7353170e-04
4.0998790e-04
-3.4868080e-04
8.2950930e-04
4.7501240e-03
7.0016980e-03
4.0695860e-03
-3.4403880e-03
-1.0834920e-02
-1.0696000e-02
-3.4278460e-03
4.9904910e-03
1.1272140e-02
1.3290980e-02
1.0889400e-02
5.4668820e-03
-1.2933660e-03
-5.7035560e-03
-5.4767100e-03
-5.8306530e-03
-8.5822260e-03
-7.8457150e-03
-3.8616850e-03
-1.1811270e-03
6.5418930e-04
4.5042700e-03
7.5892060e-03
5.2351510e-03
-9.4776430e-04
-4.7874750e-03
-3.8445130e-03
-3.3683360e-03
-5.9256310e-03
-5.3691410e-03
2.9784480e-03
1.0699880e-02
8.8275700e-03
4.1388640e-03
4.7786950e-03
5.1902330e-03
-1.0180540e-03
-8.5419980e-03
-7.8707080e-03
9.1363540e-04
5.5747060e-03
1.5358150e-03
-3.1965240e-03
-4.7426680e-03
-4.0822800e-03
-2.6227910e-03
-2.1438510e-03
-2.5304760e-03
-2.6722570e-03
-1.2064460e-03
3.6455670e-03
8.9263190e-03
7.3659290e-03
-1.0672300e-04
-4.9207420e-03
-3.2933460e-03
1.6318010e-03
4.5809830e-03
4.2276310e-03
2.3614080e-03
-8.6609530e-04
-4.9275430e-03
-4.7177060e-03
-7.5223970e-05
7.8989290e-04
-3.4351680e-03
-5.5828630e-03
-2.1425050e-03
2.8085530e-03
5.0415170e-03
4.3907450e-03
1.5759710e-03
-5.3216890e-04
3.0856660e-04
2.0297760e-03
2.6130020e-03
-8.4054700e-05
-3.9577220e-03
-1.7763550e-03
5.9242450e-03
9.8488760e-03
4.9026520e-03
-1.5684860e-03
-9.6480380e-04
4.0723480e-03
4.7335220e-03
-6.2158780e-04
-3.7709100e-03
-1.4964940e-03
-4.6966030e-04
-3.9866100e-03
-7.4597420e-03
-7.6616060e-03
-6.7846910e-03
-6.1498460e-03
-6.3555630e-03
-6.9519860e-03
-4.1140540e-03
2.0125930e-03
7.2352020e-03
8.4989760e-03
4.8306810e-03
2.2902880e-04
2.6082360e-04
4.0363830e-03
5.7004780e-03
4.1112000e-03
3.3613210e-03
4.6109620e-03
5.4064940e-03
3.9850000e-03
9.6572270e-04
-2.7493990e-03
-7.2801190e-03
-9.0983650e-03
-6.1253320e-03
-3.5314800e-03
-3.7196790e-03
-5.6154230e-03
-8.0368000e-03
-7.5326730e-03
-6.1907360e-03
-9.1486360e-03
-1.4820110e-02
-1.7446430e-02
-1.5658920e-02
-1.5101350e-02
-1.6913190e-02
-1.6382250e-02
-1.1772140e-02
-3.9096010e-03
4.9781530e-03
1.1574430e-02
1.1673810e-02
4.6232210e-03
-3.3232640e-03
-3.9295870e-03
3.1737350e-03
1.0863850e-02
1.3171800e-02
8.9691070e-03
2.7942780e-03
-2.3480270e-03
-9.3171550e-03
-2.0142320e-02
-3.6829560e-02
-5.7479250e-02
-7.4542610e-02
-7.8772670e-02
-6.2652800e-02
-3.1984650e-02
-2.1366200e-03
1.8870720e-02
3.7134870e-02
6.0842210e-02
8.4596000e-02
9.9874250e-02
1.0363640e-01
9.3633210e-02
7.6772480e-02
6.4715760e-02
6.5519700e-02
8.5061400e-02
1.1572950e-01
1.3982480e-01
1.4756690e-01
1.3773020e-01
1.1495290e-01
8.1165890e-02
3.0195360e-02
-4.1858730e-02
-1.3047480e-01
-2.0571630e-01
-2.4075350e-01
-2.3346910e-01
-1.9793970e-01
-1.5140550e-01
-1.0909300e-01
-7.5304290e-02
-4.6398600e-02
-2.9338000e-02
-2.3259860e-02
-1.8189630e-02
-1.1437220e-03
2.8310690e-02
6.2334680e-02
9.1492980e-02
1.0715790e-01
1.0484410e-01
8.1044400e-02
4.7180230e-02
1.7197980e-02
-7.2536370e-03
-2.4852280e-02
-3.8416630e-02
-4.9368690e-02
-5.2636450e-02
-5.1538030e-02
-5.1735670e-02
-4.8220960e-02
-2.7971820e-02
1.2156560e-02
5.8210070e-02
8.7373370e-02
8.9796390e-02
7.5708360e-02
5.2900480e-02
2.7072690e-02
1.2752790e-03
-2.3418050e-02
-3.9115090e-02
-4.1290170e-02
-3.3681350e-02
-2.6566510e-02
-2.8101450e-02
-3.4476670e-02
-4.1062810e-02
-4.7559070e-02
-4.7795490e-02
-3.7175010e-02
-1.6525140e-02
7.0520010e-03
2.5687790e-02
3.4272040e-02
3.8855680e-02
4.6757130e-02
5.1854380e-02
5.3397410e-02
4.9589800e-02
3.8308830e-02
2.4132760e-02
7.9912620e-03
-7.6196630e-03
-1.6739410e-02
-1.9367000e-02
-2.0733460e-02
-2.5785210e-02
-3.1672030e-02
-3.1025080e-02
-2.0156030e-02
-9.8772630e-03
-1.1470370e-02
-2.1204420e-02
-2.8931450e-02
-2.3679540e-02
-8.3157210e-03
7.5733720e-03
2.2501380e-02
3.4449600e-02
4.3411370e-02
4.5566170e-02
3.2289350e-02
3.5898310e-03
-2.4689910e-02
-3.9059440e-02
-3.6690730e-02
-1.9501460e-02
2.7553160e-03
1.9435410e-02
2.9246250e-02
2.9717970e-02
1.9127860e-02
3.4756640e-03
-1.1139280e-02
-1.9178670e-02
-1.8749800e-02
-1.3470670e-02
-7.1711200e-03
-2.8068570e-03
-8.4968580e-04
7.8240810e-06
1.4369110e-04
2.7911500e-03
9.3759350e-03
1.8207610e-02
2.5878590e-02
2.7152160e-02
2.1519990e-02
1.2747050e-02
5.9700730e-03
2.4976550e-03
-9.9855380e-04
-6.2099450e-03
-1.1648750e-02
-1.4452730e-02
-1.3199160e-02
-9.7873630e-03
-5.8852780e-03
-3.6138090e-03
-5.3424010e-03
-9.0377910e-03
-1.3525970e-02
-1.6205660e-02
-1.4089420e-02
-1.1150450e-02
-9.1316660e-03
-7.0750420e-03
-6.5798160e-03
-7.6286250e-03
-8.4937530e-03
-9.1370910e-03
-1.0022330e-02
-9.0054050e-03
-2.5889950e-03
8.2061880e-03
1.9194720e-02
2.8083740e-02
3.2791220e-02
3.2702620e-02
3.0521940e-02
2.7862660e-02
2.4606950e-02
1.9055210e-02
9.2109570e-03
-3.0027020e-03
-1.3929330e-02
-2.1620260e-02
-2.6614100e-02
-3.1265440e-02
-3.5725290e-02
-3.5543910e-02
-3.0905400e-02
-2.6101660e-02
-2.2839530e-02
-2.1160030e-02
-1.6137870e-02
-5.6066700e-03
4.3347250e-03
1.1235480e-02
1.8046480e-02
2.6638800e-02
3.6259890e-02
4.3136810e-02
4.5269550e-02
4.2565590e-02
3.5418310e-02
2.7288420e-02
2.0612510e-02
1.4479430e-02
8.9638800e-03
3.2168620e-03
-4.2064980e-03
-9.9271460e-03
-1.1834490e-02
-1.2971000e-02
-1.5732430e-02
-1.9887090e-02
-2.2913670e-02
-2.1655940e-02
-1.7135240e-02
-1.3454060e-02
-1.0322510e-02
-6.4245430e-03
-3.0788040e-03
-2.3149960e-03
-3.6643660e-03
-5.0772940e-03
-3.8938320e-03
7.9766910e-05
3.4339600e-03
5.7617990e-03
8.0252930e-03
8.3103140e-03
6.7624560e-03
4.4441730e-03
1.1965600e-03
-2.2218130e-03
-6.2324070e-03
-1.0916500e-02
-1.3473970e-02
-1.2739370e-02
-1.0024000e-02
-6.3452290e-03
-3.7312580e-03
-4.8893190e-03
-9.3354950e-03
-1.3748640e-02
-1.4870380e-02
-1.0179580e-02
-1.4209280e-03
6.6874860e-03
1.2520640e-02
1.6412170e-02
1.8625240e-02
1.8703430e-02
1.6023430e-02
1.1640090e-02
7.5367260e-03
4.5929380e-03
2.7704510e-03
4.7139970e-04
-3.3755610e-03
-7.6256970e-03
-1.1422480e-02
-1.4477390e-02
-1.5791530e-02
-1.5116980e-02
-1.3344850e-02
-1.0401470e-02
-5.8668390e-03
-3.5225520e-04
6.0717000e-03
1.2383450e-02
1.6272580e-02
1.8612040e-02
2.0112570e-02
1.8904250e-02
1.5980440e-02
1.4024820e-02
1.3933110e-02
1.4914750e-02
1.5214820e-02
1.3806970e-02
1.1434350e-02
8.4466100e-03
3.3093310e-03
-3.7238740e-03
-9.1370470e-03
-1.1773880e-02
-1.4177990e-02
-1.7845500e-02
-2.1037900e-02
-2.1052800e-02
-1.8111220e-02
-1.5153530e-02
-1.2732980e-02
-9.1111670e-03
-3.7360500e-03
1.8779460e-03
5.4472070e-03
6.6314640e-03
6.3021870e-03
4.0091120e-03
5.2795420e-04
-2.0777570e-03
-2.3727400e-03
-2.2189390e-04
2.3677260e-03
3.8171810e-03
4.8642760e-03
5.4841920e-03
4.2864850e-03
1.4593320e-03
-7.1471240e-04
-7.8552140e-04
3.2297110e-04
1.0036930e-03
1.2130000e-03
2.2929000e-03
3.6418110e-03
2.7352320e-03
-8.8314880e-04
-5.4487230e-03
-8.5487010e-03
-8.7222970e-03
-6.9506420e-03
-4.6666820e-03
-2.2409720e-03
-7.0251610e-04
-8.2137430e-04
-1.0953110e-03
5.5600730e-04
3.6421570e-03
5.3618580e-03
4.2867500e-03
1.8824130e-03
6.0282250e-04
8.9683720e-04
1.5926640e-04
-2.5315400e-03
-4.1525620e-03
-3.7804880e-03
-2.8690050e-03
-1.7053660e-03
-1.1437570e-03
-1.2743010e-03
-1.1516600e-03
-7.0550360e-04
-2.1039510e-05
6.5532800e-04
6.1454960e-04
-1.0271320e-03
-3.5098040e-03
-4.5296840e-03
-3.7759810e-03
-2.1648600e-03
-8.3804600e-04
-6.7608450e-04
-1.1943450e-03
-2.1786570e-03
-4.1426200e-03
-6.6933470e-03
-8.3595120e-03
-7.6924540e-03
-3.9920270e-03
1.6833960e-03
7.2365150e-03
1.1388910e-02
1.3675290e-02
1.4560800e-02
1.4312520e-02
1.2871850e-02
1.0821430e-02
9.3574840e-03
9.2457020e-03
9.3157360e-03
8.2687830e-03
7.0794680e-03
7.1275680e-03
7.6657030e-03
6.9493020e-03
5.0919800e-03
3.5337020e-03
2.1934380e-03
7.0015540e-04
-2.3313970e-04
-8.9991150e-04
-1.8604130e-03
-3.5713740e-03
-6.5870720e-03
-9.1468850e-03
-9.6356860e-03
-9.1035780e-03
-8.7585670e-03
-8.6147060e-03
-7.4071990e-03
-5.4676380e-03
-4.4122110e-03
-4.3864940e-03
-4.8959140e-03
-5.6024040e-03
-6.8820960e-03
-8.3081280e-03
-7.8742190e-03
-5.3535830e-03
-2.5416540e-03
-9.7058760e-04
-9.3786490e-04
-8.0322160e-04
7.9566250e-04
2.3838710e-03
1.8019800e-03
-7.3523700e-04
-3.2874740e-03
-4.8494340e-03
-5.7068420e-03
-6.1668560e-03
-5.9473520e-03
-4.0605710e-03
-6.1305460e-04
2.8674510e-03
6.0031590e-03
8.8660320e-03
1.0694530e-02
1.1071570e-02
1.0097370e-02
8.7309610e-03
8.2825610e-03
7.9223060e-03
6.7981290e-03
6.2125270e-03
6.3154470e-03
6.1024380e-03
5.6786450e-03
4.5231020e-03
2.4237520e-03
9.7963010e-04
4.9568300e-04
-6.9279600e-04
-2.9226600e-03
-4.9019290e-03
-5.5659680e-03
-4.5261030e-03
-2.6222920e-03
-1.1779160e-03
-2.7726150e-04
2.5279710e-04
-2.2573520e-04
-1.6992560e-03
-3.1352500e-03
-4.4681210e-03
-5.8163180e-03
-6.8379000e-03
-7.3105900e-03
-7.0648690e-03
-6.5714380e-03
-6.8632000e-03
-7.8191430e-03
-7.9218880e-03
-6.6921310e-03
-5.4842780e-03
-5.1250830e-03
-4.7706800e-03
-3.4669120e-03
-1.5711780e-03
2.2856890e-04
1.6947070e-03
2.3463360e-03
1.8294010e-03
1.0712630e-03
1.4468960e-03
2.5686140e-03
2.8025260e-03
1.7405230e-03
4.8211140e-04
4.3186990e-04
2.0413390e-03
4.1839050e-03
5.7590500e-03
5.9724360e-03
4.3917840e-03
2.7066630e-03
2.2971450e-03
2.9572990e-03
3.7485170e-03
3.2828740e-03
1.9265700e-03
1.1618340e-03
1.2749410e-03
1.8750030e-03
2.6156330e-03
3.3998350e-03
4.2666350e-03
5.0528050e-03
6.0939760e-03
7.2320910e-03
7.0063770e-03
4.6295920e-03
1.0706410e-03
-1.0655220e-03
-3.4921170e-04
1.4927110e-03
1.9199210e-03
3.9654750e-04
-1.2539140e-03
-1.7493230e-03
-2.6325090e-03
-4.9269110e-03
-7.3823870e-03
-8.0580510e-03
-6.2952170e-03
-3.7809030e-03
-1.8963150e-03
-6.0634310e-04
5.1806730e-04
2.1821120e-03
3.8775630e-03
5.0682450e-03
6.4248340e-03
7.7519940e-03
7.6892920e-03
5.5152880e-03
2.3941620e-03
-9.9798930e-05
-1.1794740e-03
-9.9298860e-04
-8.6374980e-04
-1.5171530e-03
-2.7838850e-03
-3.9796450e-03
-4.3655560e-03
-4.8050950e-03
-6.2978970e-03
-8.3794650e-03
-1.0023830e-02
-9.9715570e-03
-8.7414130e-03
-8.1136350e-03
-7.7415610e-03
-6.4974460e-03
-4.8514510e-03
-3.0209590e-03
-9.5572790e-04
7.8851680e-04
2.4721700e-03
4.6360790e-03
6.8171900e-03
8.6117980e-03
9.5969150e-03
9.0883120e-03
7.3518170e-03
5.4374020e-03
4.0403100e-03
3.0509000e-03
2.1148920e-03
9.5878920e-04
-3.7724270e-04
-1.3379790e-03
-1.7202900e-03
-1.5650290e-03
-7.2775980e-04
3.5334440e-05
-5.6651220e-04
-2.3144690e-03
-3.9803280e-03
-4.4069980e-03
-2.9391060e-03
-2.5355100e-04
2.0999430e-03
2.9832520e-03
2.5643420e-03
1.8904530e-03
1.3124770e-03
4.8528440e-04
-7.9576450e-04
-1.9870180e-03
-2.4489990e-03
-2.4142880e-03
-2.1801510e-03
-2.0832880e-03
-2.8210730e-03
-3.7071750e-03
-3.7089500e-03
-3.2068620e-03
-2.1102700e-03
-6.3852990e-05
2.5933640e-03
5.1449890e-03
6.0546580e-03
4.7451180e-03
3.2456660e-03
3.3791570e-03
3.7211800e-03
2.0573100e-03
-7.5295650e-04
-1.8665470e-03
-5.6527780e-04
6.5191650e-04
1.1421000e-04
-1.2865940e-03
-2.1531080e-03
-1.9211330e-03
-1.1910980e-03
-4.2459110e-05
1.8275780e-03
3.2796840e-03
3.1641400e-03
2.0833940e-03
1.3442630e-03
8.7495900e-04
-2.7469190e-05
-1.3041130e-03
-2.1472040e-03
-1.6569450e-03
-8.9307550e-04
-1.0490510e-03
-1.1499730e-03
-5.4513810e-04
-1.7577660e-04
-9.7925160e-04
-2.5432820e-03
-3.8722060e-03
-4.5582310e-03
-4.4554020e-03
-3.6851900e-03
-2.4301750e-03
-1.1191160e-03
-9.7513270e-05
1.0961870e-03
2.2878170e-03
2.5320890e-03
2.3816400e-03
2.9625120e-03
3.9015270e-03
4.0530570e-03
3.1671280e-03
1.8798280e-03
9.2456870e-04
4.5387790e-04
-1.3757780e-04
-8.3725590e-04
-6.6294560e-04
6.1533980e-04
2.0263510e-03
2.9240990e-03
3.9926600e-03
5.0290370e-03
4.6814770e-03
3.0048400e-03
9.3223700e-04
-7.1552210e-04
-1.7582430e-03
-2.8637070e-03
-4.2376730e-03
-5.1493800e-03
-5.0026330e-03
-4.1592460e-03
-3.5389110e-03
-3.6722490e-03
-4.0309040e-03
-3.7087040e-03
-2.7608170e-03
-1.7190240e-03
-8.2229640e-04
-1.8317920e-04
9.3428970e-05
4.7439790e-05
-2.4745190e-04
-9.7059370e-04
-1.9928480e-03
-2.5888730e-03
-2.2372230e-03
-7.6311200e-04
1.2692030e-03
2.4887830e-03
2.2713390e-03
1.3107050e-03
7.8059530e-04
6.7305610e-04
7.5829410e-04
1.8008420e-03
3.7530470e-03
5.3976450e-03
5.3878560e-03
3.6877240e-03
1.7387720e-03
4.3537060e-04
-4.5430110e-04
-1.2273680e-03
-1.8320490e-03
-1.9182870e-03
-1.3264440e-03
-7.0392760e-04
-7.1221780e-04
-1.1706510e-03
-1.2099720e-03
-8.2407040e-04
-7.1272760e-04
-6.7756780e-04
-1.7038140e-04
1.7187600e-04
-3.5883520e-04
-9.0111000e-04
-4.2359740e-04
1.0688590e-03
2.2430930e-03
1.9476810e-03
1.0457220e-03
6.7253630e-04
1.0743350e-03
1.6098800e-03
1.5092030e-03
1.1418810e-03
1.0798820e-03
1.2737710e-03
1.2742100e-03
1.2484620e-03
1.6617730e-03
1.7081700e-03
1.2244470e-03
7.2639780e-04
-3.5086080e-04
-2.1358530e-03
-4.0585480e-03
-5.2531150e-03
-4.7737570e-03
-2.8431080e-03
-5.9126900e-04
1.3585810e-03
2.9927370e-03
3.9767220e-03
3.7658250e-03
2.6483690e-03
1.5949100e-03
5.6014340e-04
-3.1443640e-04
-2.4694330e-05
1.1155110e-03
2.0150230e-03
2.0374060e-03
1.1447460e-03
1.8277710e-04
7.9490100e-05
5.8186330e-04
8.1674480e-04
1.0069110e-03
1.4578710e-03
1.4976090e-03
1.0166390e-03
6.2463030e-04
2.9260060e-04
-3.9513660e-04
-1.8939160e-03
-4.0847450e-03
-5.3254330e-03
-4.6704900e-03
-3.2747840e-03
-2.1893780e-03
-1.6650610e-03
-1.4252130e-03
-1.0960080e-03
-1.1026260e-03
-1.8534530e-03
-2.6889680e-03
-2.8668780e-03
-2.4036310e-03
-1.6603390e-03
-1.1331670e-03
-1.1252840e-03
-1.0676400e-03
-6.3046660e-04
1.7847410e-04
1.3912320e-03
2.2343030e-03
2.4449150e-03
2.8399830e-03
3.4291550e-03
3.0081350e-03
9.5844470e-04
-9.3435220e-04
-7.4600050e-04
9.8506950e-04
2.2911320e-03
2.0606350e-03
1.2991310e-03
1.4961510e-03
2.4506360e-03
2.4144360e-03
7.1988220e-04
-1.0505080e-03
-1.6608290e-03
-1.4159540e-03
-7.7990590e-04
4.1945230e-06
5.9952520e-04
5.6140810e-04
1.0343330e-04
1.1232520e-04
6.4646270e-04
1.0465590e-03
1.0033740e-03
6.2774070e-04
1.6339260e-04
-2.8685280e-04
-7.9956600e-04
-1.4917390e-03
-2.2010740e-03
-2.7223420e-03
-3.3259530e-03
-3.8575820e-03
-3.6785300e-03
-3.1130870e-03
-2.8655510e-03
-2.6631270e-03
-1.7187270e-03
-1.0382390e-04
1.3199650e-03
1.8001290e-03
1.3235750e-03
4.3691110e-04
-4.9391620e-04
-1.0422270e-03
-9.0147640e-04
-1.1683550e-04
9.3715320e-04
1.5787180e-03
1.4687420e-03
9.0861140e-04
3.6119720e-04
1.6302560e-04
5.1820290e-04
1.3338740e-03
1.9945890e-03
1.6371270e-03
2.1870210e-04
-1.1568030e-03
-1.5463650e-03
-1.1886990e-03
-9.0871640e-04
-1.0024790e-03
-1.3712690e-03
-1.5561640e-03
-9.9953230e-04
1.0127160e-04
1.3124800e-03
2.2881140e-03
3.1750940e-03
4.1967980e-03
4.6795730e-03
4.2121550e-03
2.9392540e-03
1.1677320e-03
-2.5021430e-04
-8.2365160e-04
-8.4788000e-04
-7.1444000e-04
-7.9609890e-04
-1.2368910e-03
-1.7112330e-03
-1.6564020e-03
-9.2958990e-04
8.1101670e-05
9.5332600e-04
1.6509450e-03
1.7485620e-03
6.7817600e-04
-1.0081380e-03
-2.0075110e-03
-1.5741520e-03
-4.9967760e-04
-1.4057430e-04
-5.7341320e-04
-9.2059600e-04
-5.7166950e-04
2.6353120e-05
2.1486810e-04
1.8880410e-04
1.3517730e-04
2.4828420e-04
8.1984520e-04
1.5070530e-03
1.7393030e-03
1.2098460e-03
3.8903560e-04
4.0336260e-04
1.3571340e-03
2.4332200e-03
2.8762250e-03
2.4656370e-03
1.6822700e-03
5.5340360e-04
-1.0252080e-03
-2.4959550e-03
-3.0845250e-03
-2.5535180e-03
-1.8490270e-03
-1.6821500e-03
-1.5825750e-03
-8.3898810e-04
6.3850910e-04
1.9068730e-03
2.2705440e-03
2.2334370e-03
2.3650820e-03
2.1056560e-03
9.9940700e-04
-3.8565290e-04
-1.2328330e-03
-1.0560340e-03
-7.4458280e-04
-1.3215890e-03
-2.0524800e-03
-2.1021100e-03
-1.9174800e-03
-2.0611280e-03
-2.4673210e-03
-2.5016860e-03
-1.5876020e-03
-4.6272310e-04
-7.1386680e-05
-5.6280830e-04
-1.3036830e-03
-1.2952900e-03
-5.3832490e-04
2.8641120e-04
8.3089880e-04
1.0676980e-03
1.4183070e-03
2.0401700e-03
2.5557590e-03
2.6780030e-03
1.8687870e-03
2.0690400e-04
-1.3294410e-03
-2.0149450e-03
-1.5752130e-03
-2.7085340e-04
1.2574980e-03
2.4199630e-03
2.9827860e-03
2.9422520e-03
2.4058100e-03
1.4937860e-03
4.4698590e-04
-7.5044620e-04
-2.1662090e-03
-3.5131320e-03
-3.9968040e-03
-3.0413500e-03
-1.6302260e-03
-1.1665210e-03
-1.6809980e-03
-2.0428950e-03
-1.7161070e-03
-9.9818620e-04
-4.5139410e-04
2.3864900e-05
1.3221170e-03
3.0260210e-03
3.5804620e-03
2.5082710e-03
6.4703370e-04
-6.9711520e-04
-1.1457690e-03
-1.4018610e-03
-1.6072930e-03
-1.4795430e-03
-7.7467480e-04
-1.8631900e-04
-8.8175510e-04
-2.2442790e-03
-3.0120940e-03
-2.8120980e-03
-1.8935280e-03
-3.8556130e-04
1.4605420e-03
2.6302790e-03
2.5806290e-03
1.8540300e-03
1.4419220e-03
1.9019670e-03
2.4427120e-03
2.0057740e-03
1.0576830e-03
6.7083390e-04
1.2772280e-03
2.4302620e-03
3.1352420e-03
3.3085530e-03
3.4588800e-03
3.4748590e-03
3.1314080e-03
2.5165500e-03
1.9556250e-03
1.6143460e-03
1.0414900e-03
9.1543320e-05
-5.2781190e-04
-9.0121140e-04
-1.7275590e-03
-2.7249740e-03
-3.2395020e-03
-2.9167420e-03
-1.9944390e-03
-1.4894660e-03
-2.0735490e-03
-2.8756470e-03
-2.9257560e-03
-2.6196470e-03
-2.6054220e-03
-2.8161670e-03
-2.6816460e-03
-2.1900310e-03
-1.8520970e-03
-1.8824850e-03
-2.1169270e-03
-2.1914380e-03
-1.8727460e-03
-1.1507570e-03
-3.3263830e-04
-2.3317620e-05
-2.8853550e-04
-8.4234330e-04
-1.5260330e-03
-1.8494150e-03
-1.3343160e-03
-1.2591120e-04
1.0522070e-03
1.7926430e-03
2.3823960e-03
2.8954150e-03
3.4692500e-03
4.1474230e-03
4.5220360e-03
4.5192210e-03
4.2378610e-03
3.6567150e-03
2.7952180e-03
1.9863990e-03
1.6527180e-03
1.8950740e-03
2.3008500e-03
2.0818860e-03
1.2913100e-03
6.7254670e-04
4.1210100e-04
1.8936450e-04
-2.0499040e-04
-7.0066420e-04
-1.1117530e-03
-1.4388670e-03
-1.6774710e-03
-1.7993060e-03
-1.8254930e-03
-1.7767500e-03
-1.7319740e-03
-1.5127870e-03
-9.0488270e-04
-2.5839290e-04
-2.0173750e-04
-6.1557910e-04
-5.9468510e-04
1.7468040e-04
7.0442290e-04
1.2586340e-05
-1.4582730e-03
-2.2545590e-03
-1.6688850e-03
-6.7703750e-04
-2.7576900e-04
-1.2145540e-04
2.8264790e-04
5.8366810e-04
6.4861380e-04
7.4652690e-04
9.7436200e-04
9.1432120e-04
1.6300460e-04
-9.0192570e-04
-1.3959880e-03
-9.1810860e-04
-6.6033880e-05
-1.9157540e-05
-9.5724540e-04
-1.5932420e-03
-1.5224740e-03
-1.2625790e-03
-7.4448160e-04
1.0934710e-04
1.0364220e-03
1.6018550e-03
1.4088830e-03
7.4089790e-04
-2.2656790e-04
-1.4945130e-03
-2.4448680e-03
-2.2116690e-03
-1.0245870e-03
-4.3206110e-04
-1.1249170e-03
-2.3691130e-03
-3.0715240e-03
-2.6062590e-03
-1.2502610e-03
3.1084290e-04
1.7137170e-03
2.5695240e-03
2.6313700e-03
2.1336470e-03
1.2644100e-03
1.9302470e-04
-8.4005980e-04
-1.2261550e-03
-2.3939600e-04
1.4752970e-03
2.4361560e-03
1.8291490e-03
2.8500310e-04
-6.2383920e-04
-3.1330510e-04
5.2167920e-04
1.3090020e-03
1.9356690e-03
2.3338880e-03
2.2338640e-03
1.6178840e-03
7.0085350e-04
-3.7727200e-04
-1.3433300e-03
-1.9092930e-03
-1.9343060e-03
-1.2998290e-03
-4.3966850e-04
1.7412920e-04
4.8065580e-04
5.3924870e-04
9.2780140e-04
1.5967150e-03
1.8295760e-03
1.5613200e-03
9.1141450e-04
1.3767440e-04
-3.5160580e-04
-7.0906720e-04
-1.2645380e-03
-1.8664960e-03
-2.0398890e-03
-1.4540820e-03
-2.0268660e-04
1.0256220e-03
1.6626900e-03
1.6898650e-03
1.3801570e-03
1.1764790e-03
1.1799660e-03
1.1311220e-03
7.3320880e-04
-8.8029750e-05
-9.5852050e-04
-1.3573010e-03
-1.3013390e-03
-1.0777360e-03
-6.3887010e-04
2.6206930e-04
1.2540790e-03
1.6061870e-03
1.3486380e-03
9.7026200e-04
5.7073730e-04
2.0213000e-05
-7.4557340e-04
-1.5762240e-03
-1.8789370e-03
-1.5538310e-03
-1.2204760e-03
-9.6524060e-04
-4.5315960e-04
3.9149160e-04
1.3936790e-03
2.1215820e-03
2.0060890e-03
1.1381990e-03
3.8680080e-04
2.5503310e-04
2.1144020e-04
-3.2743890e-04
-1.1045750e-03
-1.4427840e-03
-1.1302610e-03
-5.0812250e-04
1.0161670e-04
5.1747730e-04
7.0793990e-04
8.6887140e-04
1.3764960e-03
2.2451620e-03
2.7308120e-03
2.0778870e-03
3.2208950e-04
-1.5651800e-03
-2.6746110e-03
-3.1838060e-03
-3.7348710e-03
-4.2697840e-03
-3.9903310e-03
-2.7966510e-03
-1.5880630e-03
-7.5916650e-04
4.8581140e-05
8.5248450e-04
1.1808940e-03
9.0005420e-04
4.6857150e-04
5.5253490e-04
1.2144940e-03
1.8433830e-03
1.8788390e-03
1.3106940e-03
4.8547840e-04
-2.4233370e-04
-5.8151170e-04
-5.0156600e-04
-1.8233370e-04
3.2066160e-04
9.0748780e-04
1.5394060e-03
2.0199270e-03
1.8194000e-03
7.8583570e-04
-7.3824210e-04
-2.1485600e-03
-2.7819160e-03
-2.7565550e-03
-2.4999540e-03
-2.0599880e-03
-1.7434880e-03
-1.7648410e-03
-1.7904770e-03
-1.5431340e-03
-1.1102650e-03
-8.0623690e-04
-6.0454720e-04
-1.3177640e-04
6.8555650e-04
1.4152660e-03
1.4946610e-03
1.0328620e-03
5.7863940e-04
3.6107280e-04
3.6267370e-04
4.6758210e-04
6.6126700e-04
8.3887080e-04
9.6168540e-04
1.1773140e-03
1.4331200e-03
1.5799900e-03
1.4433380e-03
8.6469000e-04
2.1084810e-04
-1.7070930e-04
-3.8063820e-04
-7.1110780e-04
-1.2063640e-03
-1.4117450e-03
-1.1994300e-03
-9.1321560e-04
-8.1339560e-04
-8.1812700e-04
-5.1888120e-04
3.1514450e-04
1.3571210e-03
2.0119620e-03
2.1937470e-03
2.1578320e-03
1.9638720e-03
1.5376510e-03
9.9969000e-04
8.6748380e-04
1.2727600e-03
1.7186000e-03
1.8625020e-03
1.7771420e-03
1.7291130e-03
1.7674540e-03
1.7728490e-03
1.6300580e-03
1.1640680e-03
4.3921320e-04
-2.9098510e-04
-9.4345040e-04
-1.4913540e-03
-1.7923640e-03
-1.9285060e-03
-2.0884390e-03
-2.1280550e-03
-1.9591890e-03
-1.5566470e-03
-9.1689700e-04
-2.1223250e-04
2.6990970e-04
4.5355020e-04
5.4524310e-04
3.5863500e-04
-2.4327280e-04
-1.0301370e-03
-1.5782850e-03
-1.4758750e-03
-1.0300240e-03
-6.6194780e-04
-3.7047210e-04
-9.7861310e-05
2.8511340e-04
7.1223170e-04
7.7761580e-04
1.9661230e-04
-8.0632950e-04
-1.5556780e-03
-1.5387200e-03
-8.0521800e-04
1.5479360e-04
6.9442730e-04
5.7579360e-04
2.0875700e-04
-8.8928720e-05
-4.8149900e-04
-9.2615640e-04
-9.6710820e-04
-4.8794360e-04
1.5340680e-04
5.5514420e-04
6.6885280e-04
6.2201720e-04
3.9493660e-04
-7.3408760e-05
-3.7300130e-04
9.5231860e-05
1.0628610e-03
1.5626650e-03
1.2271780e-03
6.6129650e-04
5.9915510e-04
8.9458720e-04
8.1358100e-04
2.7458960e-04
-1.8157010e-04
-1.8127440e-04
2.1828090e-04
6.8295530e-04
7.7647340e-04
2.5519450e-04
-5.2681550e-04
-1.1536960e-03
-1.4958110e-03
-1.7888570e-03
-2.2286300e-03
-2.4176550e-03
-2.1756870e-03
-1.8700780e-03
-1.9644420e-03
-2.6639060e-03
-3.6773820e-03
-4.0873790e-03
-3.3334930e-03
-1.9116820e-03
-4.5641440e-04
9.2617780e-04
2.2039020e-03
3.0270070e-03
3.0861300e-03
2.5191270e-03
1.9003330e-03
1.7686770e-03
2.1532320e-03
2.6482230e-03
2.8240630e-03
2.5318630e-03
2.0200980e-03
1.4498530e-03
7.5938270e-04
1.9887530e-04
-5.0210710e-05
-2.2057470e-04
-1.4552360e-04
2.6587070e-04
5.7686370e-04
5.2073850e-04
2.3904190e-04
-9.7484450e-06
-1.4387170e-04
-3.3687340e-04
-4.4881780e-04
-3.0463000e-04
-4.2430390e-05
1.4061880e-04
2.7194810e-04
7.1502490e-04
1.3347370e-03
1.7461110e-03
1.7309370e-03
1.2540670e-03
4.8502780e-04
-3.3443640e-04
-1.0105790e-03
-1.4525140e-03
-1.6154850e-03
-1.6800330e-03
-1.8488880e-03
-2.2694390e-03
-2.8222680e-03
-3.0431590e-03
-2.7006470e-03
-1.8293200e-03
-6.3725140e-04
3.9772980e-04
8.7952520e-04
7.9817240e-04
2.7071390e-04
-6.4603120e-04
-1.6241020e-03
-2.1235590e-03
-1.8648970e-03
-9.9560010e-04
-2.0618980e-05
6.1227800e-04
9.9076600e-04
1.2702700e-03
1.3247740e-03
1.3396320e-03
1.6155970e-03
1.7148260e-03
1.3517760e-03
6.9383470e-04
-1.3622430e-04
-5.1616030e-04
-5.3178230e-04
-4.4427040e-04
5.3646800e-05
7.2239690e-04
1.4445190e-03
2.0884290e-03
2.1998630e-03
1.8257800e-03
1.3632980e-03
7.9010600e-04
2.7143770e-04
5.6410140e-05
-4.0635740e-04
-1.2862100e-03
-1.9533890e-03
-1.6763630e-03
-5.1902590e-04
3.3485370e-04
3.8319850e-04
3.7636640e-04
9.1046300e-04
1.6677960e-03
2.0535340e-03
1.8424930e-03
1.3751780e-03
7.4569730e-04
-1.8530350e-04
-1.0681130e-03
-1.7011930e-03
-1.9655340e-03
-1.8994770e-03
-1.8395080e-03
-1.6352070e-03
-1.0387750e-03
-2.9839010e-04
1.2327270e-04
4.4043700e-06
-3.7996740e-04
-5.5655160e-04
-2.8702030e-04
3.6166190e-04
8.9863400e-04
1.0686720e-03
1.2643550e-03
1.6853450e-03
1.7425000e-03
9.5243420e-04
-1.5111260e-04
-7.1064100e-04
-6.1646000e-04
-2.7516110e-04
-4.4990820e-05
8.5318680e-05
3.4352090e-04
3.7499960e-04
-1.7719710e-04
-8.2718450e-04
-8.9362910e-04
-5.1554900e-04
-1.7681980e-04
-2.9480150e-06
-7.0402250e-05
-3.3594660e-04
-6.8886000e-04
-9.5674970e-04
-8.8307520e-04
-3.6226540e-04
4.3995540e-04
1.0648880e-03
1.2907660e-03
1.1805850e-03
7.8385460e-04
4.7068940e-05
-8.3220170e-04
-1.3162910e-03
-1.0669300e-03
-7.8305180e-05
1.1558370e-03
1.7797400e-03
1.6230710e-03
1.2057420e-03
7.2496590e-04
2.8726300e-04
1.1312600e-04
3.2328950e-04
7.3023770e-04
9.1249160e-04
7.1748110e-04
2.9554300e-04
-2.9267160e-05
-2.9181340e-04
-7.5091000e-04
-1.2787760e-03
-1.6248060e-03
-1.6575800e-03
-1.4503130e-03
-1.0231840e-03
-5.0818710e-04
-3.0210250e-04
-5.9773850e-04
-8.3089660e-04
-3.9215360e-04
3.3196710e-04
4.2734120e-04
-1.9762240e-04
-7.1515890e-04
-5.1866980e-04
2.0135160e-04
7.9583590e-04
8.7319150e-04
6.7150190e-04
5.2473420e-04
3.0384330e-04
-3.4237120e-04
-1.2609520e-03
-1.8287200e-03
-1.6201680e-03
-8.1253170e-04
-7.6317120e-05
2.8181730e-04
5.3003660e-04
9.5159740e-04
1.4982670e-03
1.8983120e-03
1.9883220e-03
1.7333720e-03
1.0201020e-03
-5.6616280e-05
-1.0499320e-03
-1.5971120e-03
-1.6046480e-03
-1.4031620e-03
-1.3825740e-03
-1.5310340e-03
-1.5431790e-03
-1.2936140e-03
-8.8689970e-04
-4.4840140e-04
-3.7027630e-05
3.7111380e-04
8.0081180e-04
1.1793510e-03
1.2785080e-03
9.6677060e-04
2.8070560e-04
-4.6315680e-04
-8.7188960e-04
-9.9826300e-04
-1.0415600e-03
-1.0798400e-03
-9.3661100e-04
-5.7566210e-04
-2.5813280e-04
-2.7206210e-04
-6.7977520e-04
-1.1894900e-03
-1.4039780e-03
-1.0276510e-03
-4.1889100e-04
-1.7292530e-04
-1.1667780e-04
2.4109980e-04
7.1543090e-04
8.0142350e-04
1.9182710e-04
-6.0801790e-04
-6.8175350e-04
4.1092590e-05
9.5530880e-04
1.3440040e-03
1.1403870e-03
9.0402720e-04
9.4838490e-04
1.2830860e-03
1.9467580e-03
2.5460960e-03
2.6945470e-03
2.5702740e-03
2.4695160e-03
2.4096690e-03
1.9223670e-03
6.2569570e-04
-5.8831710e-04
-9.6568340e-04
-8.9492530e-04
-9.0207350e-04
-1.0803200e-03
-1.0013120e-03
-6.4637970e-04
-7.9633910e-04
-1.7287880e-03
-2.5061580e-03
-2.2621810e-03
-1.4874720e-03
-1.0409690e-03
-7.5112500e-04
-1.6692970e-04
6.8487980e-04
1.2204860e-03
1.1234290e-03
8.8505010e-04
7.0290850e-04
1.0101090e-04
-7.8030930e-04
-1.1699430e-03
-1.1465500e-03
-1.1257790e-03
-1.0939530e-03
-8.0607760e-04
-1.7708620e-04
2.0030050e-04
2.5448820e-04
7.0794580e-04
1.5618460e-03
2.3190160e-03
2.7389650e-03
2.6560320e-03
2.4253620e-03
2.4854740e-03
2.4350490e-03
1.9418030e-03
1.3278420e-03
8.1591320e-04
3.2272750e-04
-1.6946900e-04
-5.7831400e-04
-9.7568710e-04
-1.4582880e-03
-1.6411020e-03
-1.1808330e-03
-4.1012200e-04
9.3311780e-05
2.4896130e-04
2.1516790e-04
8.4868520e-05
-3.0614330e-05
-8.2579060e-05
-1.6533930e-04
-3.4619610e-04
-5.1807940e-04
-5.0746420e-04
-4.0754220e-04
-5.3244720e-04
-9.6184960e-04
-1.3810040e-03
-1.3374320e-03
-7.9262770e-04
-2.0884030e-04
1.5386240e-04
4.3795530e-04
6.1147020e-04
5.1429120e-04
2.6205420e-04
9.4525100e-05
-6.7327010e-06
-1.2452010e-04
-1.2469350e-04
-3.5458120e-05
2.4419900e-04
3.1025620e-04
-3.5744370e-04
-1.1956100e-03
-1.5388260e-03
-1.3015070e-03
-4.5881360e-04
5.0897850e-04
8.2214340e-04
7.3087890e-04
6.6614720e-04
4.9574250e-04
2.2279510e-04
-2.3871820e-04
-1.0356160e-03
-1.8930040e-03
-2.2092280e-03
-1.7903590e-03
-1.1013570e-03
-4.9380020e-04
-1.9227020e-04
-2.1023760e-04
-1.8219540e-04
1.5817560e-04
5.8528370e-04
6.7940350e-04
5.2424360e-04
4.2417880e-04
3.1254020e-04
-1.0437070e-04
-6.2514990e-04
-6.0218590e-04
-1.1685210e-04
2.3797850e-04
4.4317600e-04
7.2224170e-04
1.1262120e-03
1.2706240e-03
8.4558650e-04
1.4877380e-04
-3.4864370e-04
-4.7817820e-04
-4.1497620e-04
-2.4089030e-04
5.4072710e-05
2.4618720e-04
1.7904910e-04
7.4048930e-05
1.8991930e-04
4.2643220e-04
4.2304670e-04
3.6733960e-04
5.5525290e-04
7.5202740e-04
6.1605850e-04
2.4213890e-04
