0.01
2.2054050e-03
4.1236040e-03
3.1881230e-03
-8.1137300e-05
-3.5405060e-03
-6.2023630e-03
-5.6276170e-03
-4.1283790e-03
-4.8857800e-03
-6.5890870e-03
-6.9001610e-03
-5.7323850e-03
-5.6834840e-03
-5.6398390e-03
-2.8080120e-03
1.5269980e-03
5.3842660e-03
8.4006990e-03
7.2307160e-03
5.8077990e-03
5.5360010e-03
2.4720430e-03
-2.6516470e-03
-5.1821200e-03
-4.9934050e-03
-7.5890640e-03
-8.5229460e-03
-3.8086890e-03
-2.4928170e-04
3.5263750e-04
-2.0390290e-03
-4.8001600e-03
-3.8786450e-03
2.4619720e-03
1.4379840e-02
2.0967130e-02
1.6590750e-02
6.6241870e-03
-3.5278900e-03
-9.4223440e-03
-1.0954090e-02
-7.3357910e-03
4.0547390e-04
6.5276450e-03
6.6994720e-03
3.8517210e-03
3.0755250e-03
3.0489100e-03
1.2783220e-03
-9.5764030e-04
-1.6295750e-03
2.5239390e-03
3.7733050e-03
-4.8196300e-03
-9.1508170e-03
-6.7594510e-03
-3.9180870e-03
-4.1864980e-03
-4.4949600e-03
2.1615450e-03
1.1838070e-02
1.5477490e-02
1.6163920e-02
1.0125060e-02
-1.0540840e-03
-7.4665490e-03
-6.8273480e-03
-3.2470170e-03
-6.6500150e-03
-1.5543630e-02
-1.9716840e-02
-1.4690140e-02
-6.1327480e-03
3.1065460e-04
4.4450940e-03
8.4391270e-03
1.2089070e-02
1.5527680e-02
1.7669520e-02
1.5614880e-02
1.0229330e-02
9.1851830e-03
7.8762040e-03
1.3621770e-04
-1.2260340e-02
-2.1204470e-02
-1.8224660e-02
-1.0877440e-02
-1.1860340e-02
-1.7336300e-02
-2.3305130e-02
-2.1111320e-02
-1.0048700e-02
3.5814470e-03
1.5089450e-02
2.2631750e-02
2.4719730e-02
1.9193520e-02
9.2231620e-03
4.6202790e-03
8.0025140e-03
1.8102350e-03
-1.2453940e-02
-1.5729740e-02
-1.2284740e-02
-1.4659570e-02
-1.8454480e-02
-1.2320160e-02
-2.0142950e-03
2.8605000e-03
5.0740860e-03
6.8207780e-03
1.3032860e-02
1.6375780e-02
8.5467270e-03
5.7070080e-03
1.2981970e-02
1.9896740e-02
1.7292840e-02
7.5914320e-03
-4.7856350e-03
-1.3788650e-02
-1.6070510e-02
-1.2736600e-02
-7.0002040e-04
7.5230490e-03
2.2307580e-03
-5.4465800e-03
-9.2733980e-03
-9.6685230e-03
-5.2090080e-03
-4.9152820e-03
-1.0443930e-02
-1.8039940e-02
-2.4182160e-02
-2.2723360e-02
-1.0909860e-02
-2.9980430e-04
5.8941930e-04
2.7241370e-03
1.8496220e-02
4.1034510e-02
5.5249370e-02
5.5117960e-02
3.5052780e-02
8.3019360e-03
-1.0142090e-02
-1.5312020e-02
-1.1371560e-02
-1.3504560e-02
-2.2887870e-02
-2.1638620e-02
-8.3231560e-03
1.1438880e-03
3.5802580e-05
-4.8833190e-03
-3.0781040e-03
3.0194350e-03
7.6550940e-03
9.2159600e-03
1.2034380e-02
1.8003740e-02
1.9278970e-02
1.8253880e-02
1.9745370e-02
1.3058960e-02
4.4688840e-03
5.8524830e-03
1.6675760e-02
2.8466910e-02
3.5206140e-02
3.5631300e-02
3.3178590e-02
3.2434540e-02
3.6204600e-02
3.7127410e-02
3.1567400e-02
1.9257580e-02
1.3986630e-03
-1.8113670e-02
-3.0408960e-02
-2.8267300e-02
-2.4196800e-02
-2.0615770e-02
-1.0853110e-02
-1.1122850e-03
-1.9707210e-03
-9.4050630e-03
-1.2442620e-02
-1.0187420e-02
-2.3923940e-03
5.0185810e-03
5.2924610e-03
5.6640700e-03
1.1619660e-02
1.9010710e-02
2.4395210e-02
2.6091720e-02
2.4021160e-02
1.3912880e-02
-6.3063050e-03
-3.1978520e-02
-4.3719670e-02
-3.9960880e-02
-3.1772340e-02
-1.9010130e-02
-1.6770760e-03
1.4385450e-02
2.2347950e-02
1.8905340e-02
9.3449840e-03
9.3603670e-03
1.1117220e-02
1.2288050e-03
-9.4909260e-03
-6.7970970e-03
1.1010200e-02
3.1731470e-02
4.0208310e-02
3.1373480e-02
1.5964230e-02
-2.6968690e-03
-2.4065580e-02
-4.1543810e-02
-5.2377300e-02
-5.7424700e-02
-5.8494390e-02
-5.8468280e-02
-5.8523750e-02
-5.8500250e-02
-5.4215130e-02
-4.5009890e-02
-3.7917310e-02
-3.7658440e-02
-4.0753230e-02
-3.9332520e-02
-3.1461810e-02
-3.0487820e-02
-3.2870150e-02
-2.5877230e-02
-1.0776100e-02
-5.5864420e-03
-6.4962990e-03
-8.3462970e-03
-1.3042540e-02
-1.4524310e-02
-1.0930360e-02
-3.3343140e-03
3.0819720e-03
9.7147910e-03
1.8042970e-02
2.5463700e-02
3.2069080e-02
3.4181660e-02
3.2691400e-02
3.5004310e-02
4.4571950e-02
5.7339100e-02
6.2509610e-02
5.6001560e-02
5.1283010e-02
4.1995050e-02
1.9250010e-02
-7.0696130e-04
-9.7906890e-03
-1.0984250e-02
-1.5242790e-02
-2.2826180e-02
-3.0415210e-02
-4.4334570e-02
-6.0156910e-02
-6.2220390e-02
-4.6437780e-02
-2.6853340e-02
-1.1522660e-02
-2.2988350e-03
1.4835380e-03
6.5215180e-03
1.3317310e-02
2.2774650e-02
3.6235660e-02
4.8625230e-02
5.5410540e-02
5.6253340e-02
5.2696880e-02
4.8210790e-02
4.4221830e-02
4.6821100e-02
5.3650240e-02
5.6387400e-02
5.3958310e-02
5.2456790e-02
4.7110010e-02
3.2265940e-02
9.1783310e-03
-1.0648770e-02
-2.8495250e-02
-4.9022790e-02
-6.5650700e-02
-7.1998520e-02
-7.0474920e-02
-6.4509750e-02
-4.8489220e-02
-2.5594960e-02
-7.7164380e-03
-5.5093730e-03
-1.7157570e-02
-2.4052610e-02
-2.4430940e-02
-2.2734570e-02
-2.3946260e-02
-2.9468520e-02
-2.7062040e-02
-1.3060420e-02
-9.8738950e-04
5.1559610e-03
4.4595570e-03
2.2362310e-03
6.3857850e-04
-7.4286810e-03
-2.0199380e-02
-2.8358250e-02
-2.6613860e-02
-1.5041290e-02
1.1854050e-03
1.4864310e-02
2.4526360e-02
3.1086110e-02
3.7719540e-02
4.5529960e-02
5.5123820e-02
6.5014290e-02
7.2091230e-02
7.4398500e-02
6.6288890e-02
4.4452740e-02
1.7252400e-02
-8.1234050e-03
-2.3036050e-02
-3.1863150e-02
-3.5852720e-02
-4.0919340e-02
-5.3752240e-02
-7.6847010e-02
-9.9454870e-02
-1.1089450e-01
-1.0947560e-01
-1.0105090e-01
-8.4762490e-02
-6.2845010e-02
-4.2625030e-02
-2.3166280e-02
1.6124890e-03
2.3766320e-02
3.9774840e-02
5.6703560e-02
7.3797830e-02
7.8298850e-02
7.0135650e-02
5.9156330e-02
5.3233980e-02
5.0063400e-02
3.9075150e-02
2.4168870e-02
1.7770460e-02
1.2829520e-02
2.4681750e-03
-9.5914000e-03
-1.6350050e-02
-1.4677140e-02
-8.3520580e-03
-1.3094020e-03
6.5687220e-03
7.3416040e-03
-6.8703040e-03
-2.4209250e-02
-2.9465380e-02
-2.0502270e-02
-9.0059300e-03
2.2837640e-03
8.3018380e-03
7.5306570e-03
2.7803710e-03
-3.8354580e-03
-1.6253200e-02
-2.4731330e-02
-2.1849860e-02
-1.5900880e-02
-1.9388710e-02
-2.7852030e-02
-3.0104090e-02
-2.9873070e-02
-2.4498470e-02
-1.3772330e-02
-5.3622590e-03
3.6286510e-03
1.2782460e-02
1.7127080e-02
1.6808240e-02
1.4696870e-02
2.1246800e-02
3.0385500e-02
3.5047810e-02
3.8440750e-02
4.0240920e-02
4.3739420e-02
5.1339780e-02
5.8761210e-02
5.5010500e-02
3.8436410e-02
1.8316170e-02
-9.5155270e-04
-1.6355350e-02
-2.1295500e-02
-2.3504260e-02
-2.3458340e-02
-1.7780130e-02
-1.2033080e-02
-1.3918800e-02
-1.9017460e-02
-2.1608250e-02
-1.6534750e-02
-7.9317810e-03
-4.2986040e-04
5.5401280e-03
6.2046550e-03
-3.5413920e-05
-4.2322340e-03
2.2743810e-04
6.5221550e-03
6.9920390e-03
6.9946800e-03
9.4117770e-03
1.1961050e-02
1.4767450e-02
2.0312130e-02
2.0638680e-02
9.5690940e-03
-5.4007750e-03
-9.9860620e-03
-5.1127640e-03
-2.6505420e-03
-6.4271420e-03
-7.3631860e-03
-4.4269890e-03
-7.4121620e-03
-1.6848940e-02
-2.1609820e-02
-2.3490620e-02
-2.4797830e-02
-1.9617130e-02
-7.9238070e-03
8.1848410e-03
2.0463200e-02
2.7809840e-02
3.1475890e-02
3.1014570e-02
2.5059050e-02
1.5598030e-02
7.8665600e-03
-6.8011520e-04
-5.8837020e-03
-4.3327880e-03
2.1084900e-03
1.0127440e-02
1.3343810e-02
1.2707120e-02
1.2211940e-02
9.7034200e-03
6.6673680e-03
-2.3233260e-03
-1.2937280e-02
-1.2299880e-02
-7.0101190e-03
1.8945520e-04
9.9566940e-03
1.6101900e-02
2.1956660e-02
2.5384150e-02
2.1451340e-02
1.0486160e-02
-3.2604750e-03
-1.1759340e-02
-1.7337640e-02
-2.4740970e-02
-3.0874770e-02
-3.2688530e-02
-3.0048500e-02
-1.9853040e-02
-4.9517920e-03
4.7472260e-03
8.9108490e-03
1.0870070e-02
8.8378680e-03
7.4888890e-03
1.1894430e-02
1.9698420e-02
2.7913050e-02
3.3324230e-02
3.4686140e-02
2.8849900e-02
1.9927340e-02
1.4785800e-02
1.4205010e-02
1.1868860e-02
4.4716280e-04
-1.6487570e-02
-3.1402510e-02
-4.0594320e-02
-4.7237540e-02
-5.1191830e-02
-4.7351550e-02
-3.8683000e-02
-2.9461130e-02
-1.8581970e-02
-1.0287640e-02
-8.2042160e-03
-1.2558220e-02
-1.2885310e-02
-4.3129970e-03
5.8623460e-03
1.1837220e-02
1.1488700e-02
7.1586350e-03
4.5018550e-03
6.7107200e-03
6.5370900e-03
5.5513920e-05
-1.1853740e-02
-2.0386410e-02
-2.0652720e-02
-1.5513730e-02
-1.1001350e-02
-3.6278800e-03
7.8173020e-03
1.9178860e-02
2.4675700e-02
2.1079810e-02
1.2589270e-02
3.2409970e-03
-8.1526920e-03
-1.8035570e-02
-1.9243040e-02
-2.0349590e-02
-2.4531630e-02
-2.7808510e-02
-2.5670000e-02
-2.2354120e-02
-1.7010630e-02
-6.2415360e-03
1.0980720e-03
2.3057610e-03
2.5907670e-04
2.3348030e-04
9.3803990e-03
1.9429320e-02
2.0604150e-02
1.7648610e-02
1.5345250e-02
1.2404620e-02
1.0219980e-02
7.0185030e-03
6.3690860e-03
6.3025370e-03
8.0550660e-03
8.8480710e-03
7.0833100e-03
8.2660660e-03
1.1571470e-02
1.3439900e-02
1.1833060e-02
6.0045570e-03
-8.5774740e-04
-6.1483600e-03
-9.3684500e-03
-1.1948090e-02
-1.0571820e-02
-4.0029410e-03
6.0672650e-03
1.0922770e-02
1.3534070e-02
1.1869150e-02
7.4019720e-03
3.4818710e-03
8.3458300e-04
-4.0871030e-03
-1.2385970e-02
-1.8845260e-02
-2.1999730e-02
-2.1886160e-02
-2.1992370e-02
-2.5213320e-02
-2.2503020e-02
-1.0999900e-02
-2.5335960e-03
-8.8697860e-04
-5.1510880e-04
3.7750600e-03
8.0044090e-03
1.0861210e-02
1.3741080e-02
1.5542280e-02
1.5064460e-02
1.1821600e-02
6.1569320e-03
3.3618840e-03
6.6522550e-03
1.0907980e-02
1.4225810e-02
1.7219130e-02
1.8887430e-02
1.8833430e-02
2.0784380e-02
2.0852200e-02
2.0808340e-02
2.0096080e-02
1.6653070e-02
9.7119880e-03
8.1716260e-03
9.4316020e-03
9.1021120e-03
7.7297530e-03
5.3792410e-03
1.1004050e-03
-4.5282760e-03
-7.6769870e-03
-7.7775300e-03
-8.4263130e-03
-1.2692810e-02
-1.1150550e-02
-7.1165990e-03
4.8498660e-04
8.7721360e-03
1.4876310e-02
2.1816370e-02
2.2583440e-02
2.0709220e-02
1.8492570e-02
1.5529840e-02
9.6165560e-03
4.5007590e-03
4.5698360e-03
7.4156150e-03
7.7459430e-03
3.2211960e-03
-3.6657550e-03
-8.7933070e-03
-1.2479750e-02
-1.3816270e-02
-1.5275950e-02
-1.6167730e-02
-1.3814190e-02
-7.1766390e-03
-6.4126210e-05
3.3997730e-03
3.3514510e-03
1.4318420e-03
-9.3409920e-04
-3.9519810e-03
-7.4971540e-03
-1.0370020e-02
-9.3031160e-03
-7.9927400e-03
-7.8590050e-03
-8.0071150e-03
-7.0093950e-03
-5.2050060e-03
-5.0413880e-03
-4.9887820e-03
-4.4175600e-03
-4.7515450e-03
-2.9785310e-03
-1.9978640e-03
-1.2618770e-04
3.0719560e-03
6.1837260e-03
7.7660960e-03
9.0620510e-03
9.5375970e-03
8.1098530e-03
3.5850510e-03
-1.6721390e-04
-3.9551380e-03
-6.8067740e-03
-8.0845900e-03
-1.0342880e-02
-1.0754850e-02
-1.0791330e-02
-1.3669300e-02
-1.7280580e-02
-2.0885520e-02
-2.3443250e-02
-2.4343080e-02
-2.3697900e-02
-2.2556000e-02
-2.0005050e-02
-1.7940850e-02
-1.5593990e-02
-1.3550160e-02
-1.3556290e-02
-1.2101720e-02
-7.5504340e-03
-3.2095490e-03
-2.1462480e-03
-1.1404910e-03
3.6223420e-03
7.0674950e-03
9.3311440e-03
1.0162010e-02
1.3228530e-02
1.6245880e-02
1.8026410e-02
1.7113470e-02
1.2887010e-02
7.6669390e-03
1.5358930e-03
-1.2041390e-03
1.2184680e-03
1.6423440e-03
-2.4853940e-03
-9.4321270e-03
-1.5180270e-02
-1.6657330e-02
-1.5496110e-02
-1.5684220e-02
-1.4072980e-02
-1.2463240e-02
-1.2693230e-02
-1.2138490e-02
-9.6351170e-03
-1.0769310e-02
-1.2455140e-02
-1.2638380e-02
-1.1493330e-02
-8.0576470e-03
-4.6659250e-03
-1.4042150e-03
-9.4428050e-04
-5.3138180e-04
3.6895580e-03
6.3521750e-03
6.1375780e-03
4.3418690e-03
3.6738600e-04
-4.0731890e-03
-3.8153100e-03
-1.2672520e-03
-4.0249740e-06
-9.5942300e-04
-2.5592850e-03
-4.0883000e-03
-7.0766950e-03
-8.3730520e-03
-8.2956490e-03
-6.0009670e-03
-1.8535770e-03
1.7083500e-03
5.2049000e-03
9.2104810e-03
1.2535680e-02
1.4430340e-02
1.5009130e-02
1.3710010e-02
1.2471690e-02
1.2205870e-02
1.3104950e-02
1.5957340e-02
1.7934510e-02
1.8181970e-02
1.7467760e-02
1.2919030e-02
7.2981040e-03
3.1525590e-03
7.5677570e-04
-2.4277750e-03
-4.2948500e-03
-4.9158860e-03
-5.6005760e-03
-5.1259460e-03
-1.3886200e-03
4.4698030e-03
8.9581530e-03
1.2287750e-02
1.4157510e-02
1.5687710e-02
1.8356370e-02
1.9539970e-02
2.0084840e-02
2.0642320e-02
1.7848780e-02
1.1628200e-02
8.0215050e-03
7.3191710e-03
6.7197060e-03
6.5830590e-03
6.4997450e-03
3.4685260e-03
2.6936360e-03
4.2062110e-03
7.5227210e-03
9.4593250e-03
9.4281920e-03
9.4357080e-03
9.4555890e-03
9.4927110e-03
7.6553000e-03
4.7521830e-03
3.6202210e-03
2.0925950e-03
-3.4078690e-04
-3.8780090e-03
-4.8270650e-03
-4.2451030e-03
-3.1105300e-03
-1.9496820e-03
-2.5987490e-03
-5.3486510e-03
-7.6452380e-03
-7.7966270e-03
-5.4521700e-03
-2.5082560e-03
-3.6000910e-03
-5.0436650e-03
-2.2279430e-03
6.6632010e-04
4.5868210e-04
-2.1617040e-03
-4.6104800e-03
-7.2432280e-03
-7.9307340e-03
-5.2109220e-03
-1.4639720e-03
1.0289890e-03
2.2295890e-05
-4.3516420e-03
-7.1712790e-03
-8.1817280e-03
-9.6830540e-03
-8.1526990e-03
-4.3247460e-03
2.8149070e-04
9.0737830e-04
-1.4219500e-03
-4.3129620e-03
-7.2250920e-03
-7.9531150e-03
-4.7834240e-03
-1.0968180e-03
9.6804880e-04
-8.0902090e-04
-1.6257230e-03
5.4846920e-04
2.5143730e-03
2.5347520e-03
2.5964740e-03
4.1568800e-03
6.3191860e-03
6.6422530e-03
5.4538600e-03
4.1024490e-03
3.2862920e-03
1.2097500e-03
9.0242640e-04
9.0964560e-04
9.4739440e-04
8.1340380e-04
-1.9647500e-03
-6.4103100e-03
-1.0304300e-02
-1.3480530e-02
-1.8638880e-02
-2.1712480e-02
-2.2991360e-02
-2.1752720e-02
-2.0922780e-02
-2.2076320e-02
-2.2233890e-02
-2.0025580e-02
-1.7349390e-02
-1.3885650e-02
-8.3204980e-03
-1.7443640e-03
6.1663700e-03
9.0999860e-03
1.0500810e-02
1.1115490e-02
9.6990110e-03
6.8794320e-03
8.5166150e-03
1.1941420e-02
1.4020760e-02
1.1585470e-02
7.2756680e-03
3.7056550e-03
5.0995680e-04
-2.6605970e-03
-4.6393250e-03
-2.5861000e-03
-6.3701820e-04
7.9019620e-04
1.0309140e-03
1.4382660e-03
-1.4063510e-03
-2.5325100e-03
-4.9528850e-03
-4.1861900e-03
-2.0541610e-03
4.6211030e-04
3.4989420e-03
5.9002650e-03
5.3061260e-03
4.2474290e-03
2.1394330e-03
1.1102280e-03
-2.5628260e-04
-1.3327090e-03
-1.4282320e-03
1.6708690e-04
1.7518210e-03
1.9969800e-03
1.3794530e-03
-8.4009260e-04
-9.8150740e-04
1.2604710e-03
4.4217710e-03
5.1701130e-03
5.1234000e-03
5.6416230e-03
5.6444150e-03
6.3936000e-03
7.9432980e-03
8.7336520e-03
8.8268900e-03
8.6850980e-03
7.3866220e-03
5.2815240e-03
2.3048190e-03
2.4132920e-04
-1.2077070e-03
-2.7537680e-03
-2.5659360e-03
-3.5448920e-03
-5.1573640e-03
-5.1857160e-03
-2.9682460e-03
-1.1103210e-03
4.3816640e-04
1.4455600e-03
-7.1877620e-04
-2.3624010e-03
-1.0626030e-03
-1.0172150e-03
-2.6044020e-03
-3.1628340e-03
-1.6740110e-03
6.2503650e-04
1.9449660e-03
1.6317800e-03
2.4645250e-03
2.0061660e-03
9.7151810e-04
1.1164190e-03
5.8100500e-04
-1.6137200e-03
-1.9153790e-03
-7.4595910e-04
-4.0043000e-04
-1.6033390e-03
-1.4502970e-03
7.3796860e-04
1.0078540e-03
1.1064240e-03
6.0289040e-04
-1.6445850e-03
-1.5346620e-03
-1.9774040e-05
9.5484090e-04
1.0499970e-03
1.0435820e-03
9.3403240e-04
2.6922590e-03
3.2206790e-03
1.2521160e-03
1.0234010e-03
1.1030410e-03
2.2929430e-03
3.6449320e-03
3.8888690e-03
3.4147430e-03
1.7432090e-03
-1.3913290e-03
-1.8573220e-03
-1.8098730e-03
-1.8438360e-03
-1.8349130e-03
-1.8203010e-03
-1.8137450e-03
-1.7273120e-03
-2.4579550e-03
-4.5303760e-03
-5.9886060e-03
-7.3592400e-03
-7.7151300e-03
-7.0419290e-03
-4.2439090e-03
-2.0180260e-03
-1.8435530e-03
-1.7290890e-03
-2.5101350e-03
-4.8158520e-03
-7.3469520e-03
-7.5681590e-03
-5.4741610e-03
-4.7564560e-03
-6.6459030e-03
-8.1919860e-03
-9.7749050e-03
-9.9118030e-03
-4.6070840e-03
2.3544930e-03
6.0774670e-03
6.0361020e-03
3.1947990e-03
1.2674540e-03
9.8265230e-04
2.5872700e-03
3.9223880e-03
4.0058930e-03
3.1025760e-03
1.1872690e-03
-8.9519690e-04
-1.9867720e-03
-2.2593200e-03
-1.8632920e-03
-8.5258780e-04
1.0820150e-03
2.9938010e-03
4.8664410e-03
6.6947640e-03
6.8459630e-03
6.8297680e-03
6.8721950e-03
6.8298390e-03
6.8615740e-03
9.1344290e-03
1.2491660e-02
1.6599490e-02
1.9176440e-02
1.9020850e-02
1.7297340e-02
1.5404160e-02
1.3433860e-02
1.0831070e-02
7.2218670e-03
2.4742420e-03
8.8231990e-04
6.0826530e-04
2.2826900e-03
3.8823240e-03
4.0668510e-03
3.6981050e-03
8.9340270e-04
-1.3873550e-03
-2.9249560e-03
-3.3922870e-03
-1.7663610e-03
-1.7038520e-03
-1.7418370e-03
-1.6552800e-03
-1.8272650e-03
-3.8325140e-03
-6.4235600e-03
-7.5956650e-03
-8.8348830e-03
-1.0211320e-02
-1.0165710e-02
-8.9565180e-03
-9.5876360e-03
-1.0357220e-02
-1.0193800e-02
-8.3091200e-03
-7.4854700e-03
-5.0873070e-03
-2.0992740e-03
-1.4869160e-04
1.1991000e-03
1.3060270e-03
1.0009510e-03
-1.4410790e-03
-1.5602390e-03
2.3984860e-03
4.1949820e-03
3.2016220e-03
1.3580210e-03
1.3082840e-03
3.2201180e-03
4.1888490e-03
3.2057960e-03
1.2818020e-03
1.9722200e-03
5.4332010e-03
7.0268420e-03
6.8881140e-03
5.5430960e-03
4.3259280e-03
3.2791640e-03
7.1724060e-04
-1.0406000e-03
-9.6940700e-04
5.6607270e-04
1.3495440e-03
5.4529970e-04
-8.8585670e-04
-2.3093890e-03
-3.6803410e-03
-4.8334480e-03
-7.0140930e-03
-5.8725380e-03
-5.3751700e-03
-5.8752830e-03
-6.0486880e-03
-7.2318740e-03
-7.4488870e-03
-7.2725200e-03
-6.0352600e-03
-3.7742570e-03
-1.5600430e-03
-4.7064380e-04
-1.4285930e-03
-3.8053240e-03
-7.4193120e-03
-9.0647480e-03
-7.4657170e-03
-5.2468380e-03
-4.6624310e-03
-5.0721840e-03
-4.3852080e-03
-2.4383780e-03
-1.5098150e-03
4.5294610e-04
1.3594360e-03
1.2491160e-03
2.1502400e-03
3.5350100e-03
5.1530690e-03
5.4215220e-03
4.2008140e-03
4.1392890e-03
4.1246410e-03
4.1886220e-03
4.0598650e-03
2.1097080e-03
2.0909160e-04
-1.6011100e-03
-1.1097880e-03
1.0982060e-03
2.3790300e-03
4.2368230e-03
6.4564760e-03
7.0599850e-03
8.0822920e-03
7.7604940e-03
6.0651610e-03
3.1596880e-03
1.4997980e-03
4.8304660e-04
-2.7906920e-04
-1.7000010e-03
-2.9446500e-03
-4.0775470e-03
-4.2660690e-03
-5.8787230e-03
-6.0363270e-03
-4.1022310e-03
-2.9666560e-03
-2.0390130e-03
-9.3507580e-04
1.2965400e-03
2.4603180e-03
2.8254490e-03
3.8814840e-03
5.4757810e-03
6.5064210e-03
5.2916290e-03
3.1752920e-03
1.6701710e-03
1.4731500e-03
9.7579160e-04
-1.1700310e-03
-3.6629050e-03
-5.8284850e-03
-7.6155990e-03
-9.7706620e-03
-1.0089110e-02
-1.0204100e-02
-9.0365410e-03
-6.6906330e-03
-3.9553800e-03
-1.5596360e-03
1.1124990e-03
3.9061680e-03
4.1247500e-03
5.3922510e-03
7.0901480e-03
7.6329140e-03
7.4913340e-03
6.0320120e-03
3.4785490e-03
1.4336680e-03
1.6643410e-04
-8.2460980e-04
-1.4326510e-03
-1.5924490e-03
-2.7167820e-03
-2.9629030e-03
-2.1143800e-03
-1.5132890e-03
-1.6013510e-03
-6.3256470e-04
2.6164750e-06
-2.8753180e-04
-7.9528310e-04
-5.0870020e-04
3.9708980e-05
-1.0234730e-03
-1.3632500e-03
8.2283290e-04
1.4685980e-03
1.3900640e-03
1.4476630e-03
1.5968540e-03
-7.0367880e-04
-1.5161010e-03
-1.3567900e-03
-1.6496470e-03
-3.1376820e-03
-4.2843050e-03
-4.4844120e-03
-3.0630520e-03
-1.1662940e-03
6.3151410e-06
-1.0910640e-03
-1.5010020e-03
-1.2795670e-03
-2.3039850e-03
-4.3411210e-03
-5.4056100e-03
-4.7496670e-03
-3.8694170e-03
-1.7634200e-03
-1.4004570e-03
-1.4926390e-03
-1.4823140e-03
2.1544190e-03
6.0927470e-03
7.6469410e-03
7.9017380e-03
7.4762630e-03
6.6044220e-03
3.8711980e-03
1.6473970e-03
1.0374540e-04
-1.1643650e-03
-1.9939030e-04
-6.0009470e-04
-1.4697330e-03
-3.2543250e-03
-4.1588990e-03
-5.9420460e-03
-6.9830940e-03
-4.5939270e-03
-4.4459040e-03
-3.4418450e-03
-1.5666210e-03
-1.4491690e-03
-1.3536690e-03
-2.2102960e-03
-2.7066090e-03
-1.5917280e-03
-1.3867930e-03
-1.4938130e-03
-3.4550720e-03
-4.4640210e-03
-3.3013550e-03
-1.1749090e-03
1.8578500e-03
3.0407950e-03
1.5307290e-03
1.4739350e-03
1.4894170e-03
1.4658570e-03
1.4869680e-03
1.4520360e-03
1.4809760e-03
2.1032030e-03
1.7175810e-03
2.9884230e-03
4.0557770e-03
6.1038080e-03
7.2095300e-03
7.1102730e-03
7.2982160e-03
6.7166950e-03
4.1480570e-03
1.8697180e-03
1.3128910e-03
2.0005210e-03
4.2701350e-03
5.0926280e-03
4.2769800e-03
4.3014630e-03
4.1146520e-03
4.8370410e-03
7.1250270e-03
7.3488940e-03
6.5823430e-03
4.3421180e-03
4.0756760e-03
2.6154840e-03
1.4373820e-03
1.5346810e-03
1.2513440e-03
-2.9671130e-04
-1.3866980e-03
-1.4475800e-03
-1.5871150e-03
7.3227760e-04
1.3338230e-03
2.7269730e-03
4.3597290e-03
2.7305460e-03
1.3459280e-03
1.9276230e-03
3.9115670e-03
5.8902000e-03
7.0998130e-03
7.5745820e-03
7.6062590e-03
6.3603950e-03
3.8259240e-03
1.8386600e-03
9.8774350e-04
-2.9623360e-05
-4.3022850e-05
-1.0639200e-03
-3.0251150e-03
-4.3634510e-03
-4.3317090e-03
-4.2546430e-03
-5.9241700e-03
-7.2318300e-03
-7.1616110e-03
-7.2485320e-03
-7.2547640e-03
-7.2487790e-03
-7.2566080e-03
-7.2381460e-03
-7.2727010e-03
-7.2472490e-03
-6.0992730e-03
-5.6444650e-03
-5.1756450e-03
-5.2884950e-03
-4.4047380e-03
-4.3664800e-03
-2.0664060e-03
-1.4221010e-03
-1.4923450e-03
-1.4645700e-03
-1.4459080e-03
-1.4043540e-03
-1.4449650e-03
-3.4239900e-04
-1.2300960e-04
3.6781080e-04
1.2832240e-03
2.7499160e-03
4.2430610e-03
4.2015180e-03
4.3834690e-03
2.9925760e-03
1.4053210e-03
1.4321650e-03
1.6045970e-03
-3.4519920e-06
-1.3231580e-03
-2.0164850e-03
-4.3649420e-03
-4.3904660e-03
-4.3577630e-03
-4.3247580e-03
-4.4606160e-03
-3.3449070e-03
-1.8236920e-03
-1.4937870e-03
-1.4708330e-03
-1.5638720e-03
-1.3045320e-03
1.0159990e-03
1.5136920e-03
3.4962700e-04
-1.0122370e-03
-1.4893330e-03
-1.4702450e-03
-1.4663390e-03
-1.6293510e-03
-3.9244420e-04
1.3247730e-03
1.5348000e-03
3.2198100e-04
-1.3729820e-03
-1.6216870e-03
-3.9832640e-04
1.3154940e-03
2.0738420e-03
1.5584480e-03
4.4774910e-04
-1.3963580e-04
7.7815070e-06
1.3119230e-03
3.4367620e-03
4.1820030e-03
4.2212990e-03
4.1377150e-03
2.1961530e-03
1.4426920e-03
7.0909830e-04
-8.4804900e-04
-1.5656210e-03
-7.7386010e-04
6.2235600e-04
1.3612520e-03
1.4199480e-03
2.6101980e-03
4.0153840e-03
5.5167840e-03
6.8556660e-03
7.0979560e-03
7.0431180e-03
5.8163420e-03
4.4278930e-03
4.0994900e-03
3.0786130e-03
2.1906870e-03
1.3659560e-03
1.3745340e-03
2.4179400e-03
3.2454940e-03
3.0629960e-03
2.7623880e-03
2.7646990e-03
2.7680840e-03
3.8445780e-03
4.2784840e-03
3.7274300e-03
1.6498180e-03
1.3460270e-03
1.3782110e-03
1.3521370e-03
1.3580800e-03
1.3547770e-03
1.3504920e-03
1.3793840e-03
1.2651880e-03
1.6339680e-03
2.7798800e-03
1.8816560e-03
7.6332120e-04
-1.5243550e-03
-1.5589720e-03
-1.5440710e-03
-1.5561560e-03
-1.5854890e-03
-1.4908500e-03
-1.7330430e-03
-4.0228780e-03
-5.5168910e-03
-5.0371240e-03
-5.8266620e-03
-5.8855380e-03
-5.8844860e-03
-5.7859700e-03
-6.1652320e-03
-7.3677650e-03
-7.3616240e-03
-7.4519360e-03
-6.5275610e-03
-4.8370240e-03
-5.2274060e-03
-6.9198120e-03
-7.1595250e-03
-6.0250590e-03
-4.9591860e-03
-4.5428010e-03
-4.3397830e-03
-2.1737390e-03
-1.5890200e-03
-6.0748300e-04
-3.8499320e-04
-1.5393490e-03
-9.1051570e-04
-1.4745610e-03
-1.6948250e-03
-8.0559590e-04
9.1361140e-04
1.4979480e-04
-1.5253930e-03
-1.4898350e-03
-2.4437930e-03
-3.8234130e-03
-2.8447920e-03
-1.7134150e-03
-1.4740650e-03
6.8347980e-04
1.2503600e-03
2.1621090e-03
3.6141160e-03
4.1602360e-03
3.9475820e-03
1.9118580e-03
1.2164570e-03
1.4378920e-03
3.4759490e-03
4.2574280e-03
2.9788980e-03
1.2912590e-03
1.3721780e-03
4.2719610e-04
-1.1232960e-03
-1.5976430e-03
-1.6019570e-03
-1.6931260e-03
-6.5205070e-04
-1.0750640e-03
-1.6881890e-03
-1.5483850e-03
-1.8886600e-03
-2.7107980e-03
-1.7755310e-03
-1.4292520e-03
4.6890390e-04
-2.6634980e-04
-1.7198920e-03
-3.7243370e-03
-5.7825600e-03
-6.1570990e-03
-4.4998910e-03
-5.4898610e-03
-5.0716670e-03
-4.4912040e-03
-4.5443420e-03
-4.5391730e-03
-4.4979070e-03
-4.5976540e-03
-4.3896330e-03
-2.2250270e-03
-1.6073260e-03
-1.6603430e-03
-1.6231430e-03
-1.6071860e-03
-1.7869030e-03
-5.0116290e-04
1.1371430e-03
1.3985370e-03
3.5697160e-03
4.1373410e-03
4.0417090e-03
4.0703080e-03
4.0611100e-03
4.0867850e-03
4.0068040e-03
4.2008090e-03
5.4857060e-03
4.8031600e-03
4.1262070e-03
4.0698460e-03
4.1032080e-03
3.9795880e-03
2.2001080e-03
3.4666480e-04
-1.5246080e-03
-1.5893110e-03
4.0045350e-04
1.3132760e-03
1.1406640e-03
1.5287070e-03
3.7721160e-03
4.0706980e-03
4.0648480e-03
4.0192140e-03
4.1373930e-03
6.1187620e-03
6.9736710e-03
7.6065100e-03
7.1202520e-03
7.0703040e-03
5.5390340e-03
3.7594710e-03
1.7068300e-03
-2.3481890e-04
-1.6980230e-03
-3.6506900e-03
-4.6422880e-03
-3.6578270e-03
-1.5699370e-03
8.8561890e-04
1.2120890e-03
1.7696830e-03
2.7642900e-03
3.7719450e-03
2.9185430e-03
2.1990130e-03
1.8719680e-03
1.2698280e-03
1.2392120e-03
1.3100510e-03
1.1038830e-03
6.1086990e-04
1.2527130e-03
1.2665860e-03
1.2541560e-03
1.2629810e-03
1.2601020e-03
1.2604460e-03
1.2607440e-03
1.2608690e-03
1.2612250e-03
1.2600220e-03
1.2646360e-03
1.2587330e-03
1.2469310e-03
1.3535470e-03
7.1903580e-04
3.1799200e-04
1.1098870e-03
2.1224480e-03
4.0506270e-03
4.0680280e-03
4.1451930e-03
2.4603430e-03
1.1454100e-03
1.2734330e-03
1.2421710e-03
1.1638000e-03
1.1710110e-03
1.1695590e-03
1.1699330e-03
1.1700290e-03
1.1698770e-03
1.1784060e-03
1.1492120e-03
1.2087070e-03
1.1484890e-03
-8.8577830e-04
-2.5370600e-03
-4.4258240e-03
-4.4287750e-03
-4.3492620e-03
-4.5253440e-03
-3.2728900e-03
-1.7055470e-03
-3.7459260e-03
-3.9389420e-03
-3.7613980e-03
-3.7271650e-03
-3.6438010e-03
-3.5109930e-03
-3.3902920e-03
-3.2925590e-03
-3.1908490e-03
-3.0083280e-03
-2.8869110e-03
-2.7950950e-03
-2.6040530e-03
-2.5721370e-03
-2.4980490e-03
-8.1153620e-05
6.3003870e-04
5.9825890e-04
8.2066930e-04
3.9295330e-04
-1.6790750e-03
-1.8569750e-03
-1.9478660e-03
-9.3176690e-04
1.1031990e-03
1.1744660e-03
1.1942790e-03
1.2024610e-03
1.2318380e-03
1.3038790e-03
1.3043230e-03
1.3046230e-03
1.3062840e-03
1.3067570e-03
1.3061330e-03
1.3140090e-03
1.2800810e-03
1.2042540e-03
1.2417750e-03
1.3110950e-03
1.3155560e-03
1.3119810e-03
1.2954410e-03
1.4162010e-03
7.8530280e-04
2.3052480e-04
1.2257530e-03
1.2386090e-03
1.4128300e-04
-1.4044630e-03
-1.1465030e-03
1.0335310e-03
1.2613110e-03
2.8112500e-03
4.2518110e-03
3.6904380e-03
1.6161480e-03
1.3265390e-03
1.3188090e-03
1.4303960e-03
8.8447350e-04
-1.2783380e-03
-1.5771390e-03
-1.5500210e-03
-1.5553850e-03
-1.5601780e-03
-1.6497250e-03
5.8549120e-06
1.3623930e-03
1.3235900e-03
1.3436100e-03
1.3549800e-03
1.3132180e-03
1.4501340e-03
8.9870840e-04
-1.2644120e-03
-1.5645420e-03
-1.5271670e-03
-1.5561390e-03
-1.5496320e-03
-1.5134340e-03
-1.6608020e-03
-9.0679310e-04
1.1986510e-03
7.8892280e-04
-2.5908970e-04
-1.2758140e-03
-1.7038660e-03
-3.9713110e-03
-4.4402450e-03
-4.5699390e-03
-3.2409640e-03
-1.5194400e-03
-1.5430970e-03
-1.5264740e-03
-1.5659870e-03
-1.4031870e-03
-1.6734440e-03
-3.9676350e-03
-2.6256030e-03
-1.4938730e-03
2.5428710e-04
1.3985900e-03
1.3695800e-03
1.3735790e-03
1.3739200e-03
1.4981990e-03
3.2893290e-04
-9.2578740e-04
-1.4961150e-03
-1.5157060e-03
-1.5144780e-03
-1.5157220e-03
-1.5082260e-03
-1.5228880e-03
-1.5546330e-03
-1.4942270e-03
-1.5677680e-03
-1.0305300e-03
5.6688580e-04
1.2969180e-03
2.3709100e-04
6.0029300e-04
1.1893660e-03
1.4022780e-03
1.3916080e-03
1.4100720e-03
1.3705440e-03
1.4687990e-03
1.2759350e-03
-9.6047580e-04
-1.4205520e-03
-1.3671190e-03
-1.3977190e-03
-1.3920610e-03
-1.3905640e-03
-1.3892190e-03
-1.3921140e-03
-1.3908710e-03
-1.3591800e-03
-1.4992970e-03
-7.4519020e-04
1.2170090e-03
1.3747070e-03
1.5592910e-03
1.9686770e-03
1.4441530e-03
1.4221190e-03
-4.2122320e-04
-1.5045190e-03
-1.4596990e-03
-1.4795420e-03
-1.4813470e-03
-1.4829280e-03
-1.4370020e-03
-1.3769250e-03
-1.3771590e-03
-1.3764050e-03
-1.3755670e-03
-1.3743460e-03
-1.3762350e-03
-1.3735270e-03
-1.3625690e-03
-1.4248210e-03
-8.0956940e-04
7.4218430e-04
1.6327960e-03
-2.6116530e-04
-1.2921390e-03
-1.2493070e-03
-1.2220720e-03
-1.1698010e-03
-1.1654880e-03
-1.1698250e-03
-1.1619000e-03
-1.0819120e-03
-1.0650780e-03
-1.0666330e-03
-1.0654950e-03
-1.0638620e-03
-1.0676030e-03
-1.0576500e-03
-9.7681620e-04
-9.6179190e-04
-9.7146980e-04
-9.4499600e-04
-9.8360350e-04
-9.7661940e-04
7.9738470e-04
1.8615500e-03
1.8136390e-03
1.8344250e-03
1.9082480e-03
1.2365720e-03
9.7353960e-04
6.9211540e-04
1.6385530e-03
1.7896770e-03
1.7706390e-03
1.6767490e-03
-3.3128410e-04
-1.2089750e-03
-1.1264200e-03
-1.3706440e-03
-1.7526670e-03
-1.8560700e-03
-1.3919450e-03
-1.3797260e-03
-3.8014260e-04
1.3614860e-03
1.6086370e-03
3.5872440e-03
4.5997160e-03
4.4543610e-03
2.4546200e-03
1.6293040e-03
1.6886600e-03
1.0326560e-03
1.4932320e-03
1.7472650e-03
1.6971030e-03
1.9223420e-03
9.1840030e-04
-9.2251220e-04
-9.7266750e-04
-9.5169180e-04
-9.7473440e-04
-9.4962640e-04
-9.1169120e-04
-6.8484120e-04
-2.4595320e-04
1.2593120e-03
2.1569290e-03
2.1127350e-03
2.1428730e-03
2.2168460e-03
2.2554480e-03
2.1892500e-03
2.2842400e-03
4.2683480e-03
5.1420860e-03
5.2587530e-03
5.0418200e-03
4.0912460e-03
4.2467780e-03
4.4428450e-03
3.1408370e-03
2.4638820e-03
8.1573070e-04
-6.1644110e-04
-3.8368870e-04
-2.1093300e-03
-3.3917940e-03
-3.3478760e-03
-3.5348320e-03
-1.5526600e-03
-4.4882850e-04
-5.1367260e-04
-4.9055520e-04
-4.6988660e-04
-3.9425660e-04
-3.8709040e-04
-3.9566370e-04
-3.3150310e-04
-2.7302950e-04
-3.4045590e-04
-1.0607790e-04
1.4085520e-03
2.6054110e-03
2.6701930e-03
2.7519720e-03
2.4545740e-03
2.0666210e-03
6.2879620e-04
2.2503930e-04
-1.0067530e-04
-8.6215150e-05
-1.0732210e-04
-1.2338580e-04
5.1775350e-05
-1.4151230e-03
-2.9287170e-03
-2.8756340e-03
-2.9458270e-03
-2.8426560e-03
-2.1952330e-03
-3.0599330e-03
-2.0522210e-03
-2.3704910e-04
7.0153010e-04
2.8352330e-03
4.7144130e-03
3.7755050e-03
2.7173760e-03
2.9665190e-03
1.7983840e-03
3.5957760e-04
8.6491130e-04
-1.5188430e-04
-1.0700050e-04
1.2041450e-03
2.5311280e-03
2.8268690e-03
2.0127710e-03
5.8665790e-05
-1.6580180e-04
2.5005850e-05
-1.6582000e-03
-2.9822690e-03
-2.9290910e-03
-2.9457500e-03
-2.9665930e-03
-3.0492580e-03
-3.0342490e-03
-3.1097290e-03
-2.9323620e-03
-9.4956570e-04
1.0105640e-03
2.6626140e-03
2.7155630e-03
2.7383890e-03
3.2713890e-03
3.9299570e-03
5.5125980e-03
5.6755320e-03
5.5361280e-03
2.5232350e-03
2.2824460e-05
-2.2090730e-03
-3.0419860e-03
-2.9462740e-03
-2.9180110e-03
-4.1057460e-03
-3.3785250e-03
-2.9400520e-03
-3.0458040e-03
-2.9355130e-03
-1.8087770e-03
-2.6518260e-03
-2.9306790e-03
