0.01
1.5411310e-04
-7.1587040e-04
-1.5178510e-03
-1.8606720e-03
-1.3327280e-03
6.6599830e-05
1.7394000e-03
3.1486970e-03
3.8550750e-03
3.6131450e-03
2.4353570e-03
6.8617450e-04
-1.1471610e-03
-2.0577340e-03
-1.4949060e-03
3.0124730e-04
1.9883560e-03
2.0345700e-03
6.8719930e-04
-1.2374480e-03
-3.0336770e-03
-3.5115400e-03
-2.6237480e-03
-1.2329380e-03
-6.1425280e-04
-5.3902420e-04
-8.5747240e-04
-6.8456710e-04
3.0390650e-04
9.4994480e-04
2.2248930e-04
-2.0227080e-03
-4.9556020e-03
-6.7012450e-03
-6.6764540e-03
-4.8579210e-03
-2.9135340e-03
-1.5980010e-03
-5.3287580e-04
-3.4143610e-05
4.5505720e-04
1.8632890e-03
4.0446700e-03
5.7379860e-03
5.7094610e-03
3.7312810e-03
1.6609530e-03
1.0656590e-03
3.0095680e-03
5.8263930e-03
8.3396070e-03
9.1099730e-03
7.2548430e-03
3.6305270e-03
-5.8528640e-04
-3.5283640e-03
-3.5203110e-03
-1.2208280e-03
1.8883330e-03
4.4207580e-03
5.9956280e-03
5.9552650e-03
3.3791430e-03
-1.9161620e-03
-6.7582130e-03
-8.4577500e-03
-7.6705790e-03
-6.3404280e-03
-5.8174640e-03
-5.9846660e-03
-6.2854400e-03
-6.3273200e-03
-5.1105290e-03
-3.2526560e-03
-1.3302620e-03
2.0988620e-03
6.7072200e-03
1.1690320e-02
1.3773400e-02
1.0725300e-02
3.6890440e-03
-3.5713730e-03
-7.7692370e-03
-8.1759710e-03
-4.2698440e-03
4.0778160e-03
1.1722230e-02
9.7675840e-03
-3.2752240e-03
-1.9648960e-02
-3.2094740e-02
-3.4833660e-02
-2.4898410e-02
-5.8886560e-03
1.2422640e-02
2.2829990e-02
2.4538240e-02
1.9518210e-02
1.2766260e-02
7.7949970e-03
5.5106940e-03
4.7306910e-03
4.1561800e-03
3.0191260e-03
1.8768430e-03
-6.6497710e-05
-2.5833590e-03
-4.6997850e-03
-6.6085910e-03
-7.1593120e-03
-7.0247910e-03
-6.9685710e-03
-4.9377300e-03
-6.0784090e-05
6.3912700e-03
1.1510040e-02
1.5134090e-02
1.9186280e-02
2.2210280e-02
2.0886750e-02
1.3421750e-02
1.6227060e-03
-8.5191710e-03
-1.3043320e-02
-1.3377530e-02
-1.1833330e-02
-1.0343290e-02
-9.8405030e-03
-1.1800840e-02
-1.6422070e-02
-2.1431350e-02
-2.3116220e-02
-1.8978350e-02
-1.0044130e-02
2.5350610e-04
9.2454050e-03
1.4299750e-02
1.4269050e-02
1.0185240e-02
4.8445800e-03
6.0010670e-04
-1.2261750e-03
-3.5965930e-04
2.7780660e-03
6.5236690e-03
8.9010870e-03
7.7482390e-03
3.0941610e-03
-2.7124690e-03
-7.0747470e-03
-8.2040700e-03
-5.7323340e-03
5.3061880e-04
9.7148230e-03
1.6829710e-02
1.8464630e-02
1.5158950e-02
7.5917410e-03
-2.3410030e-03
-1.2117840e-02
-1.9370480e-02
-2.1532600e-02
-1.8222740e-02
-1.1940960e-02
-5.1482500e-03
-4.0132240e-04
2.5125730e-03
5.0960360e-03
8.6517300e-03
1.1893440e-02
1.2786600e-02
1.0379590e-02
6.7768540e-03
9.2657550e-04
-6.9503480e-03
-1.5042600e-02
-2.0079360e-02
-1.8703180e-02
-1.0564740e-02
1.3836880e-03
1.2673990e-02
1.9358530e-02
1.7903700e-02
9.2219350e-03
-3.2642580e-03
-1.2431230e-02
-1.4277070e-02
-6.5234310e-03
7.8035310e-03
2.2695050e-02
3.1574530e-02
2.8785460e-02
1.5060630e-02
6.3347080e-04
-7.8006970e-03
-8.5936740e-03
-5.9524800e-03
-3.1087620e-03
-2.0950850e-03
-4.6908350e-03
-1.1641800e-02
-2.1440650e-02
-2.8131550e-02
-2.8384790e-02
-2.1457150e-02
-1.1205330e-02
-3.5295080e-03
-4.1814500e-04
-1.1010160e-03
-2.9969640e-03
-3.0843590e-03
-1.6071720e-04
4.1319770e-03
6.5699310e-03
4.7612690e-03
-1.3527460e-04
-6.2999110e-03
-9.7556470e-03
-9.0879170e-03
-4.8484780e-03
8.3014870e-04
4.5488250e-03
4.1877830e-03
1.7287730e-03
4.6256930e-04
1.8290180e-03
4.4514000e-03
5.7398040e-03
4.6912590e-03
2.5176090e-03
1.4448590e-03
1.9160710e-03
2.9397060e-03
2.8949930e-03
5.2801210e-04
-4.7325630e-03
-1.3637130e-02
-2.3400370e-02
-2.8759640e-02
-2.8430770e-02
-2.2455810e-02
-1.3727270e-02
-6.4897600e-03
-3.0185550e-03
-1.6861370e-03
-2.5809610e-04
3.2347790e-03
8.1766320e-03
1.1894170e-02
1.3361900e-02
1.0993600e-02
4.4732480e-03
-4.2609120e-03
-1.0342630e-02
-1.0364620e-02
-4.7827850e-03
5.0270360e-03
1.5660840e-02
2.2366880e-02
2.4301590e-02
2.0723560e-02
1.2824510e-02
3.9263810e-03
-6.9522010e-04
-4.5991190e-04
2.1888660e-03
4.0605590e-03
3.2840010e-03
3.4754410e-04
-3.1901860e-03
-6.8081720e-03
-9.7841880e-03
-1.0803120e-02
-1.1343630e-02
-1.2280260e-02
-1.1959760e-02
-1.0619560e-02
-8.8968950e-03
-7.5799450e-03
-5.9721650e-03
-5.5312800e-03
-6.1467020e-03
-6.7110860e-03
-5.9985670e-03
-5.8176880e-03
-5.7659910e-03
-4.6972210e-03
-2.3676890e-03
1.2188970e-03
5.6255490e-03
1.0457110e-02
1.5454940e-02
1.8903500e-02
1.8617830e-02
1.4755030e-02
1.0279200e-02
5.9111570e-03
3.4055440e-03
1.5066590e-03
-5.7292390e-04
-3.0342130e-03
-6.1674340e-03
-8.7466980e-03
-9.8359160e-03
-1.1080800e-02
-1.3972110e-02
-1.9423270e-02
-2.6667440e-02
-3.2496220e-02
-3.5000970e-02
-3.3612530e-02
-2.9995840e-02
-2.6027140e-02
-2.2939780e-02
-2.0215820e-02
-1.8059570e-02
-1.6304030e-02
-1.3191940e-02
-1.0125720e-02
-9.1871450e-03
-1.0064800e-02
-1.3964270e-02
-1.8815050e-02
-2.3805100e-02
-2.8037550e-02
-3.0140020e-02
-3.0877910e-02
-3.0928890e-02
-3.0959150e-02
-3.1410350e-02
-3.1413290e-02
-3.0014250e-02
-2.6460850e-02
-2.1656280e-02
-1.4528080e-02
-4.7736390e-03
4.7600610e-03
1.2109090e-02
1.8178030e-02
2.0193110e-02
1.8233900e-02
1.4017680e-02
9.4686450e-03
5.0062380e-03
-4.6221860e-05
-4.6445050e-03
-8.3123120e-03
-1.0750860e-02
-1.0544770e-02
-6.9098450e-03
-6.5007020e-04
5.5182360e-03
9.2491870e-03
1.0928560e-02
1.2330820e-02
1.4476960e-02
1.7809690e-02
2.0383900e-02
2.1163600e-02
1.9565810e-02
1.5543130e-02
1.0070740e-02
2.7589340e-03
-6.8521780e-03
-1.7404040e-02
-2.8790230e-02
-3.8463750e-02
-4.5480540e-02
-5.1416720e-02
-5.4911590e-02
-5.6191250e-02
-5.2566070e-02
-3.8551030e-02
-1.6442460e-02
9.5307860e-03
4.4938970e-02
8.5491670e-02
1.2316320e-01
1.5949570e-01
1.9342250e-01
2.2016920e-01
2.3921820e-01
2.5273680e-01
2.5607070e-01
2.5021910e-01
2.3359240e-01
2.0164750e-01
1.5931070e-01
1.0406070e-01
5.2216670e-02
3.1755580e-03
-4.7661200e-02
-8.4459510e-02
-1.0961690e-01
-1.2030940e-01
-1.1243070e-01
-8.6345720e-02
-4.5684610e-02
3.3330690e-03
4.6585210e-02
7.2888530e-02
8.1891430e-02
7.4282590e-02
5.6128330e-02
2.9681640e-02
4.2467500e-03
-1.3098790e-02
-2.4686460e-02
-3.2699330e-02
-4.0712980e-02
-4.9493140e-02
-5.8455460e-02
-6.7002420e-02
-7.4837510e-02
-8.0505890e-02
-8.1755820e-02
-7.4463800e-02
-5.7225680e-02
-3.2173180e-02
-1.6891630e-03
2.7174100e-02
4.7426200e-02
6.2286340e-02
7.1110890e-02
7.3168190e-02
6.9570130e-02
6.2278570e-02
4.9586760e-02
3.1569040e-02
9.1717670e-03
-1.7396910e-02
-4.3032340e-02
-6.2487180e-02
-7.7490680e-02
-8.7557610e-02
-9.1139690e-02
-8.8821220e-02
-7.9132820e-02
-6.3348710e-02
-4.0775390e-02
-1.5220390e-02
1.1709990e-02
3.6261900e-02
5.4693120e-02
6.6183100e-02
6.8919700e-02
6.1816240e-02
4.6586320e-02
2.6634660e-02
3.1620690e-03
-1.4284140e-02
-2.3564420e-02
-2.3943430e-02
-1.6917360e-02
-4.6216410e-03
7.3013130e-03
1.2468710e-02
6.9888600e-03
-8.1855560e-03
-3.1014930e-02
-5.3278270e-02
-6.9638850e-02
-7.8922830e-02
-7.8886170e-02
-7.1008830e-02
-5.4917130e-02
-3.6005180e-02
-2.2282950e-02
-2.0427410e-02
-3.2807310e-02
-5.3581640e-02
-7.2063290e-02
-8.5489330e-02
-8.9924590e-02
-8.4780850e-02
-6.9006510e-02
-4.7969200e-02
-2.7172750e-02
-8.7512440e-03
5.5006440e-03
1.7617710e-02
2.6987610e-02
3.6980270e-02
4.7041210e-02
5.4066050e-02
5.8099370e-02
5.7623980e-02
5.3176880e-02
4.7606870e-02
4.4313780e-02
4.3252470e-02
4.2061700e-02
3.7111940e-02
2.5800920e-02
9.3472710e-03
-1.0150680e-02
-2.9644590e-02
-4.6727660e-02
-5.9105040e-02
-6.4882490e-02
-6.5877350e-02
-6.0928140e-02
-5.1987340e-02
-4.2531550e-02
-3.5761690e-02
-3.3409330e-02
-3.6388990e-02
-4.2670610e-02
-4.9998440e-02
-5.5891380e-02
-5.7766620e-02
-5.4224670e-02
-4.4572550e-02
-3.2934770e-02
-1.9004330e-02
-7.9747490e-03
-1.3440740e-03
1.2052930e-04
-6.6210330e-03
-2.1774940e-02
-4.1129670e-02
-5.9046320e-02
-6.9216410e-02
-6.7004840e-02
-5.3593700e-02
-3.1770210e-02
-8.6167910e-03
9.1712060e-03
1.9687280e-02
2.2348710e-02
1.9655840e-02
1.5116700e-02
1.2264260e-02
1.3989260e-02
2.0048300e-02
2.8955750e-02
3.8514910e-02
4.3823080e-02
4.2310490e-02
3.5367830e-02
2.7010730e-02
2.2097580e-02
2.2109380e-02
2.6281860e-02
3.1005710e-02
3.3984330e-02
3.2915650e-02
2.7429650e-02
1.9377210e-02
1.1644670e-02
8.8339910e-03
1.1417640e-02
1.8448480e-02
2.7438650e-02
3.3942710e-02
3.5693440e-02
3.0751150e-02
1.9244700e-02
4.8702310e-03
-9.4626770e-03
-2.1991920e-02
-2.9714560e-02
-3.0390710e-02
-2.4298590e-02
-1.2733800e-02
1.6027530e-03
1.4873500e-02
2.5775160e-02
3.0809030e-02
3.0707330e-02
2.6719930e-02
2.1725620e-02
1.9932150e-02
2.3299320e-02
3.1837460e-02
4.4559510e-02
5.8168220e-02
7.1228940e-02
8.2346330e-02
8.7169540e-02
8.5167880e-02
7.7442440e-02
6.6812060e-02
5.5986660e-02
4.7063050e-02
4.1295010e-02
3.7578950e-02
3.2704770e-02
2.5103260e-02
1.3399710e-02
-7.6360460e-04
-1.6154200e-02
-3.1057040e-02
-4.4242490e-02
-5.2372060e-02
-5.5106380e-02
-5.2723170e-02
-4.5959720e-02
-3.4683130e-02
-2.2639440e-02
-1.3265910e-02
-5.8808080e-03
-4.4446200e-04
4.6632770e-03
9.0880800e-03
1.3270520e-02
1.8198650e-02
2.3883260e-02
2.9908600e-02
3.5165840e-02
3.8040550e-02
3.9319770e-02
3.8941220e-02
3.7250790e-02
3.5260510e-02
3.2623720e-02
2.8395760e-02
2.2238010e-02
1.3242390e-02
1.6448790e-03
-1.2948330e-02
-2.5723400e-02
-3.6769230e-02
-4.6323060e-02
-5.4266190e-02
-6.0037810e-02
-6.4181240e-02
-6.6849190e-02
-6.7964870e-02
-6.7345540e-02
-6.5029730e-02
-6.2075440e-02
-5.9411750e-02
-5.8646250e-02
-6.0800760e-02
-6.3717160e-02
-6.5982920e-02
-6.6078200e-02
-6.2638310e-02
-5.3957430e-02
-4.0820200e-02
-2.5698300e-02
-1.0636730e-02
6.3648290e-03
1.9126120e-02
2.7030170e-02
3.0936680e-02
3.0718990e-02
2.7800090e-02
2.4358590e-02
2.2333500e-02
2.1454800e-02
2.1868970e-02
2.2999230e-02
2.3990000e-02
2.3711170e-02
2.1327920e-02
1.7112680e-02
1.1176230e-02
4.9434440e-03
-4.9619130e-04
-5.2785030e-03
-8.2250690e-03
-9.2691970e-03
-9.1888000e-03
-8.6264390e-03
-8.0202010e-03
-8.3985310e-03
-9.6272940e-03
-1.1596630e-02
-1.4415700e-02
-1.7372730e-02
-1.9992230e-02
-2.1148210e-02
-2.0771250e-02
-1.8342630e-02
-1.4645670e-02
-9.6967230e-03
-5.4922910e-03
-2.9101980e-03
-2.0316560e-03
-3.1704600e-03
-5.6252310e-03
-8.2421710e-03
-1.1767480e-02
-1.4682950e-02
-1.6286280e-02
-1.6380610e-02
-1.5205290e-02
-1.3948680e-02
-1.2620860e-02
-1.2289960e-02
-1.3018770e-02
-1.4552210e-02
-1.6334290e-02
-1.7626970e-02
-1.7588540e-02
-1.5276780e-02
-1.1137770e-02
-6.2947970e-03
-1.2515370e-03
2.0305390e-03
3.1208320e-03
1.9153090e-03
-6.5707710e-04
-2.8112820e-03
-3.9116330e-03
-3.5282540e-03
-1.1089480e-03
2.2978360e-03
5.3902760e-03
7.3330610e-03
7.5528550e-03
6.2098920e-03
3.9940950e-03
1.2904490e-03
-9.1616750e-04
-1.6427460e-03
-1.0531450e-03
6.4096790e-04
2.4406350e-03
3.6386830e-03
3.8846280e-03
3.1147450e-03
8.9034580e-04
-2.7980620e-03
-6.8762780e-03
-1.0150280e-02
-1.2995400e-02
-1.4507390e-02
-1.4501200e-02
-1.2948600e-02
-9.4428250e-03
-5.3626830e-03
-1.3483830e-03
2.2528660e-03
5.5528830e-03
8.2813960e-03
1.0251820e-02
1.1661270e-02
1.3322370e-02
1.5650420e-02
1.8719390e-02
2.2245460e-02
2.5639730e-02
2.8209220e-02
2.8990590e-02
2.8195220e-02
2.6352510e-02
2.4480960e-02
2.3758830e-02
2.5425590e-02
2.9080700e-02
3.3747780e-02
3.8915250e-02
4.3004950e-02
4.5048630e-02
4.4468000e-02
4.1177200e-02
3.7076220e-02
3.3168160e-02
2.9748150e-02
2.6772220e-02
2.4428410e-02
2.1923750e-02
1.9519220e-02
1.6837710e-02
1.3553200e-02
1.0321900e-02
7.1148120e-03
4.1139780e-03
1.1505530e-03
-1.7238260e-03
-4.5295930e-03
-8.0174440e-03
-1.1735620e-02
-1.6423540e-02
-2.1105520e-02
-2.5884430e-02
-3.0033330e-02
-3.3420860e-02
-3.4566030e-02
-3.3515890e-02
-3.0019640e-02
-2.5948600e-02
-2.1278200e-02
-1.6545620e-02
-1.2651370e-02
-1.0610130e-02
-9.5520430e-03
-8.4132110e-03
-6.4785140e-03
-3.6599820e-03
1.9884140e-04
4.6922130e-03
8.9203770e-03
1.1959280e-02
1.3352870e-02
1.3024890e-02
1.0851870e-02
7.3871980e-03
3.5575550e-03
4.3270930e-04
-1.4104310e-03
-3.1015220e-03
-4.0686990e-03
-4.4790170e-03
-4.6287630e-03
-3.9119160e-03
-2.4185430e-03
3.7850110e-05
3.0521070e-03
5.9068610e-03
9.8375740e-03
1.3523520e-02
1.7530920e-02
2.1970490e-02
2.5940300e-02
3.0004910e-02
3.3447040e-02
3.5840110e-02
3.7395100e-02
3.7565340e-02
3.6439080e-02
3.3679370e-02
2.9799180e-02
2.5799200e-02
2.2311710e-02
1.8814390e-02
1.6232020e-02
1.4646280e-02
1.3326410e-02
1.2556190e-02
1.1662610e-02
1.0023590e-02
8.3686490e-03
7.8302140e-03
8.1992890e-03
8.7467980e-03
1.0274320e-02
1.1994560e-02
1.3830240e-02
1.6167970e-02
1.8974810e-02
2.2004040e-02
2.5303750e-02
2.8280650e-02
3.0381930e-02
3.1323480e-02
3.1474960e-02
3.1456490e-02
3.1392950e-02
3.1147110e-02
3.0771390e-02
2.9845180e-02
2.8119050e-02
2.4871210e-02
2.0260820e-02
1.4981400e-02
1.0234770e-02
5.4195840e-03
1.4099200e-03
-2.0999880e-03
-5.3350520e-03
-8.1867490e-03
-1.1437530e-02
-1.4960260e-02
-1.8984370e-02
-2.3654280e-02
-2.8869130e-02
-3.4744350e-02
-4.0799700e-02
-4.5947350e-02
-4.9548010e-02
-5.2266480e-02
-5.4093020e-02
-5.5497500e-02
-5.5919140e-02
-5.5807400e-02
-5.5399290e-02
-5.4098080e-02
-5.2029190e-02
-4.8841590e-02
-4.4879850e-02
-4.1313960e-02
-3.8402880e-02
-3.5579290e-02
-3.3843990e-02
-3.2860970e-02
-3.1776700e-02
-3.0131900e-02
-2.7784060e-02
-2.5293240e-02
-2.2837640e-02
-2.0515960e-02
-1.8730280e-02
-1.7603170e-02
-1.6964700e-02
-1.6045570e-02
-1.5034570e-02
-1.3620490e-02
-1.1864930e-02
-1.0175730e-02
-8.2368860e-03
-6.7988110e-03
-5.4426250e-03
-4.7029520e-03
-4.8035530e-03
-5.3247460e-03
-6.4128060e-03
-7.7008400e-03
-8.9115130e-03
-9.8233420e-03
-1.0335640e-02
-1.0616720e-02
-1.0682080e-02
-1.0640340e-02
-1.0521380e-02
-1.0187360e-02
-9.7791790e-03
-9.8284020e-03
-9.6993460e-03
-9.1745600e-03
-8.2054910e-03
-6.9952880e-03
-5.0148390e-03
-2.2996720e-03
1.0186170e-03
5.7706160e-03
1.1451280e-02
1.6761850e-02
2.1512130e-02
2.5574070e-02
2.8848560e-02
3.0049800e-02
3.1119050e-02
3.2072790e-02
3.3301670e-02
3.4344560e-02
3.5268120e-02
3.5681910e-02
3.5109350e-02
3.3418860e-02
3.0885460e-02
2.7246340e-02
2.2745250e-02
1.8129240e-02
1.3827500e-02
1.0172760e-02
6.7009170e-03
4.0253900e-03
1.7617240e-03
-1.9150030e-04
-1.4194760e-03
-1.9727700e-03
-1.8541500e-03
-1.1199700e-03
1.3340390e-04
2.3032990e-03
4.9599880e-03
7.7610520e-03
1.0499210e-02
1.3169520e-02
1.5554960e-02
1.6926600e-02
1.7119240e-02
1.6220080e-02
1.4042850e-02
1.1071130e-02
8.5434910e-03
6.5984720e-03
5.2210970e-03
4.7185630e-03
4.2806810e-03
3.5638410e-03
2.0730580e-03
5.2209950e-05
-2.1315200e-03
-3.8535160e-03
-5.0167600e-03
-5.6769410e-03
-5.5676130e-03
-5.0142270e-03
-4.4727670e-03
-4.9294870e-03
-5.8812680e-03
-6.8761890e-03
-8.2361630e-03
-9.4136390e-03
-1.0206760e-02
-1.0330940e-02
-9.8961070e-03
-9.0655040e-03
-7.6979290e-03
-6.8199380e-03
-6.4351940e-03
-6.2694300e-03
-6.2161120e-03
-5.6835740e-03
-4.5545710e-03
-3.1447090e-03
-1.9463240e-03
-3.7468950e-04
1.8034600e-03
3.0892670e-03
3.8593560e-03
4.2003040e-03
3.4959350e-03
1.9509380e-03
-1.8167650e-04
-3.0337470e-03
-6.5013870e-03
-9.9692160e-03
-1.2754870e-02
-1.5393770e-02
-1.7559440e-02
-1.9381910e-02
-2.1041480e-02
-2.2575200e-02
-2.4261560e-02
-2.5580360e-02
-2.6400930e-02
-2.5971510e-02
-2.4355380e-02
-2.1842740e-02
-1.8665220e-02
-1.5096310e-02
-1.1828240e-02
-9.3763530e-03
-7.2565170e-03
-5.4288500e-03
-3.8226270e-03
-2.1573510e-03
-7.7830210e-04
1.1208060e-04
7.7081610e-04
1.4866820e-03
2.2984700e-03
3.1932390e-03
4.1997300e-03
5.1354300e-03
6.1542900e-03
7.0888670e-03
7.6092790e-03
8.0847390e-03
8.9227120e-03
9.7000770e-03
1.0719450e-02
1.1415680e-02
1.2226920e-02
1.2713020e-02
1.2752910e-02
1.2539060e-02
1.1972780e-02
1.1426610e-02
1.1067160e-02
1.1130620e-02
1.1525470e-02
1.1912760e-02
1.2346560e-02
1.2615690e-02
1.2382060e-02
1.1802760e-02
1.1174770e-02
1.0587020e-02
9.2983110e-03
7.4403010e-03
5.4621250e-03
3.1056290e-03
9.0019440e-04
-8.8344850e-04
-3.0143310e-03
-4.7208500e-03
-6.1276010e-03
-7.5793250e-03
-8.8679270e-03
-1.0058190e-02
-1.0833210e-02
-1.1289980e-02
-1.1340300e-02
-1.1047120e-02
-1.0868460e-02
-1.0258790e-02
-9.2429650e-03
-8.5416500e-03
-7.9770640e-03
-6.9738500e-03
-6.1031910e-03
-5.4782580e-03
-4.7395890e-03
-4.1596500e-03
-3.6962800e-03
-3.1506270e-03
-2.3727000e-03
-1.6401420e-03
-9.4715570e-04
-1.9802740e-04
6.8881570e-04
1.8061790e-03
3.4484630e-03
5.0636450e-03
6.4493400e-03
8.0877260e-03
9.3966100e-03
1.0404180e-02
1.1249280e-02
1.1878500e-02
1.2107350e-02
1.2271130e-02
1.2392340e-02
1.2399250e-02
1.1962090e-02
1.1024040e-02
9.3379640e-03
7.2350710e-03
4.7715410e-03
2.0903970e-03
-4.6637450e-04
-3.4313350e-03
-6.2072060e-03
-8.6512210e-03
-1.1017060e-02
-1.3108280e-02
-1.4451520e-02
-1.5646040e-02
-1.6678110e-02
-1.7175950e-02
-1.7651620e-02
-1.8016000e-02
-1.8011070e-02
-1.8193780e-02
-1.8365030e-02
-1.8270240e-02
-1.7883860e-02
-1.8007620e-02
-1.8421570e-02
-1.8766070e-02
-1.9124720e-02
-1.9417980e-02
-1.9444860e-02
-1.9151650e-02
-1.8256800e-02
-1.7035180e-02
-1.5574120e-02
-1.3971830e-02
-1.2445080e-02
-1.0211650e-02
-7.7933610e-03
-5.4028720e-03
-2.4819920e-03
7.3073920e-04
3.8587540e-03
7.1943940e-03
1.0003620e-02
1.2438790e-02
1.4530790e-02
1.5505860e-02
1.5904990e-02
1.5383950e-02
1.4312320e-02
1.3022940e-02
1.1777920e-02
1.0769310e-02
1.0479350e-02
1.0687670e-02
1.1354020e-02
1.2255440e-02
1.3245430e-02
1.4008780e-02
1.4740390e-02
1.5271400e-02
1.5806240e-02
1.6650530e-02
1.7424350e-02
1.8081700e-02
1.8357160e-02
1.8238520e-02
1.7554760e-02
1.6142120e-02
1.4173040e-02
1.2149850e-02
1.0031330e-02
7.5493600e-03
5.5177820e-03
2.8706920e-03
-2.5025560e-04
-2.8467980e-03
-5.8723500e-03
-9.1688200e-03
-1.2491710e-02
-1.5637280e-02
-1.8321550e-02
-2.0466160e-02
-2.2093450e-02
-2.2887850e-02
-2.3312590e-02
-2.3540140e-02
-2.3079040e-02
-2.2395850e-02
-2.2101300e-02
-2.1238340e-02
-1.9825790e-02
-1.8103610e-02
-1.5938510e-02
-1.3551360e-02
-1.1032760e-02
-8.3091390e-03
-5.8245770e-03
-3.4666800e-03
-8.5609040e-04
1.5431660e-03
3.5690730e-03
5.6182120e-03
7.0996150e-03
8.0692330e-03
9.0920490e-03
9.9957970e-03
1.0673180e-02
1.1855020e-02
1.3056300e-02
1.4182320e-02
1.4835850e-02
1.5844270e-02
1.6932140e-02
1.7533430e-02
1.7910270e-02
1.8184460e-02
1.8503960e-02
1.8670940e-02
1.8891750e-02
1.8862080e-02
1.8718940e-02
1.8611600e-02
1.8392820e-02
1.7756650e-02
1.7056440e-02
1.6844060e-02
1.6212260e-02
1.5299380e-02
1.4545020e-02
1.3596360e-02
1.2255310e-02
1.0817970e-02
9.5477990e-03
8.2413380e-03
7.1402630e-03
6.4380780e-03
6.3941500e-03
6.7097880e-03
7.1279370e-03
7.3316690e-03
7.4551090e-03
7.0302260e-03
5.8238720e-03
4.0774080e-03
1.8099940e-03
-2.9872830e-04
-2.8214440e-03
-4.6212870e-03
-5.9499720e-03
-6.6042830e-03
-6.6715040e-03
-6.1758340e-03
-4.9823320e-03
-3.8482830e-03
-2.8465880e-03
-2.0745680e-03
-1.3329370e-03
-4.6532510e-04
4.2219910e-04
1.1494430e-03
1.7113010e-03
2.5880280e-03
3.6121060e-03
4.3114470e-03
5.1177740e-03
6.0538680e-03
6.5172610e-03
6.8537360e-03
7.1084730e-03
6.8907120e-03
6.2092010e-03
5.5308140e-03
5.2229580e-03
4.2060600e-03
3.2829680e-03
3.1044090e-03
3.0000610e-03
3.3790520e-03
4.1159510e-03
4.6026460e-03
4.8698240e-03
4.8215370e-03
4.2329850e-03
3.0312800e-03
1.7012520e-03
1.8668960e-04
-1.2766530e-03
-2.4784750e-03
-3.4188390e-03
-4.0360200e-03
-4.5538740e-03
-4.6175890e-03
-4.6044500e-03
-4.5322580e-03
-3.5885090e-03
-3.0829590e-03
-2.5261290e-03
-1.8746590e-03
-1.5079680e-03
-9.6702740e-04
-4.4713310e-04
2.6002380e-04
8.9570690e-04
1.5502070e-03
1.8595270e-03
1.6812770e-03
8.1188200e-04
-2.4343380e-04
-1.6399050e-03
-3.5482830e-03
-5.2816300e-03
-6.3065380e-03
-6.9959190e-03
-7.6202000e-03
-8.0376480e-03
-8.3302830e-03
-8.5364700e-03
-8.7565820e-03
-8.8198040e-03
-9.0442670e-03
-9.0495400e-03
-8.4143150e-03
-7.4661460e-03
-6.9536730e-03
-6.3938830e-03
-5.8691900e-03
-5.6944890e-03
-5.6461210e-03
-6.0783630e-03
-6.7371180e-03
-7.2181310e-03
-7.6744070e-03
-7.8021340e-03
-7.5889570e-03
-7.1627370e-03
-6.5306090e-03
-6.2515460e-03
-6.3278910e-03
-6.4244380e-03
-6.7107880e-03
-7.1237310e-03
-7.4959460e-03
-7.7836760e-03
-8.4279210e-03
-9.3331130e-03
-1.0495970e-02
-1.1177100e-02
-1.1761170e-02
-1.2200580e-02
-1.2335360e-02
-1.1861480e-02
-1.0967620e-02
-9.4447630e-03
-7.8573060e-03
-6.0800210e-03
-4.4200540e-03
-3.0104890e-03
-1.5972130e-03
-4.5832950e-04
2.8953340e-04
6.1825760e-04
8.3274370e-04
1.1474820e-03
1.4253560e-03
1.6510990e-03
1.8050300e-03
2.4827300e-03
3.3862100e-03
4.6296350e-03
5.6764130e-03
6.2462580e-03
7.2278410e-03
8.5419650e-03
9.0723860e-03
9.5752040e-03
1.0094850e-02
1.0337480e-02
1.0358570e-02
1.0273360e-02
9.6770970e-03
8.5957520e-03
7.9615740e-03
7.2343340e-03
6.5202110e-03
5.4401910e-03
4.2640590e-03
2.8440880e-03
1.5841190e-03
6.2948710e-04
1.3728100e-04
2.2610930e-04
1.2601560e-03
3.0065050e-03
5.1623780e-03
7.1767470e-03
8.7655360e-03
9.7704350e-03
1.0589580e-02
1.0901220e-02
1.0602030e-02
9.8288600e-03
8.8609100e-03
8.0731020e-03
7.2175200e-03
6.3513000e-03
5.8076070e-03
5.5702480e-03
5.6309290e-03
6.1258990e-03
6.7844600e-03
7.2866860e-03
8.0385650e-03
8.7449850e-03
9.0263540e-03
9.0002530e-03
8.5895360e-03
8.0352000e-03
7.3108400e-03
6.2227120e-03
4.9903030e-03
4.1404870e-03
3.5203860e-03
3.0242000e-03
2.1324160e-03
1.3641290e-03
7.2027340e-04
-7.5936130e-05
-8.6025610e-04
-1.7885280e-03
-2.5586550e-03
-3.1772910e-03
-3.3638270e-03
-3.2458480e-03
-2.9570970e-03
-2.4701400e-03
-1.8204950e-03
-1.3353260e-03
-9.8017990e-04
-7.1204380e-04
-6.4370700e-04
-1.1626490e-03
-2.1123570e-03
-3.0557730e-03
-4.3248520e-03
-5.8245160e-03
-7.3594540e-03
-8.5345190e-03
-9.3372920e-03
-9.8377590e-03
-1.0055320e-02
-9.7900850e-03
-9.4432620e-03
-8.9262080e-03
-8.6259890e-03
-8.3968330e-03
-8.2043400e-03
-7.9072610e-03
-7.6801560e-03
-6.9195750e-03
-6.0649650e-03
-5.4109700e-03
-4.4047260e-03
-3.2486590e-03
-1.7663150e-03
-1.4990880e-04
1.4886650e-03
2.8710320e-03
4.2838860e-03
5.1626400e-03
5.5581270e-03
5.3093200e-03
5.2727290e-03
5.3552910e-03
4.8199280e-03
4.4010220e-03
4.3074250e-03
3.4786000e-03
2.6340630e-03
1.8404750e-03
3.0532450e-05
-2.0227420e-03
-3.7875580e-03
-5.5468060e-03
-7.1932580e-03
-8.4873100e-03
-9.9575690e-03
-1.0971830e-02
-1.1828900e-02
-1.2371770e-02
-1.2957430e-02
-1.3380810e-02
-1.3832260e-02
-1.3604100e-02
-1.2999520e-02
-1.2793460e-02
-1.2568830e-02
-1.2254780e-02
-1.1865790e-02
-1.1677140e-02
-1.1365130e-02
-1.0931630e-02
-1.0309750e-02
-9.6176290e-03
-8.9306800e-03
-8.2116270e-03
-8.1120490e-03
-8.3401630e-03
-8.7219020e-03
-9.3766060e-03
-1.0269110e-02
-1.1275160e-02
-1.2081050e-02
-1.2552280e-02
-1.3027440e-02
-1.3125310e-02
-1.2863610e-02
-1.2579330e-02
-1.1920660e-02
-1.0958890e-02
-1.0268070e-02
-9.5156670e-03
-8.2502670e-03
-7.0930500e-03
-6.0559250e-03
-4.9397620e-03
-3.2286150e-03
-1.2867910e-03
6.0045120e-04
2.3753190e-03
4.3068720e-03
6.2168490e-03
7.6932850e-03
8.7646890e-03
9.6262640e-03
9.9115620e-03
1.0098960e-02
1.0248960e-02
1.0549610e-02
1.0964470e-02
1.1490520e-02
1.2309000e-02
1.2859750e-02
1.3568130e-02
1.4104840e-02
1.4487120e-02
1.4799630e-02
1.5087640e-02
1.5267630e-02
1.5503860e-02
1.5673950e-02
1.6063790e-02
1.6345200e-02
1.6376920e-02
1.6125200e-02
1.5923900e-02
1.5412310e-02
1.4613250e-02
1.3574690e-02
1.2936460e-02
1.2389120e-02
1.1965460e-02
1.1868430e-02
1.2258840e-02
1.2108110e-02
1.1721240e-02
1.1451510e-02
1.0922760e-02
1.0169560e-02
9.4244290e-03
8.5116100e-03
7.4965480e-03
6.4928500e-03
5.3066550e-03
3.2995910e-03
1.6145380e-03
3.7175040e-04
-2.0845970e-04
-4.6934790e-04
-4.1265340e-04
-4.4319040e-04
-8.1026480e-04
-1.2230270e-03
-2.0214650e-03
-3.0947700e-03
-4.2497500e-03
-5.2246840e-03
-6.1239000e-03
-6.7680310e-03
-7.4245660e-03
-7.9222110e-03
-7.9429190e-03
-7.8476850e-03
-7.9763570e-03
-8.0258730e-03
-8.0867740e-03
-8.3409560e-03
-8.5944000e-03
-9.0300210e-03
-9.3864410e-03
-9.5127790e-03
-9.2070210e-03
-8.6639480e-03
-7.7400530e-03
-6.7983100e-03
-5.9649010e-03
-5.0673040e-03
-4.7958890e-03
-4.7983560e-03
-5.2907450e-03
-6.0171470e-03
-6.7050300e-03
-6.9751050e-03
-6.5271560e-03
-6.0626200e-03
-5.3372150e-03
-4.3273990e-03
-3.4682910e-03
-2.3645430e-03
-1.2504820e-03
-3.0467760e-04
5.0977520e-04
1.5306340e-03
2.3168360e-03
2.5569920e-03
2.7696980e-03
2.9570660e-03
2.9630040e-03
2.9469880e-03
2.8392560e-03
2.7052090e-03
2.2214060e-03
1.7616290e-03
1.3209680e-03
6.1484480e-04
-2.7809560e-04
-1.0995740e-03
-1.7452240e-03
-2.2434720e-03
-2.1486360e-03
-1.5467930e-03
-7.2424290e-04
-4.6000690e-05
5.8773220e-04
1.1208900e-03
1.3578080e-03
1.6516140e-03
1.7036020e-03
1.8938730e-03
1.9712660e-03
1.9889660e-03
1.8275980e-03
1.7787570e-03
1.2978900e-03
4.1566310e-04
-5.8366000e-04
-1.6055580e-03
-2.6138600e-03
-3.4645290e-03
-3.9115230e-03
-3.9576880e-03
-3.7608850e-03
-3.0144300e-03
-1.9992170e-03
-9.7113710e-04
-1.8727790e-04
3.2745310e-04
4.3780270e-04
3.1712430e-04
6.2654930e-05
-5.6657860e-04
-1.1086090e-03
-1.3715130e-03
-1.6223990e-03
-2.2173190e-03
-2.8905030e-03
-3.4771830e-03
-4.2593240e-03
-5.3401800e-03
-6.2035600e-03
-7.0904460e-03
-7.8821080e-03
-8.4365680e-03
-8.9885700e-03
-9.4304070e-03
-9.6875780e-03
-1.0006640e-02
-1.0162200e-02
-1.0282760e-02
-1.0446760e-02
-1.0428980e-02
-9.9228530e-03
-9.1153830e-03
-7.9015130e-03
-6.4598310e-03
-4.7760480e-03
-3.0177540e-03
-1.7931330e-03
-5.2627000e-04
4.8234460e-04
9.1299630e-04
1.1559960e-03
1.2472730e-03
1.2250090e-03
9.1772990e-04
7.1186190e-04
4.0637900e-04
1.0672630e-04
-7.9255610e-05
-1.5640180e-04
-2.2523870e-04
-4.1588470e-04
-4.6955260e-04
-4.4485150e-04
-7.1417400e-04
-7.4194160e-04
-5.4918710e-04
-2.6375270e-04
1.5991110e-04
6.9759020e-04
1.1852070e-03
2.1792910e-03
3.2174980e-03
4.0202280e-03
4.5226460e-03
5.2217060e-03
5.9638350e-03
6.4315450e-03
6.9779920e-03
7.3795900e-03
7.6997050e-03
8.1041030e-03
8.2159540e-03
8.1711070e-03
8.0806780e-03
7.6538170e-03
7.2518700e-03
6.7793440e-03
6.4936830e-03
6.3491780e-03
6.3316770e-03
6.3137730e-03
6.1766400e-03
5.9707060e-03
5.5026520e-03
4.5796790e-03
3.8435420e-03
3.3179380e-03
2.8732520e-03
2.9587320e-03
3.2138960e-03
3.6456680e-03
4.1426190e-03
4.6010650e-03
4.8776160e-03
5.0365520e-03
4.9114600e-03
4.5030700e-03
3.7160650e-03
2.4393960e-03
9.8481210e-04
-6.4013600e-04
-1.7213090e-03
-2.4570940e-03
-2.9273750e-03
-2.9737660e-03
-3.5130700e-03
-3.5765010e-03
-3.5083550e-03
-3.5202240e-03
-3.5214110e-03
-3.5070090e-03
-3.6088540e-03
-3.5496100e-03
-3.6804450e-03
-3.7703130e-03
-3.8297330e-03
-3.4618790e-03
-3.2756820e-03
-3.0615140e-03
-2.7734900e-03
-2.3651930e-03
-1.6848510e-03
-6.7087520e-04
3.6496750e-04
2.0633630e-03
4.0837730e-03
6.1426160e-03
8.3734980e-03
1.0255240e-02
1.2071260e-02
1.3690350e-02
1.4743990e-02
1.5195170e-02
1.5613920e-02
1.5763060e-02
1.5438640e-02
1.4751910e-02
1.3943840e-02
1.2923610e-02
1.2047190e-02
1.1317000e-02
1.0756900e-02
1.0469190e-02
1.0214950e-02
1.0152040e-02
1.0239460e-02
1.0205040e-02
1.0247900e-02
1.0183590e-02
9.7335690e-03
9.1599550e-03
9.0145390e-03
8.9138430e-03
8.6012710e-03
8.3073390e-03
7.9476610e-03
7.4662910e-03
6.8423030e-03
5.8140910e-03
4.6101060e-03
3.1811350e-03
2.0477340e-03
1.1053220e-03
-3.6413830e-04
-1.5197340e-03
-2.3271810e-03
-3.2175020e-03
-3.9891360e-03
-4.5437490e-03
-4.9504190e-03
-5.3315120e-03
-5.5931570e-03
-5.5489560e-03
-5.5265810e-03
-5.5894430e-03
-5.5564680e-03
-5.3587030e-03
-4.9859210e-03
-4.3932460e-03
-3.6373480e-03
-3.1676890e-03
-2.8499080e-03
-2.4538090e-03
-2.4909710e-03
-2.7192820e-03
-2.9299410e-03
-3.3322480e-03
-3.5794230e-03
-3.8588410e-03
-4.0236770e-03
-4.4274520e-03
-4.9032230e-03
-5.1017810e-03
-5.4619100e-03
-5.5817000e-03
-5.5437340e-03
-5.5545200e-03
-5.6725790e-03
-5.8555890e-03
-6.3838060e-03
-7.0609040e-03
-7.3651050e-03
-7.5074330e-03
-7.7518860e-03
-7.6540290e-03
-7.5779960e-03
-7.3367200e-03
-7.0434420e-03
-6.7247130e-03
-6.4190570e-03
-6.3668200e-03
-6.1193130e-03
-5.8577980e-03
-6.1183620e-03
-6.3912260e-03
-6.4072760e-03
-6.2963180e-03
-6.2881010e-03
-6.3561680e-03
-6.2391400e-03
-6.0542480e-03
-5.5845910e-03
-5.0456890e-03
-4.5474930e-03
-4.1024560e-03
-3.5691310e-03
-3.0788560e-03
-2.8783480e-03
-3.0371630e-03
-3.2562720e-03
-3.5893900e-03
-3.9570250e-03
-5.4156480e-03
-6.6984500e-03
-6.9724860e-03
-7.0928990e-03
-6.9538870e-03
-6.4654100e-03
-5.7533160e-03
-5.0928710e-03
-4.3761420e-03
-3.9888430e-03
-3.7507970e-03
-3.8188120e-03
-3.9527180e-03
-3.5636830e-03
-3.2077520e-03
-2.7504020e-03
-2.1825480e-03
-1.7726640e-03
-1.3577840e-03
-7.6362440e-04
-2.3348430e-04
-1.0198330e-04
-2.2693480e-04
-1.9429750e-04
-8.8958830e-05
3.0026380e-04
7.5006090e-04
9.0958060e-04
1.2739900e-03
2.1339140e-03
2.6091380e-03
2.6590110e-03
2.9765960e-03
3.3664060e-03
3.5840560e-03
3.9158210e-03
4.2004820e-03
4.1431970e-03
4.2653300e-03
4.1952290e-03
3.9691070e-03
3.7060190e-03
3.3583380e-03
3.0228270e-03
2.7660610e-03
2.5684660e-03
2.4785110e-03
2.6055380e-03
2.7193480e-03
2.8626730e-03
2.7909530e-03
2.8234800e-03
2.7468350e-03
2.5442460e-03
2.3465190e-03
2.2093670e-03
1.9232120e-03
1.6254490e-03
1.1303340e-03
7.3068500e-04
4.5945900e-04
2.4544490e-04
-2.3061960e-05
-5.8754210e-04
-8.5533560e-04
-1.0037260e-03
-1.2288960e-03
-1.4173750e-03
-1.4048780e-03
-1.0850310e-03
-6.5530010e-04
-4.2204490e-04
-2.5130730e-04
-3.4113470e-05
-1.1185620e-04
-1.7297140e-04
-4.1056160e-04
-6.5621510e-04
-8.4512890e-04
-8.7463660e-04
-9.9001430e-04
-1.1791350e-03
-1.0528970e-03
-6.2146210e-04
-6.9670240e-05
5.0514310e-04
9.8706360e-04
1.4332000e-03
1.9023700e-03
2.0542140e-03
2.2091510e-03
2.1973070e-03
2.1321430e-03
1.9748300e-03
1.7293670e-03
1.2541600e-03
9.8758420e-04
6.8332260e-04
