0.01
8.8627860e-04
3.2508190e-03
3.9969400e-03
3.3357410e-03
3.1779090e-03
4.3951030e-03
5.6664170e-03
6.5701150e-03
6.1801150e-03
5.5920900e-03
6.0145690e-03
6.7898250e-03
6.4971420e-03
6.2596280e-03
6.0648990e-03
5.9154670e-03
5.1250800e-03
2.4144110e-03
-8.7687580e-04
-2.6639090e-03
-3.3661010e-03
-3.5368140e-03
-4.7925030e-03
-8.2026220e-03
-1.2907120e-02
-1.5885280e-02
-1.5224330e-02
-1.3639300e-02
-1.2853580e-02
-1.3249290e-02
-1.2683080e-02
-1.0566290e-02
-8.6685030e-03
-7.0218230e-03
-5.0151430e-03
-2.5388720e-03
-2.3488250e-04
1.0379560e-03
6.0852450e-04
-1.7486970e-04
1.0590230e-04
8.9377890e-04
2.8585670e-03
5.2774210e-03
7.4016120e-03
8.5419360e-03
1.0139860e-02
1.2766230e-02
1.4578970e-02
1.5570510e-02
1.7228250e-02
1.8965780e-02
2.0167720e-02
1.7564490e-02
1.3574230e-02
1.1392640e-02
9.1267600e-03
6.7036790e-03
5.6525340e-03
3.4950130e-03
-1.0390510e-03
-6.0842800e-03
-6.5380420e-03
-4.8453360e-03
-4.8796040e-03
-4.6642250e-03
-4.7982600e-03
-7.6636070e-03
-1.0637850e-02
-1.1955530e-02
-1.3354510e-02
-1.4440230e-02
-1.5265580e-02
-1.4340660e-02
-1.2855030e-02
-8.7508250e-03
-4.6613500e-03
-3.8535820e-03
-4.9089770e-03
-6.3157430e-03
-6.7445500e-03
-5.6829540e-03
-4.7366660e-03
-2.4236200e-03
3.1834640e-03
8.7942730e-03
1.1480870e-02
1.1870960e-02
7.4484310e-03
3.4822060e-03
2.2883150e-03
1.3400360e-03
-5.3240580e-04
-2.0491000e-03
-1.9460880e-03
3.7971270e-04
2.3069580e-03
6.0151900e-03
9.8057410e-03
1.2515970e-02
1.5051740e-02
1.5214400e-02
1.3398110e-02
1.0984370e-02
9.4434670e-03
1.0000940e-02
1.0094420e-02
9.3902270e-03
9.5208070e-03
8.4804850e-03
6.2009840e-03
2.0465880e-03
-2.9177290e-03
-7.1746630e-03
-1.1483850e-02
-1.6005500e-02
-1.8793880e-02
-2.2766850e-02
-2.6322460e-02
-2.6120060e-02
-2.2975470e-02
-1.9181970e-02
-1.4900820e-02
-1.1435560e-02
-9.6028710e-03
-8.2461970e-03
-7.0268190e-03
-4.8898660e-03
-2.5841970e-03
2.1188900e-03
6.5058240e-03
8.9979130e-03
1.0070200e-02
9.3953210e-03
7.9422380e-03
8.9748850e-03
1.1756900e-02
1.2521470e-02
9.1223130e-03
5.1402510e-03
5.9362630e-03
9.2134980e-03
1.2781670e-02
1.2281790e-02
8.4925280e-03
5.7373680e-03
3.3643920e-03
-7.4924550e-04
-5.8575100e-03
-9.5690810e-03
-1.2024350e-02
-1.0701960e-02
-8.4369570e-03
-6.7623000e-03
-3.1408130e-03
1.9201230e-03
2.7393850e-03
2.1062420e-03
2.7205090e-03
4.0908750e-03
4.3359140e-03
5.4875820e-03
7.4813670e-03
1.0910430e-02
1.5265860e-02
2.1146920e-02
2.7483400e-02
3.1198470e-02
3.6267980e-02
4.2792070e-02
4.7200650e-02
4.5119540e-02
3.7813890e-02
3.0599630e-02
2.4590110e-02
1.9925070e-02
1.6957880e-02
1.3718750e-02
5.9594370e-03
-6.9987840e-03
-2.4578090e-02
-4.0404220e-02
-4.8091090e-02
-5.1064900e-02
-5.4921090e-02
-6.3262560e-02
-7.2595940e-02
-7.5153130e-02
-6.8633980e-02
-5.9856610e-02
-5.6140140e-02
-5.4343660e-02
-5.0340140e-02
-4.5479100e-02
-3.9664530e-02
-3.2980410e-02
-2.3339550e-02
-1.3319650e-02
-5.8239810e-03
2.0635030e-03
1.1987150e-02
2.4164860e-02
3.6478680e-02
4.8016360e-02
5.7214840e-02
6.7244140e-02
7.4653280e-02
7.8274450e-02
7.8469360e-02
7.7458700e-02
7.4386400e-02
6.5815650e-02
5.2141700e-02
3.6319110e-02
1.8450680e-02
2.0407540e-03
-1.0934200e-02
-2.2957110e-02
-3.1023450e-02
-3.1867210e-02
-3.0385810e-02
-3.2570390e-02
-3.7058830e-02
-4.5030690e-02
-5.6620500e-02
-7.1745050e-02
-8.9372890e-02
-1.0479530e-01
-1.1023880e-01
-9.7599830e-02
-6.6127740e-02
-3.5413080e-02
-2.5022630e-02
-3.0524700e-02
-2.9840160e-02
-1.5724160e-02
-1.3220200e-05
9.7107380e-03
1.7966060e-02
2.9323170e-02
4.2111330e-02
5.6059320e-02
7.1508970e-02
8.2723250e-02
9.0583660e-02
9.5152510e-02
9.4237890e-02
9.0981120e-02
8.6031780e-02
7.6900990e-02
6.2967660e-02
4.6561110e-02
3.0647360e-02
1.5518900e-02
7.6627850e-04
-8.4751650e-03
-1.6863940e-02
-2.6903290e-02
-3.5418880e-02
-4.1458660e-02
-4.3301890e-02
-3.7290320e-02
-2.5294980e-02
-1.4560110e-02
-8.3106080e-03
-7.7009230e-03
-1.0161360e-02
-1.5113670e-02
-2.0231290e-02
-2.4806310e-02
-3.3051610e-02
-3.7853900e-02
-3.1317240e-02
-2.7039110e-02
-2.9008630e-02
-2.3720160e-02
-1.0609280e-02
-3.6079970e-03
-1.8700200e-03
1.6549930e-03
5.8984790e-03
8.5368590e-03
1.1131150e-02
1.2160870e-02
1.1893090e-02
1.1989260e-02
1.3377460e-02
1.7103860e-02
2.0578100e-02
2.2350760e-02
1.8608520e-02
1.1088090e-02
3.6251880e-03
-7.7796910e-04
-1.1992980e-03
2.7624460e-03
6.1464240e-03
6.8745090e-03
6.2509010e-03
6.2223190e-03
7.0203790e-03
9.5730000e-03
1.1833040e-02
1.2654790e-02
1.5149660e-02
1.8788580e-02
2.0730580e-02
2.0335090e-02
1.9230240e-02
1.7214210e-02
1.4087510e-02
9.9385990e-03
2.1127040e-03
-6.6038360e-03
-1.5017400e-02
-2.1565560e-02
-2.3410690e-02
-2.3177390e-02
-1.9611730e-02
-1.4889450e-02
-1.1793270e-02
-1.2349110e-02
-1.4118420e-02
-1.5499260e-02
-1.8067960e-02
-1.8559700e-02
-1.5802840e-02
-1.2615680e-02
-9.6524600e-03
-7.0877070e-03
-7.0359550e-03
-1.0823400e-02
-1.4807730e-02
-1.8383200e-02
-2.0946380e-02
-2.1700650e-02
-2.4011740e-02
-2.5993280e-02
-2.4807120e-02
-1.9462890e-02
-1.3322450e-02
-1.1035740e-02
-1.3997730e-02
-1.7432750e-02
-2.0544930e-02
-1.9918360e-02
-1.6185780e-02
-9.4981340e-03
5.9253320e-05
1.1127740e-02
2.2378780e-02
3.1958290e-02
3.9094320e-02
4.3920940e-02
4.9463740e-02
5.5293600e-02
5.9525160e-02
6.2641830e-02
6.3332820e-02
5.8254490e-02
5.0293230e-02
4.2670660e-02
3.7699460e-02
3.2873530e-02
2.7003650e-02
1.8744980e-02
1.0272340e-02
5.6572920e-04
-6.6421260e-03
-8.8529520e-03
-9.0898600e-03
-1.4461870e-02
-2.6724500e-02
-4.1314530e-02
-5.1667790e-02
-5.7063650e-02
-5.8157250e-02
-5.9726360e-02
-6.2108840e-02
-6.4067780e-02
-6.2076020e-02
-5.7018560e-02
-5.0626250e-02
-4.4940210e-02
-3.9603840e-02
-3.4028140e-02
-3.0203530e-02
-2.4679030e-02
-1.5548970e-02
-4.9826710e-03
7.4014070e-03
2.0502390e-02
3.2709670e-02
4.4384650e-02
5.6384490e-02
6.7386030e-02
7.6986930e-02
8.6266850e-02
9.3706670e-02
9.7163650e-02
9.6585280e-02
9.2836170e-02
8.5081120e-02
7.1011800e-02
5.3266920e-02
3.8566630e-02
2.6993220e-02
1.7721310e-02
8.2967160e-03
-2.3282430e-03
-1.4870690e-02
-3.0641760e-02
-4.7090580e-02
-6.4155760e-02
-7.9562340e-02
-8.8754970e-02
-9.2349350e-02
-9.5516710e-02
-9.0008640e-02
-7.7933780e-02
-6.7517820e-02
-5.9617020e-02
-5.4991800e-02
-5.0658110e-02
-4.4927600e-02
-3.8266330e-02
-3.0216970e-02
-2.1133880e-02
-1.2303630e-02
-3.1086900e-03
7.1905440e-03
1.9074280e-02
3.1015010e-02
4.3804650e-02
5.6721930e-02
6.6437490e-02
7.3595350e-02
7.7038600e-02
7.6532650e-02
7.2549200e-02
6.5399640e-02
5.4873030e-02
4.2710610e-02
3.1013880e-02
1.8375020e-02
6.6015550e-03
-4.3097240e-03
-1.5465750e-02
-2.5799300e-02
-3.5881970e-02
-4.5811300e-02
-5.5342140e-02
-6.2815490e-02
-6.8300290e-02
-6.8622480e-02
-6.5860360e-02
-6.2958240e-02
-5.9359820e-02
-5.3218460e-02
-4.4613570e-02
-3.6138690e-02
-2.8076580e-02
-2.1159090e-02
-1.5410760e-02
-9.3612250e-03
-2.2836350e-03
5.5399720e-03
1.0539910e-02
1.7177370e-02
2.3795060e-02
2.9542540e-02
3.5654420e-02
4.3703910e-02
5.0976990e-02
5.8510380e-02
6.7182850e-02
7.4545600e-02
7.8054160e-02
8.0754620e-02
8.3025050e-02
8.0595260e-02
7.1715290e-02
5.7312830e-02
4.2275320e-02
3.1609330e-02
2.3050390e-02
1.3817640e-02
5.4769460e-03
-2.3938900e-03
-1.0653690e-02
-1.8822970e-02
-2.6821210e-02
-3.2953930e-02
-3.9865850e-02
-4.5448940e-02
-4.8396770e-02
-4.8507290e-02
-4.8494100e-02
-4.8523480e-02
-4.7277510e-02
-4.6995440e-02
-4.6548350e-02
-4.4634870e-02
-4.2293110e-02
-3.7889670e-02
-3.0183140e-02
-2.3502420e-02
-1.8005240e-02
-1.2339410e-02
-8.1447950e-03
-4.6039830e-03
-1.6763760e-03
1.1490090e-03
3.0104230e-03
5.1614430e-03
8.8083500e-03
1.3336040e-02
1.6532080e-02
2.1210100e-02
2.6388920e-02
3.1050670e-02
3.3889430e-02
3.4817310e-02
3.5142210e-02
3.4649230e-02
3.3951950e-02
3.3044450e-02
3.0999050e-02
2.7954460e-02
2.5434520e-02
2.1186730e-02
1.6505090e-02
1.1985440e-02
7.0096520e-03
2.5137960e-03
-2.4557670e-03
-7.5846550e-03
-1.3937120e-02
-2.0528200e-02
-2.5671260e-02
-2.8474470e-02
-3.0606000e-02
-3.2191750e-02
-3.3467540e-02
-3.3623620e-02
-3.2564650e-02
-2.8703040e-02
-2.2653440e-02
-1.6962380e-02
-1.3560190e-02
-1.2926870e-02
-1.2814650e-02
-1.0608270e-02
-9.4510090e-03
-9.0144600e-03
-6.0901130e-03
-3.9689660e-03
-1.3437160e-03
3.5911360e-03
7.4731070e-03
1.1753680e-02
1.5837860e-02
1.9559830e-02
2.2219280e-02
2.2994400e-02
2.3601440e-02
2.4435580e-02
2.3136580e-02
2.2789240e-02
2.2227530e-02
1.9162470e-02
1.5207390e-02
1.1667740e-02
9.0738960e-03
7.4289530e-03
6.7272020e-03
6.2153360e-03
5.9131970e-03
6.5915960e-03
7.6491150e-03
8.3463030e-03
8.1932010e-03
8.0146510e-03
6.7314430e-03
5.0563060e-03
2.8942600e-03
-9.6185000e-04
-5.5493390e-03
-8.3535050e-03
-1.0249490e-02
-1.2552320e-02
-1.2478180e-02
-1.1019990e-02
-1.0435820e-02
-1.1003990e-02
-1.2003390e-02
-1.2667570e-02
-1.2323850e-02
-1.1125180e-02
-1.0983900e-02
-1.1370660e-02
-1.2453650e-02
-1.3593380e-02
-1.5432570e-02
-1.4714170e-02
-1.2796910e-02
-1.3049440e-02
-1.4156100e-02
-1.3231440e-02
-1.2532980e-02
-1.1456350e-02
-9.7769760e-03
-8.2043840e-03
-7.2809650e-03
-5.8370580e-03
-2.7952470e-03
-6.8941980e-05
1.9959450e-04
2.2034490e-03
5.5735830e-03
7.1322730e-03
7.6895680e-03
9.1149710e-03
1.0650710e-02
1.0855160e-02
1.1893360e-02
1.2235340e-02
1.1804000e-02
1.1464830e-02
1.2148380e-02
1.2137890e-02
1.1909910e-02
1.2747860e-02
1.3625720e-02
1.3936820e-02
1.3569260e-02
1.3066010e-02
1.1035560e-02
7.7593010e-03
4.6770450e-03
6.1769990e-04
-2.8671170e-03
-6.7933980e-03
-9.8555390e-03
-1.1252670e-02
-1.1916450e-02
-1.1926400e-02
-1.1755150e-02
-1.0361610e-02
-8.8552260e-03
-8.5761630e-03
-7.4714500e-03
-7.0235570e-03
-6.9437810e-03
-5.6767000e-03
-4.3433650e-03
-2.4844460e-03
-1.3293830e-03
9.2609300e-04
3.7561710e-03
5.9854160e-03
7.6171670e-03
8.3979380e-03
8.5037710e-03
9.7354440e-03
1.1839760e-02
1.4804080e-02
1.5950750e-02
1.5728770e-02
1.4477870e-02
1.2982340e-02
1.1553410e-02
9.0972490e-03
4.7732710e-03
1.6376730e-03
-1.6376460e-03
-4.4444410e-03
-6.5028420e-03
-9.9306470e-03
-1.3376700e-02
-1.5914300e-02
-1.7443670e-02
-1.8149280e-02
-1.7905170e-02
-1.6727750e-02
-1.6557500e-02
-1.6037190e-02
-1.4330960e-02
-1.3389000e-02
-1.2476720e-02
-1.1413150e-02
-1.0460360e-02
-8.7040810e-03
-6.6260000e-03
-3.9050850e-03
-7.3102850e-05
3.8754280e-03
7.8446450e-03
1.2014870e-02
1.6989120e-02
2.0102530e-02
2.2059390e-02
2.4115680e-02
2.5208670e-02
2.5863180e-02
2.7792550e-02
2.6682490e-02
2.3970120e-02
2.1292200e-02
1.8929620e-02
1.5279190e-02
1.2063280e-02
8.1064120e-03
4.1240600e-03
-4.2369110e-04
-5.2900080e-03
-9.2241100e-03
-1.5707040e-02
-2.2026050e-02
-2.5722980e-02
-2.7719780e-02
-2.7781630e-02
-2.8513970e-02
-2.9649400e-02
-3.0372570e-02
-2.9323930e-02
-2.8007580e-02
-2.6045050e-02
-2.3724360e-02
-2.0535140e-02
-1.7462440e-02
-1.4556030e-02
-1.1538970e-02
-8.5098200e-03
-6.4708220e-03
-5.3391490e-03
-3.4514700e-03
-2.3780890e-03
-8.9683690e-04
9.1580090e-04
3.8100640e-03
7.5339210e-03
1.0883940e-02
1.3969990e-02
1.5790380e-02
1.8417990e-02
2.0142870e-02
2.1428700e-02
2.2702040e-02
2.2120440e-02
2.0660880e-02
1.8733340e-02
1.7092070e-02
1.3903750e-02
1.2655150e-02
1.1408400e-02
7.5392790e-03
4.1939780e-03
1.3473170e-03
-2.5639670e-03
-4.5956450e-03
-6.8618140e-03
-8.3104140e-03
-1.0700040e-02
-1.3373520e-02
-1.3992590e-02
-1.2515570e-02
-1.2123840e-02
-1.1034680e-02
-8.7257540e-03
-6.5795780e-03
-4.5549320e-03
-9.9378360e-04
2.6365130e-03
5.4997200e-03
6.8287780e-03
8.2827720e-03
8.9028620e-03
8.6769090e-03
7.7010880e-03
7.1340630e-03
6.3306300e-03
5.6499510e-03
4.7897350e-03
3.7666330e-03
1.7236350e-03
-1.2946630e-05
-7.1611620e-04
-1.6650310e-03
-1.2367180e-03
-3.4582670e-05
-1.8619910e-04
1.3893460e-04
7.7494940e-04
1.3249750e-03
1.2861660e-03
1.2350630e-03
1.3019150e-03
1.8063840e-03
3.3878280e-03
4.9195460e-03
6.3109630e-03
7.7478510e-03
8.2245270e-03
9.4311440e-03
1.1609340e-02
1.1794010e-02
1.0851840e-02
1.0021520e-02
8.9637960e-03
7.3280690e-03
4.5759500e-03
4.6697490e-04
-3.7013880e-03
-7.8831570e-03
-9.7858580e-03
-1.1296820e-02
-1.4951810e-02
-1.7623130e-02
-1.9560240e-02
-2.0992500e-02
-2.2334900e-02
-2.2463750e-02
-2.2326070e-02
-2.1659310e-02
-1.9844990e-02
-1.6952620e-02
-1.3945640e-02
-1.1121450e-02
-8.8997180e-03
-6.5560310e-03
-4.1559800e-03
-2.1822420e-03
-5.2979970e-04
1.8509930e-03
5.3105660e-03
8.8251220e-03
1.1652570e-02
1.4370050e-02
1.6332080e-02
1.8294280e-02
1.9548220e-02
2.0497410e-02
2.1843520e-02
2.1947340e-02
2.0815600e-02
1.9594960e-02
1.7348870e-02
1.3653560e-02
1.0847260e-02
9.1055960e-03
8.0159980e-03
6.5810130e-03
3.9012520e-03
3.5037780e-03
3.9847790e-03
3.3106630e-03
1.1374850e-03
-1.3558830e-03
-3.7770400e-03
-6.7359870e-03
-8.5413510e-03
-9.8463340e-03
-1.2124430e-02
-1.4130640e-02
-1.5318380e-02
-1.5205320e-02
-1.6847820e-02
-1.9710500e-02
-2.0891850e-02
-2.0888690e-02
-2.0396120e-02
-1.9423190e-02
-1.8265220e-02
-1.6747790e-02
-1.5757380e-02
-1.3609960e-02
-1.1325380e-02
-8.4855070e-03
-6.6141900e-03
-4.1083510e-03
-8.9144390e-04
2.5965620e-03
5.8169000e-03
8.6405370e-03
1.1143990e-02
1.3239950e-02
1.5236320e-02
1.6521320e-02
1.7591090e-02
1.9114710e-02
2.0011830e-02
2.0790030e-02
2.0776200e-02
2.0166730e-02
1.8374930e-02
1.5403580e-02
1.2645980e-02
1.1020080e-02
8.2829530e-03
5.8424630e-03
4.0793190e-03
2.0430300e-03
-1.1984170e-03
-2.6527920e-03
-3.3942810e-03
-6.4141780e-03
-9.5951410e-03
-1.2071460e-02
-1.3650570e-02
-1.4526380e-02
-1.6359400e-02
-1.8215570e-02
-1.9477670e-02
-2.0131680e-02
-1.9016230e-02
-1.6965590e-02
-1.6998440e-02
-1.6263760e-02
-1.4089480e-02
-1.2059210e-02
-9.8931090e-03
-7.6334110e-03
-5.3468970e-03
-2.5010170e-03
-6.5966580e-04
2.1316760e-03
5.0717390e-03
6.7905040e-03
9.5431690e-03
1.1839170e-02
1.3500870e-02
1.4053600e-02
1.5341070e-02
1.6441780e-02
1.7724370e-02
1.8994010e-02
1.8967450e-02
1.8894280e-02
1.8662850e-02
1.8108640e-02
1.6455760e-02
1.4339020e-02
1.2143970e-02
9.6083520e-03
7.0261830e-03
4.0038500e-03
1.0253740e-03
-2.2971410e-03
-5.3748240e-03
-7.3210620e-03
-8.2157000e-03
-9.6378220e-03
-1.0919170e-02
-1.0431830e-02
-8.7267800e-03
-7.2242170e-03
-5.8474400e-03
-4.7650650e-03
-3.6652570e-03
-2.1753990e-03
-1.8725190e-03
-2.0795660e-03
-1.9756940e-03
-1.8843900e-03
-1.3600250e-03
-3.6855850e-04
-1.5995240e-03
-2.6651640e-03
-2.2526230e-03
-1.7624060e-03
-2.0146270e-03
-2.0457610e-03
-1.9464140e-03
-1.9678500e-03
-1.9944850e-03
-1.9833390e-03
-1.9821120e-03
-1.4851080e-03
-3.8835220e-04
7.2334300e-05
1.6064940e-03
3.2204320e-03
4.1146040e-03
5.1713140e-03
6.8165830e-03
8.3212580e-03
9.6216530e-03
9.9271620e-03
9.7972430e-03
9.8795620e-03
9.9205280e-03
9.7645280e-03
8.5979220e-03
8.2473310e-03
7.8467420e-03
6.7080350e-03
5.0260930e-03
3.6916860e-03
3.3045960e-03
2.7926410e-03
2.2602960e-03
4.4480140e-04
-2.6467900e-03
-4.1335250e-03
-4.1951270e-03
-5.5008980e-03
-7.3055440e-03
-8.1514610e-03
-9.1110860e-03
-1.0176740e-02
-1.1023010e-02
-1.0840480e-02
-1.0136380e-02
-8.7793290e-03
-7.8227590e-03
-5.7990440e-03
-5.4618440e-03
-6.6118530e-03
-5.1616860e-03
-4.0401780e-03
-4.4481460e-03
-3.5330810e-03
-2.7631140e-03
-1.4002250e-03
2.7818560e-04
2.3705620e-03
3.8953090e-03
5.2980510e-03
6.8305500e-03
8.9913370e-03
1.1459970e-02
1.3346100e-02
1.4452340e-02
1.4225260e-02
1.3564350e-02
1.2596650e-02
1.0890640e-02
8.8889860e-03
6.3145700e-03
3.7242710e-03
1.2170150e-03
-1.1183560e-03
-2.9260600e-03
-4.9152350e-03
-6.4832040e-03
-7.9143630e-03
-9.4178120e-03
-1.0824410e-02
-1.1051130e-02
-1.1054170e-02
-1.2322250e-02
-1.2836070e-02
-1.3716660e-02
-1.3388920e-02
-1.0367050e-02
-8.2702190e-03
-6.5867460e-03
-4.4272330e-03
-2.6132940e-03
-1.2605470e-03
-3.4200180e-04
7.5426830e-04
1.7729920e-03
2.5042480e-03
3.3321980e-03
5.1400990e-03
4.1353040e-03
3.6268480e-03
4.0261580e-03
3.8097420e-03
2.2933590e-03
9.0481770e-04
1.4923680e-04
-7.8910040e-04
-1.8767690e-03
-2.0448580e-03
-1.9078520e-03
-1.8227850e-03
-7.3906470e-04
2.8618600e-04
9.4948860e-04
8.3358390e-04
8.3178800e-04
9.2510040e-04
1.8048640e-03
2.8157620e-03
3.7933500e-03
3.6134630e-03
2.3117640e-03
1.3767800e-03
8.4147940e-04
9.2545580e-04
9.0427690e-04
8.3924240e-04
1.1319640e-03
2.3373120e-03
2.1687490e-03
7.5372960e-04
-1.6682860e-04
-1.5281450e-03
-3.0553530e-03
-3.2761760e-03
-4.7074760e-03
-4.0754410e-03
-2.7334560e-03
-4.5022370e-03
-5.5727350e-03
-6.1829720e-03
-6.3511130e-03
-6.3402050e-03
-6.3474060e-03
-5.3144150e-03
-3.6377150e-03
-2.2172490e-03
-4.3007970e-04
1.2110560e-03
1.4315920e-03
1.8427520e-03
2.9307680e-03
3.5142370e-03
4.2938400e-03
5.6098520e-03
6.6388350e-03
8.0808810e-03
8.9846550e-03
9.8997060e-03
9.9760010e-03
9.5328110e-03
8.4264490e-03
7.3690580e-03
5.4911010e-03
3.8167170e-03
2.5982980e-03
8.9323300e-04
-4.8811730e-04
-2.1143150e-03
-3.4715230e-03
-5.5594780e-03
-7.6011310e-03
-8.3924870e-03
-9.7811340e-03
-1.1477550e-02
-1.2887630e-02
-1.3764990e-02
-1.3702430e-02
-1.3693240e-02
-1.3738060e-02
-1.2097260e-02
-9.9865000e-03
-8.7329590e-03
-7.2722710e-03
-5.6382320e-03
-5.1950450e-03
-2.9749560e-03
-7.3226240e-05
1.1319770e-03
1.4444650e-03
2.5533450e-03
3.6623480e-03
4.5493160e-03
5.0150130e-03
6.1413810e-03
6.1937620e-03
6.5801530e-03
8.2955030e-03
1.0534340e-02
1.0780270e-02
1.0571190e-02
1.0838480e-02
1.0956860e-02
1.0878540e-02
1.0447950e-02
8.9340430e-03
7.3493110e-03
5.2276800e-03
3.6434120e-03
1.7939590e-03
-2.2597250e-04
-2.8259740e-03
-5.7979200e-03
-7.4465600e-03
-8.6954780e-03
-9.8109270e-03
-1.1495310e-02
-1.2724980e-02
-1.2580630e-02
-1.3596840e-02
-1.2809230e-02
-1.0899980e-02
-8.8933700e-03
-6.5739560e-03
-5.1345680e-03
-3.8296070e-03
-3.3987020e-03
-2.3747540e-03
-1.8586370e-03
-1.4170810e-03
-7.3657050e-04
7.4367450e-04
1.7329220e-03
3.8003220e-03
4.7997330e-03
5.0779700e-03
7.2451440e-03
8.7643580e-03
9.4878690e-03
1.0490230e-02
1.2119270e-02
1.3560350e-02
1.4341470e-02
1.4236450e-02
1.4165640e-02
1.2482560e-02
1.0502220e-02
9.8682440e-03
9.3661110e-03
6.3699280e-03
2.6028870e-03
5.9842760e-04
-9.3523700e-04
-2.5487530e-03
-3.5153520e-03
-4.5211870e-03
-5.5238880e-03
-6.4598610e-03
-7.5746900e-03
-7.2570480e-03
-6.1134470e-03
-6.3119740e-03
-5.8261080e-03
-4.6795120e-03
-4.8065020e-03
-4.3521360e-03
-3.2572210e-03
-3.2959630e-03
-2.8034080e-03
-2.1411520e-03
-1.4424950e-03
-1.6522660e-03
-1.6102830e-03
-1.4170720e-03
-5.6927620e-04
-5.4362660e-04
3.0820500e-04
-3.8938150e-04
-9.7217210e-04
-7.0285950e-04
-6.9041780e-04
-8.0064140e-04
-7.7608740e-04
-7.5282320e-04
-8.8762370e-04
-2.0533750e-03
-1.7684120e-03
-5.3810780e-04
-1.2659010e-03
-1.9118980e-03
-2.9174420e-03
-4.0144240e-03
-4.5283920e-03
-4.9623940e-03
-5.3437350e-03
-5.7958850e-03
-5.5602090e-03
-3.6947730e-03
-7.6883780e-04
-7.8728820e-05
6.6264430e-04
2.5608290e-03
4.4820640e-03
5.7690420e-03
7.3276000e-03
9.4027000e-03
1.0221330e-02
1.1039030e-02
1.1683100e-02
1.0993160e-02
1.0380280e-02
8.9251490e-03
7.3780720e-03
5.9548460e-03
4.4570270e-03
2.9328280e-03
1.8899330e-03
8.7089210e-04
3.5399630e-04
-1.7324060e-04
-7.1662100e-04
-1.0862040e-03
-1.0380440e-03
-2.1624620e-03
-2.7023930e-03
-2.8842900e-03
-2.8929150e-03
-2.3981920e-03
-2.4086240e-03
-2.4785530e-03
-2.3783400e-03
-1.3181910e-03
-8.3248540e-04
8.1720750e-05
6.1359630e-04
4.5555230e-04
2.1410900e-03
3.7693480e-03
3.3920670e-03
3.2932880e-03
3.5260540e-03
3.4973570e-03
3.4383320e-03
3.0352260e-03
1.9768210e-03
1.5905080e-03
1.9453140e-04
-1.0421600e-04
2.6496140e-04
-1.3940610e-03
-3.0232070e-03
-3.9396380e-03
-4.9728880e-03
-6.2648320e-03
-6.5670670e-03
-6.9254580e-03
-6.9870420e-03
-7.5836560e-03
-7.0844920e-03
-6.4039110e-03
-4.3886340e-03
-2.3255390e-03
5.3932670e-05
1.9645960e-03
3.8167320e-03
6.0929910e-03
8.3127650e-03
9.3792520e-03
1.0000800e-02
9.5762960e-03
9.0582120e-03
8.0283660e-03
7.6164850e-03
6.5592740e-03
5.4580400e-03
4.0380060e-03
2.5407120e-03
1.9728910e-03
2.1477130e-03
2.0838210e-03
1.9918290e-03
1.1173450e-03
-5.5754510e-04
-2.0342390e-03
-3.5199710e-03
-6.1731080e-03
-6.3872560e-03
-5.3048170e-03
-6.7031910e-03
-6.5243680e-03
-5.5393410e-03
-5.1974980e-03
-4.9541750e-03
-5.5206440e-03
-4.9172540e-03
-4.5280590e-03
-4.7397430e-03
-3.7801910e-03
-2.9936900e-03
-4.9037010e-03
-5.7425480e-03
-5.8109950e-03
-5.5685870e-03
-5.2922350e-03
-5.3882300e-03
-5.3928830e-03
-5.2932280e-03
-4.4684240e-03
-3.6105370e-03
-3.0223560e-03
-2.7974640e-03
-2.5868020e-03
-2.2769600e-03
-2.1429790e-03
-9.8893740e-04
-5.5666370e-04
4.2085120e-04
1.5117480e-03
2.1737670e-03
2.7527520e-03
3.8255590e-03
4.9332300e-03
5.3007710e-03
6.3915260e-03
6.6825090e-03
7.2838620e-03
8.2701090e-03
7.9695920e-03
6.6661340e-03
6.5539030e-03
6.6025630e-03
5.2729340e-03
4.2637500e-03
2.9492640e-03
2.1527870e-03
1.3615750e-03
5.4190270e-05
8.0115530e-04
8.7510240e-04
-5.4216420e-04
-7.2194240e-04
-1.1745400e-03
-2.1692430e-03
-1.9857230e-03
-1.1003270e-03
-3.1102280e-04
-4.9673660e-04
4.3683970e-04
2.4581750e-03
7.9209720e-04
-2.7930230e-05
1.2536360e-03
1.6818740e-03
1.9046480e-03
1.7278650e-03
9.9524730e-04
-1.1118210e-04
-1.0253410e-03
-1.5918490e-03
-1.7428870e-03
-2.8620100e-03
-3.0418910e-03
-2.8313500e-03
-2.9274570e-03
-3.8192720e-03
-4.4420620e-03
-4.1839770e-03
-3.2463400e-03
-2.5968900e-03
-2.5048880e-03
-1.2375640e-03
-1.6338040e-03
-1.4416430e-03
-1.0023680e-03
-8.4384450e-04
3.5695410e-04
5.3255660e-04
3.0198030e-04
1.3589150e-05
-1.0685430e-04
-1.4319150e-04
3.4753870e-04
1.4896870e-03
2.0070360e-03
1.7672770e-03
4.7322350e-04
-7.8635150e-04
1.5789340e-03
2.4185660e-03
2.8035740e-03
3.5546270e-03
3.4448080e-03
3.3214030e-03
3.3806160e-03
2.3435990e-03
6.7858460e-04
-8.2353780e-05
-9.8894600e-04
-1.1609540e-03
-2.4389510e-03
-4.1939400e-03
-3.9937170e-03
-3.8170750e-03
-4.0322910e-03
-4.0355930e-03
-3.9392280e-03
-3.0112410e-03
-2.0538320e-03
-1.0836550e-03
5.0176620e-04
1.4335800e-03
1.8007710e-03
2.3451270e-03
2.8370010e-03
2.9377500e-03
3.0085890e-03
3.5461250e-03
3.5504810e-03
3.4749850e-03
3.0246170e-03
1.9414940e-03
1.9996850e-03
1.6338530e-03
8.4253680e-04
1.9189950e-03
9.1711080e-04
1.8362470e-04
5.4090870e-04
7.0380060e-05
-5.4010250e-04
-1.0341650e-03
-9.9892160e-04
1.1489850e-04
6.8513260e-06
-1.9945980e-04
-1.7629030e-03
-1.1092150e-03
3.4630800e-04
4.9795860e-04
-3.7004470e-04
-1.2542140e-04
-9.7546200e-04
-1.1394690e-03
-9.6641600e-04
-1.0230890e-03
-1.0661220e-03
-1.0333910e-03
-2.6240020e-04
1.1991050e-03
-6.9832970e-04
-1.2810310e-03
-7.3728990e-04
-8.4825900e-04
-1.6128920e-03
-2.4898780e-03
-2.2980200e-03
-2.2273010e-03
-2.3525320e-03
-2.3398380e-03
-2.3033680e-03
-2.3140510e-03
-1.7254480e-03
-1.4448280e-03
-1.3951960e-03
-6.8726940e-04
-4.7381210e-04
6.0920680e-04
9.0734140e-04
-7.5091480e-05
-8.8738830e-04
-6.4521560e-04
-1.5213380e-03
-2.4083840e-03
-2.1668490e-03
-2.9924670e-03
-3.8198330e-03
-3.5861870e-03
-3.5393230e-03
-3.6351260e-03
-3.3354610e-03
-2.7405590e-03
-2.1976030e-03
-1.7835450e-03
-6.5560210e-04
-8.8743740e-04
-2.1607060e-03
-6.7706730e-04
1.2694210e-03
8.9570240e-04
7.1220640e-04
1.0204140e-03
2.0251990e-03
2.9595550e-03
3.8914940e-03
3.9672190e-03
3.9654880e-03
4.1067080e-03
5.2330770e-03
5.6494630e-03
4.2744910e-03
3.8934510e-03
5.4138970e-03
5.8518860e-03
5.4546230e-03
4.4277550e-03
3.5826100e-03
2.7606190e-03
2.2680190e-03
7.2867340e-04
-8.0378260e-04
-1.6560470e-03
-2.1581760e-03
-3.5750380e-03
-3.9846030e-03
-4.2146060e-03
-3.1563240e-03
-2.7269580e-03
-2.9170510e-03
-2.8651430e-03
-2.7776330e-03
-2.8829420e-03
-3.4987860e-03
-3.9879030e-03
-3.6068060e-03
-3.6405790e-03
-3.6695400e-03
-4.0924230e-03
-4.0205550e-03
-3.1777690e-03
-2.3537550e-03
-2.4933280e-03
-2.4745380e-03
-2.3663270e-03
-2.3850090e-03
-2.5797870e-03
-4.2427270e-03
-3.8979580e-03
-2.1704870e-03
-2.2390840e-03
-2.4699630e-03
-1.9947380e-03
-7.6142730e-04
-6.4683910e-04
-4.5524740e-04
9.0253820e-04
1.0443670e-03
7.9853520e-04
1.1940480e-03
2.4353310e-03
1.6630870e-03
7.0933380e-04
1.0760070e-03
1.1760560e-03
1.9088480e-03
2.6909280e-03
2.5116840e-03
2.4698510e-03
2.5992770e-03
2.6662980e-03
2.6593390e-03
3.5611770e-03
4.3322630e-03
4.1361190e-03
5.0921170e-03
5.9772050e-03
5.7052660e-03
5.0251510e-03
4.6982460e-03
4.0088730e-03
2.9242510e-03
2.6521250e-03
1.6167500e-03
1.3900370e-03
7.5422640e-04
-4.1858770e-05
1.8943170e-04
-3.2991310e-04
-6.0718100e-04
-4.4255340e-05
-4.1767460e-04
-1.3921090e-03
-2.6145010e-03
-2.6162420e-03
-2.4823960e-03
-2.6226970e-03
-3.1919020e-03
-1.7467120e-03
1.9352310e-04
8.3705640e-04
1.8389880e-03
3.0646780e-03
3.6273250e-03
4.3068560e-03
5.0697880e-03
4.9466580e-03
4.9378430e-03
5.6864870e-03
6.5244310e-03
6.9207660e-03
5.3167620e-03
4.7755180e-03
5.1157650e-03
4.9912900e-03
3.9422160e-03
3.3849130e-03
3.6345970e-03
3.6781320e-03
3.6213210e-03
3.2515340e-03
2.0965750e-03
1.0554650e-03
2.4616990e-04
-1.4777210e-04
-7.3231680e-04
-1.2738110e-03
-2.3243870e-03
-2.3110410e-03
-2.5251630e-03
-3.1723730e-03
-3.7308000e-03
-3.7093920e-03
-3.5653570e-03
-3.6244470e-03
-3.6418890e-03
-3.6106320e-03
-3.6103600e-03
-3.6163700e-03
-3.6112700e-03
-3.6076610e-03
-3.6069060e-03
-3.6048240e-03
-3.6022670e-03
-3.5604960e-03
-3.0113420e-03
-3.5780720e-03
-4.8297830e-03
-4.0275540e-03
-2.8010760e-03
-2.0571970e-03
-2.2020520e-03
-2.2021190e-03
-1.6208480e-03
-5.7195360e-04
-6.6181990e-04
-7.8311160e-04
-6.5374650e-04
-1.3823320e-04
1.4255540e-03
2.4082600e-03
1.0802750e-03
5.7954090e-04
1.4048290e-03
1.3102310e-03
6.5905380e-04
8.3076700e-04
9.3161230e-04
8.3583680e-04
8.8665470e-04
2.0436340e-03
2.5243890e-03
2.2609190e-03
2.3132030e-03
2.4095520e-03
2.3375480e-03
2.2805060e-03
2.3064130e-03
2.3213780e-03
2.2806750e-03
2.3821150e-03
1.9219060e-03
7.6694630e-04
8.5377470e-04
5.5553120e-04
-5.6362970e-05
-6.0509370e-04
-6.0177210e-04
-6.7053350e-04
-1.8901360e-03
-2.2522310e-03
-2.6268930e-03
-3.6870210e-03
-3.6341180e-03
-3.4877410e-03
-3.5923210e-03
-3.5301870e-03
-3.4985150e-03
-2.7920470e-03
-6.7633440e-04
2.0198450e-04
8.5142140e-04
1.5076490e-03
2.4483850e-03
2.9285770e-03
3.2950640e-03
3.3441810e-03
2.9336020e-03
2.4417410e-03
2.4711340e-03
3.0554670e-03
2.1382950e-03
-5.0997040e-04
-5.3877860e-04
5.2020770e-05
8.5057320e-04
6.3911420e-04
6.4883520e-04
9.9683310e-04
7.2636890e-04
-3.4186640e-04
-7.9254100e-04
-1.5524980e-03
-2.1766820e-03
-3.0882900e-03
-3.5617360e-03
-3.9781140e-03
-4.4624070e-03
-4.3399650e-03
-4.2612890e-03
-4.1417230e-03
-2.9376550e-03
-2.6814710e-03
-2.8641390e-03
-2.5700820e-03
-1.1092880e-03
3.0366980e-04
2.9833150e-04
2.2741350e-04
4.4256590e-04
4.5794590e-04
4.8722140e-04
5.3603070e-04
6.1374640e-04
6.8061860e-04
7.2837180e-04
-2.3737700e-04
-2.3029530e-03
-2.0722370e-03
-5.5337380e-04
-4.7376220e-04
-1.5049520e-03
-2.2226070e-03
-1.9622860e-03
-1.6982830e-03
-1.1943040e-03
-6.2563060e-04
-3.9709780e-04
3.0355180e-04
2.3923030e-03
3.3108010e-03
2.0654050e-03
1.6265420e-03
2.2258860e-03
2.7137940e-03
2.4751220e-03
3.0837350e-03
2.7250810e-03
2.3416830e-03
2.5095380e-03
2.5336640e-03
2.4563580e-03
1.6127710e-03
8.4633830e-04
1.0910360e-03
2.7649690e-04
-6.0599770e-04
-3.6129140e-04
-2.9920920e-04
-4.2857540e-04
-7.9929820e-04
-1.5503550e-03
-1.4507980e-03
-1.8827360e-03
-1.9223670e-03
-1.8422530e-03
-1.8728470e-03
-1.8870470e-03
-1.8696200e-03
-1.8351910e-03
-1.1808030e-03
-6.2134690e-04
-1.8675350e-04
7.5225180e-04
1.3748440e-03
1.1862850e-03
7.9879410e-04
-2.0965160e-04
7.9639110e-04
1.5208740e-03
1.1730510e-03
1.1710120e-03
1.3128770e-03
1.2751440e-03
1.1509650e-03
4.8496150e-05
-3.7995100e-04
-1.7643420e-04
-1.3019110e-03
-7.4757990e-04
-4.9665710e-04
-1.9740130e-03
-3.0058130e-03
-3.2139780e-03
-3.1166300e-03
-3.2005750e-03
-3.2295760e-03
-3.2245140e-03
-3.2237840e-03
-3.1870830e-03
-2.0991820e-03
-1.6334890e-03
-1.8812920e-03
-1.7826740e-03
-5.6576090e-04
-1.1421730e-04
1.5109500e-04
1.3567280e-03
1.3430750e-03
1.1931080e-03
1.3473480e-03
1.3686350e-03
1.3759660e-03
2.0088560e-03
1.4110930e-03
1.2579630e-03
1.5201640e-03
1.5599650e-03
1.5327180e-03
1.0816310e-03
7.1351060e-05
1.3827130e-04
2.7234640e-04
2.3235380e-04
2.8788100e-04
3.8549790e-04
-1.7671530e-04
-2.3758480e-03
-2.1923450e-03
-6.5261360e-04
-8.7895850e-04
-1.0927840e-03
-1.3838480e-03
-2.3854910e-03
-2.3066150e-03
-2.5478570e-03
-3.1347540e-03
-3.6182610e-03
-3.1912400e-03
-1.6193870e-03
-5.3830360e-04
-2.0562160e-03
-3.2042600e-03
-2.3465900e-03
-1.7986280e-03
-1.6940540e-03
-5.0634030e-04
-3.6948330e-04
-1.8335350e-04
1.1621950e-03
2.2875440e-03
2.7124780e-03
3.6034100e-03
4.3208400e-03
5.1174610e-03
5.0918600e-03
4.4961200e-03
4.1511480e-03
3.9438150e-03
2.8053350e-03
2.6642190e-03
2.0137150e-03
2.7073890e-04
-2.8994280e-04
2.5733910e-05
-6.7577900e-05
-1.7351670e-04
-1.1353520e-04
-9.5138130e-05
-3.8947740e-04
-1.8362670e-03
-3.0612560e-03
-2.9662300e-03
-2.8815890e-03
-3.0143920e-03
-1.9044760e-03
-8.5734440e-04
-9.2138520e-04
1.6216740e-03
4.0375080e-03
5.1358730e-03
5.8870610e-03
5.8989790e-03
6.0715300e-03
6.5566050e-03
5.9045380e-03
5.8510320e-03
6.0116460e-03
5.1806300e-03
4.8584890e-03
3.7958790e-03
3.9957580e-04
-1.8667950e-03
-2.7322830e-03
-3.7247220e-03
-5.4453390e-03
-6.1221980e-03
-6.5802030e-03
-7.5251120e-03
-7.4509470e-03
-6.5583030e-03
-5.7774110e-03
-5.0124380e-03
-2.9537940e-03
-1.2913520e-03
2.8659540e-04
1.4946450e-03
2.8791240e-03
4.6016260e-03
6.2052810e-03
6.0580550e-03
7.1383390e-03
7.7043220e-03
7.3221440e-03
6.1764170e-03
5.1624020e-03
3.2251170e-03
2.1536870e-03
2.8750580e-04
-8.7840800e-05
6.8163860e-05
-1.2209670e-03
-1.6532900e-03
-1.3456710e-03
-7.6642690e-04
