0.01
-1.0724330e-03
-1.4651600e-03
3.0321970e-04
3.7719670e-03
5.7291020e-03
6.8687260e-03
6.2465390e-03
1.5569120e-03
-4.2907500e-03
-1.0189300e-02
-1.4253240e-02
-1.1844450e-02
-6.1624470e-03
-1.8986610e-03
-2.6286530e-04
-2.9564060e-04
3.5259910e-03
7.7864660e-03
1.1700190e-02
1.2912650e-02
9.5827690e-03
7.5165570e-03
3.7798930e-03
-3.2712470e-03
-9.2104560e-03
-1.5824120e-02
-2.1236880e-02
-2.0348600e-02
-1.8282130e-02
-1.8636430e-02
-2.1493700e-02
-2.3907240e-02
-2.0005110e-02
-1.0952930e-02
2.2883980e-03
1.2320150e-02
2.2471130e-02
3.3829850e-02
4.4272670e-02
4.9439320e-02
3.7476240e-02
9.0090170e-03
-2.8043320e-02
-5.7828300e-02
-4.4067390e-02
1.0909780e-02
3.8662760e-02
5.5803920e-03
-6.7284850e-03
3.8479900e-03
1.1646660e-02
1.4603900e-02
1.8923740e-02
2.5482360e-02
2.7677810e-02
2.1837280e-02
1.4608820e-02
4.6430270e-03
-5.3396980e-04
-4.8482210e-03
-1.1935180e-02
-2.6146430e-02
-4.0725570e-02
-4.0391440e-02
-2.9548890e-02
-1.3552560e-02
-3.1454960e-03
-5.8816610e-04
-5.1873700e-03
-3.2889140e-03
-3.1510950e-03
1.8569610e-03
2.7474010e-03
-3.4021870e-03
-1.4022560e-02
-1.7197190e-02
-1.2658300e-02
-3.3199410e-03
-1.5523750e-04
-7.4362680e-03
-2.1723880e-02
-3.5130020e-02
-3.3836080e-02
-1.8151070e-02
-7.0619660e-03
-6.0781960e-03
-1.3275100e-02
-1.9194500e-02
-1.5316430e-02
-3.5391340e-03
1.7467960e-02
3.5959770e-02
5.1790520e-02
5.7759330e-02
4.9291940e-02
3.7372690e-02
2.6202030e-02
1.7263430e-02
1.1975930e-02
5.6904940e-03
-1.0812010e-02
-4.0784450e-02
-4.3294130e-02
-1.4297050e-02
1.9352270e-02
2.0322190e-02
1.4780410e-02
2.8270040e-02
4.8634030e-02
6.6102360e-02
7.8027610e-02
7.7307300e-02
5.9120890e-02
2.8745450e-02
-1.2226550e-02
-5.1083250e-02
-4.7254620e-02
-7.4516800e-03
2.1734620e-02
-1.2217590e-02
-2.8400330e-02
-3.3198720e-02
-3.9759560e-02
-4.2135360e-02
-4.2816040e-02
-4.6405200e-02
-4.5186020e-02
-4.5695530e-02
-4.5315690e-02
-4.7905980e-02
-5.3935650e-02
-7.1395570e-02
-9.8628360e-02
-9.7994900e-02
-2.9999960e-02
3.3567260e-02
-1.5951370e-02
-7.2867370e-02
-3.3860560e-02
-2.4586500e-03
8.2918150e-03
1.8990600e-02
2.4700850e-02
2.2666550e-02
2.0116570e-02
2.3823230e-02
3.1799000e-02
4.2533790e-02
6.4272920e-02
9.9548440e-02
1.2254580e-01
1.3511320e-01
1.3643710e-01
1.3318000e-01
1.2719340e-01
1.0956790e-01
8.6016550e-02
6.4259280e-02
3.9224240e-02
2.0222230e-02
8.9400880e-04
-1.9240390e-02
-4.3907960e-02
-7.7718790e-02
-1.0437570e-01
-7.7089600e-02
3.3069860e-02
8.1530670e-02
6.9234270e-02
6.8221340e-02
7.9334420e-02
8.4321180e-02
8.1206210e-02
7.7674380e-02
7.1820250e-02
6.0935080e-02
3.1780280e-02
-1.4962870e-02
-5.2766940e-02
-8.8736050e-02
-1.0422460e-01
-1.1211430e-01
-1.3154830e-01
-1.3711020e-01
-1.2672760e-01
-1.1146620e-01
-9.5448400e-02
-9.7783220e-02
-1.0608680e-01
-9.8722320e-02
-8.4268440e-02
-6.6548230e-02
-6.6545280e-02
-8.9560080e-02
-1.0893740e-01
-1.1047120e-01
-9.8078180e-02
-8.7617110e-02
-8.0527690e-02
-6.7077350e-02
-4.6365360e-02
-2.9647940e-02
-8.2256010e-03
9.6676010e-03
1.1336270e-02
1.3637400e-02
2.4040170e-02
4.3775610e-02
5.6513400e-02
5.1786610e-02
3.7383990e-02
3.7152330e-02
5.2536310e-02
6.7223670e-02
8.2973900e-02
1.0355510e-01
1.2274560e-01
1.2902270e-01
1.0972220e-01
7.3844590e-02
4.7067620e-02
2.4809950e-02
2.3479670e-03
-2.2967630e-02
-4.5883640e-02
-3.6031840e-02
1.9599010e-02
3.9593520e-02
2.8193310e-02
2.3382650e-02
2.3014400e-02
1.7341750e-02
-2.0393850e-04
-4.0169350e-02
-8.8187040e-02
-1.4046540e-01
-1.6379700e-01
-1.1510180e-01
-2.6454850e-02
5.3061980e-02
8.0103070e-02
6.0459350e-02
5.6245450e-02
8.4807050e-02
1.1800280e-01
1.3268590e-01
1.3926370e-01
1.5440070e-01
1.8056030e-01
2.0343410e-01
2.0141810e-01
1.5730720e-01
9.8750590e-02
7.2245450e-02
5.7097320e-02
4.6497200e-02
3.3133390e-02
1.4587000e-02
-4.2857320e-03
-1.8708280e-02
-3.6519830e-02
-5.6634850e-02
-7.8442290e-02
-1.0618570e-01
-1.3914660e-01
-1.7692200e-01
-1.9527750e-01
-1.8723700e-01
-1.7063440e-01
-1.6775130e-01
-1.9272620e-01
-2.2629220e-01
-2.6956640e-01
-3.0183440e-01
-1.6401160e-01
4.2644580e-02
-5.7744290e-03
-1.1034630e-01
2.1911130e-03
3.3197430e-02
2.7273780e-02
3.4892890e-02
4.5441550e-02
6.4621570e-02
7.2767110e-02
6.8593810e-02
6.5741540e-02
7.9751580e-02
1.1057800e-01
1.4361090e-01
1.6708070e-01
1.5929180e-01
1.2382330e-01
6.5132650e-02
2.7708120e-02
-4.5856100e-03
-1.9780500e-02
-2.2596540e-02
-1.9487150e-02
-1.0602910e-02
-8.7151080e-03
-9.8314900e-03
-6.7725750e-03
8.3278210e-03
2.4526090e-02
4.0822170e-02
4.8105320e-02
3.3637980e-02
8.7303680e-03
-1.1431790e-01
-2.5549280e-01
-7.7960240e-02
1.7200320e-01
4.4848610e-02
-5.7889730e-02
-9.6390730e-03
5.7521900e-02
3.4315800e-02
3.4042930e-02
4.1444560e-02
3.8381830e-02
2.8918890e-02
2.0853860e-02
1.7175640e-02
2.5883980e-02
3.5393100e-02
4.2711430e-02
4.3069990e-02
3.3872340e-02
2.6061050e-02
2.7465310e-02
2.8848450e-02
1.7600460e-02
-1.7401350e-02
-7.6916190e-02
-1.8769920e-01
-2.4573360e-01
-1.3475380e-01
4.1715040e-02
-2.1446720e-02
-1.1188520e-01
-3.8026000e-02
-1.6237390e-02
-5.3134300e-02
-7.0746870e-02
-8.2074860e-02
-9.6087740e-02
-9.9665870e-02
-8.4314820e-02
-5.7513190e-02
-2.8357810e-02
3.0895250e-05
2.3843670e-02
4.9234490e-02
6.4572210e-02
8.1131810e-02
9.7071240e-02
1.1004350e-01
1.1042920e-01
9.9567620e-02
8.7914380e-02
7.5197760e-02
6.3123140e-02
5.4636600e-02
4.5713180e-02
3.7640300e-02
2.7274610e-02
2.0052270e-02
1.4685900e-02
1.1892200e-02
1.1215480e-02
1.1931110e-02
1.3961420e-02
1.6996000e-02
2.2123470e-02
3.1498500e-02
4.3145170e-02
5.3243460e-02
5.5221450e-02
4.6476610e-02
2.7203770e-02
-3.4463320e-03
-2.7819110e-02
-4.0945840e-02
-5.7880870e-02
-7.6687770e-02
-8.6957290e-02
-6.6243980e-02
-2.9749710e-03
1.9292450e-02
-2.6067400e-02
-3.2893390e-02
-1.1154700e-02
-4.1488640e-03
-5.0551670e-03
-1.1231840e-02
-1.5700770e-02
-2.2294010e-02
-2.7037300e-02
-2.9102820e-02
-2.6718760e-02
-2.0576810e-02
-7.4785460e-03
2.9455710e-03
6.7812070e-03
-4.8154820e-03
-2.6406720e-02
-4.1805070e-02
-3.4912110e-02
-1.1915680e-03
4.2685080e-02
6.9789290e-02
7.9480840e-02
7.2271760e-02
5.1555150e-02
2.3472880e-02
9.9814600e-03
3.6038690e-03
-3.7651230e-03
-1.3398130e-02
-2.2574640e-02
-3.1400790e-02
-3.5966040e-02
-3.1771350e-02
-2.3974200e-02
-1.8517390e-02
-1.7929600e-02
-2.0236220e-02
-2.5022910e-02
-2.7080130e-02
-2.5511670e-02
-2.3243530e-02
-2.8079160e-02
-3.6566380e-02
-4.4787810e-02
-6.2080190e-02
-8.8926660e-02
-1.0531980e-01
-7.8713720e-02
-1.8616310e-02
3.8042700e-03
-6.9422590e-03
4.7471240e-03
2.2365810e-02
2.7315750e-02
3.0829790e-02
3.5577840e-02
3.9739870e-02
4.8830240e-02
5.5802560e-02
6.5532370e-02
7.6893130e-02
9.3821830e-02
1.0621410e-01
1.1244950e-01
1.0249660e-01
8.2400840e-02
6.4866490e-02
4.9488350e-02
4.3762710e-02
4.6686870e-02
5.3937130e-02
5.0706510e-02
4.3137270e-02
4.0167340e-02
4.0493020e-02
3.9444560e-02
3.6328630e-02
3.0122550e-02
1.3649800e-02
-9.7149270e-03
-3.4962700e-02
-6.6343170e-02
-1.0256980e-01
-1.4214150e-01
-1.9309600e-01
-2.1559820e-01
-1.8452520e-01
-1.1359290e-01
-3.7783200e-02
-2.7620750e-02
-4.8094880e-02
-4.1976820e-02
-2.7758120e-02
-2.2399350e-02
-1.3974320e-02
-7.3270310e-03
1.2795950e-03
9.4642620e-03
1.8316190e-02
2.8192590e-02
3.8990710e-02
4.8992680e-02
5.5757130e-02
6.1258320e-02
6.3325670e-02
5.8264120e-02
5.1962860e-02
4.1501580e-02
3.2739920e-02
2.9857950e-02
2.3321360e-02
1.5259180e-02
1.3836400e-03
-1.4649490e-02
-3.3383570e-02
-4.8774820e-02
-6.0243740e-02
-7.3737640e-02
-8.3199090e-02
-8.9383330e-02
-8.0704730e-02
-4.3800480e-02
-7.7644550e-03
1.7263850e-03
-1.7971440e-03
-1.9167410e-03
1.9132990e-03
9.6773040e-03
1.5660580e-02
1.7753720e-02
2.5743640e-02
2.8420140e-02
3.2823520e-02
3.4523990e-02
3.7753480e-02
4.2724970e-02
4.6964080e-02
4.8107580e-02
4.1646900e-02
3.3278080e-02
2.1518240e-02
1.6609730e-02
1.3365810e-02
1.0511930e-02
1.1181310e-02
1.0447470e-02
1.2072670e-02
1.5283970e-02
2.0373160e-02
2.2697370e-02
2.1821180e-02
2.2813680e-02
1.6940270e-02
1.1390640e-02
5.9530360e-03
-1.3135820e-03
-9.5129920e-03
-2.0219390e-02
-3.1356440e-02
-3.9171040e-02
-4.1301090e-02
-3.2493420e-02
-2.1086960e-02
-1.3750250e-02
-6.4371170e-03
-6.3981950e-03
5.9136740e-05
7.3913600e-03
1.5319540e-02
1.9630960e-02
2.1889620e-02
2.2077780e-02
2.0920800e-02
1.6631780e-02
1.3418790e-02
7.9281310e-03
-6.7115850e-04
-1.2050060e-02
-2.5112670e-02
-4.2221960e-02
-5.7165880e-02
-6.6607230e-02
-7.1212190e-02
-6.8746000e-02
-5.9216310e-02
-4.7773570e-02
-3.8777890e-02
-3.0478100e-02
-2.7352640e-02
-1.4741160e-02
5.3647290e-04
1.1628090e-02
2.1713180e-02
2.7931960e-02
3.3134370e-02
4.1250490e-02
4.5891870e-02
5.1035210e-02
5.0441540e-02
5.0329830e-02
4.7124090e-02
4.4099410e-02
3.5256640e-02
2.5055370e-02
1.5187030e-02
3.9415360e-03
-7.9656860e-03
-1.6428640e-02
-2.8000060e-02
-3.3236120e-02
-3.8714940e-02
-3.4092190e-02
-2.8587840e-02
-1.8662730e-02
-8.0859990e-03
4.2254140e-03
1.3505590e-02
1.8410110e-02
2.5403010e-02
2.7299940e-02
2.6117820e-02
2.2706260e-02
1.6595640e-02
1.3333820e-02
8.6200260e-03
5.1441540e-03
1.0648460e-03
4.7015120e-04
1.4002800e-03
7.9477740e-03
1.3305970e-02
1.8703700e-02
2.0458370e-02
2.4097680e-02
2.7154110e-02
2.6615410e-02
2.3259200e-02
1.3786700e-02
-4.5989620e-04
-1.5499990e-02
-3.1516280e-02
-4.9271210e-02
-6.2869830e-02
-7.6382590e-02
-8.3603900e-02
-7.7347870e-02
-5.8238100e-02
-4.2552810e-02
-4.0321140e-02
-3.9936640e-02
-2.9144630e-02
-2.0562360e-02
-1.9081440e-02
-1.3186090e-02
-7.0942360e-03
-2.6368700e-03
7.4366200e-03
1.6377790e-02
2.8625950e-02
3.8195780e-02
4.8181610e-02
5.5487430e-02
6.1764080e-02
6.4848610e-02
6.8010110e-02
6.8773480e-02
6.2257090e-02
5.3796160e-02
4.1720090e-02
3.0399580e-02
1.9703780e-02
1.0968950e-02
5.0631840e-03
-4.6379830e-03
-1.4605770e-02
-2.7397010e-02
-4.0134520e-02
-5.5563230e-02
-6.7103660e-02
-7.3671460e-02
-6.2772520e-02
-4.0333770e-02
-2.8666930e-02
-2.3317240e-02
-1.1826600e-02
6.9659970e-03
1.9297490e-02
2.1538990e-02
2.1029940e-02
2.7418620e-02
3.2779960e-02
3.6697550e-02
3.7315540e-02
3.3642680e-02
3.1445140e-02
2.9693190e-02
3.2702560e-02
3.0189720e-02
2.3909340e-02
8.2003860e-03
-5.9582020e-03
-1.3851080e-02
-2.0500720e-02
-1.8317780e-02
-1.5227230e-02
-1.2067200e-02
-9.5032640e-03
-1.0485980e-02
-1.3671410e-02
-1.5517070e-02
-1.4906180e-02
-1.6683850e-02
-2.0000080e-02
-2.5510190e-02
-2.7874660e-02
-3.0530780e-02
-3.0271830e-02
-3.0624850e-02
-3.0762640e-02
-3.0737820e-02
-2.7579130e-02
-2.2224370e-02
-1.1810360e-02
-3.3599510e-04
1.1577560e-02
2.0674890e-02
2.5217110e-02
2.4227850e-02
2.1652430e-02
1.9120470e-02
1.5371180e-02
1.2468850e-02
8.2766710e-03
5.8079340e-03
-5.3512720e-05
-3.4952910e-03
-7.3588850e-03
-9.4857790e-03
-1.0468760e-02
-5.7704640e-03
-3.2285820e-03
-2.9439660e-04
7.5927390e-04
2.8366540e-03
5.2326320e-03
7.5808030e-03
1.0586800e-02
1.5175270e-02
2.1162190e-02
2.2751180e-02
2.6561960e-02
2.8827690e-02
2.7445210e-02
2.8538230e-02
2.8098580e-02
2.9073120e-02
2.9103750e-02
2.6857420e-02
1.7370990e-02
6.6905870e-03
-5.2302570e-03
-1.5481570e-02
-2.1792600e-02
-2.5282020e-02
-2.7608790e-02
-2.9425820e-02
-3.2834450e-02
-3.6062070e-02
-3.6483870e-02
-3.3902290e-02
-2.9652800e-02
-2.6383400e-02
-1.7786680e-02
-1.1926700e-02
-8.1053190e-03
-5.1134690e-03
-6.0162320e-03
-5.4890890e-03
-2.7483680e-03
-2.0291520e-03
2.2634530e-03
5.0370700e-03
9.6412270e-03
1.3270140e-02
1.4907350e-02
1.9092150e-02
2.3162430e-02
2.7102610e-02
3.0792630e-02
3.9528190e-02
4.5993520e-02
4.9483430e-02
4.9847010e-02
4.4263400e-02
3.9162600e-02
3.2693140e-02
2.6884200e-02
2.0171180e-02
9.7159390e-03
8.1690330e-05
-8.5032680e-03
-1.6311620e-02
-2.4261250e-02
-2.9459950e-02
-3.8724820e-02
-4.4625150e-02
-4.6245440e-02
-4.3898370e-02
-3.9081970e-02
-3.6839680e-02
-3.6576190e-02
-3.6719770e-02
-3.2245610e-02
-2.9675140e-02
-2.3449330e-02
-2.0847480e-02
-1.7617610e-02
-1.4785030e-02
-1.4768290e-02
-1.5827720e-02
-1.5266580e-02
-1.5821370e-02
-1.5112480e-02
-1.2480490e-02
-1.2627550e-02
-9.6000080e-03
-6.6415820e-03
-3.8356690e-03
-8.7905450e-04
8.8671560e-04
3.0521450e-03
6.1182230e-03
9.2150420e-03
1.4408270e-02
1.5009550e-02
1.5207150e-02
1.4787540e-02
1.3548770e-02
1.5100810e-02
2.1754070e-02
2.6244640e-02
3.0506200e-02
3.5860560e-02
3.8757780e-02
4.1215320e-02
4.1335250e-02
3.7197940e-02
3.0519640e-02
2.2744200e-02
1.3160000e-02
7.2780740e-03
3.8742490e-03
-3.6175550e-03
-7.8802350e-03
-1.1594670e-02
-1.5564710e-02
-1.7830330e-02
-1.9568570e-02
-1.6688490e-02
-1.6625260e-02
-1.8525230e-02
-1.7240970e-02
-1.6263910e-02
-1.4747990e-02
-1.1593710e-02
-1.0505350e-02
-6.9253030e-03
-8.0141230e-03
-4.6148940e-03
-5.1282090e-03
-3.8015940e-03
-2.0461850e-03
-2.1364810e-03
-5.1520560e-04
1.6665250e-03
4.5584740e-03
7.8409610e-03
1.3475330e-02
1.6640920e-02
1.9415560e-02
2.1814560e-02
2.1891520e-02
2.5449130e-02
2.7882630e-02
2.7919700e-02
2.5488650e-02
1.9503910e-02
1.2476110e-02
4.0711280e-03
2.1406090e-03
-1.9005000e-03
-4.8270760e-03
-8.2833900e-03
-1.2507370e-02
-1.6251560e-02
-1.5809920e-02
-1.6586360e-02
-1.6163010e-02
-1.2822060e-02
-1.0386980e-02
-6.5691960e-03
-4.5914020e-03
-4.8595930e-03
-4.3981920e-03
-4.5286310e-03
-3.9967000e-03
-3.8213940e-03
-2.8329070e-03
-3.1778530e-03
-2.8706350e-03
-1.4805540e-03
-4.8125640e-04
2.2404190e-03
4.6047780e-03
4.2463860e-03
4.0169260e-03
-1.2488880e-04
-3.5962040e-03
-9.7620030e-03
-1.4720560e-02
-1.9436650e-02
-2.1521040e-02
-2.0220870e-02
-1.5599890e-02
-1.0062710e-02
-7.7162810e-03
-5.0148810e-03
-5.5908900e-03
-2.6057430e-03
-1.4578450e-03
9.5438320e-04
1.2143170e-03
2.2696260e-03
3.8990820e-03
4.0751060e-03
7.6746120e-03
1.0608120e-02
1.2383560e-02
1.2860400e-02
1.6088000e-02
1.6731770e-02
1.5516510e-02
1.9181980e-02
1.8111300e-02
1.7977860e-02
1.3244390e-02
8.3375320e-03
5.5128010e-03
-1.7901520e-03
-7.7165100e-03
-8.3256130e-03
-1.3856060e-02
-1.6829840e-02
-1.7119740e-02
-1.4968300e-02
-1.1122430e-02
-8.0984950e-03
-2.6264740e-03
1.0069180e-03
5.6940550e-03
8.0993690e-03
1.0241050e-02
1.4710630e-02
1.7235880e-02
1.9181740e-02
1.7980200e-02
1.5484790e-02
1.1970300e-02
7.9488180e-03
6.8258580e-03
6.5050260e-03
3.3256990e-03
1.4255150e-03
-2.1819340e-03
-5.5648180e-03
-8.6969330e-03
-1.0212650e-02
-1.1237870e-02
-1.2008180e-02
-1.3937230e-02
-1.5113820e-02
-1.4900590e-02
-1.4805330e-02
-1.4196600e-02
-1.4906980e-02
-1.5001310e-02
-1.2189510e-02
-1.1155080e-02
-8.4053350e-03
-5.7619960e-03
-4.5026370e-03
-3.4887210e-03
-3.0389630e-03
-1.5739670e-03
-2.0262630e-03
-3.2238910e-03
-5.2008180e-03
-6.1901410e-03
-5.8772880e-03
-6.3022640e-03
-6.0792550e-03
-5.1229640e-03
-6.6314120e-03
-3.8644720e-03
-3.1771930e-03
-3.4325800e-04
4.2488190e-04
4.1328470e-03
7.7694940e-03
1.2521450e-02
1.6701790e-02
2.0332060e-02
2.2556790e-02
2.3320320e-02
2.0007240e-02
1.7653770e-02
1.4358490e-02
1.1484100e-02
8.1982120e-03
6.1055610e-03
3.8860330e-03
7.6041460e-04
-4.3487450e-04
-3.4498620e-03
-2.6660350e-03
-3.7186860e-03
-5.3945260e-03
-6.0088400e-03
-8.4606130e-03
-9.5310360e-03
-1.3578060e-02
-1.5620850e-02
-1.8329980e-02
-1.7874460e-02
-1.8239310e-02
-1.8340340e-02
-1.5999960e-02
-1.3995240e-02
-1.2727400e-02
-7.9347380e-03
-1.5144610e-03
4.0736000e-04
2.2586150e-03
6.3503070e-03
7.6507570e-03
9.0807640e-03
1.1859110e-02
1.3178590e-02
1.2953190e-02
1.1880980e-02
1.2552880e-02
1.3121700e-02
1.0894720e-02
1.1933670e-02
1.1589190e-02
1.1661630e-02
1.1822790e-02
1.0903650e-02
9.4462440e-03
9.0255920e-03
6.1465470e-03
5.5769360e-03
1.1064220e-03
-5.3767780e-03
-8.0884890e-03
-8.3567860e-03
-9.8212490e-03
-8.7494570e-03
-7.5954270e-03
-4.6067500e-03
-1.5575980e-03
-3.2968960e-04
3.7337010e-03
5.4200190e-03
5.6745370e-03
5.8408550e-03
6.3033900e-03
5.0869350e-03
2.5153250e-03
3.4811630e-03
2.7313120e-03
5.0667240e-03
7.0746160e-03
9.1431460e-03
8.5433810e-03
6.1667530e-03
5.2852980e-03
1.2962930e-03
3.2261470e-04
4.0941140e-03
2.5599890e-03
1.8138330e-03
-1.3965970e-03
-4.1028790e-03
-7.3528150e-03
-8.7803690e-03
-9.7005870e-03
-1.0487820e-02
-1.2275430e-02
-1.4659600e-02
-1.4467220e-02
-1.4827710e-02
-1.4725980e-02
-1.0770450e-02
-7.6353870e-03
-6.8405790e-03
-6.7526880e-03
-6.7217410e-03
-7.3094330e-03
-5.3058220e-03
-6.1303770e-03
-5.8465120e-03
-5.9068230e-03
-5.8234490e-03
-5.9638060e-03
-4.2610370e-03
-2.0923790e-03
2.9220030e-03
4.9128120e-03
8.4249250e-03
8.6942250e-03
9.0046460e-03
8.6640050e-03
7.6592170e-03
8.5531130e-03
9.2267700e-03
8.8775180e-03
8.8167760e-03
5.6094450e-03
3.2580420e-03
2.1939670e-03
2.1929760e-04
8.8539180e-05
-1.5651840e-05
1.7593360e-06
-1.4535530e-03
-1.8296100e-03
-2.4108640e-03
-3.4930780e-03
-2.3411110e-03
-2.1807690e-03
-3.4865970e-03
-5.1985770e-03
-6.2677620e-03
-6.2096940e-03
-5.5093570e-03
-2.0603600e-03
1.7382500e-03
3.7393090e-03
5.1078990e-03
8.3137200e-03
1.0295730e-02
1.1308580e-02
1.2827630e-02
1.4343140e-02
1.4200720e-02
1.4406610e-02
1.4389370e-02
1.4803350e-02
1.2025290e-02
6.2548190e-03
4.2613100e-03
-8.5930770e-04
-3.1191360e-03
-4.5254380e-03
-5.3187190e-03
-6.8152420e-03
-6.0018850e-03
-4.3380770e-03
-3.8228720e-03
-1.6785210e-03
-5.4746410e-04
-2.4449510e-03
-3.3105180e-03
-5.5205950e-03
-6.5716830e-03
-6.4713010e-03
-6.6348470e-03
-5.6132640e-03
-7.0549230e-03
-6.4617260e-03
-6.8022930e-03
-6.1915800e-03
-3.6055170e-03
-3.6108570e-03
-1.9662970e-03
-2.8725370e-03
-3.8463970e-03
-5.2629010e-03
-4.5331150e-03
-3.3973640e-03
-5.4125830e-03
-6.5200980e-03
-6.5000900e-03
-6.0920890e-03
-6.0711710e-03
-5.9632870e-03
-5.0260560e-03
-4.7449370e-03
-3.4469510e-03
-3.8129770e-03
-2.0563640e-03
-2.4791570e-03
-1.5694670e-03
-4.8357630e-04
-1.5524000e-04
-4.8478660e-04
-5.9131540e-04
6.1865340e-04
2.3541350e-05
-4.0286120e-05
-4.1257320e-04
-3.8779780e-05
2.6986660e-03
5.1771070e-03
8.1907290e-03
9.6897440e-03
9.5306190e-03
6.7914130e-03
4.0059420e-03
2.5250340e-03
4.5813020e-03
5.6911020e-03
6.3982020e-03
5.0053910e-03
2.5377960e-03
2.9723480e-03
2.6248060e-03
2.5271080e-03
2.5653460e-03
2.4495590e-03
2.4651390e-03
2.2733460e-03
2.7782770e-03
3.9853240e-03
4.8786900e-03
5.3370560e-03
4.7192930e-03
2.3935060e-03
5.2490770e-03
3.0385800e-03
2.5065940e-03
9.1871320e-04
-6.4816690e-04
-6.7014420e-04
-1.9305290e-03
-3.4938780e-03
-4.0808150e-03
-2.5973570e-03
-1.0536580e-03
8.3482880e-04
1.7707450e-03
-1.3271580e-03
-6.6242470e-04
-9.7852680e-04
-1.1512870e-03
-9.1547210e-04
-1.0672640e-03
-3.1565550e-03
-3.9479700e-03
-1.8494040e-03
-2.7117360e-03
-2.3990980e-03
-2.6809150e-03
-4.3429990e-03
-3.7995150e-03
-3.8041590e-03
-1.9581320e-03
-3.8094910e-03
-4.0734680e-03
-5.8990230e-03
-5.0554730e-03
-3.9014450e-03
-3.0649960e-03
-9.0899300e-04
-5.1648560e-04
1.4414320e-03
1.5255250e-03
1.6333830e-03
1.8264160e-03
1.6451550e-03
1.8858580e-03
3.4741390e-03
3.0179200e-03
5.2353820e-03
3.4160650e-03
3.2643610e-03
2.3578420e-03
5.9508600e-04
2.3708100e-03
5.6936040e-04
-1.7132830e-04
-8.3080030e-04
-4.6859440e-04
-4.5684910e-04
-1.5634740e-03
-1.2000930e-03
-2.1693420e-03
-3.7439470e-03
-4.6352640e-03
-2.5641880e-03
-1.3254430e-03
-2.4722790e-03
-3.6965240e-03
-2.2867800e-03
-3.0686200e-03
-9.4652710e-04
-1.7019120e-03
-1.4359330e-03
-1.4110250e-03
-1.3948650e-03
-1.4649220e-03
-1.3828530e-03
4.6273990e-04
7.8164130e-04
1.5431590e-03
1.5423250e-03
1.6064370e-03
1.4685410e-03
4.5377690e-03
4.1707010e-03
7.2335120e-03
7.9969950e-03
9.9623710e-03
1.0458400e-02
1.0498490e-02
1.0761520e-02
8.0794790e-03
6.3762470e-03
4.1836240e-03
5.7336890e-04
-1.2735730e-03
-2.8323540e-03
-4.4686490e-03
-3.7751400e-03
-5.4112790e-03
-4.3779930e-03
-5.0731180e-03
-7.7973310e-03
-2.7760050e-03
-4.6452340e-03
-3.1398330e-03
-2.2982660e-03
-9.0047930e-04
-1.5018380e-03
-1.1534480e-03
-1.2198760e-03
-1.0226200e-03
-1.7878610e-04
1.0516420e-03
3.3829740e-03
7.5430710e-03
5.4976210e-03
5.6477920e-03
4.9213200e-03
5.0826890e-03
4.9281300e-03
4.9132800e-03
4.8362760e-03
5.2434070e-03
4.1207840e-03
1.6523020e-03
-4.3890050e-04
-5.0165840e-04
-3.7448920e-03
-3.5645550e-03
-5.7615960e-03
-7.1077080e-03
-6.3594360e-03
-9.8012620e-03
-9.3664290e-03
-1.0505700e-02
-9.5510640e-03
-9.1374330e-03
-6.6216630e-03
-4.2805550e-03
-4.6024790e-03
-2.1373390e-03
-1.0381220e-03
-1.3751360e-03
2.1803440e-03
1.6535630e-03
1.8963110e-03
1.9828530e-03
2.0857080e-03
3.8367090e-03
2.0735250e-03
1.8250920e-03
-7.5314490e-04
1.3961080e-03
2.9314520e-04
-1.4034150e-03
-1.5177570e-03
-2.5607050e-03
-1.4526500e-03
-9.9445240e-04
-1.0979390e-03
-7.5702650e-04
-9.3711280e-04
-8.1159210e-04
3.1379850e-03
1.5518670e-03
2.2002700e-03
2.2555030e-03
4.0981140e-03
4.2187240e-03
3.5704910e-03
3.9360180e-03
1.9910700e-03
2.5831420e-03
3.5554260e-03
3.0479030e-03
2.1371500e-03
2.4623000e-03
2.2056420e-03
2.2691510e-03
2.2681850e-03
2.2840700e-03
2.2350450e-03
2.1933390e-03
2.2112360e-03
2.1779630e-03
2.3905050e-03
1.4222910e-03
6.6759900e-04
2.1165940e-04
-1.5461430e-03
-2.9630170e-03
-4.0464380e-03
-3.2415200e-03
-1.7613020e-03
-1.2820050e-03
1.3926910e-03
1.7383790e-03
1.7452510e-03
1.8908160e-03
1.9846740e-03
2.9076830e-03
1.3701500e-03
2.6677600e-03
1.6957430e-03
-6.1296370e-04
-2.7900390e-03
-4.1480020e-03
-4.0184410e-03
-5.0756970e-03
-4.1324130e-03
-4.5341910e-03
-4.4728170e-03
-4.5590750e-03
-3.6249570e-03
-4.6615270e-03
-6.2238590e-03
-5.8556150e-03
-5.2836790e-03
-4.4281650e-03
-4.7203710e-03
-4.5890470e-03
-4.4668840e-03
-4.5759860e-03
-4.6096730e-03
-4.6167180e-03
-4.5397910e-03
-4.6363550e-03
-4.6532200e-03
-8.1088100e-04
-2.3760700e-03
-7.5878340e-04
1.0069540e-03
1.3793540e-04
1.7142870e-03
1.1998090e-03
1.4432010e-03
1.3162390e-03
2.0555170e-03
2.9297000e-03
4.4169580e-03
3.9347500e-03
6.7800410e-03
7.1555730e-03
6.9630660e-03
7.2193150e-03
7.3621670e-03
6.2260460e-03
5.5668070e-03
5.4056890e-03
6.4690010e-03
5.9093340e-03
5.2978940e-03
5.4469340e-03
3.0603150e-03
1.9791240e-03
2.2912720e-03
2.8544500e-03
3.4382820e-03
3.1979670e-03
3.3869900e-03
3.2295040e-03
3.0998030e-03
2.9201520e-03
5.8446700e-03
5.8412490e-03
4.8504340e-03
2.5297320e-03
2.5612990e-03
3.3855150e-04
-4.3637240e-05
-1.6462870e-04
-2.5787670e-04
7.8606320e-04
1.3882360e-03
9.8981240e-04
-9.7063240e-04
-1.1480610e-04
-4.8101750e-04
-2.4604920e-03
-1.6733500e-03
-3.9173890e-03
-3.1017950e-03
-5.4044330e-03
-6.5385180e-03
-6.9289920e-03
-5.9015340e-03
-6.5788040e-03
-6.4681210e-03
-6.5066350e-03
-5.6756750e-03
-6.3458700e-03
-3.8436810e-03
-3.5254780e-03
-3.7831550e-03
-2.1121980e-03
-2.7191990e-04
-7.9619590e-04
-1.5557400e-03
-2.9526100e-03
-4.2184480e-03
-6.2851860e-03
-7.2658950e-03
-5.9926970e-03
-4.9481380e-03
-7.1093570e-03
-6.5888670e-03
-7.2840320e-03
-6.6159430e-03
-5.3364760e-03
-3.1579290e-03
-4.1498040e-03
-2.2589620e-03
-4.7253320e-04
1.2560480e-03
2.1973220e-03
2.3113610e-03
1.4832160e-03
2.9414180e-03
2.1111600e-03
2.5990470e-03
5.4993040e-03
5.0606490e-03
5.2325960e-03
6.6866340e-03
6.8434080e-03
5.5026290e-03
4.4207750e-03
3.6497570e-03
2.4339890e-03
4.3225720e-03
4.9749060e-03
5.2915580e-03
5.4752990e-03
3.5796870e-03
2.2608320e-03
2.2672690e-03
-3.3189080e-04
-5.1828080e-05
-5.4070470e-04
-2.1426490e-03
-1.9785810e-03
-3.7371600e-03
-3.5579980e-03
-3.6627760e-03
-3.7638960e-03
-3.7097680e-03
-3.7269350e-03
-3.9171260e-03
-1.7922680e-03
-6.0770040e-04
-2.1222990e-05
-1.3303210e-03
2.4933210e-03
1.5549280e-03
4.1563870e-03
5.2631470e-03
4.7008560e-03
5.8556010e-03
8.2500840e-03
8.6088720e-03
9.7035580e-03
7.7090220e-03
8.4096380e-03
8.3991880e-03
5.6475740e-03
2.7197880e-03
1.7028120e-03
-1.6778220e-05
-1.6971910e-03
-4.3332670e-03
-3.7106780e-03
-4.2473270e-03
-5.4678390e-03
-3.8775130e-03
-7.0686260e-04
-1.5554110e-04
1.6132010e-03
1.2826220e-03
1.6870780e-03
1.7302320e-03
-1.3471740e-03
-1.0417550e-03
-3.9628920e-03
-5.0632060e-03
-7.7709370e-03
-7.0093930e-03
-7.5072780e-03
-6.1596280e-03
-6.0295580e-03
-4.7367250e-03
-4.5339530e-03
-3.1491190e-03
-8.2998200e-04
1.1726230e-03
2.7653430e-03
4.8280400e-03
5.7944200e-03
8.1514070e-03
7.3422190e-03
7.9655210e-03
7.5593450e-03
4.7049290e-03
5.2056780e-03
4.8160670e-03
4.7322820e-03
4.9516720e-03
4.5865300e-03
1.8023080e-03
4.6326620e-04
-1.3685410e-03
-7.9126880e-04
-1.6379240e-03
-4.4938530e-03
-3.7383510e-03
-4.6559370e-03
-7.5580770e-03
-6.8682360e-03
-7.2127890e-03
-7.3505660e-03
-6.7386460e-03
-5.6080700e-03
-4.3786410e-03
-3.4801470e-03
-4.8033310e-03
-4.1667230e-03
-4.2434390e-03
-5.9794540e-03
-5.6637730e-03
-4.0915230e-03
-4.8003490e-03
-1.9774680e-03
-1.6531500e-03
-1.7087730e-03
-1.4609480e-03
-1.4984430e-03
-1.5651150e-03
-1.5749710e-03
-1.5904480e-03
-1.7954480e-03
8.5384940e-04
1.1153990e-03
1.0104530e-03
3.0321380e-03
4.2974430e-03
3.8813590e-03
4.1235260e-03
4.1457410e-03
4.1201820e-03
4.2093090e-03
3.4604170e-03
3.4739950e-03
2.1418670e-03
4.4941160e-03
8.0018080e-03
4.4689320e-03
4.6015490e-03
5.0230050e-03
4.8807220e-03
4.0479410e-03
4.5250780e-03
3.1973100e-03
7.2389300e-04
-1.3033130e-03
1.5727990e-03
-2.0157060e-03
-1.6133470e-03
-1.5540290e-03
1.2993250e-03
6.9027370e-04
2.3904720e-03
4.5469790e-03
3.8289050e-03
4.1989350e-03
4.2710360e-03
3.1553880e-03
1.6798700e-03
1.4067400e-03
1.3064520e-03
1.3416810e-03
1.1379430e-05
1.0932990e-03
4.8141680e-04
1.1531640e-03
-1.1709180e-03
-1.7536130e-03
-3.3856030e-03
-5.0588610e-03
-4.5090920e-03
-5.0629210e-03
-4.5089200e-03
-3.0780760e-03
-4.5300440e-03
-4.3059420e-03
-4.9249140e-03
-4.8655250e-03
-4.9199600e-03
-4.8834560e-03
-4.9185040e-03
-5.1580870e-03
-2.9969170e-03
-1.8473000e-03
-2.4457800e-03
2.2103670e-04
1.0446100e-03
7.8228050e-04
1.0403850e-03
9.4477460e-04
9.4112520e-04
1.1295820e-03
5.8225220e-04
-1.2393070e-03
-1.9956630e-03
-1.9477060e-03
-1.4283320e-03
-1.9119950e-03
-2.0397910e-03
-1.9560100e-03
-2.0818090e-03
-2.0482400e-03
-1.9609430e-03
-3.5881960e-03
-4.9387740e-03
-4.8848000e-03
-5.0773220e-03
-3.5568900e-03
-4.9930220e-03
-2.5590270e-03
-2.0903710e-03
-2.3764690e-03
-1.4366570e-03
1.2720380e-03
4.3873760e-04
8.4957440e-04
8.5452830e-04
7.5606990e-04
7.5915320e-04
1.4108040e-03
1.3580390e-03
2.2710020e-03
2.7999130e-03
3.8527690e-03
3.4445240e-03
3.6959820e-03
7.2764050e-03
6.1677610e-03
6.4657370e-03
7.4581730e-03
6.3715620e-03
6.5926570e-03
6.8072260e-03
3.9306850e-03
3.1429810e-03
4.1875340e-03
3.4104860e-03
3.4010050e-03
4.2390860e-03
5.8323930e-03
6.3010140e-03
6.3579150e-03
6.4575150e-03
6.4290700e-03
6.5454670e-03
5.4360150e-03
7.1990410e-03
5.3001950e-03
2.9565940e-03
3.9031750e-03
3.3627440e-03
3.6471180e-03
2.5794610e-03
7.3847440e-05
-1.9561710e-03
-2.2077430e-03
-5.2322910e-03
-4.2841390e-03
-4.8610940e-03
-5.3112320e-03
-3.2396650e-03
-3.6709510e-03
-5.3250370e-03
-5.2796340e-03
-5.5322160e-03
-5.6537310e-03
-5.8583090e-03
-4.7069880e-03
-4.3071000e-03
-5.5004370e-03
-5.7799960e-03
-4.4242870e-03
-3.7962200e-03
-4.5685590e-03
-5.3015310e-03
-5.9222780e-03
-2.5238140e-03
-2.9853150e-03
-3.0100680e-03
-1.4143970e-03
-2.3565620e-03
-2.7324700e-03
-2.4748170e-03
-2.8958960e-03
-2.3439450e-03
1.0107450e-03
-3.1767110e-04
2.3981720e-04
1.7927140e-04
1.5868520e-04
1.5944630e-04
1.5141630e-04
1.4646690e-04
1.3780320e-04
1.3232800e-04
1.4644170e-04
4.3218350e-05
1.5857330e-04
-3.3427870e-04
-3.8436290e-03
-2.4573580e-03
-3.0263090e-03
-2.9886850e-03
-3.0748620e-03
-2.9918540e-03
4.2898620e-05
-4.5759430e-04
-2.4212540e-04
-1.2680400e-05
-6.0024860e-05
-6.9458890e-05
-1.6211760e-04
-2.0465810e-04
1.1594210e-04
8.8702250e-04
9.9049880e-04
1.1401630e-03
2.0082320e-03
8.2122830e-04
-2.7285790e-04
1.1372070e-04
-1.0842070e-04
-1.1400470e-04
-4.2646530e-05
-5.9649130e-05
2.3296070e-04
2.1697110e-03
3.0690120e-03
2.7661040e-03
3.0053330e-03
3.0048910e-03
2.9353520e-03
3.0255810e-03
3.1904360e-03
4.9800720e-05
2.9304190e-03
2.8528290e-03
2.7381490e-03
2.0703250e-03
2.3492880e-03
3.1708380e-03
2.4695530e-03
5.5172600e-03
5.5384840e-03
5.5269000e-03
5.4718250e-03
8.6094360e-03
7.6440040e-03
4.9702120e-03
4.4314140e-03
2.5601320e-03
1.5128660e-04
-1.6645600e-04
-3.7828410e-04
-2.6484920e-04
-2.2469370e-03
-3.6715090e-03
-3.1768070e-03
-3.6401080e-03
-3.5926840e-03
-3.5490830e-03
-3.8393640e-03
-2.9458540e-03
-5.1174330e-05
-1.1652820e-03
-6.1628550e-04
-6.5051830e-04
-1.7029110e-03
-3.3518800e-04
-8.9102130e-04
-8.7083550e-04
-8.4725110e-04
-7.4679230e-04
-1.3291430e-03
-1.2775290e-03
-1.2997070e-03
-1.4639520e-03
-8.3463190e-04
-1.0783260e-03
-1.1406880e-03
-6.7516100e-04
1.5578470e-03
3.0847210e-04
6.2785410e-04
-1.6039420e-03
-6.5548400e-04
1.9581570e-03
1.1329680e-03
-3.5561530e-04
-1.2417830e-03
-9.1655230e-04
-1.0256800e-03
-3.9514180e-03
-3.9562050e-03
-3.9921540e-03
-4.5215920e-03
-3.4599490e-03
-4.5175360e-04
-3.0931760e-03
-1.0441010e-03
-1.1732360e-03
-1.3023890e-03
-1.0315460e-03
-1.3030430e-03
-3.7520690e-04
2.4930570e-03
1.2826430e-03
2.1375600e-03
5.0516560e-03
4.4911720e-03
4.8125480e-03
4.9213610e-03
4.9794150e-03
4.9298020e-03
5.2128040e-03
4.1429800e-03
1.2944560e-03
2.8166180e-03
-2.7104250e-04
-7.4633640e-04
-5.5901640e-04
-2.3184630e-03
-4.1578590e-03
-3.4944370e-03
-3.8691700e-03
-3.8498950e-03
-3.9199040e-03
-2.7089400e-03
-3.1845020e-03
-1.2696830e-04
-1.1998070e-03
-9.0908190e-04
-6.2515810e-04
-1.0979460e-03
-4.8028630e-03
-2.9037820e-03
2.8252790e-06
-1.5917610e-03
-4.8940000e-04
2.9168490e-03
1.2466970e-03
3.5036610e-03
4.4206160e-03
2.1165230e-03
2.2664220e-03
2.1175550e-03
2.2437030e-03
3.6417360e-05
-1.1702630e-03
-4.5562630e-03
-3.4625790e-03
-3.9217760e-03
-3.8927090e-03
-4.1374290e-03
-2.5992120e-03
-5.6485540e-04
