0.01
2.4089360e-05
-3.5764250e-03
-5.7601950e-03
-9.4786000e-04
3.2243120e-03
1.9620140e-03
-1.5344740e-05
-4.7139570e-04
-1.8124220e-03
-2.0265920e-03
9.3231620e-04
1.7308020e-03
-9.4653860e-04
-3.3694820e-03
-4.7745230e-03
-5.5668720e-03
-2.9547600e-03
2.8618440e-03
2.8090910e-04
-3.9191360e-03
-1.5726270e-03
9.2073730e-04
-7.3200710e-04
-3.3051380e-03
-3.7167280e-03
-2.3143610e-03
-1.7938950e-03
-1.0049630e-03
-4.1900910e-04
-6.9374870e-04
-2.1057430e-03
-4.8563860e-03
-4.4242370e-03
4.0540210e-03
1.1098980e-02
4.8529820e-03
-6.2751640e-03
-1.1131220e-02
-4.9613680e-03
1.9831040e-03
-4.1256230e-03
-1.4680980e-02
-1.5261170e-02
1.2487870e-03
1.8986100e-02
1.2992770e-02
-4.5392330e-03
-7.1565160e-03
6.4582700e-03
1.4812240e-02
2.7276770e-03
-2.0275130e-02
-2.9448710e-02
-1.2169920e-02
5.3797030e-03
4.9486230e-03
-3.9686420e-03
-7.1715460e-03
-8.3542820e-03
-4.1834630e-03
4.7497640e-03
7.7192970e-03
6.6240510e-03
6.5107130e-03
9.8231770e-03
1.4973410e-02
1.1052970e-02
9.4930390e-03
1.9485080e-02
2.1559910e-02
-5.4814480e-03
-3.5969160e-02
-3.3677040e-02
-1.2964350e-03
1.9420280e-02
5.9114160e-03
-2.2146190e-02
-3.1299400e-02
-1.7715140e-02
-3.7900850e-03
-3.4743240e-03
-1.8328020e-02
-2.7245690e-02
-1.1097730e-02
2.0380510e-02
3.6138500e-02
1.9795100e-02
-2.6546970e-04
5.9531540e-03
2.9034720e-02
3.6137620e-02
1.4109470e-02
-1.4460130e-02
-2.1448240e-02
-1.0209880e-02
-9.7519170e-03
-1.8469290e-02
-1.7695200e-02
-3.1682560e-03
-6.9770000e-04
-2.2847040e-02
-4.6423790e-02
-4.7258250e-02
-8.8752340e-03
2.5290200e-02
2.6651200e-02
4.6670620e-02
8.9368780e-02
1.0483550e-01
7.0270330e-02
1.4842540e-02
-1.0284750e-02
1.3759390e-02
5.2436760e-02
6.0484610e-02
3.2214350e-02
7.1732460e-03
6.3241690e-03
9.0348140e-03
-1.8767030e-02
-6.2351550e-02
-8.0506170e-02
-5.6336600e-02
-1.6524920e-02
-1.8246270e-02
-5.3569500e-02
-6.8791900e-02
-4.8615830e-02
-1.6824490e-02
9.3505820e-03
4.2755920e-02
9.0522180e-02
1.3298530e-01
1.3768230e-01
1.2152060e-01
1.0956120e-01
9.5539450e-02
8.6079250e-02
7.8293400e-02
4.2643790e-02
-1.9029620e-02
-6.8875640e-02
-8.8153210e-02
-9.2209720e-02
-9.1109660e-02
-8.9936400e-02
-8.5375130e-02
-7.0601450e-02
-4.2506700e-02
1.3751910e-02
7.5712990e-02
1.0786770e-01
1.0948830e-01
1.0414450e-01
9.7571410e-02
9.0014900e-02
8.3176590e-02
6.8744510e-02
4.9478450e-02
3.7680470e-02
3.4385470e-02
4.2951910e-02
5.2183380e-02
4.2246540e-02
2.3084690e-02
2.5251130e-02
6.0442080e-02
9.1792030e-02
9.1724510e-02
8.6029350e-02
8.1237710e-02
7.1378460e-02
7.0244680e-02
8.8152790e-02
1.0974470e-01
8.8913000e-02
2.9035200e-02
-2.6612890e-02
-6.1277330e-02
-7.8079800e-02
-8.2222450e-02
-8.3512050e-02
-8.3191480e-02
-6.8373540e-02
-4.1089740e-02
-2.6773050e-02
-4.1205870e-02
-6.9409470e-02
-8.8467860e-02
-8.3457240e-02
-6.0802930e-02
-4.7644810e-02
-6.8988280e-02
-1.0423220e-01
-1.3827750e-01
-1.4281510e-01
-9.2361820e-02
-1.6128490e-02
5.7137000e-02
8.7168780e-02
7.5204750e-02
3.6251140e-02
-7.1893700e-03
-4.6796880e-02
-7.6086560e-02
-1.0262560e-01
-1.2851490e-01
-1.5171930e-01
-1.7179050e-01
-1.9610090e-01
-2.2558880e-01
-2.3084830e-01
-1.8959720e-01
-1.1935430e-01
-4.3310670e-02
9.5792510e-03
1.0074510e-02
-4.2705760e-02
-8.7572440e-02
-9.9686710e-02
-9.0273780e-02
-6.6724990e-02
-4.0655980e-02
-1.6865950e-02
4.9730090e-03
1.7138750e-02
1.7544140e-02
1.3258820e-02
2.1844370e-02
5.0093170e-02
8.4062760e-02
1.0548920e-01
1.2065580e-01
1.4016090e-01
1.6522090e-01
1.8685440e-01
1.8792490e-01
1.8380930e-01
1.9705690e-01
2.0567920e-01
1.7489070e-01
1.1168470e-01
3.7602160e-02
-2.6770180e-02
-7.9661700e-02
-1.2723440e-01
-1.6809460e-01
-1.7491070e-01
-1.4302090e-01
-1.1731740e-01
-1.0767320e-01
-9.7666370e-02
-8.1029060e-02
-6.9121950e-02
-7.5517840e-02
-8.2234530e-02
-6.5996580e-02
-3.3762440e-02
-8.6820500e-03
7.6868310e-03
1.8545550e-02
2.5617640e-02
3.2175140e-02
3.4488650e-02
2.3805120e-02
-7.8688650e-04
-2.4750450e-02
-3.0973360e-02
-3.0728700e-02
-2.9613440e-02
-1.5477140e-02
1.3037450e-02
3.2107800e-02
3.6025190e-02
3.6970790e-02
4.6741910e-02
8.1445920e-02
1.3600410e-01
1.7167280e-01
1.7683710e-01
1.6717650e-01
1.3912620e-01
1.0834780e-01
9.9665170e-02
9.2864610e-02
7.2334410e-02
4.3927180e-02
8.0871350e-03
-2.5906670e-02
-5.3993070e-02
-7.9287670e-02
-7.8788850e-02
-4.3081570e-02
1.9076020e-03
3.4795450e-02
4.5612870e-02
3.1466950e-02
-2.6185310e-03
-4.9678440e-02
-9.4979710e-02
-1.1775200e-01
-1.1139130e-01
-1.0244650e-01
-1.1164680e-01
-1.2722640e-01
-1.3970580e-01
-1.5729430e-01
-1.8315630e-01
-1.9377150e-01
-1.6151550e-01
-1.0305330e-01
-5.1823600e-02
2.2562500e-03
6.3407070e-02
1.1606300e-01
1.2268900e-01
8.9861620e-02
5.0955310e-02
1.7544750e-02
3.1471820e-03
3.8082800e-03
7.5853570e-04
-1.2007160e-02
-2.4988700e-02
-2.5266300e-02
-1.0836990e-02
4.7843200e-03
8.8556280e-03
4.6907070e-03
1.1238520e-03
3.9869890e-03
1.8652560e-02
4.6716960e-02
7.7112200e-02
9.7103800e-02
8.5181910e-02
4.5696240e-02
8.7252320e-03
-5.0301380e-03
-1.7272260e-03
4.7244440e-03
1.1112400e-02
2.3369670e-02
4.5371060e-02
6.4443910e-02
7.5388200e-02
8.1668460e-02
8.1372020e-02
7.7287560e-02
5.5117110e-02
2.0865320e-02
-7.0669830e-03
-2.8993020e-02
-4.7027280e-02
-6.5976800e-02
-7.8492030e-02
-6.2084090e-02
-2.1419910e-02
1.6902920e-02
3.9585740e-02
3.2254630e-02
2.6969290e-03
-2.3041440e-02
-3.7349040e-02
-4.5338680e-02
-5.4131220e-02
-6.0441170e-02
-4.8459260e-02
-2.3534820e-02
-4.3901860e-03
5.2395380e-03
1.3004340e-02
2.4153190e-02
4.6805360e-02
7.6285720e-02
9.3673970e-02
8.9433390e-02
7.5528820e-02
6.2506080e-02
5.8666280e-02
6.6292760e-02
7.7554800e-02
8.3710340e-02
8.3532970e-02
8.6982620e-02
9.5101530e-02
1.0507660e-01
1.0557750e-01
9.7161470e-02
9.6313180e-02
1.0769820e-01
1.1801410e-01
9.9113680e-02
5.2812020e-02
1.3656470e-02
-2.0333840e-02
-5.2847540e-02
-7.0277670e-02
-7.1009820e-02
-6.1178770e-02
-5.7486160e-02
-7.0659950e-02
-8.7963820e-02
-9.8009500e-02
-9.9020720e-02
-9.8972700e-02
-1.0180930e-01
-1.0246870e-01
-9.7366970e-02
-8.7027440e-02
-6.5764220e-02
-3.4089880e-02
-6.1779590e-03
1.8332830e-02
3.9905360e-02
5.7192200e-02
6.5919140e-02
5.7290070e-02
3.9613980e-02
2.9932580e-02
2.5094610e-02
2.4325800e-02
2.3218880e-02
1.8355280e-02
6.4125330e-03
-1.0720100e-02
-2.3222560e-02
-2.1797900e-02
-8.3919640e-04
2.4470530e-02
3.2875230e-02
2.8713490e-02
2.0303100e-02
7.3727420e-03
-1.0288300e-02
-2.3729550e-02
-2.9042030e-02
-3.0470670e-02
-2.7762870e-02
-2.5153670e-02
-3.5393420e-02
-5.6346510e-02
-8.0848520e-02
-1.0635460e-01
-1.2315010e-01
-1.2713470e-01
-1.3242650e-01
-1.2767290e-01
-8.5059670e-02
-9.7768240e-03
5.4505430e-02
8.3630220e-02
8.9101070e-02
8.7328450e-02
8.8720750e-02
8.9407780e-02
7.7683440e-02
4.5823370e-02
-3.8309870e-03
-4.0293320e-02
-5.4706640e-02
-4.9899080e-02
-4.0663170e-02
-4.1700700e-02
-4.7557210e-02
-4.6382390e-02
-3.7224360e-02
-2.4677720e-02
-1.8565710e-02
-1.8421410e-02
-2.9684650e-02
-5.5821700e-02
-9.3844090e-02
-1.2144430e-01
-1.1837110e-01
-9.6291410e-02
-8.6308370e-02
-9.5848400e-02
-9.8798090e-02
-7.0813280e-02
-2.0418620e-02
1.6721420e-02
3.2963720e-02
3.4163330e-02
2.5560930e-02
9.7191100e-03
-1.5762900e-02
-5.1691070e-02
-7.8593010e-02
-8.5198750e-02
-7.1645080e-02
-4.6069310e-02
-1.9771210e-02
-3.2854890e-03
3.6249890e-03
5.4689700e-03
1.2342250e-02
2.8617390e-02
4.8903220e-02
6.9203000e-02
7.6627420e-02
5.3678610e-02
1.8694170e-02
-5.6888340e-04
1.0582350e-02
4.2892810e-02
7.1658590e-02
8.2201740e-02
8.0621620e-02
7.1920950e-02
6.4410250e-02
6.7653130e-02
7.6770600e-02
8.1578400e-02
7.1361260e-02
5.6628450e-02
4.7765580e-02
4.5073160e-02
4.0501140e-02
3.0723680e-02
1.7775860e-02
5.2308060e-03
-2.7389610e-03
-4.0794410e-03
9.5252320e-03
3.6949080e-02
5.9797770e-02
5.9413890e-02
4.0868740e-02
1.8239190e-02
1.7154180e-03
-6.6464070e-03
-1.0067390e-02
-1.2307960e-02
-1.3796700e-02
-8.5807960e-03
2.4985990e-03
7.0313010e-03
-3.7771340e-03
-1.5906800e-02
-2.1691980e-02
-2.4031960e-02
-2.8458140e-02
-3.6444370e-02
-4.1754210e-02
-3.8679460e-02
-2.4709450e-02
-4.1333570e-03
1.3420520e-02
1.8006400e-02
1.5130460e-02
1.3227240e-02
1.3567870e-02
1.5453940e-02
1.0729370e-02
-3.7712460e-04
-1.7301680e-02
-3.1302600e-02
-3.9289270e-02
-3.7516260e-02
-2.6713640e-02
-1.2475220e-02
-4.8909950e-03
-5.1306520e-03
-5.9197670e-03
-3.7458520e-03
-2.6355460e-03
2.7955740e-03
1.4769380e-02
2.5758490e-02
2.4475410e-02
1.7995260e-02
1.9505760e-02
3.1885960e-02
4.4881120e-02
4.9884810e-02
5.0263250e-02
5.1167030e-02
5.3655490e-02
4.4045460e-02
2.5425930e-02
1.2073410e-02
1.2720130e-02
2.2458620e-02
2.9849110e-02
2.6444760e-02
1.7158440e-02
8.3952610e-03
6.2893580e-03
1.1600590e-02
1.7422300e-02
1.3510870e-02
-4.7279640e-03
-2.7259870e-02
-3.7746140e-02
-2.6019760e-02
-5.2067950e-03
3.4116330e-03
-3.1344270e-03
-1.1576130e-02
-1.2688450e-02
-5.4758890e-03
2.8250260e-03
7.4749030e-03
9.9344270e-03
1.2014350e-02
1.2325360e-02
6.9479820e-03
1.3470400e-03
4.1095710e-03
1.1897250e-02
1.4852320e-02
5.9341670e-03
-1.1858120e-02
-3.0452140e-02
-3.8938320e-02
-2.9828330e-02
-8.8519890e-03
1.3086400e-02
2.5983050e-02
2.0217600e-02
3.8699700e-03
-6.2332280e-03
-9.2986710e-03
-1.3663010e-02
-2.2907900e-02
-3.5246410e-02
-4.7194930e-02
-5.2855540e-02
-5.3568490e-02
-5.4535750e-02
-5.7274570e-02
-6.0690340e-02
-5.9743370e-02
-5.2720980e-02
-4.2200290e-02
-3.2789110e-02
-2.8489210e-02
-2.8110620e-02
-3.0353620e-02
-3.4575670e-02
-3.6618840e-02
-3.7391270e-02
-3.7296150e-02
-3.2918350e-02
-3.0116990e-02
-2.9274970e-02
-2.9859490e-02
-2.9982510e-02
-3.2395830e-02
-3.2028880e-02
-3.0475000e-02
-2.4309750e-02
-1.8285730e-02
-1.5135500e-02
-8.0940760e-03
-1.2255080e-03
-4.7395280e-03
-1.4494900e-02
-2.2552720e-02
-2.3767310e-02
-2.0035320e-02
-1.2622910e-02
-7.4355280e-03
-6.2496160e-03
-5.5328640e-03
-5.0433330e-03
-3.9598950e-03
-3.7078150e-04
5.2705310e-03
1.5151220e-02
2.8622950e-02
3.9631580e-02
4.5732990e-02
4.7655560e-02
4.8804600e-02
5.3316290e-02
6.0033710e-02
6.5574960e-02
6.6607310e-02
6.4791430e-02
5.8671910e-02
5.0879700e-02
4.7020920e-02
4.6423240e-02
4.5079680e-02
4.2115710e-02
3.8114290e-02
3.6789700e-02
3.7075610e-02
3.9854840e-02
4.3696040e-02
4.3876050e-02
4.0325310e-02
3.4393610e-02
2.6559720e-02
1.9526050e-02
1.4266950e-02
5.0709670e-03
-7.9064470e-03
-1.9437140e-02
-2.8567750e-02
-3.1362410e-02
-3.2612410e-02
-3.4598160e-02
-3.5002160e-02
-2.8345130e-02
-1.4695050e-02
5.9874710e-04
1.0254640e-02
1.6090310e-02
2.0552020e-02
2.4679500e-02
2.8779750e-02
2.6902860e-02
1.8387650e-02
8.6935750e-03
3.9848420e-03
5.9337800e-03
9.8545180e-03
1.1192520e-02
6.5730120e-03
-2.8994920e-03
-1.3816250e-02
-2.3888110e-02
-2.9526240e-02
-3.1819310e-02
-2.9156320e-02
-2.1347980e-02
-1.3473490e-02
-8.6017510e-03
-8.8417720e-03
-1.0106180e-02
-6.8302170e-03
2.7987510e-03
1.1787590e-02
1.4458440e-02
1.1039100e-02
4.1827370e-03
-5.5434510e-03
-1.5746940e-02
-1.9387850e-02
-1.9473470e-02
-2.0514860e-02
-2.0971550e-02
-2.5426630e-02
-3.4886910e-02
-4.2728190e-02
-4.4139550e-02
-4.0126410e-02
-3.4751540e-02
-3.0860470e-02
-2.7609410e-02
-2.0791010e-02
-1.0236980e-02
1.9698880e-04
5.5188500e-03
9.3394500e-03
1.7083220e-02
2.5968390e-02
3.1002270e-02
3.3983120e-02
3.8373010e-02
4.2382670e-02
4.2627240e-02
4.2021090e-02
3.9383140e-02
3.7950240e-02
3.8279880e-02
3.9876420e-02
3.7729170e-02
3.4332660e-02
3.1388120e-02
3.2339370e-02
3.7130280e-02
4.3647530e-02
4.4814210e-02
3.8638640e-02
2.8221010e-02
1.5460710e-02
2.3438410e-03
-7.3174790e-03
-1.1494620e-02
-1.1047140e-02
-1.0805490e-02
-1.1808360e-02
-1.2195510e-02
-9.6630740e-03
-2.4498700e-03
5.7773970e-03
1.1558270e-02
1.2047140e-02
1.0496820e-02
1.0639260e-02
4.4884400e-03
-4.6318060e-03
-1.4092640e-02
-1.7121730e-02
-1.4692650e-02
-1.3710310e-02
-1.4942230e-02
-1.5989990e-02
-1.5704720e-02
-1.7463830e-02
-1.8200790e-02
-1.7944000e-02
-1.8015780e-02
-1.9351560e-02
-2.1104780e-02
-2.6300800e-02
-3.1865490e-02
-3.6142730e-02
-3.6961030e-02
-3.5861620e-02
-2.8435750e-02
-2.0703330e-02
-1.5897230e-02
-1.4361670e-02
-1.3066030e-02
-1.1106250e-02
-8.0203910e-03
-4.9480990e-03
-5.3240490e-03
-4.9471140e-03
-3.7915160e-03
-4.0130770e-03
-4.0874870e-03
-1.7723560e-03
3.5568010e-03
9.8785790e-03
1.1505490e-02
1.0496780e-02
8.3412370e-03
6.1066540e-03
5.1244690e-03
5.1822450e-03
7.6595350e-03
1.4768100e-02
2.1599640e-02
2.5563440e-02
2.4449750e-02
2.3054730e-02
2.1016630e-02
2.0408190e-02
2.2847940e-02
2.3826010e-02
1.8317510e-02
1.1725250e-02
6.1433840e-03
5.4733780e-03
5.1147580e-03
4.8913850e-03
5.2507390e-03
5.6114720e-03
5.8522190e-03
5.8242800e-03
1.8033630e-03
-5.6338790e-03
-9.2727140e-03
-9.4074080e-03
-8.4272120e-03
-5.3246960e-03
-2.1408390e-03
-2.2611390e-03
-1.5331640e-03
-3.1855610e-03
-5.4393740e-03
-3.2516700e-03
1.3804110e-03
6.4976090e-03
8.7499950e-03
7.4149910e-03
7.6991540e-03
6.2084690e-03
5.4150800e-04
-4.9446660e-03
-1.0286950e-02
-1.8047750e-02
-2.6534550e-02
-3.1883100e-02
-3.2624440e-02
-3.0730580e-02
-2.8971780e-02
-2.9242460e-02
-2.8475060e-02
-2.8559570e-02
-3.0948880e-02
-3.2464680e-02
-3.1419760e-02
-2.5204440e-02
-2.1198660e-02
-2.0156230e-02
-1.9703770e-02
-2.0175760e-02
-1.6204180e-02
-1.0868480e-02
-1.0402900e-02
-1.1394840e-02
-1.1206580e-02
-9.2586170e-03
-5.9146050e-03
-3.2654310e-03
-3.0343320e-03
-3.1008160e-03
-8.1847990e-04
4.0607760e-03
5.6491270e-03
3.5037370e-03
1.0288180e-03
9.8859440e-04
6.5075960e-04
-8.5312410e-04
-1.7944790e-03
-4.0976260e-03
-7.0174130e-03
-9.2392050e-03
-1.0234020e-02
-8.8997530e-03
-4.4724940e-03
6.5554440e-04
2.4916360e-03
5.4041180e-03
9.8598070e-03
1.1764080e-02
1.2432150e-02
1.3580660e-02
1.2074750e-02
1.3500620e-02
1.5960320e-02
1.5271900e-02
1.3874350e-02
1.0683550e-02
8.2358470e-03
7.2026090e-03
6.5415860e-03
3.6412210e-03
1.7043770e-03
-2.3447150e-04
-9.6555470e-04
-1.0877390e-03
-2.0943050e-03
-3.2320560e-03
-4.6363300e-03
-6.1361890e-03
-8.1204080e-03
-1.0116110e-02
-9.6976450e-03
-6.3709860e-03
-1.6931430e-03
-3.2369040e-03
-7.0117640e-03
-9.9903940e-03
-8.5009970e-03
-5.0487640e-03
-5.2513780e-03
-6.3026220e-03
-6.4992270e-03
-1.4088810e-03
6.5124840e-03
1.1237020e-02
1.0875930e-02
9.1226440e-03
1.0121490e-02
1.1755100e-02
1.3518590e-02
1.3174050e-02
1.3602920e-02
1.1461530e-02
4.5845930e-03
-9.5295450e-04
-3.8025080e-03
-5.7495350e-03
-6.2508830e-03
-8.7420910e-03
-1.1850470e-02
-1.1608440e-02
-4.5721150e-03
3.4570020e-03
1.1168090e-02
1.6782410e-02
2.1782270e-02
2.3896740e-02
2.4480260e-02
2.6597020e-02
2.8990500e-02
3.3095460e-02
3.1335520e-02
2.7952890e-02
2.4898780e-02
2.2340130e-02
2.0941490e-02
2.0313410e-02
2.1158260e-02
2.6449430e-02
3.3583090e-02
3.6484550e-02
3.2845600e-02
3.0060260e-02
2.8821740e-02
2.6226990e-02
2.0150730e-02
1.5084750e-02
1.4100510e-02
1.3740200e-02
1.1424860e-02
8.2297860e-03
5.2320520e-03
4.9208460e-03
4.3967750e-03
3.1738890e-03
-1.3252340e-04
-4.4125960e-03
-6.9022920e-03
-8.4601050e-03
-1.0594430e-02
-1.1336960e-02
-1.0447890e-02
-8.2107100e-03
-5.4475890e-03
-4.4956630e-03
-4.5758230e-03
-2.8804370e-03
4.7452500e-04
2.5267830e-03
-6.2581150e-04
-7.0497100e-03
-1.2880820e-02
-1.5854720e-02
-1.6364030e-02
-1.6771610e-02
-1.6859400e-02
-1.8257380e-02
-1.8680190e-02
-1.5954390e-02
-1.1269600e-02
-5.8696060e-03
-4.5451510e-03
-4.6761430e-03
-6.0941950e-03
-8.2644960e-03
-1.0307030e-02
-1.1389040e-02
-1.2548100e-02
-1.1586030e-02
-1.0715290e-02
-1.0446880e-02
-9.6154050e-03
-1.0371700e-02
-7.5504720e-03
-1.7756300e-03
5.5607200e-03
9.8951260e-03
1.2151940e-02
1.2847230e-02
1.1338710e-02
9.0480780e-03
9.7341890e-03
1.2097300e-02
1.4137170e-02
1.4337400e-02
9.5147860e-03
1.6984180e-04
-1.0858250e-02
-1.6801180e-02
-1.6510190e-02
-1.5124130e-02
-1.2636010e-02
-1.2052430e-02
-1.2688430e-02
-1.4348070e-02
-1.5407210e-02
-1.7366190e-02
-1.8601220e-02
-2.0168440e-02
-2.1247310e-02
-1.7423500e-02
-7.8495010e-03
2.4254820e-03
7.8779900e-03
9.2175810e-03
8.9374480e-03
8.6804740e-03
8.9700920e-03
9.8679060e-03
9.6991380e-03
1.0142820e-02
6.5090730e-03
-1.0492460e-03
-8.9941500e-03
-1.4061410e-02
-1.5186870e-02
-1.1315280e-02
-5.8846440e-03
-4.2362450e-03
-5.2828640e-03
-5.1365570e-03
-7.7289990e-03
-9.0834930e-03
-9.2788930e-03
-7.9999850e-03
-5.3254260e-03
-3.6815700e-03
-9.4790740e-04
1.3491090e-03
2.1282870e-03
4.2169510e-03
3.9687200e-03
4.7067430e-03
5.8913520e-03
6.5737990e-03
7.4433200e-03
6.3121120e-03
4.5070240e-03
3.0228420e-03
2.1436610e-03
1.7259030e-03
-1.2482590e-03
-1.2952000e-03
-2.9310810e-03
-3.1317430e-03
-3.4397260e-03
-1.3545210e-03
4.7767350e-03
8.9301650e-03
9.0259990e-03
9.2255510e-03
7.2265230e-03
5.0881430e-03
2.5243700e-03
-2.0459160e-04
-3.7080150e-03
-6.5158790e-03
-6.4995660e-03
-3.9154350e-03
-1.1726900e-03
-1.7743890e-03
-1.7794010e-03
-3.0319220e-03
-4.2088080e-03
-5.9278600e-03
-8.3605740e-03
-8.3142420e-03
-6.6981630e-03
-5.6710520e-03
-5.7448330e-03
-4.7002000e-03
-2.7767810e-03
2.4023440e-04
2.8429750e-03
2.5749940e-03
7.8155320e-04
-5.9997980e-04
-8.4273930e-04
1.0859200e-03
1.4932870e-03
1.4758280e-03
1.6910790e-03
1.6749400e-03
4.9602020e-04
-1.4978150e-04
-1.7303020e-03
-4.2693490e-04
7.5397830e-04
3.3279480e-03
3.3194760e-03
4.9668290e-03
4.1042660e-03
3.1032460e-03
-1.0995000e-03
-6.1504400e-03
-1.1553040e-02
-1.4099730e-02
-1.6204070e-02
-1.2560530e-02
-4.6531900e-03
3.4996690e-03
7.0455500e-03
5.8481080e-03
7.5651580e-03
8.0176800e-03
8.2622060e-03
6.6511650e-03
5.9432350e-03
4.8535650e-03
3.0857650e-03
1.0068640e-03
-1.4913380e-03
-2.6111200e-03
-4.3899720e-03
-4.6086840e-03
-5.2343840e-03
-5.1846790e-03
-5.2613300e-03
-5.5743230e-03
-5.1756950e-03
-7.1452260e-03
-8.5317930e-03
-9.6164140e-03
-9.8868030e-03
-1.0172020e-02
-1.0439830e-02
-1.1131280e-02
-1.0830170e-02
-1.1156970e-02
-1.3215370e-02
-1.4006730e-02
-1.3732710e-02
-1.2229090e-02
-8.7970490e-03
-5.6776680e-03
-4.3949890e-03
-1.8268750e-03
5.1972200e-04
-1.5213980e-04
6.3117030e-07
3.3641280e-04
6.0656820e-04
8.2496740e-04
1.4114910e-03
1.3425170e-03
2.3853770e-03
3.5044890e-03
2.8188410e-03
2.9160560e-03
3.3968650e-03
2.0359480e-03
-2.8407680e-03
-5.2196610e-03
-5.0046990e-03
-2.4391150e-03
-3.3835410e-04
1.3360790e-03
2.3847070e-03
4.2769930e-03
6.8513060e-03
1.0843570e-02
1.2125700e-02
1.3691300e-02
1.5672670e-02
1.5252290e-02
1.6577230e-02
2.0838930e-02
2.4422060e-02
2.6381460e-02
2.4048240e-02
2.3236940e-02
2.1719620e-02
2.1770040e-02
2.0457340e-02
1.9412900e-02
1.9974090e-02
1.8663340e-02
1.5411000e-02
1.2776320e-02
9.2476840e-03
8.1287360e-03
8.3006050e-03
7.5238880e-03
4.9121700e-03
4.5931320e-03
4.5960910e-03
3.8148370e-03
2.8655880e-03
1.3581220e-03
1.2150800e-03
-1.0659780e-03
-3.0871980e-03
-4.1927970e-03
-4.2979780e-03
-4.3296120e-03
-3.8811480e-03
-3.7750680e-03
-1.5464120e-03
1.7216090e-03
3.9937650e-03
3.9861800e-03
4.2196050e-03
4.6424370e-03
4.9003940e-03
4.4897740e-03
4.5820440e-03
2.2080880e-03
-7.8583200e-04
-1.5302660e-03
-2.2565400e-03
-2.7652640e-03
-3.3610440e-03
-5.0756310e-03
-4.8808460e-03
-5.2887250e-03
-6.3282000e-03
-6.6708650e-03
-9.2189890e-03
-1.1866580e-02
-1.4154910e-02
-1.4630980e-02
-1.1827370e-02
-9.2847840e-03
-9.0216510e-03
-7.9778450e-03
-6.7961460e-03
-5.3842350e-03
-5.9182250e-03
-6.2814880e-03
-6.8618040e-03
-4.8163850e-03
-4.4088970e-03
-7.3571740e-03
-9.9336470e-03
-1.1681270e-02
-1.0864620e-02
-9.2074610e-03
-8.0847250e-03
-5.9487040e-03
-5.6066860e-03
-5.2574520e-03
-4.5431910e-03
-5.1905300e-03
-5.5087930e-03
-6.9404140e-03
-6.8375960e-03
-8.6150650e-03
-9.6864340e-03
-9.6684200e-03
-1.0589980e-02
-1.1006290e-02
-1.0054380e-02
-8.2713760e-03
-4.3577460e-03
-2.4911700e-03
-3.0018530e-03
-2.5960230e-03
-3.3893730e-03
-4.1635150e-03
-3.8042380e-03
-1.3025380e-03
1.7504240e-03
4.0279540e-03
4.0719010e-03
4.8830280e-03
4.8711890e-03
5.1581220e-03
6.5101890e-03
7.1973830e-03
8.8489880e-03
9.8941510e-03
9.9871330e-03
1.0112690e-02
8.9002730e-03
7.4491720e-03
7.3790410e-03
7.2910480e-03
9.0403280e-03
9.8784200e-03
8.5876880e-03
8.8197440e-03
9.1213250e-03
9.0043540e-03
6.3860950e-03
5.3310620e-03
1.3038620e-03
-1.4288670e-03
-2.4231380e-03
-2.9121720e-03
-1.9677600e-03
-2.9825740e-04
1.5207520e-04
2.8244280e-04
-2.7741760e-03
-5.8659470e-03
-4.3709380e-03
-4.0999960e-03
-5.2274890e-03
-5.9203570e-03
-6.9928250e-03
-7.6612330e-03
-9.5221020e-03
-9.3567850e-03
-1.0042320e-02
-1.0084490e-02
-9.2044430e-03
-8.7956060e-03
-8.8742880e-03
-7.2905490e-03
-4.7993230e-03
-3.1027320e-03
-4.0831670e-03
-3.7494510e-03
-1.3969190e-03
5.4877890e-04
1.3236060e-03
1.7260440e-03
1.6196800e-03
1.7999610e-03
-7.0021580e-04
-1.9111300e-03
-4.2085720e-03
-5.3852950e-03
-5.2452970e-03
-5.6015270e-03
-5.4214690e-03
-2.3561600e-03
1.9063300e-03
2.3530860e-03
1.4029610e-03
2.3571090e-03
1.6476500e-03
1.5735730e-03
2.1153690e-03
2.1602910e-03
-5.1094430e-04
-1.6923880e-03
-2.2864240e-03
-2.3744700e-03
-2.4510990e-03
-2.2932680e-03
-1.6676120e-03
6.9678780e-04
4.3269660e-03
4.2614410e-03
5.0284340e-03
5.4635080e-03
5.9358990e-03
5.8120280e-03
7.4118080e-03
8.9129160e-03
1.0732710e-02
1.1731650e-02
1.2917130e-02
1.3124940e-02
1.3018600e-02
1.0781980e-02
8.7891260e-03
8.1373350e-03
8.7283560e-03
7.1185870e-03
6.4644430e-03
4.2501220e-03
-6.1821460e-04
-6.8461230e-03
-1.0920310e-02
-1.1316480e-02
-8.5618370e-03
-4.5068730e-03
-6.1684770e-04
5.9012080e-04
8.7799850e-04
-1.7935700e-03
-3.5554450e-03
-4.8313550e-03
-6.4391690e-03
-7.2381360e-03
-6.4304540e-03
-4.4934000e-03
-7.0591390e-03
-1.1447480e-02
-1.8630270e-02
-2.3663110e-02
-2.3941520e-02
-1.4338560e-02
8.5966580e-04
1.2851100e-02
1.4645770e-02
1.1908370e-02
1.0918130e-02
1.3117880e-02
1.2147750e-02
1.0072860e-02
5.8496230e-03
4.8011590e-03
6.0631550e-03
6.4651920e-03
2.1890690e-03
-5.9674380e-03
-1.2927950e-02
-1.7670610e-02
-2.0010750e-02
-1.8439780e-02
-1.2038370e-02
-4.1898900e-03
2.1861930e-03
6.3626410e-03
6.1685740e-03
6.4420060e-03
4.7335780e-03
2.4848400e-03
2.6769020e-03
2.9970590e-03
2.2079580e-03
3.3875460e-03
5.1840240e-03
5.7794700e-03
5.8308620e-03
6.7611640e-03
7.7960680e-03
8.1684610e-03
9.7551240e-03
9.2291810e-03
9.8907910e-03
9.5936140e-03
9.8267900e-03
9.2785070e-03
1.0169520e-02
9.5962290e-03
9.1277110e-03
8.9251690e-03
6.6138760e-03
8.0605750e-03
8.4670850e-03
7.9056080e-03
7.0141480e-03
5.1858390e-03
3.5584740e-03
2.3105070e-03
4.3965800e-03
4.5501390e-03
1.1792160e-03
4.3076570e-04
-2.1897400e-03
-3.0556030e-03
-2.6125130e-03
5.5534520e-05
1.6440030e-03
1.0441350e-03
1.4104720e-03
1.3412260e-03
-6.4559460e-04
-2.5403590e-03
-4.6711260e-03
-7.5238690e-03
-9.9635410e-03
-1.1213590e-02
-1.1217120e-02
-9.3043580e-03
-4.7272420e-03
-3.0318650e-03
-2.4552780e-03
-7.6426800e-04
-1.2869970e-03
-1.7069200e-03
-4.3108250e-03
-4.7941610e-03
-5.2001160e-03
-7.4803820e-03
-9.2220340e-03
-1.0446630e-02
-9.0628120e-03
-7.9578870e-03
-8.6294050e-03
-1.0003980e-02
-1.0801970e-02
-9.6258970e-03
-6.5086560e-03
-2.5120120e-03
-1.6639870e-03
-5.4558080e-04
-1.3113440e-03
-1.5926810e-03
-2.1304150e-03
-3.6028290e-03
-4.6426950e-03
-4.0428350e-03
-2.4267900e-03
-2.4209880e-04
3.0146370e-03
4.9729910e-03
5.8102860e-03
7.4438140e-03
8.9750760e-03
8.7950530e-03
9.0278770e-03
1.0961520e-02
1.3197410e-02
1.3802630e-02
1.3778700e-02
1.4692160e-02
1.6171170e-02
1.7010840e-02
1.5866840e-02
1.3805110e-02
1.2288910e-02
9.7378370e-03
7.6417650e-03
6.8699720e-03
6.8663820e-03
6.6670690e-03
6.1434170e-03
6.6611660e-03
6.8184730e-03
6.5691420e-03
6.7100420e-03
8.3609360e-03
8.1891320e-03
6.0742140e-03
6.0883210e-03
4.9652170e-03
4.0785150e-03
3.1186200e-03
2.4246540e-03
1.7720000e-03
1.3434880e-03
8.0302870e-04
4.3177780e-04
-2.1937150e-03
-5.5682330e-03
-7.0401310e-03
-7.0663900e-03
-7.4268850e-03
-7.2408280e-03
-5.2630610e-03
-5.0464520e-03
-6.4289080e-03
-9.1443310e-03
-1.3441640e-02
-1.5918800e-02
-1.7802720e-02
-1.8162570e-02
-1.7966460e-02
-1.6119470e-02
-1.5408880e-02
-1.5345300e-02
-1.4494600e-02
-1.4566450e-02
-1.5104850e-02
-1.3231690e-02
-1.2059160e-02
-1.2946000e-02
-1.3052320e-02
-1.2764330e-02
-1.4601960e-02
-1.4752710e-02
-1.3707350e-02
-1.0967900e-02
-9.1062420e-03
-7.5504720e-03
-6.3716620e-03
-6.3333470e-03
-6.2539670e-03
-6.2281410e-03
-6.2196390e-03
-6.1561520e-03
-6.2510280e-03
-6.3791900e-03
-4.8344870e-03
-2.9210070e-03
-1.0808660e-03
-1.9926980e-03
-6.0461450e-04
-8.3474410e-04
-4.6577570e-04
2.4267200e-03
5.2587170e-03
6.7018740e-03
6.2619040e-03
5.6664000e-03
3.4616240e-03
2.3840890e-03
2.2668660e-03
2.4310150e-03
4.3932680e-03
5.0306290e-03
5.0967520e-03
3.4730060e-03
2.3777810e-03
2.3934400e-03
2.1711570e-03
2.9807560e-03
4.4718640e-03
5.0050490e-03
4.8324560e-03
5.2541150e-03
7.2040660e-03
7.6629290e-03
8.5386730e-03
1.0027390e-02
1.0603220e-02
1.0699810e-02
1.0621560e-02
1.0159560e-02
1.0805420e-02
1.0617080e-02
1.1072930e-02
1.2731070e-02
1.2385960e-02
1.3655970e-02
1.3687000e-02
1.3677620e-02
1.3873060e-02
1.4435940e-02
1.3500180e-02
1.3522500e-02
1.3902050e-02
1.2384820e-02
1.1335990e-02
8.9301710e-03
5.4153120e-03
3.2031290e-03
1.1560120e-03
3.1463840e-04
-1.2757380e-04
3.6164530e-04
2.2491590e-04
1.3910810e-03
3.8982160e-03
5.5611120e-03
4.5865120e-03
4.4034510e-03
2.8177760e-03
1.7231930e-03
7.9061800e-04
-1.4200860e-04
-1.5281560e-03
-1.9252910e-03
-1.9903610e-03
-2.0295940e-03
-1.4433650e-03
-6.7707400e-04
2.1426690e-04
7.8370210e-04
1.9749140e-03
3.3972380e-03
3.5225190e-03
3.0697770e-03
3.7643960e-03
3.8640820e-03
3.8584250e-03
2.1201490e-03
2.9857970e-04
-1.1202480e-03
-1.5366680e-03
-1.7088970e-03
-1.5082350e-03
3.1221860e-04
1.0434560e-03
2.6284600e-03
3.6334570e-03
3.4558280e-03
3.4495510e-03
3.5295400e-03
1.8809830e-03
-3.4982170e-04
-1.1385670e-03
5.0653350e-04
1.3925770e-03
1.4181120e-03
1.3192480e-03
5.8981460e-04
1.3149400e-03
6.3237050e-04
2.8554150e-05
-1.3639110e-03
-1.3495440e-03
-1.1578570e-03
-1.0881530e-03
-6.9502890e-04
7.6539200e-04
5.0791180e-04
6.0392130e-04
-7.8291350e-04
-3.0275400e-03
-3.3306200e-03
-3.8032690e-03
-4.1634260e-03
-4.9200610e-03
-6.0002770e-03
-7.0571160e-03
-7.3551200e-03
-6.6845830e-03
-7.5026950e-03
-8.5039180e-03
-9.8628720e-03
-1.1447710e-02
-1.1352250e-02
-1.2366800e-02
-1.4326870e-02
-1.4561180e-02
-1.3034200e-02
-1.0364440e-02
-9.7456110e-03
-8.4928260e-03
-6.8129130e-03
-6.1606120e-03
-4.8197970e-03
-4.9221410e-03
-4.5539520e-03
-3.2384360e-03
-3.5121210e-03
-3.6739690e-03
-2.4235600e-03
-2.2968620e-03
-3.1432050e-03
-9.5527350e-04
-6.3050370e-04
-3.5804830e-04
1.0463740e-03
7.1223460e-04
-8.5898670e-04
-1.9063790e-03
-3.9148560e-03
-3.8023760e-03
-3.3064480e-03
-1.6087110e-03
-5.0750660e-04
-3.4700420e-04
8.7732350e-04
2.1284080e-03
9.9515960e-04
1.1861730e-03
1.3033780e-03
7.7747530e-04
-2.1315700e-04
6.1184180e-05
-9.7578030e-04
-3.0677530e-03
-3.5827020e-03
-3.6035440e-03
-4.1949300e-03
-4.1752990e-03
-5.1618050e-03
-6.3245470e-03
-6.3701730e-03
-6.9293850e-03
-6.1086090e-03
-5.2825350e-03
-4.4046360e-03
-4.1866120e-03
-5.0404830e-03
-4.6170040e-03
-3.8339510e-03
-2.5903840e-03
-9.6213690e-04
4.3736490e-06
-9.2304810e-04
-9.8623220e-04
-4.1657470e-04
4.8143550e-04
2.1211920e-03
2.5450580e-03
1.8976740e-04
6.0036520e-05
1.7492500e-04
1.1502500e-03
9.0551660e-04
-4.6692900e-04
6.7562360e-05
-8.8253920e-04
-1.3617180e-03
-1.0942380e-03
7.8547720e-04
1.7650130e-04
3.9023790e-04
1.0468390e-03
1.3988270e-04
-2.0146240e-03
-3.5328250e-03
-3.5557900e-03
-2.7154840e-03
-3.4862990e-03
-3.7642700e-03
-4.7006050e-03
-4.1649950e-03
-4.6411700e-04
3.4281200e-03
3.5001140e-03
2.4704160e-03
2.1604420e-03
1.6493370e-03
3.2022230e-03
4.0439580e-03
3.8178700e-03
4.7011960e-03
6.7491740e-03
6.4235800e-03
5.6597830e-03
5.8761250e-03
4.8821970e-03
2.9590560e-03
1.8147490e-03
2.9812620e-03
4.2363990e-03
4.5424690e-03
4.5373950e-03
4.4664620e-03
5.6419170e-03
7.5009270e-03
6.9945690e-03
7.1231650e-03
7.1951530e-03
7.3046170e-03
7.5579420e-03
6.6934910e-03
5.8303020e-03
4.2227530e-03
2.9499350e-03
2.1033950e-03
1.5466830e-03
1.9672560e-03
2.9142590e-03
4.4806170e-03
5.7112900e-03
6.7227900e-03
7.1787730e-03
6.6630030e-03
6.5084490e-03
6.0914850e-03
4.6499870e-03
3.2582320e-03
1.7522150e-03
5.6122360e-04
-8.8539800e-04
-2.7857330e-03
-3.1193420e-03
-3.5152020e-03
-3.6082000e-03
-3.5209180e-03
-3.6170450e-03
-4.1737710e-03
-4.6017180e-03
-5.1387190e-03
-5.9188440e-03
-6.6443590e-03
-7.0303660e-03
-7.6680990e-03
-8.7977900e-03
-1.0146630e-02
-1.0133270e-02
-1.0036590e-02
-9.7908180e-03
-9.8882860e-03
-8.8892940e-03
-8.9298530e-03
-8.9227760e-03
-8.9442650e-03
-8.0079360e-03
-4.9891970e-03
-1.3694550e-03
-7.4927040e-05
4.1054910e-04
-2.0771220e-05
-4.2733660e-04
-4.1508070e-04
5.4786410e-04
1.0939750e-03
6.7859620e-04
6.7527300e-04
3.1348230e-04
-1.3455870e-05
3.2179920e-04
9.5637050e-04
2.3512920e-03
3.1998870e-03
4.8986290e-03
5.7230550e-03
4.6231010e-03
5.1100380e-03
6.2329320e-03
4.9289910e-03
3.2972140e-03
3.5826550e-03
3.2988290e-03
2.5161610e-03
3.1457240e-03
1.9075440e-03
4.9835850e-04
-4.5846460e-04
-2.9039100e-04
1.6960140e-05
1.9365160e-04
2.2899580e-04
-4.7614600e-04
-2.3444890e-04
1.7941380e-04
6.2997950e-04
3.9578340e-04
-4.2035130e-04
-2.4989290e-03
-1.6674440e-03
-1.7666500e-03
-2.4178680e-03
-2.4487820e-03
-1.9441260e-03
-2.0100380e-03
-2.1441610e-03
-1.4010270e-03
-1.4008000e-03
-2.0066580e-03
-2.0343050e-03
-1.2572210e-03
-1.7128650e-03
-1.4386300e-03
-1.1665190e-03
-2.7186770e-04
8.7118810e-04
2.7590740e-03
4.3610270e-03
3.8602210e-03
4.2807260e-03
4.2228020e-03
3.1213060e-03
1.7499820e-03
1.7215360e-03
