0.01
-7.7009990e-03
-8.1780760e-03
-1.0519050e-02
-1.3455830e-02
-1.5991350e-02
-1.7837870e-02
-1.7998190e-02
-1.6961000e-02
-1.5986000e-02
-1.5412860e-02
-1.4865070e-02
-1.4032960e-02
-1.2275650e-02
-9.2244850e-03
-5.7901240e-03
-2.6895830e-03
-2.4607300e-04
1.6546470e-03
3.5432960e-03
5.6305010e-03
8.1109250e-03
1.1224560e-02
1.4556320e-02
1.7672400e-02
1.9997950e-02
2.1655440e-02
2.3315840e-02
2.5597100e-02
2.8578840e-02
3.1099210e-02
3.2372950e-02
3.3170260e-02
3.4259090e-02
3.5636670e-02
3.6971250e-02
3.8198400e-02
4.0022510e-02
4.2710980e-02
4.5639910e-02
4.8370410e-02
5.0865820e-02
5.1380230e-02
4.8465670e-02
4.4318050e-02
4.0848370e-02
3.7961600e-02
3.4853620e-02
3.1285400e-02
2.7571390e-02
2.4638880e-02
2.3411700e-02
2.3168110e-02
2.3546640e-02
2.4279130e-02
2.5069320e-02
2.6847610e-02
3.2197260e-02
4.0043730e-02
4.7753750e-02
5.4590610e-02
6.1315960e-02
6.8309550e-02
7.3068370e-02
7.4086330e-02
7.3846200e-02
7.4375010e-02
7.5524520e-02
7.6427020e-02
7.6835480e-02
7.6106070e-02
7.0867360e-02
6.2077990e-02
5.3267400e-02
4.5615650e-02
3.8176500e-02
3.0122680e-02
2.1600350e-02
1.3112270e-02
5.3362830e-03
3.6657720e-03
1.0598620e-02
1.9998060e-02
2.7429060e-02
3.3532490e-02
3.9302780e-02
4.3675620e-02
4.7062140e-02
5.0598670e-02
5.6079320e-02
6.3641130e-02
7.1491530e-02
7.8710290e-02
8.5676570e-02
9.2912400e-02
9.9416540e-02
1.0344940e-01
1.0498820e-01
1.0407270e-01
1.0225860e-01
9.3941640e-02
7.1397600e-02
4.2625770e-02
1.6155980e-02
-4.7693330e-03
-1.2724530e-02
-1.1810920e-02
-1.1595380e-02
-1.4473620e-02
-1.8631460e-02
-3.0349010e-02
-5.0762410e-02
-7.2886960e-02
-9.2894460e-02
-1.1104130e-01
-1.2088830e-01
-1.2045560e-01
-1.1759230e-01
-1.1716160e-01
-1.1799010e-01
-1.1830320e-01
-1.2151950e-01
-1.2834770e-01
-1.3592820e-01
-1.4266310e-01
-1.4900110e-01
-1.5572810e-01
-1.6215280e-01
-1.6255330e-01
-1.5642150e-01
-1.4923520e-01
-1.4385950e-01
-1.3927960e-01
-1.3580560e-01
-1.3810180e-01
-1.4487450e-01
-1.5169500e-01
-1.5712590e-01
-1.6165450e-01
-1.5838590e-01
-1.4332970e-01
-1.2459390e-01
-1.0836390e-01
-9.3934300e-02
-7.8572160e-02
-6.1643800e-02
-4.4290790e-02
-2.7438240e-02
-1.1054610e-02
3.0201070e-04
-1.1912240e-02
-4.2897650e-02
-7.4062860e-02
-9.9053340e-02
-1.2224110e-01
-1.3736160e-01
-1.3554470e-01
-1.2665760e-01
-1.2046960e-01
-1.1710510e-01
-1.1285600e-01
-1.1076060e-01
-1.1707550e-01
-1.2656820e-01
-1.2487560e-01
-1.1082700e-01
-9.5331670e-02
-8.3914100e-02
-7.4247170e-02
-6.3036020e-02
-5.0043500e-02
-3.6822710e-02
-2.4302190e-02
-1.2239390e-02
-8.3007950e-05
1.2327790e-02
2.4823370e-02
3.7244340e-02
4.9285800e-02
5.7511920e-02
6.0129970e-02
5.9754690e-02
5.8908140e-02
5.8095470e-02
4.8695070e-02
2.3993370e-02
-6.3469120e-03
-3.3635250e-02
-5.1805020e-02
-5.5383290e-02
-5.3238520e-02
-5.4037120e-02
-5.8599670e-02
-6.3578150e-02
-6.6321040e-02
-6.6483520e-02
-6.6016670e-02
-6.6394270e-02
-6.7202880e-02
-6.4445610e-02
-5.5435940e-02
-4.4208460e-02
-3.4277520e-02
-2.5483820e-02
-1.6332180e-02
-6.3439280e-03
3.9363360e-03
1.3979680e-02
2.3770940e-02
3.3543700e-02
4.3423710e-02
5.3364340e-02
6.3287010e-02
7.3158220e-02
8.1411150e-02
8.5782070e-02
8.8211430e-02
9.1173120e-02
9.4935660e-02
9.8606350e-02
1.0175470e-01
1.0466290e-01
1.0883640e-01
1.1561700e-01
1.2344320e-01
1.3077120e-01
1.3759020e-01
1.4452390e-01
1.5180710e-01
1.5918870e-01
1.6206790e-01
1.5552580e-01
1.4511370e-01
1.3641660e-01
1.2951850e-01
1.2218910e-01
1.1359420e-01
1.0452070e-01
9.8697670e-02
1.0163850e-01
1.0959990e-01
1.1663490e-01
1.2169040e-01
1.2675830e-01
1.3236990e-01
1.3242500e-01
1.2467650e-01
1.1481180e-01
1.0675610e-01
1.0042810e-01
9.8109840e-02
9.9654230e-02
1.0167970e-01
1.0192030e-01
9.4574170e-02
7.8884880e-02
6.1704100e-02
4.6786040e-02
3.3025750e-02
2.1816950e-02
1.5642430e-02
1.1524320e-02
6.6078640e-03
9.1353130e-04
-4.4525710e-03
-9.1520350e-03
-1.3630040e-02
-1.8501660e-02
-2.7679050e-02
-4.3962370e-02
-6.2690520e-02
-7.9937290e-02
-9.5967290e-02
-1.1245050e-01
-1.2706900e-01
-1.3199000e-01
-1.2971210e-01
-1.2763460e-01
-1.2878440e-01
-1.3170930e-01
-1.3385280e-01
-1.3474530e-01
-1.3147950e-01
-1.2030740e-01
-1.0601050e-01
-9.3175180e-02
-8.1747150e-02
-6.9859900e-02
-5.7131660e-02
-4.7056050e-02
-4.1663010e-02
-3.7881520e-02
-3.2551710e-02
-2.4328790e-02
-1.4946690e-02
-6.2672340e-03
1.7044710e-03
9.7978160e-03
1.8353370e-02
2.7085920e-02
3.2794690e-02
3.0016960e-02
2.2261270e-02
1.5325110e-02
1.0299610e-02
5.2781550e-03
-8.8650410e-04
-7.7082700e-03
-1.4348010e-02
-2.0593970e-02
-2.6725680e-02
-3.2980330e-02
-3.9348850e-02
-4.5717460e-02
-5.2034000e-02
-5.8324640e-02
-6.4626880e-02
-7.0947100e-02
-7.7210440e-02
-7.6952510e-02
-6.2950850e-02
-4.3262050e-02
-2.6043650e-02
-1.1439520e-02
3.7897290e-03
2.0868260e-02
3.8679740e-02
5.5456660e-02
6.4617870e-02
6.3672530e-02
6.2425190e-02
6.7850740e-02
7.6332420e-02
8.3051180e-02
8.7647880e-02
9.2173350e-02
9.7731840e-02
1.0386780e-01
1.0923590e-01
1.0853880e-01
1.0077210e-01
9.1558580e-02
8.4208740e-02
7.7801270e-02
7.0635330e-02
6.2513570e-02
5.4227030e-02
4.6605650e-02
4.2259850e-02
4.1569850e-02
4.1571900e-02
4.0272660e-02
3.7596360e-02
3.4794840e-02
3.2574760e-02
3.0635620e-02
2.8508470e-02
2.6128360e-02
2.3692420e-02
2.0434960e-02
1.4017970e-02
5.3631090e-03
-3.1834400e-03
-1.0959270e-02
-1.8641130e-02
-2.6746370e-02
-3.5145490e-02
-4.3488540e-02
-4.9449590e-02
-4.7467680e-02
-4.0078590e-02
-3.3087120e-02
-2.8016020e-02
-2.3133220e-02
-1.7177500e-02
-1.0505720e-02
-3.9513900e-03
2.2148150e-03
8.2398020e-03
1.4371710e-02
2.0622100e-02
2.6721210e-02
3.0755410e-02
3.1852390e-02
3.2104260e-02
3.3030790e-02
3.4424540e-02
3.6617690e-02
4.0612490e-02
4.5413820e-02
4.9949310e-02
5.4178730e-02
5.8504980e-02
6.3061470e-02
6.6121290e-02
6.4572250e-02
6.0248870e-02
5.6334150e-02
5.3469340e-02
5.0628940e-02
4.7172580e-02
4.3350880e-02
3.9451770e-02
3.4522520e-02
2.8535300e-02
2.2409830e-02
1.6574130e-02
1.0838380e-02
4.9631720e-03
-1.0470880e-03
-7.0488140e-03
-1.0900080e-02
-8.7359020e-03
-3.0280920e-03
2.1102580e-03
5.9008550e-03
9.3452050e-03
1.1075790e-02
1.0995290e-02
1.0637730e-02
1.0715860e-02
1.0957640e-02
1.1454500e-02
1.2461530e-02
1.3679910e-02
1.4820600e-02
1.4309920e-02
9.2937930e-03
1.6419490e-03
-5.5744450e-03
-1.1791100e-02
-1.8020300e-02
-2.4861330e-02
-3.2047800e-02
-3.9134220e-02
-4.6011420e-02
-5.2144780e-02
-5.3335260e-02
-5.0068600e-02
-4.6507640e-02
-4.4337300e-02
-4.2565690e-02
-4.0957270e-02
-4.1132540e-02
-4.2713940e-02
-4.4346450e-02
-4.5584660e-02
-4.6613640e-02
-4.6398120e-02
-4.4547430e-02
-4.2274650e-02
-4.0370980e-02
-3.8676760e-02
-3.6820930e-02
-3.4751080e-02
-3.2639080e-02
-3.0603720e-02
-2.8626300e-02
-2.6642840e-02
-2.4630100e-02
-2.2372960e-02
-1.8423090e-02
-1.2949340e-02
-7.3770440e-03
-2.2848020e-03
2.1066700e-03
4.0548940e-03
4.0856320e-03
4.1033340e-03
4.7302950e-03
5.4514150e-03
5.8326770e-03
6.1828200e-03
7.3332490e-03
9.1472440e-03
1.0979750e-02
1.2592100e-02
1.3618260e-02
1.0898780e-02
4.7984390e-03
-1.5272560e-03
-6.8044960e-03
-1.1790460e-02
-1.7285470e-02
-2.3220410e-02
-2.8229840e-02
-3.1077460e-02
-3.3009800e-02
-3.5335310e-02
-3.8101420e-02
-4.0794340e-02
-4.2675430e-02
-4.0121010e-02
-3.3126440e-02
-2.5553420e-02
-1.9264790e-02
-1.3454580e-02
-7.0647000e-03
-8.5395060e-04
2.6559270e-03
4.0115490e-03
4.7807150e-03
4.6559340e-03
3.7348600e-03
1.4185890e-03
-6.4757030e-03
-1.8846260e-02
-3.1330090e-02
-4.1520780e-02
-4.4248580e-02
-4.0221150e-02
-3.5661790e-02
-3.3427730e-02
-3.4158180e-02
-3.6754270e-02
-3.9071990e-02
-4.0637590e-02
-4.2226720e-02
-4.4332090e-02
-4.6089870e-02
-4.2984190e-02
-3.5379330e-02
-2.7437900e-02
-2.0905580e-02
-1.4813000e-02
-8.0765040e-03
-8.5156320e-04
5.0018490e-03
8.5849440e-03
1.1437580e-02
1.4793890e-02
1.8551930e-02
2.2168710e-02
2.5485510e-02
2.8706760e-02
3.2008560e-02
3.4490110e-02
3.4775940e-02
3.3919520e-02
3.3342730e-02
3.3215610e-02
3.2792200e-02
3.1628000e-02
3.0143300e-02
2.7352480e-02
2.1220930e-02
1.3331440e-02
7.0190630e-03
3.8952380e-03
1.7490990e-03
-1.2896100e-03
-5.0277140e-03
-8.5648420e-03
-1.1546060e-02
-1.3457760e-02
-1.4204270e-02
-1.4714320e-02
-1.5528620e-02
-1.6483890e-02
-1.7297970e-02
-1.7948250e-02
-1.8573950e-02
-1.9261930e-02
-1.9992170e-02
-2.0715610e-02
-2.0996210e-02
-1.8197870e-02
-1.2636400e-02
-6.9022330e-03
-2.0380140e-03
2.5805060e-03
7.6139360e-03
1.3015900e-02
1.8421260e-02
2.3438360e-02
2.6550880e-02
2.7795610e-02
2.8813860e-02
3.0164180e-02
3.0130670e-02
2.8419000e-02
2.6362430e-02
2.4738550e-02
2.3722150e-02
2.3341910e-02
2.3080360e-02
2.2638340e-02
2.2122160e-02
2.1697410e-02
2.1372250e-02
2.1058400e-02
2.0244880e-02
1.7226280e-02
1.2482740e-02
7.7409190e-03
3.5762790e-03
-4.7724110e-04
-4.6525920e-03
-7.3509450e-03
-7.9478120e-03
-7.9631310e-03
-8.4551990e-03
-9.2575120e-03
-9.8826070e-03
-1.0114620e-02
-1.0027680e-02
-9.9280620e-03
-9.9501960e-03
-1.0016870e-02
-1.0035090e-02
-1.0010930e-02
-1.0858150e-02
-1.3574250e-02
-1.7067700e-02
-2.0226080e-02
-2.3025500e-02
-2.5906970e-02
-2.9039360e-02
-3.2272440e-02
-3.5441790e-02
-3.8518280e-02
-4.1284830e-02
-4.3565240e-02
-4.5680500e-02
-4.7896350e-02
-5.0190540e-02
-5.2448840e-02
-5.4640950e-02
-5.6813480e-02
-5.9006050e-02
-6.1079010e-02
-6.2136360e-02
-6.2268970e-02
-6.2337560e-02
-6.2693790e-02
-6.2918990e-02
-6.2486240e-02
-6.1668070e-02
-6.0918760e-02
-6.0332620e-02
-5.9763900e-02
-5.9114400e-02
-5.8411850e-02
-5.7716510e-02
-5.6408010e-02
-5.2072110e-02
-4.5316590e-02
-3.8535320e-02
-3.2550960e-02
-2.6774390e-02
-2.1462780e-02
-1.7337460e-02
-1.3766890e-02
-1.0048810e-02
-6.1391570e-03
-2.2880710e-03
1.4111780e-03
5.0515400e-03
8.7316010e-03
1.2496350e-02
1.6447690e-02
2.0523830e-02
2.4589710e-02
2.8609680e-02
3.2626760e-02
3.6670680e-02
4.0732280e-02
4.4790410e-02
4.8596730e-02
5.0629160e-02
5.1068590e-02
5.1406490e-02
5.2245910e-02
5.3227460e-02
5.3967840e-02
5.4212730e-02
5.3860100e-02
5.3357620e-02
5.3011990e-02
5.2759550e-02
5.2447910e-02
5.2048750e-02
5.1629520e-02
5.1293030e-02
5.1371770e-02
5.1802130e-02
5.2243930e-02
5.2568310e-02
5.2749040e-02
5.2744060e-02
5.2686840e-02
5.2672440e-02
5.2681800e-02
5.2669150e-02
5.2628680e-02
5.2582550e-02
5.2546510e-02
5.2366840e-02
5.0945140e-02
4.8221840e-02
4.5304160e-02
4.2753040e-02
4.0350650e-02
3.7786910e-02
3.5048540e-02
3.2038980e-02
2.7904930e-02
2.2866360e-02
1.7811000e-02
1.3044420e-02
8.3325120e-03
3.4677030e-03
-1.5154470e-03
-6.4906020e-03
-1.1403420e-02
-1.5801270e-02
-1.9030500e-02
-2.1685320e-02
-2.4505720e-02
-2.7562720e-02
-3.0587970e-02
-3.3454860e-02
-3.6247730e-02
-3.9071000e-02
-4.1531250e-02
-4.2817020e-02
-4.3377460e-02
-4.3624360e-02
-4.3278630e-02
-4.2585360e-02
-4.1887170e-02
-4.0499600e-02
-3.5510490e-02
-2.7614910e-02
-1.9670240e-02
-1.2679970e-02
-5.8994390e-03
1.1554890e-03
6.6122540e-03
9.6286650e-03
1.1915360e-02
1.4727460e-02
1.7693250e-02
1.9444090e-02
2.0065590e-02
2.0593850e-02
2.1017990e-02
2.0227810e-02
1.8364950e-02
1.5250500e-02
1.0929530e-02
6.3361860e-03
1.9756960e-03
-2.2971570e-03
-6.7159110e-03
-1.1278230e-02
-1.5852930e-02
-2.0368390e-02
-2.4848500e-02
-2.9337330e-02
-3.3847000e-02
-3.8361300e-02
-4.2445440e-02
-4.4520020e-02
-4.5004880e-02
-4.5481340e-02
-4.6485450e-02
-4.7594500e-02
-4.8432930e-02
-4.8988150e-02
-4.8854170e-02
-4.7965370e-02
-4.6929600e-02
-4.6086180e-02
-4.5190270e-02
-4.2879750e-02
-3.8851760e-02
-3.4448070e-02
-3.0492050e-02
-2.6781550e-02
-2.2901580e-02
-1.8836010e-02
-1.5161060e-02
-1.2101700e-02
-9.2244150e-03
-6.2061060e-03
-3.0834640e-03
-2.4034690e-06
2.9992190e-03
5.9707000e-03
8.2491820e-03
9.0366050e-03
9.1944720e-03
9.2468040e-03
8.6945100e-03
7.6301470e-03
6.4870370e-03
5.4476590e-03
4.4391070e-03
3.3767450e-03
2.6448450e-03
2.7150050e-03
3.1790610e-03
3.8276260e-03
4.6504020e-03
5.5510870e-03
6.4648500e-03
7.3859740e-03
8.3229630e-03
9.2704980e-03
1.0217730e-02
1.1159440e-02
1.2104220e-02
1.3649320e-02
1.6460850e-02
1.9795380e-02
2.2902020e-02
2.5768020e-02
2.8691620e-02
3.1785450e-02
3.4864050e-02
3.7293200e-02
3.9123300e-02
4.0910870e-02
4.2891390e-02
4.4934290e-02
4.6892760e-02
4.8770590e-02
5.0645520e-02
5.2486450e-02
5.3778910e-02
5.4470100e-02
5.5060820e-02
5.5815910e-02
5.6643470e-02
5.7399680e-02
5.7943740e-02
5.7852510e-02
5.7297210e-02
5.6758580e-02
5.6331660e-02
5.4952470e-02
5.1803600e-02
4.7993500e-02
4.4530130e-02
4.1390950e-02
3.8159630e-02
3.4635650e-02
3.0298750e-02
2.4975990e-02
1.9416550e-02
1.4101540e-02
8.9202300e-03
3.6357100e-03
-1.7854260e-03
-7.0850640e-03
-1.1122410e-02
-1.3854070e-02
-1.6401000e-02
-1.9323890e-02
-2.2399160e-02
-2.5311640e-02
-2.8047470e-02
-3.0398860e-02
-3.1094170e-02
-3.0462790e-02
-2.9811580e-02
-2.9588660e-02
-2.9449180e-02
-2.9084430e-02
-2.8545430e-02
-2.8017710e-02
-2.7575980e-02
-2.7172600e-02
-2.6745690e-02
-2.5892440e-02
-2.4071680e-02
-2.1778570e-02
-1.9624470e-02
-1.7668250e-02
-1.5686390e-02
-1.3573430e-02
-1.1398560e-02
-9.2519490e-03
-7.1480610e-03
-5.0524950e-03
-3.0725310e-03
-2.0388100e-03
-1.8701980e-03
-1.7635230e-03
-1.3879530e-03
-9.3327930e-04
-6.0571650e-04
-3.7917120e-04
-4.0995280e-05
4.6774230e-04
1.0211430e-03
1.5308880e-03
2.0114800e-03
2.7082420e-03
3.9236670e-03
5.3947810e-03
6.7911840e-03
8.0784570e-03
9.2393280e-03
9.4638840e-03
8.8150350e-03
8.0929080e-03
7.6328200e-03
7.2494110e-03
6.7352300e-03
5.7533950e-03
4.0248200e-03
2.0394930e-03
2.1485520e-04
-1.4782320e-03
-3.2226310e-03
-5.0642950e-03
-6.1878570e-03
-5.6956190e-03
-4.5163190e-03
-3.6202530e-03
-3.0390660e-03
-2.3959460e-03
-1.8521120e-03
-1.9813470e-03
-2.5462850e-03
-3.0746810e-03
-3.4549960e-03
-3.8264070e-03
-4.1645540e-03
-3.6901900e-03
-2.4236090e-03
-1.0761000e-03
3.6296970e-05
1.0698340e-03
2.2023940e-03
2.5237470e-03
9.2119420e-04
-1.5248950e-03
-3.6495920e-03
-5.3992960e-03
-7.2204350e-03
-9.0953110e-03
-1.0125310e-02
-1.0337360e-02
-1.0463290e-02
-1.0827000e-02
-1.1272280e-02
-1.1610070e-02
-1.1844000e-02
-1.2072350e-02
-1.2346090e-02
-1.2645170e-02
-1.2936060e-02
-1.3211230e-02
-1.3482400e-02
-1.3737400e-02
-1.3566020e-02
-1.2650370e-02
-1.1467450e-02
-1.0433550e-02
-9.5292580e-03
-8.5791950e-03
-7.5293130e-03
-6.4552500e-03
-5.5980630e-03
-5.0959100e-03
-4.7115350e-03
-4.2514230e-03
-4.0148680e-03
-4.4066810e-03
-5.0973480e-03
-5.6982200e-03
-6.5540500e-03
-8.3514700e-03
-1.0695530e-02
-1.2951010e-02
-1.4997080e-02
-1.7037480e-02
-1.9197380e-02
-2.1427530e-02
-2.3639260e-02
-2.5809070e-02
-2.7966560e-02
-3.0091560e-02
-3.1658740e-02
-3.2403880e-02
-3.2902260e-02
-3.3583550e-02
-3.4394150e-02
-3.5139440e-02
-3.5775020e-02
-3.6380750e-02
-3.7021610e-02
-3.7693970e-02
-3.8365900e-02
-3.9023440e-02
-3.9602710e-02
-3.9291690e-02
-3.7696870e-02
-3.5614760e-02
-3.2754220e-02
-2.8788740e-02
-2.4425630e-02
-2.0219680e-02
-1.6145280e-02
-1.1994260e-02
-7.7172590e-03
-3.4062960e-03
8.6450510e-04
5.0988740e-03
9.3336430e-03
1.3585270e-02
1.7845410e-02
2.2065810e-02
2.5561030e-02
2.7811490e-02
2.9621490e-02
3.1683490e-02
3.3961490e-02
3.6160640e-02
3.8193230e-02
4.0169530e-02
4.2194380e-02
4.4268830e-02
4.6346480e-02
4.8344060e-02
5.0053910e-02
5.1549010e-02
5.3050360e-02
5.4625570e-02
5.6212890e-02
5.7761020e-02
5.9280450e-02
6.0802710e-02
6.2339770e-02
6.3882710e-02
6.5422530e-02
6.6956910e-02
6.8490780e-02
6.9990250e-02
7.1195080e-02
7.2089880e-02
7.2894700e-02
7.3242780e-02
7.2842520e-02
7.2173330e-02
7.1639970e-02
7.1224270e-02
7.0743350e-02
6.9794250e-02
6.8169890e-02
6.6343780e-02
6.4675900e-02
6.3121080e-02
6.1513850e-02
5.9813010e-02
5.8085830e-02
5.6387820e-02
5.4716740e-02
5.2978770e-02
5.0737810e-02
4.8048670e-02
4.5333390e-02
4.2760570e-02
4.0228450e-02
3.7604110e-02
3.4407960e-02
3.0326730e-02
2.5956930e-02
2.1780680e-02
1.7752610e-02
1.3659340e-02
9.4449430e-03
5.2028040e-03
1.8504310e-03
3.3215240e-04
-4.4116210e-04
-1.5527670e-03
-3.0147180e-03
-4.3917760e-03
-5.5218050e-03
-6.5545270e-03
-7.6509910e-03
-8.8240010e-03
-1.0012700e-02
-1.1899620e-02
-1.5853060e-02
-2.1049980e-02
-2.6067260e-02
-3.0619200e-02
-3.5165190e-02
-3.9985210e-02
-4.4613870e-02
-4.8451360e-02
-5.1883150e-02
-5.5420550e-02
-5.9125050e-02
-6.2228310e-02
-6.3792440e-02
-6.4581730e-02
-6.5588130e-02
-6.6925180e-02
-6.8237590e-02
-6.9344450e-02
-7.0216880e-02
-7.0047610e-02
-6.8814450e-02
-6.7428100e-02
-6.6239840e-02
-6.4447300e-02
-6.1871700e-02
-5.9112360e-02
-5.6543920e-02
-5.4096610e-02
-5.2061070e-02
-5.0927940e-02
-5.0186500e-02
-4.9298790e-02
-4.8247900e-02
-4.7240160e-02
-4.6353630e-02
-4.5514520e-02
-4.4644480e-02
-4.3737370e-02
-4.2952270e-02
-4.2779110e-02
-4.3089330e-02
-4.3400600e-02
-4.3550110e-02
-4.3666140e-02
-4.3813010e-02
-4.3603900e-02
-4.2951670e-02
-4.2202780e-02
-4.1563330e-02
-4.0980770e-02
-4.0353690e-02
-3.9671020e-02
-3.9074190e-02
-3.8729430e-02
-3.8515640e-02
-3.8268400e-02
-3.7965290e-02
-3.7664590e-02
-3.7278180e-02
-3.6040730e-02
-3.4013570e-02
-3.1924360e-02
-3.0078160e-02
-2.8306240e-02
-2.6420490e-02
-2.4430110e-02
-2.2448610e-02
-2.0751660e-02
-1.9489770e-02
-1.8365480e-02
-1.7142240e-02
-1.5844070e-02
-1.4576900e-02
-1.3369340e-02
-1.2179670e-02
-1.0972060e-02
-9.7470710e-03
-8.5216840e-03
-7.3032650e-03
-6.0106780e-03
-4.3444490e-03
-2.3802100e-03
-4.1300870e-04
1.4553510e-03
3.3032880e-03
5.2012830e-03
7.1392230e-03
9.0745650e-03
1.0990710e-02
1.2897960e-02
1.4810150e-02
1.6728370e-02
1.8647600e-02
2.0564580e-02
2.2480210e-02
2.4395600e-02
2.6312010e-02
2.8228580e-02
3.0145400e-02
3.2061550e-02
3.3977800e-02
3.5894270e-02
3.7698760e-02
3.8579300e-02
3.8494290e-02
3.8265670e-02
3.8309330e-02
3.8462800e-02
3.8497210e-02
3.8500390e-02
3.8696660e-02
3.9029900e-02
3.9358210e-02
3.9639820e-02
3.9912000e-02
4.0088810e-02
3.9868160e-02
3.9359750e-02
3.8861100e-02
3.8459200e-02
3.8070580e-02
3.7629410e-02
3.7150680e-02
3.6676240e-02
3.6220050e-02
3.5591340e-02
3.4441150e-02
3.2977950e-02
3.1561290e-02
3.0262950e-02
2.8967170e-02
2.7555750e-02
2.5181330e-02
2.1225470e-02
1.6726000e-02
1.2555230e-02
8.6534970e-03
4.6452330e-03
4.2274720e-04
-3.8675060e-03
-8.0947390e-03
-1.2258770e-02
-1.6420650e-02
-2.0609470e-02
-2.4813310e-02
-2.9011570e-02
-3.3200850e-02
-3.7387870e-02
-4.1478070e-02
-4.4316020e-02
-4.5345350e-02
-4.5842120e-02
-4.6744430e-02
-4.7538510e-02
-4.6806630e-02
-4.4878610e-02
-4.2948080e-02
-4.1431140e-02
-4.0019260e-02
-3.8419930e-02
-3.6662730e-02
-3.4910690e-02
-3.3323960e-02
-3.2031870e-02
-3.0877550e-02
-2.9675110e-02
-2.8392490e-02
-2.6770740e-02
-2.4589800e-02
-2.2214400e-02
-1.9951160e-02
-1.7778840e-02
-1.5566390e-02
-1.3278210e-02
-1.0966330e-02
-8.6775170e-03
-6.4108980e-03
-4.1449670e-03
-1.8690250e-03
4.1195540e-04
2.6896310e-03
4.7803050e-03
6.3452850e-03
7.5991140e-03
8.9020980e-03
1.0322990e-02
1.1744180e-02
1.3094310e-02
1.4403700e-02
1.5724270e-02
1.7069770e-02
1.8422090e-02
1.9766710e-02
2.1088500e-02
2.2096690e-02
2.2565710e-02
2.2843070e-02
2.3229200e-02
2.3709060e-02
2.4154310e-02
2.4526850e-02
2.4743680e-02
2.4019490e-02
2.2448890e-02
2.0822910e-02
1.9460380e-02
1.8170610e-02
1.6752530e-02
1.5222460e-02
1.3691640e-02
1.2211950e-02
1.0758770e-02
9.2968730e-03
8.0192400e-03
7.2252020e-03
6.6817500e-03
6.0764360e-03
5.3698080e-03
4.6718270e-03
4.0384930e-03
3.4375900e-03
2.8238070e-03
2.1886170e-03
1.5486350e-03
9.1601930e-04
2.8924640e-04
-3.3795910e-04
-9.6625180e-04
-1.3633690e-03
-1.0951600e-03
-4.3116370e-04
1.7194360e-04
6.2551740e-04
1.0780150e-03
1.6200780e-03
2.2139930e-03
2.8413550e-03
3.8984790e-03
5.5093450e-03
7.2559750e-03
8.8694820e-03
1.0406590e-02
1.1997080e-02
1.3660820e-02
1.5294210e-02
1.6569120e-02
1.7524280e-02
1.8461670e-02
1.9503490e-02
2.0464850e-02
2.0563810e-02
1.9884790e-02
1.9155070e-02
1.8452940e-02
1.7358280e-02
1.5955640e-02
1.4532630e-02
1.3196470e-02
1.1885500e-02
1.0535990e-02
9.1527020e-03
7.8789220e-03
7.4189150e-03
7.6864820e-03
7.9974120e-03
8.0771220e-03
8.0911270e-03
8.2138920e-03
8.2987120e-03
7.7451290e-03
6.6398020e-03
5.5081360e-03
4.5532010e-03
3.6469660e-03
2.6579540e-03
1.5976970e-03
7.2066190e-04
5.2538260e-04
7.9494170e-04
1.0289160e-03
1.0942030e-03
1.1400410e-03
1.2770530e-03
1.4763110e-03
1.6661720e-03
1.8224060e-03
1.8816150e-03
1.5503920e-03
9.1224200e-04
2.7277910e-04
-2.9033170e-04
-1.1396810e-03
-2.4818950e-03
-3.9936600e-03
-5.4030810e-03
-6.7238650e-03
-8.0716980e-03
-9.4833530e-03
-1.0914100e-02
-1.2005240e-02
-1.2399870e-02
-1.2512970e-02
-1.2756030e-02
-1.3132380e-02
-1.3476490e-02
-1.3726600e-02
-1.3939980e-02
-1.4177540e-02
-1.4444270e-02
-1.4697500e-02
-1.4603740e-02
-1.3923570e-02
-1.3038810e-02
-1.2274830e-02
-1.1612500e-02
-1.0911180e-02
-9.8514030e-03
-7.7758140e-03
-5.0387110e-03
-2.3691090e-03
5.8651550e-05
2.4703720e-03
5.0211320e-03
7.6601820e-03
1.0281890e-02
1.2854320e-02
1.5410280e-02
1.7975450e-02
2.0049350e-02
2.1056970e-02
2.1616770e-02
2.2364420e-02
2.3316380e-02
2.4222160e-02
2.4985240e-02
2.5690380e-02
2.6431410e-02
2.7216930e-02
2.8008770e-02
2.8783150e-02
2.9546030e-02
3.0272180e-02
3.0517290e-02
3.0060880e-02
2.9396170e-02
2.8888840e-02
2.8491120e-02
2.8036590e-02
2.7487980e-02
2.6914320e-02
2.6371050e-02
2.5854460e-02
2.5337590e-02
2.4808630e-02
2.4273460e-02
2.3740650e-02
2.3211920e-02
2.2683750e-02
2.2070270e-02
2.1059410e-02
1.9734010e-02
1.8406810e-02
1.7183920e-02
1.5982250e-02
1.4727020e-02
1.3429800e-02
1.2134900e-02
1.0860800e-02
9.5972670e-03
8.4850850e-03
7.6955640e-03
7.0414410e-03
6.3306560e-03
5.5590500e-03
4.7989850e-03
3.7637260e-03
2.0733470e-03
9.3531700e-05
-1.7791810e-03
-3.5255120e-03
-5.2971170e-03
-7.1557220e-03
-9.0511250e-03
-1.0924970e-02
-1.2771500e-02
-1.4613990e-02
-1.6465670e-02
-1.8101320e-02
-1.8947990e-02
-1.9246210e-02
-1.9578190e-02
-2.0102480e-02
-2.0572740e-02
-2.0308930e-02
-1.9316340e-02
-1.8236900e-02
-1.7381200e-02
-1.6614760e-02
-1.5756480e-02
-1.4813890e-02
-1.4180130e-02
-1.4138540e-02
-1.4318670e-02
-1.4381580e-02
-1.4334100e-02
-1.4316760e-02
-1.4377940e-02
-1.4468030e-02
-1.4536760e-02
-1.4581600e-02
-1.4624070e-02
-1.4676460e-02
-1.4734550e-02
-1.4791520e-02
-1.4903480e-02
-1.5219860e-02
-1.5679590e-02
-1.6131260e-02
-1.6533050e-02
-1.6928550e-02
-1.7351570e-02
-1.7793670e-02
-1.8233270e-02
-1.8662610e-02
-1.9087980e-02
-1.9515800e-02
-1.9947070e-02
-2.0378750e-02
-2.0809180e-02
-2.1238360e-02
-2.1612670e-02
-2.1791710e-02
-2.1835830e-02
-2.1888550e-02
-2.1988950e-02
-2.2094260e-02
-2.2171810e-02
-2.2054770e-02
-2.1567860e-02
-2.0936300e-02
-2.0375100e-02
-1.9882250e-02
-1.9369530e-02
-1.8806210e-02
-1.8224350e-02
-1.7656230e-02
-1.7103350e-02
-1.6552030e-02
-1.5994370e-02
-1.5432770e-02
-1.4872320e-02
-1.4313960e-02
-1.3756390e-02
-1.3199990e-02
-1.2864160e-02
-1.3063680e-02
-1.3532170e-02
-1.3927490e-02
-1.4211950e-02
-1.4508530e-02
-1.4877100e-02
-1.5280640e-02
-1.5669250e-02
-1.6033620e-02
-1.6295460e-02
-1.6219130e-02
-1.5906020e-02
-1.5167830e-02
-1.3582670e-02
-1.1621120e-02
-9.7801730e-03
-8.0852720e-03
-6.3532770e-03
-4.5129630e-03
-2.6291810e-03
-7.7284980e-04
1.0497990e-03
2.7763630e-03
3.8460450e-03
4.3195640e-03
4.7521200e-03
5.3696230e-03
6.0399580e-03
6.6211120e-03
7.0546640e-03
7.1632520e-03
7.0506700e-03
6.9545830e-03
6.9364450e-03
6.9234020e-03
6.8643870e-03
6.8327000e-03
7.0774340e-03
7.5536420e-03
8.0373500e-03
8.4450850e-03
8.8335310e-03
9.2580460e-03
9.7134380e-03
1.0168310e-02
1.0608570e-02
1.1041750e-02
1.1478630e-02
1.1919990e-02
1.2361930e-02
1.2802140e-02
1.3240590e-02
1.3532640e-02
1.3406410e-02
1.3031820e-02
1.2696130e-02
1.2453970e-02
1.2211900e-02
1.1913870e-02
1.1580590e-02
1.0933140e-02
9.6241710e-03
8.0392830e-03
6.5707680e-03
5.2261370e-03
3.8504780e-03
2.3857180e-03
8.8603600e-04
-5.9068030e-04
-2.0398130e-03
-3.4855770e-03
-4.9424370e-03
-6.4061940e-03
-7.8683770e-03
-9.3265260e-03
-1.0783640e-02
-1.2238180e-02
-1.3306370e-02
-1.3557500e-02
-1.3469870e-02
-1.3528880e-02
-1.3743260e-02
-1.3920530e-02
-1.3988090e-02
-1.4012140e-02
-1.4064930e-02
-1.4228910e-02
-1.4583220e-02
-1.5017440e-02
-1.5418080e-02
-1.5781830e-02
-1.6154360e-02
-1.6515720e-02
-1.6575230e-02
-1.6301030e-02
-1.5970010e-02
-1.5730090e-02
-1.5530480e-02
-1.5292280e-02
-1.4958070e-02
-1.3965930e-02
-1.2050240e-02
-9.8699250e-03
-7.8998600e-03
-6.0699010e-03
-4.1613010e-03
-2.1283500e-03
-9.3262940e-05
1.5320570e-03
2.5903880e-03
3.4937500e-03
4.5341540e-03
5.6648330e-03
6.7485210e-03
7.7554180e-03
8.7426780e-03
9.7547690e-03
1.0788770e-02
1.1790920e-02
1.2479570e-02
1.2792120e-02
1.3023760e-02
1.3352680e-02
1.3732440e-02
1.4073160e-02
1.4363220e-02
1.4644350e-02
1.4944020e-02
1.5256940e-02
1.5568120e-02
1.5872330e-02
1.6173930e-02
1.6478440e-02
1.6951510e-02
1.8013520e-02
1.9482110e-02
2.0923700e-02
2.2221870e-02
2.3504950e-02
2.4867980e-02
2.6284200e-02
2.7691930e-02
2.9024130e-02
2.9959300e-02
3.0497780e-02
3.0984850e-02
3.1586740e-02
3.2231370e-02
3.2800670e-02
3.2862810e-02
3.2137270e-02
3.1154570e-02
3.0343110e-02
2.9664300e-02
2.8859020e-02
2.7273030e-02
2.4831720e-02
2.2238420e-02
1.9883950e-02
1.7641630e-02
1.5302190e-02
1.2845200e-02
1.0370150e-02
7.9397070e-03
5.6085730e-03
3.7727270e-03
2.3716380e-03
9.9358890e-04
-5.2108860e-04
-2.0712550e-03
-3.5537150e-03
-4.9783920e-03
-6.4034180e-03
-7.8553350e-03
-9.3204450e-03
-1.0780170e-02
-1.2230740e-02
-1.3679520e-02
-1.5131370e-02
-1.6586100e-02
-1.8040310e-02
-1.9440710e-02
-2.0330860e-02
-2.0599510e-02
-2.0728520e-02
-2.1014700e-02
-2.1385220e-02
-2.1692290e-02
-2.1926250e-02
-2.2221090e-02
-2.2614920e-02
-2.3036010e-02
-2.3432500e-02
-2.3811120e-02
-2.4194780e-02
-2.4484240e-02
-2.4400250e-02
-2.4051800e-02
-2.3716400e-02
-2.3472750e-02
-2.3240360e-02
-2.2958050e-02
-2.2640930e-02
-2.2328630e-02
-2.2034730e-02
-2.1747910e-02
-2.1455290e-02
-2.1020910e-02
-2.0105310e-02
-1.8859870e-02
-1.7637040e-02
-1.6530550e-02
-1.5435970e-02
-1.4276440e-02
-1.3073370e-02
-1.1877140e-02
-1.0704500e-02
-9.5405410e-03
-8.3701400e-03
-7.1924730e-03
-6.0142920e-03
-4.8391420e-03
-3.6657640e-03
-2.4919900e-03
-1.3813380e-03
-5.7295000e-04
-5.0447600e-06
5.6096010e-04
1.2063250e-03
1.8678730e-03
2.4887100e-03
3.0778740e-03
3.6687410e-03
4.2385910e-03
4.4596960e-03
4.2426730e-03
3.9229850e-03
3.7122480e-03
3.5623720e-03
3.3696840e-03
3.1184520e-03
2.8582330e-03
2.9256100e-03
3.7507950e-03
4.9464520e-03
6.0325610e-03
6.9618850e-03
7.9102990e-03
8.9609150e-03
1.0060400e-02
1.1137820e-02
1.2181820e-02
1.3190390e-02
1.3999610e-02
1.4626970e-02
1.5241040e-02
1.5910150e-02
1.6594650e-02
1.7251720e-02
1.7884480e-02
1.8517250e-02
1.9161400e-02
1.9811210e-02
2.0458930e-02
2.1102510e-02
2.1744940e-02
2.2294470e-02
2.2400390e-02
2.2153240e-02
2.1903130e-02
2.1769540e-02
2.1659700e-02
2.1490020e-02
2.1273600e-02
2.1059950e-02
2.0869310e-02
2.0688880e-02
2.0503080e-02
2.0309890e-02
2.0115580e-02
1.9923940e-02
1.9734290e-02
1.9544240e-02
1.9353190e-02
1.9161790e-02
1.8935550e-02
1.8452430e-02
1.7736890e-02
1.7005900e-02
1.6347920e-02
1.5711000e-02
1.5039250e-02
1.4369300e-02
1.3969150e-02
1.3865490e-02
1.3811330e-02
1.3674980e-02
1.3501290e-02
1.3361380e-02
1.3261260e-02
1.3166780e-02
1.3056410e-02
1.2938250e-02
1.2875780e-02
1.2911170e-02
1.2980990e-02
1.3030440e-02
1.3062190e-02
1.3099750e-02
1.3150520e-02
1.3206110e-02
1.3150910e-02
1.2214700e-02
1.0361330e-02
8.3735270e-03
6.6448960e-03
5.0204200e-03
3.2812410e-03
1.4195530e-03
-4.5499180e-04
-2.2794980e-03
-4.0731960e-03
-5.8742210e-03
-7.6932240e-03
-9.5175210e-03
-1.1336580e-02
-1.3150380e-02
-1.4945700e-02
-1.6369070e-02
-1.7148580e-02
-1.7697490e-02
-1.8375920e-02
-1.9166300e-02
-1.9916390e-02
-2.0580160e-02
-2.1215210e-02
-2.1874770e-02
-2.2560390e-02
-2.3247310e-02
-2.3923550e-02
-2.4591560e-02
-2.5030980e-02
-2.4814800e-02
-2.4207780e-02
-2.3659900e-02
-2.3259120e-02
-2.2859170e-02
-2.2370820e-02
-2.1831420e-02
-2.1306000e-02
-2.0811040e-02
-2.0324890e-02
-1.9829260e-02
-1.9324820e-02
-1.8837020e-02
-1.8691760e-02
-1.9132430e-02
-1.9780180e-02
-2.0308680e-02
-2.0735240e-02
-2.1198560e-02
-2.1740000e-02
-2.2160210e-02
-2.2136140e-02
-2.1837660e-02
-2.1576180e-02
-2.1419490e-02
-2.1269120e-02
-2.1060590e-02
-2.0815840e-02
-2.0578550e-02
-2.0361770e-02
-2.0151870e-02
-1.9936180e-02
-1.9677340e-02
-1.9054210e-02
-1.7989370e-02
-1.6826390e-02
-1.5775230e-02
-1.4783400e-02
-1.3746140e-02
-1.2649720e-02
-1.1542390e-02
-1.0456520e-02
-9.3868700e-03
-8.3424980e-03
-7.4185220e-03
-6.5934070e-03
-5.7713650e-03
-4.9181150e-03
-4.0583380e-03
-3.2145410e-03
-2.3839970e-03
-1.5527530e-03
-7.1521090e-04
1.2527850e-04
9.6419920e-04
1.8011040e-03
2.6375970e-03
3.4956780e-03
4.6128700e-03
6.1032560e-03
7.7029090e-03
9.2182650e-03
1.0675490e-02
1.2163270e-02
1.3700960e-02
1.5251970e-02
1.6786490e-02
1.8306850e-02
1.9827710e-02
2.1355260e-02
2.2885700e-02
2.4414690e-02
2.5941740e-02
2.7468520e-02
2.8995670e-02
3.0523460e-02
3.2051440e-02
3.3574260e-02
3.4531160e-02
3.4119780e-02
3.3021730e-02
3.2111500e-02
3.1483810e-02
3.0825140e-02
2.9982310e-02
2.9050410e-02
2.8156620e-02
2.7322910e-02
2.6502230e-02
2.5660190e-02
2.4801710e-02
2.3945530e-02
2.3168800e-02
2.2567640e-02
2.2050310e-02
2.1506800e-02
2.0927590e-02
2.0353430e-02
1.9803030e-02
1.9263630e-02
1.8719010e-02
1.8166690e-02
1.7612790e-02
1.7061490e-02
1.6512450e-02
1.5963270e-02
1.5413070e-02
1.4862360e-02
1.4311910e-02
1.3739470e-02
1.3003830e-02
1.2120540e-02
1.1227510e-02
1.0380690e-02
9.5472750e-03
8.6918840e-03
7.8167880e-03
