0.01
-3.0876040e-04
-7.3087190e-04
-1.2778990e-03
-1.4717370e-03
-8.3736070e-04
7.7191430e-04
2.5301090e-03
2.8464050e-03
1.2620410e-03
-1.0024620e-03
-2.0266040e-03
-1.0603210e-03
-3.4332860e-04
-6.6396800e-04
9.6172450e-04
3.5256990e-03
2.6549430e-03
-1.1364330e-03
-4.7070800e-03
-5.8596140e-03
-4.0222600e-03
-1.8084970e-03
-2.1376210e-03
-3.5448800e-03
-3.0155750e-03
1.1785160e-03
8.7498570e-03
1.5504130e-02
1.5176670e-02
6.5202890e-03
-4.5722950e-03
-1.1368380e-02
-1.3851770e-02
-1.5255830e-02
-1.3251610e-02
-4.3938640e-03
7.2626630e-03
1.4683990e-02
1.7584770e-02
1.7975050e-02
1.7292220e-02
1.2302750e-02
-2.0912740e-03
-1.9894200e-02
-2.8318700e-02
-2.3700960e-02
-1.1823310e-02
8.5576640e-04
8.8843780e-03
1.0214130e-02
8.4856280e-03
7.5182540e-03
6.7296770e-03
4.7188590e-03
4.8048040e-04
-6.3738270e-03
-7.4093080e-03
6.8142580e-04
5.6022800e-03
1.9281860e-04
-4.2302090e-03
-9.0601710e-04
1.1729700e-03
-4.4162460e-03
-1.1777510e-02
-8.2046850e-03
4.0209860e-03
1.1357430e-02
9.4430610e-03
7.5829150e-03
7.4813110e-03
1.3797890e-03
-1.7181290e-03
2.3179790e-03
1.1392680e-03
-1.3060160e-02
-1.9218430e-02
-7.1366040e-03
2.1459930e-03
6.0801500e-03
1.0352380e-02
8.6834950e-03
2.8484840e-04
-5.7637320e-04
3.4215670e-03
-2.2814910e-03
-6.9918450e-03
1.8549870e-03
6.7181560e-03
-5.2012130e-03
-1.2834510e-02
-1.0090590e-03
9.0932060e-03
1.6234600e-03
-8.1592570e-03
-9.8025810e-03
-4.7716480e-03
6.5828800e-03
1.5700930e-02
8.8865200e-03
-6.4361000e-03
-8.0792400e-03
4.0401270e-04
2.7334720e-03
-2.2783000e-03
-4.4201620e-03
1.3936880e-03
8.9305310e-03
7.1106540e-03
-3.9408140e-03
-9.4939130e-03
-3.1598850e-03
1.9827880e-03
-3.0063050e-03
-6.3676160e-03
-4.5177360e-04
7.6606280e-03
7.5322560e-03
8.5983880e-05
-2.7713530e-03
9.3442840e-04
3.0378270e-03
8.6170240e-04
-1.3671120e-03
-4.1617540e-03
-6.7781930e-03
-3.3207130e-03
4.1943790e-03
4.2952300e-03
-7.6661070e-04
1.6097770e-03
8.7935340e-03
8.5874800e-03
-1.5823120e-03
-8.8756370e-03
-5.6919610e-03
2.8153510e-04
1.1104830e-03
9.4536000e-04
3.3515330e-03
3.7540660e-03
-1.2709310e-03
-5.2106960e-03
-2.8918000e-03
-1.9003510e-03
-5.2089520e-03
-5.5666380e-03
-2.3574630e-04
3.9509530e-03
5.7584300e-03
9.5653770e-03
1.1488220e-02
5.4336710e-03
-5.2984220e-03
-1.0238410e-02
-6.2507760e-03
4.0262660e-04
3.2097930e-03
1.0710200e-03
-2.5726400e-03
-2.0927000e-03
2.1970820e-03
4.2411840e-03
3.4422470e-03
7.6820510e-04
-3.7418050e-03
-6.1625090e-03
-3.3731680e-03
-1.5353670e-04
-5.1911720e-05
-1.6791640e-03
-1.6598710e-03
-1.1655140e-04
6.6869110e-04
1.0387150e-03
2.9133820e-03
3.4917850e-03
9.3121690e-04
-1.2805780e-03
-2.1147260e-03
-2.3406850e-03
-1.2717170e-03
-2.2983160e-04
-1.6671930e-03
-3.9411810e-04
3.7448890e-03
3.0425900e-03
-1.2435110e-03
-1.3507850e-03
2.7697750e-04
-8.7393520e-04
-1.5101060e-03
-8.7406780e-04
-2.1673330e-03
-2.4747570e-03
1.8396100e-03
6.5418680e-03
6.4979690e-03
2.4576810e-03
1.3828290e-03
4.5046180e-03
5.4647420e-03
1.7530260e-03
-2.2010040e-03
-4.4177850e-03
-6.8488500e-03
-7.0313790e-03
-5.3129630e-03
-3.8703610e-03
-3.6794180e-04
4.3885950e-03
5.4541160e-03
3.9522170e-03
4.3786430e-03
3.9143660e-03
-1.9017680e-03
-8.2309110e-03
-8.6770270e-03
-5.1014850e-03
-2.4134210e-03
-4.8999150e-04
2.4908830e-03
4.3371810e-03
2.4552130e-03
-3.4080700e-04
-3.2859080e-04
2.1018210e-03
4.3935920e-03
4.5490070e-03
1.9752640e-03
-2.1100040e-03
-6.6931280e-03
-9.2174250e-03
-5.6879840e-03
1.6141340e-04
1.7297680e-03
4.1329350e-04
-2.2783250e-04
-1.4961040e-03
-2.2359380e-03
6.5053040e-04
3.6754780e-03
2.3227330e-03
-8.4158940e-04
-2.6484650e-03
-5.6568510e-03
-8.6216250e-03
-7.4310040e-03
-1.7773930e-03
5.6881020e-03
1.2274610e-02
1.7250880e-02
1.9242130e-02
1.7295430e-02
1.1438390e-02
3.0997560e-03
-4.6719680e-03
-8.6064610e-03
-6.4466310e-03
1.2581290e-03
1.0202920e-02
1.0982070e-02
-3.6609200e-03
-3.0555370e-02
-5.8345190e-02
-7.5655900e-02
-7.7320100e-02
-6.4011080e-02
-3.9352070e-02
-6.4573490e-03
3.1116220e-02
6.8408690e-02
1.0049450e-01
1.1920720e-01
1.1360580e-01
8.2249340e-02
3.7585170e-02
-4.4500370e-03
-2.3941930e-02
-1.5930910e-02
1.5068370e-03
1.3620530e-02
2.1648710e-02
2.7761410e-02
2.4372310e-02
7.1501290e-03
-1.8665670e-02
-4.3425180e-02
-6.3786890e-02
-7.8968340e-02
-8.7086140e-02
-9.3048390e-02
-9.7687940e-02
-9.3034090e-02
-6.8294390e-02
-2.4880000e-02
2.1312410e-02
5.9277480e-02
8.4430200e-02
9.1280610e-02
7.6531210e-02
4.3196530e-02
-1.3003390e-03
-3.2528930e-02
-3.7863700e-02
-2.6173620e-02
-6.4592660e-03
1.1971220e-02
3.1570780e-02
5.2257540e-02
6.3118970e-02
5.6408770e-02
3.1720840e-02
-1.6627460e-03
-2.6954060e-02
-3.3987100e-02
-2.5543190e-02
-1.0362760e-02
-1.2012330e-03
-1.0215480e-03
-4.0723080e-04
6.5403190e-03
1.9678320e-02
2.8323180e-02
2.0840100e-02
2.4840920e-03
-1.6485710e-02
-2.9132970e-02
-4.0396790e-02
-5.2913810e-02
-5.4496430e-02
-3.9703620e-02
-1.7723160e-02
-3.7347170e-03
-2.0567370e-04
3.7939860e-04
2.6822440e-03
1.0628390e-02
2.0412440e-02
2.4648090e-02
2.4996910e-02
2.8078690e-02
3.7023370e-02
4.3504300e-02
3.7862620e-02
2.1409960e-02
3.2323500e-03
-9.6771740e-03
-1.7607160e-02
-2.0273610e-02
-2.2383060e-02
-2.8117180e-02
-3.2715190e-02
-3.5766400e-02
-3.7345130e-02
-3.2379990e-02
-2.0299380e-02
-7.2140910e-03
3.6395630e-03
1.5923720e-02
3.2837580e-02
4.8933290e-02
5.2584960e-02
4.2488930e-02
2.7893700e-02
1.5161750e-02
5.1878080e-03
-2.4903680e-03
-9.3653550e-03
-1.5891560e-02
-1.7465270e-02
-1.1724150e-02
-4.6033010e-03
-1.9984980e-03
-5.0706570e-03
-1.0200590e-02
-1.4627130e-02
-1.8485990e-02
-2.1053720e-02
-1.9989990e-02
-1.5055740e-02
-8.2060910e-03
-1.1067050e-03
5.8478600e-03
1.3750300e-02
1.7385440e-02
1.2254070e-02
3.9743770e-03
-2.0762610e-03
-7.0573490e-03
-1.2236970e-02
-1.3512130e-02
-7.3284920e-03
1.3669630e-03
7.4050280e-03
1.1118550e-02
1.2949590e-02
1.2440180e-02
1.0180720e-02
7.7474890e-03
5.9373100e-03
4.3430650e-03
2.2035790e-03
-1.3790200e-03
-4.8338180e-03
-4.4244130e-03
2.1508160e-04
6.3126060e-03
1.0958840e-02
1.3186440e-02
1.2313640e-02
8.0105350e-03
2.6129340e-03
-1.6143500e-03
-2.2347350e-03
1.2731450e-04
6.2110180e-04
-2.3305680e-03
-5.8054750e-03
-7.2307220e-03
-7.1495420e-03
-5.9739120e-03
-4.9128060e-03
-6.6087870e-03
-1.1566520e-02
-1.6994410e-02
-1.8692290e-02
-1.5961470e-02
-1.0805550e-02
-3.7051350e-03
4.1462400e-03
9.4719820e-03
1.1217410e-02
1.0155180e-02
7.5977950e-03
5.5761060e-03
4.7293340e-03
5.0577950e-03
6.4298020e-03
6.0980070e-03
1.8851620e-03
-3.3089250e-03
-5.2552870e-03
-4.7657010e-03
-4.8859670e-03
-4.3132730e-03
-2.6123770e-03
-2.8930060e-04
2.7227670e-03
5.5495730e-03
6.6134940e-03
6.4820930e-03
6.4725790e-03
5.3650860e-03
2.9539570e-03
1.2080500e-03
7.9244470e-04
-1.8543240e-04
-1.9589730e-03
-3.6622360e-03
-5.4366130e-03
-6.9881520e-03
-7.9473480e-03
-9.3900320e-03
-1.1395710e-02
-1.1683880e-02
-1.0160890e-02
-8.5008090e-03
-6.4435930e-03
-3.3171330e-03
1.7570010e-04
3.6829420e-03
6.3177050e-03
8.5758460e-03
1.0942340e-02
1.3103110e-02
1.5101280e-02
1.4775910e-02
1.1840310e-02
7.5765340e-03
2.2749080e-03
-1.9295650e-03
-3.6031530e-03
-5.3541990e-03
-8.4797310e-03
-1.0497090e-02
-1.0992550e-02
-1.1232310e-02
-1.0698350e-02
-9.0994830e-03
-7.2790670e-03
-5.2956270e-03
-2.3556640e-03
6.1520780e-04
2.9542220e-03
5.3903950e-03
8.3155120e-03
1.1256260e-02
1.2671530e-02
1.2254900e-02
1.2019100e-02
1.2620840e-02
1.2061440e-02
9.6219930e-03
6.9932150e-03
5.0566110e-03
2.2474060e-03
1.9584950e-04
6.9710620e-05
-7.6815950e-04
-2.5391100e-03
-4.0026170e-03
-4.9336180e-03
-5.2896210e-03
-5.3319700e-03
-5.1994680e-03
-4.5151160e-03
-3.1755150e-03
-1.2005090e-03
5.9166240e-04
1.1731660e-03
4.9084310e-04
-1.4667570e-03
-2.4846470e-03
-2.1031410e-03
-3.0852400e-03
-5.4939310e-03
-6.7740420e-03
-5.6265450e-03
-3.2665250e-03
2.2084260e-04
4.7307610e-03
8.3100160e-03
9.0862540e-03
6.7486770e-03
2.9954600e-03
-9.4561060e-04
-4.4219650e-03
-6.1350880e-03
-6.0015560e-03
-5.5490670e-03
-5.7284250e-03
-6.2014820e-03
-6.7448880e-03
-6.7250040e-03
-5.7731910e-03
-3.7214710e-03
-5.4962420e-04
2.3260880e-03
3.6811880e-03
3.5904950e-03
3.6552970e-03
4.7487390e-03
5.5429650e-03
4.8557580e-03
2.9163810e-03
1.1462450e-03
6.3247130e-04
1.4450120e-03
2.7564180e-03
3.4584210e-03
2.9740560e-03
1.8651350e-03
7.3205670e-04
-5.7442380e-04
-2.3379410e-03
-3.7296590e-03
-4.8413430e-03
-7.0956600e-03
-9.0922340e-03
-8.8180630e-03
-7.3653750e-03
-5.6548930e-03
-2.8021150e-03
6.4160780e-04
3.0547360e-03
3.8498900e-03
3.2846710e-03
1.7135130e-03
9.3431160e-06
-2.3362460e-04
1.3981150e-03
3.7844850e-03
6.2035060e-03
8.8361480e-03
1.0864950e-02
1.0715230e-02
8.3941010e-03
4.5167630e-03
-3.3301640e-04
-4.9015580e-03
-7.4343500e-03
-6.9908340e-03
-5.3215800e-03
-4.1014790e-03
-3.0661010e-03
-2.1302050e-03
-1.5693000e-03
-1.7040860e-03
-3.3457270e-03
-6.6181490e-03
-8.9823910e-03
-9.1312390e-03
-8.2560570e-03
-6.0490250e-03
-2.1251980e-03
2.0883400e-03
5.0514920e-03
7.1744890e-03
9.3582820e-03
1.0505950e-02
9.7404620e-03
7.8707520e-03
5.9279380e-03
4.9339290e-03
4.9236800e-03
5.7419210e-03
7.0319540e-03
7.8041950e-03
8.0376480e-03
8.1334610e-03
8.4078260e-03
8.7092130e-03
7.7512710e-03
4.8837480e-03
1.2162890e-03
-2.3052700e-03
-5.2903060e-03
-7.5430720e-03
-8.6733150e-03
-7.8205370e-03
-6.3452010e-03
-5.2591330e-03
-3.0709950e-03
7.6797020e-05
1.6113470e-03
6.5125410e-04
-1.6412510e-03
-4.0950960e-03
-5.4980620e-03
-5.0131970e-03
-3.2514240e-03
-2.4612770e-03
-3.8847690e-03
-6.1609690e-03
-8.3130490e-03
-1.0685870e-02
-1.2086880e-02
-1.1495740e-02
-9.4696010e-03
-7.4056250e-03
-5.7389190e-03
-4.5813480e-03
-3.6265980e-03
-1.3175320e-03
2.3353250e-03
5.4582260e-03
6.8786590e-03
7.4673110e-03
7.6255510e-03
7.5487050e-03
7.5885560e-03
7.6418050e-03
6.8758040e-03
5.8241920e-03
6.0081690e-03
6.7636360e-03
5.8896680e-03
2.8489460e-03
-5.7071510e-05
-1.6157580e-03
-2.8454340e-03
-4.0627920e-03
-4.6401340e-03
-5.0612160e-03
-5.5978110e-03
-5.6036740e-03
-5.1023110e-03
-3.9930630e-03
-2.3438760e-03
-9.1630470e-04
1.4756500e-04
1.3152420e-03
2.1324020e-03
2.7819610e-03
4.4014330e-03
6.2365140e-03
6.6827220e-03
5.9354430e-03
5.0090820e-03
3.5587900e-03
1.7128500e-03
8.0131120e-05
-1.7726210e-03
-3.8788140e-03
-5.3872600e-03
-5.5707060e-03
-5.1188300e-03
-5.3740650e-03
-5.6628580e-03
-4.8585070e-03
-3.8150110e-03
-3.4047380e-03
-2.8284960e-03
-1.3782970e-03
6.2777960e-04
2.7477490e-03
5.3906590e-03
7.9055950e-03
9.0001070e-03
9.0660620e-03
8.7892510e-03
7.5412510e-03
4.8345980e-03
2.2677180e-03
1.3085320e-03
1.8565480e-03
2.9896770e-03
4.0016120e-03
4.4229590e-03
3.8565680e-03
2.6370900e-03
1.3382980e-03
2.6816650e-04
-6.6621970e-04
-1.6968060e-03
-2.7580650e-03
-3.1532970e-03
-2.9999520e-03
-3.0267400e-03
-3.2660770e-03
-4.5290870e-03
-6.7139010e-03
-8.1002140e-03
-8.1087090e-03
-7.3819980e-03
-6.8017280e-03
-6.3819730e-03
-6.0357280e-03
-5.9745750e-03
-5.3601860e-03
-3.1571930e-03
-3.9286450e-04
1.4094830e-03
2.3354770e-03
3.2863110e-03
4.4430870e-03
5.0557740e-03
5.1935780e-03
5.0477890e-03
4.4827140e-03
4.0645690e-03
4.1172470e-03
4.6122380e-03
4.7123330e-03
4.0657410e-03
3.1755190e-03
2.2271630e-03
1.3033710e-03
4.4797290e-04
-6.1530540e-04
-1.8250770e-03
-3.0641540e-03
-4.0747950e-03
-4.1771440e-03
-3.8863100e-03
-3.2762240e-03
-2.4274840e-03
-1.8710050e-03
-1.3627580e-03
-3.2198420e-04
1.0816850e-03
1.7051800e-03
9.8196740e-04
7.9416740e-05
8.9175420e-05
2.2630680e-04
-5.7193710e-04
-2.2302810e-03
-3.7529210e-03
-4.0621800e-03
-2.5367470e-03
-6.4024790e-04
-4.0359160e-05
5.2944850e-05
2.1092950e-04
6.4805110e-04
1.7662100e-03
2.7236930e-03
2.3019590e-03
1.2582900e-03
7.8126680e-04
8.4603910e-04
1.7009080e-03
2.8808820e-03
2.8736220e-03
1.5348370e-03
8.9778970e-04
1.8502150e-03
3.1649450e-03
3.7771720e-03
3.3949210e-03
2.1136380e-03
4.6547090e-04
-5.4305900e-04
-1.0878010e-03
-2.2862840e-03
-4.0713170e-03
-4.8335750e-03
-4.0989620e-03
-3.1259690e-03
-2.8898950e-03
-3.8307460e-03
-4.8749660e-03
-4.5005160e-03
-2.2880170e-03
4.1475010e-04
2.3958650e-03
3.3736290e-03
3.5403730e-03
3.2128810e-03
2.0692800e-03
3.3195920e-04
-7.2702610e-04
-3.0947270e-04
3.9987230e-04
9.8049860e-04
2.1247020e-03
2.8324660e-03
2.2594880e-03
1.5028180e-03
9.1097430e-04
-3.0123350e-04
-9.5586060e-04
1.3023890e-04
1.6137020e-03
1.9900480e-03
1.3687150e-03
4.7129320e-04
-7.4376990e-04
-1.8012150e-03
-2.1148900e-03
-1.7688800e-03
-8.9277080e-04
-1.5248750e-04
5.2475330e-05
-1.4944890e-04
-4.1535000e-04
-1.0712210e-03
-2.1736260e-03
-1.9248050e-03
-1.3614160e-04
1.4671070e-03
2.2151300e-03
2.6154200e-03
2.5328640e-03
1.6316380e-03
9.8138560e-04
1.3979910e-03
1.9886410e-03
1.7175290e-03
1.0010260e-03
1.4145560e-04
-1.3658680e-03
-3.1855310e-03
-4.2605160e-03
-4.9329060e-03
-6.0351480e-03
-7.2603560e-03
-7.6365100e-03
-6.9360360e-03
-5.4113870e-03
-3.1162100e-03
-5.4797450e-04
1.3151390e-03
1.5735860e-03
7.3060660e-04
1.8819930e-04
1.0306320e-04
5.8496060e-04
2.7020840e-03
5.6546520e-03
7.2687500e-03
7.6765450e-03
7.9642880e-03
7.3393560e-03
5.1559800e-03
2.9494060e-03
1.7259300e-03
8.1538570e-04
-1.8701550e-04
-9.7270670e-04
-1.3256610e-03
-1.2647030e-03
-5.4083660e-04
4.5577270e-04
6.2780900e-04
2.6285260e-04
2.0126170e-04
2.6937880e-04
-1.4051660e-04
-9.2910380e-04
-1.4885100e-03
-1.6965120e-03
-1.1029760e-03
1.3087070e-04
1.0663070e-03
1.5673650e-03
2.0094120e-03
2.0415020e-03
7.3667370e-04
-1.2124220e-03
-2.5252660e-03
-3.2139310e-03
-3.8368350e-03
-4.0787930e-03
-3.7634970e-03
-3.3936350e-03
-2.8292330e-03
-1.8232420e-03
-1.1134180e-03
-8.7351920e-04
-2.0299470e-04
7.7347520e-04
1.3229390e-03
1.6685000e-03
2.1967440e-03
2.1872700e-03
1.5665180e-03
1.3101920e-03
1.0065510e-03
4.5221360e-04
4.5781180e-04
8.9376080e-04
7.4005910e-04
-2.1794380e-04
-8.4814870e-04
-5.7534410e-04
-6.3691380e-05
4.2267240e-04
9.7633740e-04
1.4489350e-03
1.6515120e-03
1.4787820e-03
6.1620420e-04
-1.1817180e-03
-3.0189510e-03
-3.8947850e-03
-4.3910300e-03
-4.7329300e-03
-4.4355410e-03
-3.9257740e-03
-3.9924430e-03
-4.1409240e-03
-3.1761810e-03
-1.5287180e-03
-5.2495020e-05
1.1465990e-03
2.6225160e-03
3.9889250e-03
3.9631160e-03
3.1936490e-03
3.3278840e-03
4.1010430e-03
4.3928550e-03
4.5056250e-03
4.8688080e-03
4.2331680e-03
2.5262650e-03
9.8081380e-04
-1.1956180e-04
-8.1513050e-04
-1.0063880e-03
-6.9690470e-04
-1.0664210e-04
5.7123450e-04
8.1724100e-04
-2.9510760e-05
-1.4490170e-03
-2.9604600e-03
-4.7689270e-03
-5.8274120e-03
-5.2540670e-03
-4.3802720e-03
-3.9377860e-03
-3.0434950e-03
-1.9794830e-03
-1.3960730e-03
-8.5521580e-04
6.2775730e-04
2.5767000e-03
3.8262290e-03
4.0589180e-03
3.3993050e-03
2.1153910e-03
7.8234620e-04
2.3329030e-04
6.6114280e-04
1.3343390e-03
1.8706380e-03
2.2919650e-03
2.4115880e-03
2.1038070e-03
1.2739310e-03
2.9752220e-04
1.0094820e-05
6.5082310e-04
1.4034760e-03
1.8605940e-03
2.2575800e-03
2.3232700e-03
2.0053630e-03
1.4071060e-03
4.4240340e-04
-5.7969880e-04
-9.6375440e-04
-6.8177240e-04
-1.1910320e-04
6.9752620e-04
1.2228640e-03
8.7995330e-04
-3.8882240e-05
-1.3021980e-03
-2.6657820e-03
-3.2648250e-03
-2.6677610e-03
-1.5970380e-03
-4.8356000e-04
7.8923930e-04
1.0523970e-03
-2.8903900e-04
-1.3502680e-03
-9.6371370e-04
-3.4181950e-04
-4.5935200e-04
-6.0667050e-04
-5.4854670e-04
-1.1181300e-03
-1.8095480e-03
-1.8974480e-03
-1.8005340e-03
-1.7711760e-03
-1.6069820e-03
-1.7151530e-03
-2.1890360e-03
-2.0771420e-03
-1.5242520e-03
-1.6461290e-03
-2.3121460e-03
-2.5192200e-03
-2.2971460e-03
-1.8033890e-03
-5.7825110e-04
8.8361380e-04
1.6851610e-03
2.1900530e-03
3.0427800e-03
3.7489030e-03
3.9353580e-03
3.7581620e-03
2.7024100e-03
8.2371570e-04
-3.6469200e-04
1.5968030e-05
9.4787630e-04
1.6077240e-03
2.2643500e-03
2.6757240e-03
2.5458120e-03
2.2053490e-03
1.7845630e-03
9.3345740e-04
-2.1273400e-04
-8.8300350e-04
-7.2979120e-04
-2.2087130e-04
2.7765770e-04
9.3289660e-04
1.5823030e-03
1.7728360e-03
1.3938390e-03
7.2716890e-04
1.1908160e-04
-1.8517100e-04
-1.5898200e-05
1.7214770e-04
-2.0731930e-04
-9.4418650e-04
-9.9057340e-04
-3.6839370e-04
-3.4254390e-04
-1.2839870e-03
-2.5622010e-03
-3.8480830e-03
-5.1287240e-03
-5.4867870e-03
-4.6114330e-03
-3.8219170e-03
-3.6458220e-03
-3.5590240e-03
-3.2656620e-03
-2.7199200e-03
-1.8945930e-03
-9.7495140e-04
-2.0805360e-04
6.3403810e-04
1.7281320e-03
2.3950270e-03
2.2543870e-03
1.6623500e-03
6.5122020e-04
-4.9022950e-04
-6.5240510e-04
6.1662130e-04
2.0622120e-03
2.6698090e-03
2.7366410e-03
2.5049310e-03
1.8963240e-03
1.5125030e-03
1.8923270e-03
2.5691940e-03
3.0530080e-03
3.2783350e-03
3.4598550e-03
3.6204800e-03
3.2099020e-03
2.0671880e-03
7.1241330e-04
-2.7439650e-04
-6.6349970e-04
-5.4947510e-04
-3.5167060e-04
-6.9257190e-04
-1.7289300e-03
-2.9672730e-03
-3.8599220e-03
-4.2198720e-03
-3.8918600e-03
-3.0384390e-03
-2.2156400e-03
-1.9344940e-03
-1.9250620e-03
-1.7530970e-03
-1.2902270e-03
-2.8350250e-04
8.7745440e-04
1.3153610e-03
1.1443040e-03
8.6750180e-04
5.0389150e-04
2.0512490e-04
4.3174660e-04
1.3753720e-03
2.6631610e-03
3.4860000e-03
3.4331280e-03
2.6997380e-03
1.4695120e-03
9.1242990e-05
-9.7170900e-04
-1.8001770e-03
-2.3347530e-03
-1.9363600e-03
-4.7926770e-04
1.1705110e-03
2.1848730e-03
2.1990570e-03
1.3063060e-03
-1.0015770e-04
-1.4871140e-03
-2.1613600e-03
-2.1354700e-03
-1.6690210e-03
-7.1637220e-04
4.6886410e-04
1.0540690e-03
7.7245400e-04
2.9690940e-04
-8.9369210e-05
-1.5319320e-04
7.7052670e-04
2.4466040e-03
3.5997190e-03
3.5788860e-03
2.5798300e-03
6.8908200e-04
-1.5062030e-03
-2.6373030e-03
-2.2178430e-03
-1.3133550e-03
-9.4849010e-04
-9.6458130e-04
-1.0540920e-03
-1.5200510e-03
-2.5635670e-03
-3.7346190e-03
-4.3392290e-03
-4.1094160e-03
-3.0801550e-03
-1.4406660e-03
4.5777970e-04
2.2543470e-03
3.5838320e-03
3.8395670e-03
2.8265700e-03
1.3898920e-03
5.4597490e-04
9.0332430e-04
2.5926070e-03
4.7626440e-03
6.0183320e-03
5.7511460e-03
4.3674730e-03
2.0888870e-03
-5.1956710e-04
-2.1487570e-03
-2.4695900e-03
-2.2401440e-03
-1.8964380e-03
-1.7029470e-03
-1.9622410e-03
-2.6576870e-03
-3.2142580e-03
-3.2647340e-03
-2.7675610e-03
-1.4476510e-03
8.9743730e-05
7.5558770e-04
4.1214730e-04
1.3764690e-05
-2.9994440e-06
-1.1033480e-04
-1.6851980e-04
1.6690560e-04
7.3989420e-04
1.3154530e-03
1.7396860e-03
1.5726350e-03
8.5429620e-04
2.5511780e-05
-1.0605680e-03
-2.7399590e-03
-4.6582890e-03
-5.8062350e-03
-5.4098100e-03
-3.6984510e-03
-1.8527450e-03
-3.7825500e-04
1.0413830e-03
2.2216530e-03
2.6449880e-03
2.4734930e-03
2.0098070e-03
1.4143240e-03
1.0741870e-03
9.0160070e-04
3.3049860e-04
7.4219730e-06
6.5593080e-04
1.4707140e-03
1.4084910e-03
7.6306210e-04
4.3199090e-04
3.1170520e-04
-3.8077780e-05
-5.4809900e-04
-1.0086850e-03
-1.5778390e-03
-2.2157120e-03
-2.1868040e-03
-1.1465400e-03
2.0488990e-04
1.5162440e-03
2.6174870e-03
3.0185310e-03
2.7591870e-03
2.3678810e-03
1.9533050e-03
1.6197660e-03
1.9667750e-03
2.8443630e-03
3.5160500e-03
4.0162000e-03
4.6921190e-03
4.7048250e-03
3.2273890e-03
1.0331640e-03
-6.1961170e-04
-1.4657930e-03
-1.9075340e-03
-2.1589040e-03
-2.3558010e-03
-2.5965560e-03
-2.6687210e-03
-2.5653120e-03
-2.8263290e-03
-3.4667100e-03
-3.6736410e-03
-2.8683100e-03
-1.7276970e-03
-1.4281140e-03
-2.2471810e-03
-3.1014580e-03
-2.9172360e-03
-2.0226800e-03
-1.2345620e-03
-7.8109400e-04
-5.7159340e-04
-4.9968300e-04
-3.7350330e-04
-4.6007720e-04
-1.1411150e-03
-1.9164260e-03
-1.8171870e-03
-9.0151220e-04
-5.0834030e-04
-1.3728760e-03
-2.6319200e-03
-2.9016650e-03
-2.0909910e-03
-9.0502010e-04
2.3511420e-04
9.7072720e-04
9.6097870e-04
7.3572340e-04
1.1156590e-03
1.8110440e-03
2.1522820e-03
2.3087780e-03
2.6269600e-03
3.0477460e-03
3.5416860e-03
3.8868900e-03
3.6930730e-03
2.9443460e-03
2.2154940e-03
1.7527880e-03
1.5066080e-03
1.3367440e-03
8.7249790e-04
1.0333630e-04
-7.6677720e-04
-1.5323500e-03
-2.0447260e-03
-2.3291660e-03
-2.2052810e-03
-1.3766290e-03
3.7656370e-05
1.2889190e-03
1.8590220e-03
1.8830460e-03
1.7129470e-03
1.7265300e-03
2.1303480e-03
2.6772220e-03
2.5224800e-03
1.2494970e-03
-3.3216410e-04
-9.9362330e-04
-4.2430560e-04
8.8800770e-04
2.2714970e-03
3.0514370e-03
2.9681570e-03
2.1067820e-03
7.8849360e-04
-4.8293930e-04
-1.3623630e-03
-1.7221600e-03
-1.6283360e-03
-1.1468460e-03
-6.1000610e-04
-4.5826220e-04
-7.3101590e-04
-1.2621150e-03
-1.8811840e-03
-2.2436730e-03
-2.0941830e-03
-1.8368170e-03
-1.9493930e-03
-2.2853590e-03
-2.1411100e-03
-1.5604630e-03
-9.0225670e-04
-1.6472670e-04
3.6979820e-04
3.8573640e-04
1.4742870e-04
-6.2948840e-05
-3.6687530e-04
-9.0118600e-04
-1.4916830e-03
-1.7822620e-03
-1.8536830e-03
-1.8603010e-03
-1.9722450e-03
-2.1752090e-03
-2.0455420e-03
-1.3314350e-03
-5.3725960e-04
-2.6283360e-04
-1.1997140e-04
4.4381940e-04
1.1436910e-03
1.4657170e-03
1.6014310e-03
1.7674720e-03
2.0370240e-03
2.5483290e-03
3.0117800e-03
2.9972190e-03
2.4536900e-03
1.6152790e-03
1.0400060e-03
1.0039590e-03
8.3973430e-04
2.1281290e-04
-2.3639240e-04
-2.4623260e-04
-3.4154550e-04
-7.9746050e-04
-1.2371730e-03
-1.3739980e-03
-1.3275090e-03
-1.3205140e-03
-1.4351300e-03
-1.6920070e-03
-1.8371020e-03
-1.5200210e-03
-9.3752870e-04
-5.0812630e-04
-4.0067880e-04
-4.2671220e-04
1.6007760e-05
1.1961760e-03
2.4521500e-03
2.9875420e-03
2.8684800e-03
2.4002970e-03
1.6103130e-03
7.9980230e-04
3.5598110e-04
1.7778570e-04
-9.5416600e-05
-3.4955030e-04
-2.9293560e-04
-2.0933930e-04
-2.8318710e-04
1.6089350e-05
7.9417340e-04
1.3021860e-03
1.2912440e-03
1.1136910e-03
9.5617570e-04
7.1481910e-04
3.3567850e-04
-3.3559040e-04
-1.3121520e-03
-2.0558110e-03
-1.9876530e-03
-1.2637670e-03
-4.5990390e-04
2.1758520e-04
6.3935000e-04
4.7038300e-04
2.3961570e-05
-1.1717740e-04
-1.1488300e-04
-3.2273170e-04
-4.2595760e-04
-4.6184690e-05
6.8022010e-04
1.2076880e-03
1.3543750e-03
9.1726340e-04
-1.2947500e-04
-9.3472440e-04
-9.9512220e-04
-6.1478850e-04
-1.5596730e-04
5.2258710e-05
-1.4950230e-04
-6.1485990e-04
-1.2441370e-03
-1.8879550e-03
-2.2685740e-03
-2.1238050e-03
-1.5966020e-03
-8.4965970e-04
-2.8569350e-06
4.8387400e-04
4.3474400e-04
4.2965560e-04
8.4008120e-04
1.2231470e-03
1.0751660e-03
6.5827600e-04
4.5939060e-04
4.6272500e-04
5.9679730e-04
5.2269450e-04
-4.3762960e-06
-7.8350050e-04
-1.6659730e-03
-2.4982040e-03
-2.9561690e-03
-2.8950780e-03
-2.4020250e-03
-1.4326110e-03
-2.8627680e-04
4.3319410e-04
5.9433980e-04
5.7094750e-04
4.8143680e-04
4.0908800e-04
6.4899650e-04
1.2317840e-03
1.6105680e-03
1.5647420e-03
1.4870600e-03
1.5077600e-03
1.1289260e-03
2.8900620e-04
-3.7547130e-04
-6.3988370e-04
-5.4025740e-04
-7.1228830e-05
5.4128400e-04
8.8394930e-04
8.6926550e-04
6.6590340e-04
4.6426480e-04
3.7984250e-04
5.0683800e-04
5.2169520e-04
1.2809500e-04
-2.8529780e-04
-5.4126680e-04
-1.0089910e-03
-1.6534510e-03
-1.9522380e-03
-1.9697060e-03
-1.9242370e-03
-1.3968800e-03
-3.2790150e-04
5.4575040e-04
8.4300780e-04
8.7654630e-04
9.9396660e-04
1.1737930e-03
1.2354550e-03
1.1386540e-03
1.0855060e-03
1.2613660e-03
1.7001090e-03
1.9316870e-03
1.5222100e-03
8.6346340e-04
3.9964550e-04
1.2661650e-04
-7.0831080e-05
-1.0889710e-04
5.2942070e-05
1.4535890e-04
1.1107610e-04
-9.9342320e-05
-5.7859870e-04
-1.0001500e-03
-1.1148270e-03
-1.1819350e-03
-1.3312510e-03
-1.2978660e-03
-9.9444910e-04
-5.0217100e-04
1.0670150e-04
4.7237160e-04
2.7636180e-04
3.8645690e-05
2.8952650e-04
5.8278660e-04
4.8180410e-04
3.4933280e-04
5.9426860e-04
9.1601960e-04
8.3817450e-04
5.4435350e-04
3.2862240e-04
3.6082720e-06
-3.2404680e-04
-2.6594350e-04
4.6150840e-05
2.7709610e-04
4.9387760e-04
7.1279020e-04
4.1254500e-04
-3.5382260e-04
-9.0433670e-04
-1.0656860e-03
-1.0685610e-03
-8.7059430e-04
-4.0028080e-04
1.8589270e-04
6.6734140e-04
9.1458180e-04
7.4182150e-04
2.1206880e-04
-3.4746970e-04
-9.1088320e-04
-1.4162440e-03
-1.7716860e-03
-1.6485350e-03
-1.0226540e-03
-3.8847240e-04
1.0095050e-04
5.0811290e-04
5.7973780e-04
4.5905440e-04
5.9484990e-04
7.1261690e-04
3.0476110e-04
-7.1065170e-04
-1.5943680e-03
-1.7993720e-03
-1.6068690e-03
-1.2407610e-03
-5.6282350e-04
1.0804770e-04
4.2204890e-04
8.2553010e-04
1.4366260e-03
1.5653140e-03
9.9054060e-04
3.3009090e-04
-2.1919950e-04
-6.6950610e-04
-8.5902040e-04
-7.3588970e-04
-4.2392790e-04
-1.9121040e-05
5.2312310e-04
1.1181480e-03
1.3905550e-03
1.2792120e-03
1.1019250e-03
1.0999460e-03
1.1748140e-03
1.0546200e-03
6.2376920e-04
1.1926470e-04
-2.7860810e-04
-5.6715720e-04
-6.5905390e-04
-5.6608650e-04
-4.1622900e-04
-3.2090600e-04
-2.0497440e-04
-2.1078680e-04
-4.0018890e-04
-6.2671880e-04
-7.9015880e-04
-6.3961820e-04
-1.8450870e-04
2.0762310e-04
4.1469680e-04
7.5840230e-04
1.1505960e-03
1.1280900e-03
8.8815110e-04
7.7213800e-04
6.8529900e-04
4.1272890e-04
-5.1304010e-06
-2.4013410e-04
-2.9392410e-04
-2.1106200e-04
1.8878900e-04
8.2075800e-04
1.0914930e-03
7.3715150e-04
1.8815680e-04
-1.0663290e-04
-1.4801300e-04
-2.5494040e-04
-5.7759890e-04
-4.2665040e-04
3.4434670e-04
6.8784820e-04
6.2891890e-04
6.4917040e-04
4.7631840e-04
-6.4681740e-05
-4.0449190e-04
-2.9312870e-04
-6.6150120e-05
2.3972400e-04
4.6883370e-04
1.5131460e-04
-7.7297640e-04
-1.7191200e-03
-2.1854160e-03
-2.2349740e-03
-1.8707110e-03
-9.0507050e-04
2.7724950e-04
1.0302890e-03
1.4169250e-03
1.3601680e-03
4.9118590e-04
-5.8211620e-04
-1.0273340e-03
-1.2291460e-03
-1.9479750e-03
-2.7644200e-03
-2.9603690e-03
-2.5975440e-03
-2.3736350e-03
-2.4568430e-03
-2.2851950e-03
-1.7137970e-03
-1.0513080e-03
-6.9305100e-04
-6.8266010e-04
-8.4574330e-04
-7.9632780e-04
-4.1729940e-04
-3.0602670e-05
3.9648500e-04
1.0323700e-03
1.6473090e-03
2.0851250e-03
2.5725790e-03
3.1005070e-03
3.3104970e-03
3.2197930e-03
2.9323550e-03
2.2373580e-03
1.3083150e-03
6.3547590e-04
2.9129120e-04
5.2534850e-05
-1.0898820e-04
7.2388730e-05
7.0466370e-04
1.3962960e-03
1.7925070e-03
1.9016980e-03
1.7667590e-03
1.1734370e-03
-6.6863660e-05
-1.3701940e-03
-1.8995690e-03
-1.5282390e-03
-6.3876120e-04
4.0758980e-04
1.2550860e-03
1.3875370e-03
8.3315820e-04
3.9807600e-04
3.6482300e-04
4.9386810e-04
8.2578560e-04
1.3534580e-03
1.7021910e-03
1.4208410e-03
4.2402770e-04
-7.0146350e-04
-1.3520930e-03
-1.6421820e-03
-1.8159010e-03
-1.6252650e-03
-1.1398400e-03
-1.0919440e-03
-1.5163490e-03
-1.7043950e-03
-1.5260370e-03
-1.3054720e-03
-1.0584870e-03
-6.5373040e-04
-4.6060640e-04
-7.4849270e-04
-1.1983810e-03
-1.3985820e-03
-1.3223890e-03
-1.2093640e-03
-1.0915360e-03
-7.0157550e-04
8.1168720e-05
8.5210460e-04
1.1076960e-03
9.5856290e-04
7.7919490e-04
8.2269600e-04
1.0317680e-03
1.1858880e-03
1.2369350e-03
9.6200970e-04
3.7728410e-04
-8.0231880e-05
-2.9981750e-04
-4.9118760e-04
-6.7148360e-04
-7.6433900e-04
-7.9168770e-04
-6.9127620e-04
-2.4927020e-04
3.2040440e-04
5.7415050e-04
5.0870510e-04
4.0845680e-04
4.9189000e-04
7.0551030e-04
6.8536090e-04
3.2783820e-04
7.8614740e-06
-1.9049370e-04
-1.3202310e-04
2.3680810e-04
5.1862710e-04
3.1954790e-04
-1.3560230e-04
-4.1073190e-04
-6.2700350e-04
-1.0253040e-03
-1.2663140e-03
-9.8179330e-04
-3.0842380e-04
4.4576840e-04
1.0776460e-03
1.4672080e-03
1.4158760e-03
9.8077260e-04
6.6168320e-04
6.9858660e-04
8.5090170e-04
8.7277450e-04
7.6187020e-04
5.2567350e-04
-4.8630660e-05
-7.8129660e-04
-1.2604000e-03
-1.2670990e-03
-9.3332610e-04
-4.6289030e-04
2.0838880e-04
1.0039310e-03
1.4575720e-03
1.4708590e-03
1.2814570e-03
7.9181940e-04
1.1226020e-04
-4.2972900e-04
-5.2267620e-04
-2.4240720e-04
-2.9582270e-05
-1.8808690e-04
-5.8553140e-04
-7.1370980e-04
-8.3823750e-04
-1.3405080e-03
-1.7162640e-03
-1.5541900e-03
-1.1771910e-03
-9.0319340e-04
-6.1367560e-04
-3.8053780e-04
-5.5694870e-04
-1.0604030e-03
-1.2807740e-03
-1.1035370e-03
-1.1323030e-03
-1.4152130e-03
-1.4468960e-03
-9.5255770e-04
-3.3956560e-04
-1.8912690e-04
-2.9487150e-04
6.2600200e-05
6.8030340e-04
8.4300920e-04
7.2032720e-04
8.3606500e-04
1.1396350e-03
1.3413240e-03
1.7055060e-03
2.0621100e-03
2.0994320e-03
2.0706970e-03
2.1086610e-03
1.9003530e-03
1.3684590e-03
8.3621800e-04
6.0997360e-04
5.9304630e-04
3.9182580e-04
1.1043450e-05
-3.9994290e-04
-7.8197960e-04
-8.5582730e-04
-4.2680220e-04
7.5346780e-05
2.5147220e-04
4.2107130e-04
7.5659870e-04
9.7183020e-04
1.0881290e-03
1.2487240e-03
1.1998590e-03
7.1493310e-04
6.7913270e-06
-5.4727140e-04
-1.0423540e-03
-1.4309160e-03
-1.3850400e-03
-1.2929290e-03
-1.6562020e-03
-1.9506560e-03
-1.6671440e-03
-1.2810900e-03
-1.0883940e-03
-5.9162900e-04
7.8416250e-05
2.6194470e-04
2.9283200e-04
4.0710130e-04
2.1816830e-04
1.0941670e-05
1.7020090e-04
4.1871590e-04
6.0923960e-04
7.1698280e-04
5.5820290e-04
2.6298500e-04
1.0788620e-04
4.4979850e-05
-5.1311930e-05
-2.8480490e-05
1.2644500e-04
1.0202280e-04
-2.5764130e-04
-7.7790040e-04
-1.2598490e-03
-1.5393530e-03
-1.6333300e-03
-1.4101450e-03
-9.4316570e-04
-4.6338940e-04
-4.1328840e-05
2.6718630e-04
4.1126200e-04
3.7331840e-04
6.4337990e-04
1.2670480e-03
1.5032760e-03
1.3287710e-03
1.1859810e-03
1.0493690e-03
8.6451560e-04
6.7758120e-04
2.8800890e-04
-2.2057450e-04
-4.7512620e-04
-4.3608130e-04
-2.6722650e-04
-1.8882040e-04
-1.4215820e-04
1.3450430e-05
7.7937260e-05
8.6441710e-05
2.3589130e-04
2.3058880e-04
-2.1830040e-04
-7.1810400e-04
-9.9865840e-04
-1.2328880e-03
-1.2845970e-03
-1.0526120e-03
-8.3098660e-04
-5.3858300e-04
7.8420630e-06
4.5346820e-04
3.9452860e-04
-8.2270220e-05
-4.1702260e-04
-3.9435430e-04
-3.3671990e-04
-4.6070720e-04
-6.1052390e-04
-4.3482680e-04
1.3825360e-04
7.9105540e-04
1.3137210e-03
1.5810200e-03
1.6265600e-03
1.2897480e-03
5.8907010e-04
1.4967450e-04
1.4114970e-04
1.3970670e-05
-2.9503380e-04
-2.9723640e-04
