0.01
-7.6485940e-05
-8.6985570e-05
-8.9254570e-05
-7.4070460e-05
-5.1707150e-05
-4.4709100e-05
-6.9368530e-05
-9.3047020e-05
-6.8191680e-05
-8.7988130e-07
6.9805230e-05
1.5689270e-04
2.5660520e-04
3.1240900e-04
2.8187930e-04
1.8595040e-04
1.5879990e-04
3.0969160e-04
4.0190300e-04
2.0342860e-04
-4.8485250e-04
-1.2481750e-03
-1.3234890e-03
-4.8938980e-04
-5.9729660e-05
-1.4167140e-05
2.2352590e-04
3.8506040e-04
-2.0288870e-04
-1.3131520e-03
-1.1572650e-03
6.2517580e-04
2.3850040e-03
2.5127240e-03
8.9271800e-04
-6.0919390e-04
-1.0886850e-03
-2.7671460e-04
8.4461690e-04
1.6863830e-03
2.1125100e-03
1.6385290e-03
8.1733480e-05
-1.7083820e-03
-2.5914190e-03
-2.1057290e-03
-1.7773990e-04
1.9237830e-03
3.0400350e-03
4.0910010e-03
5.7425960e-03
6.6886430e-03
5.4557070e-03
2.7038070e-03
7.4410340e-04
1.6318850e-03
3.0452300e-03
2.5801310e-03
-2.4425990e-04
-3.2865860e-03
-6.4495160e-03
-1.1611850e-02
-1.5923330e-02
-1.6384340e-02
-1.2300330e-02
-6.5616390e-03
-1.0322730e-03
2.1288070e-03
1.5467430e-03
-3.5444850e-04
-2.5566930e-03
-2.2307650e-03
2.3332530e-03
9.3607790e-03
1.3166360e-02
9.9267940e-03
1.3682350e-03
-5.7007570e-03
-7.9624190e-03
-7.4806430e-03
-4.4969340e-03
-2.3165960e-03
-6.7674800e-05
6.0378590e-03
1.3637710e-02
1.4412040e-02
6.0510790e-03
-4.3374930e-03
-8.7056600e-03
-6.7737050e-03
-3.0436330e-03
1.5268990e-03
6.4189710e-03
1.2075170e-02
1.5646470e-02
1.3452850e-02
5.1700700e-03
-2.6396760e-03
-3.0328150e-03
3.0370970e-03
8.8961280e-03
1.2292900e-02
1.0857090e-02
3.6680220e-03
-6.9573010e-03
-1.3377440e-02
-1.4391820e-02
-1.4056930e-02
-1.4433800e-02
-1.4266090e-02
-1.0271570e-02
-3.4518930e-03
9.5689150e-04
6.3030980e-04
-3.3769350e-03
-6.5687480e-03
-2.5102570e-03
8.6221230e-03
1.8905760e-02
2.3164060e-02
2.1805970e-02
1.7974600e-02
9.9084120e-03
-3.0612560e-03
-1.0786950e-02
-7.6831370e-03
1.4096570e-03
8.7125200e-03
9.0305300e-03
7.2820030e-03
9.5130020e-03
1.2225510e-02
9.0946490e-03
-5.4512140e-04
-1.0521670e-02
-1.3838260e-02
-7.7469780e-03
-1.3859490e-03
-2.8413290e-03
-1.0141490e-02
-1.4911770e-02
-1.3649670e-02
-9.7883580e-03
-8.7179920e-03
-1.0665990e-02
-1.2360210e-02
-1.1027860e-02
-5.6319660e-03
-7.2824360e-04
1.0193290e-03
1.9672940e-03
6.8304860e-03
1.7054820e-02
2.2995350e-02
2.0943390e-02
1.4948260e-02
1.0460100e-02
5.7264740e-03
-3.2425940e-03
-1.2881090e-02
-1.2193410e-02
-3.9086950e-03
-1.6430870e-03
-7.7205930e-03
-1.3370860e-02
-1.2596120e-02
-7.0170680e-03
-2.0781000e-03
-5.3225330e-04
-3.7664300e-03
-9.3365390e-03
-1.1467760e-02
-8.5992910e-03
-3.1326970e-03
3.5226780e-03
1.5295490e-02
3.3774080e-02
5.2958990e-02
6.2115250e-02
5.1413380e-02
2.5362340e-02
1.4836110e-03
-1.4051550e-02
-3.2968500e-02
-5.7039300e-02
-7.3692890e-02
-7.9949930e-02
-7.4481040e-02
-6.4887460e-02
-5.5482340e-02
-4.3520620e-02
-2.1499130e-02
1.8125010e-02
7.1778170e-02
1.1547550e-01
1.2945490e-01
1.1431190e-01
7.8864150e-02
3.8102990e-02
1.0806570e-03
-3.0790200e-02
-5.5102740e-02
-6.8876650e-02
-7.8697830e-02
-8.6345350e-02
-8.6268930e-02
-7.9936380e-02
-6.6303250e-02
-4.2057170e-02
-6.1512430e-03
3.3448850e-02
5.3328100e-02
3.5366710e-02
-8.1910920e-03
-5.6644260e-02
-9.1679140e-02
-9.5653410e-02
-7.6069510e-02
-5.2994060e-02
-2.7511210e-02
6.4250120e-04
2.4052350e-02
4.7455200e-02
6.8051600e-02
9.6693880e-02
1.3808700e-01
2.0021970e-01
2.4810880e-01
2.3969870e-01
1.7205140e-01
6.4810010e-02
-6.0276980e-02
-1.4039040e-01
-1.3658110e-01
-9.0613720e-02
-5.3729750e-02
-3.8900770e-02
-3.3478860e-02
-2.5544730e-02
-1.8870620e-02
-5.3754430e-03
3.2255770e-02
9.4307930e-02
1.5140690e-01
1.6608580e-01
1.1935280e-01
1.8606990e-02
-1.0091410e-01
-1.9325840e-01
-2.1737170e-01
-2.0088090e-01
-1.6746660e-01
-1.4470440e-01
-1.4757000e-01
-1.5417350e-01
-1.3801330e-01
-9.1849820e-02
-2.3250790e-02
5.5988150e-02
1.3533910e-01
2.0036720e-01
2.3895340e-01
2.4929140e-01
2.3508250e-01
1.9976240e-01
1.4619500e-01
8.3309690e-02
2.7163490e-02
-9.1164870e-03
-2.3518660e-02
-2.5151470e-02
-3.1310340e-02
-5.9431590e-02
-1.0951950e-01
-1.0396880e-01
-6.7060050e-02
-2.1923350e-02
2.3606580e-02
3.7132940e-02
2.7625690e-02
-1.6267150e-02
-9.2435440e-02
-1.7294480e-01
-2.1211760e-01
-1.7771180e-01
-8.1809180e-02
1.8433930e-02
8.3445770e-02
1.1855470e-01
1.4527060e-01
1.7002000e-01
1.8016980e-01
1.5333210e-01
9.0178260e-02
2.5448070e-02
-2.7596480e-02
-8.5140540e-02
-1.4438840e-01
-1.6323380e-01
-1.5087260e-01
-1.5701630e-01
-1.6512550e-01
-1.5666590e-01
-1.2566360e-01
-7.8944200e-02
-3.3147980e-02
2.6867800e-03
2.6111800e-02
4.4030380e-02
7.3032470e-02
1.1494170e-01
1.5601680e-01
1.8230900e-01
1.8611590e-01
1.7187060e-01
1.4594300e-01
1.1012070e-01
6.8958860e-02
4.1829950e-02
2.9919980e-02
2.1169740e-02
1.0062460e-02
-6.6568940e-03
-2.7349190e-02
-4.9407530e-02
-7.0054700e-02
-9.0532280e-02
-1.0488030e-01
-1.0587410e-01
-9.5613700e-02
-8.5127770e-02
-8.5485200e-02
-9.7157990e-02
-1.1112570e-01
-1.1801040e-01
-1.0744700e-01
-7.6906910e-02
-4.0760440e-02
-1.2505600e-02
1.0197870e-02
3.2478310e-02
5.2710470e-02
7.9166490e-02
1.1348510e-01
1.5335960e-01
1.8776660e-01
2.0395090e-01
1.8374920e-01
1.3154330e-01
7.3648610e-02
1.8585910e-02
-2.4815700e-02
-5.4547720e-02
-8.1541600e-02
-1.1195550e-01
-1.3703710e-01
-1.4819990e-01
-1.3652890e-01
-9.6547490e-02
-3.8774340e-02
1.1481460e-02
4.1072730e-02
5.4542090e-02
5.8841570e-02
5.5291230e-02
4.5674020e-02
3.6019430e-02
2.9014670e-02
2.4803530e-02
2.0402920e-02
1.3841880e-02
7.3588290e-03
5.5253870e-03
7.8271060e-03
1.3421950e-02
2.2063390e-02
2.9434880e-02
2.6503770e-02
1.3053920e-02
-3.7828120e-03
-1.8506880e-02
-2.6658230e-02
-3.3827000e-02
-5.0093600e-02
-8.0555860e-02
-1.1981280e-01
-1.5657990e-01
-1.7920440e-01
-1.7238280e-01
-1.3036500e-01
-7.6495180e-02
-2.8992560e-02
1.5819000e-02
5.9552950e-02
9.7815700e-02
1.2911670e-01
1.5259940e-01
1.6983180e-01
1.7437470e-01
1.5871300e-01
1.2287620e-01
8.0162350e-02
4.2713410e-02
6.6983040e-03
-2.2478880e-02
-3.5964980e-02
-3.5334010e-02
-3.3822020e-02
-3.8465600e-02
-4.1232700e-02
-4.5081430e-02
-4.5657550e-02
-4.0517250e-02
-2.5497880e-02
1.6392060e-03
2.9852960e-02
4.2688320e-02
3.0463100e-02
2.5883830e-03
-2.8573840e-02
-5.8185350e-02
-7.7176030e-02
-7.6122400e-02
-5.1039680e-02
-8.1962410e-03
3.5215990e-02
6.2767710e-02
7.2992890e-02
7.7763300e-02
9.1018760e-02
1.1098450e-01
1.2453720e-01
1.1211120e-01
6.9575300e-02
1.1744630e-02
-4.7840320e-02
-1.0324400e-01
-1.4277480e-01
-1.5714180e-01
-1.4232320e-01
-1.1029000e-01
-7.6458680e-02
-4.4147400e-02
-1.1707900e-02
1.7289610e-02
3.6486380e-02
4.6783800e-02
4.9879680e-02
4.7251560e-02
3.4110060e-02
1.2760510e-02
-7.0659480e-03
-1.1233880e-02
-1.4746860e-03
1.3512750e-02
2.7622430e-02
4.2661760e-02
5.7268020e-02
6.2946440e-02
5.3931610e-02
3.2506260e-02
4.3940720e-03
-2.1950680e-02
-4.1744670e-02
-5.6185980e-02
-6.7405040e-02
-7.8125990e-02
-8.5126070e-02
-8.2783760e-02
-6.6898600e-02
-3.8916750e-02
-1.1471480e-02
7.6671190e-03
1.9728560e-02
2.9606380e-02
4.1466270e-02
5.9336310e-02
7.9783970e-02
8.8432670e-02
7.2357330e-02
4.1007780e-02
9.1567820e-03
-1.4842230e-02
-2.8826250e-02
-3.4061650e-02
-3.7068930e-02
-3.7899140e-02
-3.0926660e-02
-1.5004670e-02
1.5787740e-03
9.5766510e-03
9.4275480e-03
3.5035650e-03
-4.8716220e-03
-1.1474800e-02
-1.5508160e-02
-1.8634910e-02
-1.8920050e-02
-1.8945210e-02
-2.1247990e-02
-2.5420860e-02
-2.6450810e-02
-1.9093130e-02
-3.6896230e-03
1.4312190e-02
2.9071470e-02
3.9666410e-02
4.8450130e-02
5.3424810e-02
5.3405540e-02
4.6933140e-02
3.6048500e-02
2.5960980e-02
1.9445020e-02
1.3576920e-02
5.1746700e-03
-5.0886410e-03
-1.5818840e-02
-2.0443160e-02
-1.5675600e-02
-6.5595650e-03
-7.3964500e-04
-3.6329570e-03
-1.5482840e-02
-3.3288160e-02
-5.2676700e-02
-6.8784360e-02
-7.7363520e-02
-7.5532700e-02
-6.4831490e-02
-4.9841450e-02
-3.4449430e-02
-1.7839070e-02
2.8891600e-03
2.5067900e-02
4.5224550e-02
6.1934030e-02
7.1531910e-02
7.1442980e-02
6.2998100e-02
4.8823510e-02
3.2904030e-02
1.8238320e-02
6.9505760e-03
1.0755280e-04
-4.8496840e-04
4.6465820e-03
1.4386150e-02
2.4030190e-02
3.0632050e-02
3.1000010e-02
2.6780780e-02
1.7411800e-02
-3.2348510e-04
-2.3741870e-02
-4.7531520e-02
-6.7611810e-02
-8.2828120e-02
-9.3767080e-02
-9.7769520e-02
-9.2890120e-02
-7.6701960e-02
-5.4265210e-02
-3.0530520e-02
-6.8181970e-03
1.5375510e-02
3.7988790e-02
5.7667630e-02
7.1151750e-02
8.0920910e-02
8.6515400e-02
8.5072780e-02
7.5571470e-02
6.0951160e-02
4.2110940e-02
2.1403630e-02
-7.6938890e-04
-2.4381170e-02
-4.3784030e-02
-5.3175520e-02
-5.1352200e-02
-4.0530360e-02
-2.7723650e-02
-1.8770120e-02
-1.2549860e-02
-7.3791300e-03
-3.0897960e-03
1.7366290e-03
3.8565150e-03
2.0503230e-04
-1.1170300e-02
-2.6642680e-02
-4.0913620e-02
-4.8326600e-02
-4.7632440e-02
-3.7593660e-02
-1.8504940e-02
3.0475950e-03
2.3873810e-02
4.2136260e-02
5.4608660e-02
6.0027440e-02
6.0418340e-02
5.1975320e-02
3.4353240e-02
1.4277950e-02
-3.7466170e-03
-1.7948090e-02
-2.8145130e-02
-3.4648650e-02
-3.7351780e-02
-3.3511080e-02
-2.2925980e-02
-8.0425920e-03
6.6678940e-03
2.0525060e-02
3.2917090e-02
4.1953510e-02
4.8875960e-02
5.1700190e-02
4.6823540e-02
3.3741710e-02
1.6417510e-02
1.9473180e-03
-7.3383610e-03
-1.3580580e-02
-1.9848150e-02
-2.4170350e-02
-2.3611260e-02
-1.6628770e-02
-5.8576030e-03
4.8117850e-03
1.4634990e-02
2.2068690e-02
2.8248380e-02
3.2419130e-02
3.3650020e-02
3.2179360e-02
2.7371770e-02
1.9365940e-02
1.0849650e-02
3.3967890e-03
-1.5251750e-03
-3.9351010e-03
-4.5285140e-03
-5.3098270e-03
-6.7286730e-03
-8.4768410e-03
-9.8024660e-03
-1.1372580e-02
-1.4792010e-02
-2.1479340e-02
-3.1652890e-02
-4.2866630e-02
-5.3426950e-02
-6.0620910e-02
-6.2410200e-02
-5.8314040e-02
-4.8001870e-02
-3.5156390e-02
-2.1880250e-02
-9.6057330e-03
1.5186300e-03
1.2501440e-02
2.2432590e-02
3.1739520e-02
4.0141560e-02
4.5355060e-02
4.7263450e-02
4.6348780e-02
4.3685650e-02
3.8354390e-02
2.9367450e-02
1.9521460e-02
1.1318980e-02
4.7814810e-03
-4.8230000e-04
-7.8180970e-03
-1.7427340e-02
-2.8565730e-02
-3.9549480e-02
-4.7255680e-02
-4.8516920e-02
-4.2298310e-02
-2.9560490e-02
-1.4055240e-02
7.2197350e-04
1.4417030e-02
2.6201730e-02
3.6452350e-02
4.4988940e-02
5.0716820e-02
5.3038310e-02
4.9192230e-02
3.7384040e-02
1.9673200e-02
1.5969340e-03
-1.1800030e-02
-2.0278520e-02
-2.5463980e-02
-2.8065870e-02
-2.8583660e-02
-2.9412090e-02
-3.0896390e-02
-3.1589090e-02
-2.7587720e-02
-1.8884920e-02
-7.3141120e-03
3.9100730e-03
1.2904720e-02
1.9698660e-02
2.4840760e-02
3.0665240e-02
3.5511040e-02
3.6656720e-02
3.1325340e-02
1.9389990e-02
3.5113820e-03
-1.3743940e-02
-2.8771920e-02
-3.9098360e-02
-4.3334210e-02
-4.3377490e-02
-4.0075070e-02
-3.3724020e-02
-2.5919350e-02
-1.6594360e-02
-6.8155500e-03
1.9431040e-03
9.0247200e-03
1.3945480e-02
1.7660400e-02
2.0435080e-02
2.2186070e-02
2.2734650e-02
2.1576000e-02
2.0136590e-02
1.7853190e-02
1.4262000e-02
9.5123290e-03
5.5389100e-03
3.2085870e-03
6.5245660e-04
-2.0156170e-03
-4.7098380e-03
-5.5274670e-03
-3.5985480e-03
-3.4470460e-04
2.9988410e-03
6.0043640e-03
8.6811700e-03
9.8424480e-03
8.4952320e-03
4.3149220e-03
-1.4117710e-03
-4.6563020e-03
-6.9186930e-03
-8.7266560e-03
-1.1879380e-02
-1.4232670e-02
-1.5910040e-02
-1.7082920e-02
-1.6141080e-02
-1.2666000e-02
-8.3491990e-03
-3.2879980e-03
3.5869920e-03
9.4105110e-03
1.3688170e-02
1.7227490e-02
1.8132150e-02
1.5719910e-02
1.0844670e-02
3.6192080e-03
-4.3072470e-03
-1.2347940e-02
-1.9510160e-02
-2.4540500e-02
-2.8349660e-02
-3.0780890e-02
-3.1621030e-02
-3.0523030e-02
-2.6844370e-02
-2.0716650e-02
-1.5065080e-02
-9.2309150e-03
-3.0863890e-03
4.2187870e-03
1.2042400e-02
1.9105620e-02
2.3525930e-02
2.4030040e-02
2.0753610e-02
1.5867210e-02
1.2532450e-02
1.1292530e-02
1.0708600e-02
7.3659010e-03
7.5564250e-04
-5.8203130e-03
-1.0417050e-02
-1.2358330e-02
-1.1520980e-02
-8.8496350e-03
-6.9273040e-03
-6.0121010e-03
-4.5082130e-03
-1.0822730e-03
3.2725420e-03
8.0379140e-03
1.1540830e-02
1.1726650e-02
1.1019900e-02
1.0356400e-02
9.0270460e-03
7.2893690e-03
7.0341260e-03
6.0679140e-03
5.7321450e-03
7.1371870e-03
1.0217670e-02
1.3564850e-02
1.5098750e-02
1.4771380e-02
1.0164720e-02
2.8792220e-03
-5.7087170e-03
-1.4574470e-02
-2.2308700e-02
-2.7865250e-02
-3.1348400e-02
-3.3418850e-02
-3.3917850e-02
-3.2118570e-02
-2.6108210e-02
-1.5348960e-02
-2.0119720e-03
1.2154680e-02
2.4296630e-02
3.4138040e-02
4.1568150e-02
4.5408070e-02
4.5437760e-02
4.0591230e-02
3.1256050e-02
1.8229170e-02
5.9189610e-03
-4.4050080e-03
-1.3198350e-02
-2.0910450e-02
-2.7056730e-02
-3.0290850e-02
-2.9527070e-02
-2.4618610e-02
-1.7583730e-02
-1.0680180e-02
-4.1061920e-03
1.1555840e-03
6.0419130e-03
1.0231920e-02
1.4088720e-02
1.7280860e-02
1.9674010e-02
2.0042340e-02
1.6344800e-02
9.4565210e-03
2.1885970e-03
-6.3887300e-03
-1.5877750e-02
-2.6578600e-02
-3.5000660e-02
-4.0581380e-02
-4.2063380e-02
-3.9023710e-02
-3.2738000e-02
-2.3324230e-02
-1.2968620e-02
-3.2190190e-03
5.4890760e-03
1.2945710e-02
1.9022080e-02
2.1634940e-02
2.1051970e-02
1.7020670e-02
1.0055410e-02
3.1968760e-03
2.7545330e-04
1.2106550e-03
6.4007100e-03
1.1738270e-02
1.4245830e-02
1.3949850e-02
1.0402110e-02
5.0364340e-03
1.6961400e-03
-4.6929600e-04
-8.2597720e-04
-2.3515160e-03
-5.5239500e-03
-9.0293290e-03
-1.1757090e-02
-1.0495160e-02
-4.9777400e-03
2.6984030e-03
8.8006640e-03
1.3864280e-02
1.7281980e-02
1.9221060e-02
1.9417850e-02
1.8728040e-02
1.7712140e-02
1.6412170e-02
1.4887600e-02
1.2935810e-02
9.9721490e-03
5.1728770e-03
-4.2694860e-04
-4.5658710e-03
-8.2311170e-03
-9.8563010e-03
-1.0557180e-02
-1.1252250e-02
-1.1674830e-02
-1.2280240e-02
-1.3040000e-02
-1.4458100e-02
-1.5596070e-02
-1.6663640e-02
-1.7150880e-02
-1.5749510e-02
-1.3157050e-02
-1.0497040e-02
-7.5665770e-03
-5.1002010e-03
-3.3243920e-03
-2.2976990e-03
-2.5112850e-03
-2.2385300e-03
-1.1334990e-03
6.1766410e-04
2.1854470e-03
3.0120990e-03
2.5618760e-03
1.7709210e-03
2.8596040e-03
6.8474400e-03
1.1661610e-02
1.6352240e-02
2.1129910e-02
2.3961160e-02
2.4068120e-02
2.1145230e-02
1.7603330e-02
1.3815260e-02
1.0164330e-02
5.1782730e-03
2.1650710e-04
-3.7782590e-03
-4.6275920e-03
-4.6857300e-03
-3.0101000e-03
-6.8749930e-04
9.0245750e-04
8.3244670e-04
-2.0481450e-03
-5.6457580e-03
-7.3404350e-03
-7.4280550e-03
-6.0899850e-03
-4.9532210e-03
-4.0812910e-03
-3.9661010e-03
-4.2210050e-03
-4.0045270e-03
-3.2695200e-03
-2.9877680e-03
-3.5038430e-03
-4.2037270e-03
-5.5832930e-03
-6.2585880e-03
-5.5928630e-03
-4.1291740e-03
-1.2462110e-03
2.5160000e-03
5.8766790e-03
8.3209820e-03
1.0496110e-02
1.1770610e-02
1.1570800e-02
1.1110770e-02
1.0261150e-02
9.0830800e-03
7.9028840e-03
5.3594570e-03
2.8634970e-03
1.1011290e-03
-7.5451710e-04
-2.6332810e-03
-4.4517040e-03
-4.8559160e-03
-3.9762160e-03
-3.4245660e-03
-2.3232280e-03
5.5954610e-04
2.7053390e-03
3.3050270e-03
4.2116690e-03
5.5918140e-03
6.1928830e-03
5.7670850e-03
4.6805080e-03
2.0091470e-03
-4.4667690e-04
-2.3074110e-03
-4.4408090e-03
-6.0751500e-03
-6.2847240e-03
-3.6465150e-03
-3.3328280e-04
2.2446750e-03
4.7617040e-03
6.4694430e-03
7.1483500e-03
7.3200400e-03
6.8475390e-03
5.6301440e-03
4.2118960e-03
1.7637640e-03
-9.6451750e-04
-4.0641630e-03
-6.5091170e-03
-8.1283060e-03
-8.7503800e-03
-8.8672760e-03
-6.8207040e-03
-4.1788800e-03
-1.8686180e-03
2.1252650e-05
1.1552150e-03
2.3559550e-03
5.4265040e-03
7.9997080e-03
7.2758650e-03
4.7219180e-03
2.3768810e-03
1.5402340e-03
1.3802020e-03
1.5335920e-03
2.1225080e-03
2.8752450e-03
2.2825860e-03
1.2822080e-03
1.5820430e-03
2.5595890e-03
9.4620450e-04
-1.7865760e-03
-4.3319450e-03
-6.7069790e-03
-8.8502150e-03
-9.2531260e-03
-8.4775930e-03
-7.0901730e-03
-5.9650750e-03
-5.3978840e-03
-5.0440030e-03
-5.0568290e-03
-3.9671910e-03
-1.7061730e-03
3.8697730e-05
1.6850370e-03
2.9266280e-03
4.1966040e-03
5.0960710e-03
5.3839600e-03
5.3279500e-03
4.5610270e-03
2.4902540e-03
-6.2887790e-04
-3.8987960e-03
-6.7591330e-03
-9.5876080e-03
-1.1761140e-02
-1.3534090e-02
-1.5653470e-02
-1.7235550e-02
-1.6481460e-02
-1.2626120e-02
-7.5708640e-03
-2.4476860e-03
2.2576810e-03
6.1793510e-03
8.7416350e-03
1.0745080e-02
1.1941720e-02
1.1190710e-02
9.6918640e-03
8.5466750e-03
7.7727410e-03
6.3892150e-03
5.6369640e-03
5.4499580e-03
4.9582540e-03
3.6260660e-03
2.7027820e-03
5.0466150e-04
-2.8769780e-03
-6.0332870e-03
-9.2870760e-03
-1.1764980e-02
-1.2800410e-02
-1.1822700e-02
-1.0581180e-02
-8.2270990e-03
-5.9318020e-03
-3.3599190e-03
-2.1266690e-03
-2.1851650e-03
-1.5364660e-03
-2.1125140e-03
-3.1776970e-03
-4.4099560e-03
-6.0567820e-03
-7.3723710e-03
-7.6743450e-03
-7.6361810e-03
-6.8207980e-03
-6.2233920e-03
-5.5640890e-03
-4.3977320e-03
-2.6410430e-03
-1.2789820e-03
-1.3646480e-04
1.6959630e-03
3.6736960e-03
4.9278030e-03
6.0588840e-03
6.5804970e-03
6.2942140e-03
5.9065080e-03
5.4826940e-03
4.0799280e-03
1.1840040e-03
-1.5125610e-03
-3.2706140e-03
-4.4620180e-03
-5.0379480e-03
-5.2125100e-03
-4.0981890e-03
-1.6448880e-03
1.8774480e-03
5.4575410e-03
8.6778540e-03
1.2404700e-02
1.5048650e-02
1.5168870e-02
1.4451760e-02
1.4060560e-02
1.3207410e-02
1.0992520e-02
7.7998450e-03
3.3121960e-03
-1.6635250e-03
-4.9806590e-03
-7.7714470e-03
-9.8132150e-03
-1.0885620e-02
-1.1259690e-02
-9.6384190e-03
-7.5466540e-03
-6.4040030e-03
-5.6445990e-03
-4.7096700e-03
-4.6810500e-03
-6.0995100e-03
-7.8670710e-03
-1.0148870e-02
-1.2624490e-02
-1.4160910e-02
-1.4556880e-02
-1.3425330e-02
-1.1172320e-02
-8.7220450e-03
-5.4435710e-03
-1.0714260e-03
3.3138900e-03
7.0165790e-03
1.0260290e-02
1.2986700e-02
1.4730320e-02
1.6177040e-02
1.7891270e-02
1.9182700e-02
1.8979630e-02
1.8199740e-02
1.6658590e-02
1.3818820e-02
1.0882290e-02
7.9491120e-03
5.0083950e-03
1.7023720e-03
-1.5044990e-03
-3.7188910e-03
-5.5500370e-03
-7.1526390e-03
-8.0695660e-03
-7.5305240e-03
-6.0492480e-03
-4.5083460e-03
-2.2822100e-03
1.9196700e-04
1.8134890e-03
2.0646660e-03
2.4665440e-03
2.7107500e-03
2.0214880e-03
3.4487960e-04
-7.7340960e-04
2.0572320e-04
2.2470300e-03
5.0869000e-03
8.3013940e-03
1.1225540e-02
1.3871300e-02
1.5388090e-02
1.4919760e-02
1.2595620e-02
9.3773660e-03
5.8009050e-03
1.7272180e-03
-2.8817960e-03
-7.9030310e-03
-1.1611310e-02
-1.2731910e-02
-1.2233570e-02
-1.1590870e-02
-1.0811750e-02
-9.8269610e-03
-8.3761100e-03
-7.7352060e-03
-6.8974910e-03
-6.8214620e-03
-6.9313470e-03
-6.7118440e-03
-6.1673270e-03
-5.5583380e-03
-4.3131780e-03
-2.5779730e-03
-1.2270220e-03
-4.7374010e-04
5.3437130e-04
1.7411790e-03
2.5515070e-03
4.2864270e-03
6.4611390e-03
6.8626040e-03
6.7430600e-03
6.7585640e-03
6.8667360e-03
6.8980860e-03
5.9428730e-03
4.9030090e-03
3.7226300e-03
2.7742720e-03
2.1647150e-03
6.8526630e-04
-1.9671300e-03
-3.6083520e-03
-3.8201950e-03
-3.1661190e-03
-3.3468140e-03
-4.2787910e-03
-5.4063120e-03
-5.8137810e-03
-6.0259710e-03
-5.9227290e-03
-4.0018290e-03
-1.3661320e-03
3.4584400e-04
1.7453580e-03
2.6729160e-03
3.0953810e-03
3.7096700e-03
5.0298210e-03
6.3820450e-03
7.7914990e-03
8.7272570e-03
8.4978070e-03
7.2967950e-03
5.4935290e-03
4.1147610e-03
2.7433620e-03
4.6226630e-04
-1.3048630e-03
-2.2798760e-03
-4.6185030e-03
-7.5389430e-03
-9.2318250e-03
-1.0504520e-02
-1.1219930e-02
-9.7211130e-03
-7.6472320e-03
-6.2624360e-03
-4.7233800e-03
-2.4850850e-03
2.7978080e-04
3.5576450e-03
6.2941710e-03
8.2267230e-03
9.0942940e-03
9.3781030e-03
9.4110810e-03
7.9296120e-03
5.1448120e-03
3.0741200e-03
1.1775890e-03
-1.3086160e-03
-3.2411040e-03
-3.6319760e-03
-5.1727860e-03
-6.3774490e-03
-7.0465530e-03
-7.5599650e-03
-7.2974360e-03
-6.8076010e-03
-7.2589430e-03
-7.6763780e-03
-7.5207360e-03
-6.4786930e-03
-4.6145330e-03
-3.3840530e-03
-2.3158730e-03
-1.1655300e-03
-4.9581890e-04
-4.2070250e-04
3.3738250e-04
1.1740850e-03
1.6379790e-03
1.4324900e-03
1.5685610e-03
2.0913840e-03
2.9394900e-03
3.6116880e-03
4.5143280e-03
5.6423790e-03
6.8443330e-03
8.6676550e-03
1.0642350e-02
1.1468200e-02
1.1444290e-02
1.0894470e-02
9.6910820e-03
8.2409150e-03
6.8427170e-03
6.6166650e-03
4.6676150e-03
1.6169180e-03
-1.1364810e-06
-7.9388370e-04
-1.8353180e-03
-3.0651640e-03
-3.5121290e-03
-3.5894620e-03
-3.4999400e-03
-4.0302960e-03
-4.6572470e-03
-5.3630810e-03
-5.7112510e-03
-5.1868090e-03
-4.1706850e-03
-3.5849170e-03
-2.5084940e-03
5.1107810e-05
8.6565140e-04
3.4453840e-04
-2.9267810e-05
1.2464320e-04
-2.1845300e-04
-3.1325560e-04
-8.4192840e-04
-1.2662760e-03
-2.6338140e-03
-4.3647880e-03
-5.0679520e-03
-4.0833530e-03
-2.7944330e-03
-1.8131700e-03
-1.7154650e-03
-1.5711480e-03
-1.2375680e-03
-3.4127140e-04
3.6632720e-04
5.9903420e-04
4.6993140e-05
-5.8124980e-04
-6.2798330e-04
4.8134560e-04
1.5220620e-03
2.4055070e-03
3.0453470e-03
2.6631730e-03
1.7798620e-03
1.6536240e-03
3.0347380e-03
3.5723520e-03
2.1382930e-03
-8.4515550e-04
-3.5275730e-03
-5.1752400e-03
-5.1704830e-03
-4.9320590e-03
-5.4276680e-03
-5.8419790e-03
-5.7032980e-03
-4.7098600e-03
-3.9958700e-03
-4.1503730e-03
-4.6623370e-03
-4.6669190e-03
-5.8728470e-03
-7.0700140e-03
-8.0754270e-03
-8.1355260e-03
-7.1926660e-03
-5.8083240e-03
-4.5310700e-03
-4.0047590e-03
-3.5712650e-03
-2.4380120e-03
-9.6787950e-04
-4.0308140e-04
1.1450580e-04
1.2163710e-03
2.9442820e-03
4.3538600e-03
5.8582570e-03
7.0449440e-03
8.2717490e-03
8.7830710e-03
9.9031920e-03
1.0623370e-02
1.0362750e-02
1.0009380e-02
8.8342710e-03
6.7955500e-03
5.8419620e-03
5.1016160e-03
4.1588000e-03
1.9395600e-03
-3.7132730e-04
-1.7749730e-03
-2.5899780e-03
-2.8585150e-03
-2.1979160e-03
7.3493340e-05
2.1405910e-03
4.6419810e-03
6.7929810e-03
8.5246460e-03
9.7068370e-03
1.0560260e-02
1.0605540e-02
8.6096290e-03
5.7941660e-03
3.1008160e-03
8.8997230e-04
-1.5464200e-03
-3.0133840e-03
-3.7751040e-03
-4.3215160e-03
-4.2191610e-03
-3.6406390e-03
-3.3398780e-03
-2.7991440e-03
-2.0585190e-03
-9.7562620e-04
6.0389840e-04
2.0705910e-03
3.3152120e-03
3.4854930e-03
3.0476240e-03
2.2357230e-03
2.1483940e-03
1.3392130e-03
-7.5786440e-04
-2.4473420e-03
-3.6003190e-03
-5.0310760e-03
-6.2759390e-03
-6.4093920e-03
-5.6612940e-03
-5.0089270e-03
-5.2163740e-03
-4.8624550e-03
-4.2681480e-03
-3.0810590e-03
-2.6843140e-03
-2.5793860e-03
-2.4547770e-03
-2.6800090e-03
-2.6243880e-03
-1.9805160e-03
-2.1788680e-03
-2.0957080e-03
-1.3870670e-03
-2.9060160e-03
-4.4872500e-03
-5.5092330e-03
-5.9100310e-03
-5.7319630e-03
-4.7627980e-03
-3.4094520e-03
-2.9551390e-03
-1.9683730e-03
1.2426160e-04
2.1103670e-03
3.1359460e-03
4.2828270e-03
5.9654000e-03
7.5032390e-03
7.6016180e-03
6.5331080e-03
4.5844900e-03
1.8980600e-03
-7.3464420e-04
-2.2263960e-03
-3.0400700e-03
-4.0967300e-03
-4.5778950e-03
-3.8765740e-03
-2.6954360e-03
-2.1155120e-03
-1.2075910e-03
-4.9939370e-04
-1.3232850e-03
-2.0205650e-03
-2.2243690e-03
-2.0516150e-03
-1.3699480e-03
-7.1152700e-04
-3.1840650e-04
2.2723720e-05
7.9783630e-04
1.5411140e-03
2.3843480e-03
3.5089030e-03
4.1156290e-03
4.3798030e-03
4.6556460e-03
5.0389440e-03
6.2421390e-03
6.3549740e-03
6.1868690e-03
6.9655540e-03
7.9517620e-03
7.5257910e-03
6.6168510e-03
6.1109470e-03
4.4306040e-03
2.6866840e-03
1.6310990e-03
3.3814700e-04
-1.0800950e-03
-1.9119220e-03
-1.7953760e-03
-1.0733840e-03
-1.6152770e-03
-1.6275830e-03
-1.7203790e-03
-1.7589860e-03
-8.5066460e-04
-5.2038070e-04
-7.4546570e-04
-2.0660780e-03
-3.2906660e-03
-3.9812560e-03
-4.1767630e-03
-3.9204040e-03
-4.0546820e-03
-4.0656620e-03
-3.3326330e-03
-2.7926620e-03
-2.7115080e-03
-2.7883570e-03
-3.6539470e-03
-4.1835480e-03
-4.0129320e-03
-3.0565610e-03
-2.7541830e-03
-3.2544740e-03
-3.6165240e-03
-3.2740250e-03
-2.4840210e-03
-1.1856430e-03
-3.5750300e-04
-1.4960710e-04
-3.6536270e-04
-1.3368320e-03
-1.6825570e-03
-1.2815890e-03
5.5980530e-04
2.5393190e-03
3.4146450e-03
4.6673410e-03
6.7379260e-03
7.0285020e-03
5.8339210e-03
4.7145230e-03
3.2024800e-03
1.9094330e-03
6.0916380e-04
-6.3302120e-04
-1.8123070e-03
-3.0040090e-03
-3.4957830e-03
-4.8039450e-03
-5.5754980e-03
-4.4052700e-03
-2.4419540e-03
-7.4638720e-04
9.9038860e-04
2.6613460e-03
3.6082990e-03
4.0737600e-03
3.8837710e-03
2.8474860e-03
2.0459690e-03
1.0263240e-03
-7.9759260e-04
-1.6305840e-03
-2.5797080e-03
-3.0689540e-03
-4.2112590e-03
-5.7087800e-03
-6.4387570e-03
-6.5689240e-03
-6.3694620e-03
-6.3898260e-03
-6.3330770e-03
-5.2386130e-03
-3.8660580e-03
-2.3816800e-03
-1.1053740e-03
-2.6819970e-04
8.9445650e-05
5.0689640e-04
7.8272870e-04
7.4859400e-04
1.4933950e-03
1.6738250e-03
1.0454980e-03
9.7578460e-04
7.5741450e-04
1.2415920e-03
2.5320000e-03
2.4122630e-03
1.3565980e-03
1.2844500e-03
2.4188450e-03
3.5618520e-03
4.5120050e-03
5.4635930e-03
6.3209020e-03
6.9505470e-03
6.6423850e-03
5.5136470e-03
4.8370800e-03
4.5367430e-03
4.9194290e-03
4.8635070e-03
4.1211330e-03
3.7785800e-03
3.5744500e-03
3.1226840e-03
3.1695260e-03
3.0085000e-03
2.1735750e-03
1.1411470e-03
8.7449690e-04
1.2339390e-03
1.7197430e-03
1.8834790e-03
2.2298960e-03
2.4424200e-03
2.4092090e-03
1.7727820e-03
1.6844750e-03
2.1952060e-03
2.0807100e-03
2.6690950e-03
2.8843720e-03
2.6604300e-03
2.4129860e-03
1.7203810e-03
9.9868360e-04
4.9513920e-04
3.7634410e-04
-6.4916630e-04
-2.1792550e-03
-3.7733710e-03
-5.3440480e-03
-6.0886620e-03
-6.8953610e-03
-7.7237860e-03
-8.8167350e-03
-1.0849100e-02
-1.2078400e-02
-1.0991230e-02
-8.1211720e-03
-4.7699600e-03
-2.1146100e-03
-1.1604990e-04
2.2129890e-03
4.0044720e-03
5.0237390e-03
4.8995440e-03
3.5316340e-03
1.3200200e-03
2.3238230e-04
-1.6785080e-03
-3.7893220e-03
-4.7994650e-03
-4.7505360e-03
-4.1930010e-03
-3.1837870e-03
-2.3709730e-03
-9.8733470e-04
-2.8863310e-04
-3.2102380e-05
1.3435230e-04
-6.1208070e-04
-1.6607170e-03
-2.4753880e-03
-3.4655640e-03
-3.2231970e-03
-1.8648380e-03
9.7435180e-05
1.8370530e-03
3.5388590e-03
5.2554940e-03
5.7809530e-03
5.6310670e-03
5.2943750e-03
4.4105420e-03
3.2422120e-03
1.8194050e-03
3.7775610e-04
-7.1736240e-04
-1.3215300e-03
-1.0484020e-03
-2.4227880e-04
5.3743780e-04
2.1802210e-03
3.7775450e-03
4.8554660e-03
4.9007000e-03
4.7843930e-03
5.0485140e-03
4.8152740e-03
4.4623130e-03
3.8390890e-03
3.5193810e-03
3.2068080e-03
2.1134230e-03
1.1250120e-03
8.0658840e-04
3.0038350e-04
-7.8882750e-05
-3.8231880e-04
-1.3809180e-03
-1.9812840e-03
-2.4511990e-03
-1.9392090e-03
-4.0886130e-04
9.6797110e-04
2.3623550e-03
3.9668260e-03
5.4153220e-03
5.7521960e-03
5.6677560e-03
5.4587600e-03
4.7299550e-03
3.4845030e-03
2.4129430e-03
3.5972290e-04
-1.8911680e-03
-4.3852280e-03
-7.3491230e-03
-9.7154190e-03
-1.1679980e-02
-1.3191320e-02
-1.3040240e-02
-1.1609390e-02
-9.1950710e-03
-6.4194770e-03
-4.1459240e-03
-2.3174400e-03
-1.2519170e-03
-4.5107710e-04
1.4876460e-04
-1.6865930e-04
-8.8257180e-04
-8.4129320e-04
-2.9552030e-04
-4.4933610e-04
-1.0404280e-03
-7.8704110e-04
2.0321800e-04
1.0402720e-03
1.8391060e-03
2.9389750e-03
3.9649120e-03
4.7110760e-03
5.3825530e-03
5.1763080e-03
4.1164570e-03
3.0707130e-03
3.2096390e-03
3.8415140e-03
4.2505730e-03
3.6757320e-03
2.7846710e-03
1.2297750e-03
2.8244960e-04
2.3908270e-04
3.1873540e-04
8.9821860e-04
2.5935410e-05
-9.8393780e-04
-1.7375870e-03
-1.5730470e-03
-8.5642850e-04
-6.7253860e-05
1.3916420e-03
3.0926990e-03
4.0868430e-03
4.1041730e-03
3.9790780e-03
3.2205610e-03
1.5446710e-03
-3.6285820e-04
-2.2283470e-03
-2.9075880e-03
-3.3466960e-03
-4.2696500e-03
-5.4004840e-03
-6.0871590e-03
-6.3942710e-03
-5.3105180e-03
-3.4130860e-03
-1.8591310e-03
-2.6697670e-04
1.1802990e-03
2.4757470e-03
4.3502630e-03
5.2436270e-03
4.7304610e-03
3.7874850e-03
2.8859730e-03
1.3499890e-03
-2.2066550e-04
-1.8786340e-03
-3.3753630e-03
-4.3137370e-03
-4.7909090e-03
-4.7854100e-03
-5.6856970e-03
-6.5830850e-03
-6.2698210e-03
-6.5486340e-03
-6.3155250e-03
-5.6860630e-03
-5.3930820e-03
-5.0889260e-03
-4.0789530e-03
-2.5201920e-03
-1.2217860e-03
-7.4629570e-04
-1.6281630e-04
5.6877740e-04
1.4152530e-03
1.9234030e-03
1.5797110e-03
1.0998600e-03
4.6579760e-04
1.0774790e-04
-3.2876060e-04
-6.5254660e-04
-4.2446960e-05
8.7650890e-04
1.9278930e-03
2.2448170e-03
1.9189170e-03
1.7555070e-03
1.9685730e-03
2.0331170e-03
2.2022790e-03
2.2327850e-03
1.3571720e-03
5.1366450e-04
3.1076320e-04
6.0696370e-05
2.3530930e-04
1.0940250e-03
1.2885510e-03
8.2454790e-04
6.4016480e-04
8.4213180e-04
1.0938900e-03
1.3757770e-03
1.5262310e-03
1.5870090e-03
1.8909980e-03
1.6679830e-03
1.0931250e-03
1.7197430e-04
-1.0526120e-03
-1.4643780e-03
-9.7001670e-04
-1.1630480e-03
-1.3877590e-03
-1.2738080e-03
-1.0463090e-03
-6.6233010e-04
-6.0185710e-05
2.0731500e-04
4.2234550e-04
7.2130540e-04
8.6588170e-04
1.1296060e-03
1.4340260e-03
1.5963570e-03
1.5340410e-03
1.5325350e-03
1.5769200e-03
1.6815350e-03
1.8253250e-03
1.9031780e-03
1.3794120e-03
8.8167220e-04
5.7973310e-04
3.1669250e-04
1.2520740e-04
3.8807600e-05
1.0462700e-05
8.9463160e-05
3.4548080e-05
-2.2767000e-04
-3.3423150e-04
6.9959630e-06
1.5451200e-04
-5.1289160e-05
-2.0093530e-04
-3.1478880e-04
-2.5967760e-04
-3.3761470e-04
-5.1780010e-04
-5.9131350e-04
-5.5543530e-04
-3.6257620e-04
-7.6757540e-05
1.4393010e-04
1.8592240e-04
1.0748350e-04
-7.9732720e-05
-2.4175690e-04
-3.6071840e-04
-3.8297840e-04
-3.1395730e-04
-2.7533610e-04
-2.7883450e-04
-2.0306620e-04
-8.4005480e-05
5.5499400e-05
1.4707850e-04
1.5043740e-04
1.5628230e-04
1.2164010e-04
6.7568700e-05
1.6864010e-05
-1.8137320e-05
-5.2475110e-05
-6.8718330e-05
-8.3670730e-05
-9.1559830e-05
-8.1365190e-05
-5.8756850e-05
-4.8619220e-05
-3.8952320e-05
-2.7063300e-05
-1.7240570e-05
-1.6269620e-05
-1.2764620e-05
-1.1068930e-05
-1.1516680e-05
-1.1609960e-05
-8.0966800e-06
-4.0252490e-06
-2.3712770e-07
3.2171510e-06
5.3640890e-06
6.2950990e-06
