0.01
-1.0127040e-02
-1.6650390e-02
-2.0744150e-02
-2.2681220e-02
-2.2632120e-02
-2.0719990e-02
-1.7849440e-02
-1.3995020e-02
-8.9933740e-03
-3.7104470e-03
5.1154100e-04
3.4368260e-03
5.5013180e-03
7.2925920e-03
9.0939280e-03
1.0494930e-02
1.1495260e-02
1.2270510e-02
1.3526250e-02
1.6086260e-02
1.9624070e-02
2.2395890e-02
2.2853530e-02
2.1659410e-02
1.8616120e-02
1.3816530e-02
8.0232870e-03
2.3308160e-03
-2.7029180e-03
-5.7429650e-03
-5.2325620e-03
-1.5583010e-03
2.4067050e-03
3.8283190e-03
2.8172890e-03
-2.7715430e-05
-4.8340250e-03
-1.1056060e-02
-1.7489300e-02
-2.2710630e-02
-2.5053480e-02
-2.4709300e-02
-2.1879250e-02
-1.6583830e-02
-9.8143150e-03
-3.5987230e-03
1.1496550e-03
4.4915690e-03
6.2241830e-03
5.2081470e-03
1.6923850e-03
-2.6102870e-03
-6.1891560e-03
-6.9915750e-03
-3.7806820e-03
1.9467810e-03
7.7268220e-03
1.2862520e-02
1.7203400e-02
1.9475420e-02
1.7862890e-02
1.2308690e-02
4.9988460e-03
-1.7991530e-03
-6.5829890e-03
-7.1939400e-03
-3.5860780e-03
3.7134270e-03
1.3202680e-02
2.1617170e-02
2.5700710e-02
2.4786960e-02
2.1459300e-02
1.7438330e-02
1.2420760e-02
6.7789780e-03
1.4810010e-03
-1.5060320e-03
-3.1809430e-04
3.6184690e-03
6.9278460e-03
8.1633490e-03
7.6261140e-03
6.1709530e-03
4.2874580e-03
2.0816920e-03
-2.4139850e-04
-2.5518070e-03
-3.8058780e-03
-3.2568960e-03
-1.6656260e-03
-3.8036920e-04
6.2905190e-04
1.3117220e-03
1.2918560e-03
-1.3002950e-04
-2.5499430e-03
-5.3435060e-03
-8.5550820e-03
-1.1877280e-02
-1.5099960e-02
-1.7230710e-02
-1.7979460e-02
-1.6582130e-02
-1.2630660e-02
-7.2566910e-03
-1.5556940e-03
4.6498670e-03
1.0130600e-02
1.3580800e-02
1.3734280e-02
1.0898790e-02
6.1521820e-03
8.0546520e-04
-4.2884400e-03
-8.3918640e-03
-1.0187850e-02
-8.8152420e-03
-5.1422140e-03
-9.1823520e-04
2.4222820e-03
3.1555510e-03
2.7068790e-03
3.2305370e-03
2.8360360e-03
-3.9839000e-04
-5.4739130e-03
-9.6498480e-03
-1.1603100e-02
-1.1101620e-02
-8.3773530e-03
-4.9558480e-03
-2.2830280e-03
-1.1593940e-03
-1.5934490e-03
-4.5164610e-03
-9.5862900e-03
-1.5013540e-02
-1.9159190e-02
-1.9610650e-02
-1.4658410e-02
-4.8571670e-03
6.9403830e-03
1.7398890e-02
2.4320400e-02
2.7290400e-02
2.7912180e-02
2.7452010e-02
2.4765000e-02
1.9773580e-02
1.4069160e-02
8.7255730e-03
4.1240900e-03
7.2515060e-04
-1.4363060e-03
-1.7214640e-03
3.3150080e-05
2.7319750e-03
5.9232270e-03
9.8460960e-03
1.3405270e-02
1.5630060e-02
1.6937200e-02
1.7224330e-02
1.6582360e-02
1.6055150e-02
1.5712840e-02
1.4287770e-02
1.1424500e-02
7.5491390e-03
2.3905900e-03
-4.2300590e-03
-1.0161180e-02
-1.3432850e-02
-1.5002360e-02
-1.6245880e-02
-1.6867840e-02
-1.5795400e-02
-1.2478040e-02
-8.4481800e-03
-4.8264170e-03
-2.2848870e-03
-2.0854230e-03
-4.7436680e-03
-9.3293650e-03
-1.3880350e-02
-1.7509330e-02
-1.9670480e-02
-1.9665260e-02
-1.7781990e-02
-1.4073840e-02
-8.2407920e-03
-1.1562710e-03
5.0380750e-03
8.8816240e-03
1.0986050e-02
1.1022510e-02
8.2235550e-03
3.7592170e-03
-6.0201010e-04
-4.1901870e-03
-6.2656580e-03
-6.4325850e-03
-4.7610740e-03
-2.3003650e-03
-8.7223480e-06
1.5061970e-03
2.3469510e-03
1.9948510e-03
-3.1555340e-04
-4.1256180e-03
-8.2406870e-03
-1.1577530e-02
-1.3438290e-02
-1.3760930e-02
-1.1005860e-02
-6.0948920e-03
-2.2255140e-03
-8.4700200e-04
-7.4547870e-04
-1.4859940e-03
-2.9838060e-03
-4.0288710e-03
-3.3169700e-03
-3.3870890e-04
4.1372330e-03
9.4538050e-03
1.4526390e-02
1.8115870e-02
1.9058570e-02
1.6828260e-02
1.2639730e-02
7.9245990e-03
4.9190280e-03
4.1708790e-03
4.5196050e-03
4.6629540e-03
3.8988030e-03
3.3902180e-03
4.5059160e-03
7.1671080e-03
1.0142280e-02
1.2497660e-02
1.3550240e-02
1.2733600e-02
1.0469550e-02
6.8050570e-03
1.1789040e-03
-5.3969650e-03
-9.8554710e-03
-9.7548460e-03
-6.2117550e-03
-1.0216890e-03
4.9719490e-03
1.1263040e-02
1.6630670e-02
2.0908430e-02
2.4003840e-02
2.5545170e-02
2.4175100e-02
1.8194830e-02
9.0936500e-03
-1.2291480e-03
-1.1563090e-02
-2.0660120e-02
-2.8306640e-02
-3.3949080e-02
-3.7105600e-02
-3.7621620e-02
-3.6250520e-02
-3.4767580e-02
-3.3452660e-02
-3.1949930e-02
-2.8425360e-02
-2.2661840e-02
-1.6226030e-02
-9.7312650e-03
-3.2464140e-03
3.0819510e-03
7.9938000e-03
1.0601540e-02
1.1121690e-02
1.0927210e-02
1.0886180e-02
1.0421490e-02
8.1304280e-03
5.2205980e-03
4.1939520e-03
5.8502790e-03
1.0054920e-02
1.6721150e-02
2.5272290e-02
3.4164250e-02
4.1575690e-02
4.5989390e-02
4.6675200e-02
4.4670760e-02
4.1585670e-02
3.8871850e-02
3.6962370e-02
3.4307440e-02
2.9263760e-02
2.1351090e-02
1.0980830e-02
9.5595680e-04
-6.5382860e-03
-1.0576290e-02
-8.7194640e-03
-2.3590680e-04
1.2964240e-02
2.8467050e-02
4.3927900e-02
5.8320170e-02
6.9766710e-02
7.6807560e-02
8.0217300e-02
7.9364350e-02
7.0681220e-02
5.1434060e-02
2.4097040e-02
-8.2930140e-03
-4.3883250e-02
-8.0002750e-02
-1.1289910e-01
-1.3511400e-01
-1.4439130e-01
-1.4539470e-01
-1.4246650e-01
-1.3534100e-01
-1.1682440e-01
-8.3847390e-02
-4.3966920e-02
-6.8839430e-03
2.2685210e-02
4.3108970e-02
5.3089660e-02
5.2065760e-02
3.9981460e-02
1.8208140e-02
-1.0295250e-02
-4.2491000e-02
-7.4413600e-02
-1.0166610e-01
-1.2222310e-01
-1.3261290e-01
-1.3260690e-01
-1.2026500e-01
-8.9784960e-02
-4.2907020e-02
1.1373730e-02
6.1534520e-02
1.0123310e-01
1.3093010e-01
1.5189500e-01
1.6388060e-01
1.6706710e-01
1.6232680e-01
1.5000380e-01
1.3178700e-01
1.0906320e-01
8.0249540e-02
5.0638520e-02
2.8079320e-02
1.4105820e-02
5.8403550e-03
9.1829290e-05
-3.8125990e-03
-5.3028090e-03
-5.8955460e-03
-9.0445480e-03
-1.6348600e-02
-2.6270800e-02
-3.5999770e-02
-4.1618070e-02
-4.2888900e-02
-3.9446320e-02
-3.1416490e-02
-1.9523760e-02
-5.4559340e-03
8.9163080e-03
2.1346970e-02
2.9422360e-02
3.4597290e-02
3.8984760e-02
4.3064380e-02
4.8419870e-02
5.7676950e-02
7.0668810e-02
8.5853560e-02
1.0093600e-01
1.1362860e-01
1.2355020e-01
1.3161400e-01
1.3689090e-01
1.3751180e-01
1.3582100e-01
1.3395230e-01
1.3085740e-01
1.2487360e-01
1.1457370e-01
9.7587200e-02
7.2661700e-02
3.9777450e-02
-5.0901350e-04
-4.2162900e-02
-7.8415960e-02
-1.0770740e-01
-1.2573930e-01
-1.2978340e-01
-1.2346170e-01
-1.1465360e-01
-1.0538480e-01
-9.3725120e-02
-8.1176210e-02
-7.0066200e-02
-5.9491550e-02
-4.9160260e-02
-4.0645580e-02
-3.7237440e-02
-4.3338560e-02
-6.0448560e-02
-8.6963380e-02
-1.1815940e-01
-1.4766060e-01
-1.7197140e-01
-1.8980120e-01
-2.0228580e-01
-2.1159520e-01
-2.1821500e-01
-2.2155080e-01
-2.2193420e-01
-2.1983630e-01
-2.1534750e-01
-2.0440840e-01
-1.7815920e-01
-1.3210490e-01
-6.5007160e-02
1.5390520e-02
8.9416810e-02
1.4193840e-01
1.7224630e-01
1.9206000e-01
2.0967290e-01
2.2098120e-01
2.2681470e-01
2.3377280e-01
2.4172670e-01
2.4657250e-01
2.4911580e-01
2.4951490e-01
2.4588460e-01
2.3835400e-01
2.2760900e-01
2.1082520e-01
1.8657570e-01
1.5528750e-01
1.2100580e-01
8.5926260e-02
4.8709890e-02
1.5663750e-02
-9.2266310e-03
-2.7778360e-02
-4.2380330e-02
-5.3180740e-02
-6.1826510e-02
-7.1663950e-02
-8.5186220e-02
-1.0473930e-01
-1.2967720e-01
-1.5692820e-01
-1.8521730e-01
-2.1338490e-01
-2.3706520e-01
-2.5510870e-01
-2.6739990e-01
-2.7298020e-01
-2.7328290e-01
-2.6798040e-01
-2.5596470e-01
-2.3839590e-01
-2.1829440e-01
-1.9281450e-01
-1.5722730e-01
-1.1577720e-01
-7.1357460e-02
-2.9375780e-02
5.1160490e-03
3.1975990e-02
4.9221640e-02
5.5385700e-02
5.6922100e-02
5.7870380e-02
5.7756210e-02
5.8026750e-02
5.8873750e-02
5.7936030e-02
5.4718610e-02
4.9211950e-02
3.9693780e-02
2.7882940e-02
1.6969010e-02
7.9187930e-03
4.6847430e-04
-4.8743320e-03
-6.2741870e-03
-4.8848400e-03
-1.5099660e-03
7.5057170e-03
2.5270950e-02
4.8221750e-02
6.9308240e-02
8.6891900e-02
1.0295300e-01
1.1978500e-01
1.3869850e-01
1.5905720e-01
1.7936250e-01
1.9768170e-01
2.1360680e-01
2.2719620e-01
2.3788900e-01
2.4269510e-01
2.4071090e-01
2.3294340e-01
2.1821060e-01
1.9418820e-01
1.6030500e-01
1.1682970e-01
6.6097650e-02
1.3845310e-02
-3.4444200e-02
-7.5973360e-02
-1.1014930e-01
-1.3524140e-01
-1.5500700e-01
-1.7400520e-01
-1.9348630e-01
-2.1285010e-01
-2.3199370e-01
-2.5224350e-01
-2.7087120e-01
-2.8309290e-01
-2.8836810e-01
-2.8845820e-01
-2.8636970e-01
-2.8096490e-01
-2.7180530e-01
-2.6025190e-01
-2.4807220e-01
-2.3419680e-01
-2.1431510e-01
-1.8490410e-01
-1.4503870e-01
-9.2514990e-02
-3.1956940e-02
3.0633700e-02
8.6990690e-02
1.2724180e-01
1.5263750e-01
1.7017180e-01
1.8349700e-01
1.9333330e-01
2.0415760e-01
2.1813200e-01
2.3091320e-01
2.3886790e-01
2.4099340e-01
2.3761950e-01
2.2759700e-01
2.0986480e-01
1.8684340e-01
1.6011920e-01
1.3400180e-01
1.1270610e-01
9.3583920e-02
7.4250890e-02
5.6967870e-02
4.2942380e-02
3.1589190e-02
2.1111190e-02
1.0576780e-02
1.1369690e-03
-6.2933030e-03
-1.2861460e-02
-2.0356210e-02
-2.9752510e-02
-4.0712800e-02
-5.2114820e-02
-6.3223790e-02
-7.1963990e-02
-7.7595160e-02
-7.9741630e-02
-7.9222350e-02
-7.5888120e-02
-7.0526230e-02
-6.4541750e-02
-5.8114320e-02
-5.2097750e-02
-4.5840800e-02
-3.8912470e-02
-3.1338220e-02
-2.3652880e-02
-1.6662590e-02
-1.0150910e-02
-5.5641320e-03
-4.6400860e-03
-8.4867870e-03
-1.5911330e-02
-2.4671680e-02
-3.2998630e-02
-3.8507070e-02
-3.9617680e-02
-3.6027770e-02
-2.9884030e-02
-2.0888750e-02
-8.8360230e-03
2.5759520e-03
1.2589270e-02
2.2048080e-02
3.0187670e-02
3.5122980e-02
4.3261100e-02
4.6096100e-02
4.2913030e-02
4.3085330e-02
4.5741440e-02
4.5515870e-02
4.3453310e-02
4.2759300e-02
4.3007580e-02
4.1551900e-02
3.8713260e-02
3.4762940e-02
2.8765630e-02
2.3230450e-02
1.7846320e-02
5.2145160e-03
-6.9010630e-03
-1.3123990e-02
-1.6619340e-02
-1.9984760e-02
-2.1986050e-02
-2.0944050e-02
-1.8960680e-02
-1.6036810e-02
-1.2302160e-02
-1.0861740e-02
-9.9793400e-03
-8.5413220e-03
-7.4092430e-03
-5.3989480e-03
-3.4915710e-03
-2.3913900e-03
-1.5069940e-03
2.6123530e-04
1.8064710e-03
1.9846770e-03
-1.2612230e-03
-8.6822540e-03
-1.7332410e-02
-2.6345650e-02
-3.5379290e-02
-4.4890570e-02
-5.4111850e-02
-6.1138270e-02
-6.6493530e-02
-7.1337490e-02
-7.6360260e-02
-8.0244220e-02
-8.2654760e-02
-8.4448790e-02
-8.4745340e-02
-8.1017680e-02
-7.2048370e-02
-5.6136960e-02
-3.2375940e-02
-3.1436070e-03
2.7290310e-02
5.4077480e-02
7.3528910e-02
8.4345110e-02
8.8342790e-02
8.4695740e-02
7.2800970e-02
5.4495330e-02
3.2213700e-02
7.3856140e-03
-1.3150200e-02
-2.4184740e-02
-2.6699270e-02
-2.3118310e-02
-1.3629520e-02
-6.4663100e-04
1.2950750e-02
2.6833660e-02
4.0591220e-02
5.3074570e-02
6.3527340e-02
7.1577380e-02
7.6848130e-02
7.8300390e-02
7.5701810e-02
6.9166700e-02
5.8824450e-02
4.6082270e-02
3.3444970e-02
2.0617580e-02
8.4745210e-03
-8.7686110e-04
-6.9889090e-03
-1.0907900e-02
-1.3780990e-02
-1.4100900e-02
-1.0620510e-02
-6.4167800e-03
-5.1749350e-03
-7.4514840e-03
-1.2952840e-02
-2.2418620e-02
-3.5911260e-02
-4.9798320e-02
-6.0889710e-02
-6.8131650e-02
-6.9388460e-02
-6.3088330e-02
-5.2374610e-02
-4.0652120e-02
-3.0332280e-02
-2.3679880e-02
-2.2377100e-02
-2.6944620e-02
-3.3975320e-02
-4.1383780e-02
-4.9201550e-02
-5.5204920e-02
-5.8050300e-02
-5.7803970e-02
-5.6072300e-02
-5.4246290e-02
-5.3072450e-02
-5.1071570e-02
-4.7786010e-02
-4.3054280e-02
-3.7492860e-02
-3.1112380e-02
-2.2636860e-02
-1.1426490e-02
2.9254140e-03
1.8709560e-02
3.3736060e-02
4.6390260e-02
5.6845120e-02
6.5543610e-02
7.1814090e-02
7.5404090e-02
7.5642390e-02
7.1218220e-02
6.1798570e-02
4.9262750e-02
3.4746170e-02
1.9970650e-02
7.4062580e-03
-2.2755600e-03
-8.6196320e-03
-9.3830850e-03
-3.4943000e-03
5.0741460e-03
1.2447890e-02
1.7094180e-02
1.8451530e-02
1.5159120e-02
7.0595830e-03
-4.7541590e-03
-1.7638970e-02
-2.9651100e-02
-4.0439770e-02
-4.9512600e-02
-5.6035390e-02
-6.0520420e-02
-6.2482840e-02
-6.2325510e-02
-6.1295480e-02
-6.0514450e-02
-5.9916290e-02
-5.8704820e-02
-5.6701300e-02
-5.4093450e-02
-4.9238960e-02
-3.8925170e-02
-2.2655220e-02
-2.5355200e-03
1.7163970e-02
3.0734610e-02
3.7610060e-02
3.9339990e-02
3.5363950e-02
2.6679910e-02
1.7200740e-02
1.1372560e-02
1.2854140e-02
2.1334480e-02
3.3902640e-02
4.7836730e-02
6.0452500e-02
6.9073930e-02
7.3068860e-02
7.2962150e-02
6.8921500e-02
6.1141240e-02
5.0893220e-02
4.0569750e-02
3.2406160e-02
2.7010340e-02
2.4229070e-02
2.2825660e-02
2.1222860e-02
1.8676580e-02
1.5018180e-02
8.6474660e-03
5.1850070e-04
-6.9800510e-03
-1.4197200e-02
-2.0438830e-02
-2.3792760e-02
-2.4987430e-02
-2.4277990e-02
-2.2722950e-02
-2.1694890e-02
-2.1603410e-02
-2.1956770e-02
-2.2663330e-02
-2.3531090e-02
-2.4124350e-02
-2.3546840e-02
-2.1540750e-02
-1.7670190e-02
-1.2141840e-02
-4.1651780e-03
5.6674380e-03
1.5478050e-02
2.4005610e-02
3.0789890e-02
3.6216330e-02
3.9939970e-02
3.9900270e-02
3.7183880e-02
3.4797910e-02
3.3036200e-02
3.1488650e-02
2.9326450e-02
2.4789040e-02
1.9104280e-02
1.2773400e-02
5.9739410e-03
5.5580620e-05
-4.4767220e-03
-8.3232480e-03
-1.1846170e-02
-1.4718150e-02
-1.6729820e-02
-1.9106580e-02
-2.2466520e-02
-2.6233620e-02
-2.9582330e-02
-3.2498370e-02
-3.5073380e-02
-3.7318180e-02
-3.9860650e-02
-4.3632500e-02
-4.9889870e-02
-5.7478470e-02
-6.6051840e-02
-7.4081510e-02
-8.0685330e-02
-8.5338780e-02
-8.7024000e-02
-8.5708730e-02
-8.0328920e-02
-7.0963980e-02
-5.6222040e-02
-3.5815620e-02
-1.4180980e-02
5.8791260e-03
2.3883230e-02
3.6694190e-02
4.2064800e-02
4.0039640e-02
3.3317320e-02
2.4214740e-02
1.3962200e-02
3.5371150e-03
-5.3705040e-03
-1.1945480e-02
-1.5611730e-02
-1.7203870e-02
-1.6679720e-02
-1.3162010e-02
-6.3513600e-03
2.7082370e-03
1.3534700e-02
2.5005830e-02
3.4229290e-02
3.8313720e-02
3.7505990e-02
3.2759700e-02
2.4582320e-02
1.4731130e-02
5.3713640e-03
-1.4354680e-03
-3.6569490e-03
4.0353660e-04
1.0313760e-02
2.6177810e-02
4.6000680e-02
6.6244220e-02
8.2821130e-02
9.3565870e-02
9.9456850e-02
1.0140970e-01
9.7725910e-02
8.7191790e-02
7.0221500e-02
4.9717170e-02
2.9523300e-02
1.2041500e-02
-2.1438880e-03
-1.3660540e-02
-2.3444340e-02
-3.1005430e-02
-3.6725680e-02
-4.0408520e-02
-4.1599760e-02
-4.0316310e-02
-3.6094860e-02
-2.8194240e-02
-1.5755850e-02
3.9313730e-04
1.8616910e-02
3.6171810e-02
5.0720280e-02
6.2115530e-02
6.8995370e-02
7.0156360e-02
6.6960470e-02
6.1023260e-02
5.3864180e-02
4.7091800e-02
4.0962210e-02
3.5047110e-02
2.9904960e-02
2.5820170e-02
2.2261940e-02
1.7903370e-02
1.1947140e-02
4.6584410e-03
-3.4943840e-03
-1.1753270e-02
-2.0436640e-02
-2.9746120e-02
-3.9185080e-02
-4.9237280e-02
-6.0102520e-02
-7.1369270e-02
-8.1120070e-02
-8.8286860e-02
-9.2101640e-02
-9.2404420e-02
-8.9761060e-02
-8.4100460e-02
-7.4968610e-02
-6.2210840e-02
-4.7469030e-02
-3.3150950e-02
-2.1244350e-02
-1.1231320e-02
-2.2883830e-03
5.4745020e-03
1.1838710e-02
1.7247720e-02
2.3402330e-02
3.0749210e-02
3.7972850e-02
4.3890640e-02
4.8396380e-02
5.1243990e-02
5.1771720e-02
5.0301460e-02
4.8144240e-02
4.4834680e-02
4.2648780e-02
4.4162740e-02
4.9116360e-02
5.6031730e-02
6.3954370e-02
7.2492300e-02
8.2017900e-02
9.1509170e-02
1.0089780e-01
1.0943090e-01
1.1582800e-01
1.2089360e-01
1.2510980e-01
1.2758910e-01
1.2884190e-01
1.2880550e-01
1.2682520e-01
1.2331150e-01
1.1743730e-01
1.0834370e-01
9.6431500e-02
8.3224540e-02
6.9996680e-02
5.5967630e-02
4.0692450e-02
2.4576040e-02
8.2554170e-03
-7.4785700e-03
-2.2348860e-02
-3.6815350e-02
-5.0463750e-02
-6.2811390e-02
-7.3360730e-02
-8.1967670e-02
-8.9253470e-02
-9.4560110e-02
-9.9023510e-02
-1.0286670e-01
-1.0382690e-01
-1.0154120e-01
-9.6885110e-02
-9.0524080e-02
-8.2282450e-02
-7.2493890e-02
-6.3363580e-02
-5.6339840e-02
-5.0186560e-02
-4.6626940e-02
-4.6134590e-02
-4.6100700e-02
-4.5426590e-02
-4.3222790e-02
-3.9410170e-02
-3.3750010e-02
-2.6988110e-02
-2.0022420e-02
-1.4433430e-02
-1.0798000e-02
-9.0384100e-03
-8.8669910e-03
-8.4378860e-03
-6.6434450e-03
-3.0121610e-03
1.0280850e-03
4.1862790e-03
7.1094990e-03
8.9783860e-03
8.2585010e-03
5.0511410e-03
1.4989290e-03
-1.2819610e-03
-3.9445620e-03
-6.1348260e-03
-7.2340810e-03
-7.3901650e-03
-7.2327220e-03
-7.4046270e-03
-6.1957410e-03
-4.4033870e-03
-3.3175140e-03
-1.9771530e-03
5.1185740e-04
2.2307950e-03
3.0412670e-03
4.7611810e-03
7.5129470e-03
9.9588730e-03
1.0926320e-02
1.1353180e-02
1.1595570e-02
1.1173250e-02
1.0720560e-02
1.1293450e-02
1.3465640e-02
1.7321870e-02
2.2922150e-02
3.0034670e-02
3.8496440e-02
4.7376280e-02
5.5079380e-02
6.0771000e-02
6.4594570e-02
6.6255900e-02
6.4906180e-02
6.0086600e-02
5.1624210e-02
3.8860100e-02
2.4139890e-02
9.8507890e-03
-4.2217390e-03
-1.8676520e-02
-3.2677230e-02
-4.4408450e-02
-5.4015850e-02
-6.2841910e-02
-6.9723430e-02
-7.3331520e-02
-7.3907680e-02
-7.2552830e-02
-6.9294060e-02
-6.4354720e-02
-5.8723570e-02
-5.3136670e-02
-4.7889680e-02
-4.1782510e-02
-3.5552840e-02
-3.0272780e-02
-2.5868860e-02
-2.2408010e-02
-2.0981340e-02
-2.1328440e-02
-2.3007320e-02
-2.6665410e-02
-3.1791490e-02
-3.6720840e-02
-4.0997800e-02
-4.4446850e-02
-4.7018330e-02
-4.7670470e-02
-4.6189610e-02
-4.3336190e-02
-4.0537470e-02
-3.7023820e-02
-3.1887710e-02
-2.5299600e-02
-1.8284000e-02
-1.0753050e-02
-3.2959560e-03
3.0955490e-03
9.3947670e-03
1.5258720e-02
1.8912440e-02
2.0447590e-02
2.0299020e-02
1.9034880e-02
1.6443990e-02
1.2360220e-02
7.3236410e-03
2.1316500e-03
-2.5418060e-03
-7.2295550e-03
-1.1881130e-02
-1.5595190e-02
-1.8500840e-02
-2.0577360e-02
-2.1054710e-02
-1.9170440e-02
-1.6338240e-02
-1.3323170e-02
-9.8091870e-03
-4.5651270e-03
2.1442810e-03
7.5758020e-03
1.1681110e-02
1.6269970e-02
2.1723180e-02
2.6840410e-02
3.0383210e-02
3.2763570e-02
3.4111470e-02
3.3727650e-02
3.1292420e-02
2.6918520e-02
2.1576230e-02
1.6297270e-02
1.1905450e-02
9.4250670e-03
8.9544350e-03
9.7767720e-03
1.2062900e-02
1.5333720e-02
1.9616960e-02
2.3633530e-02
2.6112290e-02
2.6973690e-02
2.6693400e-02
2.5175770e-02
2.3052360e-02
1.9539350e-02
1.4483860e-02
8.6201890e-03
3.2175940e-03
-6.1921880e-04
-1.8681120e-03
-1.3812970e-03
-5.7965740e-04
1.6287400e-03
6.3366480e-03
1.1924350e-02
1.6245010e-02
1.9506270e-02
2.2091370e-02
2.3452670e-02
2.3198690e-02
2.0922660e-02
1.7564420e-02
1.2862720e-02
7.0402890e-03
3.9351740e-04
-6.4428280e-03
-1.2663680e-02
-1.8102140e-02
-2.3095530e-02
-2.6059090e-02
-2.6330230e-02
-2.5634950e-02
-2.4206810e-02
-2.1221550e-02
-1.6536740e-02
-1.0014990e-02
-2.5195680e-03
5.0120940e-03
1.2108310e-02
1.7331910e-02
2.0748690e-02
2.3672950e-02
2.7484570e-02
3.1224120e-02
3.2924670e-02
3.4578780e-02
3.7403840e-02
4.0111310e-02
4.2226760e-02
4.3372250e-02
4.3617270e-02
4.3788090e-02
4.3371890e-02
4.1640140e-02
3.9681460e-02
3.7923050e-02
3.5238890e-02
3.2438610e-02
3.1084670e-02
3.0341910e-02
2.9143700e-02
2.7360700e-02
2.5427180e-02
2.1896290e-02
1.6741710e-02
1.1873990e-02
7.3436330e-03
2.5974640e-03
-2.6140090e-03
-9.0280220e-03
-1.6001090e-02
-2.2775270e-02
-2.8368580e-02
-3.1794790e-02
-3.3719800e-02
-3.5700610e-02
-3.6507440e-02
-3.5102500e-02
-3.3137920e-02
-3.2000650e-02
-3.1171180e-02
-2.9897230e-02
-2.7875570e-02
-2.6126080e-02
-2.4653620e-02
-2.2235160e-02
-1.9019310e-02
-1.5460180e-02
-1.1071490e-02
-5.8439300e-03
5.2125250e-06
6.5671680e-03
1.2558810e-02
1.8167810e-02
2.4060290e-02
2.9458040e-02
3.3979970e-02
3.7373550e-02
3.9978620e-02
4.1595980e-02
4.2231540e-02
4.2131690e-02
4.0594610e-02
3.7142870e-02
3.2289510e-02
2.7019330e-02
2.2385150e-02
1.7815540e-02
1.2795730e-02
8.4083070e-03
5.1910100e-03
2.7343590e-03
7.7422740e-04
-9.8310120e-04
-1.8535510e-03
-1.3298910e-03
-4.6089270e-04
9.6804490e-05
3.7139200e-04
-3.0330000e-04
-2.4385900e-03
-4.9385070e-03
-6.9696740e-03
-9.1453820e-03
-1.1751460e-02
-1.4450310e-02
-1.6534800e-02
-1.8741970e-02
-2.1326600e-02
-2.3824740e-02
-2.5488810e-02
-2.6393800e-02
-2.6444110e-02
-2.4818680e-02
-2.1774830e-02
-1.8097220e-02
-1.4155630e-02
-1.0744340e-02
-8.6756100e-03
-7.4408660e-03
-6.4694590e-03
-6.7363630e-03
-7.9043840e-03
-1.0092820e-02
-1.3026320e-02
-1.5417220e-02
-1.6503210e-02
-1.6601720e-02
-1.6143120e-02
-1.5492690e-02
-1.5123350e-02
-1.4201410e-02
-1.2778010e-02
-1.2248410e-02
-1.1992790e-02
-1.0074200e-02
-8.0808840e-03
-6.3196660e-03
-3.3133420e-03
6.4239030e-04
5.2110640e-03
1.0518910e-02
1.5937720e-02
2.1544520e-02
2.7141660e-02
3.2396910e-02
3.6619620e-02
4.0526230e-02
4.3208970e-02
4.3343020e-02
4.2871070e-02
4.2829290e-02
4.1915320e-02
3.9982310e-02
3.7588390e-02
3.3905090e-02
2.9283770e-02
2.4334890e-02
1.8507780e-02
1.2051650e-02
5.8124460e-03
9.2700440e-04
-3.1108070e-03
-6.7005830e-03
-9.8349940e-03
-1.3673540e-02
-1.7860520e-02
-2.1423630e-02
-2.4257980e-02
-2.6672520e-02
-2.8512560e-02
-2.9662780e-02
-3.0929070e-02
-3.2692940e-02
-3.4411800e-02
-3.5781780e-02
-3.8046660e-02
-4.1209670e-02
-4.4481430e-02
-4.7236060e-02
-4.9266460e-02
-5.0291840e-02
-4.9970030e-02
-4.8521610e-02
-4.6065290e-02
-4.4428770e-02
-4.3015960e-02
-4.1112020e-02
-3.9560410e-02
-3.8857080e-02
-3.8729830e-02
-3.8712080e-02
-3.8652670e-02
-3.8402150e-02
-3.7662670e-02
-3.6655370e-02
-3.5178820e-02
-3.2627820e-02
-2.9852740e-02
-2.6632440e-02
-2.2272570e-02
-1.7981330e-02
-1.4333950e-02
-1.0924320e-02
-7.5746560e-03
-5.8189420e-03
-4.9976210e-03
-5.1209920e-03
-6.4315140e-03
-7.3763420e-03
-8.0667540e-03
-9.8778260e-03
-1.3114060e-02
-1.6969390e-02
-2.0356530e-02
-2.3085870e-02
-2.5390250e-02
-2.7066650e-02
-2.7762070e-02
-2.6976820e-02
-2.4754640e-02
-2.2169460e-02
-1.8768920e-02
-1.4212220e-02
-9.7455660e-03
-5.5389490e-03
-6.5925180e-04
4.8472570e-03
1.0614150e-02
1.6605540e-02
2.2703150e-02
2.8606730e-02
3.4376770e-02
3.9616340e-02
4.3687780e-02
4.7011130e-02
4.9341360e-02
5.0755680e-02
5.1194240e-02
5.0650770e-02
4.8619290e-02
4.4514000e-02
3.9149010e-02
3.3680820e-02
2.8433720e-02
2.3462680e-02
1.9095640e-02
1.5131470e-02
1.1481330e-02
7.7310450e-03
3.3070250e-03
-1.0738960e-03
-5.3421700e-03
-9.7128590e-03
-1.4714230e-02
-2.1039510e-02
-2.6485490e-02
-3.0294530e-02
-3.3772770e-02
-3.7903870e-02
-4.2178990e-02
-4.5786420e-02
-5.0071720e-02
-5.4496970e-02
-5.7762050e-02
-5.9707010e-02
-6.0494330e-02
-6.0386730e-02
-6.0137460e-02
-5.9818900e-02
-5.9148260e-02
-5.8230700e-02
-5.7830390e-02
-5.8721070e-02
-6.0711170e-02
-6.1723580e-02
-6.1348400e-02
-6.1603860e-02
-6.2747770e-02
-6.3739560e-02
-6.4704390e-02
-6.5459860e-02
-6.6141270e-02
-6.6173190e-02
-6.5703520e-02
-6.5132170e-02
-6.3898290e-02
-6.2057480e-02
-6.0063400e-02
-5.7496530e-02
-5.4160850e-02
-5.0255780e-02
-4.6409900e-02
-4.2070660e-02
-3.6934090e-02
-3.1467640e-02
-2.6090200e-02
-2.0325160e-02
-1.3596340e-02
-6.5772670e-03
4.1234610e-04
7.7127440e-03
1.5311780e-02
2.2638640e-02
2.9680420e-02
3.6668860e-02
4.2986330e-02
4.8377000e-02
5.2696720e-02
5.6080140e-02
5.9348570e-02
6.2105090e-02
6.3564940e-02
6.3943410e-02
6.2929480e-02
6.1117300e-02
5.8791910e-02
5.5685650e-02
5.1153670e-02
4.7127420e-02
4.5637380e-02
4.6065980e-02
4.5630850e-02
4.3925530e-02
4.2252500e-02
4.0973660e-02
3.9801640e-02
3.7969020e-02
3.6345910e-02
3.5945920e-02
3.6241070e-02
3.7247310e-02
3.8368930e-02
3.9042180e-02
3.9057470e-02
3.8837000e-02
3.8969250e-02
3.8503400e-02
3.6786950e-02
3.5594340e-02
3.4605890e-02
3.2773070e-02
3.0803510e-02
2.9115690e-02
2.7010280e-02
2.3904680e-02
2.0458150e-02
1.7689390e-02
1.5575800e-02
1.3870080e-02
1.2428720e-02
1.1334420e-02
1.0569820e-02
1.0133010e-02
8.8866910e-03
6.8994290e-03
5.7619400e-03
4.7495560e-03
2.6368470e-03
-5.8708850e-04
-4.4544270e-03
-7.7608740e-03
-1.0843180e-02
-1.4209330e-02
-1.7826500e-02
-2.0775530e-02
-2.2678430e-02
-2.3999020e-02
-2.4759120e-02
-2.4809550e-02
-2.3691300e-02
-2.2098270e-02
-2.0683030e-02
-1.9418570e-02
-1.7979140e-02
-1.6331560e-02
-1.4520640e-02
-1.3216470e-02
-1.2122220e-02
-1.0921260e-02
-9.8614320e-03
-8.7417660e-03
-7.3665970e-03
-6.2121410e-03
-4.9338350e-03
-3.9704310e-03
-2.5563700e-03
3.5502130e-04
3.6375820e-03
5.9700320e-03
7.5797850e-03
8.5656180e-03
9.0961760e-03
9.0179270e-03
8.7419440e-03
8.7966420e-03
9.6880920e-03
1.1194210e-02
1.2391460e-02
1.4076260e-02
1.6322440e-02
1.9139890e-02
2.1902540e-02
2.3771480e-02
2.4707370e-02
2.5430500e-02
2.5893570e-02
2.5828440e-02
2.4114070e-02
2.1090130e-02
1.9064180e-02
1.8132370e-02
1.7136520e-02
1.5739550e-02
1.4558150e-02
1.4273350e-02
1.4187670e-02
1.3496640e-02
1.2294890e-02
1.0612660e-02
8.1580330e-03
5.6608940e-03
3.8281850e-03
2.9129700e-03
6.8651040e-04
-2.8932450e-03
-5.7673080e-03
-7.6448780e-03
-9.3677770e-03
-1.1262120e-02
-1.2567700e-02
-1.2236720e-02
-1.0510840e-02
-8.3428950e-03
-6.3531160e-03
-4.4231860e-03
-1.8978710e-03
1.4939000e-03
4.7819370e-03
7.6553860e-03
1.0670240e-02
1.3022850e-02
1.4620530e-02
1.5985340e-02
1.6656680e-02
1.6137870e-02
1.4535870e-02
1.2307990e-02
9.6400590e-03
7.2881040e-03
5.6320530e-03
4.3673420e-03
3.5157130e-03
3.8711600e-03
5.9121550e-03
9.3261960e-03
1.3427450e-02
1.6226470e-02
1.6889720e-02
1.7005400e-02
1.7289640e-02
1.7437270e-02
1.7678190e-02
1.8379490e-02
1.9189630e-02
2.0039910e-02
2.1475860e-02
2.3335780e-02
2.5175670e-02
2.7324280e-02
2.9473200e-02
3.0974580e-02
3.1884460e-02
3.3336730e-02
3.4369040e-02
3.3724490e-02
3.2946170e-02
3.2474210e-02
3.1694550e-02
2.9937360e-02
2.7043110e-02
2.3954290e-02
2.1507430e-02
1.8845110e-02
1.5472050e-02
1.1752160e-02
7.9788160e-03
3.4259390e-03
-1.0273960e-03
-4.5458800e-03
-7.6365300e-03
-1.0260580e-02
-1.2272290e-02
-1.3708130e-02
-1.4800060e-02
-1.5296080e-02
-1.5469150e-02
-1.6231760e-02
-1.7473040e-02
-1.8990820e-02
-2.0648940e-02
-2.2684060e-02
-2.5065300e-02
-2.7420220e-02
-2.9743330e-02
-3.1714170e-02
-3.3311710e-02
-3.4539530e-02
-3.6040830e-02
-3.7856250e-02
-3.9103520e-02
-3.9190140e-02
-3.8207270e-02
-3.6229850e-02
-3.3062440e-02
-2.9210260e-02
-2.4516170e-02
-1.9224480e-02
-1.3973240e-02
-9.7596840e-03
-5.8936880e-03
-2.2272520e-03
6.6238900e-04
2.4485120e-03
3.2443730e-03
3.9709630e-03
5.3071500e-03
6.2868890e-03
6.9688990e-03
7.3029260e-03
7.5096240e-03
8.1786560e-03
8.7424870e-03
8.8699420e-03
9.2627710e-03
1.0574860e-02
1.2942800e-02
1.6002570e-02
1.8690890e-02
2.1214630e-02
2.3899330e-02
2.6234870e-02
2.8020810e-02
2.8755130e-02
2.8003270e-02
2.7251010e-02
2.7184250e-02
2.7382600e-02
2.7429670e-02
2.7548330e-02
2.8367640e-02
2.9565020e-02
3.0622380e-02
3.1455850e-02
3.2250550e-02
3.2268860e-02
3.0726280e-02
2.8737280e-02
2.6286480e-02
2.3278750e-02
2.0153880e-02
1.7240990e-02
1.4370230e-02
1.1592650e-02
9.1813090e-03
7.1551980e-03
5.5666520e-03
4.2502860e-03
3.4056720e-03
2.7583990e-03
2.3887280e-03
2.8380950e-03
3.1594650e-03
2.5904780e-03
1.7998670e-03
1.0150220e-03
1.4001730e-04
-1.0319710e-03
-1.9409190e-03
-2.8715690e-03
-3.8873780e-03
-4.5351160e-03
-4.7373030e-03
-5.7384190e-03
-7.0220570e-03
-7.4812150e-03
-7.3664450e-03
-8.0131440e-03
-9.4232410e-03
-1.0457950e-02
-1.1589260e-02
-1.2449750e-02
-1.2720690e-02
-1.3198380e-02
-1.4124760e-02
-1.4663800e-02
-1.4870910e-02
-1.5116720e-02
-1.5280020e-02
-1.5302850e-02
-1.5269960e-02
-1.5259240e-02
-1.5516040e-02
-1.6448460e-02
-1.7852970e-02
-1.9815570e-02
-2.2097780e-02
-2.4183650e-02
-2.7024260e-02
-3.0428010e-02
-3.3452860e-02
-3.5753520e-02
-3.7320970e-02
-3.8213030e-02
-3.8095170e-02
-3.7143970e-02
-3.5485130e-02
-3.3423880e-02
-3.1479430e-02
-2.9832780e-02
-2.8385190e-02
-2.6420870e-02
-2.3893210e-02
-2.1460650e-02
-1.8986330e-02
-1.5672140e-02
-1.1034790e-02
-5.6254580e-03
-5.6655780e-04
3.2749510e-03
5.7635070e-03
7.5485230e-03
8.6119310e-03
9.0731540e-03
9.3759160e-03
1.0201760e-02
1.2082700e-02
1.4429430e-02
1.6699830e-02
1.8544160e-02
1.9699420e-02
2.0765380e-02
2.1669590e-02
2.1140850e-02
1.9745690e-02
1.8464550e-02
1.6527060e-02
1.4375050e-02
1.2300890e-02
9.9330970e-03
7.3807570e-03
6.0871560e-03
7.0854040e-03
8.8752490e-03
9.2582040e-03
9.0046390e-03
1.0034060e-02
1.1211560e-02
1.0562300e-02
9.0321680e-03
7.9508170e-03
6.8651650e-03
5.4273770e-03
3.7601520e-03
2.1262270e-03
2.2139190e-04
-1.6863420e-03
-3.7004610e-03
-6.1564870e-03
-8.8984650e-03
-1.1510520e-02
-1.3655740e-02
-1.5402120e-02
-1.7832450e-02
-2.0760780e-02
-2.2674930e-02
-2.3121730e-02
-2.2909230e-02
-2.2784030e-02
-2.2802020e-02
-2.2518340e-02
-2.1525500e-02
-1.9888800e-02
-1.8288680e-02
-1.7139840e-02
-1.5798860e-02
-1.4574100e-02
-1.4127000e-02
-1.3720840e-02
-1.2692150e-02
-1.1392330e-02
-1.0352740e-02
-9.4405780e-03
-8.5116690e-03
-7.1112320e-03
-5.3136820e-03
-3.0281000e-03
-6.7132690e-04
1.7246490e-03
4.2812460e-03
6.8334950e-03
9.0161700e-03
1.0498940e-02
1.1656240e-02
1.2355820e-02
1.2142980e-02
1.1571490e-02
1.0281240e-02
8.7229830e-03
7.0995260e-03
6.2118110e-03
6.2025880e-03
6.9467250e-03
8.3840020e-03
1.0125190e-02
1.2153220e-02
1.4209780e-02
1.6072100e-02
1.7484650e-02
1.8430650e-02
1.9226750e-02
2.0481840e-02
2.1758870e-02
2.2198420e-02
2.2075100e-02
2.1881660e-02
2.1061920e-02
2.0134980e-02
1.9192580e-02
1.8289480e-02
1.7679610e-02
1.7264090e-02
1.7013890e-02
1.6972280e-02
1.6445640e-02
1.5075210e-02
1.3781050e-02
1.2953020e-02
1.2217150e-02
1.1745410e-02
1.1401740e-02
1.1469940e-02
1.1759420e-02
1.1731070e-02
1.0622780e-02
9.0815410e-03
7.0790920e-03
4.2737020e-03
1.1994390e-03
-1.9266290e-03
-4.6052100e-03
-6.8409710e-03
-8.2284820e-03
-9.2557480e-03
-1.0297490e-02
-1.0811350e-02
-1.0333440e-02
-9.5740050e-03
-9.3388870e-03
-9.2751330e-03
-8.6839350e-03
-8.1156070e-03
-7.7050480e-03
-7.3041840e-03
-6.6168460e-03
-6.4469020e-03
-6.6991670e-03
-6.8621330e-03
-7.0639640e-03
-7.7289480e-03
-8.2225280e-03
-8.2768450e-03
-8.1708310e-03
-8.3444340e-03
-8.8326860e-03
-9.9538500e-03
-1.1394980e-02
-1.2522940e-02
-1.4076370e-02
-1.6032310e-02
-1.7995080e-02
-2.0106890e-02
-2.3261290e-02
-2.5754450e-02
-2.6828520e-02
-2.6905110e-02
-2.6516290e-02
-2.5352550e-02
-2.3853990e-02
-2.2204810e-02
-2.0679600e-02
-1.9075350e-02
-1.7306900e-02
-1.5507490e-02
-1.4011600e-02
-1.2946180e-02
-1.2163510e-02
-1.2054970e-02
