0.01
-4.1187850e-03
-5.0803620e-03
-6.0699350e-03
-6.9737680e-03
-7.5342810e-03
-7.6116860e-03
-7.3512670e-03
-6.7913040e-03
-6.0127270e-03
-5.2132820e-03
-4.5096920e-03
-4.0172330e-03
-3.8508510e-03
-3.9829490e-03
-4.2961910e-03
-4.7745330e-03
-5.3475880e-03
-5.9119840e-03
-6.3720140e-03
-6.6509630e-03
-6.7979070e-03
-6.8160860e-03
-6.7168670e-03
-6.5802350e-03
-6.4388960e-03
-6.2601520e-03
-5.9643340e-03
-5.4571830e-03
-4.6779110e-03
-3.5811440e-03
-2.2993570e-03
-1.1242830e-03
-2.0850900e-04
3.5677680e-04
6.2764180e-04
8.1540460e-04
1.0165670e-03
1.2851290e-03
1.6550190e-03
2.2079570e-03
3.0225510e-03
4.0566170e-03
5.0687380e-03
5.8281020e-03
6.1685030e-03
6.1243040e-03
5.7857910e-03
5.3652410e-03
5.2575790e-03
5.8481840e-03
7.3045390e-03
9.3446360e-03
1.1601700e-02
1.3377880e-02
1.3962600e-02
1.3047940e-02
1.0701420e-02
8.1424540e-03
6.3928410e-03
5.3033620e-03
4.7067620e-03
4.4745870e-03
4.5612280e-03
4.8174220e-03
5.1616370e-03
5.5051020e-03
5.7135610e-03
5.6933050e-03
5.4645910e-03
5.1898800e-03
4.9704560e-03
4.8626270e-03
4.8512740e-03
4.8997170e-03
4.9043630e-03
4.6653040e-03
3.9263250e-03
2.4894230e-03
4.6999260e-04
-1.7989580e-03
-3.7308170e-03
-5.1301000e-03
-6.0637500e-03
-6.5162630e-03
-6.7467970e-03
-7.0552460e-03
-7.6203510e-03
-8.5203920e-03
-9.6728530e-03
-1.1013980e-02
-1.2369810e-02
-1.3373430e-02
-1.3816190e-02
-1.3728190e-02
-1.2942550e-02
-1.1444750e-02
-9.7186450e-03
-8.2949090e-03
-7.5235560e-03
-7.4365730e-03
-7.5870920e-03
-7.6657900e-03
-7.4342770e-03
-6.7665460e-03
-5.6538870e-03
-4.0930180e-03
-2.2423980e-03
-3.4366120e-04
1.1121080e-03
1.4371030e-03
4.8601050e-04
-1.0176170e-03
-2.3472230e-03
-2.9159580e-03
-2.3716470e-03
-8.9000760e-04
1.5699930e-03
4.8250210e-03
8.0710860e-03
1.0347700e-02
1.0859720e-02
9.5956330e-03
7.2402170e-03
4.7382110e-03
2.7081120e-03
1.5203930e-03
1.2606980e-03
1.8754460e-03
2.7567500e-03
3.4179290e-03
3.7615010e-03
3.6203550e-03
2.9894550e-03
2.2230720e-03
1.6989250e-03
1.5232570e-03
1.6157890e-03
1.9313420e-03
2.3312580e-03
2.4854200e-03
2.0373720e-03
1.0430460e-03
1.7704150e-04
6.9271120e-05
9.4427230e-04
2.7403090e-03
5.3503560e-03
8.3193360e-03
1.0948910e-02
1.2477810e-02
1.2485590e-02
1.1312400e-02
9.2927910e-03
6.9409140e-03
4.5932850e-03
2.3960480e-03
4.1065660e-04
-1.4107150e-03
-3.0829250e-03
-4.5937140e-03
-6.0347400e-03
-7.6256990e-03
-9.5270790e-03
-1.1748550e-02
-1.3962030e-02
-1.5704320e-02
-1.6852140e-02
-1.7674980e-02
-1.8177630e-02
-1.8190620e-02
-1.7553680e-02
-1.5987360e-02
-1.3380390e-02
-1.0118760e-02
-7.0960440e-03
-5.3678740e-03
-4.1936090e-03
-3.6079210e-03
-3.5409950e-03
-3.6436270e-03
-3.6069260e-03
-3.2643630e-03
-2.5317690e-03
-1.2104000e-03
7.9851120e-04
3.1622760e-03
5.3812780e-03
6.9932910e-03
7.6663940e-03
7.8538530e-03
7.7744250e-03
7.5070780e-03
7.1699730e-03
6.8042830e-03
6.3718760e-03
5.8304570e-03
5.1811390e-03
4.5007080e-03
3.7962750e-03
2.9771450e-03
1.9010380e-03
4.8323540e-04
-1.1563260e-03
-2.6713470e-03
-3.4297840e-03
-2.7907470e-03
-6.3568220e-04
2.3003300e-03
5.1117440e-03
7.2156710e-03
8.5134720e-03
9.3069980e-03
9.4943350e-03
8.8534980e-03
7.4564400e-03
5.8577250e-03
4.6026610e-03
4.3315630e-03
5.5209700e-03
7.7698660e-03
9.8395380e-03
1.1019400e-02
1.1089480e-02
1.0124330e-02
8.7744540e-03
7.5173530e-03
6.5286820e-03
5.8423120e-03
5.4243180e-03
5.0917310e-03
4.7435020e-03
4.3372880e-03
3.8609370e-03
3.3353980e-03
2.7997700e-03
2.2500910e-03
1.6478650e-03
9.4222420e-04
5.4426340e-05
-1.1183040e-03
-2.5645690e-03
-3.9849760e-03
-5.0563140e-03
-5.8728270e-03
-6.4431040e-03
-6.7234210e-03
-6.7939730e-03
-6.8243810e-03
-7.0327500e-03
-7.7407110e-03
-9.2405690e-03
-1.1470120e-02
-1.3896900e-02
-1.6084120e-02
-1.7762670e-02
-1.9022350e-02
-1.9785530e-02
-1.9860460e-02
-1.9259090e-02
-1.8099220e-02
-1.6599290e-02
-1.5092660e-02
-1.3716780e-02
-1.2507160e-02
-1.1319530e-02
-9.7947830e-03
-7.5543510e-03
-4.4565880e-03
-1.0370020e-03
1.7510630e-03
3.6778400e-03
4.9209670e-03
5.8996340e-03
6.6912030e-03
7.2518160e-03
7.5215070e-03
7.5742660e-03
7.5410290e-03
7.4442460e-03
7.3242560e-03
7.2658440e-03
7.4166750e-03
8.0004210e-03
9.1827250e-03
1.0803620e-02
1.2563780e-02
1.4238950e-02
1.5514170e-02
1.6093550e-02
1.6005810e-02
1.5562240e-02
1.4874080e-02
1.4110180e-02
1.3452550e-02
1.2881840e-02
1.2309250e-02
1.1625130e-02
1.0708120e-02
9.4752260e-03
7.8674650e-03
6.0357210e-03
4.5582180e-03
3.7809610e-03
3.5511970e-03
3.7366460e-03
4.2387240e-03
4.7521380e-03
5.1030500e-03
5.2402730e-03
5.0211070e-03
4.3464390e-03
3.3840300e-03
2.4818760e-03
1.9117330e-03
1.9171710e-03
2.4779200e-03
3.2929140e-03
3.9694740e-03
3.9634820e-03
2.8775360e-03
8.8035610e-04
-1.1423130e-03
-2.9071010e-03
-4.1299540e-03
-4.5015930e-03
-4.0443790e-03
-3.4423100e-03
-3.3652580e-03
-4.0816220e-03
-5.2386090e-03
-6.2505540e-03
-7.0332410e-03
-7.5414570e-03
-7.8405380e-03
-8.0939850e-03
-8.4056700e-03
-8.8414300e-03
-9.3979400e-03
-9.9903660e-03
-1.0405830e-02
-1.0313110e-02
-9.4055120e-03
-7.7376060e-03
-5.7379730e-03
-3.9260250e-03
-3.0124320e-03
-2.8552620e-03
-3.0734170e-03
-3.4068380e-03
-3.5269210e-03
-3.2861300e-03
-2.8119280e-03
-2.5499130e-03
-2.8867300e-03
-3.9510220e-03
-5.3663370e-03
-6.7746620e-03
-7.8780190e-03
-8.4176680e-03
-8.3666340e-03
-7.8288760e-03
-6.7536040e-03
-5.2890720e-03
-3.7948140e-03
-2.2807390e-03
-5.1332050e-04
1.6947860e-03
4.2052840e-03
6.2954220e-03
6.9997810e-03
6.0027060e-03
3.8985750e-03
1.7207880e-03
-6.0424450e-05
-1.3782280e-03
-2.2031330e-03
-2.6114360e-03
-2.6825010e-03
-2.2041170e-03
-9.7815670e-04
7.8757560e-04
2.6328670e-03
4.4608490e-03
6.3333040e-03
8.2536620e-03
9.5642610e-03
9.2054170e-03
6.8688380e-03
2.9586170e-03
-1.4833180e-03
-5.3560620e-03
-8.0956870e-03
-8.7384100e-03
-6.6063560e-03
-1.9072320e-03
3.7365470e-03
8.7361600e-03
1.1762310e-02
1.2076510e-02
9.6820590e-03
5.8911250e-03
2.1691100e-03
-9.4518270e-04
-3.3120850e-03
-4.9604200e-03
-5.7749340e-03
-5.5476980e-03
-3.9612770e-03
-1.3323690e-03
1.9852220e-03
6.1774780e-03
1.0845080e-02
1.4268540e-02
1.5817740e-02
1.6614910e-02
1.6791160e-02
1.6380290e-02
1.5438840e-02
1.3811770e-02
1.1527770e-02
9.1150220e-03
6.5507820e-03
3.3974640e-03
-2.6443570e-04
-3.7033110e-03
-6.6743210e-03
-8.7305460e-03
-9.2299830e-03
-7.4754480e-03
-2.5779990e-03
6.3687830e-03
1.8329220e-02
2.9817030e-02
3.7803140e-02
4.2061300e-02
4.3715610e-02
4.4064240e-02
4.3075550e-02
4.0034890e-02
3.3855920e-02
2.3471310e-02
8.9423430e-03
-7.3933200e-03
-2.1671800e-02
-3.0167440e-02
-2.9828610e-02
-1.9917690e-02
-3.0920170e-03
1.5765680e-02
3.2013210e-02
4.3297870e-02
4.6360120e-02
3.7436310e-02
1.4443810e-02
-1.9104880e-02
-5.3743980e-02
-8.1224000e-02
-1.0135110e-01
-1.0822700e-01
-9.6195960e-02
-7.4898530e-02
-6.0434690e-02
-5.9714130e-02
-7.0116880e-02
-8.3595590e-02
-9.6023140e-02
-1.0364670e-01
-1.0439360e-01
-1.0013840e-01
-9.5896670e-02
-9.4433740e-02
-9.6192920e-02
-9.7761840e-02
-9.2330600e-02
-7.4175730e-02
-4.2650550e-02
-1.7761700e-03
3.6126160e-02
6.1235250e-02
6.5876920e-02
5.1298120e-02
3.0233880e-02
1.1014400e-02
7.6551060e-04
5.2766030e-03
2.5406990e-02
4.9888170e-02
6.9804130e-02
8.3567990e-02
8.9081150e-02
8.5865960e-02
7.5173660e-02
6.1236160e-02
4.9406240e-02
4.2215250e-02
4.0353430e-02
4.2291760e-02
4.5460800e-02
4.7726270e-02
4.6882500e-02
4.1917360e-02
3.4552650e-02
2.8023440e-02
2.3356560e-02
2.1466480e-02
2.2800400e-02
2.5763260e-02
2.7928950e-02
2.7676610e-02
2.4275790e-02
1.8846210e-02
1.2332040e-02
6.2437070e-03
2.7138240e-03
2.6029540e-03
4.4746930e-03
6.9154590e-03
9.1162050e-03
1.0226380e-02
9.5441340e-03
6.5809780e-03
1.3261520e-03
-4.4477090e-03
-8.8799180e-03
-1.2218060e-02
-1.5084360e-02
-1.7428320e-02
-1.9042790e-02
-1.9852420e-02
-2.0260740e-02
-2.0411440e-02
-1.9968970e-02
-1.8419490e-02
-1.5471160e-02
-1.1529900e-02
-6.6914660e-03
-1.2540160e-03
3.9101360e-03
7.7030140e-03
8.7755520e-03
6.2443440e-03
1.2155900e-03
-3.4793710e-03
-5.9272280e-03
-6.3068120e-03
-4.3417190e-03
-3.3811600e-04
4.6491970e-03
8.4507670e-03
1.0600260e-02
1.0964280e-02
1.0356310e-02
1.0343030e-02
1.1350700e-02
1.2781470e-02
1.3562990e-02
1.2184210e-02
7.3485060e-03
-6.4017740e-04
-9.5935220e-03
-1.5703940e-02
-1.8300610e-02
-1.9095800e-02
-1.9091180e-02
-1.8712700e-02
-1.8290720e-02
-1.8063370e-02
-1.8193300e-02
-1.8812440e-02
-1.9822610e-02
-2.0579970e-02
-1.9859780e-02
-1.6573020e-02
-1.0753180e-02
-4.1858020e-03
1.8461930e-03
6.3634860e-03
9.0262960e-03
1.0797740e-02
1.2486570e-02
1.4173420e-02
1.5407730e-02
1.5298610e-02
1.3021750e-02
8.4842730e-03
1.3718490e-03
-7.7190380e-03
-1.6691300e-02
-2.3615570e-02
-2.7562280e-02
-2.8672910e-02
-2.7048130e-02
-2.3066620e-02
-1.7960170e-02
-1.3389070e-02
-1.0400840e-02
-9.4412180e-03
-9.5925340e-03
-1.0472860e-02
-1.1775250e-02
-1.3039270e-02
-1.3928690e-02
-1.4128180e-02
-1.3477010e-02
-1.1928970e-02
-9.8898560e-03
-8.1002070e-03
-6.8793920e-03
-6.0849640e-03
-4.8902870e-03
-2.4101140e-03
1.7990930e-03
6.9672320e-03
1.1819620e-02
1.6885510e-02
2.2423050e-02
2.8155190e-02
3.3503830e-02
3.7329200e-02
3.8074200e-02
3.5438020e-02
2.9532860e-02
2.1833270e-02
1.5388320e-02
1.0858500e-02
8.4928600e-03
7.8097760e-03
8.6699420e-03
1.0925490e-02
1.3734310e-02
1.6309530e-02
1.8341490e-02
1.9891630e-02
2.1107160e-02
2.1892110e-02
2.1828820e-02
2.0467280e-02
1.7941860e-02
1.4726170e-02
1.1036120e-02
7.2265510e-03
3.9029190e-03
1.4155150e-03
-8.7537620e-04
-4.1892630e-03
-9.4737630e-03
-1.6784120e-02
-2.4313190e-02
-2.8797300e-02
-2.8750870e-02
-2.5311180e-02
-1.9929500e-02
-1.4332310e-02
-9.2539390e-03
-4.9883470e-03
-1.3891170e-03
1.6607030e-03
4.3193850e-03
6.3260110e-03
7.2449880e-03
6.7558930e-03
4.4145280e-03
3.6387660e-04
-5.2314650e-03
-1.1266400e-02
-1.4967250e-02
-1.4431140e-02
-9.0540730e-03
-1.0624640e-03
6.6122010e-03
1.3143730e-02
1.7827000e-02
2.0164900e-02
2.0187020e-02
1.8914880e-02
1.6694350e-02
1.3764230e-02
9.8042530e-03
4.4371610e-03
-1.9519380e-03
-7.7021680e-03
-1.2221230e-02
-1.5286800e-02
-1.7343140e-02
-1.9296580e-02
-2.1294000e-02
-2.3097000e-02
-2.4366300e-02
-2.4874670e-02
-2.4615890e-02
-2.3819990e-02
-2.2929330e-02
-2.1913010e-02
-2.0365500e-02
-1.7619080e-02
-1.2949690e-02
-6.3848340e-03
6.3511220e-04
7.3316030e-03
1.2932900e-02
1.7281820e-02
2.0322690e-02
2.1743200e-02
2.2065070e-02
2.1857370e-02
2.1224520e-02
2.0206210e-02
1.9058130e-02
1.8064270e-02
1.7113440e-02
1.5731310e-02
1.3211630e-02
9.0883130e-03
3.8590130e-03
-6.9007070e-04
-4.9278600e-03
-8.6236690e-03
-1.1377370e-02
-1.3548380e-02
-1.5414720e-02
-1.7119940e-02
-1.8651620e-02
-1.9956640e-02
-2.0864650e-02
-2.1129960e-02
-2.0732010e-02
-1.9788040e-02
-1.8237910e-02
-1.6266400e-02
-1.4230590e-02
-1.2282720e-02
-1.0510040e-02
-8.8928890e-03
-7.3680020e-03
-6.1058660e-03
-5.1760730e-03
-4.4104140e-03
-3.7035050e-03
-3.0134210e-03
-2.2925730e-03
-1.4786270e-03
-5.0530390e-04
6.4503000e-04
1.9911910e-03
3.5594350e-03
5.2162080e-03
6.5660670e-03
7.1860100e-03
6.9093000e-03
6.0989630e-03
4.8893150e-03
3.4302570e-03
2.1769660e-03
1.9634440e-03
3.7943390e-03
8.1432050e-03
1.4381880e-02
2.0114050e-02
2.3712350e-02
2.5685650e-02
2.6999160e-02
2.7809650e-02
2.7975450e-02
2.7180730e-02
2.4882280e-02
2.1046530e-02
1.7185390e-02
1.5567740e-02
1.4483320e-02
1.3581560e-02
1.2481940e-02
1.0941580e-02
9.0234360e-03
6.8716060e-03
4.5989970e-03
2.4156360e-03
4.8381760e-04
-1.1633930e-03
-2.4150680e-03
-3.0757150e-03
-3.1162790e-03
-2.6302510e-03
-2.1407960e-03
-2.3910790e-03
-3.4903070e-03
-5.2705930e-03
-7.8398140e-03
-1.1046750e-02
-1.4117220e-02
-1.6353080e-02
-1.7812190e-02
-1.8711150e-02
-1.9078990e-02
-1.9156730e-02
-1.9067470e-02
-1.8779160e-02
-1.8296860e-02
-1.7764670e-02
-1.7253800e-02
-1.6583990e-02
-1.5354620e-02
-1.3074380e-02
-9.5728000e-03
-5.0839920e-03
-1.0374780e-04
4.1929980e-03
7.3806950e-03
9.0855500e-03
9.4671590e-03
9.3914010e-03
9.2085900e-03
9.0381600e-03
8.9010680e-03
8.7867390e-03
8.7282780e-03
8.8429600e-03
9.2661570e-03
9.9963600e-03
1.0802130e-02
1.1378760e-02
1.1377810e-02
1.0620660e-02
9.4697270e-03
8.8204020e-03
9.4243700e-03
1.1551870e-02
1.4266010e-02
1.6414620e-02
1.7900370e-02
1.8560050e-02
1.7616770e-02
1.4361790e-02
9.0974190e-03
4.1081540e-03
-2.1941610e-04
-3.8725450e-03
-6.6237780e-03
-8.6341940e-03
-1.0181020e-02
-1.1436520e-02
-1.2472910e-02
-1.3374340e-02
-1.4046760e-02
-1.4374400e-02
-1.4379080e-02
-1.4263990e-02
-1.4169640e-02
-1.4185820e-02
-1.4165890e-02
-1.3630810e-02
-1.1891840e-02
-8.4604980e-03
-3.8568550e-03
1.3260420e-04
2.7046040e-03
3.5026020e-03
2.8066250e-03
8.0315920e-04
-2.3474900e-03
-5.8017770e-03
-9.0110300e-03
-1.2004450e-02
-1.5305240e-02
-1.8549400e-02
-2.1166730e-02
-2.2630430e-02
-2.2637090e-02
-2.1510390e-02
-1.9367710e-02
-1.6731720e-02
-1.4801880e-02
-1.3525940e-02
-1.2696170e-02
-1.2124610e-02
-1.1771410e-02
-1.1561990e-02
-1.1262000e-02
-1.0444960e-02
-8.5496050e-03
-5.2219680e-03
-1.0017670e-03
2.7728050e-03
5.9280790e-03
8.8474590e-03
1.1687340e-02
1.4454240e-02
1.6994250e-02
1.9077530e-02
2.0524630e-02
2.1106360e-02
2.0384920e-02
1.8008980e-02
1.4297650e-02
1.0363250e-02
7.2057420e-03
4.8722690e-03
3.2763290e-03
2.2870590e-03
1.7455440e-03
1.3413450e-03
1.0582340e-03
1.0176780e-03
1.3287980e-03
1.8983130e-03
2.4019840e-03
2.6753070e-03
2.7628410e-03
2.7815370e-03
2.8531610e-03
3.1506600e-03
3.8502160e-03
5.1262640e-03
6.9162350e-03
8.6440390e-03
9.8061840e-03
1.0520510e-02
1.1033900e-02
1.1365700e-02
1.1509150e-02
1.1474200e-02
1.1192940e-02
1.0610210e-02
9.8011010e-03
8.7151980e-03
7.2819260e-03
5.4932600e-03
3.2047420e-03
3.6458270e-04
-2.6463890e-03
-5.2715000e-03
-7.4898070e-03
-9.2546410e-03
-1.0477730e-02
-1.1076350e-02
-1.0748970e-02
-9.4153760e-03
-7.7458220e-03
-6.4764480e-03
-5.5027130e-03
-4.3881190e-03
-2.8143330e-03
-6.3268600e-04
1.7828640e-03
3.7906900e-03
5.2522450e-03
6.1258590e-03
6.4591000e-03
6.4840460e-03
6.1139330e-03
5.1488400e-03
3.5762060e-03
1.7562630e-03
-7.0493020e-05
-1.6655980e-03
-2.7818860e-03
-3.3184620e-03
-3.4239670e-03
-3.1399010e-03
-2.6182620e-03
-2.0353480e-03
-1.4563940e-03
-9.5450430e-04
-6.1236040e-04
-4.7762730e-04
-4.8300890e-04
-5.3571230e-04
-5.2476760e-04
-2.9555200e-04
2.7401980e-04
1.1115160e-03
1.8521870e-03
1.9303380e-03
6.9177860e-04
-2.1307120e-03
-5.7649240e-03
-9.1927830e-03
-1.1562420e-02
-1.2404030e-02
-1.2195820e-02
-1.1665840e-02
-1.1016690e-02
-1.0338260e-02
-9.6633230e-03
-9.0361810e-03
-8.4107160e-03
-7.6347740e-03
-6.4575840e-03
-4.6254480e-03
-2.1271060e-03
8.2419480e-04
3.8230870e-03
6.4264160e-03
8.1926130e-03
8.9167080e-03
8.9975590e-03
8.7436280e-03
8.2364320e-03
7.6587670e-03
7.2327320e-03
7.0595150e-03
7.3106020e-03
8.1364230e-03
9.3649390e-03
1.0364330e-02
1.0659040e-02
1.0131180e-02
9.0531420e-03
7.5310950e-03
5.7249060e-03
3.9626260e-03
2.5667260e-03
1.6985950e-03
1.1855090e-03
6.6525380e-04
-7.7083650e-05
-1.1817830e-03
-2.5568980e-03
-3.9274800e-03
-5.0703850e-03
-5.7853930e-03
-5.9670880e-03
-5.3789240e-03
-3.9351340e-03
-1.9139690e-03
5.9810740e-04
3.5432960e-03
6.7501900e-03
9.6416680e-03
1.1658000e-02
1.2952250e-02
1.3917500e-02
1.4571060e-02
1.4934360e-02
1.5157950e-02
1.5351350e-02
1.5482140e-02
1.5466440e-02
1.5207120e-02
1.4683520e-02
1.4034100e-02
1.3261980e-02
1.2201400e-02
1.0621890e-02
8.4226030e-03
5.6355100e-03
2.3171490e-03
-1.3137670e-03
-5.1380950e-03
-8.9024420e-03
-1.2098890e-02
-1.4190580e-02
-1.5423670e-02
-1.6147990e-02
-1.6188020e-02
-1.5390950e-02
-1.3918220e-02
-1.1801220e-02
-9.1835850e-03
-6.7533880e-03
-5.1730320e-03
-4.2734980e-03
-3.7317490e-03
-3.5494110e-03
-3.6932960e-03
-3.9770850e-03
-4.3197250e-03
-4.7196410e-03
-5.1534700e-03
-5.5519370e-03
-5.7887610e-03
-5.6963030e-03
-5.1295680e-03
-3.8636140e-03
-1.8869320e-03
6.5090870e-04
3.5891540e-03
6.3869770e-03
8.5672530e-03
9.8576680e-03
1.0426650e-02
1.0319450e-02
9.4462270e-03
8.0839180e-03
6.6443920e-03
5.1924300e-03
3.6761570e-03
1.9438160e-03
-1.9134800e-04
-2.8069570e-03
-5.6304930e-03
-8.2877260e-03
-1.0630570e-02
-1.2599510e-02
-1.4220100e-02
-1.5522660e-02
-1.6531960e-02
-1.7280950e-02
-1.7747710e-02
-1.8026520e-02
-1.8104860e-02
-1.7956430e-02
-1.7650380e-02
-1.7199970e-02
-1.6544550e-02
-1.5663020e-02
-1.4598760e-02
-1.3209340e-02
-1.1289520e-02
-8.8030060e-03
-6.2209730e-03
-4.1836080e-03
-2.5378310e-03
-1.3257590e-03
-6.0598660e-04
-2.4567830e-04
-2.0712850e-04
-5.3048640e-04
-1.0720530e-03
-1.6359060e-03
-2.1363360e-03
-2.5128490e-03
-2.7734530e-03
-2.9289860e-03
-2.9016770e-03
-2.6203220e-03
-2.1370610e-03
-1.5501070e-03
-8.5103090e-04
-4.9119990e-05
7.6568760e-04
1.4476070e-03
1.9232060e-03
2.2509500e-03
2.5374090e-03
2.8416530e-03
3.2306040e-03
3.7602340e-03
4.4385780e-03
5.2759650e-03
6.2782740e-03
7.3383860e-03
8.3226110e-03
9.2417210e-03
1.0241470e-02
1.1528820e-02
1.3114410e-02
1.4642020e-02
1.5630890e-02
1.6141600e-02
1.6491900e-02
1.6722420e-02
1.6749250e-02
1.6404040e-02
1.5569260e-02
1.4047450e-02
1.1558800e-02
8.2729620e-03
5.1310980e-03
2.5440680e-03
7.7306480e-04
-1.5123230e-04
-4.8869890e-04
-5.9926960e-04
-5.5285870e-04
-4.2649500e-04
-3.9745210e-04
-6.5296040e-04
-1.3120390e-03
-2.2745580e-03
-3.3786500e-03
-4.5634780e-03
-5.7097430e-03
-6.6492630e-03
-7.2548800e-03
-7.5470340e-03
-7.7006070e-03
-7.7249300e-03
-7.5496870e-03
-7.1168410e-03
-6.4925690e-03
-5.7173270e-03
-4.7399150e-03
-3.5602740e-03
-2.2880540e-03
-1.0053460e-03
1.7693200e-04
1.0949000e-03
1.5103960e-03
1.2626390e-03
5.6287300e-04
-2.8438860e-04
-1.1874450e-03
-2.0550340e-03
-2.7605510e-03
-3.0925030e-03
-2.8459030e-03
-2.0700350e-03
-1.0869020e-03
-1.3134240e-04
4.9127830e-04
4.6489240e-04
-2.1949330e-04
-1.3033830e-03
-2.5134090e-03
-3.5466340e-03
-4.4027920e-03
-5.0856510e-03
-5.5541240e-03
-5.8330280e-03
-6.0541440e-03
-6.2885200e-03
-6.5716400e-03
-6.8961480e-03
-7.1471950e-03
-7.0793940e-03
-6.3875160e-03
-4.9186360e-03
-3.0679940e-03
-1.4619740e-03
1.7020930e-04
1.8102820e-03
3.3309240e-03
4.4858620e-03
5.0270690e-03
4.8550010e-03
4.2902290e-03
3.5905080e-03
2.8140130e-03
1.9803850e-03
1.1147750e-03
2.3496840e-04
-6.5071310e-04
-1.5159300e-03
-2.3157110e-03
-2.9895060e-03
-3.5098390e-03
-3.9434800e-03
-4.3500800e-03
-4.7542250e-03
-5.1745700e-03
-5.6212600e-03
-6.0885480e-03
-6.5408120e-03
-6.9078110e-03
-7.1087810e-03
-7.1060010e-03
-6.8861220e-03
-6.4035320e-03
-5.7364090e-03
-5.0089050e-03
-4.2321000e-03
-3.4008740e-03
-2.5260850e-03
-1.6391590e-03
-7.6580880e-04
6.3071220e-05
8.2878820e-04
1.5584600e-03
2.3289030e-03
3.2414980e-03
4.3903260e-03
5.7637580e-03
7.1528570e-03
8.3749590e-03
9.3080990e-03
9.9908300e-03
1.0605850e-02
1.1248820e-02
1.1969270e-02
1.2747490e-02
1.3481560e-02
1.4034280e-02
1.4278840e-02
1.4217590e-02
1.4043670e-02
1.3842410e-02
1.3628700e-02
1.3372890e-02
1.3019760e-02
1.2535050e-02
1.1955430e-02
1.1283700e-02
1.0502120e-02
9.6366050e-03
8.7703790e-03
7.9596210e-03
7.2386570e-03
6.5897500e-03
5.9821220e-03
5.4358990e-03
4.9741100e-03
4.5801590e-03
4.1936620e-03
3.7469630e-03
3.1531060e-03
2.3478740e-03
1.3827120e-03
3.5326910e-04
-7.3592520e-04
-1.8861540e-03
-3.0673460e-03
-4.2107860e-03
-5.2424590e-03
-6.0995780e-03
-6.8041250e-03
-7.4501080e-03
-8.0586620e-03
-8.6348140e-03
-9.1986400e-03
-9.8240950e-03
-1.0656350e-02
-1.1861820e-02
-1.3486910e-02
-1.5264280e-02
-1.6907490e-02
-1.8357230e-02
-1.9654500e-02
-2.0776250e-02
-2.1716830e-02
-2.2528220e-02
-2.3120890e-02
-2.3332420e-02
-2.3089470e-02
-2.2563490e-02
-2.1781640e-02
-2.0648400e-02
-1.9145800e-02
-1.7377770e-02
-1.5345620e-02
-1.3130990e-02
-1.0887210e-02
-8.6800240e-03
-6.5429690e-03
-4.5019070e-03
-2.5917370e-03
-7.8802410e-04
1.0152940e-03
2.9260400e-03
5.0356040e-03
7.3398130e-03
9.6146440e-03
1.1431470e-02
1.2426410e-02
1.2595560e-02
1.2467300e-02
1.2280220e-02
1.2095750e-02
1.1945710e-02
1.1918100e-02
1.2152270e-02
1.2772210e-02
1.3709950e-02
1.4530620e-02
1.4808440e-02
1.4346740e-02
1.3424570e-02
1.2375610e-02
1.1319150e-02
1.0325240e-02
9.4137610e-03
8.5580130e-03
7.7326830e-03
6.9811410e-03
6.3737940e-03
5.9425160e-03
5.5737390e-03
5.0769880e-03
4.3646420e-03
3.4755580e-03
2.4242840e-03
1.1345190e-03
-4.2345200e-04
-2.0966550e-03
-3.6439080e-03
-4.8902740e-03
-5.7651650e-03
-6.4244040e-03
-6.9425200e-03
-7.3100510e-03
-7.5435550e-03
-7.6662360e-03
-7.5870090e-03
-7.2024090e-03
-6.5324430e-03
-5.7448290e-03
-4.8880160e-03
-3.9650050e-03
-2.9852730e-03
-2.0084980e-03
-1.1143900e-03
-3.7801110e-04
1.7453720e-04
5.9299530e-04
8.2613160e-04
8.0345150e-04
5.7058170e-04
2.9204310e-04
1.3783730e-04
3.2743390e-04
1.0325600e-03
2.1572900e-03
3.2965540e-03
4.2010110e-03
4.7828580e-03
5.1936570e-03
5.5465250e-03
5.8906470e-03
6.2625020e-03
6.7023480e-03
7.3146950e-03
8.2558030e-03
9.6146500e-03
1.1198360e-02
1.2636930e-02
1.3793550e-02
1.4726920e-02
1.5394850e-02
1.5666270e-02
1.5498420e-02
1.4918450e-02
1.3800540e-02
1.2178870e-02
1.0464540e-02
8.9157160e-03
7.6248320e-03
6.5174790e-03
5.4373350e-03
4.3002540e-03
3.0737820e-03
1.7938280e-03
5.1147950e-04
-6.9704240e-04
-1.7274840e-03
-2.4759530e-03
-2.9278080e-03
-3.1530930e-03
-3.2913010e-03
-3.3782580e-03
-3.4027810e-03
-3.3562560e-03
-3.2635850e-03
-3.1446450e-03
-3.0446940e-03
-3.0498900e-03
-3.2693320e-03
-3.7688260e-03
-4.4556300e-03
-5.2337330e-03
-6.1630970e-03
-7.3397570e-03
-8.7894460e-03
-1.0444900e-02
-1.2145380e-02
-1.3500970e-02
-1.4287730e-02
-1.4849450e-02
-1.5331410e-02
-1.5721850e-02
-1.5919410e-02
-1.5796990e-02
-1.5360840e-02
-1.4797650e-02
-1.4196680e-02
-1.3618170e-02
-1.3108700e-02
-1.2684110e-02
-1.2299020e-02
-1.1860710e-02
-1.1277180e-02
-1.0482170e-02
-9.5257100e-03
-8.5344880e-03
-7.5606590e-03
-6.6223030e-03
-5.6899980e-03
-4.6937170e-03
-3.5443570e-03
-2.1799030e-03
-6.2405380e-04
1.1629520e-03
3.1842720e-03
5.3194220e-03
7.4422600e-03
9.3740730e-03
1.0973010e-02
1.2323930e-02
1.3751590e-02
1.5509070e-02
1.7698900e-02
2.0221960e-02
2.2835740e-02
2.5012490e-02
2.6420320e-02
2.7279820e-02
2.7693780e-02
2.7542750e-02
2.6774220e-02
2.5220660e-02
2.2914260e-02
2.0444720e-02
1.8135690e-02
1.6057060e-02
1.4167240e-02
1.2274020e-02
1.0263220e-02
8.2000110e-03
6.2472150e-03
4.4752940e-03
2.8250610e-03
1.2667960e-03
-2.0744550e-04
-1.6417230e-03
-3.1357180e-03
-4.8507880e-03
-6.9011140e-03
-9.2059720e-03
-1.1334660e-02
-1.2992200e-02
-1.4306840e-02
-1.5223650e-02
-1.5680660e-02
-1.5793380e-02
-1.5584440e-02
-1.4997820e-02
-1.4161930e-02
-1.3256280e-02
-1.2248640e-02
-1.1041540e-02
-9.5432130e-03
-7.8107140e-03
-6.2006330e-03
-5.0583930e-03
-4.3577520e-03
-3.8181480e-03
-3.3342600e-03
-2.8614850e-03
-2.3933540e-03
-1.9394010e-03
-1.4950590e-03
-1.0410320e-03
-5.4343550e-04
2.9950020e-05
6.6874940e-04
1.3124760e-03
1.8801710e-03
2.2662190e-03
2.3945060e-03
2.3322070e-03
2.2018230e-03
2.0113200e-03
1.7498560e-03
1.4239290e-03
1.0881180e-03
7.9251180e-04
5.8611280e-04
4.9117630e-04
4.5767500e-04
4.3758220e-04
4.3536220e-04
4.8478750e-04
6.3733590e-04
9.2181990e-04
1.3011750e-03
1.7766770e-03
2.3417700e-03
2.9497370e-03
3.5508910e-03
4.0610380e-03
4.3635830e-03
4.3667910e-03
4.1316970e-03
3.7673600e-03
3.2405820e-03
2.5202820e-03
1.6764250e-03
8.1419450e-04
-6.5363400e-05
-9.5842230e-04
-1.7939250e-03
-2.4153550e-03
-2.5494710e-03
-1.9519660e-03
-7.3282800e-04
7.4398600e-04
2.3122690e-03
3.7932890e-03
5.0126390e-03
5.8265060e-03
6.1726710e-03
5.9713980e-03
5.3626160e-03
4.5029970e-03
3.4931250e-03
2.5031800e-03
1.6520860e-03
1.0208010e-03
5.7746930e-04
2.1875510e-04
-8.8070900e-05
-3.8752580e-04
-7.4070130e-04
-1.1640600e-03
-1.6360520e-03
-2.1424790e-03
-2.6461940e-03
-3.0719180e-03
-3.4026770e-03
-3.6670170e-03
-3.8474500e-03
-3.9467020e-03
-3.9786980e-03
-3.9140720e-03
-3.7393640e-03
-3.5130650e-03
-3.3197920e-03
-3.2540210e-03
-3.4031090e-03
-3.7591880e-03
-4.2404690e-03
-4.7962040e-03
-5.3064040e-03
-5.6301120e-03
-5.6751430e-03
-5.3590800e-03
-4.6798640e-03
-3.6516730e-03
-2.3477550e-03
-1.0859280e-03
-1.0800280e-04
4.8701570e-04
7.6068790e-04
7.9628710e-04
7.5453490e-04
6.8246910e-04
5.7074190e-04
3.9910860e-04
1.8283550e-04
-1.3795150e-06
-8.6959590e-05
-4.8796610e-05
6.2383330e-05
2.4714570e-04
5.3388980e-04
9.3022940e-04
1.3873520e-03
1.9173410e-03
2.5616660e-03
3.3326210e-03
4.1391970e-03
4.8509760e-03
5.3849900e-03
5.6974620e-03
5.8836550e-03
6.0367180e-03
6.1560830e-03
6.1992560e-03
6.1065450e-03
5.8639550e-03
5.5239610e-03
5.1016680e-03
4.6262890e-03
4.1156740e-03
3.5045180e-03
2.6855840e-03
1.5845740e-03
2.1934690e-04
-1.4430250e-03
-3.3285660e-03
-5.1417210e-03
-6.7574920e-03
-8.1274370e-03
-9.1172910e-03
-9.6790440e-03
-9.8412180e-03
-9.7561300e-03
-9.5975790e-03
-9.3804620e-03
-9.0835320e-03
-8.6929370e-03
-8.2519790e-03
-7.7850700e-03
-7.2964930e-03
-6.7896110e-03
-6.2739780e-03
-5.7654280e-03
-5.2630470e-03
-4.7409190e-03
-4.1386410e-03
-3.3683330e-03
-2.3632120e-03
-1.1389370e-03
4.2555410e-04
2.5183090e-03
5.1490560e-03
7.8217070e-03
9.9219630e-03
1.1532040e-02
1.2938600e-02
1.4138580e-02
1.5028390e-02
1.5432670e-02
1.5336010e-02
1.4876350e-02
1.4004810e-02
1.2762230e-02
1.1445600e-02
1.0258040e-02
9.3132540e-03
8.5808010e-03
7.9484940e-03
7.4117350e-03
6.9841370e-03
6.6375370e-03
6.3118970e-03
5.9876300e-03
5.6479560e-03
5.2782100e-03
4.8724770e-03
4.4099520e-03
3.8418040e-03
3.1343150e-03
2.3270860e-03
1.4609090e-03
5.0462230e-04
-5.7696730e-04
-1.7654180e-03
-2.9672440e-03
-4.1126610e-03
-5.1470680e-03
-6.0653990e-03
-6.9277930e-03
-7.7315640e-03
-8.4335860e-03
-8.9915980e-03
-9.4304440e-03
-9.8257420e-03
-1.0165140e-02
-1.0389420e-02
-1.0430780e-02
-1.0291470e-02
-1.0087450e-02
-9.8677480e-03
-9.6378220e-03
-9.3745270e-03
-9.0377390e-03
-8.6030680e-03
-8.1061100e-03
-7.5889710e-03
-7.0663630e-03
-6.5482690e-03
-6.0410150e-03
-5.5484180e-03
-5.0697770e-03
-4.5958310e-03
-4.1228980e-03
-3.6533640e-03
-3.1922420e-03
-2.7440310e-03
-2.3079570e-03
-1.8721060e-03
-1.4266010e-03
-9.8572010e-04
-5.8996260e-04
-2.9959510e-04
-1.6125320e-04
-1.3808630e-04
-1.5044990e-04
-1.6496540e-04
-1.4616700e-04
-5.9995860e-05
1.1097190e-04
3.3422180e-04
5.6222590e-04
7.9766830e-04
1.0708370e-03
1.4322730e-03
1.9212960e-03
2.5053560e-03
3.1185030e-03
3.7429490e-03
4.3656350e-03
4.9725870e-03
5.5430450e-03
6.0393310e-03
6.4004800e-03
6.5904140e-03
6.6653640e-03
6.6556670e-03
6.5047780e-03
6.1545070e-03
5.6351000e-03
5.1430130e-03
4.7475380e-03
4.3888450e-03
4.0499860e-03
3.7257840e-03
3.4225190e-03
3.1525220e-03
2.9146810e-03
2.6992690e-03
2.5120550e-03
2.3493090e-03
2.1802540e-03
1.9353710e-03
1.5185880e-03
8.6353650e-04
4.5557060e-05
-7.4900560e-04
-1.3909010e-03
-1.8001600e-03
-2.0431030e-03
-2.2490450e-03
-2.4457430e-03
-2.6204110e-03
-2.7222870e-03
-2.6913520e-03
-2.5180540e-03
-2.2704770e-03
-1.9457660e-03
-1.5033060e-03
-9.1955160e-04
-2.4930660e-04
4.5084640e-04
1.1336450e-03
1.7295780e-03
2.1633130e-03
2.4074140e-03
2.5532910e-03
2.6753890e-03
2.7905310e-03
2.8950760e-03
2.9719070e-03
3.0056490e-03
3.0019640e-03
3.0011050e-03
3.0100970e-03
2.9483710e-03
2.6586000e-03
1.9647540e-03
8.2933990e-04
-4.5819140e-04
-1.6374470e-03
-2.6412120e-03
-3.5646700e-03
-4.4523340e-03
-5.2925980e-03
-6.0311030e-03
-6.6025870e-03
-6.9783320e-03
-7.1950390e-03
-7.3554560e-03
-7.4820760e-03
-7.5622500e-03
-7.5716640e-03
-7.5109330e-03
-7.4270370e-03
-7.3394660e-03
-7.2468880e-03
-7.1296000e-03
-6.9532080e-03
-6.6878530e-03
-6.3468480e-03
-5.9741890e-03
-5.5590100e-03
-5.0572050e-03
-4.4138580e-03
-3.6180960e-03
-2.6971740e-03
-1.5589130e-03
-8.5398660e-05
1.7116890e-03
3.6145130e-03
5.3732410e-03
6.6647610e-03
7.3478040e-03
7.6943020e-03
7.8145830e-03
7.6463300e-03
7.1450850e-03
6.4721920e-03
5.8532210e-03
5.2867770e-03
4.7860210e-03
4.3748510e-03
4.0422740e-03
3.7496360e-03
3.4868970e-03
3.2337940e-03
2.9378540e-03
2.5114310e-03
1.8656570e-03
9.9870560e-04
9.9380780e-05
-6.3518020e-04
-1.1125540e-03
-1.4118220e-03
-1.6588780e-03
-1.8820730e-03
-2.0805940e-03
-2.2371900e-03
-2.3508670e-03
-2.4624830e-03
-2.6223000e-03
-2.8811550e-03
-3.2521180e-03
-3.6556660e-03
-3.9840060e-03
-4.1673210e-03
-4.2114760e-03
-4.2127220e-03
-4.2323280e-03
-4.3140390e-03
-4.4713530e-03
-4.6635570e-03
-4.8497050e-03
-5.0097420e-03
-5.1405270e-03
-5.2613370e-03
-5.3757830e-03
-5.4524080e-03
-5.4315640e-03
-5.2539090e-03
-4.9173840e-03
-4.4154680e-03
-3.7391760e-03
-2.9983460e-03
-2.3618200e-03
-1.9088330e-03
-1.6029920e-03
-1.3359610e-03
-1.0787080e-03
-8.4633060e-04
-7.0115200e-04
-7.2019630e-04
-9.2237180e-04
-1.1978480e-03
-1.4658040e-03
-1.6601910e-03
-1.7331040e-03
-1.7007110e-03
-1.6303200e-03
-1.5440140e-03
-1.4490000e-03
-1.3482290e-03
-1.2502860e-03
-1.1822930e-03
-1.1906910e-03
-1.3198050e-03
-1.5596680e-03
-1.8755990e-03
-2.2642320e-03
-2.6875810e-03
-3.0994510e-03
-3.4618330e-03
-3.7393190e-03
-3.9263300e-03
-4.0738650e-03
-4.1850220e-03
-4.2046920e-03
-4.0559540e-03
-3.7039440e-03
-3.2387730e-03
-2.7342810e-03
-2.2080990e-03
-1.6668100e-03
-1.1157760e-03
-5.5450260e-04
2.0657260e-05
6.0836580e-04
1.2018500e-03
1.8207950e-03
2.5203590e-03
3.3648430e-03
4.3712320e-03
5.4241200e-03
6.3650760e-03
7.1289160e-03
7.7614140e-03
8.2967600e-03
8.7361340e-03
9.1139970e-03
9.4538320e-03
9.7300710e-03
9.9187930e-03
1.0039630e-02
1.0148700e-02
1.0257770e-02
1.0344860e-02
1.0354700e-02
1.0218360e-02
9.9096920e-03
9.5077660e-03
9.0589850e-03
8.5748970e-03
8.0714710e-03
7.5650630e-03
7.0435000e-03
6.4784290e-03
5.8395790e-03
5.1237900e-03
4.3830900e-03
