0.01
3.7491930e-03
7.5863890e-03
9.2760640e-03
8.2971410e-03
5.7121660e-03
2.3032600e-03
-1.6155040e-03
-4.9061240e-03
-6.2755970e-03
-6.3928600e-03
-6.9496210e-03
-7.0148780e-03
-3.2388640e-03
4.5976580e-03
1.1032070e-02
1.0863820e-02
5.8060350e-03
1.7598060e-03
6.2078800e-04
-1.0515420e-03
-5.1049090e-03
-8.0284300e-03
-6.2225090e-03
-1.8183510e-03
-1.8782030e-04
-3.0664740e-03
-6.7109350e-03
-6.3652480e-03
-9.2913650e-04
6.0956910e-03
9.0824440e-03
4.8781590e-03
-3.4631140e-03
-8.8359930e-03
-7.7326570e-03
-4.1595680e-03
-3.6293100e-03
-5.2659510e-03
-3.9025860e-03
8.6153100e-04
3.1089890e-03
-3.2948930e-04
-4.2492730e-03
-2.3352630e-03
3.1151240e-03
3.7718250e-03
-3.1143140e-03
-1.0159530e-02
-8.2587730e-03
2.9937970e-03
1.4690960e-02
1.7136250e-02
8.3983040e-03
-4.3144920e-03
-1.1275070e-02
-9.2162600e-03
-3.8331750e-03
-2.3882330e-03
-4.6703540e-03
-3.9514510e-03
3.1111070e-03
1.1524790e-02
1.5025480e-02
1.4492160e-02
1.5001010e-02
1.6588710e-02
1.3684560e-02
4.5081430e-03
-4.3521660e-03
-5.7807840e-03
-9.3305110e-04
3.4435740e-03
3.7586690e-03
1.3715180e-03
-2.4177440e-03
-7.5938180e-03
-1.1546230e-02
-9.5210750e-03
-1.2929830e-03
6.5221240e-03
7.6478940e-03
3.1274960e-03
-1.1665250e-03
-1.2379010e-03
3.0245150e-03
9.0439020e-03
1.0991560e-02
1.7763920e-03
-1.8068300e-02
-3.5010880e-02
-3.3568990e-02
-1.4309620e-02
5.3168630e-03
1.0656100e-02
4.6591510e-03
-1.5798340e-04
1.8161900e-03
7.0330600e-03
1.2238710e-02
1.7327100e-02
1.9355320e-02
1.2168360e-02
-5.0158890e-03
-2.3802110e-02
-3.4341900e-02
-3.3170240e-02
-2.1854440e-02
-3.4220580e-03
1.5705780e-02
2.5170780e-02
1.9369630e-02
5.9644400e-03
-7.6976200e-04
3.2897300e-03
6.9719270e-03
-1.5335210e-03
-1.8668830e-02
-2.8756870e-02
-2.2101190e-02
-5.3859970e-03
7.0178320e-03
8.6789520e-03
5.4250400e-03
5.8635210e-03
1.1248650e-02
1.5620170e-02
1.3225880e-02
3.4508840e-03
-1.0016500e-02
-2.1489330e-02
-2.4721820e-02
-1.6167420e-02
2.9589550e-04
1.4156900e-02
1.7556630e-02
1.3678660e-02
1.2708910e-02
1.8862900e-02
2.4562090e-02
1.9472700e-02
3.1694750e-03
-1.3918920e-02
-2.1345520e-02
-1.7855020e-02
-9.9746540e-03
-4.2234540e-03
-1.8189610e-03
8.6697340e-04
8.0957430e-03
1.9563470e-02
2.7772190e-02
2.2537980e-02
1.7225260e-03
-2.2517140e-02
-3.2452230e-02
-2.2476350e-02
-5.5908680e-03
1.2810010e-03
-3.1904510e-03
-4.6119330e-03
7.4971970e-03
2.5334080e-02
3.1479900e-02
1.8795650e-02
-2.6612060e-03
-1.7439950e-02
-1.9316220e-02
-1.3959650e-02
-1.0816890e-02
-1.4061620e-02
-1.9499760e-02
-1.8947070e-02
-8.8376100e-03
4.9020460e-03
1.2144070e-02
9.2511380e-03
2.3017760e-03
-1.2723270e-03
-1.2131810e-03
-1.8494820e-03
-3.6074710e-03
-2.0758550e-03
4.1117840e-03
9.0206990e-03
5.8687590e-03
-4.4854370e-03
-1.4270630e-02
-1.7112570e-02
-1.3201960e-02
-6.5605510e-03
-1.0880610e-04
5.1886200e-03
8.2773410e-03
7.8031760e-03
4.1342400e-03
-3.6576570e-04
-4.1366740e-03
-8.2461270e-03
-1.3959590e-02
-1.9187680e-02
-1.9299840e-02
-1.1781480e-02
1.2484560e-03
1.5167590e-02
2.5588060e-02
2.8664550e-02
2.1849790e-02
7.1893300e-03
-7.6903640e-03
-1.5293360e-02
-1.4938500e-02
-1.1187980e-02
-6.1944350e-03
2.2936820e-03
1.4158080e-02
2.2778760e-02
2.1733560e-02
1.3284190e-02
5.6577330e-03
2.5955270e-03
1.3903280e-04
-5.5856510e-03
-1.1987430e-02
-1.4145140e-02
-1.2139360e-02
-1.0347720e-02
-1.0222290e-02
-7.3946200e-03
2.8127390e-03
1.8784550e-02
3.2708780e-02
3.6493970e-02
2.7143170e-02
7.5024200e-03
-1.6415020e-02
-3.8210430e-02
-5.2088770e-02
-5.3072790e-02
-3.8773300e-02
-1.2654300e-02
1.5065660e-02
3.2414090e-02
3.4245500e-02
2.6557860e-02
2.1379750e-02
2.6065340e-02
3.6783580e-02
4.2236010e-02
3.4044630e-02
1.4431410e-02
-5.2103600e-03
-1.2946940e-02
-4.4251770e-03
1.5726450e-02
3.9090190e-02
5.9694570e-02
7.5988620e-02
8.8069190e-02
9.4276210e-02
9.1269060e-02
7.7358090e-02
5.5051810e-02
2.9649660e-02
5.3386150e-03
-1.6750480e-02
-3.6759340e-02
-5.3720280e-02
-6.6190380e-02
-7.4442940e-02
-7.9803590e-02
-8.1391280e-02
-7.6089780e-02
-6.3809340e-02
-5.0978250e-02
-4.5244390e-02
-4.6697480e-02
-4.7591780e-02
-4.1708010e-02
-3.0701190e-02
-1.9128430e-02
-6.7429650e-03
9.7448240e-03
2.8513720e-02
4.1297900e-02
4.1792460e-02
3.2276470e-02
2.0354970e-02
1.1569100e-02
6.6958780e-03
3.8202790e-03
5.6330740e-04
-4.2691260e-03
-8.8211380e-03
-8.6916340e-03
-1.3557950e-03
1.0220020e-02
1.9795160e-02
2.2921610e-02
1.8392030e-02
6.1421790e-03
-1.3333380e-02
-3.7322200e-02
-6.0982670e-02
-7.9829060e-02
-9.1046960e-02
-9.3089450e-02
-8.6435800e-02
-7.4918110e-02
-6.3839910e-02
-5.5836150e-02
-5.0272580e-02
-4.6887120e-02
-4.7222610e-02
-5.1374890e-02
-5.6096180e-02
-5.8211070e-02
-5.7607400e-02
-5.4225000e-02
-4.4066590e-02
-2.2026450e-02
1.1360080e-02
4.8842800e-02
8.2649450e-02
1.0991250e-01
1.3220860e-01
1.5201050e-01
1.6971280e-01
1.8177290e-01
1.8152720e-01
1.6455810e-01
1.3431740e-01
1.0024660e-01
6.9607280e-02
4.3773800e-02
2.3377440e-02
1.2652070e-02
1.4608900e-02
2.4144270e-02
3.0782620e-02
2.8378130e-02
1.8783620e-02
6.2502870e-03
-7.4444990e-03
-2.1191290e-02
-3.2264390e-02
-3.9173980e-02
-4.4767120e-02
-5.3690660e-02
-6.7936090e-02
-8.6783500e-02
-1.0904400e-01
-1.3191720e-01
-1.4856200e-01
-1.5088600e-01
-1.3592880e-01
-1.0736860e-01
-7.0467030e-02
-2.8317060e-02
1.6248610e-02
5.8365940e-02
9.3131120e-02
1.1779100e-01
1.2985420e-01
1.2535320e-01
1.0261450e-01
6.7204840e-02
2.9639520e-02
-2.6141010e-03
-2.8600550e-02
-4.9080520e-02
-6.1571030e-02
-6.2558100e-02
-5.3117580e-02
-3.9574730e-02
-2.8374170e-02
-2.1585920e-02
-1.7321470e-02
-1.2858170e-02
-6.3982670e-03
3.1911420e-03
1.6558600e-02
3.2778200e-02
4.8290120e-02
5.7970280e-02
5.8165050e-02
4.9093660e-02
3.4452580e-02
1.9066080e-02
6.7183390e-03
-1.2752150e-03
-7.0009210e-03
-1.4959800e-02
-2.8284430e-02
-4.5343260e-02
-6.1245730e-02
-7.2842960e-02
-8.0614220e-02
-8.5103010e-02
-8.3744750e-02
-7.3278380e-02
-5.4275980e-02
-3.1130460e-02
-7.8238330e-03
1.4574230e-02
3.6261550e-02
5.6452950e-02
7.3104910e-02
8.3412200e-02
8.4379910e-02
7.4736460e-02
5.7141260e-02
3.7006970e-02
1.7979060e-02
-1.9635970e-04
-1.8280000e-02
-3.3482950e-02
-4.1007440e-02
-3.9404450e-02
-3.2478530e-02
-2.5433320e-02
-2.0541740e-02
-1.7088980e-02
-1.4129770e-02
-1.1962870e-02
-1.1546820e-02
-1.3508760e-02
-1.7480550e-02
-2.1538000e-02
-2.2474100e-02
-1.7838470e-02
-8.2541620e-03
2.8230140e-03
1.2116710e-02
1.9156830e-02
2.5676890e-02
3.3063710e-02
4.1005260e-02
4.8242180e-02
5.3509020e-02
5.5397530e-02
5.2400590e-02
4.4329540e-02
3.3668400e-02
2.4662260e-02
2.0635400e-02
2.2468850e-02
2.9262200e-02
3.9208510e-02
4.9294520e-02
5.5384260e-02
5.4363530e-02
4.6579020e-02
3.5423330e-02
2.4201350e-02
1.3677880e-02
2.6384340e-03
-9.9479210e-03
-2.3556030e-02
-3.6130150e-02
-4.4908880e-02
-4.7812020e-02
-4.4866060e-02
-3.8255240e-02
-3.0504390e-02
-2.2775960e-02
-1.5297360e-02
-8.9057770e-03
-5.0288170e-03
-3.9326230e-03
-4.0804820e-03
-4.0243980e-03
-4.3955760e-03
-7.1630850e-03
-1.3050930e-02
-2.0492810e-02
-2.7254550e-02
-3.2431650e-02
-3.6543150e-02
-4.0179450e-02
-4.3208010e-02
-4.5206660e-02
-4.6045880e-02
-4.5619640e-02
-4.3183540e-02
-3.7460900e-02
-2.7625740e-02
-1.4076770e-02
1.7369860e-03
1.7749590e-02
3.1119080e-02
3.8267290e-02
3.6722430e-02
2.7903920e-02
1.7351900e-02
1.0536120e-02
7.9113620e-03
4.8104040e-03
-3.3381460e-03
-1.6197790e-02
-2.9028880e-02
-3.6857230e-02
-3.7185580e-02
-2.9611130e-02
-1.5107710e-02
3.2206610e-03
1.9992950e-02
3.0240080e-02
3.3039200e-02
3.2064350e-02
3.2001120e-02
3.4231240e-02
3.5797520e-02
3.2263180e-02
2.1747870e-02
7.0282740e-03
-5.6202850e-03
-9.9132900e-03
-3.1240210e-03
1.2583690e-02
3.1773720e-02
4.8730580e-02
5.9323390e-02
6.0940650e-02
5.2122140e-02
3.3481740e-02
8.7617820e-03
-1.6500660e-02
-3.8379690e-02
-5.6210450e-02
-7.0224400e-02
-7.8376020e-02
-7.7112590e-02
-6.5488850e-02
-4.7135990e-02
-2.7443250e-02
-9.8969900e-03
4.0078570e-03
1.2722350e-02
1.4756680e-02
1.1051030e-02
5.5058170e-03
1.9837170e-03
1.0771880e-03
1.0845680e-04
-4.0672810e-03
-1.2261710e-02
-2.1841960e-02
-2.7773640e-02
-2.5586350e-02
-1.4545890e-02
1.7094050e-03
1.7736280e-02
2.9451800e-02
3.5197900e-02
3.5159150e-02
3.0826380e-02
2.4559200e-02
1.8381750e-02
1.2762100e-02
6.9894860e-03
7.7941450e-04
-5.0197110e-03
-9.3616630e-03
-1.2022100e-02
-1.3236580e-02
-1.2774650e-02
-9.9072140e-03
-4.3701580e-03
2.8392330e-03
9.8507990e-03
1.5214500e-02
1.8891600e-02
2.1844700e-02
2.4511250e-02
2.5921520e-02
2.4527570e-02
1.9748160e-02
1.2438840e-02
4.1587360e-03
-3.5656140e-03
-9.5615450e-03
-1.3437490e-02
-1.5808330e-02
-1.7420500e-02
-1.7771280e-02
-1.5346400e-02
-9.6859560e-03
-2.6784690e-03
2.8147400e-03
5.3507730e-03
5.4782370e-03
4.3687850e-03
2.7453950e-03
1.0740800e-03
-3.1293010e-05
-1.9648800e-04
2.5932400e-04
5.9277010e-04
2.3280940e-04
-9.9289040e-04
-2.9323910e-03
-5.0564610e-03
-6.3820920e-03
-5.7621060e-03
-2.4327340e-03
3.4653020e-03
1.0724660e-02
1.7449680e-02
2.1908900e-02
2.3383410e-02
2.2554380e-02
2.1355190e-02
2.2298430e-02
2.7005440e-02
3.4462630e-02
4.0697170e-02
4.1107090e-02
3.3906870e-02
2.1418410e-02
7.9887480e-03
-3.1914200e-03
-1.1563290e-02
-1.8460650e-02
-2.5520140e-02
-3.3296500e-02
-4.0638450e-02
-4.5293460e-02
-4.5566750e-02
-4.1709170e-02
-3.5759120e-02
-3.0134370e-02
-2.6351220e-02
-2.4572840e-02
-2.3743810e-02
-2.1894040e-02
-1.6810770e-02
-7.3212880e-03
5.2069420e-03
1.6414640e-02
2.0956450e-02
1.6327960e-02
5.1202620e-03
-7.1000160e-03
-1.6330480e-02
-2.1938930e-02
-2.4339340e-02
-2.2959670e-02
-1.7933480e-02
-1.2274060e-02
-9.7339500e-03
-1.0302950e-02
-9.9399360e-03
-5.5908480e-03
1.0332260e-03
5.5526070e-03
5.3547810e-03
8.9964040e-04
-5.7631850e-03
-1.1798880e-02
-1.3898480e-02
-1.0238720e-02
-2.3818120e-03
6.5580380e-03
1.5652880e-02
2.5984640e-02
3.6341900e-02
4.1905470e-02
3.9257270e-02
3.1055690e-02
2.3241610e-02
1.8423440e-02
1.4566870e-02
9.9414430e-03
6.2286570e-03
5.5474850e-03
6.9506130e-03
8.0559850e-03
8.7626470e-03
1.0848990e-02
1.4472030e-02
1.7685150e-02
1.9830640e-02
2.2857160e-02
2.7699790e-02
3.1084220e-02
2.8257570e-02
1.8735460e-02
7.6083160e-03
7.8743440e-04
-5.4852210e-05
2.1405950e-03
3.0410030e-03
-5.8934610e-05
-6.9328410e-03
-1.4596010e-02
-1.9068480e-02
-1.8317980e-02
-1.3857740e-02
-9.0416200e-03
-5.9376050e-03
-4.4824730e-03
-4.3998770e-03
-6.5055910e-03
-1.1297230e-02
-1.6979100e-02
-2.0130020e-02
-1.8789100e-02
-1.4599080e-02
-1.1668420e-02
-1.3300990e-02
-1.9556950e-02
-2.7443430e-02
-3.2997820e-02
-3.3454660e-02
-2.8541670e-02
-2.0738800e-02
-1.4176930e-02
-1.1928460e-02
-1.3393790e-02
-1.4765310e-02
-1.2866600e-02
-8.3278470e-03
-4.3774680e-03
-2.9335510e-03
-3.0273660e-03
-2.8856260e-03
-2.1106440e-03
-1.3091480e-03
-8.6659260e-04
-1.1623110e-03
-3.1334230e-03
-7.2948860e-03
-1.2474030e-02
-1.6555950e-02
-1.8390420e-02
-1.7858130e-02
-1.4237120e-02
-6.0691950e-03
6.4029510e-03
1.9567480e-02
2.8385980e-02
3.0129700e-02
2.5949880e-02
1.9332950e-02
1.3669440e-02
1.0901930e-02
1.1198660e-02
1.3273780e-02
1.5366240e-02
1.6447140e-02
1.6563390e-02
1.6163660e-02
1.5453940e-02
1.4518860e-02
1.3601100e-02
1.2954600e-02
1.2572210e-02
1.2232640e-02
1.1646310e-02
1.0518500e-02
8.8787940e-03
7.5674390e-03
7.8498990e-03
9.9576520e-03
1.2222440e-02
1.2497760e-02
1.0581710e-02
8.6146800e-03
8.7023750e-03
1.0648000e-02
1.2532430e-02
1.3107540e-02
1.2774090e-02
1.2197950e-02
1.0835610e-02
7.5429480e-03
2.3260800e-03
-3.1956830e-03
-7.3051400e-03
-9.8646280e-03
-1.2252810e-02
-1.5664780e-02
-1.9686540e-02
-2.2660030e-02
-2.3428900e-02
-2.2445890e-02
-2.0960160e-02
-1.9357180e-02
-1.6792590e-02
-1.2643370e-02
-7.9455360e-03
-4.9363560e-03
-5.0515840e-03
-7.4254840e-03
-9.4955090e-03
-9.2670940e-03
-7.2062490e-03
-5.8469690e-03
-7.2215470e-03
-1.0604970e-02
-1.3071660e-02
-1.2265060e-02
-8.2443280e-03
-2.6491460e-03
3.0031390e-03
7.6102130e-03
9.9637180e-03
9.3151770e-03
6.5384900e-03
3.6027260e-03
1.4307290e-03
-8.2998270e-04
-3.8024560e-03
-5.9560970e-03
-4.8517460e-03
-1.4167900e-04
5.5860640e-03
9.1601680e-03
9.3896040e-03
7.2012910e-03
4.0401710e-03
7.4036820e-04
-2.4625610e-03
-5.5645380e-03
-8.6563190e-03
-1.1706290e-02
-1.4201540e-02
-1.5109080e-02
-1.3544840e-02
-9.7453810e-03
-5.3228730e-03
-2.1617550e-03
-6.4747830e-04
9.5347470e-04
4.7600740e-03
1.0592850e-02
1.5299860e-02
1.5312100e-02
9.9636800e-03
2.0313070e-03
-4.8619740e-03
-8.8990310e-03
-1.0210390e-02
-9.3640230e-03
-6.6699350e-03
-2.7236350e-03
1.4153910e-03
5.1108410e-03
8.7593840e-03
1.3010580e-02
1.7541180e-02
2.0968440e-02
2.1953490e-02
2.0230170e-02
1.6710110e-02
1.2941230e-02
1.0312400e-02
9.2988030e-03
9.2294610e-03
8.9684130e-03
7.9894850e-03
6.8188490e-03
6.5231300e-03
7.8885280e-03
1.0902800e-02
1.4629870e-02
1.7581950e-02
1.8713830e-02
1.8371200e-02
1.8038780e-02
1.8848430e-02
2.0428990e-02
2.1353870e-02
2.0516680e-02
1.7782820e-02
1.3456160e-02
7.6305260e-03
3.0182550e-04
-8.0251770e-03
-1.6162510e-02
-2.2886520e-02
-2.7893320e-02
-3.2117000e-02
-3.6786280e-02
-4.1841010e-02
-4.5248900e-02
-4.4202670e-02
-3.7442980e-02
-2.6748190e-02
-1.6224720e-02
-9.7627860e-03
-8.5095570e-03
-1.0220640e-02
-1.0913030e-02
-7.4888230e-03
5.1798530e-04
1.0967020e-02
2.0600270e-02
2.7088730e-02
3.0363030e-02
3.1935430e-02
3.2313740e-02
2.9178120e-02
1.8999310e-02
8.6671820e-04
-2.2049360e-02
-4.5162240e-02
-6.5440320e-02
-8.0724840e-02
-8.7539610e-02
-8.2242190e-02
-6.4930470e-02
-4.0199300e-02
-1.2906600e-02
1.5071350e-02
4.2108100e-02
6.2518740e-02
6.8558520e-02
5.7933070e-02
3.7402100e-02
1.7450340e-02
4.4091930e-03
-1.2716460e-03
-1.1472420e-03
3.4945050e-03
9.8014480e-03
1.2589350e-02
8.1566430e-03
-1.4806940e-03
-9.6588170e-03
-1.0296140e-02
-1.4450070e-03
1.4973440e-02
3.4269520e-02
4.9542830e-02
5.4049980e-02
4.5804550e-02
2.9608390e-02
1.3014560e-02
2.7524570e-04
-8.8828260e-03
-1.5517100e-02
-1.8832200e-02
-1.7693170e-02
-1.2579300e-02
-4.6326540e-03
5.8214740e-03
1.7908160e-02
2.7916680e-02
3.0490440e-02
2.2906810e-02
7.4887040e-03
-1.0435860e-02
-2.6316920e-02
-3.8174180e-02
-4.5968890e-02
-5.0298600e-02
-5.1651780e-02
-5.0479100e-02
-4.7693240e-02
-4.4731990e-02
-4.2538580e-02
-4.0496080e-02
-3.6966840e-02
-3.1057590e-02
-2.3363830e-02
-1.4868580e-02
-5.7625210e-03
4.2623060e-03
1.5103920e-02
2.6062810e-02
3.6152900e-02
4.4194380e-02
4.9049250e-02
5.0422810e-02
4.9071690e-02
4.5617910e-02
3.9382330e-02
2.9127050e-02
1.5059050e-02
-3.5905850e-04
-1.3585800e-02
-2.1681320e-02
-2.3308790e-02
-1.9093280e-02
-1.1302650e-02
-2.4698760e-03
6.2232020e-03
1.5018250e-02
2.4040700e-02
3.2283060e-02
3.8328960e-02
4.1396260e-02
4.1145410e-02
3.7148130e-02
2.9484960e-02
1.9682430e-02
1.0079760e-02
1.9352860e-03
-5.3893350e-03
-1.3157540e-02
-2.1594670e-02
-2.9659600e-02
-3.5984900e-02
-3.9597750e-02
-3.9995440e-02
-3.7106590e-02
-3.1379860e-02
-2.3747290e-02
-1.5371350e-02
-7.3573970e-03
-5.2224190e-04
4.7445900e-03
8.3176750e-03
9.9543180e-03
9.1915690e-03
5.8795300e-03
7.9420620e-04
-4.4940410e-03
-8.2945240e-03
-9.2398020e-03
-6.4070320e-03
2.0582570e-04
8.9458110e-03
1.6768050e-02
2.0868330e-02
2.0200410e-02
1.5462810e-02
8.1086200e-03
-9.1937500e-05
-7.0198890e-03
-1.0834640e-02
-1.1168100e-02
-9.3897120e-03
-7.3931080e-03
-6.2469490e-03
-5.8237670e-03
-5.0090150e-03
-2.1252590e-03
3.9267550e-03
1.1997810e-02
1.8432220e-02
1.9418280e-02
1.3982180e-02
4.5895660e-03
-4.9753710e-03
-1.1938000e-02
-1.5308160e-02
-1.5611010e-02
-1.4417940e-02
-1.3394150e-02
-1.2894490e-02
-1.1499520e-02
-7.4430900e-03
-6.3036820e-04
6.7819460e-03
1.1715330e-02
1.2056930e-02
7.7863650e-03
9.2775390e-04
-5.5443840e-03
-9.2775650e-03
-9.6171310e-03
-7.4339210e-03
-4.0719180e-03
-5.0087300e-04
2.7316260e-03
5.1320370e-03
6.0538590e-03
4.9066780e-03
1.5854620e-03
-3.2541110e-03
-8.3649290e-03
-1.2320410e-02
-1.3773500e-02
-1.1707560e-02
-6.0858660e-03
1.4314800e-03
7.9005580e-03
1.0932180e-02
1.0370310e-02
8.1034800e-03
6.3709810e-03
6.3872950e-03
8.1595610e-03
1.0848550e-02
1.3115380e-02
1.3696620e-02
1.2162960e-02
9.0946370e-03
5.4726050e-03
2.0942850e-03
-4.7030150e-04
-1.9458310e-03
-2.7687430e-03
-4.0260530e-03
-6.3479470e-03
-8.8911200e-03
-9.9618230e-03
-8.7034940e-03
-5.8370730e-03
-2.7024670e-03
-5.9362850e-05
1.9464180e-03
3.1323470e-03
3.1629380e-03
2.0575650e-03
4.4335380e-04
-7.3645840e-04
-5.8758040e-04
1.5181320e-03
5.5582470e-03
1.0382520e-02
1.3880140e-02
1.4152410e-02
1.0745540e-02
4.7751010e-03
-2.0620950e-03
-8.3914730e-03
-1.3241240e-02
-1.5804810e-02
-1.5676320e-02
-1.3404400e-02
-1.0440080e-02
-8.1875350e-03
-6.9771310e-03
-6.0094220e-03
-4.2820240e-03
-1.5379680e-03
1.5925600e-03
4.1836580e-03
5.6704030e-03
6.0976630e-03
6.0344410e-03
6.2587770e-03
7.2570790e-03
8.7978690e-03
1.0074550e-02
1.0462050e-02
1.0099030e-02
9.5504180e-03
8.9854940e-03
7.9392640e-03
5.9630540e-03
3.2077810e-03
2.2001240e-04
-2.5780890e-03
-4.9152790e-03
-6.4254790e-03
-6.8058340e-03
-6.2969960e-03
-5.6617130e-03
-5.5230320e-03
-5.8819730e-03
-6.4336390e-03
-7.1301070e-03
-8.3037990e-03
-1.0358530e-02
-1.3457440e-02
-1.7295650e-02
-2.0949300e-02
-2.3102950e-02
-2.2839860e-02
-2.0341560e-02
-1.6686890e-02
-1.2882330e-02
-9.1777030e-03
-5.2252830e-03
-6.6001510e-04
4.5181030e-03
9.8134860e-03
1.4289020e-02
1.6978010e-02
1.7582700e-02
1.6783250e-02
1.5688070e-02
1.4911050e-02
1.4232940e-02
1.3082700e-02
1.1179910e-02
8.7509370e-03
6.3464470e-03
4.5752000e-03
3.9236010e-03
4.6057900e-03
6.4524960e-03
8.7437970e-03
1.0176500e-02
9.3525660e-03
5.8488220e-03
9.8885500e-04
-2.8085680e-03
-3.8609150e-03
-2.4659440e-03
-2.6743690e-04
1.4395670e-03
2.5316830e-03
3.3515330e-03
3.7206710e-03
2.9518050e-03
6.6967950e-04
-2.6423580e-03
-5.9085100e-03
-8.0805040e-03
-8.6209550e-03
-7.5971600e-03
-5.5189790e-03
-3.0400500e-03
-7.3753190e-04
9.8578780e-04
1.9647150e-03
2.4082910e-03
2.8559460e-03
3.7329010e-03
4.7312020e-03
4.7628140e-03
2.7549930e-03
-1.3707790e-03
-6.4999510e-03
-1.1041770e-02
-1.3785820e-02
-1.4215120e-02
-1.2380650e-02
-8.7525060e-03
-4.1627640e-03
4.4227290e-04
4.3926530e-03
7.4099930e-03
9.2862700e-03
9.6492880e-03
8.2889850e-03
5.7162420e-03
3.1098480e-03
1.4772820e-03
8.3282110e-04
3.5967260e-04
-6.2129470e-04
-1.8979800e-03
-2.5873070e-03
-2.0723520e-03
-6.9981410e-04
4.4328730e-04
4.6470100e-04
-5.6419280e-04
-1.8123250e-03
-2.6199400e-03
-3.1277600e-03
-3.9129420e-03
-5.1080490e-03
-6.0839180e-03
-6.0523060e-03
-4.8347660e-03
-2.9656270e-03
-1.1678680e-03
7.6185590e-05
5.5137300e-04
2.0874810e-04
-7.6508090e-04
-1.8419010e-03
-2.3272860e-03
-1.7888770e-03
-4.0512230e-04
1.0602100e-03
1.7403590e-03
1.2835260e-03
2.3933720e-04
-1.7976630e-04
1.0714250e-03
4.0204430e-03
7.5211280e-03
1.0003110e-02
1.0449750e-02
8.7906750e-03
5.6030420e-03
1.6934500e-03
-1.9510150e-03
-4.1729770e-03
-4.0924200e-03
-1.7837820e-03
1.5863790e-03
4.4925690e-03
6.0150050e-03
6.1710210e-03
5.4939300e-03
4.4201690e-03
3.0384530e-03
1.2243780e-03
-1.1056730e-03
-3.8058810e-03
-6.4347090e-03
-8.3915450e-03
-9.1818250e-03
-8.6342380e-03
-6.8905230e-03
-4.2596560e-03
-1.1332060e-03
1.9779460e-03
4.3997720e-03
5.4755720e-03
4.9443000e-03
3.2678870e-03
1.5292710e-03
8.2260720e-04
1.5455860e-03
3.1434800e-03
4.5302940e-03
4.8035780e-03
3.6757720e-03
1.4252580e-03
-1.3850790e-03
-4.1423910e-03
-6.3663920e-03
-7.9051440e-03
-9.0023580e-03
-1.0038390e-02
-1.1074430e-02
-1.1704610e-02
-1.1405830e-02
-1.0041450e-02
-7.9245190e-03
-5.4741420e-03
-2.9717590e-03
-6.5904280e-04
1.1703280e-03
2.3929670e-03
3.2566660e-03
4.0632610e-03
4.6373610e-03
4.3712160e-03
2.9691060e-03
9.5924580e-04
-7.3552230e-04
-1.6491880e-03
-1.9724380e-03
-1.9224720e-03
-1.2117300e-03
7.0125730e-04
3.9031660e-03
7.6618380e-03
1.0720980e-02
1.1966060e-02
1.1048310e-02
8.5948780e-03
5.8018760e-03
3.6258020e-03
2.2063570e-03
1.0357240e-03
-3.7250440e-04
-2.0285230e-03
-3.5591170e-03
-4.5472220e-03
-4.7511650e-03
-4.1668680e-03
-3.0411010e-03
-1.7348450e-03
-4.6427900e-04
7.8793230e-04
1.9881380e-03
2.7437480e-03
2.4735230e-03
9.6944170e-04
-1.3045250e-03
-3.5326040e-03
-5.0703360e-03
-5.5975290e-03
-4.9408320e-03
-3.0665940e-03
-3.3069620e-04
2.4541490e-03
4.4609500e-03
5.4103050e-03
5.6744120e-03
5.8569410e-03
6.2893010e-03
6.8725780e-03
7.2172420e-03
6.9113270e-03
5.7845410e-03
4.0612210e-03
2.2002390e-03
5.1158960e-04
-1.0546940e-03
-2.6811410e-03
-4.3810080e-03
-6.0278490e-03
-7.6308430e-03
-9.3154140e-03
-1.0960220e-02
-1.2027860e-02
-1.1979930e-02
-1.0808280e-02
-9.0166360e-03
-7.0638800e-03
-5.0020140e-03
-2.6750220e-03
-1.9201350e-04
1.9504100e-03
3.2291340e-03
3.5472850e-03
3.3372240e-03
3.2179180e-03
3.5156750e-03
4.0836570e-03
4.5241740e-03
4.6047310e-03
4.4395380e-03
4.3365460e-03
4.5241740e-03
5.0187360e-03
5.6224090e-03
6.0200980e-03
5.9629940e-03
5.4837270e-03
4.9198250e-03
4.6852900e-03
4.9504160e-03
5.5704030e-03
6.2566740e-03
6.7491970e-03
6.8450500e-03
6.3831190e-03
5.3338310e-03
3.9266220e-03
2.5622420e-03
1.5782170e-03
1.0102360e-03
5.6461960e-04
-1.8793070e-04
-1.5268180e-03
-3.3490500e-03
-5.1641440e-03
-6.3776060e-03
-6.6784220e-03
-6.2032350e-03
-5.2936480e-03
-4.1505460e-03
-2.7718890e-03
-1.2107040e-03
2.3627310e-04
1.1958260e-03
1.5313120e-03
1.4456570e-03
1.2967790e-03
1.3141140e-03
1.4405590e-03
1.3630600e-03
7.5938900e-04
-3.2150970e-04
-1.2871810e-03
-1.3697780e-03
-2.8581910e-04
1.4701330e-03
3.0568100e-03
3.9062340e-03
3.9602790e-03
3.4412450e-03
2.6173140e-03
1.7372990e-03
9.2662500e-04
-7.4345780e-06
-1.5400670e-03
-3.9914640e-03
-7.0414360e-03
-9.7589780e-03
-1.1169250e-02
-1.0857220e-02
-9.1502070e-03
-6.8344320e-03
-4.7225990e-03
-3.3368050e-03
-2.7800400e-03
-2.7729020e-03
-2.7841180e-03
-2.2375500e-03
-7.7221790e-04
1.4833940e-03
3.7757160e-03
4.9749030e-03
4.2417260e-03
1.6873390e-03
-1.5992060e-03
-4.3565180e-03
-6.0808570e-03
-7.1729720e-03
-8.1682150e-03
-9.0054030e-03
-9.1247080e-03
-8.1488400e-03
-6.2552270e-03
-3.9394510e-03
-1.6848590e-03
6.9052820e-05
9.4193010e-04
8.4403760e-04
1.4553250e-04
-6.2435280e-04
-1.2392410e-03
-1.7909070e-03
-2.3242190e-03
-2.6464480e-03
-2.5393780e-03
-1.9357060e-03
-8.3951070e-04
7.2779330e-04
2.5622620e-03
4.2203210e-03
5.3165170e-03
5.8202560e-03
5.9283470e-03
5.7570340e-03
5.3675030e-03
5.0034660e-03
4.9677760e-03
5.1737580e-03
5.0615900e-03
4.1275300e-03
2.4521370e-03
5.7688010e-04
-9.8838360e-04
-1.9713890e-03
-2.2202000e-03
-1.6899470e-03
-6.0802810e-04
5.9625690e-04
1.6333080e-03
2.5235210e-03
3.3607080e-03
4.0255640e-03
4.2590790e-03
3.9531640e-03
3.2465020e-03
2.4154330e-03
1.7862680e-03
1.7159090e-03
2.4419470e-03
3.8104070e-03
5.2135360e-03
5.9395730e-03
5.6652720e-03
4.6628900e-03
3.5218290e-03
2.6560900e-03
2.0279460e-03
1.3528940e-03
5.6363430e-04
3.4402090e-05
2.6383870e-04
1.2927330e-03
2.5031360e-03
3.0446050e-03
2.4858020e-03
1.1020470e-03
-4.0101370e-04
-1.3677040e-03
-1.5074040e-03
-9.0373240e-04
1.1700380e-04
1.1407990e-03
1.8025950e-03
1.8974300e-03
1.4426360e-03
6.5133730e-04
-1.6545490e-04
-7.2833770e-04
-9.5369450e-04
-1.0475080e-03
-1.4064470e-03
-2.2905410e-03
-3.5498890e-03
-4.7042080e-03
-5.3374510e-03
-5.3874170e-03
-5.0590670e-03
-4.5594060e-03
-4.0403700e-03
-3.7313960e-03
-3.9434960e-03
-4.8357470e-03
-6.2205210e-03
-7.6389460e-03
-8.5903390e-03
-8.6902720e-03
-7.7511130e-03
-5.8758550e-03
-3.5182710e-03
-1.3197630e-03
2.2204850e-04
9.5114600e-04
9.5420560e-04
3.8928340e-04
-5.6211110e-04
-1.6674830e-03
-2.7789730e-03
-3.9791780e-03
-5.4812200e-03
-7.2259530e-03
-8.6219440e-03
-8.8432220e-03
-7.4880190e-03
-4.9550430e-03
-2.1436850e-03
1.7209000e-04
1.7546900e-03
2.8478260e-03
3.8451090e-03
4.9820930e-03
6.1710820e-03
7.0398800e-03
7.1744840e-03
6.4729200e-03
5.3053460e-03
4.3101030e-03
3.9583020e-03
4.2703350e-03
4.8648300e-03
5.2869930e-03
5.2737370e-03
4.7944720e-03
3.9215950e-03
2.7866520e-03
1.7026940e-03
1.1816200e-03
1.6160190e-03
2.8702710e-03
4.2805380e-03
5.1778890e-03
5.3736760e-03
5.0514450e-03
4.3203100e-03
3.0966510e-03
1.4916190e-03
1.3947540e-04
-7.8743240e-05
1.3050110e-03
3.9307810e-03
6.7747700e-03
8.6836780e-03
8.9335090e-03
7.5568930e-03
5.2615140e-03
2.9386010e-03
1.0878170e-03
-3.5202140e-04
-1.6643960e-03
-2.9553550e-03
-4.1259890e-03
-5.0936980e-03
-5.9115100e-03
-6.6304090e-03
-7.1637200e-03
-7.3125990e-03
-6.8761590e-03
-5.7544710e-03
-4.0505250e-03
-2.1385560e-03
-5.1618800e-04
5.3717930e-04
1.1439110e-03
1.5946260e-03
1.9515280e-03
1.9923160e-03
1.5252870e-03
5.9836590e-04
-6.3650960e-04
-2.0998010e-03
-3.6334540e-03
-4.7622790e-03
-4.8367170e-03
-3.5620720e-03
-1.3523460e-03
8.7471380e-04
2.2360350e-03
2.2849830e-03
1.1092500e-03
-7.7212510e-04
-2.6443230e-03
-3.9210070e-03
-4.4023120e-03
-4.2615900e-03
-3.7843630e-03
-3.1297050e-03
-2.3190300e-03
-1.3768120e-03
-4.0196240e-04
4.3828430e-04
9.3998520e-04
8.9307880e-04
2.0171210e-04
-9.4648750e-04
-2.0498190e-03
-2.5678350e-03
-2.2843530e-03
-1.4298300e-03
-4.3662630e-04
4.4033010e-04
1.2744580e-03
2.2717410e-03
3.4413570e-03
4.4009090e-03
4.5253160e-03
3.3771170e-03
1.1306820e-03
-1.3982130e-03
-3.2469570e-03
-3.8924370e-03
-3.4315240e-03
-2.2721060e-03
-7.8637970e-04
7.6256960e-04
2.1351080e-03
3.1130160e-03
3.5963620e-03
3.6208370e-03
3.3026850e-03
2.8611490e-03
2.6276350e-03
2.9060180e-03
3.7411660e-03
4.8404210e-03
5.7275740e-03
5.9743460e-03
5.3411030e-03
3.8645550e-03
1.8852870e-03
-7.1547260e-05
-1.5868440e-03
-2.5545550e-03
-3.1286540e-03
-3.4916720e-03
-3.7037730e-03
-3.6884760e-03
-3.3091400e-03
-2.4362630e-03
-1.0708630e-03
5.7495960e-04
2.1075930e-03
3.1099750e-03
3.3271750e-03
2.7612340e-03
1.6497440e-03
3.4450790e-04
-8.7303230e-04
-1.8784720e-03
-2.6585540e-03
-3.1796280e-03
-3.3448220e-03
-3.0521620e-03
-2.2761570e-03
-1.1228570e-03
1.6912320e-04
1.3061070e-03
2.1076050e-03
2.5960490e-03
2.8989060e-03
3.0804160e-03
3.1181470e-03
3.0273920e-03
2.9152240e-03
2.8591410e-03
2.7938790e-03
2.5481280e-03
1.9913640e-03
1.1399030e-03
1.6301480e-04
-7.1394020e-04
-1.3584000e-03
-1.7968780e-03
-2.0772990e-03
-2.1129880e-03
-1.7938150e-03
-1.3053710e-03
-1.1799450e-03
-1.8346020e-03
-3.1133260e-03
-4.4022460e-03
-5.2149590e-03
-5.5626810e-03
-5.7910970e-03
-6.2091800e-03
-6.8730140e-03
-7.5205330e-03
-7.6031300e-03
-6.5742350e-03
-4.3390170e-03
-1.4369050e-03
1.3316250e-03
3.4067480e-03
4.5865610e-03
4.8363910e-03
4.2684100e-03
3.3007010e-03
2.5614080e-03
2.3941740e-03
2.5287780e-03
2.3401310e-03
1.4183090e-03
-1.3369850e-04
-1.8274460e-03
-3.0755770e-03
-3.4355360e-03
-2.8390020e-03
-1.6806040e-03
-5.5993530e-04
2.1402990e-04
8.6664890e-04
1.8435380e-03
3.2762400e-03
4.7476910e-03
5.5604050e-03
5.2096240e-03
3.6810700e-03
1.4366760e-03
-8.8113830e-04
-2.7992230e-03
-4.1758390e-03
-5.0456560e-03
-5.3760440e-03
-5.0293400e-03
-4.0065630e-03
-2.5973150e-03
-1.2257970e-03
-1.5305440e-04
5.7910250e-04
9.5639820e-04
8.9011740e-04
3.7312210e-04
-3.5189520e-04
-9.0254110e-04
-1.0361240e-03
-7.7405530e-04
-2.6011780e-04
3.8230410e-04
1.0471590e-03
1.6049450e-03
1.9659250e-03
2.1596720e-03
2.2901960e-03
2.4023660e-03
2.4349980e-03
2.3248700e-03
2.1158280e-03
1.9516550e-03
1.9383990e-03
2.0383320e-03
2.1148110e-03
2.1086940e-03
2.1627400e-03
2.4839510e-03
3.0570310e-03
3.5230430e-03
3.4588020e-03
2.7929280e-03
1.9027170e-03
1.2817100e-03
1.1511870e-03
1.3826640e-03
1.6977570e-03
1.8537740e-03
1.6875610e-03
1.1338560e-03
2.5282230e-04
-7.8014940e-04
-1.7621350e-03
-2.5330400e-03
-3.0225020e-03
-3.2866090e-03
-3.4997280e-03
-3.8168590e-03
-4.1686600e-03
-4.2573750e-03
-3.8443890e-03
-3.0275960e-03
-2.1720530e-03
-1.5296310e-03
-1.0513840e-03
-5.9047150e-04
-2.1623490e-04
-1.6218910e-04
-4.7932010e-04
-8.5151570e-04
-8.6986970e-04
-4.7727840e-04
-4.3898280e-05
2.5443180e-05
-2.9780610e-04
-6.7102140e-04
-7.2506560e-04
-3.3043470e-04
4.0580110e-04
1.3000930e-03
2.1627740e-03
2.8143720e-03
3.1202880e-03
3.0254560e-03
2.5064210e-03
1.5244350e-03
9.7852990e-05
-1.5408300e-03
-2.9776090e-03
-3.8555830e-03
-4.0901180e-03
-3.8372270e-03
-3.2947370e-03
-2.5574820e-03
-1.6336190e-03
-5.1295010e-04
7.6169580e-04
2.0169670e-03
2.9428690e-03
3.2477650e-03
2.8745510e-03
2.0567390e-03
1.1369560e-03
3.7216970e-04
-8.0583530e-05
-8.1602480e-05
4.7210410e-04
1.5203730e-03
2.7736050e-03
3.8035190e-03
4.1869330e-03
3.6383260e-03
2.1403640e-03
3.0572390e-05
-2.0934950e-03
-3.6536600e-03
-4.3450270e-03
-4.1696350e-03
-3.3202100e-03
-2.1026690e-03
-9.0654140e-04
-8.8728280e-05
2.0291130e-04
8.6664390e-05
-1.8050040e-04
-3.6914710e-04
-3.1408170e-04
7.3411120e-05
7.3826670e-04
1.4367730e-03
1.8752520e-03
1.9507120e-03
1.8048920e-03
1.6162460e-03
1.3755940e-03
9.3507720e-04
2.6104570e-04
-4.2114350e-04
-7.4643220e-04
-4.4357580e-04
5.0374110e-04
1.8242740e-03
3.0173430e-03
3.5639110e-03
3.2059910e-03
2.0761470e-03
5.3637660e-04
-1.1125030e-03
-2.6930630e-03
-3.9687270e-03
-4.5866740e-03
-4.3348030e-03
-3.4201180e-03
-2.3524740e-03
-1.5122270e-03
-9.1569230e-04
-3.9053780e-04
1.2645900e-04
5.6085880e-04
8.6473490e-04
1.0768360e-03
1.2267350e-03
1.3001560e-03
1.3694980e-03
1.6489000e-03
2.3412880e-03
3.4079120e-03
4.5408170e-03
5.3657680e-03
5.6798410e-03
5.5238250e-03
5.0853490e-03
4.5418400e-03
3.9789580e-03
3.3997600e-03
2.7807940e-03
2.0659730e-03
1.1482290e-03
-6.8291210e-05
-1.5203670e-03
-2.9377710e-03
-4.0135710e-03
-4.6468130e-03
-4.9996340e-03
-5.3116670e-03
-5.6808030e-03
-6.0009930e-03
-6.0764520e-03
-5.7858320e-03
-5.1892970e-03
-4.5009880e-03
