0.01
5.6525930e-04
7.0856940e-04
1.2621970e-03
2.0521710e-03
1.9654500e-03
9.5069630e-04
-3.6068470e-04
-1.1468540e-03
-1.2043750e-03
-9.3309490e-04
1.1569050e-05
9.0933520e-04
1.4466240e-03
1.8728810e-03
2.0228520e-03
2.0193820e-03
1.7648560e-03
5.7884660e-04
-1.5369330e-03
-3.1963410e-03
-3.4242100e-03
-2.0001620e-03
1.5075240e-04
1.4380600e-03
1.5768730e-03
1.3811700e-03
1.2968570e-03
1.7128170e-03
1.9523270e-03
1.4109330e-03
3.7760090e-04
-5.5992230e-04
-5.2312920e-04
7.1065190e-04
2.2425670e-03
2.1576540e-03
7.6599320e-04
-4.1291640e-04
3.2538020e-04
3.1167750e-03
5.4896080e-03
4.9507900e-03
1.0361540e-03
-4.2278970e-03
-8.4898190e-03
-9.4512810e-03
-7.2835270e-03
-3.5712550e-03
-4.1134290e-04
2.2245860e-03
5.9257690e-03
1.0057830e-02
1.1691630e-02
8.1052980e-03
-4.4934000e-04
-8.3011520e-03
-9.2207950e-03
-3.0657330e-03
3.5285100e-03
5.0584530e-03
2.4470650e-03
1.3324520e-04
6.3012380e-04
2.0928310e-03
2.1505580e-03
-8.7385050e-04
-4.0637290e-03
-3.8494550e-03
3.9660700e-04
4.1363750e-03
2.7545220e-03
-1.2528370e-03
-3.3280000e-03
-1.6781190e-03
1.2033490e-03
1.0331510e-03
-2.7524380e-03
-6.0937570e-03
-3.8816520e-03
3.9081130e-03
1.1315830e-02
1.1775340e-02
4.5049580e-03
-4.7071150e-03
-9.9330000e-03
-8.2265360e-03
-1.0749740e-03
6.0012290e-03
6.7277480e-03
1.8182600e-03
-7.2071990e-04
3.9877560e-03
1.2123600e-02
1.3621290e-02
4.7125700e-03
-7.4619670e-03
-1.5722000e-02
-1.5371020e-02
-7.4646300e-03
1.8240350e-03
5.4363860e-03
9.9538100e-04
-3.4009590e-03
-1.2934270e-03
6.1492120e-03
1.2036340e-02
1.0552500e-02
2.6626660e-03
-4.7419370e-03
-6.4392030e-03
-2.1478850e-03
1.8044570e-03
2.3836680e-03
1.2491620e-03
8.3908850e-04
1.6106680e-03
3.3387900e-03
4.2305020e-03
1.9933750e-03
-3.1972730e-03
-7.7674160e-03
-8.2761930e-03
-4.5524750e-03
1.5461760e-03
7.2522490e-03
9.0273660e-03
4.0078760e-03
-5.7068640e-03
-1.5990950e-02
-2.2339210e-02
-2.1466950e-02
-1.2679130e-02
-4.2504400e-04
9.3878870e-03
1.2435720e-02
9.7982870e-03
5.9907130e-03
2.1535500e-03
4.5877050e-04
-1.0385310e-03
-2.7894920e-03
-3.8748940e-03
-1.6626710e-03
3.1806050e-03
4.9383630e-03
-4.1339650e-03
-2.3372930e-02
-4.4559640e-02
-6.0494740e-02
-6.9267360e-02
-6.9604940e-02
-5.9748680e-02
-4.0695060e-02
-2.2074690e-02
-1.1308180e-02
-7.0503330e-03
-4.1736640e-03
4.5711700e-03
2.4949920e-02
5.6969090e-02
9.1539820e-02
1.1971660e-01
1.3433820e-01
1.3377180e-01
1.2125420e-01
9.3639250e-02
4.0276060e-02
-3.7938360e-02
-1.1373830e-01
-1.5412710e-01
-1.5470390e-01
-1.1915800e-01
-5.3464970e-02
2.9165210e-02
9.8432700e-02
1.2518560e-01
1.1300880e-01
7.5283420e-02
1.4786460e-02
-5.2339700e-02
-9.1538050e-02
-8.8072860e-02
-5.4403410e-02
-9.4435910e-03
2.4374530e-02
3.5837440e-02
3.1006650e-02
1.0874910e-02
-2.0602610e-02
-4.7839930e-02
-5.3573300e-02
-2.7082800e-02
1.5947200e-02
5.2966550e-02
7.7404360e-02
8.5947280e-02
7.1197450e-02
3.0287680e-02
-2.4224770e-02
-7.4321430e-02
-1.0467880e-01
-1.0576830e-01
-8.1450670e-02
-3.9325200e-02
9.9336320e-03
5.8014350e-02
9.0601250e-02
9.5289390e-02
6.5816450e-02
1.0347640e-02
-4.3953100e-02
-7.1489990e-02
-6.9640820e-02
-4.7995820e-02
-1.5933730e-02
1.7343710e-02
4.0698060e-02
4.7809220e-02
3.8397820e-02
1.3607320e-02
-2.0191720e-02
-4.4898080e-02
-5.0978920e-02
-4.2415430e-02
-2.6734460e-02
-1.0084810e-02
4.8479070e-03
1.8800010e-02
3.0143990e-02
3.9611720e-02
4.5583440e-02
4.3249650e-02
3.3020070e-02
2.2870210e-02
1.8139300e-02
1.5574900e-02
1.0964010e-02
3.5504230e-03
-6.6049650e-03
-1.7113010e-02
-2.5543890e-02
-3.0766860e-02
-3.4338310e-02
-3.7882680e-02
-4.1304340e-02
-4.2667440e-02
-3.7736860e-02
-2.2875180e-02
3.9176450e-05
2.1426190e-02
3.6666310e-02
4.6068090e-02
5.2836480e-02
5.6200060e-02
5.0415120e-02
3.3918690e-02
9.6138970e-03
-1.4694390e-02
-3.3344860e-02
-4.6570070e-02
-5.4764120e-02
-5.2833640e-02
-3.6364310e-02
-7.5439740e-03
2.1947960e-02
4.0620090e-02
4.0910190e-02
2.5051400e-02
4.5461210e-03
-8.4553150e-03
-8.6865080e-03
9.5826540e-05
7.7017540e-03
6.2670040e-03
-4.2462330e-03
-1.6092710e-02
-2.2163980e-02
-2.1318850e-02
-1.6359330e-02
-9.1222290e-03
1.6078970e-04
7.6481500e-03
1.0667250e-02
1.0347580e-02
8.5712790e-03
6.7075640e-03
5.0056470e-03
3.0602240e-03
1.9995930e-03
5.2947960e-03
1.3816760e-02
2.6332860e-02
3.6631680e-02
3.8396930e-02
2.7880930e-02
8.5432270e-03
-1.1190200e-02
-2.5097350e-02
-3.2959800e-02
-3.6346730e-02
-3.3309020e-02
-2.3272330e-02
-9.3878050e-03
3.6050290e-03
1.2126300e-02
1.1170110e-02
-3.2967050e-05
-1.6000000e-02
-2.8668250e-02
-3.4767710e-02
-3.4636240e-02
-2.8926720e-02
-1.6897230e-02
2.0552940e-04
1.9238080e-02
3.5438340e-02
4.4382310e-02
4.3594870e-02
3.5111770e-02
2.3044510e-02
1.0887980e-02
-1.6273130e-04
-9.3305220e-03
-1.4757110e-02
-1.7104950e-02
-1.6643560e-02
-1.1924310e-02
-3.2203570e-03
8.4124470e-03
1.9286400e-02
2.5257020e-02
2.3611250e-02
1.2720640e-02
-4.1552560e-03
-2.0011630e-02
-2.9063680e-02
-2.8656210e-02
-1.9128920e-02
-3.4306580e-03
1.3768520e-02
2.7542800e-02
3.2865760e-02
2.6393400e-02
9.8375400e-03
-1.1143520e-02
-3.0801100e-02
-4.4767480e-02
-4.9935250e-02
-4.4590110e-02
-2.8754650e-02
-6.9703910e-03
1.2933200e-02
2.6625440e-02
3.3308360e-02
3.4990770e-02
3.3665670e-02
3.0579540e-02
2.6501810e-02
2.4419600e-02
2.7317750e-02
2.9466530e-02
2.1400070e-02
1.4767140e-03
-1.3555780e-02
-1.2642770e-02
-2.7031670e-03
5.6666210e-04
-1.4438570e-02
-4.5475940e-02
-7.7598560e-02
-9.6331650e-02
-9.5550300e-02
-7.4351510e-02
-3.6378210e-02
7.8669840e-03
4.5924620e-02
7.1032370e-02
8.0794500e-02
7.6229670e-02
6.0543120e-02
3.8991680e-02
1.5865210e-02
-6.9467730e-03
-2.5748900e-02
-3.6697610e-02
-4.0496250e-02
-3.8799160e-02
-3.1596310e-02
-1.8988480e-02
-5.3092580e-03
3.3171800e-03
3.2544900e-03
-2.4614660e-03
-6.8713670e-03
-4.4271820e-03
5.0793370e-03
1.8178590e-02
2.9772390e-02
3.4182340e-02
2.9551850e-02
1.8915400e-02
6.6783730e-03
-3.3986170e-03
-1.0521810e-02
-1.5637140e-02
-2.0012730e-02
-2.1956180e-02
-2.0289910e-02
-1.3895050e-02
-3.3677830e-03
8.8476480e-03
2.1454140e-02
3.3546180e-02
4.3241440e-02
4.8173730e-02
4.5078360e-02
3.3870840e-02
1.7424910e-02
1.0995110e-03
-9.0100160e-03
-1.2853550e-02
-1.4962620e-02
-1.8039830e-02
-2.2222140e-02
-2.6671340e-02
-2.7431410e-02
-2.1899160e-02
-1.0924260e-02
3.3551820e-03
1.7499290e-02
2.8246550e-02
3.3588760e-02
3.2882620e-02
2.6598570e-02
1.6534470e-02
6.0165370e-03
-1.4449110e-03
-7.5058290e-03
-1.3821910e-02
-2.2353450e-02
-3.2883310e-02
-4.3125190e-02
-5.0150310e-02
-5.1315860e-02
-4.3745660e-02
-2.8800820e-02
-1.0943100e-02
7.8433860e-03
2.4859920e-02
3.6238020e-02
3.9867230e-02
3.4418840e-02
2.0539950e-02
1.6201010e-03
-1.5235590e-02
-2.5443980e-02
-2.9240170e-02
-2.8970400e-02
-2.6968360e-02
-2.4410730e-02
-2.1644080e-02
-1.8858590e-02
-1.5498910e-02
-1.1716230e-02
-8.4513410e-03
-5.4566830e-03
-1.4498240e-03
4.1280300e-03
1.3692700e-02
2.7834440e-02
4.3428440e-02
5.5521410e-02
6.0061130e-02
5.3655760e-02
3.6891140e-02
1.3264320e-02
-1.2283390e-02
-3.0845620e-02
-3.5276640e-02
-2.6195100e-02
-1.0569720e-02
3.8426210e-03
1.2651350e-02
1.4261400e-02
8.6231310e-03
-6.7792050e-04
-7.2904050e-03
-7.5521660e-03
-3.0246510e-03
3.6147030e-03
9.4983550e-03
1.0950460e-02
5.1015510e-03
-6.0241970e-03
-1.7935940e-02
-2.4437590e-02
-2.2841360e-02
-1.2698490e-02
1.8348140e-03
1.2696830e-02
1.6764100e-02
1.3017690e-02
2.5364470e-03
-1.0879250e-02
-2.2333450e-02
-2.5125270e-02
-1.6164110e-02
1.7935220e-03
2.0465650e-02
3.2393390e-02
3.6332000e-02
3.3262610e-02
2.5041550e-02
1.2421010e-02
-2.6423100e-03
-1.6854370e-02
-2.8031150e-02
-3.4327960e-02
-3.5379410e-02
-3.2066650e-02
-2.4425650e-02
-1.5225010e-02
-8.7378490e-03
-6.4948410e-03
-8.2406910e-03
-1.2496500e-02
-1.6187360e-02
-1.6521730e-02
-1.3557250e-02
-8.5136360e-03
-2.2728930e-03
4.7871160e-03
1.2117840e-02
1.9243590e-02
2.5123240e-02
3.0636710e-02
3.5314260e-02
3.7846900e-02
3.8449200e-02
3.8062870e-02
3.6610470e-02
3.3841680e-02
2.9952940e-02
2.4220900e-02
1.7843690e-02
1.1441480e-02
4.8010400e-03
-1.1635780e-03
-5.7498950e-03
-8.8877640e-03
-1.0615910e-02
-1.1241800e-02
-1.0060810e-02
-5.9106430e-03
-2.8904930e-04
4.7039260e-03
6.9649720e-03
5.7538660e-03
1.9948250e-03
-2.5029110e-03
-5.3138830e-03
-7.1702240e-03
-9.3795320e-03
-9.2195440e-03
-7.9567880e-03
-6.9328360e-03
-6.5809970e-03
-5.3439150e-03
-4.9817830e-03
-5.0198040e-03
-6.2149160e-03
-7.1281120e-03
-6.4330000e-03
-5.2125340e-03
-3.7069740e-03
-3.2355260e-03
-3.9456890e-03
-6.9431710e-03
-1.1789280e-02
-1.7096910e-02
-2.1959530e-02
-2.5585570e-02
-2.7293850e-02
-2.7230830e-02
-2.4457690e-02
-1.8943810e-02
-1.2124580e-02
-5.7743790e-03
-7.0665030e-04
3.4743620e-03
6.8283340e-03
9.2460470e-03
9.7914380e-03
8.8731280e-03
7.3040380e-03
6.8399780e-03
8.2656620e-03
1.2911270e-02
1.8309520e-02
2.2196560e-02
2.2450780e-02
1.8596890e-02
1.1491340e-02
1.8684570e-03
-6.9380220e-03
-1.2234570e-02
-1.3737100e-02
-1.3956690e-02
-1.3177460e-02
-1.1185250e-02
-9.1767940e-03
-7.1763100e-03
-5.5598840e-03
-3.9212110e-03
-3.3533840e-03
-3.8341890e-03
-4.4924530e-03
-3.0569980e-03
7.5747480e-04
6.0368870e-03
1.2540550e-02
1.9174890e-02
2.3369370e-02
2.4962200e-02
2.3436870e-02
2.0244650e-02
1.4415080e-02
7.4260050e-03
7.6996990e-04
-3.6722630e-03
-6.6123230e-03
-9.0215050e-03
-1.1164430e-02
-1.3149600e-02
-1.4357950e-02
-1.6019360e-02
-1.6592010e-02
-1.6172410e-02
-1.4211540e-02
-1.1405100e-02
-7.3771010e-03
-3.1793980e-03
-4.9133120e-04
1.0628050e-03
1.0411450e-03
3.3892440e-04
2.0930720e-04
1.5018560e-03
2.0386890e-03
2.2258320e-03
1.6358240e-03
-4.6716390e-04
-2.8886920e-03
-4.8765130e-03
-5.5853910e-03
-3.7304110e-03
7.4807820e-05
5.0225240e-03
9.2096990e-03
1.1712210e-02
1.0925230e-02
8.3699950e-03
5.1784160e-03
1.7328800e-03
-1.3520950e-03
-3.6455650e-03
-5.3711810e-03
-6.6452510e-03
-7.6312000e-03
-6.3817870e-03
-2.1648650e-03
1.5724940e-03
3.9628810e-03
6.5642630e-03
9.7410940e-03
1.1457930e-02
1.0744910e-02
9.0541490e-03
7.7027160e-03
6.4957800e-03
4.2268410e-03
2.1594730e-03
4.0385230e-04
-6.1088410e-04
-1.0543360e-03
-4.6495580e-04
1.3509370e-03
4.2690560e-03
7.9210050e-03
1.1798740e-02
1.4488570e-02
1.5695670e-02
1.5097610e-02
1.2611230e-02
9.3543840e-03
6.1033610e-03
3.3552530e-03
3.7160490e-03
4.8444380e-03
4.6070250e-03
2.7179210e-03
4.6066450e-04
-1.2988980e-03
-3.2559090e-03
-5.2639290e-03
-7.9549880e-03
-1.1159340e-02
-1.4464870e-02
-1.7925270e-02
-2.0711860e-02
-2.3024790e-02
-2.4570380e-02
-2.6077680e-02
-2.6707840e-02
-2.6705860e-02
-2.5112850e-02
-2.1311660e-02
-1.6203560e-02
-1.0092860e-02
-3.2042420e-03
2.3803960e-03
5.9645060e-03
7.7482920e-03
8.1199600e-03
8.1633400e-03
8.0926720e-03
8.4712370e-03
1.0254630e-02
1.3163100e-02
1.6968090e-02
2.1172160e-02
2.3893860e-02
2.4710130e-02
2.3182580e-02
1.8273740e-02
1.1389280e-02
5.4271260e-03
6.3177050e-04
-2.5272840e-03
-3.7878860e-03
-4.1218400e-03
-4.5081900e-03
-4.3843590e-03
-3.9757450e-03
-4.0356320e-03
-4.0999000e-03
-3.8948710e-03
-3.5238510e-03
-2.1753280e-03
-9.3340190e-04
-1.3711800e-03
-2.6685150e-03
-3.0919810e-03
-3.5355390e-03
-5.0052750e-03
-5.9009020e-03
-5.4048940e-03
-4.0201640e-03
-2.9598150e-03
-1.4969820e-03
-6.5979250e-04
-5.0109450e-04
-3.4641520e-04
-3.0097010e-04
-1.1552420e-03
-3.0046560e-03
-4.4616390e-03
-6.1752920e-03
-8.3492220e-03
-1.0709500e-02
-1.3372760e-02
-1.5257560e-02
-1.5471650e-02
-1.3646050e-02
-1.0774320e-02
-6.4678290e-03
-2.5818740e-03
8.0334810e-04
2.8878600e-03
4.1738920e-03
3.7059680e-03
2.1224440e-03
4.4797290e-04
1.5180070e-04
2.0038520e-03
4.3181060e-03
6.5948210e-03
8.7504950e-03
1.0053080e-02
9.7824700e-03
8.7246400e-03
7.6366540e-03
6.4479930e-03
5.5726310e-03
5.6761660e-03
6.4711840e-03
6.4980250e-03
7.1633080e-03
7.5490120e-03
7.3929950e-03
7.5799430e-03
9.3926090e-03
1.2250050e-02
1.4214750e-02
1.3236830e-02
1.0116580e-02
5.7952760e-03
1.9226430e-03
-1.6361660e-03
-3.9119080e-03
-4.8908090e-03
-4.4029570e-03
-2.5559060e-03
3.5660530e-04
3.7792250e-03
5.6764830e-03
5.7000260e-03
3.3603750e-03
-8.9505040e-06
-4.1154790e-03
-8.2701510e-03
-1.3998960e-02
-1.7998760e-02
-1.8815360e-02
-1.8874880e-02
-1.7467060e-02
-1.3917560e-02
-8.3514800e-03
-1.9778400e-03
3.0596760e-03
6.1815740e-03
7.4203720e-03
7.8327640e-03
8.2815820e-03
7.7210970e-03
6.4626050e-03
6.1192820e-03
7.1370450e-03
7.5890240e-03
7.2723900e-03
6.3697610e-03
5.2249510e-03
3.8775580e-03
2.1955320e-03
1.4515980e-04
-1.5612740e-03
-2.6459000e-03
-2.7583730e-03
-2.6873590e-03
-2.6755890e-03
-2.7867950e-03
-2.8043530e-03
-2.1824280e-03
-8.4929430e-04
-2.2074140e-04
6.0368100e-04
1.5689220e-03
5.7573530e-04
-1.2599690e-03
-3.6481330e-03
-5.6346460e-03
-7.3380090e-03
-8.0014780e-03
-7.6013910e-03
-5.8933070e-03
-3.6389490e-03
-1.1688050e-03
9.4352290e-04
3.0483650e-03
5.1379550e-03
6.8131710e-03
7.7930540e-03
8.0728230e-03
7.7432800e-03
5.9062620e-03
3.3285980e-03
1.0415480e-03
-5.4207160e-04
-2.0314830e-03
-2.5635410e-03
-2.7593710e-03
-2.7462100e-03
-1.9458140e-03
-5.0135840e-04
-9.2869930e-06
4.2848880e-05
3.6266410e-05
3.3548450e-05
3.8753290e-05
1.1037330e-04
2.0644780e-04
-9.7947130e-05
-1.2727410e-03
-2.3468120e-03
-3.1086540e-03
-4.3462290e-03
-5.0623250e-03
-5.1644750e-03
-5.2095270e-03
-5.2712500e-03
-5.0385190e-03
-4.1236600e-03
-2.9827010e-03
-1.5664590e-03
2.2793050e-04
1.9829390e-03
3.4687740e-03
4.8915060e-03
5.4025290e-03
5.8257480e-03
5.6608850e-03
4.4963870e-03
2.9793480e-03
2.5283980e-03
2.7335290e-03
2.2491380e-03
1.1231230e-03
1.6677630e-03
2.6183790e-03
1.9078910e-03
6.4512330e-04
-2.5080690e-04
-1.9604750e-03
-3.6466260e-03
-5.5748340e-03
-7.3070510e-03
-7.7274000e-03
-7.6322630e-03
-7.7591520e-03
-8.8601050e-03
-1.0248200e-02
-1.0504390e-02
-1.0017220e-02
-8.6727840e-03
-7.6344530e-03
-5.8823940e-03
-3.6627600e-03
-1.2593460e-03
5.6053960e-04
2.5635890e-03
4.2804150e-03
5.3700610e-03
5.5003870e-03
5.5356560e-03
5.5362220e-03
5.3695990e-03
5.1305540e-03
5.4493620e-03
5.5659240e-03
5.5153830e-03
5.3462440e-03
5.5532420e-03
6.7699410e-03
7.9546150e-03
8.1245410e-03
8.0958160e-03
8.1069660e-03
8.2402460e-03
8.2763910e-03
7.6265630e-03
6.2799910e-03
5.6939030e-03
4.8368940e-03
3.2635240e-03
2.0085550e-03
5.2790090e-04
4.2804970e-04
2.8187490e-04
-8.9683140e-04
-2.8835300e-03
-4.8362500e-03
-6.7587410e-03
-8.8239130e-03
-1.0190170e-02
-1.0447360e-02
-9.8322130e-03
-8.0536950e-03
-5.9118200e-03
-3.8743670e-03
-1.9581080e-03
-3.3204440e-04
1.9101000e-04
1.4193430e-04
-1.1500660e-04
-3.3761340e-05
2.4959400e-04
2.4851090e-04
1.7490820e-04
4.8704880e-04
1.7449710e-03
2.8338860e-03
3.0437280e-03
2.7649890e-03
1.6540700e-03
4.9872510e-04
-6.4043400e-04
-1.9023160e-03
-2.3167230e-03
-3.3508040e-03
-4.9603290e-03
-6.7678990e-03
-7.9879610e-03
-9.5445890e-03
-1.0158070e-02
-1.0393670e-02
-1.0421030e-02
-9.3083240e-03
-6.6790160e-03
-3.4226450e-03
-2.8500560e-04
2.3260080e-03
4.3032000e-03
5.3196530e-03
5.5016000e-03
5.4410050e-03
5.2580200e-03
5.6102200e-03
7.4764250e-03
9.8302330e-03
1.0863590e-02
1.0240500e-02
8.1284040e-03
6.2870680e-03
4.7364690e-03
1.5178390e-03
-2.1277050e-03
-4.9525730e-03
-7.2223120e-03
-8.9050460e-03
-1.0120650e-02
-1.0653570e-02
-1.1188120e-02
-1.0940470e-02
-1.0800850e-02
-1.1011880e-02
-1.0929410e-02
-1.0560730e-02
-9.6132120e-03
-7.5627890e-03
-4.9976570e-03
-2.4045010e-03
2.0219270e-04
2.9082490e-03
5.6559930e-03
8.0019370e-03
9.4429150e-03
1.0570270e-02
1.1717110e-02
1.2969330e-02
1.3802580e-02
1.5381920e-02
1.6084450e-02
1.5658510e-02
1.4406830e-02
1.3517240e-02
1.3373620e-02
1.3343940e-02
1.3344230e-02
1.3429990e-02
1.3407160e-02
1.2612820e-02
1.0908350e-02
9.0538380e-03
6.2667940e-03
2.7991910e-03
-5.2100070e-04
-3.1620330e-03
-5.2090430e-03
-6.9985390e-03
-8.6648620e-03
-1.0231630e-02
-1.1498260e-02
-1.2903010e-02
-1.3358520e-02
-1.3850570e-02
-1.3838620e-02
-1.3182030e-02
-1.1966880e-02
-1.0718800e-02
-9.3699340e-03
-8.1262790e-03
-8.0502160e-03
-7.9078380e-03
-6.8706550e-03
-5.3965770e-03
-4.0316760e-03
-2.7581600e-03
-2.5342450e-03
-2.5502390e-03
-2.7044800e-03
-2.5914130e-03
-1.5704970e-03
-1.5697880e-04
1.6406730e-04
4.9853890e-05
-1.5311810e-04
1.3137140e-04
1.4637420e-03
2.5477170e-03
2.5335530e-03
2.7986840e-03
4.1809680e-03
5.3170380e-03
5.3564150e-03
4.5178100e-03
3.3029950e-03
2.7558150e-03
2.7280750e-03
2.7198750e-03
2.6103000e-03
2.4838850e-03
2.6183880e-03
3.6601880e-03
5.0509370e-03
5.7844950e-03
6.2370390e-03
5.6033560e-03
5.8174200e-03
7.2390170e-03
7.9208420e-03
8.0906490e-03
7.7362680e-03
6.3389690e-03
4.8868300e-03
3.3230070e-03
2.1343720e-03
7.9062430e-04
-1.6635370e-04
-1.5598090e-03
-2.3627880e-03
-3.2584580e-03
-4.5152960e-03
-4.9445000e-03
-5.7724240e-03
-7.2663710e-03
-7.7542330e-03
-7.1175560e-03
-5.6537410e-03
-4.3677420e-03
-2.5571180e-03
-9.1160210e-04
4.8541790e-04
2.0568300e-03
3.1436980e-03
3.0463260e-03
1.8153450e-03
7.3125100e-04
7.0809020e-04
7.7591860e-04
2.0823840e-04
-1.2788270e-03
-2.3933350e-03
-4.3916320e-03
-6.2625360e-03
-8.0565530e-03
-9.5465460e-03
-9.8040100e-03
-9.0836600e-03
-7.3246400e-03
-5.9759950e-03
-4.5928870e-03
-3.4262940e-03
-1.8574420e-03
-1.5920250e-03
-1.7054040e-03
-1.5862140e-03
-4.8372100e-04
9.4406080e-04
1.2079200e-03
1.2049620e-03
1.2227030e-03
1.2317410e-03
1.2241220e-03
1.2782840e-03
1.4800270e-03
1.6648890e-03
1.4004830e-03
1.4344050e-03
1.0100160e-03
-6.2713990e-04
-2.6830040e-03
-5.0805740e-03
-6.5789720e-03
-7.8776190e-03
-9.1276940e-03
-1.0397560e-02
-1.1860400e-02
-1.1771500e-02
-1.0459410e-02
-9.0355430e-03
-6.7351820e-03
-4.0075070e-03
-1.0149010e-03
1.2718660e-03
3.0971960e-03
3.8035360e-03
3.8392900e-03
3.7662040e-03
4.0399030e-03
5.1781440e-03
6.4050440e-03
7.2509810e-03
8.6585290e-03
9.4442700e-03
1.0323070e-02
1.1216850e-02
1.2010710e-02
1.2319100e-02
1.2525710e-02
1.2211710e-02
1.0995170e-02
1.0051400e-02
9.9569820e-03
9.7052840e-03
9.2657210e-03
9.4616450e-03
9.9647900e-03
9.6108690e-03
8.0090770e-03
6.3326670e-03
4.4916760e-03
2.5505260e-03
7.1794020e-04
-7.2902460e-04
-2.2020840e-03
-3.0056130e-03
-3.2009870e-03
-4.1337930e-03
-5.5499500e-03
-5.7704680e-03
-5.2862000e-03
-5.0229030e-03
-4.8802330e-03
-3.8474790e-03
-3.7388310e-03
-5.0434180e-03
-5.6169520e-03
-5.2300100e-03
-4.7236260e-03
-4.1603940e-03
-3.4861990e-03
-3.2778500e-03
-2.4417980e-03
-1.1966240e-03
-6.2494220e-04
-6.7939240e-04
-5.4792570e-04
4.2922940e-04
1.7429140e-03
2.0750320e-03
2.5195800e-03
3.1989470e-03
3.9666130e-03
3.4230340e-03
2.9673030e-03
3.4294180e-03
3.7642020e-03
4.4706160e-03
4.7946260e-03
4.8283550e-03
4.8267320e-03
4.8538810e-03
4.8485340e-03
4.5515740e-03
3.9270990e-03
4.1258180e-03
4.6300370e-03
5.0837430e-03
6.1417660e-03
6.6255260e-03
5.5859020e-03
4.9632260e-03
4.1303930e-03
2.8431890e-03
1.7272180e-03
-4.2429770e-04
-2.7406300e-03
-4.6456760e-03
-6.0931880e-03
-8.0923290e-03
-1.0063040e-02
-1.0860260e-02
-1.0982490e-02
-1.1078660e-02
-1.0907990e-02
-9.9185470e-03
-8.6607890e-03
-8.1975460e-03
-7.1852780e-03
-6.1444540e-03
-5.7868440e-03
-5.7323030e-03
-5.0130880e-03
-3.5781820e-03
-3.1062570e-03
-3.0523670e-03
-2.3969140e-03
-1.0627620e-03
-5.5869650e-04
7.5317720e-05
1.5896730e-03
2.2739570e-03
2.3021440e-03
2.3042290e-03
2.5572330e-03
2.8400540e-03
2.5835640e-03
2.0423860e-03
6.3823630e-04
-1.5582650e-04
-2.4460090e-04
-2.9287900e-04
-3.3002330e-04
5.1676930e-05
1.2148480e-03
2.2520610e-03
2.6170390e-03
2.6353950e-03
2.0084840e-03
1.0055330e-03
4.4625220e-04
-2.0610960e-04
-1.6946440e-03
-2.2073590e-03
-2.0088240e-03
-1.7630750e-03
-2.0251480e-03
-1.8390690e-03
-1.4513900e-03
-1.4977190e-03
-1.6704500e-03
-1.5391380e-03
-1.9242440e-04
9.8145600e-04
1.1971360e-03
1.2085920e-03
1.2675360e-03
1.4204550e-03
1.5481770e-03
1.1070330e-03
-6.1240420e-05
-9.2318700e-04
-9.1763740e-04
-7.1515510e-04
-9.7639680e-04
-2.2685240e-03
-3.1043470e-03
-1.9229180e-03
-1.0506370e-03
-2.2243800e-03
-3.1245650e-03
-3.2093130e-03
-3.1374110e-03
-3.0679770e-03
-2.9183000e-03
-3.0059220e-03
-4.0455800e-03
-5.3222870e-03
-5.6090330e-03
-5.6788330e-03
-5.2205370e-03
-3.9703380e-03
-2.9672510e-03
-2.7804970e-03
-2.7653090e-03
-2.7671480e-03
-2.7560410e-03
-2.7132360e-03
-2.6294500e-03
-2.6363350e-03
-2.7751050e-03
-2.6408080e-03
-1.5525680e-03
-2.3505960e-04
-5.9324450e-05
-6.4474850e-05
3.0329980e-05
1.0964460e-04
-2.3928920e-04
-1.2488330e-03
-1.9656850e-03
-2.4203590e-03
-2.6412140e-03
-2.7759710e-03
-2.5856150e-03
-1.4818500e-03
-1.9100300e-04
1.1891200e-03
2.8010510e-03
4.2622590e-03
5.1897050e-03
6.2547460e-03
7.6235820e-03
7.9765860e-03
7.9654210e-03
7.7435270e-03
7.6194690e-03
7.9549890e-03
8.1326380e-03
8.7171700e-03
9.8055390e-03
1.0641110e-02
1.0798210e-02
1.0509100e-02
9.6274200e-03
8.8114920e-03
8.2524500e-03
8.1239820e-03
7.9846070e-03
7.9746430e-03
8.4747760e-03
9.2762940e-03
8.7797690e-03
7.3201620e-03
5.8464930e-03
4.6789580e-03
3.1037390e-03
1.6574280e-03
2.8535910e-04
-9.2849770e-04
-1.8991980e-03
-2.3003760e-03
-2.4927360e-03
-3.4373460e-03
-4.6320310e-03
-5.0370330e-03
-6.0591790e-03
-7.4222110e-03
-7.7288960e-03
-7.7878560e-03
-7.8783970e-03
-7.7745040e-03
-6.9260130e-03
-5.6479150e-03
-4.9681370e-03
-3.8581810e-03
-2.8546640e-03
-2.6487670e-03
-2.5481990e-03
-1.6288730e-03
-2.0932810e-04
1.9120850e-04
2.3119730e-04
2.3849550e-04
1.9164190e-04
-2.0672000e-05
-2.6665110e-04
1.4996140e-04
1.0747400e-03
2.3207990e-03
2.7026250e-03
3.4845740e-03
4.8208990e-03
5.1989820e-03
3.9590940e-03
2.9976000e-03
2.8551370e-03
2.8624020e-03
2.9246420e-03
3.0004460e-03
2.7178830e-03
1.6508780e-03
6.0990840e-04
3.6561280e-04
4.1627060e-04
6.2380090e-05
-9.5209270e-04
-1.3800370e-03
-7.2887510e-04
-2.1200250e-04
2.0812520e-04
2.6355930e-04
2.6793520e-04
2.5123700e-04
2.3995340e-04
3.1946480e-04
4.5035800e-04
1.4918990e-04
-1.1107910e-03
-2.0970450e-03
-2.2567360e-03
-2.7269810e-03
-3.6628160e-03
-4.5080190e-03
-4.8613880e-03
-4.9221840e-03
-5.0504430e-03
-5.0467980e-03
-4.4544990e-03
-3.2622260e-03
-2.4926010e-03
-2.3953420e-03
-2.3489840e-03
-2.2474190e-03
-2.4518700e-03
-3.2922300e-03
-3.5946760e-03
-2.5986750e-03
-2.5151400e-03
-3.8244800e-03
-5.0015560e-03
-4.8130430e-03
-3.6753220e-03
-2.6073380e-03
-1.4915770e-03
3.4990270e-04
1.9172530e-03
2.6863860e-03
3.6148570e-03
5.1972080e-03
5.5630160e-03
4.5860600e-03
3.3025720e-03
3.1320250e-03
2.7084550e-03
1.5921000e-03
9.1478600e-04
3.1158420e-04
-9.1608780e-04
-2.0858680e-03
-2.2776140e-03
-2.2692560e-03
-2.2348320e-03
-2.3395920e-03
-2.3608960e-03
-1.6764880e-03
-3.0535310e-04
1.2486990e-04
3.9811880e-04
1.5636220e-03
2.7514750e-03
2.7957360e-03
2.3486880e-03
1.9487180e-03
8.1563130e-04
1.4601370e-04
2.1983570e-04
1.1514910e-03
2.2660590e-03
2.6957760e-03
2.7442200e-03
2.8673840e-03
2.8372710e-03
1.9423110e-03
3.3708350e-04
-3.9511580e-04
-6.7897490e-04
-2.8926790e-05
3.0532130e-05
-3.9201450e-04
-1.1534270e-03
-1.5692320e-03
-2.1027210e-03
-2.5609600e-03
-2.6733800e-03
-2.7243410e-03
-2.7878240e-03
-2.7076950e-03
-2.2242770e-03
-1.6435370e-03
-1.8034020e-03
-1.5669190e-03
-1.2775320e-03
-5.2446180e-04
-6.4332230e-05
-3.1729820e-05
2.8629380e-05
1.2603060e-04
-2.1341020e-04
-1.4965190e-03
-2.5017760e-03
-3.6670080e-03
-4.9695900e-03
-5.1241850e-03
-5.1737990e-03
-5.3113740e-03
-5.1037980e-03
-3.8268290e-03
-2.4063940e-03
-9.8510760e-04
-7.1683370e-06
4.0700980e-04
1.0643120e-03
9.4476280e-04
7.9154230e-04
2.2537710e-03
2.5904060e-03
1.6683240e-03
7.8383680e-04
2.2585270e-04
1.8722300e-04
3.2634070e-04
4.4445680e-04
-1.2731060e-04
-1.6167020e-03
-2.2856480e-03
-2.3209180e-03
-2.3548820e-03
-2.4414640e-03
-2.2024540e-03
-1.1354220e-03
1.1138980e-04
1.1555420e-03
2.6847130e-03
3.3868220e-03
3.9104100e-03
3.8503020e-03
3.2845920e-03
3.6964690e-03
4.2321590e-03
3.7021690e-03
3.4114130e-03
3.3357510e-03
2.4662460e-03
1.0369740e-03
8.4270290e-04
5.8660300e-04
-4.1110940e-04
-1.4339760e-03
-1.8879950e-03
-1.6003520e-03
-1.1847200e-03
-1.0690860e-03
-1.3184590e-03
-1.3596780e-03
-1.3111270e-03
-1.0297750e-03
6.6373030e-05
7.3041820e-04
7.6865020e-04
-6.1669090e-06
-1.3718590e-03
-1.7776000e-03
-2.0653140e-03
-3.2269400e-03
-4.3710410e-03
-4.5292650e-03
-4.6067410e-03
-4.7200760e-03
-4.4256890e-03
-3.1982290e-03
-2.1470150e-03
-1.8343760e-03
-1.3239950e-03
-8.5922660e-04
-8.1581190e-04
2.8385140e-04
2.0530410e-03
3.3675720e-03
4.6124600e-03
6.0006960e-03
6.2405420e-03
6.2952140e-03
6.3350500e-03
6.3951760e-03
6.4054640e-03
6.4079080e-03
6.4373070e-03
6.4881900e-03
6.5911830e-03
6.5788820e-03
6.1146230e-03
5.3977740e-03
5.1230500e-03
5.1936450e-03
4.8087210e-03
4.2452610e-03
4.3193630e-03
4.2710470e-03
3.1940320e-03
1.4299440e-03
-1.4820450e-04
-1.1552460e-03
-2.5747590e-03
-3.4589430e-03
-3.4620200e-03
-3.5253680e-03
-4.4064060e-03
-5.7912770e-03
-6.1921110e-03
-6.2114250e-03
-6.1806880e-03
-6.2135580e-03
-6.3287000e-03
-6.3137180e-03
-5.6551600e-03
-4.4702780e-03
-3.7599650e-03
-3.6638910e-03
-3.6723200e-03
-3.6943690e-03
-3.6914920e-03
-3.5954900e-03
-3.4940490e-03
-3.8684330e-03
-5.0235730e-03
-5.2012770e-03
-3.9976210e-03
-3.6689300e-03
-3.6503880e-03
-3.7472350e-03
-3.7986240e-03
-3.4158320e-03
-2.3285370e-03
-1.4079840e-03
-6.9173630e-04
6.8256260e-04
1.4546320e-03
1.7059230e-03
2.0235100e-03
1.8898240e-03
1.7649180e-03
1.6502680e-03
1.5469890e-03
1.9441380e-03
3.2469460e-03
4.4142660e-03
6.1038680e-03
8.0592000e-03
9.7638590e-03
1.1295000e-02
1.2058120e-02
1.2194940e-02
1.2335930e-02
1.2309300e-02
1.1536360e-02
1.0373340e-02
9.8684380e-03
9.6150700e-03
8.4230040e-03
6.9823560e-03
5.7121800e-03
4.7772810e-03
3.9465540e-03
1.6048710e-03
-4.6958500e-04
-9.4883130e-04
-8.6457190e-04
-1.1330400e-03
-2.2936380e-03
-3.3638150e-03
-3.6167820e-03
-3.5984800e-03
-3.5879170e-03
-3.7103130e-03
-3.9270820e-03
-3.7280160e-03
-3.6261950e-03
-3.6065270e-03
-3.6067670e-03
-3.6349480e-03
-3.6479430e-03
-3.4156030e-03
-2.7337600e-03
-1.6963630e-03
-9.9408150e-04
-4.5555600e-04
2.6495800e-04
8.5939760e-04
1.6613440e-03
1.7731240e-03
1.7464080e-03
1.8664710e-03
2.1471600e-03
1.8991240e-03
1.9217650e-03
1.7603820e-03
8.2000290e-04
-1.8319010e-04
-6.5818810e-04
-7.9295250e-04
-8.8450180e-04
-7.6408910e-04
-4.8224460e-05
6.6696390e-04
1.0154910e-03
5.6302670e-04
-2.1240110e-04
-7.1999550e-04
-7.5539270e-04
-7.4225970e-04
-7.4423400e-04
-7.5046310e-04
-7.4659630e-04
-7.3538570e-04
-7.2485220e-04
-7.2377510e-04
-7.3220340e-04
-7.2090460e-04
-6.5702430e-04
-6.2870060e-04
-9.0990390e-04
-1.5383450e-03
-1.5000820e-03
-1.3038450e-03
-1.8705550e-03
-1.5395780e-03
-7.8357780e-04
-6.0031850e-04
-8.3608090e-04
-1.6844310e-03
-2.5676380e-03
-3.7233520e-03
-5.2481100e-03
-5.8294220e-03
-5.9121430e-03
-5.9543360e-03
-6.0528870e-03
-5.9517230e-03
-5.0474600e-03
-3.9259280e-03
-4.6996040e-03
-5.7961820e-03
-5.9098530e-03
-5.1925680e-03
-4.0498740e-03
-3.6407570e-03
-3.3353790e-03
-2.5951070e-03
-1.3169650e-03
-5.8760390e-04
-5.7295860e-04
-6.0073000e-04
-1.2780170e-04
9.0271650e-04
1.0165410e-03
1.0825370e-03
1.8181170e-03
2.2692180e-03
2.3692970e-03
1.9367030e-03
9.4427650e-04
5.3644470e-04
7.9552320e-04
-2.2106810e-04
-3.6600250e-04
5.5311320e-04
1.8609120e-03
2.2779490e-03
2.7791230e-03
3.1884260e-03
3.8286200e-03
3.9381000e-03
3.4613340e-03
2.2165600e-03
1.1084430e-03
1.2841630e-03
2.1098480e-03
2.3193980e-03
2.4628810e-03
2.4776300e-03
1.9117040e-03
4.6824690e-04
-1.2139340e-04
-2.1117550e-04
-6.5964950e-04
-1.5831740e-03
-2.0189700e-03
-1.4737910e-03
-6.9980560e-04
-3.8295740e-04
-3.0918410e-04
3.5864140e-04
1.0837650e-03
3.2481630e-04
1.0256780e-05
-2.8230340e-04
-1.2680320e-03
-2.1056580e-03
-1.7815920e-03
-6.2524660e-04
-1.6206310e-04
-1.4181310e-04
-1.6388910e-04
-8.2254080e-05
2.2058910e-05
-3.0313960e-04
-1.5015120e-03
-2.6650000e-03
-3.9134470e-03
-5.0938620e-03
-5.1984310e-03
-4.2497600e-03
-3.5751030e-03
-3.5902620e-03
-2.9004830e-03
-2.6791620e-03
-2.6715070e-03
-2.6964690e-03
-2.6936140e-03
-2.6349610e-03
-2.5818420e-03
-2.5504510e-03
-2.6411580e-03
-2.8239150e-03
-2.5292670e-03
-1.1501740e-03
-1.4384900e-04
1.7815670e-04
8.9393940e-04
2.0111130e-03
2.5703940e-03
2.6559030e-03
2.7188190e-03
2.7596470e-03
2.6184960e-03
2.5547710e-03
3.1202240e-03
4.2729750e-03
3.8745420e-03
2.9177260e-03
2.7803650e-03
2.7507650e-03
2.7467270e-03
2.7313810e-03
2.7194110e-03
2.7359860e-03
2.7900890e-03
2.8196700e-03
2.7743410e-03
2.7562690e-03
2.7550190e-03
2.7562510e-03
2.7747120e-03
2.8262890e-03
2.8451040e-03
2.8004620e-03
2.7947420e-03
2.7877320e-03
2.7568030e-03
2.7741850e-03
2.9859800e-03
3.2749680e-03
2.9378670e-03
2.8302510e-03
2.8175370e-03
2.8232720e-03
2.8064920e-03
2.8144740e-03
2.9050970e-03
2.9145490e-03
2.3304450e-03
1.0572960e-03
2.2040330e-04
-1.1675520e-03
-2.3616080e-03
-1.8502790e-03
-3.6841010e-04
2.1383420e-04
2.3782910e-04
1.8140430e-04
1.9515090e-04
2.5389990e-04
2.4904180e-04
2.1871150e-04
3.9673740e-04
8.9428500e-04
1.2088500e-03
1.1925830e-03
1.2519240e-03
1.7905250e-03
2.5686830e-03
2.8451550e-03
2.8573400e-03
2.9147360e-03
3.0143380e-03
2.7443090e-03
1.6927840e-03
6.7855320e-04
3.7537580e-04
1.8830170e-04
-3.9515210e-04
-8.9186170e-04
-1.0479860e-03
-1.6970240e-03
-2.2949470e-03
-2.3827560e-03
-2.3847270e-03
-2.3797800e-03
-2.3642820e-03
-2.3372980e-03
-2.3470100e-03
-2.3051930e-03
-2.3052080e-03
-2.2751950e-03
-2.2247580e-03
-2.3565490e-03
-3.0263530e-03
-3.4998060e-03
-3.4761570e-03
-3.2570520e-03
-3.0721050e-03
-3.1098940e-03
-3.0650270e-03
-3.8581860e-03
-4.3895020e-03
-4.6673780e-03
-3.6712410e-03
-2.2572980e-03
-1.4147220e-03
-7.2472910e-04
