0.01
1.2324490e-02
1.4856490e-02
1.7728030e-02
1.9671380e-02
2.0090150e-02
2.0950840e-02
2.1595530e-02
2.2472630e-02
2.2807420e-02
2.2558750e-02
2.1471930e-02
2.0201180e-02
1.9325480e-02
1.9748570e-02
2.2101250e-02
2.3786870e-02
2.3180330e-02
1.9984130e-02
1.7450430e-02
1.5918480e-02
1.4499800e-02
1.2201110e-02
9.3179050e-03
6.2269480e-03
2.4999700e-03
-1.3118160e-03
-4.1597280e-03
-5.6819890e-03
-7.1293090e-03
-8.4481360e-03
-8.6998430e-03
-8.7378590e-03
-8.6174450e-03
-6.6146300e-03
-3.7710770e-03
-1.5276480e-03
-2.8578630e-04
8.9936580e-04
2.6097660e-03
4.8221400e-03
5.4227650e-03
5.0731880e-03
5.7675840e-03
6.1205140e-03
4.5844040e-03
2.3960980e-03
1.3802720e-03
1.6070640e-04
-2.5129910e-03
-5.9983530e-03
-9.6263400e-03
-1.2966270e-02
-1.6665700e-02
-2.0526700e-02
-2.3262420e-02
-2.3703540e-02
-2.3641470e-02
-2.5160770e-02
-2.7615760e-02
-2.8986190e-02
-2.9131650e-02
-2.8965390e-02
-2.7472470e-02
-2.5389430e-02
-2.5324720e-02
-2.4611520e-02
-2.3008600e-02
-2.1904920e-02
-2.0121080e-02
-1.7497110e-02
-1.4676960e-02
-1.1854080e-02
-8.0559170e-03
-3.2677680e-03
2.7484000e-03
8.7918060e-03
1.3666320e-02
1.7684770e-02
2.1386670e-02
2.5826400e-02
2.9631820e-02
3.3370580e-02
3.6270050e-02
3.9408960e-02
4.2057230e-02
4.2863550e-02
4.3936800e-02
4.5911270e-02
4.7231500e-02
4.7709580e-02
4.7537750e-02
4.7041320e-02
4.5604310e-02
4.3085600e-02
3.8860520e-02
3.4801150e-02
3.0367840e-02
2.6862480e-02
2.3722730e-02
1.9957210e-02
1.6866580e-02
1.4668000e-02
1.2817480e-02
1.1375540e-02
1.0348840e-02
8.9764720e-03
7.2535490e-03
5.9629520e-03
3.8413000e-03
1.3752860e-03
3.5627850e-04
4.7490110e-04
4.7203960e-04
4.7297980e-04
1.3873040e-03
2.0378220e-03
2.2818690e-03
4.1451990e-04
-3.4508310e-03
-6.7094960e-03
-8.4060930e-03
-1.0678300e-02
-1.3288870e-02
-1.5271240e-02
-1.7089250e-02
-2.0477890e-02
-2.5427090e-02
-3.0627130e-02
-3.5409230e-02
-4.0458600e-02
-4.4066920e-02
-4.7269380e-02
-5.1133530e-02
-5.3903290e-02
-5.5395430e-02
-5.6376140e-02
-5.6229560e-02
-5.6177560e-02
-5.5969570e-02
-5.4332040e-02
-5.2188150e-02
-5.0082680e-02
-4.6747920e-02
-4.0862170e-02
-3.5003020e-02
-2.9688100e-02
-2.4223490e-02
-1.8887500e-02
-1.3548490e-02
-8.2512810e-03
-4.5864280e-03
-2.1897730e-03
-6.3635160e-04
-6.9330370e-04
-2.3668020e-03
-4.2212990e-03
-5.5087350e-03
-7.3006190e-03
-8.3030340e-03
-8.6700620e-03
-8.3590930e-03
-7.4641700e-03
-6.5825070e-03
-5.4508820e-03
-4.1763550e-03
-3.7044810e-03
-3.0506190e-03
-3.1260210e-03
-3.7018830e-03
-3.9399090e-03
-3.8370930e-03
-3.8472090e-03
-3.2466810e-03
-1.8228550e-03
-3.4743980e-04
3.7241800e-04
5.0482690e-04
1.9026490e-03
1.9814210e-03
1.1685790e-03
1.3945590e-03
6.7306310e-04
-4.2854440e-05
-1.5863630e-03
-3.5390350e-03
-6.0730450e-03
-8.1640470e-03
-8.4933180e-03
-8.3786810e-03
-8.3979870e-03
-6.9899150e-03
-5.6926620e-03
-4.9717380e-03
-4.8224810e-03
-4.9413480e-03
-4.3819380e-03
-3.6707300e-03
-3.8115850e-03
-4.0441520e-03
-4.0665590e-03
-4.3095590e-03
-4.8335700e-03
-4.9990700e-03
-4.7692770e-03
-4.6548910e-03
-4.9899470e-03
-5.3911350e-03
-5.0380180e-03
-4.1580200e-03
-2.4034470e-03
-9.3696610e-04
1.4093510e-03
4.6411960e-03
8.0689330e-03
1.1302570e-02
1.4115410e-02
1.6889690e-02
1.9353070e-02
2.1194230e-02
2.3708500e-02
2.5259030e-02
2.6534950e-02
2.9353920e-02
3.2981890e-02
3.7188110e-02
4.0890370e-02
4.4590420e-02
4.7548360e-02
4.9695530e-02
5.1488630e-02
5.3422780e-02
5.4826620e-02
5.5120340e-02
5.5044920e-02
5.4995720e-02
5.4127140e-02
5.3535360e-02
5.2635580e-02
5.1173090e-02
4.9717820e-02
4.7873750e-02
4.5729230e-02
4.5282410e-02
4.5493720e-02
4.4671870e-02
4.2138150e-02
3.9258580e-02
3.6557520e-02
3.3620130e-02
2.9698240e-02
2.4811330e-02
2.0036190e-02
1.5654870e-02
1.0942800e-02
6.7139910e-03
3.8251900e-03
2.0398750e-03
-1.0561210e-04
-3.3688710e-03
-6.7447270e-03
-1.0843090e-02
-1.6761090e-02
-2.2870330e-02
-2.8638660e-02
-3.5893910e-02
-4.3572910e-02
-4.9855670e-02
-5.5806850e-02
-6.1567080e-02
-6.5638250e-02
-6.8614110e-02
-7.0109410e-02
-6.9916340e-02
-7.0009580e-02
-6.9602550e-02
-6.9371690e-02
-6.8627990e-02
-6.5574240e-02
-6.1766700e-02
-5.7372220e-02
-5.1045480e-02
-4.3407610e-02
-3.6132430e-02
-2.8445160e-02
-1.9993000e-02
-1.1521510e-02
-2.6484690e-03
5.9935200e-03
1.1488050e-02
1.5637660e-02
2.0743360e-02
2.5746710e-02
3.1496910e-02
3.7057840e-02
4.0421910e-02
4.3942780e-02
4.8280640e-02
5.3215810e-02
5.8431280e-02
6.1620830e-02
6.2611860e-02
6.1485880e-02
5.7928740e-02
5.2145920e-02
4.4619680e-02
3.7035420e-02
3.0822680e-02
2.6552980e-02
2.2412070e-02
1.8039140e-02
1.4652280e-02
1.2803730e-02
1.1767670e-02
1.0392430e-02
8.4670180e-03
7.3118560e-03
6.9573490e-03
6.0076270e-03
5.6242150e-03
4.9056760e-03
3.8854780e-03
2.8577620e-03
1.4869750e-03
-1.3005650e-03
-4.7207630e-03
-6.0289730e-03
-5.8694590e-03
-6.0569400e-03
-7.9830770e-03
-9.6378340e-03
-1.0814480e-02
-1.1926980e-02
-1.2612900e-02
-1.4454810e-02
-1.6625290e-02
-1.9285780e-02
-2.1061240e-02
-2.1178140e-02
-2.1183880e-02
-2.1416970e-02
-2.0078620e-02
-1.7685200e-02
-1.3172210e-02
-6.1792910e-03
-3.3672820e-04
4.8434110e-03
9.4744590e-03
1.2553750e-02
1.5159970e-02
1.7538920e-02
1.9644630e-02
1.9992680e-02
1.9510170e-02
1.7973640e-02
1.7075030e-02
1.7464060e-02
1.8937190e-02
1.8795390e-02
1.7568370e-02
1.7035010e-02
1.6370370e-02
1.4873240e-02
1.5671770e-02
1.4950740e-02
1.1863670e-02
9.2038240e-03
6.8142480e-03
3.1668250e-03
-4.8351720e-04
-2.7305650e-03
-4.9278460e-03
-7.6546280e-03
-1.0954630e-02
-1.3565810e-02
-1.5517240e-02
-1.6415150e-02
-1.7146800e-02
-1.8872720e-02
-2.1584400e-02
-2.4134540e-02
-2.5216930e-02
-2.6788190e-02
-2.9387500e-02
-3.2535350e-02
-3.5781080e-02
-3.8374140e-02
-4.0232580e-02
-4.2819860e-02
-4.5862340e-02
-4.8867470e-02
-5.2335690e-02
-5.4950850e-02
-5.6374250e-02
-5.6584270e-02
-5.7784450e-02
-5.9582920e-02
-6.0999570e-02
-6.2403530e-02
-6.2703050e-02
-6.2701280e-02
-6.1731700e-02
-6.0240120e-02
-5.8500400e-02
-5.6402010e-02
-5.3810030e-02
-4.9839770e-02
-4.2873580e-02
-3.4268680e-02
-2.7414790e-02
-2.1842000e-02
-1.6676110e-02
-1.0802360e-02
-4.7079140e-03
5.2269460e-05
3.0911370e-03
5.1212810e-03
6.0277390e-03
5.9736910e-03
5.9131340e-03
6.5079120e-03
8.4310610e-03
9.6977120e-03
1.0844730e-02
1.1552640e-02
1.1545700e-02
1.0785530e-02
1.0413200e-02
1.1172880e-02
1.0279350e-02
8.8665380e-03
8.7480390e-03
8.0150820e-03
6.2704790e-03
5.7054040e-03
5.4735880e-03
4.1310190e-03
2.3758520e-03
1.1291320e-03
1.9951060e-03
3.9364690e-03
5.7113350e-03
4.9903020e-03
3.4611500e-03
4.9806490e-03
6.2291630e-03
5.8320710e-03
5.5754170e-03
5.0562350e-03
5.0614570e-03
5.9332740e-03
7.5985140e-03
9.1287590e-03
1.0351920e-02
1.1464690e-02
1.3582330e-02
1.6249950e-02
1.8835260e-02
2.0181520e-02
2.3022120e-02
2.6472280e-02
3.0315770e-02
3.4652710e-02
3.9951790e-02
4.4814540e-02
4.8834830e-02
5.4319650e-02
6.0417420e-02
6.4464690e-02
6.7632630e-02
7.1861810e-02
7.5515760e-02
7.8227640e-02
7.9368720e-02
7.9048200e-02
7.7331270e-02
7.5383600e-02
7.3304470e-02
7.0142350e-02
6.7023870e-02
6.5274980e-02
6.4850390e-02
6.3143490e-02
6.1241080e-02
5.9508530e-02
5.6874810e-02
5.2740400e-02
4.6545550e-02
3.8322440e-02
2.9306890e-02
1.9849200e-02
9.9705370e-03
1.0441880e-03
-7.8383340e-03
-1.7846170e-02
-2.8274860e-02
-3.7284460e-02
-4.4607640e-02
-5.0457620e-02
-5.5315980e-02
-6.1520920e-02
-6.7725140e-02
-7.2533130e-02
-7.5141450e-02
-7.7116620e-02
-7.8349070e-02
-7.9699040e-02
-8.1255470e-02
-8.1402640e-02
-8.0867620e-02
-7.9074340e-02
-7.7867030e-02
-7.6796470e-02
-7.6076700e-02
-7.5745110e-02
-7.3775220e-02
-7.1126100e-02
-6.8350320e-02
-6.6567160e-02
-6.5155320e-02
-6.3477440e-02
-6.1187320e-02
-5.8970770e-02
-5.5930040e-02
-5.2194710e-02
-4.8928910e-02
-4.6277450e-02
-4.3113500e-02
-3.9203550e-02
-3.3798420e-02
-2.7040020e-02
-2.0268320e-02
-1.4072140e-02
-8.1660810e-03
-1.4749820e-03
6.4073630e-03
1.5244930e-02
2.4258170e-02
3.3301680e-02
4.1450080e-02
4.9392100e-02
5.6296450e-02
6.0782090e-02
6.5411230e-02
6.9508650e-02
7.0848980e-02
7.1520850e-02
7.2583500e-02
7.3479380e-02
7.3458160e-02
7.3362560e-02
7.4084910e-02
7.5364160e-02
7.5615660e-02
7.4336500e-02
7.1862990e-02
6.8491870e-02
6.4542570e-02
5.9682080e-02
5.2648590e-02
4.3578160e-02
3.4540350e-02
2.5400390e-02
1.5936960e-02
7.0846870e-03
-1.6969090e-03
-1.0788470e-02
-1.7615670e-02
-2.3907500e-02
-2.9886870e-02
-3.5198510e-02
-3.9800130e-02
-4.4420180e-02
-4.8067030e-02
-4.9989770e-02
-5.0161050e-02
-4.9299180e-02
-4.6660720e-02
-4.2431590e-02
-3.8868610e-02
-3.3451510e-02
-2.6195100e-02
-1.9509640e-02
-1.4535370e-02
-9.2749920e-03
-3.1164640e-03
4.2577430e-03
1.1754520e-02
1.9831380e-02
2.8256070e-02
3.7002940e-02
4.7387970e-02
5.7091100e-02
6.5479130e-02
7.3183660e-02
7.9440570e-02
8.3923430e-02
8.7326430e-02
9.0266060e-02
9.1786880e-02
9.3297230e-02
9.4223710e-02
9.4597760e-02
9.4664050e-02
9.4085610e-02
9.3524370e-02
9.2322300e-02
9.0745630e-02
8.8784280e-02
8.6043330e-02
8.2800930e-02
7.9979320e-02
7.6451370e-02
7.1321510e-02
6.4666950e-02
5.7323950e-02
4.9940620e-02
4.1663190e-02
2.9742530e-02
1.5118510e-02
1.9284350e-03
-1.0291850e-02
-2.3793470e-02
-3.7696180e-02
-4.8993330e-02
-6.0464210e-02
-7.2351800e-02
-8.3347400e-02
-9.2961580e-02
-1.0090800e-01
-1.0729570e-01
-1.1276750e-01
-1.1666600e-01
-1.1923680e-01
-1.2091810e-01
-1.2109730e-01
-1.2034080e-01
-1.1910300e-01
-1.1689760e-01
-1.1491500e-01
-1.1318650e-01
-1.1220500e-01
-1.1223660e-01
-1.1105080e-01
-1.0813070e-01
-1.0530810e-01
-1.0267800e-01
-1.0007780e-01
-9.6974890e-02
-9.3224300e-02
-8.9098710e-02
-8.3678260e-02
-7.8070840e-02
-7.2427320e-02
-6.5327410e-02
-5.8614280e-02
-5.1788040e-02
-4.3670560e-02
-3.6514510e-02
-2.9352430e-02
-2.2747590e-02
-1.8039500e-02
-1.4321810e-02
-1.0711800e-02
-9.3809060e-03
-8.8227870e-03
-7.8049360e-03
-6.1818800e-03
-4.8258580e-03
-3.2572630e-03
1.3411480e-03
5.3318790e-03
9.9249130e-03
1.6273650e-02
2.3371230e-02
3.0496110e-02
3.8165930e-02
4.5560290e-02
5.1294260e-02
5.4658580e-02
5.6942550e-02
5.8924540e-02
5.9441850e-02
5.8479900e-02
5.6808490e-02
5.5744350e-02
5.3863220e-02
5.0685410e-02
4.7524290e-02
4.4849500e-02
4.2734430e-02
4.0667660e-02
3.7808520e-02
3.4898420e-02
3.1994760e-02
2.7980770e-02
2.3287940e-02
1.8178350e-02
1.1858660e-02
4.9226820e-03
-2.6376650e-03
-9.7303290e-03
-1.6850090e-02
-2.2964870e-02
-2.7727590e-02
-3.0407000e-02
-3.1111340e-02
-3.0833960e-02
-2.9201910e-02
-2.6507640e-02
-2.3043870e-02
-1.8183250e-02
-1.1443020e-02
-4.5096040e-03
1.1369030e-03
6.7439660e-03
1.3063640e-02
1.9794200e-02
2.4518800e-02
2.8220070e-02
3.3583130e-02
3.9112480e-02
4.2817720e-02
4.5513220e-02
4.7629130e-02
4.8777020e-02
4.9608140e-02
4.9555360e-02
4.8479750e-02
4.7220540e-02
4.5324280e-02
4.3214650e-02
4.2138890e-02
4.0143510e-02
3.7145920e-02
3.4278080e-02
3.1624890e-02
2.9125510e-02
2.7242770e-02
2.5169410e-02
2.2762160e-02
2.0365470e-02
1.7595140e-02
1.5092330e-02
1.4407590e-02
1.3440120e-02
1.0903630e-02
8.0065790e-03
5.3465250e-03
3.3851130e-03
1.8187480e-03
4.6254680e-04
-2.1262610e-04
-1.9668460e-03
-4.1536000e-03
-6.7727740e-03
-8.4122240e-03
-1.0339280e-02
-1.3683820e-02
-1.7654520e-02
-2.2139090e-02
-2.7397390e-02
-3.2216310e-02
-3.7339900e-02
-4.2187010e-02
-4.7491760e-02
-5.2709510e-02
-5.7603280e-02
-6.3283840e-02
-6.8700280e-02
-7.2445030e-02
-7.5451000e-02
-7.7975080e-02
-8.0233430e-02
-8.2567950e-02
-8.4538510e-02
-8.5984970e-02
-8.6134500e-02
-8.6134300e-02
-8.5949500e-02
-8.3825120e-02
-8.0852050e-02
-7.7056770e-02
-7.2365150e-02
-6.6107900e-02
-5.9303900e-02
-5.1966450e-02
-4.4291550e-02
-3.6087100e-02
-2.8145760e-02
-2.0280820e-02
-1.2075470e-02
-4.2238020e-03
3.2105780e-03
1.0659370e-02
1.8255300e-02
2.5814600e-02
3.3274980e-02
4.1370840e-02
5.0484540e-02
5.9669770e-02
6.7967850e-02
7.5411350e-02
8.2706270e-02
8.9920240e-02
9.6384410e-02
1.0171030e-01
1.0541390e-01
1.0901380e-01
1.1146150e-01
1.1353810e-01
1.1518340e-01
1.1527660e-01
1.1557400e-01
1.1546020e-01
1.1473970e-01
1.1239720e-01
1.0874300e-01
1.0390280e-01
9.7828920e-02
9.2099270e-02
8.4900880e-02
7.6766200e-02
6.9005780e-02
6.0820110e-02
5.2239770e-02
4.3983310e-02
3.6257980e-02
2.8739540e-02
2.0592370e-02
1.2728260e-02
6.0750260e-03
-7.6873900e-04
-7.6823550e-03
-1.3561850e-02
-1.9158460e-02
-2.4689830e-02
-2.9792340e-02
-3.4014440e-02
-3.6837950e-02
-3.8282920e-02
-3.8313680e-02
-3.6637910e-02
-3.4886070e-02
-3.2489030e-02
-2.9678840e-02
-2.6831690e-02
-2.3492960e-02
-2.0087250e-02
-1.6416050e-02
-1.2294770e-02
-8.5312680e-03
-5.0029450e-03
-1.7784800e-03
1.4594090e-03
4.5458640e-03
7.2494980e-03
8.6303060e-03
8.6896070e-03
8.6057760e-03
7.2705270e-03
3.4978500e-03
-1.3041340e-03
-7.1157800e-03
-1.3534330e-02
-1.7974060e-02
-2.0989760e-02
-2.2936680e-02
-2.5552900e-02
-2.8189500e-02
-3.0117370e-02
-3.0703790e-02
-3.1963750e-02
-3.3515800e-02
-3.3647210e-02
-3.3503720e-02
-3.3805130e-02
-3.5743530e-02
-3.7365910e-02
-3.8954070e-02
-3.9624660e-02
-3.9579690e-02
-3.9264580e-02
-3.9795700e-02
-3.9603410e-02
-3.7788870e-02
-3.7113340e-02
-3.6126240e-02
-3.3461630e-02
-3.1417660e-02
-2.9842190e-02
-2.8075870e-02
-2.6405980e-02
-2.4681550e-02
-2.4075080e-02
-2.4292770e-02
-2.4408490e-02
-2.5559840e-02
-2.7267990e-02
-2.9110110e-02
-3.0893030e-02
-3.3125240e-02
-3.5342910e-02
-3.7255240e-02
-3.9366130e-02
-4.1464300e-02
-4.1802660e-02
-4.1606200e-02
-4.1370180e-02
-3.9347040e-02
-3.6055060e-02
-3.2840970e-02
-2.8497300e-02
-2.3549550e-02
-1.8021830e-02
-1.3049190e-02
-7.6724770e-03
-1.9784960e-03
2.8214490e-03
7.7256290e-03
1.3264450e-02
1.9003300e-02
2.5285930e-02
3.1739240e-02
3.7940390e-02
4.3704910e-02
4.9339340e-02
5.4977200e-02
6.0593120e-02
6.6004040e-02
7.1072130e-02
7.5920510e-02
7.9065360e-02
8.1100350e-02
8.1699150e-02
8.0816590e-02
7.8279250e-02
7.4538650e-02
6.9835640e-02
6.5088760e-02
6.1219130e-02
5.8426760e-02
5.6233960e-02
5.4225170e-02
5.1846620e-02
4.8961370e-02
4.6108100e-02
4.3120400e-02
3.8947450e-02
3.3608220e-02
2.9040940e-02
2.4837750e-02
1.9667370e-02
1.4739600e-02
1.0144810e-02
4.7784800e-03
-5.5260060e-04
-6.4073270e-03
-1.2305750e-02
-1.7143460e-02
-2.1035280e-02
-2.4594630e-02
-2.7166330e-02
-2.8740740e-02
-2.9015510e-02
-2.9317080e-02
-3.1191860e-02
-3.2232210e-02
-3.2057090e-02
-3.2088200e-02
-3.2316200e-02
-3.2462930e-02
-3.3239230e-02
-3.4495570e-02
-3.4510380e-02
-3.3039510e-02
-3.3414870e-02
-3.4775690e-02
-3.5723770e-02
-3.5828580e-02
-3.5612690e-02
-3.4823490e-02
-3.5363330e-02
-3.6264980e-02
-3.6459480e-02
-3.6838740e-02
-3.7483130e-02
-3.8450140e-02
-3.9095210e-02
-3.9054200e-02
-3.9269200e-02
-4.0545150e-02
-4.1783770e-02
-4.1896970e-02
-4.2719340e-02
-4.4482070e-02
-4.5778870e-02
-4.7165880e-02
-4.7719910e-02
-4.9246000e-02
-5.0283960e-02
-4.9892200e-02
-4.8127620e-02
-4.6752800e-02
-4.4793000e-02
-4.2036470e-02
-3.7815190e-02
-3.4279890e-02
-2.9642140e-02
-2.4467450e-02
-1.9653360e-02
-1.4877490e-02
-1.0332040e-02
-7.0368700e-03
-4.3917230e-03
-1.5828490e-03
7.7030970e-04
2.3560110e-03
2.5269910e-03
2.3780700e-03
2.3824680e-03
2.3211960e-03
1.5463120e-03
1.9486470e-05
-1.0417800e-03
-2.6205520e-03
-4.2060960e-03
-6.3242060e-03
-8.8998020e-03
-1.2087730e-02
-1.4351440e-02
-1.5355350e-02
-1.4622240e-02
-1.3729660e-02
-1.2914000e-02
-1.1103930e-02
-9.2196070e-03
-6.6245360e-03
-3.4575190e-03
-1.1425590e-03
1.3722980e-03
4.1917360e-03
7.4425850e-03
1.1650530e-02
1.7289980e-02
2.4254860e-02
3.1144830e-02
3.6776080e-02
4.2129980e-02
4.7517620e-02
5.2499950e-02
5.5566290e-02
5.8154380e-02
6.0547720e-02
6.2476920e-02
6.4355130e-02
6.6260890e-02
6.7768450e-02
6.8899810e-02
7.0406310e-02
7.0958700e-02
7.1704010e-02
7.2003030e-02
7.1665160e-02
7.0644630e-02
7.0387300e-02
7.0484050e-02
6.9835460e-02
6.7528030e-02
6.4946420e-02
6.2422100e-02
6.0469680e-02
5.7349740e-02
5.3565030e-02
4.9054800e-02
4.3981440e-02
3.8987750e-02
3.3443160e-02
2.7950540e-02
2.2752250e-02
1.8689800e-02
1.4929400e-02
1.1402140e-02
7.5236610e-03
3.5927480e-03
1.0962400e-04
-2.7320170e-03
-5.5868550e-03
-8.0382590e-03
-1.0479850e-02
-1.2680930e-02
-1.3577840e-02
-1.3520230e-02
-1.4314150e-02
-1.4920910e-02
-1.3924370e-02
-1.3246530e-02
-1.1837660e-02
-1.0949240e-02
-1.1074650e-02
-1.2103060e-02
-1.3654050e-02
-1.4171690e-02
-1.5633980e-02
-1.6963660e-02
-1.8541760e-02
-1.9698860e-02
-2.1306220e-02
-2.3200590e-02
-2.5027280e-02
-2.6882380e-02
-2.7996640e-02
-2.9585140e-02
-3.0801340e-02
-3.1181270e-02
-3.0906380e-02
-3.0432940e-02
-2.9966600e-02
-2.9291870e-02
-2.8388890e-02
-2.7866720e-02
-2.7222760e-02
-2.5337940e-02
-2.4243400e-02
-2.2668580e-02
-2.1644380e-02
-1.9893000e-02
-1.7889380e-02
-1.5757100e-02
-1.3989930e-02
-1.2168440e-02
-9.9092140e-03
-8.3830480e-03
-6.9122060e-03
-5.1596100e-03
-3.5996480e-03
-2.0181730e-03
-8.3211470e-04
-9.3129860e-04
-4.2489480e-04
9.3315410e-04
8.2683850e-04
-1.3738460e-04
-5.3031120e-04
-1.3877990e-03
-1.9266280e-03
-3.3923670e-03
-5.1403250e-03
-6.9066160e-03
-9.2845390e-03
-1.2224260e-02
-1.5338400e-02
-1.8622430e-02
-2.1540370e-02
-2.4327930e-02
-2.6960930e-02
-2.8857040e-02
-3.0378380e-02
-3.0650190e-02
-3.0614910e-02
-3.0710990e-02
-3.0755890e-02
-3.0707200e-02
-2.9696460e-02
-2.7988940e-02
-2.7695680e-02
-2.6457640e-02
-2.3973860e-02
-2.2269800e-02
-2.1658330e-02
-1.9359600e-02
-1.6492920e-02
-1.3912740e-02
-1.0300080e-02
-6.6222710e-03
-3.4332020e-03
-2.6476100e-04
2.3799950e-03
4.4032050e-03
4.7513310e-03
5.1657710e-03
5.9388360e-03
5.9600920e-03
5.7853130e-03
4.7646220e-03
3.0712610e-03
2.5270030e-03
1.4949560e-03
8.7089250e-04
1.2662010e-03
1.2816490e-03
8.0271240e-04
1.9356270e-04
-3.7322190e-04
-6.8499770e-04
-4.7511420e-04
1.0971150e-03
1.9716930e-03
2.6737570e-03
4.1696360e-03
5.4137560e-03
7.7191310e-03
1.0516800e-02
1.2414190e-02
1.4012520e-02
1.5563020e-02
1.6243600e-02
1.6265160e-02
1.6639730e-02
1.6738490e-02
1.6451440e-02
1.5894290e-02
1.5177120e-02
1.4374530e-02
1.4315450e-02
1.5020260e-02
1.6551920e-02
1.8097830e-02
1.7585710e-02
1.8220650e-02
1.9826190e-02
2.0121450e-02
1.9834150e-02
1.9889790e-02
2.0024930e-02
2.0013830e-02
1.9821650e-02
1.8286730e-02
1.6965940e-02
1.5486070e-02
1.4255430e-02
1.2658720e-02
1.1378990e-02
9.8422190e-03
8.7123490e-03
7.9735400e-03
6.5867350e-03
5.7355440e-03
5.7595250e-03
5.7304480e-03
5.0817190e-03
5.2047010e-03
5.4736170e-03
5.5914100e-03
6.3230880e-03
7.2419860e-03
7.7721360e-03
7.8749700e-03
9.3647870e-03
1.0336630e-02
1.1054880e-02
1.3023110e-02
1.5433750e-02
1.7620050e-02
1.9903460e-02
2.1663300e-02
2.3135650e-02
2.4300570e-02
2.5760510e-02
2.6004340e-02
2.5743770e-02
2.5733070e-02
2.5749050e-02
2.5652860e-02
2.5304920e-02
2.3645160e-02
2.2601890e-02
2.1979720e-02
2.0561380e-02
1.8278360e-02
1.5984660e-02
1.4185120e-02
1.2120200e-02
9.9753200e-03
7.3290280e-03
4.3411260e-03
2.0342040e-03
-9.5677250e-04
-4.6347420e-03
-8.6400470e-03
-1.1115020e-02
-1.2849290e-02
-1.4804230e-02
-1.7245060e-02
-1.9193810e-02
-2.0888790e-02
-2.2408580e-02
-2.4345360e-02
-2.5525650e-02
-2.6756120e-02
-2.7909410e-02
-2.8127540e-02
-2.8205020e-02
-2.9339790e-02
-3.0917780e-02
-3.1395390e-02
-3.1334400e-02
-3.1573980e-02
-3.1806760e-02
-3.1870710e-02
-3.1946040e-02
-3.2566550e-02
-3.3285590e-02
-3.3147950e-02
-3.3163840e-02
-3.3403640e-02
-3.3915390e-02
-3.4360500e-02
-3.4531540e-02
-3.5533790e-02
-3.6135020e-02
-3.6630600e-02
-3.8033510e-02
-3.9052290e-02
-3.9051410e-02
-3.8995810e-02
-3.8063520e-02
-3.6168360e-02
-3.4152250e-02
-3.2808610e-02
-3.1099360e-02
-2.9059270e-02
-2.7178440e-02
-2.4801800e-02
-2.2459980e-02
-2.0573550e-02
-1.8237600e-02
-1.4781690e-02
-1.0902680e-02
-7.7314610e-03
-4.3991870e-03
2.0665360e-04
4.0297490e-03
7.0240620e-03
1.0228650e-02
1.3198610e-02
1.6039440e-02
2.0254470e-02
2.4474760e-02
2.8048790e-02
3.1075320e-02
3.3382420e-02
3.5681960e-02
3.7408030e-02
3.8504200e-02
3.8753090e-02
3.8614990e-02
3.8487360e-02
3.8425950e-02
3.8316810e-02
3.8705610e-02
3.9922980e-02
4.0817650e-02
4.1552280e-02
4.1822850e-02
4.1525890e-02
4.0387310e-02
3.8437600e-02
3.7046300e-02
3.5456040e-02
3.4235650e-02
3.3539730e-02
3.2792410e-02
3.2011550e-02
3.1232610e-02
3.1146260e-02
3.1846340e-02
3.1913930e-02
3.0275950e-02
2.7811480e-02
2.6002620e-02
2.3673250e-02
2.0069230e-02
1.5820780e-02
1.1661930e-02
7.7319030e-03
3.6782050e-03
-3.2101320e-04
-4.1020450e-03
-8.2127320e-03
-1.1005330e-02
-1.2723210e-02
-1.4537530e-02
-1.7010340e-02
-1.8705380e-02
-1.9506660e-02
-2.1148580e-02
-2.2454750e-02
-2.4018130e-02
-2.6070520e-02
-2.7983740e-02
-2.9850250e-02
-3.1789360e-02
-3.3436530e-02
-3.5232020e-02
-3.6729750e-02
-3.7207460e-02
-3.7439660e-02
-3.7328990e-02
-3.6862250e-02
-3.5648830e-02
-3.4267660e-02
-3.3910550e-02
-3.2420640e-02
-3.1592540e-02
-3.0675930e-02
-2.8893640e-02
-2.7064860e-02
-2.5946860e-02
-2.4286460e-02
-2.2749590e-02
-2.0811830e-02
-1.8524580e-02
-1.6604190e-02
-1.5435830e-02
-1.3692030e-02
-1.1337310e-02
-8.5063510e-03
-6.1789660e-03
-4.5654320e-03
-1.6087600e-03
1.5665630e-03
4.2640280e-03
6.9410610e-03
8.9233970e-03
1.0715670e-02
1.1860840e-02
1.3552260e-02
1.4389040e-02
1.4280820e-02
1.5391300e-02
1.7110120e-02
1.7316820e-02
1.7940820e-02
1.8295080e-02
1.8225000e-02
1.7666830e-02
1.7201920e-02
1.6845330e-02
1.5588750e-02
1.4488430e-02
1.4509780e-02
1.4223420e-02
1.3145910e-02
1.2065250e-02
1.1664690e-02
1.1715300e-02
1.1690540e-02
1.2067190e-02
1.2537370e-02
1.1781910e-02
1.1458250e-02
1.1591730e-02
1.1219100e-02
1.0618900e-02
1.0055220e-02
1.0299910e-02
1.0314020e-02
1.0719770e-02
1.1014370e-02
1.0873360e-02
1.1241020e-02
1.2543520e-02
1.3357020e-02
1.3267200e-02
1.4107430e-02
1.5580500e-02
1.6721240e-02
1.6900170e-02
1.6127490e-02
1.5184920e-02
1.4571550e-02
1.3164100e-02
1.2063800e-02
1.1991140e-02
1.1984010e-02
1.1787480e-02
1.2228610e-02
1.3587130e-02
1.4448680e-02
1.4995600e-02
1.6694950e-02
1.7821030e-02
1.8431740e-02
1.8323400e-02
1.7392500e-02
1.7002250e-02
1.6629150e-02
1.5281420e-02
1.4119610e-02
1.3244770e-02
1.2361700e-02
1.1428660e-02
1.0450550e-02
9.5652920e-03
8.8959920e-03
8.2448030e-03
6.9109460e-03
5.8898100e-03
4.8526400e-03
3.6004100e-03
2.6669450e-03
1.9977220e-03
1.3532120e-03
5.8198330e-04
3.1108350e-04
-5.9329540e-04
-1.2504490e-03
-2.3086210e-03
-3.8431710e-03
-5.9676630e-03
-8.6553430e-03
-1.0592440e-02
-1.2457760e-02
-1.4231160e-02
-1.6267930e-02
-1.8058870e-02
-1.9792150e-02
-2.2257190e-02
-2.4111500e-02
-2.5519630e-02
-2.6599920e-02
-2.7955680e-02
-2.9334120e-02
-3.0141430e-02
-2.9916480e-02
-2.9774220e-02
-2.9970620e-02
-3.0408840e-02
-3.1149820e-02
-3.0512020e-02
-2.9455970e-02
-2.8223790e-02
-2.7642810e-02
-2.6706430e-02
-2.5030150e-02
-2.3658270e-02
-2.1681400e-02
-1.9265010e-02
-1.6889320e-02
-1.4627920e-02
-1.1747510e-02
-9.0746100e-03
-6.8390990e-03
-4.7113030e-03
-2.6626930e-03
-1.1079850e-03
1.5064970e-03
3.6668290e-03
5.4767450e-03
7.8888480e-03
1.0283310e-02
1.2908510e-02
1.5707890e-02
1.7697690e-02
1.9483630e-02
2.0571710e-02
2.1919260e-02
2.2566310e-02
2.2827750e-02
2.2762860e-02
2.1877650e-02
2.1201840e-02
2.0855980e-02
1.9566540e-02
1.8233710e-02
1.7653910e-02
1.6228860e-02
1.3535130e-02
1.0538990e-02
7.7086850e-03
5.2557920e-03
3.1750990e-03
4.0236530e-04
-1.7864470e-03
-3.7479550e-03
-5.4192190e-03
-7.3901760e-03
-9.8264070e-03
-1.2113580e-02
-1.4817130e-02
-1.6304260e-02
-1.7740480e-02
-1.9633950e-02
-2.1126000e-02
-2.1930670e-02
-2.2017510e-02
-2.2025660e-02
-2.2122720e-02
-2.2162430e-02
-2.2665690e-02
-2.3121080e-02
-2.3247540e-02
-2.3486610e-02
-2.4137130e-02
-2.4920790e-02
-2.4935610e-02
-2.4205080e-02
-2.3451530e-02
-2.3290630e-02
-2.3047390e-02
-2.2762410e-02
-2.2090210e-02
-2.1796220e-02
-2.1533650e-02
-2.2557870e-02
-2.4081830e-02
-2.4779420e-02
-2.4502940e-02
-2.3503660e-02
-2.2548180e-02
-2.1083320e-02
-1.8496730e-02
-1.4945580e-02
-1.1438490e-02
-7.8842930e-03
-3.1819520e-03
2.4262410e-04
1.8521430e-03
3.9555840e-03
6.2809560e-03
8.5798850e-03
1.0630140e-02
1.2398820e-02
1.4851950e-02
1.7013770e-02
1.8712190e-02
2.0851060e-02
2.2284080e-02
2.2117890e-02
2.2696830e-02
2.4448200e-02
2.4702360e-02
2.4220250e-02
2.4143540e-02
2.4105180e-02
2.3731680e-02
2.2634690e-02
2.1512700e-02
1.9908420e-02
1.7854110e-02
1.6301120e-02
1.4448790e-02
1.1958410e-02
9.7222850e-03
8.1819840e-03
6.2923150e-03
4.0655830e-03
1.8741800e-03
4.5291620e-04
-8.6549930e-04
-2.3335070e-03
-3.7658600e-03
-4.9680520e-03
-5.8631620e-03
-6.5350250e-03
-6.5702590e-03
-6.5015410e-03
-5.8835930e-03
-5.1142150e-03
-4.9170810e-03
-4.0572630e-03
-3.0015400e-03
-2.1415640e-03
-1.0241790e-03
2.9030120e-04
1.2486870e-03
2.5179530e-03
3.5362610e-03
4.6729130e-03
5.8949470e-03
6.9579380e-03
8.6868250e-03
1.0193930e-02
1.1508330e-02
1.3269540e-02
1.4619770e-02
1.6085820e-02
1.7322130e-02
1.7939890e-02
1.8805610e-02
2.0413340e-02
2.1634320e-02
2.2125830e-02
2.2986950e-02
2.4094490e-02
2.4460510e-02
2.3929160e-02
2.3487430e-02
2.3097740e-02
2.3018830e-02
2.2499380e-02
2.0977330e-02
1.9015700e-02
1.7185690e-02
1.5463940e-02
1.3020200e-02
1.0088520e-02
7.8319190e-03
5.9463960e-03
3.3126570e-03
1.2545930e-03
-1.0179040e-03
-2.9221190e-03
-4.0248700e-03
-5.0961750e-03
-6.1916390e-03
-7.1011380e-03
-8.4687960e-03
-9.6125460e-03
-1.0543270e-02
-1.1477010e-02
-1.2791610e-02
-1.3849490e-02
-1.4409020e-02
-1.5317980e-02
-1.5559890e-02
-1.5996880e-02
-1.7919510e-02
-1.9514200e-02
-2.0229600e-02
-2.1551220e-02
-2.3708640e-02
-2.5633930e-02
-2.6938040e-02
-2.7982190e-02
-2.9370580e-02
-2.9956790e-02
-3.0306470e-02
-3.1771210e-02
-3.3191910e-02
-3.3310940e-02
-3.4022940e-02
-3.5114130e-02
-3.5965970e-02
-3.6003130e-02
-3.5933840e-02
-3.5598440e-02
-3.4228870e-02
-3.1873830e-02
-2.9539610e-02
-2.6865620e-02
-2.3525660e-02
-2.0688420e-02
-1.8098390e-02
-1.5292880e-02
-1.2379710e-02
-9.5767190e-03
-7.1172840e-03
-5.2432160e-03
-2.6533480e-03
3.4177090e-04
3.1261290e-03
5.0655310e-03
7.2979570e-03
1.0214430e-02
1.3094680e-02
1.5738980e-02
1.7912160e-02
2.0436320e-02
2.2992060e-02
2.5008430e-02
2.6045960e-02
2.6905650e-02
2.7869950e-02
2.8458670e-02
2.8593960e-02
2.8655800e-02
2.8160600e-02
2.7975360e-02
2.7954750e-02
2.7792590e-02
2.7608280e-02
2.7483480e-02
2.7106470e-02
2.5712710e-02
2.4298210e-02
2.4053110e-02
2.3439180e-02
2.1796560e-02
2.0809800e-02
2.0829600e-02
2.0784410e-02
2.0564780e-02
2.0268500e-02
1.9262030e-02
1.8802660e-02
1.8873140e-02
1.8857830e-02
1.8270040e-02
1.8484810e-02
1.9739560e-02
2.0147260e-02
2.0489020e-02
2.1911370e-02
2.2920630e-02
2.3373860e-02
2.4262520e-02
2.5398130e-02
2.6314590e-02
2.7156340e-02
2.7731110e-02
2.7766000e-02
2.8474480e-02
2.8752360e-02
2.8680290e-02
2.9193800e-02
2.9820600e-02
2.9909710e-02
3.0170670e-02
3.0250730e-02
3.0221060e-02
2.9784770e-02
2.8902530e-02
2.8750870e-02
2.8785430e-02
2.8626480e-02
2.7416350e-02
2.5482360e-02
2.3526360e-02
2.2392000e-02
2.0603220e-02
1.8828570e-02
1.7360110e-02
1.5537450e-02
1.2723650e-02
1.0517970e-02
8.2905290e-03
5.2567440e-03
2.2195630e-03
1.4072350e-04
-1.3139700e-03
-3.7502870e-03
-6.8581340e-03
-9.7903910e-03
-1.2259740e-02
-1.4238540e-02
-1.7028900e-02
-2.0021020e-02
-2.1713190e-02
-2.2988230e-02
-2.5432670e-02
-2.7574190e-02
-2.9741440e-02
-3.1677050e-02
-3.3530600e-02
-3.5460920e-02
-3.6552100e-02
-3.8187690e-02
-4.0176030e-02
-4.1630370e-02
-4.1731430e-02
-4.2839640e-02
-4.4520160e-02
-4.4623010e-02
-4.4348480e-02
-4.4394160e-02
-4.4474750e-02
-4.4437130e-02
-4.4408330e-02
-4.4166100e-02
-4.2953410e-02
-4.1706930e-02
-4.1566400e-02
-4.1718380e-02
-4.1373050e-02
-3.9620750e-02
-3.7946570e-02
-3.7204580e-02
-3.6820420e-02
-3.6238620e-02
-3.5462250e-02
-3.3633990e-02
-3.2816720e-02
-3.1354710e-02
-3.0319420e-02
-2.9384600e-02
-2.7760200e-02
-2.6006490e-02
-2.4762080e-02
-2.3310720e-02
-2.1000360e-02
-1.9272650e-02
-1.8060730e-02
-1.6552430e-02
-1.5198920e-02
-1.4063610e-02
-1.5540410e-02
-1.4814130e-02
-1.1597010e-02
-1.0405800e-02
-1.0909830e-02
-1.0538780e-02
-8.5118690e-03
-7.3679330e-03
-5.9326830e-03
-4.7864630e-03
-3.1230700e-03
-1.9963100e-03
-4.0399250e-04
6.9168030e-04
1.8435230e-03
3.2582770e-03
4.1503270e-03
5.4557450e-03
5.8961610e-03
7.0026700e-03
8.4421030e-03
8.4839800e-03
8.6847830e-03
9.6972000e-03
1.0372340e-02
1.0652030e-02
1.0856880e-02
1.1751830e-02
1.3466520e-02
1.3700450e-02
1.4276940e-02
1.4776510e-02
1.3835250e-02
1.3144400e-02
1.3192730e-02
1.3162330e-02
1.3115670e-02
1.4374940e-02
1.4684810e-02
1.4630540e-02
1.5379680e-02
1.5503360e-02
1.4757830e-02
1.4405410e-02
1.5111310e-02
1.4337310e-02
1.2349080e-02
1.1940650e-02
1.2042560e-02
1.0327530e-02
8.9242450e-03
8.8392680e-03
7.2701200e-03
6.0285120e-03
6.1249810e-03
5.5093790e-03
4.3695570e-03
3.4063350e-03
3.2675400e-03
3.3428950e-03
3.2773320e-03
2.8444760e-03
1.0385090e-03
2.1582530e-04
4.1168800e-04
-7.1765130e-04
-2.4617400e-03
-3.6866830e-03
-4.9663690e-03
-6.0466020e-03
-7.7622430e-03
-8.0541260e-03
-7.8282570e-03
-7.9015300e-03
-7.9985570e-03
-7.9646560e-03
-7.9293970e-03
-7.9182650e-03
-7.9432820e-03
-7.2399910e-03
-5.4959270e-03
-5.0312940e-03
-5.2433140e-03
-4.5424740e-03
-2.6145490e-03
-1.4764950e-03
1.3079580e-04
2.1689430e-03
3.5919100e-03
5.3752670e-03
6.8653010e-03
9.1546210e-03
1.1345550e-02
1.2852580e-02
1.4953440e-02
1.6872230e-02
1.8319570e-02
2.0492190e-02
2.2394080e-02
2.2814410e-02
2.3650940e-02
2.5088400e-02
2.5406680e-02
2.5142940e-02
2.5109130e-02
2.5125820e-02
2.4986910e-02
2.4735310e-02
2.3517390e-02
2.2078050e-02
2.0942270e-02
1.9114270e-02
1.7032560e-02
1.5105830e-02
1.2542020e-02
