0.01
-8.0142340e-03
-1.0931970e-02
-9.2866570e-03
-6.3562530e-03
-6.2654250e-03
-1.0396550e-02
-1.6074180e-02
-1.9737330e-02
-1.9833550e-02
-1.6143310e-02
-9.1933830e-03
-6.4461990e-04
6.5795960e-03
9.9610720e-03
7.9646600e-03
8.7417900e-04
-8.5741570e-03
-1.5990320e-02
-1.7877980e-02
-1.3873240e-02
-6.1379300e-03
1.9680210e-03
7.4156840e-03
9.0345940e-03
7.8945650e-03
6.8412440e-03
7.9860980e-03
1.1319810e-02
1.3526340e-02
1.1043510e-02
4.7666330e-03
-1.4872460e-03
-5.5373690e-03
-7.7538850e-03
-8.1213320e-03
-6.2164620e-03
-2.1033690e-03
4.3443770e-03
1.2237370e-02
1.8982260e-02
2.3330400e-02
2.5789040e-02
2.6592370e-02
2.5201700e-02
1.9829570e-02
1.0090620e-02
-1.6824160e-03
-1.1902390e-02
-1.8098520e-02
-1.9246570e-02
-1.5869300e-02
-1.0848030e-02
-7.3381050e-03
-6.0029570e-03
-4.7649740e-03
-1.6621230e-03
3.2475080e-03
7.8282260e-03
9.2049620e-03
5.1099420e-03
-3.5262240e-03
-1.2469200e-02
-1.6760120e-02
-1.4571130e-02
-8.5713400e-03
-2.6876620e-03
1.1700380e-03
3.2089670e-03
4.2582870e-03
4.2534080e-03
3.0394530e-03
8.7164060e-04
-1.8773750e-03
-5.4135430e-03
-8.3341440e-03
-8.0979190e-03
-4.3611290e-03
1.3412630e-03
5.8921610e-03
5.9862760e-03
1.7691460e-03
-3.1215670e-03
-6.0355200e-03
-7.0220880e-03
-7.7030400e-03
-8.8196060e-03
-9.3085670e-03
-8.4194960e-03
-6.5690460e-03
-4.4624910e-03
-2.5875180e-03
-1.4539950e-03
-1.3852440e-03
-1.6275990e-03
-5.8740130e-04
3.2175490e-03
9.4431460e-03
1.6391720e-02
2.2013270e-02
2.5259090e-02
2.5114850e-02
2.0049440e-02
9.5365950e-03
-4.0828960e-03
-1.6481620e-02
-2.3902940e-02
-2.4082160e-02
-1.6708800e-02
-4.8229850e-03
7.5612770e-03
1.7559500e-02
2.2403470e-02
2.0039120e-02
1.2266650e-02
4.2059500e-03
-4.4532580e-04
-1.9552330e-03
-3.1602640e-03
-5.7092600e-03
-8.9847050e-03
-1.0989510e-02
-9.9628810e-03
-5.2143070e-03
2.4198920e-03
9.8689150e-03
1.4370550e-02
1.4493350e-02
1.0134030e-02
2.6797820e-03
-4.3184280e-03
-7.1018160e-03
-4.8558740e-03
4.4581460e-04
5.9787670e-03
1.1133580e-02
1.6330730e-02
1.9877690e-02
2.0039090e-02
1.6225930e-02
9.6838540e-03
2.8227710e-03
-3.6347490e-03
-9.7954640e-03
-1.4895330e-02
-1.6908830e-02
-1.3660030e-02
-6.2764140e-03
7.2310380e-05
1.4636510e-03
-1.6018540e-03
-5.4404520e-03
-7.2791040e-03
-7.5665220e-03
-7.6950830e-03
-6.7340510e-03
-2.1485370e-03
5.9643670e-03
1.3146980e-02
1.4345350e-02
8.4441800e-03
-1.8603960e-03
-1.2066710e-02
-1.8066270e-02
-1.8103960e-02
-1.2979480e-02
-5.6119480e-03
7.0843050e-04
4.8484140e-03
7.7332880e-03
1.0293080e-02
1.1976310e-02
1.1372020e-02
8.0361290e-03
3.8566160e-03
1.5246720e-03
1.9754380e-03
3.2518960e-03
1.8083540e-03
-3.2734370e-03
-9.5418040e-03
-1.3854960e-02
-1.4838940e-02
-1.3646140e-02
-1.2410280e-02
-1.1362160e-02
-9.0477260e-03
-4.2751710e-03
3.1050520e-03
1.1454610e-02
1.8027470e-02
1.9792100e-02
1.4841110e-02
4.1945250e-03
-8.2721730e-03
-1.7317320e-02
-1.9194520e-02
-1.4306390e-02
-5.2020160e-03
6.3941800e-03
1.9327660e-02
3.0980170e-02
3.7552700e-02
3.6162510e-02
2.6803520e-02
1.3027870e-02
-1.4895240e-03
-1.3482500e-02
-2.0819690e-02
-2.2912470e-02
-1.9429860e-02
-1.0472870e-02
1.6469150e-03
1.2150020e-02
1.6995430e-02
1.5145100e-02
8.8795810e-03
1.0875610e-03
-6.6841370e-03
-1.3232910e-02
-1.6587660e-02
-1.4858950e-02
-8.8853700e-03
-1.3175520e-03
4.2678570e-03
4.7522870e-03
-3.6536560e-04
-7.4427530e-03
-1.1869570e-02
-1.2831640e-02
-1.2446860e-02
-1.2534360e-02
-1.3194160e-02
-1.2837230e-02
-1.0040850e-02
-4.5359650e-03
2.7405660e-03
8.9775780e-03
1.0992770e-02
9.1381450e-03
6.6990950e-03
6.1494700e-03
7.4832840e-03
7.9071600e-03
3.9018470e-03
-3.8898830e-03
-1.0234790e-02
-9.6338870e-03
-1.8708720e-03
7.0404780e-03
1.0859100e-02
8.8503210e-03
5.0153820e-03
3.2607870e-03
4.1156220e-03
5.3673160e-03
4.6179680e-03
2.4098020e-03
8.4447640e-04
2.3311340e-03
7.4360230e-03
1.4721440e-02
2.0132370e-02
1.9772840e-02
1.2646940e-02
8.6029820e-04
-1.1703710e-02
-2.1539290e-02
-2.6192480e-02
-2.4774590e-02
-1.7135660e-02
-4.4700370e-03
9.5359520e-03
1.9399530e-02
2.1273400e-02
1.5078390e-02
4.7587050e-03
-4.3212190e-03
-9.9656740e-03
-1.2469910e-02
-1.3120590e-02
-1.2491170e-02
-9.6941510e-03
-4.7291910e-03
8.1075450e-04
6.0682880e-03
9.8780380e-03
1.1384620e-02
1.1385240e-02
1.1524090e-02
9.2723770e-03
2.6846980e-03
-6.9845120e-03
-1.5955360e-02
-1.9650300e-02
-1.5287540e-02
-4.4869130e-03
7.5414940e-03
1.6639950e-02
2.1508530e-02
2.1974120e-02
1.7962970e-02
9.5470660e-03
-1.6280170e-03
-1.1547360e-02
-1.6191460e-02
-1.4854870e-02
-9.4700730e-03
-3.4727870e-03
7.6890090e-04
2.7512870e-03
3.0562000e-03
2.8723170e-03
3.2875410e-03
4.8383050e-03
7.1012340e-03
9.2872190e-03
1.0668500e-02
1.0130710e-02
7.4070750e-03
3.1748820e-03
-2.3317680e-03
-7.9047440e-03
-1.0962510e-02
-9.7475370e-03
-5.0865530e-03
-8.2871470e-04
-9.4521820e-04
-5.3309900e-03
-9.5491020e-03
-8.5898860e-03
-1.8638060e-03
6.4178390e-03
1.0124320e-02
6.6975580e-03
-1.5327240e-03
-1.0986740e-02
-1.9240580e-02
-2.4276700e-02
-2.3932530e-02
-1.5501200e-02
9.1754120e-05
1.7425660e-02
3.1492320e-02
3.8199270e-02
3.4975370e-02
2.2676140e-02
4.7271750e-03
-1.3483570e-02
-2.6920370e-02
-3.2660240e-02
-3.0381430e-02
-2.2107420e-02
-1.1081240e-02
3.8166360e-06
9.2828830e-03
1.6289340e-02
2.0107770e-02
1.9442790e-02
1.3118030e-02
1.3732570e-03
-1.3278510e-02
-2.5425580e-02
-3.0738200e-02
-2.8774890e-02
-2.1381310e-02
-1.0565040e-02
9.6909760e-04
1.0092990e-02
1.5559680e-02
1.7402050e-02
1.6121200e-02
1.2282580e-02
6.3715770e-03
-9.8289310e-04
-7.4210790e-03
-1.0212790e-02
-9.0329830e-03
-4.9027060e-03
1.3874110e-04
4.2330200e-03
6.4979070e-03
6.3546840e-03
3.8918540e-03
3.3459810e-04
-3.1412400e-03
-6.3840600e-03
-1.0052040e-02
-1.3439400e-02
-1.4045670e-02
-1.0111970e-02
-3.6959550e-03
1.7671060e-03
3.5742810e-03
1.1821300e-03
-3.0115170e-03
-5.5412010e-03
-4.7037160e-03
-2.1842620e-03
-3.5169000e-05
4.7298240e-04
-9.0184440e-04
-2.8038300e-03
-4.1203540e-03
-4.6220790e-03
-4.6102650e-03
-3.3990240e-03
-2.0073960e-05
4.5509060e-03
8.5670490e-03
1.1196440e-02
1.2215040e-02
1.2115350e-02
1.0374540e-02
6.0845740e-03
1.2256400e-04
-4.2326200e-03
-5.0620580e-03
-3.0366730e-03
-1.9975570e-04
1.2164400e-03
1.3310890e-03
1.1849620e-03
9.8087270e-04
3.5578600e-05
-2.0695650e-03
-4.9601420e-03
-7.3392490e-03
-7.5397860e-03
-5.0488920e-03
-1.1878210e-03
1.0254440e-03
-7.0563220e-04
-5.9784660e-03
-1.2130860e-02
-1.4830780e-02
-1.2240150e-02
-6.5088590e-03
-1.1697450e-03
1.4848730e-03
1.5722010e-03
1.0038080e-03
1.2145260e-03
2.1870850e-03
2.3394870e-03
4.4049780e-04
-2.5403500e-03
-5.3838810e-03
-7.4684080e-03
-8.9802350e-03
-1.0237560e-02
-1.1588140e-02
-1.2574830e-02
-1.2692280e-02
-1.1053540e-02
-7.0722710e-03
-2.1679440e-03
6.8042110e-04
-8.8172200e-04
-5.8904630e-03
-1.0612720e-02
-1.1714780e-02
-9.1405540e-03
-5.3105860e-03
-1.4068120e-03
3.0823200e-03
8.2781700e-03
1.2436120e-02
1.3621710e-02
1.1225430e-02
6.8738260e-03
2.0192740e-03
-2.4988300e-03
-5.7341820e-03
-6.6961370e-03
-5.1287020e-03
-2.5543340e-03
-1.2208510e-03
-2.0031680e-03
-4.3304990e-03
-6.0288660e-03
-4.2659540e-03
1.1205550e-03
7.3688000e-03
1.1328590e-02
1.1941750e-02
9.9335070e-03
6.6491100e-03
2.6785390e-03
-2.0508860e-03
-6.6765660e-03
-9.5619860e-03
-8.6346390e-03
-2.5993320e-03
6.7794310e-03
1.5083890e-02
1.7770440e-02
1.3594560e-02
5.6563270e-03
-2.0568410e-03
-7.2198580e-03
-1.0020960e-02
-1.1157110e-02
-1.0805500e-02
-1.0029450e-02
-9.0031320e-03
-6.6927450e-03
-2.9694470e-03
9.3862170e-04
3.4753970e-03
3.7755470e-03
2.4138710e-03
9.3921160e-04
3.9406640e-04
8.0298700e-04
2.1269290e-03
4.0481210e-03
4.9504030e-03
3.6756430e-03
1.0502680e-03
-1.4278350e-03
-3.4013280e-03
-5.5141950e-03
-7.6219060e-03
-7.5148030e-03
-3.3028510e-03
4.3688930e-03
1.2985810e-02
1.8950640e-02
1.8486380e-02
1.0928350e-02
1.7219550e-04
-8.5310080e-03
-1.2475660e-02
-1.2351770e-02
-9.5539140e-03
-5.3768580e-03
-5.2697940e-04
5.5165160e-03
1.2420560e-02
1.7848640e-02
1.9505030e-02
1.7204510e-02
1.2506540e-02
6.4479420e-03
-1.3082360e-03
-9.9743980e-03
-1.6287790e-02
-1.7518500e-02
-1.3412270e-02
-5.9586800e-03
2.3015360e-03
8.9762130e-03
1.1362420e-02
9.5388470e-03
6.8012220e-03
6.3414090e-03
8.6702880e-03
1.1353010e-02
1.1019160e-02
7.3077240e-03
3.3660080e-03
2.2820010e-03
4.1182180e-03
5.7762500e-03
4.9045440e-03
2.6628640e-03
1.3504690e-03
1.0407990e-03
-1.7897450e-04
-3.7267690e-03
-9.3915190e-03
-1.4785960e-02
-1.6932270e-02
-1.4222740e-02
-6.6359630e-03
3.2228640e-03
1.1174860e-02
1.4426750e-02
1.2949780e-02
9.3519000e-03
6.8247080e-03
6.9243930e-03
8.8040550e-03
1.1595130e-02
1.4934350e-02
1.7251470e-02
1.7083640e-02
1.4354050e-02
1.0160540e-02
5.5017280e-03
2.2096570e-04
-6.1989750e-03
-1.2956980e-02
-1.7194200e-02
-1.6247660e-02
-9.8794570e-03
-6.4888740e-04
8.1935220e-03
1.4771030e-02
1.8732800e-02
2.0942930e-02
2.1457400e-02
1.8999560e-02
1.2492670e-02
1.6124380e-03
-1.1777120e-02
-2.3022680e-02
-2.8873830e-02
-2.9015100e-02
-2.4998300e-02
-1.8664340e-02
-1.1231240e-02
-4.8063480e-03
-1.7147370e-03
-2.4751550e-03
-5.6492140e-03
-9.6056380e-03
-1.2247590e-02
-1.2423380e-02
-9.7243580e-03
-4.3321370e-03
3.2012450e-03
1.2074830e-02
2.0685790e-02
2.7448170e-02
3.1988310e-02
3.4373290e-02
3.3463300e-02
2.8247500e-02
1.9752320e-02
1.0469360e-02
3.0519340e-03
-2.1971880e-03
-5.5127980e-03
-6.2920710e-03
-3.5994180e-03
1.9806560e-03
8.8110110e-03
1.4337920e-02
1.7052980e-02
1.7554580e-02
1.7191880e-02
1.6925010e-02
1.7307250e-02
1.8663690e-02
2.0152720e-02
2.0128020e-02
1.6802410e-02
9.6229390e-03
4.2468130e-04
-8.7871030e-03
-1.6125230e-02
-2.0015910e-02
-1.9541260e-02
-1.5278410e-02
-9.1414590e-03
-3.1376880e-03
8.3283170e-04
1.3985420e-03
-1.7183160e-03
-8.0926100e-03
-1.6432980e-02
-2.4700800e-02
-2.9917570e-02
-3.0940040e-02
-2.8074390e-02
-2.2280670e-02
-1.5008180e-02
-7.4453390e-03
1.2526590e-04
7.5059890e-03
1.3102260e-02
1.4282040e-02
1.0098880e-02
1.8346210e-03
-7.9902330e-03
-1.7232570e-02
-2.3269220e-02
-2.4459460e-02
-2.1018780e-02
-1.4472060e-02
-5.3186770e-03
5.1306690e-03
1.5184250e-02
2.1798840e-02
2.1933050e-02
1.5883800e-02
6.5369370e-03
-2.6803740e-03
-9.8103350e-03
-1.4436620e-02
-1.6894650e-02
-1.7832650e-02
-1.7954980e-02
-1.6875240e-02
-1.3612070e-02
-9.0330190e-03
-5.0957860e-03
-2.5169890e-03
-1.2962260e-03
-1.1060180e-03
-1.8424270e-03
-3.8080200e-03
-6.3800690e-03
-8.5025120e-03
-9.4279490e-03
-8.8377040e-03
-7.1861190e-03
-4.9033480e-03
-1.8127160e-03
1.6467790e-03
4.2509820e-03
4.2362410e-03
-5.1866220e-04
-1.0004130e-02
-2.1086320e-02
-3.0493110e-02
-3.6826700e-02
-4.0502840e-02
-4.1514810e-02
-3.7863090e-02
-2.7722090e-02
-1.0908670e-02
9.8860610e-03
2.9500840e-02
4.3148250e-02
4.7323110e-02
4.0747950e-02
2.6090020e-02
7.8529490e-03
-9.6293550e-03
-2.2521940e-02
-2.8876740e-02
-2.8685070e-02
-2.2037990e-02
-9.7029200e-03
5.2115240e-03
1.9645860e-02
3.0890830e-02
3.7178990e-02
3.7872030e-02
3.3877100e-02
2.7696720e-02
2.2425080e-02
2.1650650e-02
2.7286280e-02
3.7547350e-02
4.9719930e-02
6.2583160e-02
7.5174740e-02
8.5273080e-02
8.9256500e-02
8.3685950e-02
6.8434040e-02
4.8113110e-02
2.9968800e-02
1.9067300e-02
1.5970470e-02
1.9272160e-02
2.7801340e-02
3.9934180e-02
5.2436360e-02
6.0796270e-02
6.0635400e-02
4.9918580e-02
2.9036470e-02
5.1447540e-04
-3.1690780e-02
-6.1409770e-02
-8.2743920e-02
-9.3109160e-02
-9.1128180e-02
-7.5447670e-02
-4.6673240e-02
-9.5687520e-03
2.5784540e-02
5.0430200e-02
6.0855580e-02
5.5817960e-02
3.4761510e-02
1.1868520e-03
-3.6585330e-02
-7.1688040e-02
-9.9116030e-02
-1.1474120e-01
-1.1419900e-01
-9.4010980e-02
-5.7194290e-02
-1.2892010e-02
2.9136910e-02
6.1773760e-02
8.0306620e-02
8.2056930e-02
6.7837310e-02
4.1178380e-02
7.0657250e-03
-2.9508230e-02
-6.3331890e-02
-9.0754110e-02
-1.0778700e-01
-1.1114220e-01
-1.0080670e-01
-8.0011250e-02
-5.2975130e-02
-2.4890940e-02
-1.2146370e-03
1.4784340e-02
2.3808660e-02
2.8218130e-02
2.9994340e-02
3.0189390e-02
2.8282910e-02
2.3028610e-02
1.4620950e-02
4.8634730e-03
-4.3869430e-03
-1.1905990e-02
-1.6906740e-02
-1.9308530e-02
-1.8580920e-02
-1.2797500e-02
-2.7383540e-04
1.8780700e-02
4.1742530e-02
6.4278860e-02
8.0238740e-02
8.5556760e-02
7.9285010e-02
6.3408290e-02
4.2547160e-02
2.4445030e-02
1.5121010e-02
1.4462380e-02
1.9101320e-02
2.7124960e-02
3.7551910e-02
4.7855110e-02
5.5089050e-02
5.7280240e-02
5.3350680e-02
4.3688630e-02
3.0489790e-02
1.6858260e-02
5.3501530e-03
-4.2987840e-03
-1.2568930e-02
-1.9126840e-02
-2.4571960e-02
-2.9845010e-02
-3.5333400e-02
-4.0855880e-02
-4.6003310e-02
-4.9780890e-02
-4.9703940e-02
-4.2766540e-02
-2.8454940e-02
-8.3682250e-03
1.3637770e-02
3.1984360e-02
4.1682950e-02
4.2207130e-02
3.5648160e-02
2.4428690e-02
1.0243490e-02
-5.8259270e-03
-2.4004810e-02
-4.4801060e-02
-6.7717070e-02
-8.9390770e-02
-1.0533760e-01
-1.1303420e-01
-1.1078310e-01
-9.6302000e-02
-6.8945770e-02
-3.1355470e-02
1.2032460e-02
5.4046570e-02
8.7672270e-02
1.0803030e-01
1.1063340e-01
9.4721460e-02
6.2465430e-02
1.9845180e-02
-2.4116410e-02
-6.0943460e-02
-8.6008150e-02
-9.8903570e-02
-1.0182570e-01
-9.6859460e-02
-8.4790370e-02
-6.4968030e-02
-3.9007140e-02
-1.2082390e-02
1.1249540e-02
2.9601980e-02
3.9767970e-02
3.8738430e-02
2.5646280e-02
2.7097960e-03
-2.4524830e-02
-4.9353030e-02
-6.6774490e-02
-7.3116860e-02
-6.4904430e-02
-4.0512230e-02
-2.9275760e-03
4.1788600e-02
8.5063750e-02
1.1736670e-01
1.3234560e-01
1.2943210e-01
1.1183000e-01
8.3704140e-02
4.7955930e-02
9.0885810e-03
-2.6165610e-02
-5.1266080e-02
-6.2914200e-02
-5.9490450e-02
-4.0449950e-02
-9.5142280e-03
2.4499640e-02
5.2515790e-02
6.8987010e-02
7.2316990e-02
6.3617360e-02
4.4323790e-02
1.7485840e-02
-1.0661610e-02
-3.5091560e-02
-5.2051840e-02
-5.9118520e-02
-5.5993490e-02
-4.4018890e-02
-2.5842500e-02
-6.3478080e-03
1.1483380e-02
2.6401430e-02
3.5126160e-02
3.4838420e-02
2.5421650e-02
8.9550630e-03
-1.1040100e-02
-2.9455180e-02
-4.0339320e-02
-4.1003440e-02
-3.3414050e-02
-2.2406330e-02
-1.2461180e-02
-5.2695290e-03
7.8344110e-04
7.4254770e-03
1.3618020e-02
1.6308470e-02
1.3299410e-02
5.7387300e-03
-3.4501040e-03
-1.0805400e-02
-1.4365790e-02
-1.4699940e-02
-1.2016240e-02
-5.6678080e-03
5.1957720e-03
1.8318460e-02
2.7495410e-02
2.7069270e-02
1.6115750e-02
-1.6031370e-03
-2.0007450e-02
-3.4396690e-02
-4.2442240e-02
-4.4279020e-02
-4.1741860e-02
-3.7737660e-02
-3.4671950e-02
-3.3522680e-02
-3.3309470e-02
-3.1784190e-02
-2.7800690e-02
-2.2284310e-02
-1.5634050e-02
-6.8634980e-03
3.8695000e-03
1.4735450e-02
2.4134860e-02
3.1048960e-02
3.4273880e-02
3.3189740e-02
2.7917630e-02
1.9620460e-02
9.5565090e-03
-1.4025190e-03
-1.2462750e-02
-2.2836050e-02
-3.0655750e-02
-3.2768500e-02
-2.6877910e-02
-1.2551080e-02
8.6963380e-03
3.2500660e-02
5.3507980e-02
6.9953490e-02
8.1595270e-02
8.7349310e-02
8.4541490e-02
7.0642570e-02
4.5671490e-02
1.3229870e-02
-1.8847170e-02
-4.4042280e-02
-6.0503250e-02
-6.8893180e-02
-7.1233510e-02
-6.7945450e-02
-5.7844820e-02
-4.0005930e-02
-1.5712420e-02
1.0794260e-02
3.3420550e-02
4.8011800e-02
5.1957490e-02
4.3267700e-02
2.2155180e-02
-8.1526900e-03
-4.3117530e-02
-7.4901640e-02
-9.3869110e-02
-9.3791670e-02
-7.4249640e-02
-3.9346530e-02
4.8265110e-03
5.0430210e-02
8.6807200e-02
1.0714150e-01
1.1027490e-01
9.8501300e-02
7.5599840e-02
4.5901630e-02
1.3321940e-02
-1.6689030e-02
-3.9507480e-02
-5.3324580e-02
-5.8892920e-02
-5.8381400e-02
-5.3333750e-02
-4.4719290e-02
-3.4612190e-02
-2.4754940e-02
-1.5333480e-02
-6.0248820e-03
2.1186260e-03
6.4408280e-03
5.3011300e-03
-5.1655710e-04
-8.8212210e-03
-1.7237000e-02
-2.4464450e-02
-3.1560080e-02
-3.8400610e-02
-4.1073310e-02
-3.5111970e-02
-1.9129730e-02
3.6974160e-03
2.7409680e-02
4.5905740e-02
5.4552010e-02
5.1865640e-02
3.9182540e-02
1.8990050e-02
-5.2462110e-03
-2.9291410e-02
-4.9418270e-02
-6.1571810e-02
-6.2127360e-02
-5.0297880e-02
-2.9936960e-02
-7.3579750e-03
1.2526680e-02
2.5926980e-02
3.0817260e-02
2.7395560e-02
1.6368450e-02
-1.0710230e-03
-2.1625330e-02
-3.9502820e-02
-4.8645800e-02
-4.6130900e-02
-3.3581800e-02
-1.6463890e-02
-1.8765170e-03
7.1036990e-03
1.0415030e-02
9.1243200e-03
5.1662370e-03
-1.9861950e-05
-5.7555110e-03
-1.2030930e-02
-1.8066260e-02
-2.1918020e-02
-2.1278030e-02
-1.4952900e-02
-4.0639310e-03
8.9336960e-03
2.2834460e-02
3.6726320e-02
4.8449880e-02
5.7034230e-02
6.2262270e-02
6.2656020e-02
5.6233400e-02
4.2858880e-02
2.3523430e-02
1.4749320e-03
-1.7321950e-02
-2.8119400e-02
-2.9619660e-02
-2.2296220e-02
-8.1636360e-03
8.6486380e-03
2.3394220e-02
3.3430640e-02
3.7576660e-02
3.5873450e-02
2.8908200e-02
1.7344840e-02
3.0375590e-03
-1.0874790e-02
-2.1519100e-02
-2.7943780e-02
-2.9983110e-02
-2.8103780e-02
-2.2463080e-02
-1.3865130e-02
-3.2800620e-03
8.6468680e-03
1.9591170e-02
2.7396810e-02
3.1256240e-02
3.0821170e-02
2.6000680e-02
1.8070990e-02
7.9172840e-03
-3.4768950e-03
-1.4728470e-02
-2.3847070e-02
-2.9120080e-02
-3.0485880e-02
-2.8456410e-02
-2.2815670e-02
-1.4068400e-02
-3.2989450e-03
8.2979870e-03
1.9134280e-02
2.7064610e-02
3.1514390e-02
3.2451240e-02
2.9941040e-02
2.5141820e-02
1.9688910e-02
1.4047600e-02
7.5687010e-03
1.0381070e-05
-7.8261920e-03
-1.4163400e-02
-1.7962300e-02
-1.9576150e-02
-1.9841010e-02
-1.9713490e-02
-1.9440370e-02
-1.8634440e-02
-1.7087940e-02
-1.4359630e-02
-1.0240670e-02
-5.2041250e-03
-4.8832200e-05
3.7317840e-03
5.0498660e-03
4.4567730e-03
2.8425470e-03
1.1099570e-03
-3.7158800e-04
-1.4889790e-03
-1.6323600e-03
1.2911030e-03
8.4232780e-03
1.8481100e-02
2.7610510e-02
3.2200010e-02
3.1007830e-02
2.4887620e-02
1.5651580e-02
4.3143370e-03
-9.2837550e-03
-2.4801840e-02
-3.9159740e-02
-4.8208030e-02
-4.8574710e-02
-3.8521880e-02
-1.9342440e-02
4.4884690e-03
2.7034500e-02
4.4161510e-02
5.4756300e-02
5.8544770e-02
5.5478250e-02
4.6020490e-02
3.1093060e-02
1.2194410e-02
-7.6357450e-03
-2.4704940e-02
-3.6023830e-02
-4.0888290e-02
-3.9965950e-02
-3.4231610e-02
-2.4040520e-02
-1.0657230e-02
3.4116930e-03
1.5329220e-02
2.2660960e-02
2.3665480e-02
1.8693150e-02
8.1970770e-03
-6.6333410e-03
-2.2476640e-02
-3.5305360e-02
-4.2345190e-02
-4.2493270e-02
-3.6970830e-02
-2.8338750e-02
-1.9116440e-02
-1.0600500e-02
-3.6606070e-03
8.8853470e-04
2.9374490e-03
3.8421030e-03
3.8700710e-03
2.9979570e-03
2.2380340e-03
1.4286520e-03
-1.1054110e-04
-2.7481780e-03
-6.6251680e-03
-1.1166780e-02
-1.4999190e-02
-1.6791450e-02
-1.5744700e-02
-1.2339680e-02
-8.3992620e-03
-5.2670430e-03
-3.4646620e-03
-3.4406370e-03
-6.0019100e-03
-1.1773510e-02
-2.0632210e-02
-3.0497310e-02
-3.9056320e-02
-4.3430840e-02
-4.1408480e-02
-3.2583560e-02
-1.8884440e-02
-3.7828080e-03
9.8948180e-03
2.1009690e-02
2.8066090e-02
2.9111640e-02
2.3034120e-02
1.2059510e-02
3.3491380e-04
-8.8280810e-03
-1.3030260e-02
-1.1313550e-02
-5.1753040e-03
2.3181840e-03
1.0125360e-02
1.8332870e-02
2.5541350e-02
2.9224180e-02
2.8423630e-02
2.3447400e-02
1.5865570e-02
7.6940530e-03
1.7410240e-04
-5.8053410e-03
-8.3713230e-03
-5.3628060e-03
2.4265860e-03
1.2225430e-02
2.1792800e-02
3.0212420e-02
3.6794890e-02
3.9900830e-02
3.8174630e-02
3.0968400e-02
1.8169720e-02
1.5766370e-03
-1.4552940e-02
-2.7132970e-02
-3.4532090e-02
-3.5700850e-02
-3.0210590e-02
-2.0010320e-02
-8.5541860e-03
7.3970940e-04
6.0704390e-03
7.3240640e-03
5.6090800e-03
2.4043670e-03
-7.4271280e-04
-2.4347230e-03
-2.4403690e-03
-1.1906190e-03
3.4472980e-05
-6.5330140e-04
-4.1638410e-03
-9.4333250e-03
-1.4866030e-02
-1.9584900e-02
-2.2911570e-02
-2.4725180e-02
-2.4129130e-02
-1.9895030e-02
-1.2258480e-02
-2.8512880e-03
5.5169980e-03
1.0872650e-02
1.2436850e-02
9.7335520e-03
2.0392220e-03
-1.0258930e-02
-2.4865340e-02
-3.8222530e-02
-4.7403000e-02
-5.0966170e-02
-4.7272670e-02
-3.5697900e-02
-1.7275230e-02
4.0450200e-03
2.3440530e-02
3.6126970e-02
3.9656550e-02
3.4515150e-02
2.3475550e-02
1.0042450e-02
-2.2089230e-03
-1.0753040e-02
-1.4729370e-02
-1.4900240e-02
-1.2222180e-02
-7.1452390e-03
8.1063280e-04
1.0228750e-02
1.8206500e-02
2.2328430e-02
2.2698960e-02
2.0227450e-02
1.5288420e-02
8.5953320e-03
2.7459630e-03
8.4543120e-05
1.4147010e-03
6.5841870e-03
1.3402850e-02
1.8473630e-02
2.0200050e-02
1.9362320e-02
1.6943020e-02
1.4134880e-02
1.2144760e-02
1.1275020e-02
1.0520320e-02
9.4480800e-03
9.2899780e-03
1.0476560e-02
1.2258730e-02
1.4032630e-02
1.4370280e-02
1.2452810e-02
9.1622750e-03
6.4317140e-03
6.0462170e-03
8.0629620e-03
1.0372250e-02
1.0240270e-02
6.9354990e-03
1.3100020e-03
-5.1479210e-03
-1.1008790e-02
-1.5235460e-02
-1.6493320e-02
-1.4146930e-02
-9.1485830e-03
-3.1354880e-03
2.4067370e-03
6.5670120e-03
9.6909300e-03
1.1169180e-02
9.5664170e-03
4.7044350e-03
-1.5592600e-03
-6.7234180e-03
-9.2229600e-03
-8.7905380e-03
-6.5901910e-03
-3.4304980e-03
-1.6950810e-04
2.0625030e-03
2.4834820e-03
5.8539790e-04
-2.7432580e-03
-5.8874060e-03
-7.5963050e-03
-7.6094650e-03
-6.0111130e-03
-3.0469240e-03
5.2755340e-04
3.2289190e-03
3.3666960e-03
4.2070020e-04
-4.2961490e-03
-8.2727750e-03
-1.0293820e-02
-1.0160060e-02
-7.8784450e-03
-3.6614410e-03
1.2027630e-03
4.6506900e-03
5.9238920e-03
5.8386670e-03
6.2814280e-03
8.7018940e-03
1.3079840e-02
1.8048320e-02
2.2287670e-02
2.6584670e-02
3.1649410e-02
3.5605990e-02
3.7334400e-02
3.6253030e-02
3.2301450e-02
2.7343860e-02
2.2852890e-02
1.8677570e-02
1.5303620e-02
1.3555040e-02
1.3882400e-02
1.6557340e-02
2.1073720e-02
2.5603900e-02
2.7855860e-02
2.6453160e-02
2.1746830e-02
1.5869520e-02
1.1675980e-02
1.1115340e-02
1.4529170e-02
2.0790230e-02
2.7036080e-02
3.0846790e-02
3.1495310e-02
2.9450070e-02
2.5962890e-02
2.1185950e-02
1.5568680e-02
1.0607330e-02
8.2983330e-03
9.2449880e-03
1.2765500e-02
1.7891770e-02
2.3228790e-02
2.7724860e-02
3.1081700e-02
3.2629740e-02
3.1825450e-02
2.8867920e-02
2.4598450e-02
1.9368320e-02
1.3987190e-02
9.0213680e-03
4.2658030e-03
4.8516400e-05
-2.1348290e-03
-1.2274300e-03
2.1344920e-03
6.8196780e-03
1.2271610e-02
1.7312910e-02
2.0660130e-02
2.1425740e-02
1.9429180e-02
1.5613530e-02
1.0733340e-02
5.1359100e-03
-1.0516820e-04
-3.5187810e-03
-3.4622410e-03
2.5999390e-04
6.1066080e-03
1.1843330e-02
1.5968840e-02
1.8028630e-02
1.7383410e-02
1.4122930e-02
8.6755090e-03
1.2139100e-03
-7.3355120e-03
-1.4761490e-02
-1.9532550e-02
-2.1396990e-02
-2.0791060e-02
-1.7888190e-02
-1.3407300e-02
-8.4372680e-03
-3.8025360e-03
-7.1865990e-04
6.0243980e-04
1.3841930e-04
-2.1549470e-03
-6.0544120e-03
-1.0751210e-02
-1.5406600e-02
-1.9524480e-02
-2.2938830e-02
-2.5495120e-02
-2.6559360e-02
-2.5529450e-02
-2.1768710e-02
-1.5121230e-02
-6.5736320e-03
1.5525290e-03
7.2390860e-03
8.9782140e-03
5.3473010e-03
-4.0089090e-03
-1.6039810e-02
-2.6587610e-02
-3.3572540e-02
-3.6575810e-02
-3.5537370e-02
-3.1445670e-02
-2.6036980e-02
-2.0366220e-02
-1.4753360e-02
-9.9714530e-03
-7.6142410e-03
-8.4435520e-03
-1.1821250e-02
-1.6693570e-02
-2.1684960e-02
-2.5723810e-02
-2.8376150e-02
-2.9170860e-02
-2.8565250e-02
-2.7280410e-02
-2.5464140e-02
-2.2048280e-02
-1.7256170e-02
-1.2129240e-02
-6.9831960e-03
-2.4088590e-03
1.0271750e-03
2.4460260e-03
1.6556940e-03
3.7420830e-04
5.0856170e-05
1.0487880e-03
2.9587300e-03
4.5288310e-03
4.7328120e-03
3.8132090e-03
3.0766150e-03
2.8473490e-03
2.6816520e-03
2.5773160e-03
2.8766310e-03
4.1428280e-03
6.5931020e-03
9.2371010e-03
1.0847190e-02
1.1190680e-02
1.1141810e-02
1.1193890e-02
1.0886680e-02
9.2428710e-03
6.2735770e-03
2.8477410e-03
-1.1980220e-03
-6.2434950e-03
-1.1357780e-02
-1.4583400e-02
-1.4452430e-02
-1.1216240e-02
-6.6014420e-03
-2.5319800e-03
-3.4096250e-06
1.2974710e-03
2.3409650e-03
2.8901050e-03
2.9212670e-03
2.8369540e-03
3.2100860e-03
4.4741860e-03
6.4600770e-03
8.9141890e-03
1.1133190e-02
1.2166990e-02
1.1457000e-02
9.7786900e-03
8.4080550e-03
7.9527490e-03
8.1723280e-03
9.0311920e-03
1.0280340e-02
1.0910020e-02
1.0891590e-02
1.1143400e-02
1.2356640e-02
1.3625270e-02
1.3200280e-02
1.0495910e-02
6.7397640e-03
3.4481390e-03
1.3966540e-03
4.8945270e-04
3.4848950e-04
-7.4388550e-06
-1.0466020e-03
-1.6542610e-03
-6.5829000e-04
1.4744320e-03
4.2061580e-03
6.8308060e-03
8.4414410e-03
8.3896240e-03
6.4619650e-03
3.3541950e-03
6.8164440e-04
-1.0103340e-03
-2.0414250e-03
-2.4617280e-03
-2.6008050e-03
-2.5931770e-03
-2.0107940e-03
-4.8933720e-04
1.2726140e-03
2.4106070e-03
2.7354220e-03
2.7753050e-03
2.8573470e-03
3.0886180e-03
3.0526470e-03
1.9420200e-03
-3.1138310e-04
-2.3072880e-03
-2.8754410e-03
-1.7455480e-03
9.9815510e-04
4.3692880e-03
6.8659810e-03
7.4679640e-03
4.9341320e-03
-5.2681990e-04
-6.8636940e-03
-1.2171170e-02
-1.5216290e-02
-1.5269220e-02
-1.2294460e-02
-7.9997330e-03
-4.3665360e-03
-2.5832090e-03
-2.9985040e-03
-4.8410110e-03
-6.6634640e-03
-7.1366350e-03
-5.2898550e-03
-1.3563610e-03
3.0547490e-03
5.8887620e-03
5.9561210e-03
3.5202360e-03
-3.7085890e-04
-5.0095780e-03
-9.7274720e-03
-1.4064700e-02
-1.7483110e-02
-1.9696810e-02
-2.0575690e-02
-2.0224320e-02
-1.8597720e-02
-1.6099140e-02
-1.3471260e-02
-1.1276950e-02
-9.8601820e-03
-9.8480640e-03
-1.1052560e-02
-1.2173610e-02
-1.2499260e-02
-1.2394530e-02
-1.2238980e-02
-1.2195370e-02
-1.2472490e-02
-1.3352990e-02
-1.4679450e-02
-1.6530620e-02
-1.9173610e-02
-2.1852160e-02
-2.3936510e-02
-2.5366450e-02
-2.5953220e-02
-2.5727650e-02
-2.4257620e-02
-2.1134320e-02
-1.6279760e-02
-1.0924240e-02
-6.8310100e-03
-4.5497040e-03
-3.9343420e-03
-5.0555800e-03
-8.0124090e-03
-1.2152050e-02
-1.6786120e-02
-2.0603870e-02
-2.2849540e-02
-2.3392510e-02
-2.1994280e-02
-1.8098390e-02
-1.2667350e-02
-7.6086040e-03
-4.6235390e-03
-4.8482030e-03
-8.3481440e-03
-1.3573870e-02
-1.9432360e-02
-2.5326040e-02
-3.0458040e-02
-3.3109840e-02
-3.2167370e-02
-2.8515360e-02
-2.3749920e-02
-1.9400300e-02
-1.5718560e-02
-1.2308640e-02
-9.1277030e-03
-7.1767790e-03
-7.1031050e-03
-8.4273030e-03
-9.9542690e-03
-1.1515330e-02
-1.3166650e-02
-1.5029510e-02
-1.7231710e-02
-1.9610170e-02
-2.1686760e-02
-2.3132260e-02
-2.3326320e-02
-2.2014470e-02
-1.9481010e-02
-1.6720480e-02
-1.4491090e-02
-1.2912810e-02
-1.2181380e-02
-1.2243580e-02
-1.3053390e-02
-1.4321600e-02
-1.5035000e-02
-1.5075850e-02
-1.4978430e-02
-1.5067020e-02
-1.5206600e-02
-1.4859990e-02
-1.3544790e-02
-1.1741310e-02
-1.0143610e-02
-8.8705730e-03
-7.2991590e-03
-5.3364010e-03
-3.4685240e-03
-2.6868630e-03
-3.6304750e-03
-5.2916810e-03
-6.6759950e-03
-7.3572410e-03
-8.1538900e-03
-9.1909100e-03
-9.8904140e-03
-1.0741050e-02
-1.1872530e-02
-1.2509620e-02
-1.2586550e-02
-1.2513650e-02
-1.2528510e-02
-1.2515490e-02
-1.2034970e-02
-1.0717870e-02
-8.5214030e-03
-5.0644220e-03
-8.9498620e-04
2.4246520e-03
3.8023040e-03
2.7997730e-03
-3.4409000e-04
-4.4963810e-03
-8.6355470e-03
-1.1616380e-02
-1.2910600e-02
-1.2457450e-02
-1.0198610e-02
-6.9507200e-03
-4.1377000e-03
-2.6456250e-03
-2.9413030e-03
-4.6687120e-03
-7.6253530e-03
-1.1250830e-02
-1.4350600e-02
-1.5795290e-02
-1.5402060e-02
-1.2767380e-02
-8.2490490e-03
-3.3135400e-03
8.7780320e-04
4.1897070e-03
6.7986460e-03
8.9979110e-03
1.0678740e-02
1.1176520e-02
1.0126210e-02
7.5326790e-03
4.4896580e-03
2.5345150e-03
2.6726800e-03
4.7465880e-03
7.8799890e-03
1.0761820e-02
1.2730020e-02
1.4207710e-02
1.5363910e-02
1.5661150e-02
1.4998410e-02
1.3705320e-02
1.2522560e-02
1.1301180e-02
1.0340070e-02
1.0472680e-02
1.1670500e-02
1.3302840e-02
1.5217240e-02
1.7393310e-02
1.9664300e-02
2.1527340e-02
2.2907100e-02
2.3583080e-02
2.3671690e-02
2.3501150e-02
2.3229760e-02
2.3145420e-02
2.3421860e-02
2.4160900e-02
2.5368700e-02
2.6193050e-02
2.6422880e-02
2.6397320e-02
2.5986830e-02
2.4661840e-02
2.2336200e-02
1.9300130e-02
1.6290860e-02
1.3954190e-02
1.2066320e-02
1.0616260e-02
1.0293400e-02
1.1411700e-02
1.3460460e-02
1.5799300e-02
1.7738790e-02
1.9159630e-02
2.0376950e-02
2.0898790e-02
2.0491430e-02
1.9165880e-02
1.7622040e-02
1.6149980e-02
1.5331470e-02
1.5253380e-02
1.5289440e-02
1.4798210e-02
1.3588730e-02
1.2317070e-02
1.1125930e-02
1.0133180e-02
9.6904430e-03
9.8049970e-03
1.0329170e-02
1.0847410e-02
1.0714880e-02
1.0718150e-02
1.1911660e-02
1.3667140e-02
1.4908390e-02
1.4536580e-02
1.2742170e-02
1.0720300e-02
9.5410370e-03
9.5691170e-03
1.0577480e-02
1.1890870e-02
1.2519610e-02
1.2583760e-02
1.2425140e-02
1.1919510e-02
1.0789460e-02
9.4018710e-03
7.5176940e-03
5.2132210e-03
3.1032320e-03
1.5883720e-03
1.3391110e-03
2.5635960e-03
4.9552890e-03
7.6914930e-03
1.0389660e-02
1.3142470e-02
1.6014590e-02
1.8506830e-02
1.9743530e-02
1.8903200e-02
1.6477670e-02
1.3583080e-02
1.0620580e-02
7.6097780e-03
5.0960570e-03
4.1840010e-03
5.0192700e-03
6.0571060e-03
6.4518010e-03
7.0870960e-03
8.7987040e-03
1.1155180e-02
1.3313560e-02
1.4424900e-02
1.4217710e-02
1.2873930e-02
1.0823430e-02
8.1220400e-03
5.3508600e-03
3.8206840e-03
4.2583390e-03
5.6144560e-03
6.7665030e-03
7.9943420e-03
8.8796020e-03
9.1438960e-03
8.8396650e-03
7.8952590e-03
6.9591880e-03
7.3839080e-03
8.9956980e-03
1.0840030e-02
1.2428450e-02
1.3771340e-02
1.4095060e-02
1.3007240e-02
1.1194440e-02
9.2624620e-03
7.2338670e-03
4.9563190e-03
2.8039630e-03
1.1921620e-03
5.9374820e-04
1.0471570e-03
2.7258850e-03
5.1882610e-03
7.4839950e-03
9.1504000e-03
1.0466380e-02
1.1440240e-02
1.1772330e-02
1.1755130e-02
1.1641010e-02
1.1516660e-02
1.1576270e-02
1.2224650e-02
1.3473050e-02
1.4314010e-02
1.4466630e-02
1.4426160e-02
1.4479900e-02
1.4376820e-02
1.3577080e-02
1.2231570e-02
1.1511430e-02
1.1887950e-02
1.3071080e-02
1.3997970e-02
1.4394250e-02
1.5136000e-02
1.6380660e-02
1.7115330e-02
1.6711890e-02
1.4839160e-02
1.2190080e-02
9.7483040e-03
