0.01
6.4681200e-03
8.9767960e-03
1.0902340e-02
1.1894630e-02
1.1826100e-02
1.0888450e-02
9.5514130e-03
8.2962790e-03
7.1646880e-03
6.0644600e-03
5.1627440e-03
4.6258280e-03
4.2778400e-03
3.7524210e-03
2.7808310e-03
1.4537170e-03
9.3581040e-05
-1.1539710e-03
-2.2109200e-03
-3.0698980e-03
-3.6793240e-03
-4.0948470e-03
-4.4424960e-03
-4.9331030e-03
-5.7157310e-03
-6.6687270e-03
-7.5230540e-03
-8.1522630e-03
-8.3971990e-03
-8.0160310e-03
-7.0260790e-03
-5.4999440e-03
-3.6443480e-03
-1.7155170e-03
9.7524310e-05
1.7373570e-03
3.1620830e-03
4.1191460e-03
4.6383850e-03
4.9330770e-03
5.0565490e-03
4.9297960e-03
4.6661740e-03
4.2453480e-03
3.4838040e-03
2.3199090e-03
1.0151550e-03
-1.2415660e-04
-9.8239310e-04
-1.5082480e-03
-1.8693440e-03
-2.3147700e-03
-2.8912710e-03
-3.3982550e-03
-3.7341310e-03
-3.9073880e-03
-3.8985640e-03
-3.7088650e-03
-3.5487590e-03
-3.6754590e-03
-4.2705090e-03
-5.4051360e-03
-6.9998880e-03
-8.6715250e-03
-1.0107090e-02
-1.1182720e-02
-1.1656330e-02
-1.1268510e-02
-9.7733620e-03
-7.0334510e-03
-3.0648560e-03
1.7431080e-03
6.7048480e-03
1.1183720e-02
1.4645370e-02
1.7002780e-02
1.8444930e-02
1.9034010e-02
1.8902820e-02
1.8175190e-02
1.6995750e-02
1.5575840e-02
1.3874720e-02
1.1852080e-02
9.5583000e-03
7.1439510e-03
4.8084570e-03
2.4071020e-03
-3.8215870e-04
-3.5387120e-03
-6.6608080e-03
-9.3532400e-03
-1.1528250e-02
-1.3276010e-02
-1.4617760e-02
-1.5395680e-02
-1.5595550e-02
-1.5274980e-02
-1.4448070e-02
-1.3246430e-02
-1.1986970e-02
-1.0723810e-02
-9.2764100e-03
-7.6317250e-03
-5.8926640e-03
-4.1350830e-03
-2.2816950e-03
-2.2592320e-04
1.8185150e-03
3.6855850e-03
5.4527040e-03
7.2352080e-03
8.8684110e-03
1.0204370e-02
1.1032250e-02
1.1343400e-02
1.1244480e-02
1.0779470e-02
9.9717610e-03
9.0224040e-03
8.3457600e-03
8.0468890e-03
7.9417700e-03
7.7851440e-03
7.4089540e-03
6.8669960e-03
6.3950860e-03
6.0163110e-03
5.5453260e-03
4.8299370e-03
3.8547890e-03
2.5538620e-03
1.0312050e-03
-4.1381660e-04
-1.6267660e-03
-2.4289050e-03
-2.8555220e-03
-3.3002030e-03
-3.9567170e-03
-4.8830460e-03
-5.9386470e-03
-6.7654050e-03
-6.9836110e-03
-6.5793150e-03
-5.8076130e-03
-4.7360240e-03
-3.3118130e-03
-1.5205740e-03
4.7912560e-04
2.3738150e-03
3.8500230e-03
4.9015110e-03
5.6663800e-03
6.1328210e-03
6.3070090e-03
6.1607070e-03
5.5534820e-03
4.3745160e-03
2.6891960e-03
6.4587740e-04
-1.5049950e-03
-3.6084190e-03
-5.6395420e-03
-7.5246260e-03
-8.9373120e-03
-9.6142750e-03
-9.6132210e-03
-9.1413120e-03
-8.4808960e-03
-7.9195910e-03
-7.4234920e-03
-6.7546020e-03
-5.8213470e-03
-4.8570330e-03
-4.1420110e-03
-3.7968910e-03
-3.6936070e-03
-3.5690470e-03
-3.1700900e-03
-2.4199820e-03
-1.4494710e-03
-3.5484720e-04
7.6506080e-04
1.8868800e-03
2.9227070e-03
3.8387910e-03
4.7250780e-03
5.6680710e-03
6.5856670e-03
7.3591490e-03
7.8218200e-03
7.9990120e-03
8.0595300e-03
8.1351820e-03
8.2215060e-03
8.1191280e-03
7.4705850e-03
5.9534390e-03
3.5425110e-03
5.0189480e-04
-2.6609050e-03
-5.5944440e-03
-8.3029390e-03
-1.0675050e-02
-1.2507040e-02
-1.3906370e-02
-1.5078220e-02
-1.6138700e-02
-1.7142310e-02
-1.7938370e-02
-1.8302280e-02
-1.8036980e-02
-1.7241250e-02
-1.6064360e-02
-1.4657570e-02
-1.3145820e-02
-1.1797860e-02
-1.0761380e-02
-1.0109010e-02
-1.0063010e-02
-1.0665920e-02
-1.1784250e-02
-1.3404750e-02
-1.5376610e-02
-1.7255740e-02
-1.8646180e-02
-1.9449620e-02
-1.9974700e-02
-2.0608960e-02
-2.1512960e-02
-2.2608610e-02
-2.3737520e-02
-2.4845630e-02
-2.5858440e-02
-2.6725240e-02
-2.7314020e-02
-2.7563970e-02
-2.7413880e-02
-2.6691070e-02
-2.5268320e-02
-2.3261110e-02
-2.0953890e-02
-1.8629800e-02
-1.6480410e-02
-1.4709050e-02
-1.3309210e-02
-1.2277650e-02
-1.1490240e-02
-1.0857580e-02
-1.0456270e-02
-1.0500800e-02
-1.0911230e-02
-1.1309190e-02
-1.1525030e-02
-1.1645170e-02
-1.1890340e-02
-1.2454280e-02
-1.3393570e-02
-1.4592750e-02
-1.5727650e-02
-1.6646240e-02
-1.7268890e-02
-1.7549520e-02
-1.7575970e-02
-1.7485040e-02
-1.7413000e-02
-1.7492900e-02
-1.7863930e-02
-1.8592900e-02
-1.9661170e-02
-2.1175560e-02
-2.3102130e-02
-2.5113060e-02
-2.6905730e-02
-2.8359670e-02
-2.9567890e-02
-3.0650820e-02
-3.1675220e-02
-3.2727130e-02
-3.3749280e-02
-3.4600760e-02
-3.4988030e-02
-3.4689160e-02
-3.3609150e-02
-3.1734680e-02
-2.8898390e-02
-2.4778480e-02
-1.9239890e-02
-1.2463360e-02
-4.8241390e-03
3.3375460e-03
1.2042870e-02
2.1521970e-02
3.1660870e-02
4.1583620e-02
5.0322580e-02
5.7611200e-02
6.3866670e-02
6.9872470e-02
7.5887180e-02
8.1437040e-02
8.5980610e-02
8.9287600e-02
9.1455650e-02
9.2990400e-02
9.4515890e-02
9.6179660e-02
9.7723800e-02
9.8928320e-02
9.9736070e-02
1.0039580e-01
1.0118370e-01
1.0216340e-01
1.0332120e-01
1.0445770e-01
1.0534590e-01
1.0583150e-01
1.0583150e-01
1.0523980e-01
1.0395280e-01
1.0209270e-01
1.0001050e-01
9.7951650e-02
9.5946160e-02
9.3959340e-02
9.2124590e-02
9.0569950e-02
8.9258030e-02
8.8009850e-02
8.6895050e-02
8.6229770e-02
8.6039820e-02
8.6076800e-02
8.5980760e-02
8.5399440e-02
8.4168440e-02
8.2471560e-02
8.0585030e-02
7.8717420e-02
7.7018550e-02
7.5368550e-02
7.3359390e-02
7.0313200e-02
6.5796090e-02
5.9734040e-02
5.2296640e-02
4.3527850e-02
3.3436690e-02
2.1957610e-02
9.1303670e-03
-5.0741020e-03
-2.0890330e-02
-3.8252100e-02
-5.5976270e-02
-7.1559880e-02
-8.2906610e-02
-9.0880740e-02
-9.8024750e-02
-1.0546990e-01
-1.1287480e-01
-1.1966070e-01
-1.2563800e-01
-1.3105550e-01
-1.3600220e-01
-1.4025090e-01
-1.4374990e-01
-1.4673840e-01
-1.4957330e-01
-1.5229580e-01
-1.5493570e-01
-1.5742600e-01
-1.5948790e-01
-1.6104290e-01
-1.6218020e-01
-1.6271390e-01
-1.6235850e-01
-1.6098830e-01
-1.5821700e-01
-1.5331510e-01
-1.4525570e-01
-1.3281240e-01
-1.1514130e-01
-9.2650850e-02
-6.7766110e-02
-4.4574640e-02
-2.6754550e-02
-1.5271800e-02
-8.2569450e-03
-3.0221210e-03
1.9639960e-03
6.9435110e-03
1.1729770e-02
1.6034560e-02
1.9425720e-02
2.1416690e-02
2.1734910e-02
2.0408470e-02
1.7601570e-02
1.3530400e-02
8.7974520e-03
4.1026400e-03
-2.0971750e-04
-4.0205420e-03
-7.2183190e-03
-9.6946460e-03
-1.1431780e-02
-1.2368660e-02
-1.2322460e-02
-1.0818770e-02
-7.3543730e-03
-1.9756410e-03
4.5375940e-03
1.0781900e-02
1.5830130e-02
1.9546100e-02
2.2218090e-02
2.4297140e-02
2.5986130e-02
2.7141340e-02
2.7615950e-02
2.7338150e-02
2.6230720e-02
2.4307790e-02
2.1667360e-02
1.8299240e-02
1.4278120e-02
9.9868460e-03
6.0725900e-03
3.1421960e-03
1.5880160e-03
1.4053760e-03
2.0755140e-03
3.2483700e-03
5.1301040e-03
8.1966540e-03
1.2565330e-02
1.7908140e-02
2.3581130e-02
2.9066250e-02
3.4051620e-02
3.8526250e-02
4.2643320e-02
4.6375090e-02
4.9868370e-02
5.3553430e-02
5.7815930e-02
6.2701360e-02
6.8006240e-02
7.3436890e-02
7.8792480e-02
8.3865310e-02
8.8348590e-02
9.2061320e-02
9.5034050e-02
9.7146900e-02
9.7913780e-02
9.6918140e-02
9.3873450e-02
8.8666730e-02
8.1468750e-02
7.2817960e-02
6.3499080e-02
5.4057320e-02
4.4482190e-02
3.4384920e-02
2.3698390e-02
1.3173330e-02
4.3698530e-03
-1.9942630e-03
-7.0393070e-03
-1.2160550e-02
-1.7605400e-02
-2.3043190e-02
-2.8390620e-02
-3.3619320e-02
-3.8524990e-02
-4.2769030e-02
-4.6169460e-02
-4.8777680e-02
-5.0891460e-02
-5.2809680e-02
-5.4639840e-02
-5.6299070e-02
-5.7626910e-02
-5.8618410e-02
-5.9559100e-02
-6.0740700e-02
-6.2275480e-02
-6.4040110e-02
-6.5806400e-02
-6.7399580e-02
-6.8752070e-02
-6.9721290e-02
-7.0043440e-02
-6.9588450e-02
-6.8403020e-02
-6.6689070e-02
-6.4529330e-02
-6.1720480e-02
-5.7930730e-02
-5.3039110e-02
-4.7158560e-02
-4.0377980e-02
-3.2802370e-02
-2.4820470e-02
-1.7073540e-02
-1.0332400e-02
-5.2077770e-03
-1.7221710e-03
6.4049490e-04
2.5312310e-03
4.3533340e-03
6.1191690e-03
7.5111060e-03
8.1220630e-03
7.7256350e-03
6.2878100e-03
3.9915400e-03
1.1175350e-03
-2.0609390e-03
-5.4709270e-03
-8.9207880e-03
-1.1996700e-02
-1.4384240e-02
-1.5874160e-02
-1.6584520e-02
-1.6659190e-02
-1.6223720e-02
-1.5498400e-02
-1.4455880e-02
-1.3018340e-02
-1.1318820e-02
-9.4330310e-03
-7.4251450e-03
-5.4009670e-03
-3.4095590e-03
-1.3058630e-03
9.9323230e-04
3.3142990e-03
5.3113700e-03
6.9587190e-03
8.5482330e-03
1.0164960e-02
1.1704140e-02
1.3209770e-02
1.4668450e-02
1.5685810e-02
1.5899720e-02
1.5213850e-02
1.3850780e-02
1.2419200e-02
1.1587770e-02
1.1668730e-02
1.2529420e-02
1.3814530e-02
1.4993170e-02
1.5719830e-02
1.6147310e-02
1.6684400e-02
1.7605480e-02
1.8830030e-02
2.0136420e-02
2.1222010e-02
2.1774020e-02
2.1741470e-02
2.1269010e-02
2.0632650e-02
2.0153780e-02
1.9809820e-02
1.9296980e-02
1.8309890e-02
1.6834850e-02
1.5082570e-02
1.3204910e-02
1.1422250e-02
9.7251680e-03
8.1609120e-03
6.9034690e-03
6.0228670e-03
5.3429870e-03
4.7359190e-03
4.3127390e-03
4.1161470e-03
4.1240500e-03
4.3355630e-03
4.7651170e-03
5.3397830e-03
5.8939010e-03
6.4828610e-03
7.2611640e-03
8.1506400e-03
8.6828860e-03
8.4810250e-03
7.6785900e-03
6.5684760e-03
5.4751020e-03
4.4225750e-03
2.9076890e-03
4.6072270e-04
-2.7991490e-03
-6.2957960e-03
-9.1277060e-03
-1.0765900e-02
-1.1186060e-02
-1.0788550e-02
-1.0017770e-02
-8.7918930e-03
-6.7128110e-03
-3.6325660e-03
1.7587150e-04
4.2610900e-03
8.1753240e-03
1.1543840e-02
1.4191190e-02
1.6249110e-02
1.7937460e-02
1.9394100e-02
2.0725290e-02
2.2017950e-02
2.3076920e-02
2.3658070e-02
2.3822930e-02
2.3836890e-02
2.3995440e-02
2.4504490e-02
2.5327010e-02
2.6148110e-02
2.6753210e-02
2.7187460e-02
2.7542730e-02
2.7797510e-02
2.7908160e-02
2.7783370e-02
2.7268900e-02
2.6261180e-02
2.4896970e-02
2.3428940e-02
2.1854320e-02
2.0155940e-02
1.8317440e-02
1.6313780e-02
1.4273350e-02
1.2289580e-02
1.0346600e-02
8.4327960e-03
6.7190670e-03
5.2982590e-03
4.0433450e-03
2.7608820e-03
1.3846720e-03
-3.7959420e-05
-1.6334690e-03
-3.4465710e-03
-5.4102240e-03
-7.4322660e-03
-9.4128340e-03
-1.1243940e-02
-1.2843470e-02
-1.4148170e-02
-1.5106190e-02
-1.5978740e-02
-1.7071440e-02
-1.8312940e-02
-1.9337620e-02
-2.0043550e-02
-2.0704520e-02
-2.1633470e-02
-2.2851690e-02
-2.4081900e-02
-2.5078990e-02
-2.5874530e-02
-2.6483780e-02
-2.6713350e-02
-2.6475030e-02
-2.5877290e-02
-2.5117660e-02
-2.4157020e-02
-2.2905200e-02
-2.1534650e-02
-2.0279400e-02
-1.9204930e-02
-1.8235080e-02
-1.7325440e-02
-1.6661030e-02
-1.6392440e-02
-1.6427950e-02
-1.6595510e-02
-1.6853050e-02
-1.7131640e-02
-1.7406880e-02
-1.7675560e-02
-1.7807970e-02
-1.7652870e-02
-1.7387540e-02
-1.7162070e-02
-1.6986890e-02
-1.6831100e-02
-1.6701810e-02
-1.6617330e-02
-1.6464220e-02
-1.6151750e-02
-1.5520970e-02
-1.4351750e-02
-1.2455400e-02
-9.9219400e-03
-6.8832750e-03
-3.3731240e-03
4.4718570e-04
4.3565770e-03
8.1937130e-03
1.1898170e-02
1.5535780e-02
1.9300470e-02
2.3424150e-02
2.7753950e-02
3.1535610e-02
3.3968110e-02
3.4739910e-02
3.4420880e-02
3.4025360e-02
3.4007450e-02
3.3732440e-02
3.2214930e-02
2.9043820e-02
2.4762790e-02
2.0444490e-02
1.6894830e-02
1.4327890e-02
1.2311760e-02
1.0096430e-02
7.0978910e-03
3.4570760e-03
1.6085110e-05
-2.4320320e-03
-3.8676820e-03
-4.9250090e-03
-6.2258490e-03
-7.9883110e-03
-9.8456030e-03
-1.1171540e-02
-1.1752560e-02
-1.1737170e-02
-1.1502200e-02
-1.1326660e-02
-1.1274200e-02
-1.1249060e-02
-1.1071250e-02
-1.0580610e-02
-9.7942490e-03
-8.9361890e-03
-8.1448130e-03
-7.4378110e-03
-6.5031210e-03
-4.9636300e-03
-2.6981160e-03
2.9648960e-04
3.7307620e-03
7.2776770e-03
1.0742280e-02
1.3826980e-02
1.6448040e-02
1.8744010e-02
2.0878020e-02
2.2968700e-02
2.4955510e-02
2.6812890e-02
2.8369190e-02
2.9580690e-02
3.0375000e-02
3.0619550e-02
3.0135160e-02
2.8972290e-02
2.7065710e-02
2.4069410e-02
1.9867320e-02
1.4575180e-02
8.5798140e-03
2.5188600e-03
-3.0746480e-03
-7.9267010e-03
-1.2186260e-02
-1.6404760e-02
-2.0757320e-02
-2.4717880e-02
-2.7588850e-02
-2.9391070e-02
-3.0541520e-02
-3.1419870e-02
-3.2314740e-02
-3.3245890e-02
-3.4091660e-02
-3.4590520e-02
-3.4620160e-02
-3.4213260e-02
-3.3528290e-02
-3.2807880e-02
-3.2045590e-02
-3.1151340e-02
-3.0159950e-02
-2.9094530e-02
-2.8067190e-02
-2.7108280e-02
-2.6091710e-02
-2.4871860e-02
-2.3548840e-02
-2.2278730e-02
-2.1101170e-02
-2.0140870e-02
-1.9457500e-02
-1.8924190e-02
-1.8236100e-02
-1.7165700e-02
-1.5793450e-02
-1.4226000e-02
-1.2465870e-02
-1.0591340e-02
-8.4467430e-03
-6.0340470e-03
-3.6222550e-03
-1.3250260e-03
8.8182440e-04
2.9801040e-03
4.8685390e-03
6.4997030e-03
7.7271080e-03
8.4103380e-03
8.6143820e-03
8.4462880e-03
7.9148310e-03
7.0182760e-03
5.8180830e-03
4.3127490e-03
2.6542670e-03
1.1045590e-03
-1.7519200e-04
-1.1506020e-03
-1.6762070e-03
-1.6302770e-03
-9.0089810e-04
5.4503820e-04
2.4682650e-03
4.4972130e-03
6.2789810e-03
7.5732150e-03
8.4030920e-03
9.1423350e-03
1.0132350e-02
1.1356740e-02
1.2617380e-02
1.3592150e-02
1.3946240e-02
1.3657860e-02
1.3036460e-02
1.2538910e-02
1.2319890e-02
1.2211710e-02
1.1903960e-02
1.1139950e-02
9.9055270e-03
8.4385850e-03
7.1700710e-03
6.4215060e-03
6.1458900e-03
6.1254400e-03
6.1946600e-03
6.3254320e-03
6.5996870e-03
7.1064000e-03
7.7561680e-03
8.2457440e-03
8.4056760e-03
8.2230090e-03
7.7555020e-03
7.1826950e-03
6.7443840e-03
6.3705610e-03
5.7308100e-03
4.5572840e-03
2.8676500e-03
8.8082010e-04
-1.0182750e-03
-2.5883610e-03
-3.9294840e-03
-5.4173990e-03
-7.1957020e-03
-8.9593160e-03
-1.0332680e-02
-1.1185330e-02
-1.1781960e-02
-1.2469920e-02
-1.3356820e-02
-1.4297660e-02
-1.5061540e-02
-1.5612950e-02
-1.5954680e-02
-1.5954600e-02
-1.5509500e-02
-1.4575970e-02
-1.3124200e-02
-1.1325430e-02
-9.4452180e-03
-7.6995060e-03
-6.1576240e-03
-4.8124180e-03
-3.8623230e-03
-3.3744890e-03
-3.1694580e-03
-3.0388590e-03
-2.8893050e-03
-2.8331150e-03
-3.0182120e-03
-3.2222300e-03
-3.2011760e-03
-2.8535130e-03
-2.2504310e-03
-1.5993890e-03
-8.7563480e-04
5.0887990e-05
1.2298920e-03
2.7252490e-03
4.4830380e-03
6.5461350e-03
8.9469820e-03
1.1539490e-02
1.4022290e-02
1.6277080e-02
1.8335730e-02
2.0216250e-02
2.1863660e-02
2.3185210e-02
2.4200190e-02
2.5142400e-02
2.6072550e-02
2.6694070e-02
2.6840080e-02
2.6536510e-02
2.5834000e-02
2.4774740e-02
2.3601470e-02
2.2452110e-02
2.1403860e-02
2.0469930e-02
1.9727480e-02
1.9217350e-02
1.9008120e-02
1.9158800e-02
1.9689150e-02
2.0597050e-02
2.1872470e-02
2.3338990e-02
2.4835770e-02
2.6314820e-02
2.7582870e-02
2.8587490e-02
2.9365970e-02
2.9821920e-02
2.9937580e-02
2.9749620e-02
2.9267770e-02
2.8571610e-02
2.7816630e-02
2.6981100e-02
2.5956220e-02
2.4729630e-02
2.3502380e-02
2.2386360e-02
2.1462940e-02
2.0725740e-02
2.0135680e-02
1.9451370e-02
1.8396050e-02
1.6991790e-02
1.5487470e-02
1.3931610e-02
1.2231390e-02
1.0381520e-02
8.5325240e-03
7.0883000e-03
6.3255250e-03
6.1413500e-03
6.2600470e-03
6.4214060e-03
6.4339230e-03
6.1885340e-03
5.6741500e-03
5.0659270e-03
4.6762840e-03
4.5488820e-03
4.4303510e-03
3.9383090e-03
2.7644480e-03
9.5057440e-04
-1.1275090e-03
-3.1406280e-03
-4.9732360e-03
-6.6328250e-03
-8.1025660e-03
-9.4528030e-03
-1.0559810e-02
-1.1228950e-02
-1.1485500e-02
-1.1434160e-02
-1.1129480e-02
-1.0584520e-02
-9.9183200e-03
-9.3984590e-03
-9.1280660e-03
-9.0866390e-03
-9.2775860e-03
-9.7573110e-03
-1.0539650e-02
-1.1540820e-02
-1.2795470e-02
-1.4235550e-02
-1.5670350e-02
-1.7094700e-02
-1.8460160e-02
-1.9745550e-02
-2.1058580e-02
-2.2334530e-02
-2.3482640e-02
-2.4539870e-02
-2.5492910e-02
-2.6340430e-02
-2.7023810e-02
-2.7588630e-02
-2.8129610e-02
-2.8746170e-02
-2.9449530e-02
-3.0138880e-02
-3.0599640e-02
-3.0803750e-02
-3.0896340e-02
-3.1028730e-02
-3.1273950e-02
-3.1518250e-02
-3.1580920e-02
-3.1536720e-02
-3.1390740e-02
-3.1178120e-02
-3.1016510e-02
-3.0865560e-02
-3.0540910e-02
-2.9837830e-02
-2.8753120e-02
-2.7545270e-02
-2.6240150e-02
-2.4642340e-02
-2.2743960e-02
-2.0742740e-02
-1.8873170e-02
-1.7168350e-02
-1.5613390e-02
-1.4141900e-02
-1.2677610e-02
-1.1416440e-02
-1.0517450e-02
-1.0061610e-02
-1.0163950e-02
-1.0587180e-02
-1.0805970e-02
-1.0554820e-02
-9.9984360e-03
-9.5884340e-03
-9.5819590e-03
-9.9358790e-03
-1.0336150e-02
-1.0342690e-02
-9.9413970e-03
-9.5531360e-03
-9.5033110e-03
-9.8870680e-03
-1.0536340e-02
-1.1081050e-02
-1.1350570e-02
-1.1383480e-02
-1.1296920e-02
-1.1226330e-02
-1.1295300e-02
-1.1595990e-02
-1.2125080e-02
-1.2742930e-02
-1.3340560e-02
-1.3961620e-02
-1.4593780e-02
-1.5056910e-02
-1.5304350e-02
-1.5390500e-02
-1.5330320e-02
-1.5062730e-02
-1.4495480e-02
-1.3661630e-02
-1.2800670e-02
-1.2032530e-02
-1.1287180e-02
-1.0521610e-02
-9.8277390e-03
-9.4974260e-03
-9.7110060e-03
-1.0437700e-02
-1.1521040e-02
-1.2934260e-02
-1.4561050e-02
-1.6111730e-02
-1.7469310e-02
-1.8613500e-02
-1.9521460e-02
-2.0261550e-02
-2.0797590e-02
-2.1009000e-02
-2.0847610e-02
-2.0336810e-02
-1.9559870e-02
-1.8504980e-02
-1.7070600e-02
-1.5320500e-02
-1.3404510e-02
-1.1413350e-02
-9.3498450e-03
-7.1552610e-03
-4.8181500e-03
-2.4149450e-03
-8.3042370e-05
1.8269750e-03
3.1686460e-03
4.1591920e-03
5.1999380e-03
6.6201080e-03
8.3400290e-03
9.9741100e-03
1.1193760e-02
1.2100510e-02
1.2994150e-02
1.4108320e-02
1.5361620e-02
1.6576480e-02
1.7697910e-02
1.8611850e-02
1.9318080e-02
1.9950200e-02
2.0580760e-02
2.1181650e-02
2.1620720e-02
2.1975270e-02
2.2492760e-02
2.3320970e-02
2.4393620e-02
2.5599260e-02
2.6689480e-02
2.7447500e-02
2.7812810e-02
2.7899990e-02
2.7871070e-02
2.7820270e-02
2.7753000e-02
2.7616320e-02
2.7364820e-02
2.7054450e-02
2.6855250e-02
2.6859470e-02
2.7053620e-02
2.7330290e-02
2.7533790e-02
2.7673000e-02
2.7904070e-02
2.8407520e-02
2.9200660e-02
3.0081300e-02
3.0879560e-02
3.1477700e-02
3.2014510e-02
3.2743670e-02
3.3676550e-02
3.4517710e-02
3.5153850e-02
3.5664390e-02
3.6269220e-02
3.7094360e-02
3.8010020e-02
3.8839430e-02
3.9360890e-02
3.9557250e-02
3.9566930e-02
3.9526680e-02
3.9508360e-02
3.9488450e-02
3.9362310e-02
3.8977750e-02
3.8249890e-02
3.7183910e-02
3.5664240e-02
3.3638600e-02
3.1122320e-02
2.8238770e-02
2.5269550e-02
2.2440880e-02
1.9964840e-02
1.7833350e-02
1.5903250e-02
1.4055940e-02
1.2255620e-02
1.0520510e-02
8.9393400e-03
7.6989080e-03
6.8300230e-03
6.3106160e-03
5.9463330e-03
5.4959930e-03
4.9409370e-03
4.5061680e-03
4.2875430e-03
4.2239190e-03
4.2201950e-03
4.2095940e-03
4.1935650e-03
4.2445820e-03
4.4733960e-03
4.9549280e-03
5.5862990e-03
6.0788580e-03
6.3189520e-03
6.3644800e-03
6.3123590e-03
6.2422140e-03
6.1976280e-03
6.1969000e-03
6.2403790e-03
6.3083530e-03
6.3412700e-03
6.2289440e-03
5.8255490e-03
5.0591970e-03
3.9735190e-03
2.5242640e-03
8.2102400e-04
-7.8228420e-04
-2.1216910e-03
-3.3434060e-03
-4.5755090e-03
-5.9404210e-03
-7.4740020e-03
-9.0287060e-03
-1.0443160e-02
-1.1784760e-02
-1.3391700e-02
-1.5406440e-02
-1.7512350e-02
-1.9371270e-02
-2.1126550e-02
-2.2946690e-02
-2.4703790e-02
-2.6257350e-02
-2.7666340e-02
-2.9174410e-02
-3.0833540e-02
-3.2516150e-02
-3.4086940e-02
-3.5564680e-02
-3.7109500e-02
-3.8639170e-02
-3.9862510e-02
-4.0573410e-02
-4.0866800e-02
-4.0944500e-02
-4.0891360e-02
-4.0603510e-02
-3.9848530e-02
-3.8483780e-02
-3.6691330e-02
-3.4734600e-02
-3.2616100e-02
-3.0257570e-02
-2.7704560e-02
-2.5136990e-02
-2.2571450e-02
-1.9970930e-02
-1.7464840e-02
-1.5224140e-02
-1.3293270e-02
-1.1596920e-02
-9.9728570e-03
-8.1155020e-03
-5.7448240e-03
-3.0231130e-03
-3.1902590e-04
1.9602910e-03
3.7063880e-03
5.1787600e-03
6.7838890e-03
8.5939780e-03
1.0289990e-02
1.1457190e-02
1.2056840e-02
1.2462610e-02
1.3134570e-02
1.4248560e-02
1.5550570e-02
1.6828630e-02
1.7939430e-02
1.8564850e-02
1.8474890e-02
1.7766900e-02
1.6857060e-02
1.6194820e-02
1.5876510e-02
1.5743620e-02
1.5601360e-02
1.5370260e-02
1.5110090e-02
1.4826110e-02
1.4483230e-02
1.4049810e-02
1.3385070e-02
1.2401880e-02
1.1231710e-02
9.9907410e-03
8.7465730e-03
7.5266870e-03
6.2504040e-03
4.9795730e-03
3.7830690e-03
2.5717680e-03
1.4223850e-03
5.6180720e-04
-8.4307970e-05
-7.3081660e-04
-1.4362360e-03
-2.1590970e-03
-2.8122630e-03
-3.2489340e-03
-3.5723460e-03
-4.0817450e-03
-5.0177200e-03
-6.3303660e-03
-7.7970160e-03
-9.4097470e-03
-1.1142890e-02
-1.2950990e-02
-1.4792960e-02
-1.6527340e-02
-1.8097830e-02
-1.9540740e-02
-2.1130970e-02
-2.2967490e-02
-2.4741340e-02
-2.6100550e-02
-2.6945800e-02
-2.7564380e-02
-2.8300900e-02
-2.9225170e-02
-3.0121920e-02
-3.0691370e-02
-3.0899090e-02
-3.0923860e-02
-3.0994510e-02
-3.1286140e-02
-3.1809970e-02
-3.2364200e-02
-3.2736660e-02
-3.2897730e-02
-3.2931690e-02
-3.2924700e-02
-3.2907910e-02
-3.2837750e-02
-3.2627100e-02
-3.2204700e-02
-3.1643680e-02
-3.1147040e-02
-3.0695190e-02
-3.0093340e-02
-2.9251440e-02
-2.8303480e-02
-2.7330860e-02
-2.6228250e-02
-2.4836210e-02
-2.3228760e-02
-2.1618200e-02
-2.0121480e-02
-1.8666930e-02
-1.7166240e-02
-1.5701480e-02
-1.4366180e-02
-1.3190400e-02
-1.2281790e-02
-1.1513970e-02
-1.0632000e-02
-9.4419900e-03
-8.0242580e-03
-6.5400130e-03
-5.0824190e-03
-3.8772570e-03
-2.9382690e-03
-2.0867660e-03
-1.1878010e-03
-7.5856370e-05
1.3119870e-03
2.9244340e-03
4.4437650e-03
5.5678830e-03
6.1572630e-03
6.3876470e-03
6.5822930e-03
6.9676880e-03
7.5029380e-03
7.9052050e-03
8.0784460e-03
8.1652930e-03
8.4175460e-03
9.0705400e-03
1.0121950e-02
1.1294920e-02
1.2478800e-02
1.3603190e-02
1.4568550e-02
1.5480150e-02
1.6583920e-02
1.7924940e-02
1.9264250e-02
2.0370640e-02
2.1222010e-02
2.1863820e-02
2.2543830e-02
2.3477220e-02
2.4619150e-02
2.5792180e-02
2.6674120e-02
2.7206540e-02
2.7496690e-02
2.7614980e-02
2.7705070e-02
2.7936070e-02
2.8402740e-02
2.8994920e-02
2.9422620e-02
2.9607300e-02
2.9697070e-02
2.9907670e-02
3.0388780e-02
3.1046270e-02
3.1525770e-02
3.1591740e-02
3.1173560e-02
3.0365520e-02
2.9396430e-02
2.8362360e-02
2.7278280e-02
2.6006130e-02
2.4538790e-02
2.3071340e-02
2.1612530e-02
2.0052580e-02
1.8333200e-02
1.6478030e-02
1.4660100e-02
1.3012990e-02
1.1617950e-02
1.0334560e-02
9.1375240e-03
8.1985210e-03
7.4608880e-03
6.8336140e-03
6.3735720e-03
6.0051120e-03
5.5706450e-03
5.0457590e-03
4.5580450e-03
4.0415810e-03
3.3243300e-03
2.3484700e-03
1.2604690e-03
4.6305600e-04
1.5418300e-04
3.4134060e-04
9.8403900e-04
1.9242820e-03
2.8430790e-03
3.5825180e-03
4.2205870e-03
4.8654830e-03
5.5742060e-03
6.2697770e-03
6.9736590e-03
7.6559260e-03
8.1081970e-03
8.2675960e-03
8.2193060e-03
8.0991350e-03
8.0690190e-03
8.2939990e-03
8.8900390e-03
9.7763690e-03
1.0612270e-02
1.1146430e-02
1.1371490e-02
1.1361700e-02
1.1138490e-02
1.0653920e-02
9.8970470e-03
9.0311940e-03
8.2487100e-03
7.4773650e-03
6.6087440e-03
5.7205600e-03
4.9105370e-03
4.3239570e-03
3.9259150e-03
3.6047970e-03
3.3135810e-03
2.9720840e-03
2.5273210e-03
2.1287040e-03
1.9974780e-03
1.9028120e-03
1.5779640e-03
1.0501870e-03
5.9466240e-04
3.4896380e-04
2.7936910e-04
3.0584730e-04
3.5539050e-04
3.9049940e-04
4.0156430e-04
3.9601500e-04
3.8344100e-04
3.7121870e-04
3.6254990e-04
3.6025410e-04
3.6782480e-04
3.8761740e-04
4.1530000e-04
4.3276550e-04
4.0838020e-04
3.0581680e-04
1.1581350e-04
-1.1035680e-04
-1.9984000e-04
-6.0812060e-06
2.1369420e-04
1.8170880e-04
-2.1205870e-04
-8.4704520e-04
-1.3994640e-03
-1.7176110e-03
-1.8103870e-03
-1.7030620e-03
-1.4005440e-03
-9.1997660e-04
-4.2990700e-04
-2.2207470e-04
-3.8780320e-04
-8.8964230e-04
-1.5054400e-03
-2.1461320e-03
-2.8020870e-03
-3.4185290e-03
-4.1458780e-03
-5.1597390e-03
-6.3366690e-03
-7.3606490e-03
-8.1957990e-03
-8.8916010e-03
-9.3492330e-03
-9.5706060e-03
-9.5999850e-03
-9.4059930e-03
-8.8833610e-03
-7.9995110e-03
-6.8836560e-03
-5.6620900e-03
-4.5745720e-03
-3.8250790e-03
-3.4678820e-03
-3.3904380e-03
-3.4360360e-03
-3.5153340e-03
-3.6206010e-03
-3.7998820e-03
-4.0797150e-03
-4.4491160e-03
-4.9905440e-03
-5.7693850e-03
-6.6469060e-03
-7.4213170e-03
-8.1266330e-03
-8.8382730e-03
-9.4870520e-03
-1.0104900e-02
-1.0687280e-02
-1.1096820e-02
-1.1393160e-02
-1.1800250e-02
-1.2483540e-02
-1.3404870e-02
-1.4378070e-02
-1.5254390e-02
-1.6160730e-02
-1.7241140e-02
-1.8355980e-02
-1.9357440e-02
-2.0333240e-02
-2.1385640e-02
-2.2494710e-02
-2.3581300e-02
-2.4636880e-02
-2.5591760e-02
-2.6396270e-02
-2.6962940e-02
-2.7366640e-02
-2.7741980e-02
-2.8129730e-02
-2.8566200e-02
-2.9053720e-02
-2.9639760e-02
-3.0268600e-02
-3.0716020e-02
-3.0924860e-02
-3.0990720e-02
-3.1016060e-02
-3.1037160e-02
-3.0989310e-02
-3.0735560e-02
-3.0147630e-02
-2.9277750e-02
-2.8429180e-02
-2.7800940e-02
-2.7345350e-02
-2.6902880e-02
-2.6207240e-02
-2.5113670e-02
-2.3812040e-02
-2.2534000e-02
-2.1335820e-02
-2.0294470e-02
-1.9391290e-02
-1.8463470e-02
-1.7324090e-02
-1.6001970e-02
-1.4534940e-02
-1.2852850e-02
-1.1034120e-02
-9.1426240e-03
-7.3035480e-03
-5.7153910e-03
-4.4269190e-03
-3.0780520e-03
-1.2907460e-03
1.0043820e-03
3.5306090e-03
5.7951400e-03
7.5646450e-03
8.9917990e-03
1.0455740e-02
1.2099830e-02
1.3805210e-02
1.5359910e-02
1.6654710e-02
1.7745720e-02
1.8599010e-02
1.9225400e-02
1.9724080e-02
2.0117910e-02
2.0411870e-02
2.0504430e-02
2.0285610e-02
2.0004230e-02
1.9910370e-02
2.0098470e-02
2.0525940e-02
2.0941370e-02
2.0974370e-02
2.0623680e-02
2.0240120e-02
1.9995880e-02
1.9816950e-02
1.9508290e-02
1.8921570e-02
1.8065470e-02
1.7107960e-02
1.6347440e-02
1.5737750e-02
1.4989330e-02
1.3968940e-02
1.2917480e-02
1.2130560e-02
1.1608960e-02
1.1242390e-02
1.0995810e-02
1.0822940e-02
1.0718640e-02
1.0716080e-02
1.0725400e-02
1.0746650e-02
1.0856630e-02
1.0983100e-02
1.1063690e-02
1.1096570e-02
1.1099450e-02
1.1092060e-02
1.1083360e-02
1.1073040e-02
1.1056520e-02
1.1035820e-02
1.1027040e-02
1.1063600e-02
1.1184070e-02
1.1405690e-02
1.1669650e-02
1.1857120e-02
1.1987650e-02
1.2206810e-02
1.2670690e-02
1.3376660e-02
1.4122240e-02
1.4790990e-02
1.5324360e-02
1.5707720e-02
1.5910640e-02
1.5977680e-02
1.5997090e-02
1.6023290e-02
1.6043450e-02
1.5972590e-02
1.5678500e-02
1.5077890e-02
1.4203870e-02
1.3197390e-02
1.2297470e-02
1.1414850e-02
1.0308920e-02
9.0161150e-03
7.8053890e-03
6.7924980e-03
6.0187750e-03
5.3608030e-03
4.7517450e-03
4.3428610e-03
4.1767070e-03
4.1769220e-03
4.2364740e-03
4.2413870e-03
4.0828230e-03
3.6960960e-03
3.0836190e-03
2.2159160e-03
1.2357060e-03
5.3080500e-04
2.2517780e-04
1.9351700e-04
2.6263820e-04
2.9982030e-04
2.6013780e-04
1.9029470e-04
2.2416690e-04
5.3445990e-04
1.2438250e-03
2.2223870e-03
3.0754710e-03
3.6523690e-03
3.9799970e-03
4.0568100e-03
3.9701000e-03
3.7997290e-03
3.4471870e-03
2.8519130e-03
2.0054920e-03
1.0606370e-03
2.3751740e-04
-4.6277490e-04
-1.0560210e-03
-1.4283440e-03
-1.6402190e-03
-1.8902430e-03
-2.3386060e-03
-2.9356870e-03
-3.4115400e-03
-3.6518200e-03
-3.7075060e-03
-3.6701010e-03
-3.6145520e-03
-3.5779760e-03
-3.5681720e-03
-3.5786870e-03
-3.6005530e-03
-3.6249800e-03
-3.6410000e-03
-3.6333300e-03
-3.5893360e-03
-3.5167440e-03
-3.4692520e-03
-3.5594360e-03
-3.9358590e-03
-4.6793100e-03
-5.6887970e-03
-6.7334530e-03
-7.6021050e-03
-8.3309330e-03
-8.9628040e-03
-9.3652400e-03
-9.5238910e-03
-9.5319010e-03
-9.4827930e-03
-9.4403270e-03
-9.4339040e-03
-9.4688570e-03
-9.5273480e-03
-9.5654740e-03
-9.5084530e-03
-9.2720300e-03
-8.8131110e-03
-8.2464930e-03
-7.8254530e-03
-7.5647020e-03
-7.2620620e-03
-6.7049800e-03
-5.8940130e-03
-5.1335730e-03
-4.6624960e-03
-4.4670060e-03
-4.4183120e-03
-4.4165590e-03
-4.4622470e-03
-4.6563610e-03
-5.1301710e-03
-5.8991870e-03
-6.7236780e-03
-7.2918270e-03
-7.5904900e-03
-7.8196740e-03
-8.1848990e-03
-8.7065100e-03
-9.2101310e-03
-9.6815970e-03
-1.0227980e-02
-1.0824120e-02
-1.1257940e-02
-1.1465290e-02
-1.1528230e-02
-1.1537130e-02
-1.1530720e-02
-1.1467110e-02
-1.1254850e-02
-1.0814230e-02
-1.0216120e-02
-9.6806010e-03
-9.2371760e-03
-8.7680990e-03
-8.2553960e-03
-7.8185090e-03
-7.3850330e-03
-6.7434660e-03
-5.8283100e-03
-4.8533870e-03
-4.0304160e-03
-3.4034770e-03
-2.8457760e-03
-2.2984090e-03
-1.8741210e-03
-1.5290260e-03
-1.0918510e-03
-4.8508720e-04
2.1682480e-04
1.0620240e-03
2.0473880e-03
2.8989480e-03
3.3561810e-03
3.3283680e-03
2.8183400e-03
1.9370550e-03
1.0042310e-03
3.7987390e-04
1.3105580e-04
1.2619370e-04
2.1277590e-04
2.9037460e-04
3.2346720e-04
3.1820640e-04
2.9557840e-04
2.7362200e-04
2.6165850e-04
2.6236590e-04
2.7469520e-04
2.9476810e-04
3.1307470e-04
3.1392690e-04
2.7997800e-04
2.0924990e-04
1.3722340e-04
1.5703270e-04
4.0564450e-04
1.0005090e-03
1.8816050e-03
2.7450330e-03
3.3914100e-03
3.8595460e-03
4.2774040e-03
4.8628740e-03
5.7075730e-03
6.6452120e-03
7.4702680e-03
7.9556610e-03
8.1102270e-03
8.1402790e-03
8.2802590e-03
8.6907640e-03
9.3200710e-03
9.9166920e-03
1.0386790e-02
1.0745200e-02
1.0982670e-02
1.1171630e-02
1.1405400e-02
1.1674380e-02
1.1857430e-02
1.1920820e-02
1.1937860e-02
1.2026310e-02
1.2284690e-02
1.2711820e-02
1.3098320e-02
1.3090670e-02
1.2693900e-02
1.2269560e-02
1.2029800e-02
1.1962570e-02
1.1933460e-02
1.1763540e-02
1.1333690e-02
1.0639080e-02
9.7241900e-03
8.8086450e-03
8.1788470e-03
7.8751600e-03
7.8010430e-03
7.9041670e-03
8.2273480e-03
8.8494740e-03
9.7042300e-03
1.0484950e-02
1.0984900e-02
1.1246670e-02
1.1397220e-02
1.1463330e-02
1.1368000e-02
1.1100990e-02
1.0593930e-02
9.7766540e-03
8.7629500e-03
7.7207650e-03
6.6583320e-03
5.5381060e-03
4.2490610e-03
2.7962790e-03
1.2785510e-03
-2.0133240e-04
-1.7653000e-03
-3.4760870e-03
-5.3015390e-03
-7.1558500e-03
-8.7893980e-03
-1.0113180e-02
-1.1282660e-02
-1.2368230e-02
-1.3425020e-02
-1.4416970e-02
-1.5102240e-02
-1.5488240e-02
-1.5787670e-02
-1.6154840e-02
-1.6586150e-02
-1.7009760e-02
-1.7297220e-02
-1.7391880e-02
-1.7302950e-02
-1.7054640e-02
-1.6723070e-02
-1.6428180e-02
-1.6179360e-02
-1.5917290e-02
-1.5654760e-02
-1.5496020e-02
-1.5450680e-02
-1.5409880e-02
-1.5217970e-02
-1.4743930e-02
-1.4029510e-02
-1.3311010e-02
-1.2719820e-02
-1.2297020e-02
-1.1978720e-02
-1.1721070e-02
-1.1580930e-02
-1.1540340e-02
-1.1491090e-02
-1.1296230e-02
-1.0854050e-02
-1.0223750e-02
-9.6241090e-03
-9.0919440e-03
-8.5564710e-03
-8.0241420e-03
-7.4732070e-03
