0.01
-1.0657080e-02
-1.4494810e-02
-1.3161350e-02
-5.4403840e-03
4.3841280e-03
1.1887800e-02
1.6333440e-02
1.8919570e-02
2.0548210e-02
2.2215220e-02
2.4744550e-02
2.6894510e-02
2.5928830e-02
2.1002900e-02
1.3931070e-02
6.2134740e-03
-1.8317800e-03
-8.3719660e-03
-1.0409810e-02
-8.8515650e-03
-9.4096740e-03
-1.5244920e-02
-2.1879920e-02
-2.3209320e-02
-1.9741070e-02
-1.6496820e-02
-1.5369060e-02
-1.4970330e-02
-1.6032530e-02
-2.0140060e-02
-2.3177980e-02
-1.7110570e-02
-6.8337580e-04
1.6866780e-02
2.5758530e-02
2.5732390e-02
2.3774750e-02
2.5089460e-02
2.9141090e-02
3.2368110e-02
3.1838810e-02
2.6890630e-02
1.8980000e-02
9.9250360e-03
-6.1249040e-05
-1.1936560e-02
-2.5191810e-02
-3.6616030e-02
-4.2634150e-02
-4.2975860e-02
-4.1340990e-02
-4.1286730e-02
-4.1221870e-02
-3.5192120e-02
-2.0084170e-02
-5.5370470e-04
1.5412120e-02
2.4801020e-02
3.1027200e-02
3.7939460e-02
4.5055320e-02
4.8362740e-02
4.3542140e-02
2.9103800e-02
8.9192870e-03
-8.9580670e-03
-1.8673080e-02
-2.1563380e-02
-2.2944930e-02
-2.5344130e-02
-2.7706730e-02
-2.9696730e-02
-3.2422590e-02
-3.4700510e-02
-3.2548200e-02
-2.4060650e-02
-1.2541910e-02
-3.2350460e-03
1.9080550e-03
5.1649550e-03
9.4494780e-03
1.4751800e-02
1.8418570e-02
1.8633580e-02
1.6686160e-02
1.5143080e-02
1.4664740e-02
1.3950940e-02
1.2372510e-02
1.1213350e-02
1.2301410e-02
1.6158000e-02
2.0884660e-02
2.2167420e-02
1.5852870e-02
2.2775170e-03
-1.2841430e-02
-2.3515160e-02
-2.8835090e-02
-3.2025820e-02
-3.5577710e-02
-3.9275310e-02
-4.1676400e-02
-4.0712010e-02
-3.3325820e-02
-1.7655520e-02
3.5169690e-03
2.3485820e-02
3.6890720e-02
4.3209370e-02
4.4510920e-02
4.1353320e-02
3.2512260e-02
1.8263030e-02
2.3806550e-03
-9.4412390e-03
-1.2621240e-02
-6.0986100e-03
6.1534280e-03
1.6271710e-02
1.8361770e-02
1.4446960e-02
1.1647830e-02
1.2077300e-02
9.5652310e-03
-8.1575770e-04
-1.4529630e-02
-2.3616980e-02
-2.7062860e-02
-2.9107280e-02
-3.0400880e-02
-2.8448310e-02
-2.5502810e-02
-2.7826760e-02
-3.6069970e-02
-4.3371840e-02
-4.5015840e-02
-4.4053080e-02
-4.4814490e-02
-4.5772920e-02
-4.1755220e-02
-2.9580920e-02
-9.0514160e-03
1.8236030e-02
4.7920640e-02
7.2541980e-02
8.4749850e-02
8.0591050e-02
5.9415760e-02
2.2806540e-02
-2.4388420e-02
-7.2945480e-02
-1.1186310e-01
-1.3395440e-01
-1.3914150e-01
-1.3198300e-01
-1.1697910e-01
-9.8097410e-02
-8.1759770e-02
-7.5416020e-02
-8.0341440e-02
-8.8984390e-02
-9.2959160e-02
-9.1465860e-02
-8.8670540e-02
-8.5848030e-02
-8.0900630e-02
-7.3545960e-02
-6.5711030e-02
-5.7778470e-02
-4.9193790e-02
-4.1927420e-02
-3.8751510e-02
-3.8577490e-02
-3.7428700e-02
-3.3306730e-02
-2.6859660e-02
-1.8693160e-02
-9.2952010e-03
7.3322870e-05
9.3233930e-03
2.0353730e-02
3.3791430e-02
4.8161860e-02
6.4070010e-02
8.3956930e-02
1.0455550e-01
1.1604900e-01
1.1445850e-01
1.0977300e-01
1.1516680e-01
1.3203770e-01
1.5234440e-01
1.7203720e-01
1.9393780e-01
2.1878390e-01
2.4168050e-01
2.5876760e-01
2.7169730e-01
2.8377560e-01
2.9444530e-01
2.9644220e-01
2.7556530e-01
2.1842440e-01
1.2899280e-01
3.4553930e-02
-3.6331950e-02
-8.2599990e-02
-1.2610720e-01
-1.7692720e-01
-2.1783250e-01
-2.2951080e-01
-2.1555530e-01
-1.8995450e-01
-1.5282040e-01
-9.6261970e-02
-2.7136340e-02
3.5036860e-02
8.1271210e-02
1.1771680e-01
1.4688330e-01
1.6054870e-01
1.5536110e-01
1.4213710e-01
1.3315620e-01
1.2828530e-01
1.1811500e-01
9.5255700e-02
6.0560320e-02
2.2502220e-02
-9.9947140e-03
-3.7332630e-02
-6.7499490e-02
-1.0030510e-01
-1.2191840e-01
-1.2397970e-01
-1.1888500e-01
-1.2279590e-01
-1.3077170e-01
-1.2470480e-01
-1.0129730e-01
-7.4840400e-02
-5.3560580e-02
-3.0366610e-02
7.2005210e-04
3.3479330e-02
5.8290290e-02
7.0492820e-02
6.7704830e-02
5.0110070e-02
2.6363180e-02
8.9931880e-03
2.6840610e-04
-9.3094290e-03
-2.6032730e-02
-4.4752610e-02
-5.8646780e-02
-6.9482890e-02
-8.3013180e-02
-9.8397920e-02
-1.0713140e-01
-1.0209610e-01
-8.5470530e-02
-6.6107000e-02
-4.8219160e-02
-2.4980440e-02
1.2192180e-02
5.8612470e-02
9.6700990e-02
1.1322060e-01
1.1102320e-01
1.0171540e-01
9.1873800e-02
7.9345730e-02
5.9083030e-02
2.9800390e-02
-2.9945160e-03
-3.0064330e-02
-4.6603280e-02
-5.5749120e-02
-6.1248310e-02
-6.0835260e-02
-5.2526640e-02
-4.3083580e-02
-4.2036320e-02
-4.9947810e-02
-6.0471390e-02
-7.0637320e-02
-7.9455720e-02
-7.9272830e-02
-6.0818050e-02
-2.7835680e-02
3.9936790e-03
2.5262120e-02
4.1140940e-02
5.9139200e-02
7.7573720e-02
9.0628130e-02
9.7382960e-02
9.9554300e-02
9.4657290e-02
7.7937550e-02
5.0289680e-02
2.0081110e-02
-3.2699270e-03
-1.5654970e-02
-1.8919320e-02
-1.7697160e-02
-1.6234720e-02
-1.6615390e-02
-1.8387870e-02
-1.9660160e-02
-1.9020160e-02
-1.6379340e-02
-1.1638980e-02
-3.4740840e-03
8.5706630e-03
2.0838860e-02
2.7561720e-02
2.7695090e-02
2.6314950e-02
2.5857120e-02
1.9488580e-02
-6.2299960e-04
-2.9685060e-02
-5.2306250e-02
-5.9837940e-02
-5.9418880e-02
-6.2961650e-02
-7.3162290e-02
-8.4856540e-02
-9.5135150e-02
-1.0561480e-01
-1.1670670e-01
-1.2567950e-01
-1.3088190e-01
-1.3375400e-01
-1.3531980e-01
-1.3309990e-01
-1.2308010e-01
-1.0406660e-01
-7.9365060e-02
-5.4325420e-02
-3.2551590e-02
-1.4455870e-02
1.3140490e-03
1.6159200e-02
3.0865060e-02
4.4647750e-02
5.4289330e-02
5.6221480e-02
5.0593320e-02
4.1396860e-02
3.1346510e-02
1.8962410e-02
2.8643500e-03
-1.3190280e-02
-2.2885980e-02
-2.4253710e-02
-2.0710420e-02
-1.5017920e-02
-5.9659740e-03
6.6121300e-03
1.6421910e-02
1.4815010e-02
3.3748170e-04
-1.9701760e-02
-3.8198220e-02
-5.4902130e-02
-7.2144500e-02
-8.8096350e-02
-9.8290030e-02
-1.0141480e-01
-9.9513550e-02
-9.3653560e-02
-8.2685870e-02
-6.5367380e-02
-4.1384980e-02
-1.1856470e-02
1.9122450e-02
4.5763210e-02
6.6119210e-02
8.4285570e-02
1.0449510e-01
1.2492520e-01
1.3967760e-01
1.4488690e-01
1.4092590e-01
1.3113630e-01
1.2069360e-01
1.1408220e-01
1.1078900e-01
1.0521580e-01
9.3102310e-02
7.6232720e-02
5.8902400e-02
4.2353430e-02
2.5884310e-02
1.1722520e-02
4.5652050e-03
5.3634240e-03
7.8808550e-03
2.9012050e-03
-1.4530220e-02
-4.1844260e-02
-7.1274120e-02
-9.4551040e-02
-1.0690650e-01
-1.0898420e-01
-1.0549460e-01
-1.0070440e-01
-9.4787710e-02
-8.5749020e-02
-7.4755280e-02
-6.6876400e-02
-6.5139820e-02
-6.6300740e-02
-6.5101990e-02
-6.1322450e-02
-5.9611220e-02
-6.2485640e-02
-6.6053520e-02
-6.3541820e-02
-5.1855830e-02
-3.4358430e-02
-1.7961380e-02
-7.8146780e-03
-4.2052390e-03
-3.7462560e-03
-2.7619320e-03
7.5836730e-04
7.4861500e-03
1.7370730e-02
2.9719410e-02
4.3926600e-02
6.0612760e-02
8.0920170e-02
1.0388880e-01
1.2515650e-01
1.3912670e-01
1.4267870e-01
1.3707170e-01
1.2659260e-01
1.1497720e-01
1.0253950e-01
8.6984040e-02
6.7221080e-02
4.5575340e-02
2.5978270e-02
1.1617840e-02
5.2321830e-03
9.0950020e-03
2.1716520e-02
3.5890860e-02
4.3563670e-02
4.2789170e-02
3.7595230e-02
3.1937840e-02
2.7333660e-02
2.6100370e-02
3.2287950e-02
4.7435200e-02
6.8107620e-02
8.9099340e-02
1.0696660e-01
1.1982930e-01
1.2676180e-01
1.2919960e-01
1.3093250e-01
1.3489530e-01
1.4085440e-01
1.4686680e-01
1.5147760e-01
1.5333190e-01
1.4962560e-01
1.3656920e-01
1.1245970e-01
8.0905040e-02
5.0566480e-02
2.9960030e-02
2.1327810e-02
1.9776300e-02
1.8126480e-02
1.1556010e-02
-1.5475960e-03
-2.0236850e-02
-4.1332690e-02
-6.1195700e-02
-7.8625170e-02
-9.4977680e-02
-1.1086540e-01
-1.2426600e-01
-1.3279770e-01
-1.3675760e-01
-1.3898960e-01
-1.4222340e-01
-1.4671150e-01
-1.4980460e-01
-1.4770610e-01
-1.3823260e-01
-1.2203140e-01
-1.0109420e-01
-7.6818810e-02
-5.0169320e-02
-2.3088740e-02
1.3522850e-03
2.0418250e-02
3.3118490e-02
4.0448470e-02
4.4713320e-02
4.8472320e-02
5.3327610e-02
5.8804310e-02
6.2287520e-02
6.0985050e-02
5.4655580e-02
4.5899330e-02
3.7458090e-02
3.0246280e-02
2.4254520e-02
1.9417530e-02
1.4696210e-02
8.8086950e-03
3.5540160e-03
3.8091660e-03
1.1907140e-02
2.4178410e-02
3.4725870e-02
3.9503420e-02
3.5087220e-02
1.8560090e-02
-7.4994860e-03
-3.4526050e-02
-5.7278830e-02
-7.9571560e-02
-1.0548880e-01
-1.2889650e-01
-1.3836890e-01
-1.3071110e-01
-1.1413920e-01
-9.9423840e-02
-9.2270540e-02
-9.2713990e-02
-9.7540770e-02
-1.0356290e-01
-1.1021980e-01
-1.1717430e-01
-1.1926390e-01
-1.0895900e-01
-8.5950590e-02
-5.9121580e-02
-3.6117110e-02
-1.5899280e-02
5.5357720e-03
2.7609860e-02
4.7202920e-02
6.3279510e-02
7.5215530e-02
8.0530920e-02
7.8416460e-02
7.2499270e-02
6.7015900e-02
6.2991400e-02
6.0030450e-02
5.8079680e-02
5.5256820e-02
4.7806540e-02
3.4661790e-02
1.8799710e-02
2.2858050e-03
-1.6350830e-02
-3.7723680e-02
-5.8027340e-02
-7.2400080e-02
-7.9631490e-02
-8.2072430e-02
-8.3115070e-02
-8.5831700e-02
-9.1714260e-02
-9.9339570e-02
-1.0547110e-01
-1.0768070e-01
-1.0478920e-01
-9.5866610e-02
-8.1309730e-02
-6.4561000e-02
-5.0489570e-02
-4.1873730e-02
-3.8298710e-02
-3.7148230e-02
-3.4356400e-02
-2.6139520e-02
-1.2230680e-02
3.7801390e-03
1.8819640e-02
3.3420700e-02
4.9058160e-02
6.4495040e-02
7.6437630e-02
8.1958770e-02
7.9198250e-02
6.8533200e-02
5.4765640e-02
4.5001200e-02
4.1808300e-02
4.1153410e-02
3.9561120e-02
4.0014940e-02
4.7013720e-02
5.8388650e-02
6.6642040e-02
6.7411360e-02
6.2710070e-02
5.6354740e-02
4.9763550e-02
4.2270400e-02
3.2728620e-02
2.0543510e-02
6.7292360e-03
-6.8148370e-03
-2.0222700e-02
-3.5481540e-02
-5.1185070e-02
-6.0570920e-02
-5.8382320e-02
-4.7143270e-02
-3.2943460e-02
-1.8378870e-02
-4.8814780e-03
1.4015510e-03
-6.1416370e-03
-2.4861850e-02
-4.3905490e-02
-5.5234500e-02
-5.8436490e-02
-5.5913850e-02
-5.0143690e-02
-4.5272220e-02
-4.3992320e-02
-4.1886720e-02
-3.1342110e-02
-1.1733520e-02
1.0613420e-02
3.2472320e-02
5.5959860e-02
8.0057910e-02
9.8615530e-02
1.0962720e-01
1.1894220e-01
1.3148990e-01
1.4554040e-01
1.5864560e-01
1.7198640e-01
1.8451480e-01
1.8922100e-01
1.8055630e-01
1.6120300e-01
1.3738900e-01
1.1191870e-01
8.5923380e-02
6.3037600e-02
4.6513110e-02
3.4524130e-02
2.2418100e-02
7.9021560e-03
-8.9870820e-03
-2.8769830e-02
-5.1788830e-02
-7.5585230e-02
-9.5746630e-02
-1.0909490e-01
-1.1497430e-01
-1.1479020e-01
-1.1177460e-01
-1.0996220e-01
-1.1161110e-01
-1.1563930e-01
-1.1884380e-01
-1.1795760e-01
-1.1088620e-01
-9.7901160e-02
-8.2362660e-02
-6.8668200e-02
-5.8254200e-02
-4.8405130e-02
-3.5885210e-02
-2.1201130e-02
-8.4884980e-03
-1.2919050e-03
1.1228470e-03
3.1578580e-03
8.6945530e-03
1.7630930e-02
2.6583770e-02
3.2623820e-02
3.5918390e-02
3.8959160e-02
4.3793620e-02
5.0069550e-02
5.5494120e-02
5.8120790e-02
5.8073080e-02
5.6866170e-02
5.5648950e-02
5.4919820e-02
5.5097130e-02
5.5508650e-02
5.3176800e-02
4.5195390e-02
3.3212340e-02
2.3584440e-02
2.1569580e-02
2.5913700e-02
2.9529410e-02
2.4937000e-02
9.6646800e-03
-1.1907680e-02
-3.1742150e-02
-4.4350760e-02
-5.0107860e-02
-5.2344390e-02
-5.3027190e-02
-5.3068670e-02
-5.4890240e-02
-6.1050630e-02
-7.0338690e-02
-7.7992630e-02
-8.0043300e-02
-7.5217520e-02
-6.2812770e-02
-4.1786910e-02
-1.3084600e-02
1.8923050e-02
4.8142800e-02
6.9019060e-02
7.7922320e-02
7.4886940e-02
6.4484610e-02
5.2910340e-02
4.3377430e-02
3.5583270e-02
2.9361150e-02
2.6269420e-02
2.6827810e-02
2.8710120e-02
2.9280490e-02
2.8110210e-02
2.5285110e-02
1.8910150e-02
6.7637750e-03
-1.0078680e-02
-2.7420980e-02
-4.1762910e-02
-5.2229610e-02
-5.8781990e-02
-6.0911840e-02
-5.9248070e-02
-5.6460110e-02
-5.4340700e-02
-5.0741770e-02
-4.1708590e-02
-2.6971040e-02
-1.1676820e-02
-2.2366120e-03
-1.7874140e-03
-9.8482070e-03
-2.4247460e-02
-4.2127610e-02
-6.0672730e-02
-7.8473780e-02
-9.5237890e-02
-1.0906790e-01
-1.1556990e-01
-1.1152160e-01
-9.8445140e-02
-8.0701700e-02
-6.0937850e-02
-3.9504410e-02
-1.7756280e-02
6.8975760e-04
1.2670410e-02
1.8055400e-02
1.9200750e-02
1.8836190e-02
1.8649130e-02
1.9071860e-02
2.0233250e-02
2.3424820e-02
3.1054560e-02
4.4348130e-02
6.1387190e-02
7.8002100e-02
9.0330980e-02
9.6471040e-02
9.6680100e-02
9.2709310e-02
8.6400830e-02
7.8457020e-02
6.8791150e-02
5.7709790e-02
4.5843420e-02
3.3200140e-02
1.9423700e-02
4.8004220e-03
-1.0015830e-02
-2.4848150e-02
-3.9300750e-02
-5.1624110e-02
-5.9545320e-02
-6.1971260e-02
-5.9110500e-02
-5.1953200e-02
-4.2800730e-02
-3.4943400e-02
-2.9905160e-02
-2.5696390e-02
-1.9265450e-02
-9.9510910e-03
4.6153810e-04
9.5866670e-03
1.4923600e-02
1.4319230e-02
8.2306330e-03
7.3161650e-04
-3.4731390e-03
-2.6455500e-03
1.9746550e-03
8.3834610e-03
1.5072790e-02
2.1376060e-02
2.7464330e-02
3.3072170e-02
3.6216740e-02
3.4759910e-02
2.9081430e-02
2.1258470e-02
1.2024220e-02
1.1230550e-03
-9.7021120e-03
-1.7443090e-02
-2.1957130e-02
-2.6140140e-02
-3.1192160e-02
-3.4740420e-02
-3.4622130e-02
-3.1544030e-02
-2.6682770e-02
-1.9418350e-02
-9.2075000e-03
2.3987760e-03
1.3304890e-02
2.2844600e-02
3.0754950e-02
3.5619480e-02
3.5937990e-02
3.2034670e-02
2.5840350e-02
1.9453660e-02
1.4795700e-02
1.3941770e-02
1.8411640e-02
2.7710410e-02
3.8886720e-02
4.7900470e-02
5.1734360e-02
4.9676880e-02
4.3223890e-02
3.5191610e-02
2.8689120e-02
2.6053750e-02
2.7963010e-02
3.3396000e-02
4.0506840e-02
4.7439880e-02
5.2545930e-02
5.4589670e-02
5.3199760e-02
4.8940040e-02
4.3059930e-02
3.7555080e-02
3.4743390e-02
3.5318440e-02
3.6994230e-02
3.6873620e-02
3.5467280e-02
3.6421390e-02
4.1483290e-02
4.7618600e-02
5.0237050e-02
4.7518760e-02
4.0304800e-02
2.9749580e-02
1.7284480e-02
5.5776770e-03
-3.1404940e-03
-9.6619510e-03
-1.6648130e-02
-2.4342160e-02
-2.8805490e-02
-2.5530230e-02
-1.4667840e-02
-1.9559080e-03
6.2255380e-03
8.7366670e-03
9.8421420e-03
1.3326080e-02
1.7934860e-02
1.9794430e-02
1.7645760e-02
1.3148120e-02
6.7281990e-03
-3.6780400e-03
-1.8920690e-02
-3.6127750e-02
-5.1329470e-02
-6.3140380e-02
-7.2683960e-02
-8.1027990e-02
-8.7699630e-02
-9.0859970e-02
-8.8293690e-02
-7.9304880e-02
-6.6326960e-02
-5.3485150e-02
-4.2671090e-02
-3.2079710e-02
-1.9499690e-02
-5.7873540e-03
6.2750820e-03
1.5499650e-02
2.2848720e-02
2.8973070e-02
3.3091660e-02
3.4384250e-02
3.2848620e-02
2.8534330e-02
2.1471660e-02
1.2667780e-02
3.5406400e-03
-6.0841260e-03
-1.7555240e-02
-3.0158630e-02
-4.0277320e-02
-4.5285420e-02
-4.6738790e-02
-4.8060910e-02
-5.0417800e-02
-5.2770900e-02
-5.4872120e-02
-5.7821530e-02
-6.1772190e-02
-6.4924960e-02
-6.5152020e-02
-6.1702420e-02
-5.5427080e-02
-4.8105590e-02
-4.1200860e-02
-3.4573890e-02
-2.7052690e-02
-1.9030180e-02
-1.3555560e-02
-1.3600600e-02
-1.8835980e-02
-2.6152290e-02
-3.2608540e-02
-3.6804760e-02
-3.8522890e-02
-3.8772450e-02
-3.9419630e-02
-4.0863100e-02
-4.0605190e-02
-3.6124080e-02
-2.8789640e-02
-2.2690270e-02
-1.9572560e-02
-1.7159610e-02
-1.2721490e-02
-6.0409780e-03
1.6895730e-03
9.7239530e-03
1.7710380e-02
2.5617480e-02
3.4187560e-02
4.3520800e-02
5.1094000e-02
5.3836350e-02
5.2465860e-02
5.0482460e-02
4.8159620e-02
4.1609780e-02
2.9679240e-02
1.7708260e-02
1.1399490e-02
1.0092240e-02
9.2478540e-03
6.7280650e-03
3.1809240e-03
-1.2355610e-03
-6.5709810e-03
-1.1084500e-02
-1.2970340e-02
-1.2983210e-02
-1.2727570e-02
-1.1975870e-02
-1.0418470e-02
-1.0127460e-02
-1.2883260e-02
-1.6404750e-02
-1.6701250e-02
-1.3467870e-02
-1.0100080e-02
-8.8372010e-03
-8.7104290e-03
-8.1432420e-03
-7.1318530e-03
-6.6868960e-03
-7.9082020e-03
-1.1599310e-02
-1.7221110e-02
-2.2135870e-02
-2.3161440e-02
-1.9189090e-02
-1.1727440e-02
-2.9998350e-03
5.9150360e-03
1.5135930e-02
2.4731720e-02
3.3900810e-02
4.1724040e-02
4.8466750e-02
5.5117310e-02
6.1385040e-02
6.5481420e-02
6.6665210e-02
6.6605300e-02
6.7049790e-02
6.7526210e-02
6.6818810e-02
6.5292670e-02
6.3790680e-02
6.1330090e-02
5.6125870e-02
4.8298920e-02
3.9515580e-02
3.0475350e-02
2.0971470e-02
1.2254090e-02
6.9536030e-03
6.0418360e-03
7.5286720e-03
8.8406680e-03
9.2067510e-03
9.0455950e-03
8.1958220e-03
5.9017650e-03
2.1015410e-03
-2.3445120e-03
-6.8932150e-03
-1.2034370e-02
-1.8181270e-02
-2.4222680e-02
-2.8052610e-02
-2.8595670e-02
-2.6413280e-02
-2.2058260e-02
-1.4996130e-02
-4.9538330e-03
6.6643310e-03
1.7844010e-02
2.7772350e-02
3.6450310e-02
4.3138630e-02
4.6621840e-02
4.6830950e-02
4.4926080e-02
4.1710810e-02
3.6983300e-02
3.0574450e-02
2.3261260e-02
1.6570800e-02
1.2101790e-02
1.0607100e-02
1.0965700e-02
1.0401050e-02
6.6781740e-03
1.2182020e-04
-7.0524810e-03
-1.3143820e-02
-1.8093610e-02
-2.2593670e-02
-2.7015090e-02
-3.1383410e-02
-3.5789360e-02
-4.0399870e-02
-4.5064900e-02
-4.9081580e-02
-5.1623350e-02
-5.2533320e-02
-5.2341030e-02
-5.1266540e-02
-4.8737860e-02
-4.4283750e-02
-3.8215840e-02
-3.0889700e-02
-2.2229280e-02
-1.2869380e-02
-4.7584420e-03
6.9035530e-04
4.2951280e-03
7.5912110e-03
1.0259160e-02
1.0477910e-02
7.3363220e-03
1.5725820e-03
-5.5588310e-03
-1.2847770e-02
-1.9128250e-02
-2.4084980e-02
-2.8544290e-02
-3.2663130e-02
-3.4495680e-02
-3.1996690e-02
-2.6201770e-02
-2.0866430e-02
-1.8729930e-02
-1.9104720e-02
-1.9271370e-02
-1.7504580e-02
-1.4551930e-02
-1.2522370e-02
-1.2468700e-02
-1.3153900e-02
-1.2378210e-02
-9.0899370e-03
-3.4948680e-03
4.3761920e-03
1.4696810e-02
2.6226020e-02
3.6100250e-02
4.2101000e-02
4.4431660e-02
4.4707430e-02
4.3904890e-02
4.2027250e-02
3.9285500e-02
3.6552430e-02
3.4290040e-02
3.1641750e-02
2.7430370e-02
2.2072710e-02
1.7569810e-02
1.5086680e-02
1.3379590e-02
1.0329740e-02
5.1138260e-03
-2.0602490e-03
-1.1082930e-02
-2.1053230e-02
-2.9097110e-02
-3.2253090e-02
-3.0508820e-02
-2.6387230e-02
-2.1850570e-02
-1.7353170e-02
-1.3472000e-02
-1.1140760e-02
-1.0085870e-02
-9.1688850e-03
-8.7614020e-03
-1.0858450e-02
-1.6087790e-02
-2.2134990e-02
-2.5904840e-02
-2.6094100e-02
-2.3140410e-02
-1.7911580e-02
-1.1235120e-02
-3.8728900e-03
3.7065570e-03
1.1063930e-02
1.7160230e-02
2.0772040e-02
2.1798960e-02
2.1457460e-02
2.0886600e-02
2.0173650e-02
1.9016220e-02
1.7664370e-02
1.6634470e-02
1.5815600e-02
1.4470180e-02
1.2198070e-02
9.5337060e-03
7.3898780e-03
6.1147950e-03
5.3302770e-03
4.5636510e-03
3.7256570e-03
2.9852410e-03
2.4552490e-03
2.0394130e-03
1.4445010e-03
4.9396650e-04
-3.5951890e-04
-1.4406830e-04
1.5724750e-03
3.9711020e-03
5.7986530e-03
6.6411080e-03
6.9006090e-03
6.9137780e-03
6.8577890e-03
7.2951000e-03
8.9708610e-03
1.2065180e-02
1.6253040e-02
2.1352310e-02
2.7172590e-02
3.2761960e-02
3.6627590e-02
3.8017320e-02
3.7469290e-02
3.5705020e-02
3.2253970e-02
2.5722110e-02
1.5661210e-02
3.8466070e-03
-6.8411050e-03
-1.4757860e-02
-2.0178470e-02
-2.3878040e-02
-2.6237980e-02
-2.7960390e-02
-2.9992180e-02
-3.1569360e-02
-2.9629590e-02
-2.1877150e-02
-9.9786010e-03
1.5804560e-03
9.4465510e-03
1.3197900e-02
1.3956110e-02
1.2869290e-02
1.1052900e-02
9.7233960e-03
9.6792000e-03
1.0800560e-02
1.2091530e-02
1.2212680e-02
1.0349310e-02
6.7537240e-03
2.2327670e-03
-2.7119350e-03
-7.7892610e-03
-1.2406850e-02
-1.6264350e-02
-2.0366830e-02
-2.6386130e-02
-3.4789800e-02
-4.4366490e-02
-5.3648120e-02
-6.1951360e-02
-6.8887480e-02
-7.3783210e-02
-7.6139530e-02
-7.6333570e-02
-7.5528170e-02
-7.4843300e-02
-7.4420800e-02
-7.3157280e-02
-6.9669000e-02
-6.3761310e-02
-5.6654800e-02
-4.9626540e-02
-4.2934500e-02
-3.6309800e-02
-2.9818930e-02
-2.3624170e-02
-1.7334020e-02
-1.0304670e-02
-2.5109660e-03
5.4012460e-03
1.2968890e-02
2.0476460e-02
2.8516690e-02
3.7042490e-02
4.4887050e-02
5.0436160e-02
5.3124210e-02
5.4220290e-02
5.5631370e-02
5.7786920e-02
5.9211190e-02
5.8459680e-02
5.5915110e-02
5.3093710e-02
5.0470210e-02
4.6710590e-02
4.0213280e-02
3.0959330e-02
2.0656310e-02
1.1231500e-02
3.3553510e-03
-3.5608230e-03
-1.0063650e-02
-1.5647090e-02
-1.9251550e-02
-2.0531760e-02
-2.0108870e-02
-1.8591880e-02
-1.6088660e-02
-1.3036010e-02
-1.0719720e-02
-1.0123150e-02
-1.0691190e-02
-1.1155630e-02
-1.1286760e-02
-1.1732340e-02
-1.2219500e-02
-1.1214490e-02
-7.7383200e-03
-2.4637280e-03
3.4442010e-03
9.6056610e-03
1.6007280e-02
2.2248430e-02
2.7924520e-02
3.3083240e-02
3.7675090e-02
4.1225970e-02
4.3692980e-02
4.5980410e-02
4.8839650e-02
5.1692040e-02
5.3144840e-02
5.2270210e-02
4.8912010e-02
4.3264000e-02
3.5776950e-02
2.7230690e-02
1.8499890e-02
1.0354330e-02
3.4185200e-03
-2.1323180e-03
-6.7253430e-03
-1.0709230e-02
-1.3812600e-02
-1.5997680e-02
-1.8333000e-02
-2.1842320e-02
-2.5795790e-02
-2.8452610e-02
-2.9285130e-02
-2.9082690e-02
-2.8083490e-02
-2.5677230e-02
-2.2046850e-02
-1.8449940e-02
-1.5481940e-02
-1.2399150e-02
-8.5215180e-03
-4.1598800e-03
9.2681470e-05
3.9561350e-03
7.2337080e-03
9.9617700e-03
1.2797230e-02
1.6390250e-02
2.0574150e-02
2.5016120e-02
3.0071610e-02
3.5705570e-02
4.0073850e-02
4.0836700e-02
3.7885320e-02
3.3356980e-02
2.8892090e-02
2.4247030e-02
1.8757970e-02
1.2673240e-02
6.3966520e-03
-5.2941090e-04
-8.8537940e-03
-1.8410430e-02
-2.7834560e-02
-3.5248460e-02
-3.9320680e-02
-4.0195520e-02
-3.9382020e-02
-3.8184610e-02
-3.6225450e-02
-3.2050970e-02
-2.5186420e-02
-1.6962700e-02
-9.1528390e-03
-2.3335260e-03
4.0795740e-03
1.0550360e-02
1.6700510e-02
2.1915350e-02
2.6189520e-02
2.9870470e-02
3.2740260e-02
3.4115240e-02
3.3985170e-02
3.3147080e-02
3.1828070e-02
2.9272410e-02
2.5433840e-02
2.1885800e-02
1.9857200e-02
1.8320900e-02
1.5349300e-02
1.0496990e-02
4.4676580e-03
-2.6295130e-03
-1.0957440e-02
-1.9516800e-02
-2.6706130e-02
-3.1890570e-02
-3.5025070e-02
-3.5384980e-02
-3.2243110e-02
-2.6331100e-02
-1.9275460e-02
-1.2216450e-02
-6.2104480e-03
-2.9730680e-03
-3.5768980e-03
-7.1481940e-03
-1.2231760e-02
-1.8451100e-02
-2.5401090e-02
-3.1199220e-02
-3.3997350e-02
-3.3968140e-02
-3.2113660e-02
-2.8182520e-02
-2.1574280e-02
-1.3306530e-02
-5.2088530e-03
2.0733030e-03
8.6786980e-03
1.4070400e-02
1.7598120e-02
1.9651920e-02
2.0737090e-02
2.0299040e-02
1.7863520e-02
1.4300470e-02
1.0579880e-02
6.4673160e-03
1.8144880e-03
-2.4171430e-03
-6.1866480e-03
-1.1793320e-02
-2.0909310e-02
-3.1316690e-02
-3.9052090e-02
-4.3099790e-02
-4.5634680e-02
-4.8220210e-02
-5.0278230e-02
-5.1182810e-02
-5.1401300e-02
-5.1111990e-02
-4.9584550e-02
-4.6463710e-02
-4.2249450e-02
-3.7184030e-02
-3.0954460e-02
-2.3722680e-02
-1.6232310e-02
-8.6818110e-03
-6.5207500e-04
7.6463430e-03
1.5151410e-02
2.1218680e-02
2.6121390e-02
3.0022590e-02
3.2321100e-02
3.2382520e-02
3.0366540e-02
2.7189470e-02
2.4104140e-02
2.2188260e-02
2.1591710e-02
2.1227430e-02
1.9632810e-02
1.6125300e-02
1.0948980e-02
4.7750310e-03
-1.4317630e-03
-6.5119250e-03
-9.7915440e-03
-1.1523760e-02
-1.2270480e-02
-1.2220980e-02
-1.1540900e-02
-1.0831830e-02
-1.0497420e-02
-9.9331210e-03
-8.0632260e-03
-4.6320450e-03
-4.7718680e-04
3.4116180e-03
6.6983440e-03
9.6196730e-03
1.2467790e-02
1.5255610e-02
1.7751410e-02
1.9724020e-02
2.1017740e-02
2.1357330e-02
2.0375230e-02
1.8093440e-02
1.5131270e-02
1.2142550e-02
9.3317690e-03
6.8519790e-03
5.2749010e-03
5.1167150e-03
6.1242780e-03
7.5392010e-03
8.9414090e-03
1.0479380e-02
1.2475380e-02
1.5160930e-02
1.8642430e-02
2.2866220e-02
2.7690950e-02
3.2935210e-02
3.8030240e-02
4.1811400e-02
4.3323010e-02
4.2856130e-02
4.1517170e-02
3.9720010e-02
3.6866010e-02
3.2639350e-02
2.7771740e-02
2.3174050e-02
1.8979620e-02
1.4805590e-02
1.0436550e-02
5.9079820e-03
1.2880220e-03
-3.3805890e-03
-8.1213700e-03
-1.2991170e-02
-1.7743900e-02
-2.1712760e-02
-2.4440260e-02
-2.6304590e-02
-2.8128070e-02
-3.0331740e-02
-3.2865000e-02
-3.5706600e-02
-3.8822310e-02
-4.1644650e-02
-4.3130030e-02
-4.2545640e-02
-4.0022830e-02
-3.6326520e-02
-3.2264680e-02
-2.8319930e-02
-2.4660620e-02
-2.1348100e-02
-1.8454960e-02
-1.6008240e-02
-1.3980830e-02
-1.2401360e-02
-1.1248850e-02
-1.0072720e-02
-7.9894140e-03
-4.4008980e-03
3.7934000e-04
5.5015170e-03
1.0469090e-02
1.5322750e-02
1.9997960e-02
2.3955510e-02
2.6669660e-02
2.8226740e-02
2.9143740e-02
2.9723660e-02
2.9945830e-02
2.9951030e-02
3.0085810e-02
3.0195300e-02
2.9407780e-02
2.7147110e-02
2.3916720e-02
2.0391440e-02
1.6149770e-02
1.0270160e-02
3.0144250e-03
-4.1220860e-03
-1.0055320e-02
-1.4819550e-02
-1.8612670e-02
-2.1326580e-02
-2.3327380e-02
-2.5509220e-02
-2.7888580e-02
-2.8998520e-02
-2.7440910e-02
-2.3542680e-02
-1.8880400e-02
-1.4550850e-02
-1.0461110e-02
-6.1079720e-03
-1.5441100e-03
2.5645200e-03
5.6828750e-03
7.9890630e-03
1.0036830e-02
1.2017590e-02
1.3794980e-02
1.5574510e-02
1.7818680e-02
2.0307690e-02
2.2012540e-02
2.2273970e-02
2.1492490e-02
2.0316310e-02
1.8819240e-02
1.6875950e-02
1.4660030e-02
1.2283390e-02
9.5631420e-03
6.6289530e-03
4.1627610e-03
2.5118170e-03
1.0937170e-03
-8.1339830e-04
-3.1710570e-03
-5.5438330e-03
-7.8615820e-03
-1.0279470e-02
-1.2693720e-02
-1.4981420e-02
-1.7413120e-02
-2.0216530e-02
-2.2899380e-02
-2.4644040e-02
-2.5392150e-02
-2.5942700e-02
-2.6779860e-02
-2.7392290e-02
-2.7241460e-02
-2.6956910e-02
-2.7756970e-02
-2.9768900e-02
-3.1816410e-02
-3.3041260e-02
-3.3729850e-02
-3.4042960e-02
-3.3015150e-02
-2.9828890e-02
-2.5319860e-02
-2.0989490e-02
-1.6954790e-02
-1.2122080e-02
-6.2010080e-03
-3.1320210e-04
4.4133740e-03
7.7366980e-03
9.6841840e-03
1.0153000e-02
9.4522540e-03
8.3761520e-03
7.3781500e-03
6.3182300e-03
5.2200710e-03
4.5818150e-03
4.6760460e-03
5.1517410e-03
5.6057660e-03
6.0749310e-03
6.7534730e-03
7.6341900e-03
8.5584610e-03
9.2622010e-03
9.3798100e-03
8.8556380e-03
8.3155220e-03
8.4732880e-03
9.1147230e-03
9.2197170e-03
8.1901300e-03
6.4362510e-03
4.6453890e-03
3.0369810e-03
1.5624310e-03
3.6054810e-04
-2.6751860e-04
-1.7922570e-05
1.4127680e-03
4.0767570e-03
7.3215750e-03
9.9513850e-03
1.1122690e-02
1.0949910e-02
1.0211660e-02
9.7564690e-03
1.0212070e-02
1.1849520e-02
1.4492720e-02
1.7752700e-02
2.1431560e-02
2.5477200e-02
2.9511720e-02
3.2729790e-02
3.4444330e-02
3.4594350e-02
3.3636800e-02
3.2089100e-02
3.0273230e-02
2.8419390e-02
2.6909630e-02
2.6306940e-02
2.6949580e-02
2.8418170e-02
2.9598390e-02
2.9513410e-02
2.8079810e-02
2.5940940e-02
2.3682110e-02
2.1388000e-02
1.8859840e-02
1.5967050e-02
1.2717310e-02
9.1712400e-03
5.4502800e-03
1.7848070e-03
-1.6309450e-03
-4.7904790e-03
-7.7768400e-03
-1.0506450e-02
-1.2610900e-02
-1.3601100e-02
-1.3196470e-02
-1.1626740e-02
-9.6366870e-03
-8.0170790e-03
-7.0440230e-03
-6.5897890e-03
-6.8411670e-03
-8.4669370e-03
-1.1738210e-02
-1.5873960e-02
-1.9748170e-02
-2.2996800e-02
-2.5977510e-02
-2.8957670e-02
-3.1887460e-02
-3.4653740e-02
-3.6892730e-02
-3.7806140e-02
-3.6890000e-02
-3.4711560e-02
-3.2325620e-02
-3.0119700e-02
-2.7881170e-02
-2.5677000e-02
-2.3785210e-02
-2.1909810e-02
-1.9374910e-02
-1.6075320e-02
-1.2386700e-02
-8.1468720e-03
-2.6667360e-03
4.0841150e-03
1.1172480e-02
1.7849280e-02
2.4166990e-02
3.0086600e-02
3.4839070e-02
3.7897490e-02
4.0006190e-02
4.2374300e-02
4.5080200e-02
4.7103690e-02
4.7848440e-02
4.7694860e-02
4.6850900e-02
4.4658990e-02
4.0671460e-02
3.5606900e-02
3.0331990e-02
2.4434690e-02
1.6906220e-02
8.0038290e-03
-7.0572580e-04
-8.2069120e-03
-1.4846810e-02
-2.1100120e-02
-2.6645830e-02
-3.1164340e-02
-3.5051180e-02
-3.8590840e-02
-4.1128110e-02
-4.1894120e-02
-4.1237610e-02
-4.0274210e-02
-3.9552930e-02
-3.8782470e-02
-3.7768270e-02
-3.6867970e-02
-3.6281050e-02
-3.5412870e-02
-3.3405740e-02
-3.0144460e-02
-2.6331950e-02
-2.2571980e-02
-1.8821430e-02
-1.4939240e-02
-1.1296000e-02
-8.3491050e-03
-5.9194050e-03
-3.4710460e-03
-9.1334710e-04
1.4970890e-03
3.8457020e-03
6.3989130e-03
8.8754850e-03
1.0710790e-02
1.2007190e-02
1.3369470e-02
1.4815560e-02
1.5776110e-02
1.6194540e-02
1.6605610e-02
1.6956870e-02
1.6328970e-02
1.4059960e-02
1.0298190e-02
5.3734860e-03
-3.5447160e-04
-5.8751300e-03
-9.8859990e-03
-1.2166830e-02
-1.3751910e-02
-1.5531990e-02
-1.7563330e-02
-1.9794100e-02
-2.2290880e-02
-2.4441500e-02
-2.5058230e-02
-2.3734120e-02
-2.1213890e-02
-1.8139250e-02
-1.4389690e-02
-9.9641560e-03
-5.4730180e-03
-1.2902150e-03
2.8878990e-03
7.1690430e-03
1.0967100e-02
1.3838400e-02
1.6074550e-02
1.8012500e-02
1.9459240e-02
2.0254300e-02
2.0758430e-02
2.1331850e-02
2.1899010e-02
2.2393950e-02
2.2974800e-02
2.3308160e-02
2.2238430e-02
1.8805240e-02
1.3338540e-02
7.2122820e-03
1.8331030e-03
-1.9244080e-03
-3.8296880e-03
-4.3322790e-03
-4.2641860e-03
-4.2528370e-03
-4.5824200e-03
-5.5044780e-03
-7.1005640e-03
-8.7765690e-03
-9.5593370e-03
-9.1228650e-03
-7.9937240e-03
-6.6475400e-03
-5.0711730e-03
-3.3545100e-03
-1.9177960e-03
-8.2106530e-04
4.7553820e-04
2.3355580e-03
4.5509740e-03
6.9661020e-03
9.7659700e-03
1.2761270e-02
1.5059270e-02
1.5942890e-02
1.5619140e-02
1.4727450e-02
1.3542100e-02
1.1984680e-02
1.0002510e-02
7.6044080e-03
4.8581010e-03
2.1074780e-03
-1.1423350e-04
-1.5700170e-03
-2.4372540e-03
-2.8809010e-03
-2.8929210e-03
-2.5982050e-03
-2.2383390e-03
-1.7484820e-03
-8.7412690e-04
1.2112110e-04
4.0436120e-04
-4.8596470e-04
-2.0882580e-03
-3.6739280e-03
-5.0294820e-03
-6.2991760e-03
-7.4877900e-03
-8.5100240e-03
-9.4192830e-03
-1.0210700e-02
-1.0634420e-02
-1.0524110e-02
-1.0081010e-02
-9.5201990e-03
-8.6633710e-03
-7.2529110e-03
-5.5603450e-03
-4.3301430e-03
-4.0678390e-03
-4.5582370e-03
-5.1340910e-03
-5.3324810e-03
-5.2179180e-03
-5.0671300e-03
-4.8963280e-03
-4.5239010e-03
-4.0084150e-03
-3.6108120e-03
-3.2685420e-03
-2.6441420e-03
-1.9466300e-03
-2.1465710e-03
-3.9424400e-03
-6.9769290e-03
-1.0529280e-02
-1.4444500e-02
-1.8720210e-02
-2.2618150e-02
-2.5042120e-02
-2.5699400e-02
-2.5240410e-02
-2.4316900e-02
-2.3051470e-02
-2.1373850e-02
-1.9365400e-02
-1.7218910e-02
-1.5130590e-02
-1.3165560e-02
-1.1077370e-02
-8.5312790e-03
-5.7358060e-03
-3.5188530e-03
-2.4379390e-03
-2.0660350e-03
-1.4609670e-03
-1.1666670e-04
1.8071740e-03
3.9192450e-03
5.9324940e-03
7.7262140e-03
9.3085450e-03
1.0615670e-02
1.1329900e-02
1.1196930e-02
1.0584920e-02
1.0321680e-02
1.0823460e-02
1.1763410e-02
1.2723750e-02
1.3694610e-02
1.4743740e-02
1.5734500e-02
1.6661230e-02
1.7733280e-02
1.8794270e-02
1.9190710e-02
1.8593310e-02
1.7428540e-02
1.6131170e-02
1.4544280e-02
1.2468220e-02
1.0195490e-02
