0.01
2.1494470e-03
2.8017400e-03
3.4965840e-03
3.3720060e-03
2.1720840e-03
9.8913700e-04
9.2942560e-05
-3.1931370e-05
1.1314960e-03
3.3361540e-03
5.1812750e-03
6.5021150e-03
6.6839320e-03
5.6609450e-03
3.8613400e-03
2.6507140e-03
2.0405050e-03
2.2338220e-03
2.7870590e-03
3.7956390e-03
5.2340540e-03
6.8654970e-03
8.0527340e-03
7.9874240e-03
6.9461400e-03
6.2375600e-03
6.0787840e-03
6.1058550e-03
6.0830990e-03
6.2169100e-03
6.5293560e-03
6.8110230e-03
7.0627360e-03
7.3239130e-03
7.5055320e-03
6.8315300e-03
4.6650950e-03
2.5685720e-03
1.8296490e-03
2.0203380e-03
2.9894360e-03
3.8056660e-03
4.3474860e-03
4.8112820e-03
5.0032250e-03
4.7096990e-03
4.3898400e-03
3.8692080e-03
2.8182140e-03
7.0622630e-04
-1.5715690e-03
-2.9973400e-03
-4.4720560e-03
-5.6992700e-03
-6.0253890e-03
-5.6512950e-03
-5.5218050e-03
-6.1878190e-03
-8.2076940e-03
-1.0133900e-02
-1.1107530e-02
-1.2067160e-02
-1.3074040e-02
-1.3728070e-02
-1.3667990e-02
-1.3458690e-02
-1.2891830e-02
-1.2035390e-02
-1.1151960e-02
-1.0052910e-02
-8.9874960e-03
-8.4040030e-03
-8.0874590e-03
-7.5681380e-03
-6.7052990e-03
-5.4408290e-03
-4.2548760e-03
-3.5665370e-03
-3.8612910e-03
-4.8357670e-03
-6.2087340e-03
-7.2471610e-03
-8.0992460e-03
-8.7707490e-03
-8.4570370e-03
-6.7946940e-03
-2.9768620e-03
4.5838450e-04
1.3519850e-03
1.8845930e-03
2.7226990e-03
3.5295820e-03
3.6946080e-03
3.4657650e-03
3.2545520e-03
3.0563660e-03
2.6623170e-03
1.8484130e-03
9.0195430e-04
1.4771760e-04
-5.3664920e-04
-1.3306630e-03
-1.8886670e-03
-1.1027580e-03
1.7668770e-03
5.2302440e-03
7.6865530e-03
1.0924330e-02
1.4889410e-02
1.7662380e-02
1.8027770e-02
1.6960560e-02
1.4025250e-02
1.1702940e-02
1.0990670e-02
1.1138380e-02
1.1500210e-02
1.2767690e-02
1.3410630e-02
1.3023790e-02
1.2258850e-02
9.4390720e-03
4.1600510e-03
9.0953860e-04
-1.7004460e-03
-3.5376850e-03
-4.6396190e-03
-5.6995370e-03
-6.0635400e-03
-6.3090650e-03
-6.5995480e-03
-7.1019010e-03
-7.9569750e-03
-8.6007340e-03
-8.2936310e-03
-7.2244450e-03
-5.6892040e-03
-4.3439310e-03
-2.9979150e-03
-1.5410400e-03
-2.3891110e-05
1.4351480e-03
2.6764390e-03
3.3319270e-03
3.2810610e-03
3.3139510e-03
3.2181040e-03
2.7234250e-03
2.1162630e-03
1.3135260e-03
1.3734390e-04
-1.1530240e-03
-2.7620120e-03
-4.7183760e-03
-7.1148470e-03
-9.9454210e-03
-1.2172760e-02
-1.3519910e-02
-1.4443230e-02
-1.4799490e-02
-1.3903810e-02
-1.1080490e-02
-8.8131730e-03
-7.6931400e-03
-6.8025090e-03
-5.3838100e-03
-3.6256920e-03
-1.9308110e-03
-7.2588850e-04
2.9981700e-04
1.2640370e-03
2.1617730e-03
3.6259230e-03
6.4177230e-03
9.4105430e-03
9.4700950e-03
8.5935810e-03
7.2793440e-03
6.4982110e-03
6.5958280e-03
6.1474290e-03
5.3455360e-03
4.4914400e-03
3.6744020e-03
2.4650770e-03
8.3747090e-04
-7.7877210e-05
9.2069410e-04
2.4042460e-03
3.9999360e-03
5.8479740e-03
7.1069290e-03
7.6389210e-03
8.3527310e-03
8.6605080e-03
7.0132400e-03
3.5920500e-03
3.8555380e-04
-2.5337410e-03
-4.6902900e-03
-5.9990010e-03
-6.9336290e-03
-8.2284870e-03
-1.0150600e-02
-1.2101820e-02
-1.3009880e-02
-1.1888500e-02
-7.6546490e-03
-2.9748320e-03
1.6041470e-03
5.1359830e-03
7.4038820e-03
8.5654180e-03
9.9902520e-03
1.1364490e-02
1.1996980e-02
1.1091190e-02
9.3557570e-03
7.6702060e-03
6.2263410e-03
5.1299020e-03
3.6362220e-03
2.1228130e-03
1.2472300e-03
6.4674840e-04
-1.2111310e-05
-3.4326950e-04
-3.2973680e-04
-3.7358590e-04
-5.8707620e-04
-1.0899210e-03
-1.6696040e-03
-2.0312690e-03
-2.1708930e-03
-2.3106430e-03
-2.5543160e-03
-2.7169520e-03
-2.5605050e-03
-2.0949110e-03
-1.7366610e-03
-1.6445550e-03
-1.8375010e-03
-1.8947430e-03
-1.6796480e-03
-1.4180740e-03
-1.1878790e-03
-1.0779680e-03
-1.4193160e-03
-2.5116840e-03
-4.0705420e-03
-5.2754790e-03
-6.1379280e-03
-6.3803640e-03
-5.7637780e-03
-4.5752770e-03
-2.9478660e-03
-1.9171330e-03
-1.6199570e-03
-1.9498750e-03
-2.1339130e-03
-2.2825220e-03
-2.6600370e-03
-3.3885140e-03
-4.1063140e-03
-3.8908400e-03
-3.4870280e-03
-2.9439260e-03
-1.4666730e-03
6.6073040e-04
2.8157770e-03
5.2976130e-03
8.0372150e-03
1.0017940e-02
1.0522450e-02
1.0866960e-02
1.1656070e-02
1.2601140e-02
1.3448290e-02
1.4249550e-02
1.4940080e-02
1.4773870e-02
1.3023650e-02
1.0555950e-02
7.3370370e-03
4.0860820e-03
1.8256450e-03
5.8988130e-04
-3.6937570e-04
-1.2544380e-03
-1.9235560e-03
-2.0249840e-03
-1.8265800e-03
-1.0037510e-03
1.7096490e-04
1.1186250e-03
2.0139650e-03
2.9499890e-03
3.7491920e-03
3.5782260e-03
2.0619990e-03
-2.0767580e-04
-2.1244970e-03
-3.5474260e-03
-4.4971590e-03
-3.4749270e-03
-2.5532440e-03
-2.1032000e-03
-1.9486890e-03
-2.0242090e-03
-2.4721430e-03
-3.1356030e-03
-4.0927530e-03
-5.6790760e-03
-7.5916650e-03
-9.2348620e-03
-9.4488460e-03
-8.8360220e-03
-8.1955830e-03
-7.8018180e-03
-8.2595070e-03
-9.1918640e-03
-1.0482280e-02
-1.0718940e-02
-1.0068340e-02
-9.0077130e-03
-8.1473940e-03
-7.3737170e-03
-6.5386110e-03
-5.7648690e-03
-5.2198040e-03
-4.7039580e-03
-4.0979760e-03
-3.4155540e-03
-2.5887600e-03
-1.0440720e-03
1.2792010e-03
3.1217040e-03
3.3480720e-03
2.2217650e-03
8.6969180e-04
-4.8469660e-04
-1.6667370e-03
-2.9414620e-03
-4.5241510e-03
-6.4067570e-03
-7.9102070e-03
-8.3630710e-03
-8.3962550e-03
-7.5281460e-03
-5.7685200e-03
-3.5528480e-03
-1.4818030e-05
4.1962070e-03
8.5520390e-03
1.2259930e-02
1.5173590e-02
1.6902700e-02
1.7967580e-02
1.6965730e-02
1.3117100e-02
8.9428660e-03
7.2569020e-03
7.1896990e-03
8.8612590e-03
1.0959260e-02
1.2226590e-02
1.0606820e-02
4.4131850e-03
-2.1642390e-03
-6.4693300e-03
-9.2415080e-03
-1.0826990e-02
-8.9136600e-03
-2.9173890e-03
3.7972550e-03
6.8881070e-03
7.9747660e-03
8.2250660e-03
6.2668540e-03
8.2965190e-04
-5.1226060e-03
-5.6371670e-03
-5.5505100e-03
-6.4336870e-03
-7.2895610e-03
-7.8036860e-03
-8.4598850e-03
-1.0132150e-02
-1.2578880e-02
-1.3238970e-02
-1.3196590e-02
-1.3353810e-02
-1.2215770e-02
-9.2890620e-03
-5.1802830e-03
-1.4785930e-03
1.2828680e-03
3.2007660e-03
1.1603880e-03
-6.2831570e-03
-1.3180950e-02
-1.8236520e-02
-2.3806680e-02
-3.0179320e-02
-3.4551510e-02
-3.7185070e-02
-4.0582430e-02
-4.2967630e-02
-4.1020630e-02
-3.4196930e-02
-2.4809340e-02
-1.5170050e-02
-4.8326030e-03
1.3285820e-03
-1.1786650e-02
-3.5211920e-02
-4.3228600e-02
-4.4770770e-02
-5.2317760e-02
-6.5969500e-02
-8.0348630e-02
-8.5983940e-02
-8.6682910e-02
-8.8119860e-02
-9.0670220e-02
-9.2490860e-02
-6.6705780e-02
2.1822850e-02
1.4950570e-01
2.2349880e-01
2.5319110e-01
2.3083410e-01
1.8133000e-01
1.5599920e-01
1.3875910e-01
1.1280390e-01
6.6357420e-02
6.4779930e-03
-4.2631120e-02
-6.4591800e-02
-6.5475340e-02
-3.9915250e-02
-1.5670790e-02
-1.7622500e-03
7.0917370e-03
1.9665590e-02
3.4444830e-02
4.9869680e-02
6.6084420e-02
8.0345250e-02
8.3004220e-02
6.6975710e-02
4.9251630e-02
3.8491790e-02
3.1055450e-02
2.1443410e-02
1.1636520e-02
5.2222870e-03
1.3928880e-03
-1.9827590e-03
-1.8161390e-03
1.2134270e-03
1.6084750e-04
-7.2579220e-03
-1.5837190e-02
-2.4507030e-02
-3.4427890e-02
-4.4425230e-02
-5.3765830e-02
-5.9694700e-02
-5.3539750e-02
-3.0325660e-02
-1.3888240e-02
-9.9379800e-03
-7.3368550e-04
1.2773730e-02
1.8925020e-02
4.9667540e-03
-1.1807320e-02
-2.2347450e-02
-3.1157010e-02
-3.9456060e-02
-4.8646660e-02
-5.7712790e-02
-6.3336840e-02
-6.4264640e-02
-6.5402680e-02
-6.5854960e-02
-5.8103320e-02
-4.0286290e-02
-2.2158320e-02
-1.2053770e-02
-5.6379760e-03
5.0529520e-03
8.7928610e-03
3.6435080e-03
-2.7121740e-03
-8.1996850e-03
-1.0735430e-02
-4.4579680e-03
8.7316460e-03
2.0838380e-02
3.1494710e-02
3.8525490e-02
4.1145670e-02
4.3761650e-02
4.3394510e-02
3.8798160e-02
3.5165350e-02
3.5203880e-02
3.9745990e-02
4.3499280e-02
4.6162530e-02
4.7913040e-02
4.6760230e-02
3.9598240e-02
3.0759420e-02
2.2891580e-02
1.5236030e-02
7.3266770e-03
-1.3486980e-03
-1.1600010e-02
-2.2835520e-02
-3.1560380e-02
-3.5139210e-02
-3.4795360e-02
-3.1841110e-02
-2.9458750e-02
-2.7203820e-02
-2.6442810e-02
-2.9196610e-02
-3.3000360e-02
-3.5718600e-02
-3.7371020e-02
-3.6529410e-02
-3.3890010e-02
-3.2018680e-02
-3.0483180e-02
-2.9154060e-02
-2.7271920e-02
-2.2394940e-02
-1.2532010e-02
-1.6836020e-03
9.2354250e-03
2.1372490e-02
3.2144090e-02
4.0109920e-02
4.7087250e-02
5.1529450e-02
4.8934710e-02
3.6970160e-02
2.2765430e-02
1.4567610e-02
7.0478720e-03
1.5918750e-04
-4.3297600e-03
-6.4965750e-03
-8.3737310e-03
-7.8166270e-03
-4.4055610e-03
1.5421080e-03
5.4900670e-03
7.5659510e-03
9.5637880e-03
1.1698010e-02
1.3453230e-02
1.4464110e-02
1.3971320e-02
1.2864930e-02
1.1824770e-02
1.0855570e-02
1.0157320e-02
1.0439160e-02
1.2979650e-02
1.5497570e-02
1.2171660e-02
1.8063500e-03
-8.0604440e-03
-1.6689400e-02
-2.4771330e-02
-3.1978720e-02
-3.7775530e-02
-4.1359750e-02
-3.9467470e-02
-3.0022960e-02
-1.4462460e-02
-3.5181810e-03
-1.1785450e-04
4.4176580e-03
6.4060080e-03
5.7236660e-03
3.3060200e-03
-7.8078690e-04
-3.1939750e-03
-5.4353920e-03
-8.1032340e-03
-8.6381960e-03
-4.3478680e-03
5.3353230e-03
1.2279190e-02
1.2063800e-02
1.2726480e-02
1.4328280e-02
1.5397710e-02
1.6068630e-02
1.6421570e-02
1.6643930e-02
1.7030800e-02
1.7434170e-02
1.6396720e-02
1.2473530e-02
7.5908260e-03
3.7663130e-03
9.0881730e-04
-1.8149350e-03
-4.1275600e-03
-6.4917990e-03
-9.3394940e-03
-1.2741060e-02
-1.5772670e-02
-1.7805590e-02
-1.8197180e-02
-1.4484700e-02
-7.5189600e-03
-2.5515360e-03
7.5815560e-04
3.6345810e-03
6.3550420e-03
9.0535610e-03
1.0920800e-02
1.2399460e-02
1.3907040e-02
1.4690510e-02
1.4160740e-02
1.2153710e-02
8.1477100e-03
4.1507910e-03
5.5554080e-04
-2.1944610e-03
-3.6781290e-03
-5.2403780e-03
-6.7121450e-03
-7.2154110e-03
-7.1325630e-03
-7.2694450e-03
-7.3943870e-03
-7.3790160e-03
-7.2304780e-03
-6.9646000e-03
-6.9316310e-03
-7.9089610e-03
-1.0175770e-02
-1.2189880e-02
-1.4418750e-02
-1.7863480e-02
-2.2036230e-02
-2.4129700e-02
-2.5026510e-02
-2.6522100e-02
-2.7367780e-02
-2.6554030e-02
-2.4612250e-02
-2.0501200e-02
-1.3254520e-02
-5.7386500e-03
-2.6764440e-03
-5.7663010e-04
2.5134580e-03
4.9799480e-03
6.4797750e-03
8.1431390e-03
1.0743920e-02
1.4335860e-02
1.6873400e-02
1.7032390e-02
1.6086230e-02
1.5745200e-02
1.5063050e-02
1.3953010e-02
1.2814680e-02
1.2732640e-02
1.4695460e-02
1.7066620e-02
1.8128170e-02
1.7766910e-02
1.7235540e-02
1.6820390e-02
1.6257520e-02
1.5583850e-02
1.4774050e-02
1.3560740e-02
1.0322660e-02
3.9071170e-03
-2.2453780e-03
-7.2941350e-03
-1.1805080e-02
-1.5267310e-02
-1.6611830e-02
-1.7728060e-02
-1.8408070e-02
-1.6234810e-02
-1.1567910e-02
-6.8047630e-03
-2.6108970e-03
-3.6240410e-04
1.6118710e-04
1.2914080e-03
2.6852430e-03
3.7976000e-03
4.4893150e-03
5.0759440e-03
6.6681780e-03
1.0597750e-02
1.5709050e-02
2.0041380e-02
2.2587840e-02
2.2760730e-02
2.3200010e-02
2.4178040e-02
2.4163070e-02
2.0825840e-02
1.4141340e-02
9.7900800e-03
5.7715550e-03
1.0125170e-03
-4.2100820e-03
-8.8267840e-03
-1.1808430e-02
-1.3972010e-02
-1.6777270e-02
-1.9950700e-02
-2.2897870e-02
-2.4469060e-02
-2.4394300e-02
-2.4003270e-02
-2.2658830e-02
-2.0888290e-02
-1.9455450e-02
-1.8455150e-02
-1.7677060e-02
-1.6686760e-02
-1.5670230e-02
-1.4819490e-02
-1.4196720e-02
-1.3540840e-02
-1.2028500e-02
-8.8275970e-03
-5.2259850e-03
-2.6739510e-03
-4.9423550e-04
1.3889140e-03
2.5195170e-03
3.6890210e-03
5.6604850e-03
9.2774280e-03
1.3394750e-02
1.5710140e-02
1.7251510e-02
1.9551000e-02
2.1772250e-02
2.2209410e-02
1.9803680e-02
1.5400310e-02
1.1081210e-02
6.3137830e-03
1.3913900e-03
-1.0150290e-03
-1.6178370e-03
-2.6694070e-03
-3.2955780e-03
-3.7929460e-03
-4.1556300e-03
-4.4066490e-03
-4.7020000e-03
-5.1395960e-03
-5.4526300e-03
-5.0025120e-03
-3.5595970e-03
-2.6513770e-03
-3.3825320e-03
-5.0567110e-03
-6.1847790e-03
-6.8227870e-03
-6.7927880e-03
-6.1697850e-03
-3.7547030e-03
6.8343910e-04
3.1897600e-03
5.2372290e-03
6.0884900e-03
4.1172440e-03
-4.7839110e-04
-6.3818750e-03
-1.0498640e-02
-1.3653250e-02
-1.6835190e-02
-1.8504330e-02
-1.8815710e-02
-1.9475430e-02
-1.9494110e-02
-1.7618990e-02
-1.3957490e-02
-8.2859670e-03
-4.0529250e-03
-2.5032940e-03
-1.0591500e-03
3.1826850e-04
1.1400270e-03
1.8323710e-03
2.5176230e-03
3.8829850e-03
6.5190920e-03
9.4766620e-03
1.2178350e-02
1.3940060e-02
1.4627600e-02
1.4285080e-02
1.2210350e-02
9.4545520e-03
6.3811540e-03
4.6559830e-03
4.3707180e-03
3.6303360e-03
2.5447570e-03
1.8306900e-03
2.1958970e-03
3.5318430e-03
4.6446400e-03
5.5883750e-03
6.4932130e-03
7.3492050e-03
8.2104420e-03
9.0477460e-03
8.1325460e-03
3.3927900e-03
-2.6272600e-03
-6.5976070e-03
-8.9870210e-03
-1.0650460e-02
-1.2050460e-02
-1.3677350e-02
-1.4391750e-02
-1.3748610e-02
-1.3037070e-02
-1.2408340e-02
-1.1397680e-02
-1.0122210e-02
-8.8835090e-03
-7.7866120e-03
-7.0181450e-03
-6.4139900e-03
-5.6989820e-03
-4.9860190e-03
-4.3157990e-03
-3.6639940e-03
-2.9895830e-03
-2.3338860e-03
-1.8261790e-03
-1.5034470e-03
-1.1565650e-03
-4.2267730e-04
1.1222560e-03
2.9744320e-03
4.3946550e-03
5.2752840e-03
5.9344410e-03
6.9478430e-03
8.1157810e-03
9.1740950e-03
1.0146810e-02
1.1106830e-02
1.2089800e-02
1.3135000e-02
1.4282260e-02
1.5391730e-02
1.6099000e-02
1.6288560e-02
1.6021360e-02
1.4720250e-02
1.3088030e-02
1.1786100e-02
1.0745270e-02
9.8068480e-03
8.7387860e-03
7.6476850e-03
6.5903080e-03
5.6100060e-03
4.8316880e-03
4.2909180e-03
3.6777160e-03
3.2241920e-03
3.7896680e-03
5.6125650e-03
7.3706540e-03
9.0193880e-03
1.0304400e-02
1.0669690e-02
1.0692720e-02
1.0847010e-02
9.6682030e-03
6.4274880e-03
3.4636700e-03
1.4685510e-03
-2.9077600e-04
-1.9991830e-03
-2.9382360e-03
-2.6418790e-03
-2.2283500e-03
-4.3957070e-04
4.0368760e-03
1.1023170e-02
1.6522640e-02
1.8674240e-02
1.8982590e-02
1.9473770e-02
1.9408230e-02
1.7987830e-02
1.5026960e-02
1.0104510e-02
5.3795700e-03
5.1423590e-04
-4.5813620e-03
-8.2405860e-03
-1.1594240e-02
-1.6726460e-02
-2.1653230e-02
-2.3785720e-02
-2.5201160e-02
-2.7556110e-02
-3.0399400e-02
-3.2684020e-02
-3.3077210e-02
-3.2230830e-02
-3.2036430e-02
-3.1662410e-02
-2.9729570e-02
-2.6045900e-02
-2.2660710e-02
-1.9500370e-02
-1.6034700e-02
-1.2171400e-02
-8.5354920e-03
-5.9624440e-03
-4.6076270e-03
-3.2221730e-03
-2.3436590e-03
-2.2214910e-03
-2.0286710e-03
-1.7433570e-03
-1.4993530e-03
-1.4863430e-03
-1.8594990e-03
-2.2089950e-03
-1.6893430e-03
-4.9360070e-04
1.1470680e-03
2.6952590e-03
4.2034740e-03
5.7608070e-03
7.2741740e-03
8.6681110e-03
1.0056700e-02
1.1285990e-02
1.2138480e-02
1.2719130e-02
1.2788910e-02
1.2108440e-02
1.1134650e-02
9.8078130e-03
8.6880040e-03
7.8075620e-03
6.8610090e-03
6.0948690e-03
5.8295980e-03
5.7432460e-03
5.5759950e-03
5.3590270e-03
4.9402970e-03
4.2537110e-03
3.5978130e-03
2.9814930e-03
2.3785310e-03
1.6974420e-03
4.1781660e-04
-1.9362030e-03
-4.1039940e-03
-4.6088650e-03
-4.9420460e-03
-5.3171250e-03
-4.8095680e-03
-3.7133520e-03
-2.9363390e-03
-2.5810280e-03
-2.6888480e-03
-3.2348410e-03
-5.0650510e-03
-7.6514650e-03
-9.7145350e-03
-1.0568390e-02
-1.1023090e-02
-9.7258180e-03
-4.9448620e-03
2.4031660e-03
8.3990620e-03
9.8325990e-03
1.1616320e-02
1.4827930e-02
1.7995730e-02
1.9463140e-02
1.8370390e-02
1.7396480e-02
1.6183060e-02
1.3692530e-02
1.0673610e-02
9.4994500e-03
9.0151780e-03
8.7909110e-03
8.3316140e-03
7.8086620e-03
7.3015740e-03
6.8898240e-03
6.4160880e-03
5.3803750e-03
3.5382850e-03
1.6506210e-03
-4.4623610e-04
-2.7100700e-03
-4.4261730e-03
-5.9171400e-03
-7.0582100e-03
-7.7545720e-03
-7.9136550e-03
-8.0710400e-03
-8.3970880e-03
-8.3250420e-03
-7.1140060e-03
-5.0380690e-03
-3.4028150e-03
-2.2419540e-03
-1.2440620e-03
-2.9556830e-04
-9.3077710e-05
-7.1625070e-04
-1.9976440e-03
-3.4126310e-03
-4.3687520e-03
-4.6153090e-03
-4.9512060e-03
-4.6994910e-03
-3.2041270e-03
-1.6334720e-03
-7.6429450e-04
-3.2441180e-04
-1.5055160e-04
-6.1355350e-04
-1.1337130e-03
-2.1419680e-03
-4.4233180e-03
-7.1391890e-03
-9.2075160e-03
-1.0891880e-02
-1.2547850e-02
-1.3897260e-02
-1.5013000e-02
-1.5729220e-02
-1.5750480e-02
-1.5802390e-02
-1.5983510e-02
-1.5839660e-02
-1.4898910e-02
-1.3458620e-02
-1.2011750e-02
-9.8546750e-03
-7.0723570e-03
-5.0022060e-03
-4.0130300e-03
-3.1336780e-03
-2.1322040e-03
-1.3903800e-03
-7.5355610e-04
-4.2341290e-05
8.9311140e-04
2.0030450e-03
3.0803770e-03
4.3177270e-03
5.8363580e-03
7.3995680e-03
9.1196680e-03
1.1015040e-02
1.2765820e-02
1.4214680e-02
1.5507720e-02
1.6771630e-02
1.7520370e-02
1.7652310e-02
1.7919690e-02
1.8228610e-02
1.8143940e-02
1.7350960e-02
1.5785490e-02
1.4008630e-02
1.1821820e-02
9.3357590e-03
7.3753520e-03
6.1264430e-03
5.7396930e-03
5.9857900e-03
5.9655450e-03
5.9179560e-03
5.9428280e-03
6.0234550e-03
6.1177860e-03
6.1037200e-03
5.8788450e-03
5.5401070e-03
5.1090350e-03
4.5298480e-03
3.5379540e-03
2.0043680e-03
9.1663060e-04
8.4568080e-04
8.8987970e-04
8.5942430e-04
1.1746780e-03
1.6560780e-03
2.0041010e-03
2.3304780e-03
2.7862120e-03
2.9234230e-03
1.7162330e-03
-9.0686420e-04
-2.9346130e-03
-4.6094260e-03
-6.4455350e-03
-8.0522400e-03
-9.0731210e-03
-9.5398530e-03
-9.8430640e-03
-1.0260750e-02
-1.0682550e-02
-1.1150020e-02
-1.1683270e-02
-1.2182750e-02
-1.2681400e-02
-1.3241340e-02
-1.3885880e-02
-1.4526940e-02
-1.4958600e-02
-1.4872020e-02
-1.4403950e-02
-1.3512910e-02
-1.1537070e-02
-9.3870690e-03
-7.8972630e-03
-6.7070870e-03
-5.4626650e-03
-4.7995770e-03
-4.9566280e-03
-5.0300460e-03
-4.9699100e-03
-4.8535910e-03
-4.7358350e-03
-4.6945950e-03
-4.6865840e-03
-4.6223600e-03
-4.3516380e-03
-3.8032670e-03
-3.3167880e-03
-3.0960610e-03
-1.7443200e-03
2.6626080e-03
8.7644070e-03
1.0414550e-02
1.1615360e-02
1.3349890e-02
1.5193250e-02
1.6421740e-02
1.7154600e-02
1.7567940e-02
1.7593830e-02
1.7775710e-02
1.7983200e-02
1.7710980e-02
1.6501500e-02
1.4940450e-02
1.3504630e-02
1.1676380e-02
9.5211760e-03
7.5801580e-03
6.0409270e-03
4.6304750e-03
2.8051000e-03
4.6663140e-04
-1.8278050e-03
-3.5332020e-03
-4.8042470e-03
-6.2173240e-03
-7.6929110e-03
-9.1672610e-03
-1.0764890e-02
-1.2692620e-02
-1.4597640e-02
-1.5328760e-02
-1.4829950e-02
-1.4675180e-02
-1.4221830e-02
-1.2264950e-02
-9.2739410e-03
-6.9583880e-03
-5.6784840e-03
-4.9621240e-03
-3.2614180e-03
-8.0679840e-04
8.6410770e-04
1.2716220e-03
1.4148310e-03
1.8988680e-03
2.4264910e-03
2.8832950e-03
3.2240110e-03
3.3442870e-03
3.2336750e-03
3.1888960e-03
3.2396560e-03
3.3096120e-03
3.1695550e-03
2.4819880e-03
1.4136240e-03
1.1299640e-03
9.0130360e-04
4.9887370e-04
5.4569090e-05
-3.0215370e-04
-4.7289310e-04
-5.3643820e-04
-6.5344120e-04
-7.7796490e-04
-8.7430410e-04
-9.4805030e-04
-1.0445000e-03
-1.1736050e-03
-1.1873140e-03
-8.2879770e-04
-1.4841180e-04
4.7284780e-04
1.0336710e-03
1.3850070e-03
1.3634800e-03
1.2948080e-03
1.3085680e-03
1.3133330e-03
1.2952790e-03
1.2542420e-03
1.1512760e-03
9.5354220e-04
7.7114500e-04
7.2184260e-04
8.1792660e-04
8.7000460e-04
8.8584950e-04
9.7261750e-04
1.2451960e-03
1.6430060e-03
1.9994170e-03
2.3262680e-03
2.5873170e-03
2.7615430e-03
2.9699890e-03
3.1759620e-03
3.1825670e-03
2.8441330e-03
2.4113490e-03
1.9293330e-03
1.3561830e-03
7.8864800e-04
2.2166740e-04
-3.2704460e-04
-8.5584670e-04
-1.3891040e-03
-1.9186500e-03
-2.4477440e-03
-2.9919660e-03
-3.5454400e-03
-4.0118210e-03
-4.2014780e-03
-4.1078940e-03
-4.0187130e-03
-3.4331740e-03
-1.8965260e-03
-2.0236150e-04
1.2314600e-03
2.4824920e-03
3.5410120e-03
4.2603260e-03
4.9252350e-03
5.1511610e-03
4.4205060e-03
3.4224090e-03
2.5534500e-03
1.4060610e-03
2.0013370e-05
-1.1594460e-03
-1.8539720e-03
-2.3063350e-03
-3.0125010e-03
-4.0397120e-03
-5.2719670e-03
-6.3989920e-03
-7.5260080e-03
-8.7287660e-03
-9.9468190e-03
-1.1129000e-02
-1.2163410e-02
-1.2515550e-02
-1.1512080e-02
-1.0153150e-02
-9.1294100e-03
-8.0353400e-03
-6.6854600e-03
-5.1552220e-03
-3.6351290e-03
-1.9346510e-03
6.9441650e-05
1.8097410e-03
2.4710660e-03
2.6391790e-03
2.9979780e-03
2.7790350e-03
1.8052480e-03
5.9488310e-04
-5.5213980e-04
-7.4539960e-04
-2.8262430e-05
4.7437940e-04
8.5829470e-04
1.1226660e-03
9.1949860e-04
2.8928030e-04
-3.3426400e-04
-1.2921200e-03
-2.6259420e-03
-3.5654370e-03
-3.3615630e-03
-2.7857110e-03
-2.4685170e-03
-1.7630590e-03
-4.0940910e-04
9.3146380e-04
2.2163480e-03
3.5990820e-03
5.0918320e-03
6.4933520e-03
7.8493880e-03
9.0078930e-03
9.5213710e-03
9.5857820e-03
9.7830800e-03
9.9681850e-03
1.0259890e-02
1.1051570e-02
1.2369390e-02
1.3635000e-02
1.5009040e-02
1.6596750e-02
1.8365270e-02
1.9657900e-02
1.9595440e-02
1.9022020e-02
1.8760980e-02
1.8218760e-02
1.7185080e-02
1.6088650e-02
1.4532990e-02
1.2056680e-02
9.4830270e-03
7.5513380e-03
5.8978170e-03
3.9694290e-03
2.0085280e-03
2.6294190e-05
-2.8609760e-03
-7.5579090e-03
-1.2855450e-02
-1.4638990e-02
-1.5762390e-02
-1.6740170e-02
-1.7959860e-02
-1.8736040e-02
-1.8945710e-02
-1.9201930e-02
-1.9521100e-02
-1.9586370e-02
-1.9094490e-02
-1.8384310e-02
-1.7838930e-02
-1.7310850e-02
-1.6678110e-02
-1.5832850e-02
-1.4834150e-02
-1.3878660e-02
-1.2931350e-02
-1.2013960e-02
-1.1230090e-02
-1.0567920e-02
-9.9334710e-03
-9.2306340e-03
-8.1252190e-03
-6.4669410e-03
-5.2077480e-03
-5.0632880e-03
-4.8278520e-03
-4.3774800e-03
-3.8126770e-03
-3.0661010e-03
-2.2662300e-03
-1.3748160e-03
2.6927340e-04
2.7452840e-03
5.1300210e-03
7.1261710e-03
8.2481910e-03
8.4985840e-03
9.0444100e-03
9.5858520e-03
9.3880180e-03
8.2490060e-03
7.2627430e-03
6.3962420e-03
5.0780020e-03
2.8606960e-03
-2.1091870e-04
-2.8461870e-03
-4.0225710e-03
-3.8452160e-03
-4.1307050e-03
-4.7082970e-03
-5.0461560e-03
-4.6037500e-03
-3.1935110e-03
-1.8294770e-03
-4.3221580e-04
1.6114090e-03
4.0226910e-03
5.5708470e-03
6.4868180e-03
7.0692090e-03
6.8268430e-03
6.6237930e-03
6.5828460e-03
6.7081740e-03
6.9306690e-03
7.0707440e-03
7.1676810e-03
7.2354480e-03
7.4073290e-03
8.0310750e-03
9.2635680e-03
1.0710970e-02
1.2004490e-02
1.2613940e-02
1.2940270e-02
1.3424930e-02
1.3661680e-02
1.3582820e-02
1.3526790e-02
1.3424280e-02
1.3132890e-02
1.2713620e-02
1.2199680e-02
1.1360020e-02
1.0343130e-02
9.2922620e-03
8.0855190e-03
6.7363570e-03
5.1271150e-03
3.4946170e-03
2.0953800e-03
8.7641980e-04
-3.1460480e-04
-1.2608750e-03
-1.9748490e-03
-2.7488820e-03
-3.5040690e-03
-4.1372990e-03
-4.6715800e-03
-5.2427920e-03
-5.7798950e-03
-6.1310490e-03
-6.2806770e-03
-6.4846240e-03
-6.6921630e-03
-6.7396140e-03
-6.5617980e-03
-6.3911000e-03
-6.2510470e-03
-6.1500880e-03
-6.1499370e-03
-6.2026720e-03
-6.2219720e-03
-6.2486190e-03
-6.2851090e-03
-6.2936560e-03
-6.2351870e-03
-6.1546900e-03
-6.0939120e-03
-6.0490040e-03
-6.0008950e-03
-5.8745620e-03
-5.5850190e-03
-5.2185690e-03
-4.9121190e-03
-5.0228280e-03
-5.8994360e-03
-6.9203030e-03
-7.8587140e-03
-9.0136610e-03
-1.0243060e-02
-1.1179720e-02
-1.1724350e-02
-1.2122430e-02
-1.2192180e-02
-1.2166960e-02
-1.2224800e-02
-1.2166090e-02
-1.1791710e-02
-1.1195600e-02
-1.0728690e-02
-1.0329070e-02
-9.7032570e-03
-8.4049780e-03
-6.5006720e-03
-4.3296660e-03
-1.8089110e-03
1.1578960e-04
1.6680770e-03
3.6075640e-03
5.8652140e-03
8.0522710e-03
1.0113280e-02
1.2070140e-02
1.3868210e-02
1.5281700e-02
1.6359690e-02
1.6556030e-02
1.5353840e-02
1.4430200e-02
1.4237130e-02
1.3972450e-02
1.3507870e-02
1.3075480e-02
1.2798970e-02
1.2585540e-02
1.2381680e-02
1.2168790e-02
1.1823070e-02
1.1202520e-02
1.0489340e-02
9.8843200e-03
9.2705580e-03
8.4680240e-03
7.3218160e-03
6.0423870e-03
4.7570740e-03
3.4840910e-03
2.5052210e-03
1.9740690e-03
1.4280310e-03
7.8396590e-04
1.8807610e-04
-2.5832160e-04
-5.6617990e-04
-8.8890330e-04
-1.2857420e-03
-1.8347360e-03
-2.4767500e-03
-2.9223090e-03
-3.1169990e-03
-3.3315940e-03
-3.6032080e-03
-3.8359690e-03
-3.9794110e-03
-4.0905390e-03
-4.2360560e-03
-4.3434650e-03
-4.3005340e-03
-4.1119920e-03
-3.9558800e-03
-3.8174290e-03
-3.6709090e-03
-3.5201150e-03
-3.3692900e-03
-3.2106120e-03
-3.0291170e-03
-2.8451840e-03
-2.7648910e-03
-2.9225710e-03
-3.1848420e-03
-3.3580250e-03
-3.5918950e-03
-4.0428100e-03
-4.6733690e-03
-5.2267560e-03
-5.7940890e-03
-6.5958530e-03
-7.7115650e-03
-8.7343570e-03
-9.4837270e-03
-1.0148800e-02
-1.0822110e-02
-1.1143050e-02
-1.1001320e-02
-1.0585820e-02
-9.9605880e-03
-9.3664290e-03
-8.6698620e-03
-7.9100740e-03
-7.2157440e-03
-6.7659300e-03
-6.4781850e-03
-5.7265530e-03
-4.0930230e-03
-2.4229450e-03
-2.2628190e-03
-2.4970230e-03
-2.3184590e-03
-2.0968750e-03
-2.0943420e-03
-2.3879500e-03
-2.7111440e-03
-3.0985800e-03
-3.4202890e-03
-3.2222330e-03
-2.8122450e-03
-2.5085570e-03
-2.1131480e-03
-1.6418570e-03
-1.1968660e-03
-6.9544070e-04
4.5394400e-05
1.0934870e-03
2.2926220e-03
3.7021850e-03
4.9010360e-03
5.6476290e-03
6.4352380e-03
7.4925110e-03
8.5355340e-03
9.1406650e-03
9.2748890e-03
9.3756900e-03
9.1945710e-03
8.7073840e-03
8.2680760e-03
7.7421310e-03
6.9887780e-03
6.0948020e-03
5.0481670e-03
3.9096110e-03
2.7397240e-03
1.7284450e-03
1.2000140e-03
9.1647590e-04
4.8250480e-04
6.8137000e-05
-2.6309700e-04
-5.4731740e-04
-8.5155140e-04
-1.3142250e-03
-2.0156420e-03
-2.7093460e-03
-3.2601790e-03
-3.6081450e-03
-3.8564630e-03
-4.0430280e-03
-3.4507400e-03
-1.6995510e-03
2.8178360e-06
1.5935370e-03
3.0443400e-03
3.9092290e-03
4.1761150e-03
4.6242740e-03
5.1208480e-03
5.4013140e-03
5.3698960e-03
5.2958980e-03
5.2894820e-03
5.2568180e-03
5.1198250e-03
4.8891380e-03
4.5890540e-03
4.1578220e-03
3.7153370e-03
3.2434600e-03
2.7791570e-03
2.5337120e-03
2.7169180e-03
3.0613430e-03
3.3701700e-03
3.6595370e-03
3.9645170e-03
4.2610240e-03
4.5567320e-03
4.8926490e-03
5.2610580e-03
5.6053430e-03
5.9139810e-03
6.2082340e-03
6.4876860e-03
6.6354930e-03
6.6084210e-03
6.5851430e-03
6.6002750e-03
6.7341390e-03
7.0740990e-03
7.4458480e-03
7.8120560e-03
8.4022300e-03
9.2499830e-03
9.9811250e-03
1.0437570e-02
1.0726530e-02
1.1091190e-02
1.1359730e-02
1.1350250e-02
1.1160630e-02
1.0710600e-02
9.8555180e-03
8.6849340e-03
7.1883450e-03
5.2391060e-03
1.6872800e-03
-3.0357060e-03
-5.8071250e-03
-7.6814710e-03
-1.0546040e-02
-1.3366840e-02
-1.5228040e-02
-1.6707570e-02
-1.7886310e-02
-1.8577760e-02
-1.8808700e-02
-1.9076040e-02
-1.9075250e-02
-1.8692010e-02
-1.8338100e-02
-1.8038350e-02
-1.7705150e-02
-1.7246240e-02
-1.6625910e-02
-1.6007960e-02
-1.5427480e-02
-1.4843900e-02
-1.4228330e-02
-1.3558410e-02
-1.2859500e-02
-1.2193010e-02
-1.1534620e-02
-1.0796280e-02
-9.8746220e-03
-8.8647310e-03
-7.9189840e-03
-6.9606380e-03
-5.9215500e-03
-4.7981820e-03
-3.6892130e-03
-2.5910740e-03
-1.4701530e-03
-2.9228450e-04
9.4247910e-04
2.0748950e-03
2.8757140e-03
3.3654160e-03
3.9099430e-03
4.3746320e-03
4.6570190e-03
4.9372930e-03
5.1467360e-03
5.1238990e-03
4.9465620e-03
4.7810140e-03
4.4524880e-03
3.9486960e-03
3.4522810e-03
2.9939860e-03
2.6819830e-03
2.5885270e-03
2.4763810e-03
2.3086570e-03
2.2009010e-03
2.2805500e-03
2.5378830e-03
2.7790700e-03
3.0343310e-03
3.2499370e-03
3.2026220e-03
2.7799160e-03
2.4098160e-03
2.1157220e-03
1.7922820e-03
1.3185550e-03
5.8987700e-04
-2.8466980e-04
-1.3424140e-03
-2.2706640e-03
-2.2671930e-03
-1.8100420e-03
-1.6911960e-03
-1.4756750e-03
-7.5481360e-04
4.1101930e-04
1.3999440e-03
2.1961230e-03
2.9895290e-03
3.6524190e-03
3.8739640e-03
3.8114260e-03
3.4808410e-03
2.5963110e-03
1.4953450e-03
6.7916020e-04
7.1467320e-04
6.2662850e-04
5.0659040e-04
6.9968570e-04
1.0822930e-03
1.3835260e-03
1.7489740e-03
2.3470030e-03
3.1069300e-03
3.5434010e-03
3.5807890e-03
3.5399690e-03
3.1673120e-03
2.5576000e-03
2.1541550e-03
1.8652640e-03
1.5862040e-03
1.3635320e-03
1.0999060e-03
8.8103480e-04
9.2872680e-04
1.3359190e-03
1.7047480e-03
2.0210880e-03
2.3419150e-03
2.6430320e-03
2.9114790e-03
3.1831770e-03
3.4627110e-03
3.7877140e-03
4.1847810e-03
4.5763510e-03
4.9330770e-03
5.2610170e-03
5.5908590e-03
5.8998560e-03
5.9519710e-03
5.5913230e-03
5.2155610e-03
4.9444580e-03
4.4964210e-03
3.6103390e-03
2.5257280e-03
1.7799380e-03
1.2659890e-03
8.6036600e-04
7.0429300e-04
5.4809740e-04
5.0557770e-04
6.9379410e-04
8.9625130e-04
1.0666580e-03
1.2910860e-03
1.6441290e-03
2.0783160e-03
2.5886760e-03
3.3429070e-03
4.2039480e-03
4.9893610e-03
5.5631470e-03
5.8009270e-03
6.0125190e-03
6.3210430e-03
6.6072980e-03
6.7543880e-03
6.6838570e-03
6.5548230e-03
6.4151630e-03
5.9696220e-03
5.1611280e-03
4.4192840e-03
3.6877250e-03
2.7821980e-03
1.6790210e-03
6.1537260e-04
-3.9281080e-04
-1.3938070e-03
-2.3097660e-03
-2.9914810e-03
-3.5660210e-03
-4.1690990e-03
-4.7234280e-03
-5.2684880e-03
-5.8213110e-03
-6.3064160e-03
-6.6119530e-03
-6.7959730e-03
-7.0277180e-03
-7.2838230e-03
-7.5571490e-03
-7.8014940e-03
-7.8586570e-03
-7.5756710e-03
-7.1866510e-03
-6.7681200e-03
-6.1453180e-03
-5.4642260e-03
-4.8279690e-03
-4.3592050e-03
-4.1438510e-03
-3.9251960e-03
-3.6628180e-03
-3.4219240e-03
-3.2042780e-03
-2.9838850e-03
-2.8105830e-03
-2.8047140e-03
-2.9500790e-03
-3.1032880e-03
-3.1694880e-03
-2.8331460e-03
-1.9298670e-03
-1.0866250e-03
-3.1468580e-04
4.5155130e-04
1.1029430e-03
1.5927270e-03
2.0935560e-03
2.6817010e-03
3.5326150e-03
4.6790960e-03
5.8788740e-03
7.2336300e-03
8.4807060e-03
9.2176880e-03
9.8466790e-03
1.0320620e-02
1.0312970e-02
1.0073970e-02
9.5456650e-03
8.9699430e-03
8.0546470e-03
6.6071530e-03
5.2811650e-03
4.2071520e-03
3.3205160e-03
3.0295170e-03
3.0887910e-03
2.9985410e-03
2.9323350e-03
2.7876030e-03
2.2717070e-03
1.4333480e-03
6.9297530e-04
-1.6520310e-05
-7.4120010e-04
-1.4604560e-03
-2.1734620e-03
-2.8680990e-03
-3.5809060e-03
-4.4231630e-03
-5.4388540e-03
-6.3806520e-03
-7.1045900e-03
-7.6440670e-03
-8.2332610e-03
-8.8567760e-03
-9.4987400e-03
-1.0140180e-02
-1.0622860e-02
-1.0701440e-02
-1.0524830e-02
-1.0486660e-02
-1.0484320e-02
-1.0385130e-02
-1.0057780e-02
-9.5395370e-03
-9.0941820e-03
-8.6927820e-03
-8.2070860e-03
-7.4842980e-03
-6.5630150e-03
-5.6761570e-03
-4.8421850e-03
-4.1734300e-03
-3.7539070e-03
-3.3188910e-03
-2.8470100e-03
-2.4636670e-03
-2.2150290e-03
