0.01
1.2769970e-02
2.6884580e-02
2.8366740e-02
1.9587570e-02
5.6465510e-03
-6.3157400e-03
-1.2880360e-02
-1.4550880e-02
-1.2335720e-02
-9.5199680e-03
-5.9598140e-03
1.1516060e-04
8.4050450e-03
1.7075440e-02
2.0788070e-02
1.8255140e-02
5.6877970e-03
-1.3511700e-02
-3.1316350e-02
-3.6067240e-02
-1.9796030e-02
9.2844840e-03
3.3461940e-02
4.0427060e-02
2.5817900e-02
1.8060150e-03
-1.8473950e-02
-2.7472760e-02
-2.4722530e-02
-1.3023400e-02
-2.1842670e-03
5.4117790e-03
1.1456550e-02
1.7669550e-02
2.0809420e-02
2.0024870e-02
1.4654490e-02
5.8359640e-03
-5.2685760e-03
-1.7930890e-02
-2.5611920e-02
-2.2895460e-02
-9.9332130e-03
4.4927010e-03
1.3643190e-02
1.4115640e-02
1.3372610e-02
9.7114240e-03
-7.5707440e-04
-1.3931350e-02
-2.2580210e-02
-2.4297900e-02
-1.4290650e-02
4.0587550e-03
1.7389920e-02
1.9886070e-02
9.6348930e-03
-3.3722940e-03
-6.7719270e-03
-3.0127320e-03
-7.6214230e-04
-3.6835480e-03
-8.0782810e-03
-7.2632100e-03
-1.6769960e-03
9.5866110e-03
2.1356290e-02
2.9667930e-02
2.5286010e-02
3.6085700e-03
-2.5041290e-02
-4.4468350e-02
-3.9718340e-02
-1.5609880e-02
6.0213210e-03
1.6224100e-02
1.4220170e-02
1.3066530e-02
1.5744850e-02
1.9112720e-02
1.3105320e-02
-1.1666630e-03
-1.8116710e-02
-2.4426980e-02
-1.9521550e-02
-2.0475340e-03
1.5534120e-02
1.9405590e-02
6.7755240e-03
-8.5824660e-03
-1.4407150e-02
-7.6735170e-03
5.5299930e-03
1.2694340e-02
1.3731930e-02
5.7027990e-03
-9.2405480e-03
-1.6221150e-02
-9.1808570e-03
4.3679470e-03
1.2800060e-02
7.4650290e-03
-3.7016700e-03
-1.2796400e-02
-1.3636750e-02
-6.3682000e-03
5.3535310e-03
9.5781350e-03
3.8921210e-03
-1.6402760e-03
-6.1147400e-03
-4.6476560e-03
-6.2523220e-03
-7.3824750e-03
-1.6713980e-03
5.0593670e-03
1.2973930e-02
1.4798170e-02
5.9781640e-03
-1.2173420e-02
-2.2560090e-02
-1.6954640e-02
2.6432580e-05
1.7834470e-02
2.7628270e-02
2.4630670e-02
6.9115180e-03
-1.3316810e-02
-2.9588190e-02
-2.8041150e-02
-5.4240900e-03
1.8384720e-02
3.3557380e-02
3.1614330e-02
2.3820890e-02
1.9000230e-02
8.3727280e-03
-9.3684460e-03
-3.3443190e-02
-5.0780020e-02
-5.0496570e-02
-3.0806540e-02
-2.7400230e-04
1.8325970e-02
3.1722890e-02
3.4688110e-02
3.8072490e-02
4.0280900e-02
3.0795150e-02
8.5874350e-03
-2.6581710e-02
-5.5838750e-02
-6.7266720e-02
-4.9852750e-02
-1.9074910e-02
1.1874320e-02
3.5766090e-02
4.5106280e-02
4.8063290e-02
4.2414260e-02
2.4582570e-02
-1.9004970e-04
-2.8033270e-02
-5.1754620e-02
-5.5868270e-02
-3.5762900e-02
2.1448800e-03
3.5109120e-02
4.9187220e-02
3.9129710e-02
1.4690440e-02
-7.9277090e-03
-2.7039850e-02
-3.9205930e-02
-4.2548800e-02
-3.5238120e-02
-1.9066740e-02
2.3787340e-03
3.0640990e-02
5.5441420e-02
6.4642350e-02
5.4821210e-02
3.3054760e-02
5.4163300e-03
-2.8039000e-02
-5.4324830e-02
-6.6238220e-02
-6.4905300e-02
-4.5134780e-02
-2.0911860e-02
8.9680270e-03
3.2363020e-02
4.6543400e-02
5.6372460e-02
5.3275580e-02
4.0265570e-02
1.1073420e-02
-2.3961630e-02
-4.2616300e-02
-4.0820870e-02
-2.1492280e-02
7.0711150e-03
2.5431330e-02
2.8279980e-02
1.0884230e-02
-7.6060290e-03
-2.0232820e-02
-2.4956540e-02
-2.0060730e-02
-1.3920620e-02
-7.8549570e-03
-4.8952330e-03
2.4381840e-05
1.2205980e-02
2.6862240e-02
3.2961950e-02
2.6236020e-02
9.2461990e-03
-9.3335980e-03
-2.5510170e-02
-3.4103430e-02
-2.8363050e-02
-1.7063570e-02
-1.1236700e-03
1.0125360e-02
1.4395710e-02
1.0293010e-02
-2.1623930e-03
-1.1931540e-02
-9.6027040e-03
8.6575730e-03
2.5510920e-02
2.6868460e-02
1.2534940e-02
-2.6802270e-03
-9.6646150e-03
-1.1152190e-02
-1.0062330e-02
-1.1160490e-02
-1.2360330e-02
-3.0805690e-03
9.3921590e-03
1.9076260e-02
1.7092270e-02
7.9602390e-03
-4.2930810e-03
-1.0993490e-02
-9.3413970e-03
-1.7100650e-03
6.2160580e-03
6.6949750e-03
1.5475950e-03
-9.1410290e-03
-1.5950440e-02
-1.5157810e-02
-7.8407360e-03
-1.2308050e-03
2.6949030e-03
5.2298500e-03
3.8201510e-03
8.0393100e-03
1.6815840e-02
2.6363810e-02
2.2835510e-02
8.2337680e-03
-1.0610340e-02
-2.7112380e-02
-3.1911090e-02
-2.7127400e-02
-1.8494650e-02
-8.3375610e-03
8.9496810e-03
2.6150350e-02
4.2661000e-02
4.9867060e-02
3.9889050e-02
1.6745200e-02
-1.8884930e-02
-5.2494420e-02
-6.9808090e-02
-6.7870630e-02
-4.7640890e-02
-2.1808880e-02
1.0302390e-02
4.0047310e-02
5.9919750e-02
6.4378390e-02
4.9873440e-02
2.5148880e-02
-3.4017610e-03
-2.2573740e-02
-2.7590430e-02
-2.5236620e-02
-1.9762130e-02
-1.5589870e-02
-1.2267580e-02
-9.1354130e-03
-5.2909100e-03
-2.8536360e-03
7.5320160e-04
4.0504560e-03
7.5984170e-03
6.5572480e-03
-1.8781000e-04
-3.3082340e-03
-3.7461070e-03
-1.1102200e-03
3.6996700e-04
8.8125210e-04
6.2114260e-03
1.1960210e-02
1.6777020e-02
1.5293580e-02
7.5315770e-03
3.1171510e-03
6.2395530e-03
1.4915370e-02
2.5681440e-02
2.9089900e-02
2.1101260e-02
7.0660690e-03
-1.0126960e-02
-2.9501600e-02
-4.0223220e-02
-3.5653530e-02
-2.2764090e-02
-9.1922060e-03
-4.5258800e-03
-1.0922100e-02
-2.1939510e-02
-3.2898970e-02
-2.9088390e-02
-7.7847350e-03
2.1988450e-02
4.7282320e-02
5.8737870e-02
5.5259170e-02
2.5484390e-02
-1.7844450e-02
-6.3197190e-02
-9.5548470e-02
-1.0360490e-01
-8.7398510e-02
-4.5880450e-02
1.8320170e-02
7.9793010e-02
1.1346880e-01
1.2524980e-01
1.0628560e-01
6.0704510e-02
1.5872390e-02
-2.3729070e-02
-4.9642290e-02
-5.1235760e-02
-4.1615570e-02
-2.9533170e-02
-1.5453820e-02
-2.8744840e-03
3.7184970e-03
1.6854030e-02
3.1732440e-02
3.9485130e-02
4.4057180e-02
3.6546600e-02
1.5277940e-02
-1.1254490e-02
-4.3413960e-02
-7.4343130e-02
-9.5172600e-02
-1.0102560e-01
-9.3105290e-02
-6.1520140e-02
-1.6122240e-02
2.8088750e-02
6.4851610e-02
8.4680130e-02
9.1093150e-02
8.6372270e-02
7.6111930e-02
6.4242090e-02
4.9815280e-02
3.2983720e-02
1.8259470e-02
2.9798770e-03
-1.6122730e-02
-2.8260280e-02
-3.2461650e-02
-3.9820710e-02
-3.8048370e-02
-2.8079360e-02
-2.6685560e-02
-3.2037080e-02
-4.1438810e-02
-4.8385250e-02
-4.7407450e-02
-3.3788580e-02
-5.0436960e-03
3.5399300e-02
7.6555290e-02
1.1397600e-01
1.3005600e-01
1.1544590e-01
7.3193610e-02
7.9343280e-03
-6.1657980e-02
-1.1545640e-01
-1.4619560e-01
-1.5248770e-01
-1.3060480e-01
-9.0994980e-02
-3.9517740e-02
5.6584560e-03
3.5645520e-02
4.8267530e-02
4.1715600e-02
2.4469820e-02
4.0843150e-03
-4.1663980e-03
1.2318700e-02
4.9238620e-02
9.9570430e-02
1.5229670e-01
1.9109260e-01
2.0278920e-01
1.7396480e-01
1.1229030e-01
3.5366280e-02
-5.8953660e-02
-1.5973460e-01
-2.3792400e-01
-2.7735810e-01
-2.6742210e-01
-2.0758290e-01
-1.2312440e-01
-5.0422430e-02
1.4270350e-02
6.6174660e-02
9.4057670e-02
9.9544570e-02
9.5395090e-02
9.4759140e-02
9.6006370e-02
8.9692320e-02
7.5747250e-02
6.3826180e-02
5.1872590e-02
3.5402300e-02
1.6522390e-02
4.6835470e-03
4.8569600e-03
5.4288520e-04
-1.3469910e-02
-3.7681180e-02
-7.1539420e-02
-1.0960590e-01
-1.4543860e-01
-1.6876530e-01
-1.6919590e-01
-1.4223010e-01
-1.1411470e-01
-9.6153350e-02
-7.3891090e-02
-5.4040740e-02
-3.3198390e-02
-5.4168480e-03
2.4420640e-02
5.9798800e-02
9.5231500e-02
1.3627330e-01
1.7392660e-01
1.9601090e-01
1.9950060e-01
1.7999830e-01
1.3826830e-01
9.3149970e-02
5.8039320e-02
2.9913260e-02
1.3374440e-02
3.8785520e-04
-1.4933980e-02
-3.2172100e-02
-5.2147110e-02
-8.1065560e-02
-1.1104500e-01
-1.4297040e-01
-1.6152740e-01
-1.5301870e-01
-1.2180380e-01
-7.3035380e-02
-1.2581150e-02
5.0968420e-02
1.1368730e-01
1.6514430e-01
2.0556320e-01
2.2037410e-01
1.9818570e-01
1.5176150e-01
8.9993060e-02
1.4019450e-02
-6.8449220e-02
-1.4972130e-01
-2.1561670e-01
-2.4486140e-01
-2.0811320e-01
-1.3167470e-01
-5.7594520e-02
9.8186860e-03
8.1228530e-02
1.5829230e-01
2.1970620e-01
2.4506320e-01
2.1748400e-01
1.2073650e-01
4.7865360e-03
-7.8898160e-02
-1.7116230e-01
-2.4837650e-01
-2.6367750e-01
-2.1280390e-01
-1.4481500e-01
-7.8241850e-02
-6.5527280e-03
5.2209480e-02
9.5377900e-02
1.1453740e-01
1.2956120e-01
1.3061010e-01
1.1325520e-01
8.3016220e-02
4.7317450e-02
5.5313600e-03
-2.8395830e-02
-3.5906310e-02
-2.2469220e-02
-2.5392120e-03
6.5481390e-03
-2.0006960e-03
-2.5669140e-02
-5.5624390e-02
-9.2435220e-02
-1.2998760e-01
-1.5730920e-01
-1.5379620e-01
-1.1661280e-01
-5.9122850e-02
-2.0054010e-03
4.0640230e-02
6.5028180e-02
7.1290800e-02
7.0337460e-02
7.1861110e-02
8.0087050e-02
9.1777130e-02
1.0143410e-01
1.0582340e-01
1.0368590e-01
9.3265900e-02
6.9641170e-02
3.3138240e-02
-9.8144630e-03
-5.0334530e-02
-6.9523780e-02
-4.7211210e-02
-4.3462300e-03
3.1933020e-02
5.0180810e-02
4.7061090e-02
2.1546070e-02
-1.6906010e-02
-6.1752450e-02
-9.5100930e-02
-1.0668470e-01
-9.9587890e-02
-6.9618170e-02
-1.8419180e-02
3.9028490e-02
9.2000020e-02
1.2734600e-01
1.4428630e-01
1.3929410e-01
1.1150600e-01
7.0972720e-02
2.1438840e-02
-4.3770030e-02
-1.2581100e-01
-2.0583170e-01
-2.6395760e-01
-2.7159870e-01
-2.0073450e-01
-1.0372240e-01
-2.5915300e-02
3.7878010e-02
9.0249200e-02
1.2881710e-01
1.4986220e-01
1.5461780e-01
1.2797420e-01
7.6949670e-02
1.1752770e-02
-6.2840550e-02
-1.3741650e-01
-1.9121680e-01
-2.1692040e-01
-2.0294030e-01
-1.5532330e-01
-9.8980940e-02
-4.2655340e-02
9.7407890e-03
6.2032390e-02
1.0777040e-01
1.4823680e-01
1.7533560e-01
1.7555980e-01
1.4459660e-01
1.0045500e-01
5.3452990e-02
3.8519040e-04
-6.0946100e-02
-1.1877330e-01
-1.6599160e-01
-1.8603890e-01
-1.6981540e-01
-1.2164570e-01
-6.5072440e-02
-8.8797030e-03
4.0997140e-02
7.5996720e-02
9.2441320e-02
9.4919960e-02
8.8907690e-02
7.9293160e-02
7.3123450e-02
6.6472170e-02
6.3828550e-02
6.2166340e-02
5.4788110e-02
4.2430190e-02
2.3801770e-02
4.7866770e-03
-6.5690950e-03
-8.8341330e-03
-3.8960270e-03
3.2694280e-03
6.4785800e-03
6.2755730e-03
4.9087920e-03
1.3703930e-04
-4.7602690e-03
-1.5407670e-02
-3.2727130e-02
-5.6265500e-02
-8.0319070e-02
-1.0042640e-01
-1.0951220e-01
-1.0349350e-01
-8.2726390e-02
-5.6729270e-02
-2.9165940e-02
2.8462590e-03
4.1634310e-02
8.6865840e-02
1.3216500e-01
1.7831270e-01
2.0861330e-01
2.1608300e-01
1.8975400e-01
1.4563650e-01
1.0535420e-01
6.2242060e-02
2.8413670e-02
1.0301630e-02
3.7358880e-03
-5.5103200e-03
-2.2499600e-02
-4.9382460e-02
-8.2290200e-02
-1.1362910e-01
-1.3623490e-01
-1.4252220e-01
-1.2499430e-01
-9.4598710e-02
-6.3413340e-02
-2.9212750e-02
2.8763940e-03
3.8036480e-02
6.7882960e-02
7.9593860e-02
7.0009080e-02
2.6939780e-02
-4.3221470e-02
-9.3228080e-02
-1.1332660e-01
-1.0228420e-01
-5.3593720e-02
1.5157210e-03
4.1755630e-02
5.1750510e-02
2.3058300e-02
-2.4004200e-02
-6.6586880e-02
-9.6967380e-02
-9.8814040e-02
-6.2569180e-02
-8.8567820e-03
4.6805020e-02
8.9607660e-02
1.1345690e-01
1.1758440e-01
9.4080500e-02
5.4850560e-02
5.3299260e-03
-4.2626720e-02
-7.4707350e-02
-7.8833670e-02
-5.4047390e-02
-1.5576130e-02
1.7752000e-02
3.7478150e-02
3.8361090e-02
2.1424200e-02
-3.6358210e-03
-3.1684780e-02
-6.3990040e-02
-9.4631430e-02
-1.1190730e-01
-1.0347110e-01
-6.4417660e-02
1.3724160e-03
7.6748300e-02
1.2729600e-01
1.4401110e-01
1.4106990e-01
1.2012140e-01
8.4065100e-02
3.9753170e-02
-4.8817730e-03
-4.6357730e-02
-7.2648780e-02
-8.2095010e-02
-7.8555120e-02
-6.4602680e-02
-4.3768400e-02
-1.9407440e-02
2.1894990e-04
1.7742460e-02
4.3774470e-02
7.1974350e-02
1.0038470e-01
1.2136660e-01
1.2228660e-01
9.0847110e-02
4.0653710e-02
-1.7481710e-02
-7.8993160e-02
-1.2889440e-01
-1.4518700e-01
-1.1860820e-01
-6.1315670e-02
5.9996190e-03
7.5741380e-02
1.2649620e-01
1.5786490e-01
1.6783210e-01
1.5099840e-01
1.1193410e-01
6.0500480e-02
9.2012690e-03
-4.2001600e-02
-8.9995830e-02
-1.3025960e-01
-1.6347850e-01
-1.8030860e-01
-1.6940410e-01
-1.3335510e-01
-8.5091560e-02
-4.1834090e-02
-1.0570190e-02
8.3518790e-03
1.6439760e-02
2.9831450e-02
4.4001300e-02
5.9874420e-02
7.7914510e-02
9.1988110e-02
9.1710510e-02
7.2722980e-02
4.3213380e-02
1.3867240e-02
-1.5828880e-02
-4.7007440e-02
-7.4406400e-02
-8.6412530e-02
-8.1374190e-02
-6.4981960e-02
-4.2029090e-02
-1.3373950e-02
1.3633980e-02
3.0063850e-02
2.8255000e-02
1.9650170e-02
1.2782740e-02
4.3988130e-03
1.2841750e-03
-2.9868490e-04
6.2859630e-03
2.2091010e-02
3.7850530e-02
4.6287150e-02
3.8148200e-02
1.3807370e-02
-1.7087130e-02
-4.4876060e-02
-6.6965410e-02
-7.9318810e-02
-8.0962890e-02
-7.5688240e-02
-6.1921060e-02
-3.7088890e-02
-4.3327520e-03
3.7635540e-02
8.1860430e-02
1.1861250e-01
1.4038720e-01
1.4658590e-01
1.3219980e-01
9.8374310e-02
5.3536570e-02
6.3634310e-03
-3.5885950e-02
-7.3579430e-02
-1.0571330e-01
-1.2671940e-01
-1.2566470e-01
-1.1131890e-01
-9.0147530e-02
-5.8315090e-02
-1.8959180e-02
2.5718040e-02
6.9654040e-02
9.9028480e-02
1.1099420e-01
9.9642110e-02
5.9686180e-02
8.9507680e-03
-4.3464450e-02
-8.7826380e-02
-1.1281290e-01
-1.1125880e-01
-8.6948550e-02
-5.3361820e-02
-1.9738730e-02
1.1614110e-02
4.0444560e-02
6.9898830e-02
9.5379530e-02
1.1124880e-01
1.1394140e-01
9.5341500e-02
5.7527680e-02
1.3034950e-02
-4.1377370e-02
-9.7553350e-02
-1.3659390e-01
-1.4449550e-01
-1.1119630e-01
-4.8182060e-02
1.1117690e-02
6.0293810e-02
9.6803190e-02
1.1761400e-01
1.2279360e-01
1.1128830e-01
8.2184840e-02
4.7770870e-02
1.3258340e-02
-1.9874970e-02
-4.9876280e-02
-7.1283900e-02
-8.2744810e-02
-9.0999880e-02
-1.0602290e-01
-1.1880480e-01
-1.1046480e-01
-7.7034140e-02
-2.9069030e-02
2.1960320e-02
6.6949920e-02
1.0240790e-01
1.2188940e-01
1.1965990e-01
9.6943910e-02
6.6375240e-02
3.2888170e-02
-1.1582880e-04
-2.9771570e-02
-5.6671150e-02
-8.1419280e-02
-9.8076090e-02
-1.0615600e-01
-9.2524450e-02
-6.0068380e-02
-1.8289270e-02
2.7884260e-02
6.5403710e-02
9.1079950e-02
1.0479940e-01
1.0438280e-01
8.7914360e-02
5.5184950e-02
1.3367750e-02
-2.8350920e-02
-6.1405890e-02
-7.9535810e-02
-7.7545830e-02
-5.8908930e-02
-3.4531690e-02
-1.1353200e-02
9.7399180e-03
2.6287250e-02
4.2666610e-02
5.7260860e-02
6.6057010e-02
6.2382010e-02
4.7469190e-02
2.1850420e-02
-8.2108270e-03
-3.9535730e-02
-6.6214980e-02
-8.2749880e-02
-8.4698650e-02
-6.7935640e-02
-3.7055610e-02
-5.2713660e-03
2.3595140e-02
4.1821350e-02
4.6355200e-02
3.5795650e-02
2.0857810e-02
9.5976110e-03
1.6018030e-03
-1.1673890e-03
3.0071910e-04
5.4317330e-03
7.4330770e-03
4.0651520e-03
-7.8588110e-03
-2.0845470e-02
-2.6585880e-02
-2.8377990e-02
-2.3726350e-02
-1.6764900e-02
-1.3694410e-02
-1.4720020e-02
-1.9665590e-02
-1.9790380e-02
-1.0863130e-02
1.8665730e-03
2.2367820e-02
4.3511210e-02
5.4724190e-02
5.1985570e-02
2.6974640e-02
-3.2827670e-03
-2.6892040e-02
-4.0791950e-02
-4.1435040e-02
-2.9714750e-02
-1.2738130e-02
-1.4775360e-03
4.0616470e-03
-1.7112610e-03
-1.1060490e-02
-1.1268540e-02
9.9065750e-05
2.0758810e-02
4.1312300e-02
5.7200700e-02
6.0526390e-02
4.8016750e-02
2.1804930e-02
-1.4082920e-02
-5.2687430e-02
-7.8555640e-02
-8.4400400e-02
-7.0904110e-02
-4.4527770e-02
-1.3455240e-02
1.5721790e-02
3.5404780e-02
4.4628170e-02
4.5370490e-02
3.7021540e-02
2.5860680e-02
1.6327390e-02
1.0945050e-02
1.5664250e-02
2.8081180e-02
3.9425050e-02
4.6969610e-02
4.9160150e-02
4.1982830e-02
2.4798140e-02
2.8297330e-03
-1.9083310e-02
-3.8071380e-02
-4.8876590e-02
-4.6677240e-02
-3.1109150e-02
-1.0585720e-03
3.0965820e-02
5.1061180e-02
5.7247180e-02
4.7103330e-02
1.9504700e-02
-1.4596780e-02
-4.5476920e-02
-6.5943950e-02
-7.1309210e-02
-5.8808820e-02
-3.4091270e-02
-7.2861880e-03
1.4711510e-02
2.7979140e-02
3.1083960e-02
2.4117610e-02
2.9705910e-03
-2.2456250e-02
-4.1147990e-02
-5.1058510e-02
-4.5519000e-02
-2.8311660e-02
-4.2061220e-03
2.4805210e-02
4.8150600e-02
6.2988680e-02
6.1137970e-02
4.3773210e-02
2.0031220e-02
-1.7497250e-03
-1.2649860e-02
-9.0301010e-03
1.7312050e-03
9.9493740e-03
9.1330990e-03
3.7585180e-03
-3.5674490e-04
-6.2958050e-04
-3.0321710e-03
-7.5960090e-03
-1.2104730e-02
-1.5339110e-02
-2.0316900e-02
-2.7055020e-02
-2.6754970e-02
-1.5817270e-02
-1.6875500e-03
1.0029000e-02
1.6332800e-02
1.7746150e-02
1.6597360e-02
1.4786660e-02
1.5258870e-02
2.1618060e-02
3.2892400e-02
3.9184210e-02
3.5632140e-02
2.2452880e-02
-6.5209520e-04
-2.9726890e-02
-5.5216520e-02
-7.3835510e-02
-7.9807910e-02
-7.1270810e-02
-5.3940430e-02
-2.9624750e-02
-5.9264860e-03
1.5453580e-02
3.0502210e-02
3.1921830e-02
1.7987850e-02
-1.4846640e-03
-1.4495530e-02
-1.3797130e-02
2.7400090e-03
2.3588170e-02
4.1115120e-02
5.0202010e-02
4.6946480e-02
3.0142660e-02
3.1870700e-03
-2.5427150e-02
-4.7441190e-02
-5.7076550e-02
-5.6836760e-02
-4.6550910e-02
-3.0700450e-02
-1.3376860e-02
5.1833530e-03
2.0107220e-02
3.0249940e-02
3.3663230e-02
2.8380870e-02
1.1737770e-02
-1.2599520e-02
-3.4402690e-02
-4.2264390e-02
-3.0481620e-02
-6.3297480e-03
2.0171240e-02
4.3544250e-02
5.4924440e-02
5.2930120e-02
3.9560280e-02
2.3115760e-02
8.3269230e-03
-6.0872770e-03
-2.0728300e-02
-3.4514830e-02
-4.2617640e-02
-4.0511410e-02
-2.4285100e-02
1.0782660e-03
2.6928480e-02
4.6990270e-02
5.4663700e-02
5.6010350e-02
5.2884570e-02
4.3005980e-02
2.5124330e-02
-3.4949210e-04
-2.6528960e-02
-4.7448240e-02
-5.9620510e-02
-6.0044520e-02
-4.9241200e-02
-3.3679140e-02
-2.0608230e-02
-1.1420060e-02
-3.5627130e-03
7.4479340e-03
2.0092490e-02
2.9193180e-02
3.1354930e-02
2.7272420e-02
2.0800690e-02
1.4877210e-02
1.1412100e-02
1.4123070e-02
1.9969510e-02
2.7310580e-02
3.3777950e-02
2.9621290e-02
1.6961800e-02
-1.0551060e-03
-2.3986860e-02
-4.5588580e-02
-6.0098240e-02
-5.8392740e-02
-3.6962600e-02
-1.9418330e-03
3.3240460e-02
5.7393030e-02
6.6039430e-02
6.0112880e-02
4.5279170e-02
2.5166850e-02
2.2942930e-04
-2.5844440e-02
-4.4135310e-02
-5.2682080e-02
-5.5226430e-02
-5.1790110e-02
-4.3926450e-02
-3.2151320e-02
-1.7624180e-02
-3.1661340e-03
6.6759240e-03
1.2249760e-02
1.2754370e-02
9.2943370e-03
5.5677590e-03
8.2994990e-03
1.4299410e-02
1.3434780e-02
4.7875460e-03
-1.0010020e-02
-2.2398930e-02
-2.2319620e-02
-1.4616410e-02
2.8978300e-03
2.2647110e-02
3.6362660e-02
4.1346740e-02
3.5669750e-02
2.4569800e-02
1.1431340e-02
-1.5239200e-03
-9.1035030e-03
-1.0549090e-02
-5.0956590e-03
1.8360730e-03
8.8763420e-03
9.6427230e-03
8.2285080e-05
-1.5536510e-02
-3.5581170e-02
-5.1413650e-02
-5.4682130e-02
-4.3928210e-02
-2.2341340e-02
-6.6149320e-04
1.6800730e-02
2.6693260e-02
2.5818220e-02
1.7368490e-02
4.0691310e-03
-1.0452970e-02
-1.9001000e-02
-1.8336220e-02
-5.0703050e-03
1.6921740e-02
3.7299660e-02
5.1556910e-02
6.1165700e-02
6.4437530e-02
5.8300150e-02
4.1363030e-02
1.8074570e-02
-7.8286100e-03
-3.5007110e-02
-6.2336000e-02
-8.5178960e-02
-9.2759440e-02
-8.0104350e-02
-4.9362270e-02
-1.1482280e-02
2.3458460e-02
5.0063170e-02
6.3669350e-02
6.1114060e-02
4.3067950e-02
1.5171920e-02
-1.3538410e-02
-3.4769320e-02
-4.4569490e-02
-4.5119050e-02
-3.7069870e-02
-2.7189100e-02
-1.6618760e-02
-5.9960020e-03
2.7704120e-03
9.3884030e-03
1.0489270e-02
7.8342010e-03
7.3046850e-03
9.8547480e-03
1.8001780e-02
2.7800760e-02
3.4257290e-02
3.3170730e-02
2.3799730e-02
1.1358760e-02
2.8660280e-03
4.3544910e-05
1.9187560e-03
4.7143030e-03
5.6865040e-03
5.4890950e-03
4.0977960e-03
2.5583240e-03
3.2678990e-03
5.9593040e-03
1.0416930e-02
1.6264070e-02
1.9515140e-02
1.6050680e-02
4.3338470e-03
-9.7037100e-03
-2.2440680e-02
-3.3920510e-02
-3.9071870e-02
-3.5328680e-02
-2.0725440e-02
-3.9714180e-03
9.9436390e-03
1.9293410e-02
2.3559790e-02
1.9409740e-02
5.5114310e-03
-1.4431500e-02
-3.0079080e-02
-3.2298260e-02
-2.1021100e-02
-4.5037600e-03
8.3114020e-03
1.5181140e-02
1.4114850e-02
5.5202170e-03
-2.0977290e-03
-3.5215220e-03
1.4049980e-03
6.9453380e-03
1.0586410e-02
1.4349300e-02
1.8227180e-02
2.0392420e-02
1.8751600e-02
1.2671730e-02
2.2535050e-03
-1.0317080e-02
-2.1230450e-02
-2.6426590e-02
-2.5470540e-02
-1.8702660e-02
-7.3958280e-03
3.5198330e-03
1.2988230e-02
1.7884560e-02
1.9095330e-02
1.8782780e-02
1.8367690e-02
1.8533080e-02
1.6328050e-02
9.4724810e-03
-1.2634930e-03
-1.3426210e-02
-2.1619620e-02
-2.3428690e-02
-2.0820420e-02
-1.7395180e-02
-1.3054900e-02
-9.4263900e-03
-1.0437640e-02
-1.3721210e-02
-1.9349350e-02
-2.2053210e-02
-1.9791520e-02
-1.3150180e-02
-5.3000710e-03
3.4280330e-03
1.2771960e-02
1.9124950e-02
1.7638520e-02
7.6662190e-03
-4.4960770e-03
-1.5875100e-02
-2.3204810e-02
-2.4595520e-02
-2.3183450e-02
-1.9606040e-02
-1.4966110e-02
-5.6951860e-03
7.2670760e-03
1.9858940e-02
3.0934380e-02
3.5714720e-02
3.4841150e-02
3.0763520e-02
2.7249420e-02
2.7610510e-02
2.9311990e-02
2.8065860e-02
1.9051570e-02
5.5960210e-03
-9.5949020e-03
-2.1526720e-02
-2.8262440e-02
-3.2125990e-02
-3.1219150e-02
-3.0202270e-02
-3.0130560e-02
-2.6903800e-02
-1.7009490e-02
1.9141850e-03
2.6482800e-02
5.0994770e-02
6.8862110e-02
7.0943750e-02
5.4680320e-02
2.5215010e-02
-9.0190110e-03
-4.2735390e-02
-6.8766460e-02
-8.0152500e-02
-7.7903940e-02
-6.3702140e-02
-4.2839770e-02
-1.8663660e-02
8.1242580e-03
3.5164300e-02
5.8257580e-02
7.6115000e-02
8.5625630e-02
7.8099160e-02
5.2698250e-02
2.0225990e-02
-1.4884730e-02
-4.8053200e-02
-7.4322430e-02
-8.9630160e-02
-8.7823850e-02
-7.0567760e-02
-4.1130830e-02
-9.7622310e-03
1.6162550e-02
3.4274760e-02
4.0292310e-02
3.5498920e-02
2.7171530e-02
1.7544560e-02
8.0832620e-03
4.5157070e-03
8.1008870e-03
1.8189700e-02
3.0018500e-02
3.8019980e-02
3.8704870e-02
2.8951020e-02
1.0070260e-02
-9.5030400e-03
-2.7649840e-02
-4.1338630e-02
-4.8413100e-02
-4.8704360e-02
-3.7429590e-02
-2.0459280e-02
-1.2540610e-03
1.8098520e-02
3.2019980e-02
4.0866040e-02
4.5619960e-02
4.3064450e-02
3.1980200e-02
1.5858140e-02
2.7083260e-04
-1.3976840e-02
-2.2483580e-02
-2.0609160e-02
-9.5799560e-03
6.9785940e-03
2.2745970e-02
3.2995870e-02
3.6706890e-02
3.4704290e-02
2.5339420e-02
8.1654570e-03
-1.0632910e-02
-2.4807880e-02
-2.8286700e-02
-2.3271630e-02
-1.1134890e-02
4.3607750e-03
1.7516470e-02
2.3946710e-02
2.0485660e-02
9.2299080e-03
-5.1001240e-03
-1.8231480e-02
-2.9932050e-02
-3.8150830e-02
-3.9169150e-02
-3.0896160e-02
-1.3703590e-02
3.5873160e-03
1.7259990e-02
2.4872020e-02
2.0808980e-02
7.8115390e-03
-9.0645120e-03
-2.3789160e-02
-2.9377820e-02
-2.4379870e-02
-1.0914360e-02
3.4063090e-03
1.5932790e-02
2.5916110e-02
3.1265030e-02
3.1190900e-02
2.6430340e-02
1.6126550e-02
-2.5094330e-03
-2.5737500e-02
-4.9160560e-02
-6.7874940e-02
-7.5747410e-02
-6.6371340e-02
-3.9259360e-02
-5.6803130e-03
2.7795160e-02
5.7572210e-02
7.6714940e-02
8.3688800e-02
7.5152080e-02
5.0798820e-02
1.8909440e-02
-1.5374460e-02
-4.8874270e-02
-7.4614230e-02
-8.2109900e-02
-6.8433850e-02
-3.9773920e-02
-7.8646400e-03
1.7170900e-02
3.6316570e-02
4.7378210e-02
5.0998940e-02
4.5940690e-02
3.4611070e-02
1.7983910e-02
-1.1041440e-04
-1.5440310e-02
-2.3788540e-02
-2.3522480e-02
-1.6114210e-02
-2.9798590e-03
8.2720180e-03
1.4171140e-02
1.4798730e-02
9.5122040e-03
1.6333670e-03
-4.7596420e-03
-7.8904670e-03
-5.4826060e-03
7.8681910e-04
8.9976200e-03
1.7097450e-02
2.1692280e-02
2.1185040e-02
1.3319880e-02
-1.5183200e-03
-1.9544440e-02
-3.7143510e-02
-5.3133590e-02
-6.1189900e-02
-5.7296720e-02
-4.2645800e-02
-2.2899100e-02
-4.3744640e-03
1.0485330e-02
2.0514170e-02
2.6063340e-02
2.3893030e-02
1.5646690e-02
3.8523570e-03
-6.8089440e-03
-1.4822140e-02
-1.8304380e-02
-1.6480130e-02
-1.2364290e-02
-7.4837960e-03
9.6247770e-04
1.2856140e-02
2.4667310e-02
3.0354580e-02
2.7309670e-02
1.7012360e-02
1.6154170e-03
-1.3437960e-02
-2.4803440e-02
-2.8846500e-02
-2.4493160e-02
-1.5166600e-02
-4.4260650e-03
5.8134530e-03
1.3038910e-02
1.5267760e-02
1.0905080e-02
2.4493880e-03
-2.6564410e-03
-1.7450840e-03
2.0180150e-03
4.9786430e-03
5.3678370e-03
4.4519900e-03
3.0786890e-03
-1.2649210e-04
-1.6794810e-03
-5.4852560e-04
3.3481850e-03
1.1325010e-02
1.8513540e-02
2.1739050e-02
1.6003220e-02
3.4293230e-03
-1.2233770e-02
-2.9837090e-02
-4.2105550e-02
-4.3787100e-02
-3.2948830e-02
-1.5356920e-02
2.0991320e-03
1.4562270e-02
1.8161220e-02
1.5235900e-02
7.5703770e-03
-7.4987170e-04
-6.4144060e-03
-1.1132520e-02
-1.2488430e-02
-1.0386040e-02
-6.4873240e-03
-2.1968930e-04
5.9804280e-03
9.4434020e-03
9.4368470e-03
4.4290930e-03
-4.2201860e-03
-9.4062110e-03
-7.8592820e-03
5.3335140e-04
1.6252620e-02
3.4272440e-02
4.5239290e-02
4.3741170e-02
3.0103730e-02
1.2955510e-02
4.3923880e-05
-7.3060860e-03
-9.7347150e-03
-1.1038040e-02
-1.4042580e-02
-1.7969700e-02
-2.0434200e-02
-1.7667670e-02
-7.2726360e-03
7.0259280e-03
1.8677630e-02
2.3536240e-02
2.2054400e-02
1.3337460e-02
-2.5988030e-03
-2.1842010e-02
-3.8000430e-02
-4.5791780e-02
-4.2163910e-02
-2.8285650e-02
-1.0421630e-02
8.1410850e-03
2.5114250e-02
3.9524690e-02
4.8275510e-02
4.9911850e-02
4.2641690e-02
2.8663000e-02
1.2829670e-02
-1.1589870e-03
-1.1169230e-02
-1.8923160e-02
-2.4860450e-02
-2.7968320e-02
-2.8882490e-02
-2.4024780e-02
-1.4035230e-02
-4.9037380e-03
2.4071120e-03
7.7106000e-03
1.1070330e-02
1.2154910e-02
1.0339350e-02
7.8447870e-03
5.2807270e-03
1.5781240e-03
-3.3473320e-03
-8.5829740e-03
-1.2532000e-02
-1.5516000e-02
-1.7218160e-02
-1.6789390e-02
-1.3138620e-02
-6.4812110e-03
8.1423550e-05
5.1549260e-03
9.5378530e-03
1.3272960e-02
1.7155940e-02
1.8987300e-02
1.4643030e-02
4.1578410e-03
-9.3215750e-03
-2.0901440e-02
-2.7035300e-02
-2.3696800e-02
-1.1904850e-02
3.4832090e-03
1.9259640e-02
3.0701090e-02
3.4784210e-02
3.1573040e-02
1.8397340e-02
-2.3849400e-03
-2.4235080e-02
-3.9061980e-02
-4.0751490e-02
-2.6181880e-02
-3.2770340e-03
1.7922220e-02
3.2193220e-02
3.5634090e-02
3.0420070e-02
2.1032080e-02
9.4387360e-03
-2.3928500e-03
-1.4216180e-02
-2.3071890e-02
-2.4500770e-02
-2.0090460e-02
-9.7101470e-03
3.3374690e-03
1.6017420e-02
2.5307120e-02
2.9313180e-02
2.7562400e-02
1.7975020e-02
1.8041440e-03
-1.2873680e-02
-2.2628920e-02
-2.3903250e-02
-1.8213040e-02
-6.6166910e-03
9.6790630e-03
2.4382380e-02
3.2329240e-02
3.3004990e-02
2.3330640e-02
5.1857150e-03
-1.4684850e-02
-3.2562420e-02
-4.2517570e-02
-4.2163170e-02
-3.4370740e-02
-2.0517710e-02
-3.7464890e-03
1.4568070e-02
2.9452780e-02
3.8994780e-02
4.1442610e-02
3.4747760e-02
2.1836750e-02
6.8225740e-03
-5.9623840e-03
-1.3012260e-02
-1.4121380e-02
-1.1742270e-02
-8.0931330e-03
-7.1507290e-03
-1.0143260e-02
-1.4794460e-02
-1.6849840e-02
-1.2389350e-02
-2.6230630e-03
5.5437280e-03
9.7292850e-03
1.0993130e-02
1.2774220e-02
1.2452430e-02
6.6870120e-03
-3.4238140e-03
-1.6173740e-02
-2.8702900e-02
-3.8661440e-02
-4.2482510e-02
-3.5723440e-02
-1.7073860e-02
6.1388110e-03
2.5988460e-02
3.7863540e-02
3.8480320e-02
2.7050970e-02
6.3840050e-03
-1.6860170e-02
-3.6695950e-02
-4.8679150e-02
-4.9773680e-02
-4.1160070e-02
-2.6998680e-02
-1.2312010e-02
-9.7345250e-04
6.3090470e-03
1.3606320e-02
2.1189250e-02
2.7406580e-02
3.0831050e-02
2.9308050e-02
2.6053890e-02
2.3043960e-02
1.9214340e-02
1.3306500e-02
2.8053630e-03
-9.3903390e-03
-1.8514530e-02
-2.2785840e-02
-2.1415320e-02
-1.5533590e-02
-6.3632600e-03
3.2233030e-03
1.1757640e-02
1.6918600e-02
1.7061730e-02
1.1988660e-02
2.7581300e-03
-7.0212600e-03
-1.5480250e-02
-2.0950850e-02
-1.9577890e-02
-1.1965310e-02
-2.6050620e-03
6.5475670e-03
1.3475440e-02
1.7018220e-02
1.6755510e-02
1.1931590e-02
3.9220840e-03
-5.5946890e-03
-1.3095930e-02
-1.5125590e-02
-9.5554950e-03
-2.2994890e-04
7.0840570e-03
9.7319550e-03
9.5676610e-03
1.0083200e-02
1.0482610e-02
1.0365290e-02
8.5968610e-03
7.5523900e-03
7.4845750e-03
9.3115950e-03
1.3012840e-02
1.6479050e-02
1.7565270e-02
1.5361840e-02
1.1100190e-02
6.9712960e-03
5.0191110e-03
5.5636170e-03
5.7306850e-03
3.3978830e-03
1.7366300e-04
-3.3675230e-03
-7.5157500e-03
-1.0188900e-02
-8.1896310e-03
-2.7534270e-03
2.3497340e-03
3.7867840e-03
1.9688780e-04
-5.0374240e-03
-9.5409850e-03
-1.1113070e-02
-1.0231310e-02
-9.3321250e-03
-8.8203790e-03
-8.7823340e-03
-8.4755060e-03
-7.6638820e-03
-4.2600110e-03
2.9158910e-03
1.3097830e-02
2.4132650e-02
2.9115380e-02
2.4121950e-02
1.1218080e-02
-5.7569780e-03
-2.0537620e-02
-2.9454770e-02
-3.1311450e-02
-2.6147530e-02
-1.6036380e-02
-3.7812430e-03
5.5683940e-03
1.0542150e-02
1.1005980e-02
7.7139840e-03
1.9664730e-03
-3.8520740e-03
-6.6304020e-03
-4.8113580e-03
1.0085500e-03
7.9471190e-03
1.5438900e-02
2.2459910e-02
2.6259080e-02
2.4481050e-02
1.5351390e-02
3.2288840e-03
-9.6585480e-03
-2.4113020e-02
-3.8250090e-02
-4.8071730e-02
-4.9434790e-02
-4.0690920e-02
-2.5886840e-02
-1.1375560e-02
2.1512480e-04
9.3728920e-03
1.5628660e-02
1.8596250e-02
1.7965940e-02
1.5712750e-02
1.4147820e-02
1.4683260e-02
1.6130170e-02
1.5265210e-02
1.1235470e-02
6.0957660e-03
-3.2217170e-04
-6.9060520e-03
-1.3399950e-02
-1.8727600e-02
-1.9883490e-02
-1.6842510e-02
-1.0111850e-02
-2.7662330e-03
4.6497330e-03
1.2725940e-02
1.9923350e-02
2.6081380e-02
2.9982080e-02
2.8277450e-02
2.0514590e-02
8.0836930e-03
-7.1214510e-03
-2.0443530e-02
-3.0489850e-02
-3.5776640e-02
-3.3593120e-02
-2.2866340e-02
-4.4593210e-03
1.5424500e-02
3.1758720e-02
3.9623760e-02
3.7059420e-02
2.5985180e-02
9.4088880e-03
-6.2181170e-03
-1.5738130e-02
-1.8687520e-02
-1.6575890e-02
-1.1601380e-02
-6.3122120e-03
4.3755970e-04
6.5052080e-03
9.7106900e-03
1.1313800e-02
1.0163560e-02
5.9981120e-03
1.7468170e-04
-4.4014240e-03
-5.1777810e-03
-3.7120590e-03
-2.3605570e-03
-2.1504350e-03
-1.9390210e-03
-1.3083220e-03
1.6872530e-03
7.1578160e-03
1.4492250e-02
1.9544060e-02
1.7524820e-02
9.2870490e-03
-2.8826280e-03
-1.5357450e-02
-2.6656730e-02
-3.6436200e-02
-4.0664250e-02
-3.5537650e-02
-2.0706780e-02
-1.5640720e-03
1.6151020e-02
2.8881090e-02
3.2577330e-02
2.8054030e-02
1.6813720e-02
4.0404820e-03
-5.1235030e-03
-7.4709380e-03
-3.9811860e-03
1.7348520e-03
2.5139470e-03
-3.8080220e-03
-1.3838830e-02
-2.4507080e-02
-3.1619860e-02
-3.2143580e-02
-2.5492880e-02
-1.2339430e-02
3.0175200e-03
1.7959470e-02
3.0700210e-02
3.8877710e-02
4.1961010e-02
3.8505330e-02
2.8393650e-02
1.4372400e-02
-1.8768340e-03
-1.6931340e-02
-2.5165330e-02
-2.5485540e-02
-2.1813800e-02
-1.7687620e-02
-1.4596090e-02
