0.01
1.1349540e-02
1.3457530e-02
1.4448640e-02
1.4662550e-02
1.4323380e-02
1.3538740e-02
1.2219600e-02
1.0508520e-02
8.8971060e-03
7.6147470e-03
6.7015510e-03
6.0596050e-03
5.1175690e-03
3.3394330e-03
8.0856110e-04
-2.2741570e-03
-5.8393600e-03
-9.4991510e-03
-1.2680860e-02
-1.4912560e-02
-1.5987090e-02
-1.6134250e-02
-1.5635260e-02
-1.4867920e-02
-1.4068130e-02
-1.3212200e-02
-1.2425960e-02
-1.1832240e-02
-1.1187610e-02
-1.0352060e-02
-9.0789130e-03
-7.3454760e-03
-5.4359850e-03
-3.4402280e-03
-1.3627930e-03
9.7186340e-04
3.3925820e-03
5.2913010e-03
6.5587950e-03
7.6654890e-03
9.0341460e-03
1.0853280e-02
1.2819930e-02
1.4874920e-02
1.7070620e-02
1.9226160e-02
2.0925290e-02
2.1790780e-02
2.1388120e-02
1.9375480e-02
1.5908720e-02
1.1636240e-02
7.3786890e-03
3.8754710e-03
1.4334870e-03
5.0460990e-08
-8.0108210e-04
-1.2298790e-03
-1.1021050e-03
-5.4720950e-04
-7.3183920e-05
1.6912940e-04
3.9423140e-04
8.5297010e-04
1.7007460e-03
2.9967360e-03
4.6327460e-03
6.7411000e-03
9.2193560e-03
1.1750780e-02
1.3836890e-02
1.5009100e-02
1.5100420e-02
1.4454570e-02
1.3332720e-02
1.1673460e-02
9.5985820e-03
7.4803940e-03
5.7215050e-03
4.4040970e-03
3.4116980e-03
2.4915390e-03
1.5640390e-03
5.8309260e-04
-3.6011150e-04
-1.2609830e-03
-2.1197050e-03
-3.1871100e-03
-4.6646060e-03
-6.5704040e-03
-9.0150650e-03
-1.2342630e-02
-1.7019990e-02
-2.2862290e-02
-2.9109180e-02
-3.5149420e-02
-4.0670120e-02
-4.5616040e-02
-5.0223660e-02
-5.4674410e-02
-5.8601370e-02
-6.1214530e-02
-6.1692290e-02
-5.9580910e-02
-5.5020200e-02
-4.8998290e-02
-4.2585160e-02
-3.6516930e-02
-3.1156530e-02
-2.6224170e-02
-2.1125460e-02
-1.5381390e-02
-8.9295900e-03
-2.0617520e-03
4.9025930e-03
1.1735410e-02
1.8259890e-02
2.4208120e-02
2.9059980e-02
3.2526220e-02
3.4697410e-02
3.5844540e-02
3.6413850e-02
3.6466660e-02
3.5852830e-02
3.4606600e-02
3.2682380e-02
3.0239410e-02
2.7402730e-02
2.4266030e-02
2.0942450e-02
1.7498710e-02
1.3787380e-02
9.6359930e-03
4.9745870e-03
-7.7670240e-05
-5.2676570e-03
-1.0357090e-02
-1.5310690e-02
-1.9951290e-02
-2.4299720e-02
-2.8565660e-02
-3.2667490e-02
-3.6620410e-02
-4.0400060e-02
-4.4069200e-02
-4.7715590e-02
-5.1574510e-02
-5.5501060e-02
-5.9236190e-02
-6.2722720e-02
-6.6080770e-02
-6.9373350e-02
-7.2593050e-02
-7.5457890e-02
-7.7249850e-02
-7.7239890e-02
-7.5363070e-02
-7.1962050e-02
-6.7543980e-02
-6.2781060e-02
-5.8129700e-02
-5.3741270e-02
-4.9739390e-02
-4.6127100e-02
-4.2705650e-02
-3.9085520e-02
-3.4907430e-02
-2.9918520e-02
-2.3970110e-02
-1.6838240e-02
-8.7056570e-03
-1.5435340e-04
8.6978610e-03
1.7946750e-02
2.7453780e-02
3.7302120e-02
4.7571040e-02
5.8176150e-02
6.8940680e-02
7.9452250e-02
8.9417970e-02
9.8692240e-02
1.0750300e-01
1.1624950e-01
1.2525800e-01
1.3468670e-01
1.4447450e-01
1.5459590e-01
1.6506870e-01
1.7584120e-01
1.8677970e-01
1.9692140e-01
2.0400270e-01
2.0389220e-01
1.9186990e-01
1.6596950e-01
1.3045700e-01
9.4636810e-02
6.6494530e-02
4.8189740e-02
3.7623070e-02
3.2003020e-02
2.8972120e-02
2.6321990e-02
2.2304490e-02
1.6344360e-02
9.1878240e-03
1.6932640e-03
-5.6104130e-03
-1.2412520e-02
-1.8621080e-02
-2.4146170e-02
-2.9185290e-02
-3.3658960e-02
-3.7334000e-02
-4.0066560e-02
-4.1376710e-02
-4.0426490e-02
-3.7043810e-02
-3.2053390e-02
-2.6647320e-02
-2.1755360e-02
-1.8212500e-02
-1.6271390e-02
-1.5468350e-02
-1.5323900e-02
-1.5689080e-02
-1.6797100e-02
-1.8961660e-02
-2.2237210e-02
-2.6342260e-02
-3.0990700e-02
-3.6021380e-02
-4.1459710e-02
-4.7308690e-02
-5.3169680e-02
-5.8403500e-02
-6.2768190e-02
-6.6404090e-02
-6.9553540e-02
-7.2463970e-02
-7.5390930e-02
-7.8636250e-02
-8.1938160e-02
-8.5011690e-02
-8.7737200e-02
-9.0066430e-02
-9.2026930e-02
-9.3451590e-02
-9.3966630e-02
-9.3152420e-02
-9.0507040e-02
-8.5596690e-02
-7.7674060e-02
-6.5964140e-02
-5.0640880e-02
-3.3058040e-02
-1.5305960e-02
5.6600640e-04
1.3458160e-02
2.3402810e-02
3.1022990e-02
3.6762420e-02
4.1089560e-02
4.4560990e-02
4.7610650e-02
5.0492910e-02
5.2982800e-02
5.4909280e-02
5.6486510e-02
5.7733750e-02
5.8258170e-02
5.7959990e-02
5.6875910e-02
5.4672440e-02
5.0714480e-02
4.4460920e-02
3.5878350e-02
2.5747320e-02
1.5362540e-02
5.9325610e-03
-1.5978870e-03
-6.8711590e-03
-1.0229890e-02
-1.2252130e-02
-1.3203290e-02
-1.2992240e-02
-1.1768710e-02
-9.9331510e-03
-7.4050190e-03
-3.9801490e-03
1.6594580e-04
4.5641650e-03
8.5769830e-03
1.1747720e-02
1.3901300e-02
1.4969930e-02
1.4955220e-02
1.4142050e-02
1.2629510e-02
1.0349640e-02
7.6244380e-03
4.7110250e-03
1.9199140e-03
-3.2977450e-04
-1.6628400e-03
-1.8495320e-03
-1.1307480e-03
-1.0509260e-04
6.4568080e-04
8.1394400e-04
5.6210190e-04
2.7509510e-04
2.2335140e-04
7.8922290e-04
2.1203250e-03
4.0480280e-03
6.0210820e-03
7.3752030e-03
7.8168890e-03
7.0722860e-03
5.1330490e-03
2.5132130e-03
-2.2978650e-04
-2.6950800e-03
-5.1078200e-03
-7.8585410e-03
-1.0682260e-02
-1.3080770e-02
-1.4822920e-02
-1.6193870e-02
-1.7528970e-02
-1.8851870e-02
-2.0036110e-02
-2.0924470e-02
-2.1616530e-02
-2.2219590e-02
-2.2906550e-02
-2.3991840e-02
-2.5658860e-02
-2.8077460e-02
-3.1040200e-02
-3.3833640e-02
-3.5887270e-02
-3.7154040e-02
-3.7858600e-02
-3.7934300e-02
-3.7426120e-02
-3.6540670e-02
-3.5490560e-02
-3.4485800e-02
-3.3208960e-02
-3.1490450e-02
-2.9327030e-02
-2.6668430e-02
-2.3465350e-02
-1.9627140e-02
-1.5162980e-02
-1.0297640e-02
-5.5360020e-03
-1.0809720e-03
3.1714540e-03
7.0872700e-03
1.0695650e-02
1.3972720e-02
1.6910570e-02
1.9719530e-02
2.2383450e-02
2.4631780e-02
2.6317050e-02
2.7748320e-02
2.9283390e-02
3.0947890e-02
3.2623190e-02
3.4361460e-02
3.6437900e-02
3.8908480e-02
4.1469390e-02
4.3829720e-02
4.5992750e-02
4.8082260e-02
5.0087650e-02
5.1900420e-02
5.3632980e-02
5.5330730e-02
5.6951350e-02
5.8420540e-02
5.9465100e-02
5.9843430e-02
5.9575850e-02
5.9067220e-02
5.8611820e-02
5.7978370e-02
5.6783610e-02
5.4911360e-02
5.2484010e-02
4.9868450e-02
4.7168810e-02
4.4461240e-02
4.1365980e-02
3.7052420e-02
3.1071000e-02
2.3499850e-02
1.5077470e-02
7.0958990e-03
4.3051770e-04
-4.9286970e-03
-9.6097910e-03
-1.4064140e-02
-1.8594440e-02
-2.3237520e-02
-2.7934940e-02
-3.2687720e-02
-3.7418660e-02
-4.2286140e-02
-4.7371880e-02
-5.2463180e-02
-5.7130730e-02
-6.1223420e-02
-6.4927830e-02
-6.8148990e-02
-7.0540530e-02
-7.1926730e-02
-7.2343680e-02
-7.2182090e-02
-7.1777680e-02
-7.1050480e-02
-6.9906960e-02
-6.8129060e-02
-6.5816660e-02
-6.3390420e-02
-6.1032290e-02
-5.8534290e-02
-5.5947850e-02
-5.3554900e-02
-5.1629250e-02
-5.0319810e-02
-4.9369680e-02
-4.8493070e-02
-4.7339180e-02
-4.5723210e-02
-4.3550070e-02
-4.0889120e-02
-3.7810870e-02
-3.4597950e-02
-3.1733180e-02
-2.9389590e-02
-2.7316140e-02
-2.5149070e-02
-2.2715160e-02
-2.0139110e-02
-1.7511070e-02
-1.4693810e-02
-1.1623360e-02
-8.4376890e-03
-5.3832200e-03
-2.5947880e-03
-3.0188360e-04
1.5669020e-03
3.2279300e-03
4.6671890e-03
6.0661790e-03
7.6632210e-03
9.4696990e-03
1.1432120e-02
1.3584330e-02
1.6030940e-02
1.8723270e-02
2.1372300e-02
2.3951280e-02
2.6439590e-02
2.8644020e-02
3.0658950e-02
3.2607140e-02
3.4689740e-02
3.6933410e-02
3.9404310e-02
4.2123940e-02
4.4963300e-02
4.8059860e-02
5.1495340e-02
5.5098570e-02
5.8748920e-02
6.2491220e-02
6.6228300e-02
6.9713190e-02
7.2802340e-02
7.5520070e-02
7.7691050e-02
7.9252710e-02
8.0113340e-02
7.9747390e-02
7.7203050e-02
7.1457580e-02
6.2553670e-02
5.1776940e-02
4.0847660e-02
3.1278670e-02
2.3967570e-02
1.8855600e-02
1.5019070e-02
1.1649570e-02
8.4616530e-03
5.5427880e-03
3.1003210e-03
1.0863380e-03
-4.5526990e-04
-1.5395320e-03
-2.2424840e-03
-2.8677880e-03
-3.5363840e-03
-3.9246890e-03
-3.8626490e-03
-3.4033570e-03
-2.6766900e-03
-1.5510840e-03
3.5014250e-04
2.9772080e-03
5.8779060e-03
8.8027360e-03
1.1489540e-02
1.3623850e-02
1.5003410e-02
1.5611630e-02
1.5727180e-02
1.5575910e-02
1.5082290e-02
1.4073130e-02
1.2471310e-02
1.0258950e-02
7.8625530e-03
5.5429420e-03
3.3040120e-03
1.2467490e-03
-4.1684920e-04
-1.6696940e-03
-2.6324380e-03
-3.5791070e-03
-4.6539040e-03
-5.9757590e-03
-7.3440780e-03
-8.5376280e-03
-9.5872400e-03
-1.0382650e-02
-1.0815770e-02
-1.0650390e-02
-9.7729610e-03
-8.4134170e-03
-6.9655140e-03
-5.6335790e-03
-4.5795270e-03
-4.0072230e-03
-3.8491540e-03
-3.9962680e-03
-4.5225070e-03
-5.5293120e-03
-6.9601700e-03
-8.8977800e-03
-1.1287840e-02
-1.3650160e-02
-1.5784660e-02
-1.7841410e-02
-2.0069380e-02
-2.2579480e-02
-2.5202400e-02
-2.7774390e-02
-3.0355520e-02
-3.3015670e-02
-3.5926910e-02
-3.9298860e-02
-4.2957630e-02
-4.6527280e-02
-4.9849480e-02
-5.2976780e-02
-5.5813630e-02
-5.8432280e-02
-6.0627110e-02
-6.2241350e-02
-6.3393610e-02
-6.4323470e-02
-6.4963950e-02
-6.5136030e-02
-6.4591590e-02
-6.3309810e-02
-6.1338040e-02
-5.8533270e-02
-5.4999570e-02
-5.1095200e-02
-4.7117900e-02
-4.3169270e-02
-3.9190820e-02
-3.5068160e-02
-3.0793540e-02
-2.6523150e-02
-2.2322140e-02
-1.8278420e-02
-1.4538880e-02
-1.1038240e-02
-7.7300280e-03
-4.6197600e-03
-1.7682860e-03
9.0157500e-04
3.2984720e-03
5.2754960e-03
6.8321220e-03
7.9353480e-03
8.8671040e-03
9.8300110e-03
1.0732830e-02
1.1444660e-02
1.2254330e-02
1.3477950e-02
1.4945200e-02
1.6371470e-02
1.7738960e-02
1.9100150e-02
2.0376030e-02
2.1560800e-02
2.2619790e-02
2.3499280e-02
2.4398900e-02
2.5433910e-02
2.6477220e-02
2.7362970e-02
2.8238960e-02
2.9265520e-02
3.0432940e-02
3.1676450e-02
3.3054870e-02
3.4334780e-02
3.5247990e-02
3.5844070e-02
3.6148970e-02
3.6133610e-02
3.5645470e-02
3.4535640e-02
3.3015080e-02
3.1674270e-02
3.0979390e-02
3.0847110e-02
3.0954370e-02
3.1054380e-02
3.1053040e-02
3.0994700e-02
3.1017150e-02
3.1296180e-02
3.1911240e-02
3.2717730e-02
3.3566990e-02
3.4373430e-02
3.4935550e-02
3.5331280e-02
3.5692890e-02
3.5926720e-02
3.5896020e-02
3.5433540e-02
3.4276790e-02
3.2114170e-02
2.9046890e-02
2.5387230e-02
2.1436730e-02
1.7322700e-02
1.2998250e-02
8.5047410e-03
4.1618100e-03
2.9038080e-04
-3.2314310e-03
-6.7417980e-03
-1.0132140e-02
-1.3219360e-02
-1.5941700e-02
-1.8571370e-02
-2.1260040e-02
-2.3697950e-02
-2.5650600e-02
-2.7002310e-02
-2.7809070e-02
-2.8425320e-02
-2.8947750e-02
-2.8961440e-02
-2.8311160e-02
-2.7198480e-02
-2.5671090e-02
-2.3912240e-02
-2.2121120e-02
-2.0448960e-02
-1.9143610e-02
-1.8220960e-02
-1.7751370e-02
-1.7637690e-02
-1.7709520e-02
-1.7880620e-02
-1.8059550e-02
-1.8011820e-02
-1.7293950e-02
-1.5506560e-02
-1.2773080e-02
-9.5518570e-03
-6.0728640e-03
-2.6623910e-03
4.2415030e-04
3.1388910e-03
5.3150590e-03
6.8807140e-03
7.6895690e-03
7.8899020e-03
7.6846050e-03
7.0541860e-03
5.9808370e-03
4.6829880e-03
3.3097520e-03
1.9934840e-03
9.8494560e-04
3.3180870e-04
-8.8911730e-05
-2.8278090e-04
-2.8182880e-04
-1.6078030e-04
-3.8548460e-05
-1.4455960e-04
-8.0322380e-04
-2.1744410e-03
-3.9521500e-03
-5.6905840e-03
-7.1762210e-03
-8.5328400e-03
-9.8577690e-03
-1.0976380e-02
-1.1709230e-02
-1.2010130e-02
-1.2041710e-02
-1.2005340e-02
-1.2000770e-02
-1.2005200e-02
-1.1916300e-02
-1.1636010e-02
-1.1234980e-02
-1.0996150e-02
-1.1121590e-02
-1.1639330e-02
-1.2446230e-02
-1.3399650e-02
-1.4213860e-02
-1.4773680e-02
-1.5001230e-02
-1.4907950e-02
-1.4568670e-02
-1.4152890e-02
-1.3960820e-02
-1.4129810e-02
-1.4574050e-02
-1.5076250e-02
-1.5540590e-02
-1.5952930e-02
-1.6480410e-02
-1.7177650e-02
-1.7810270e-02
-1.8349840e-02
-1.8794320e-02
-1.8881060e-02
-1.8507000e-02
-1.8014870e-02
-1.7504310e-02
-1.6848590e-02
-1.6016700e-02
-1.4987570e-02
-1.3667360e-02
-1.1992300e-02
-1.0086100e-02
-8.1181460e-03
-6.1710070e-03
-4.2078920e-03
-2.1098900e-03
2.4051000e-04
2.7496330e-03
5.1442680e-03
7.4489790e-03
9.5931520e-03
1.1469020e-02
1.2968040e-02
1.4084650e-02
1.4970410e-02
1.5592270e-02
1.6002710e-02
1.6305830e-02
1.6748020e-02
1.7535160e-02
1.8518230e-02
1.9452100e-02
2.0425800e-02
2.1532280e-02
2.2630290e-02
2.3463510e-02
2.3990240e-02
2.4204610e-02
2.4171530e-02
2.3965080e-02
2.3630620e-02
2.3198510e-02
2.2480710e-02
2.1406390e-02
2.0333350e-02
1.9611770e-02
1.9300000e-02
1.9097670e-02
1.8606260e-02
1.7730900e-02
1.6803370e-02
1.5986100e-02
1.5097110e-02
1.4056370e-02
1.2858650e-02
1.1347200e-02
9.6506270e-03
8.0937050e-03
6.8153320e-03
5.7062260e-03
4.8717920e-03
4.3613770e-03
4.0130240e-03
3.6438530e-03
2.9426500e-03
1.7653830e-03
4.5693910e-04
-6.8498020e-04
-1.7701730e-03
-2.9428440e-03
-4.3414170e-03
-5.6840840e-03
-6.5281960e-03
-6.8607340e-03
-7.0367080e-03
-7.1466490e-03
-7.1300850e-03
-6.8781910e-03
-6.3344920e-03
-5.5970220e-03
-4.8374610e-03
-4.3295450e-03
-3.9822850e-03
-3.4946670e-03
-2.8346110e-03
-2.3413350e-03
-2.1354100e-03
-2.1214120e-03
-2.1962940e-03
-2.2942780e-03
-2.3538150e-03
-2.2540260e-03
-1.8065360e-03
-9.3295580e-04
2.3740030e-04
1.6737530e-03
3.1112130e-03
4.2820410e-03
5.1467840e-03
5.5746670e-03
5.6561220e-03
5.6103590e-03
5.5818720e-03
5.6093470e-03
5.6315100e-03
5.5380440e-03
5.2401980e-03
4.8267850e-03
4.5993950e-03
4.7648740e-03
5.3265720e-03
6.1139600e-03
6.9110590e-03
7.4319960e-03
7.7969150e-03
8.3362160e-03
9.2556560e-03
1.0536370e-02
1.1825720e-02
1.3007460e-02
1.4017280e-02
1.4844790e-02
1.5336210e-02
1.5516160e-02
1.5491000e-02
1.5249600e-02
1.4715040e-02
1.3997190e-02
1.3475750e-02
1.3246500e-02
1.3195240e-02
1.3263820e-02
1.3509600e-02
1.4031390e-02
1.4706020e-02
1.5158130e-02
1.5370500e-02
1.5655220e-02
1.6297360e-02
1.7331080e-02
1.8598790e-02
1.9939070e-02
2.1348360e-02
2.2524810e-02
2.3138230e-02
2.3304780e-02
2.3301850e-02
2.3262350e-02
2.3096260e-02
2.2570840e-02
2.1588160e-02
2.0361470e-02
1.8976620e-02
1.7371480e-02
1.5532270e-02
1.3391030e-02
1.0799310e-02
7.7866870e-03
4.7521070e-03
2.0000340e-03
-4.7856220e-04
-2.9665880e-03
-5.5706560e-03
-8.0118840e-03
-1.0193170e-02
-1.2174490e-02
-1.3973710e-02
-1.5546580e-02
-1.6922700e-02
-1.8329470e-02
-1.9903600e-02
-2.1431150e-02
-2.2641950e-02
-2.3545270e-02
-2.4402840e-02
-2.5462410e-02
-2.6586850e-02
-2.7546620e-02
-2.8212420e-02
-2.8474520e-02
-2.8251680e-02
-2.7925630e-02
-2.7672770e-02
-2.7299450e-02
-2.6590060e-02
-2.5562480e-02
-2.4439420e-02
-2.3410240e-02
-2.2339020e-02
-2.1189140e-02
-2.0154280e-02
-1.9219800e-02
-1.8254030e-02
-1.7345190e-02
-1.6573540e-02
-1.6059770e-02
-1.5579610e-02
-1.4797090e-02
-1.3707130e-02
-1.2639620e-02
-1.2016640e-02
-1.1857350e-02
-1.1944630e-02
-1.2076720e-02
-1.2117940e-02
-1.1988990e-02
-1.1675700e-02
-1.1333250e-02
-1.1295480e-02
-1.1695310e-02
-1.2443190e-02
-1.3460550e-02
-1.4586960e-02
-1.5951360e-02
-1.7748050e-02
-1.9631110e-02
-2.1161340e-02
-2.2237550e-02
-2.3139760e-02
-2.3982440e-02
-2.4524720e-02
-2.4584240e-02
-2.4506810e-02
-2.4468290e-02
-2.4618500e-02
-2.5049050e-02
-2.5468090e-02
-2.5826770e-02
-2.6329470e-02
-2.7014420e-02
-2.7623190e-02
-2.8100530e-02
-2.8436250e-02
-2.8419730e-02
-2.7969510e-02
-2.7164020e-02
-2.6082080e-02
-2.4925830e-02
-2.3687860e-02
-2.2142980e-02
-2.0204830e-02
-1.8111480e-02
-1.5976890e-02
-1.3682910e-02
-1.1108900e-02
-8.3425330e-03
-5.5341070e-03
-2.8445770e-03
-5.9059730e-04
1.2990560e-03
3.1365770e-03
5.0263670e-03
7.0442730e-03
9.0851970e-03
1.1051870e-02
1.2696900e-02
1.4061970e-02
1.5536530e-02
1.7152340e-02
1.8624700e-02
1.9795270e-02
2.0790210e-02
2.1668830e-02
2.2525210e-02
2.3355930e-02
2.4293000e-02
2.5359850e-02
2.6330590e-02
2.6967030e-02
2.7449540e-02
2.8077440e-02
2.8823540e-02
2.9485990e-02
2.9809660e-02
2.9594610e-02
2.9188550e-02
2.8855430e-02
2.8621730e-02
2.8550310e-02
2.8719310e-02
2.8946780e-02
2.9066820e-02
2.9008890e-02
2.8721210e-02
2.8254030e-02
2.7776790e-02
2.7377350e-02
2.7078160e-02
2.6688820e-02
2.6013860e-02
2.5144620e-02
2.4329940e-02
2.3745660e-02
2.3399550e-02
2.3264160e-02
2.3094410e-02
2.2519240e-02
2.1372380e-02
1.9932200e-02
1.8412630e-02
1.6741970e-02
1.5047270e-02
1.3361070e-02
1.1736690e-02
1.0187520e-02
8.5849850e-03
6.8969480e-03
5.2322180e-03
3.8976760e-03
2.8334980e-03
1.7789690e-03
7.9607680e-04
-2.5968510e-05
-7.9108710e-04
-1.7082210e-03
-2.8416920e-03
-4.2771170e-03
-5.7866990e-03
-7.0528840e-03
-8.0320450e-03
-8.8704280e-03
-9.6418860e-03
-1.0077940e-02
-1.0043370e-02
-9.5727740e-03
-8.8763360e-03
-8.3014130e-03
-7.7569920e-03
-6.9537270e-03
-5.8783940e-03
-4.8441380e-03
-4.2522510e-03
-4.0988490e-03
-4.1388210e-03
-4.1720280e-03
-4.1366380e-03
-4.1302900e-03
-4.3367530e-03
-4.8977850e-03
-5.6285070e-03
-5.9945870e-03
-5.7621230e-03
-5.1733010e-03
-4.6709280e-03
-4.3358790e-03
-4.2174590e-03
-4.2685350e-03
-4.3110180e-03
-4.1450700e-03
-3.6215610e-03
-2.8740170e-03
-2.3354420e-03
-2.1459970e-03
-2.1817040e-03
-2.2864090e-03
-2.3393700e-03
-2.2799130e-03
-2.1233140e-03
-2.0235700e-03
-2.3060400e-03
-3.3730540e-03
-5.2611070e-03
-7.3676970e-03
-9.4706050e-03
-1.1709850e-02
-1.3746990e-02
-1.5328040e-02
-1.6629550e-02
-1.8102580e-02
-1.9803690e-02
-2.1422870e-02
-2.2684940e-02
-2.3612800e-02
-2.4458290e-02
-2.5427960e-02
-2.6336610e-02
-2.7019130e-02
-2.7479010e-02
-2.7647060e-02
-2.7512480e-02
-2.7125230e-02
-2.6506790e-02
-2.5482640e-02
-2.3988050e-02
-2.2166210e-02
-2.0231800e-02
-1.8579130e-02
-1.7232650e-02
-1.5772960e-02
-1.4057260e-02
-1.2245180e-02
-1.0514460e-02
-9.0001770e-03
-7.8354600e-03
-6.7213890e-03
-5.4257170e-03
-4.0412830e-03
-2.7289750e-03
-1.6458060e-03
-7.9715060e-04
-2.7469310e-04
5.4763750e-05
3.6796370e-04
6.6340970e-04
9.9772720e-04
1.3714350e-03
1.6278980e-03
1.7241920e-03
1.7101440e-03
1.6362580e-03
1.5496690e-03
1.5346150e-03
1.7253940e-03
2.2474850e-03
2.9832800e-03
3.5281420e-03
3.7570590e-03
3.7700070e-03
3.6416960e-03
3.3910810e-03
3.0473710e-03
2.8521250e-03
3.0843220e-03
3.4416590e-03
3.6567650e-03
3.6943180e-03
3.6024240e-03
3.4866020e-03
3.5045630e-03
3.8663010e-03
4.6844500e-03
5.7903350e-03
6.8127800e-03
7.4501390e-03
7.9179550e-03
8.6074250e-03
9.6303000e-03
1.0809450e-02
1.1906660e-02
1.2918470e-02
1.3848980e-02
1.4828110e-02
1.5912340e-02
1.7202070e-02
1.8546180e-02
1.9840310e-02
2.1272710e-02
2.2783140e-02
2.4187150e-02
2.5463890e-02
2.6557410e-02
2.7324220e-02
2.7826420e-02
2.8132850e-02
2.8347950e-02
2.8457860e-02
2.8315410e-02
2.7951550e-02
2.7359110e-02
2.6480390e-02
2.5235740e-02
2.3815630e-02
2.2328960e-02
2.0657380e-02
1.8970510e-02
1.7434800e-02
1.6246560e-02
1.5525420e-02
1.5254130e-02
1.5251730e-02
1.5324730e-02
1.5374810e-02
1.5375930e-02
1.5338430e-02
1.5286920e-02
1.5270230e-02
1.5364140e-02
1.5638320e-02
1.6033900e-02
1.6320950e-02
1.6375750e-02
1.6153520e-02
1.5659620e-02
1.4942640e-02
1.3988360e-02
1.2838710e-02
1.1410920e-02
9.8612590e-03
8.4232730e-03
7.1088730e-03
5.9300890e-03
5.0050740e-03
4.2041360e-03
3.1936510e-03
1.9628350e-03
8.4432340e-04
5.3929030e-05
-4.6547200e-04
-1.0058830e-03
-1.6561790e-03
-2.1176840e-03
-2.2954660e-03
-2.3026950e-03
-2.2617900e-03
-2.2395300e-03
-2.2351610e-03
-2.2167900e-03
-2.1643020e-03
-2.1266950e-03
-2.2422180e-03
-2.7082190e-03
-3.5683430e-03
-4.6343440e-03
-5.8468480e-03
-7.0807240e-03
-8.3369060e-03
-9.6824430e-03
-1.1099880e-02
-1.2661200e-02
-1.4274960e-02
-1.5569520e-02
-1.6543440e-02
-1.7449870e-02
-1.8340950e-02
-1.9247420e-02
-2.0062220e-02
-2.0820590e-02
-2.1504160e-02
-2.2060930e-02
-2.2511270e-02
-2.2774140e-02
-2.2815720e-02
-2.2596360e-02
-2.2057220e-02
-2.1177560e-02
-1.9935280e-02
-1.8574680e-02
-1.7224010e-02
-1.5687700e-02
-1.4033610e-02
-1.2561870e-02
-1.1402340e-02
-1.0397810e-02
-9.4858620e-03
-8.6080580e-03
-7.8421590e-03
-7.1152520e-03
-6.3751170e-03
-5.5702140e-03
-4.6365040e-03
-3.7110990e-03
-2.8546720e-03
-2.1581930e-03
-1.4584300e-03
-6.9746920e-04
-2.2818430e-04
-2.6046310e-04
-8.0104620e-04
-1.6023530e-03
-2.1663890e-03
-2.3375090e-03
-2.2509600e-03
-2.1211420e-03
-2.1781950e-03
-2.6415920e-03
-3.5444630e-03
-4.6714800e-03
-5.9013220e-03
-7.0001560e-03
-7.8381010e-03
-8.4995200e-03
-9.1473960e-03
-9.7053120e-03
-9.9910770e-03
-1.0013280e-02
-9.8822760e-03
-9.7498820e-03
-9.6859280e-03
-9.4551730e-03
-9.0274110e-03
-8.7930080e-03
-9.0529930e-03
-9.5698600e-03
-9.9537850e-03
-1.0098840e-02
-1.0089090e-02
-1.0035160e-02
-9.9996580e-03
-9.9932100e-03
-9.9979040e-03
-9.9972110e-03
-9.9901720e-03
-9.9949480e-03
-1.0030330e-02
-1.0088450e-02
-1.0097230e-02
-9.9232130e-03
-9.4352550e-03
-8.7226230e-03
-8.1266890e-03
-7.6776020e-03
-7.2485090e-03
-6.8384260e-03
-6.4453260e-03
-6.1041690e-03
-5.7042070e-03
-5.1566560e-03
-4.5953100e-03
-4.1140800e-03
-3.5242240e-03
-2.6999250e-03
-1.7914860e-03
-8.7007000e-04
3.9457060e-07
9.7137590e-04
2.0893400e-03
3.0918920e-03
3.6169100e-03
3.7066790e-03
3.6950700e-03
3.9476450e-03
4.6671030e-03
5.7408510e-03
6.8733240e-03
7.8433900e-03
8.8067870e-03
9.8772790e-03
1.0877830e-02
1.1491100e-02
1.1711200e-02
1.1669090e-02
1.1399030e-02
1.0857360e-02
1.0168540e-02
9.6871260e-03
9.4341650e-03
9.1730970e-03
8.7737190e-03
8.3289010e-03
7.9541570e-03
7.7360750e-03
7.5111110e-03
6.9587030e-03
5.9814050e-03
4.8818670e-03
3.9029030e-03
3.0264060e-03
2.1690560e-03
1.4693350e-03
9.8516160e-04
7.5688780e-04
7.1175680e-04
7.1980930e-04
7.1574920e-04
7.1711030e-04
8.0713340e-04
1.0670660e-03
1.4435210e-03
1.7187350e-03
1.8083960e-03
1.7580800e-03
1.6549210e-03
1.6245060e-03
1.8196960e-03
2.3578720e-03
3.0953380e-03
3.6003920e-03
3.7554380e-03
3.7333800e-03
3.7557060e-03
3.9754650e-03
4.3490310e-03
4.6450440e-03
4.7620560e-03
4.7284440e-03
4.6116750e-03
4.5177750e-03
4.6136230e-03
5.0902150e-03
5.9818740e-03
6.9285400e-03
7.4734890e-03
7.6692360e-03
7.9269460e-03
8.5971300e-03
9.7067830e-03
1.0994860e-02
1.2128350e-02
1.2966670e-02
1.3376290e-02
1.3550580e-02
1.3862120e-02
1.4469310e-02
1.5135560e-02
1.5498120e-02
1.5406970e-02
1.4875420e-02
1.4148660e-02
1.3646140e-02
1.3357180e-02
1.2926290e-02
1.2119240e-02
1.1002530e-02
9.6323930e-03
8.2941110e-03
7.1996380e-03
6.1803840e-03
5.2243760e-03
4.5169060e-03
4.0171330e-03
3.5978140e-03
3.0429050e-03
2.3470620e-03
1.8557190e-03
1.6722280e-03
1.6772970e-03
1.7392000e-03
1.7817010e-03
1.7877940e-03
1.7704100e-03
1.7500830e-03
1.7449240e-03
1.7658330e-03
1.8075830e-03
1.8301530e-03
1.7540490e-03
1.4869870e-03
1.0412080e-03
5.7340510e-04
1.6432430e-04
-1.7325740e-04
-6.6071690e-04
-1.5033020e-03
-2.6725550e-03
-4.1770140e-03
-5.7296360e-03
-6.9536010e-03
-7.7497350e-03
-8.2636820e-03
-8.7705330e-03
-9.2517670e-03
-9.2989830e-03
-8.9277560e-03
-8.5421990e-03
-8.2319320e-03
-8.0432510e-03
-7.8970460e-03
-7.6405230e-03
-7.2846730e-03
-7.0476130e-03
-7.0456370e-03
-7.2632040e-03
-7.5750810e-03
-7.8109690e-03
-8.0750380e-03
-8.6458860e-03
-9.5877100e-03
-1.0545550e-02
-1.1267470e-02
-1.1752190e-02
-1.1963940e-02
-1.1929770e-02
-1.1678710e-02
-1.1251680e-02
-1.0729450e-02
-1.0089930e-02
-9.3401300e-03
-8.5716750e-03
-8.0387260e-03
-7.6888730e-03
-7.2943620e-03
-6.7197350e-03
-5.8230100e-03
-4.7097230e-03
-3.5957830e-03
-2.4998360e-03
-1.5065990e-03
-6.7821740e-04
-2.0339390e-04
-4.5428140e-05
-3.0096470e-05
-8.8494870e-05
-2.8323790e-04
-7.3752970e-04
-1.3997920e-03
-2.0123870e-03
-2.6677540e-03
-3.5579380e-03
-4.6334820e-03
-5.8456600e-03
-6.9213240e-03
-7.6432360e-03
-8.0474740e-03
-8.4265850e-03
-8.9870580e-03
-9.5677940e-03
-9.9155290e-03
-1.0005110e-02
-9.9513570e-03
-9.8880200e-03
-9.9308220e-03
-1.0169030e-02
-1.0587150e-02
-1.1063550e-02
-1.1580370e-02
-1.2166010e-02
-1.2916790e-02
-1.3775140e-02
-1.4556740e-02
-1.5148860e-02
-1.5561300e-02
-1.5760590e-02
-1.5814300e-02
-1.5837270e-02
-1.5863760e-02
-1.5813570e-02
-1.5514100e-02
-1.4848310e-02
-1.3912980e-02
-1.2876380e-02
-1.1857590e-02
-1.0914370e-02
-1.0070450e-02
-9.2881140e-03
-8.5513570e-03
-8.0301280e-03
-7.6204500e-03
-7.0856240e-03
-6.3642640e-03
-5.3952230e-03
-4.1038180e-03
-2.7491590e-03
-1.5490850e-03
-3.8161270e-04
7.9145540e-04
2.0701010e-03
3.5366440e-03
5.1293430e-03
6.7499680e-03
8.2815970e-03
9.9026700e-03
1.1535150e-02
1.2828940e-02
1.3617220e-02
1.4218890e-02
1.4940070e-02
1.5715000e-02
1.6504860e-02
1.7159380e-02
1.7507420e-02
1.7569890e-02
1.7425450e-02
1.7118680e-02
1.6750430e-02
1.6515400e-02
1.6425600e-02
1.6353350e-02
1.6175430e-02
1.5899060e-02
1.5642750e-02
1.5333890e-02
1.4796000e-02
1.4104290e-02
1.3649990e-02
1.3532620e-02
1.3545960e-02
1.3412480e-02
1.2928560e-02
1.2210120e-02
1.1690400e-02
1.1502600e-02
1.1501790e-02
1.1523100e-02
1.1492320e-02
1.1480940e-02
1.1663780e-02
1.2206420e-02
1.2985900e-02
1.3521620e-02
1.3560630e-02
1.3097330e-02
1.2328470e-02
1.1610010e-02
1.0910500e-02
1.0124070e-02
9.4031910e-03
8.7947570e-03
8.3301470e-03
8.0156120e-03
7.8554120e-03
7.6433360e-03
7.0453970e-03
5.9838380e-03
4.8444820e-03
4.0233920e-03
3.6698610e-03
3.6444440e-03
3.7286550e-03
3.7940950e-03
3.8068460e-03
3.7889970e-03
3.7693700e-03
3.7652300e-03
3.7751610e-03
3.7873080e-03
3.7833610e-03
3.7538920e-03
3.7118950e-03
3.7120260e-03
3.8352620e-03
4.1364470e-03
4.5048080e-03
4.6545870e-03
4.4646030e-03
4.0866940e-03
3.8337470e-03
3.8138750e-03
3.8864090e-03
3.7746880e-03
3.1807050e-03
2.0825100e-03
9.1572230e-04
1.0721730e-04
-1.8786830e-04
-1.4882220e-04
-9.3757340e-05
-2.8084440e-04
-7.9294380e-04
-1.3506220e-03
-1.3908380e-03
-8.9873140e-04
-3.8420030e-04
-4.0801340e-05
2.7060170e-04
6.6650630e-04
1.0816710e-03
1.4405190e-03
1.6805600e-03
1.9533220e-03
2.4974420e-03
3.2557750e-03
3.7752560e-03
3.7978340e-03
3.3065000e-03
2.5182690e-03
1.8566410e-03
1.3933280e-03
1.0449490e-03
8.5892060e-04
8.1346190e-04
8.3784950e-04
8.8093940e-04
8.9876800e-04
8.3486550e-04
6.1967740e-04
2.5369780e-04
-1.7524210e-04
-7.2763390e-04
-1.4007550e-03
-1.9934240e-03
-2.6326440e-03
-3.5125740e-03
-4.5750400e-03
-5.7699370e-03
-6.8526570e-03
-7.6610690e-03
-8.2868450e-03
-8.9855770e-03
-9.8390410e-03
-1.0763530e-02
-1.1648830e-02
-1.2468160e-02
-1.3223720e-02
-1.3750350e-02
-1.4142480e-02
-1.4574200e-02
-1.5035550e-02
-1.5466660e-02
-1.5729870e-02
-1.5817940e-02
-1.5813110e-02
-1.5770570e-02
-1.5709110e-02
-1.5642900e-02
-1.5641290e-02
-1.5835330e-02
-1.6351150e-02
-1.7071710e-02
-1.7597480e-02
-1.7820280e-02
-1.7863270e-02
-1.7806610e-02
-1.7608220e-02
-1.7138830e-02
-1.6415720e-02
-1.5646960e-02
-1.4760300e-02
-1.3590400e-02
-1.2083300e-02
-1.0332910e-02
-8.5108510e-03
-6.9349020e-03
-5.6290610e-03
-4.4988350e-03
-3.5052970e-03
-2.5158430e-03
-1.5542480e-03
-6.4081320e-04
9.4342870e-05
6.8109310e-04
1.1814000e-03
1.6233650e-03
1.8964110e-03
1.9090750e-03
1.5966150e-03
9.4285460e-04
1.1971520e-04
-7.2132560e-04
-1.4828470e-03
-1.9677850e-03
-2.2909560e-03
-2.7390170e-03
-3.3338330e-03
-3.7971000e-03
-4.1551250e-03
-4.6844120e-03
-5.4503660e-03
-6.1713490e-03
-6.6859740e-03
-6.9452710e-03
-7.0834440e-03
-7.2999290e-03
-7.6131350e-03
-7.8452480e-03
-7.9395770e-03
-7.9776540e-03
-8.0487530e-03
-8.1844210e-03
-8.2783450e-03
-8.2084290e-03
-8.1620600e-03
-8.2687720e-03
-8.5406320e-03
-9.0822390e-03
-9.6316100e-03
-9.7681050e-03
-9.3404340e-03
-8.5964280e-03
-8.0620920e-03
-7.8813760e-03
-7.8370850e-03
-7.6335150e-03
-7.1018810e-03
-6.3403440e-03
-5.4458160e-03
-4.4473650e-03
-3.5143670e-03
-2.7147190e-03
-2.1066530e-03
-1.4237150e-03
-4.0097760e-04
8.1496270e-04
2.0517930e-03
3.1639690e-03
4.0699390e-03
4.9880080e-03
6.0436860e-03
7.0757740e-03
7.8378880e-03
8.4116090e-03
9.0241780e-03
9.9283460e-03
1.1061360e-02
1.2133470e-02
1.2991550e-02
1.3478230e-02
1.3767550e-02
1.4192110e-02
1.4808420e-02
1.5353680e-02
1.5844590e-02
1.6466500e-02
1.7216970e-02
1.8039310e-02
1.8848950e-02
1.9375580e-02
1.9590830e-02
1.9598100e-02
1.9393370e-02
1.8865640e-02
1.8033390e-02
1.7171190e-02
1.6393910e-02
1.5827730e-02
1.5540100e-02
1.5335370e-02
1.4941750e-02
1.4316200e-02
1.3668260e-02
1.2892100e-02
1.1830570e-02
1.0683890e-02
9.6556500e-03
8.8526680e-03
8.2814470e-03
7.8714490e-03
7.6702670e-03
7.6632020e-03
7.7614440e-03
7.8317200e-03
7.6782120e-03
7.0940790e-03
6.1017010e-03
5.1078450e-03
4.3784530e-03
3.9123230e-03
3.7273340e-03
3.7509290e-03
3.8583560e-03
3.9127700e-03
3.7518990e-03
3.2216370e-03
2.3933670e-03
1.6257590e-03
1.0819810e-03
7.8232610e-04
5.6377680e-04
2.5858050e-04
-1.5379230e-04
-7.6504870e-04
-1.5027770e-03
-2.0050360e-03
-2.1798050e-03
-2.1647420e-03
-2.0991920e-03
-2.0589230e-03
-2.0539910e-03
-2.0675840e-03
-2.0805490e-03
-2.0856520e-03
-2.0836090e-03
-2.0796750e-03
-2.0772800e-03
-2.0785090e-03
-2.0819790e-03
-2.0852250e-03
-2.0834290e-03
-2.0747050e-03
-2.0622580e-03
-2.0606500e-03
-2.0859850e-03
-2.1388650e-03
-2.1639780e-03
-2.0383080e-03
-1.5988620e-03
-8.4122450e-04
3.5945760e-05
1.0500150e-03
2.1821730e-03
3.1793400e-03
3.7326710e-03
3.9283290e-03
4.0832660e-03
4.3970190e-03
4.8820580e-03
5.5519200e-03
6.3542570e-03
7.1400000e-03
7.5914260e-03
7.7098340e-03
7.7623490e-03
8.0198040e-03
8.5662040e-03
9.1974610e-03
9.7283540e-03
1.0240740e-02
1.0756600e-02
1.1120020e-02
1.1425600e-02
1.1650300e-02
1.1718750e-02
1.1546170e-02
1.1016070e-02
1.0212810e-02
9.4714840e-03
8.8998530e-03
8.4322730e-03
7.8792480e-03
7.0944420e-03
6.0488260e-03
4.9883120e-03
4.0406700e-03
3.0491240e-03
1.8019860e-03
4.9308890e-04
-6.3709280e-04
-1.6379720e-03
-2.5502370e-03
-3.5237690e-03
-4.6204870e-03
-5.9369100e-03
-7.3026460e-03
-8.5734930e-03
-9.8961960e-03
-1.1211650e-02
-1.2474340e-02
-1.3858900e-02
-1.5236040e-02
-1.6386400e-02
-1.7264350e-02
-1.7717760e-02
-1.7818090e-02
-1.7769500e-02
-1.7708940e-02
-1.7686730e-02
-1.7694400e-02
-1.7710020e-02
-1.7719130e-02
-1.7720300e-02
-1.7718120e-02
-1.7717100e-02
-1.7717590e-02
-1.7716510e-02
-1.7710850e-02
-1.7702430e-02
-1.7701050e-02
-1.7719180e-02
-1.7757860e-02
-1.7782150e-02
-1.7712490e-02
-1.7449180e-02
-1.6993440e-02
-1.6497920e-02
-1.6067880e-02
-1.5781640e-02
-1.5514180e-02
-1.5087450e-02
-1.4446330e-02
-1.3554120e-02
-1.2610780e-02
-1.1876850e-02
-1.1178630e-02
-1.0311400e-02
