0.01
5.5322660e-03
7.4708010e-03
9.4687620e-03
1.2145150e-02
1.5679420e-02
1.9443590e-02
2.2166400e-02
2.2919960e-02
2.1790970e-02
1.9950060e-02
1.8902900e-02
1.9478730e-02
2.1489670e-02
2.4004420e-02
2.5961460e-02
2.7070360e-02
2.8015400e-02
2.8994850e-02
2.9138640e-02
2.7348240e-02
2.2902230e-02
1.5864540e-02
7.2333260e-03
-4.2361980e-04
-3.7937940e-03
-1.4820250e-03
4.6160770e-03
1.0952730e-02
1.4919210e-02
1.6085710e-02
1.5708480e-02
1.5385160e-02
1.6006740e-02
1.7551900e-02
1.9476740e-02
2.1046130e-02
2.1250900e-02
1.9371580e-02
1.5766340e-02
1.1710760e-02
8.4139830e-03
6.3158470e-03
5.0775190e-03
3.9269710e-03
1.9845230e-03
-9.7586090e-04
-3.7760070e-03
-4.8160370e-03
-3.9021530e-03
-2.5289990e-03
-2.4332980e-03
-4.1442860e-03
-6.5091690e-03
-7.8222180e-03
-7.2928120e-03
-6.0211650e-03
-6.2090710e-03
-9.3132110e-03
-1.5016010e-02
-2.0966320e-02
-2.4202610e-02
-2.3292190e-02
-1.9238560e-02
-1.5188360e-02
-1.3763320e-02
-1.5304780e-02
-1.8296560e-02
-2.0541630e-02
-2.0522170e-02
-1.8191720e-02
-1.5035630e-02
-1.3265960e-02
-1.3981350e-02
-1.6186640e-02
-1.7918130e-02
-1.7829030e-02
-1.5793750e-02
-1.2583150e-02
-9.3915370e-03
-7.5991560e-03
-8.0404420e-03
-1.0543320e-02
-1.4199490e-02
-1.7730540e-02
-1.9716340e-02
-1.9365170e-02
-1.6928860e-02
-1.3363150e-02
-9.6578750e-03
-6.5197930e-03
-4.6320040e-03
-4.2882610e-03
-4.6458530e-03
-4.2358550e-03
-2.1061740e-03
1.5587690e-03
5.2125490e-03
6.8688960e-03
5.5738140e-03
1.8745610e-03
-2.7384350e-03
-6.8447390e-03
-9.5302580e-03
-1.0221880e-02
-8.7825710e-03
-5.2574810e-03
1.3988160e-04
6.5645240e-03
1.2435810e-02
1.6449250e-02
1.8300900e-02
1.8355480e-02
1.7151520e-02
1.4987430e-02
1.1555660e-02
7.0581210e-03
3.4202090e-03
2.8834640e-03
6.1958510e-03
1.1590250e-02
1.5296040e-02
1.4327880e-02
8.3542240e-03
-6.8446300e-04
-9.7871380e-03
-1.5113140e-02
-1.3468270e-02
-4.0079950e-03
1.1105880e-02
2.7497310e-02
4.0670920e-02
4.7510740e-02
4.7586030e-02
4.2982120e-02
3.7053980e-02
3.2978030e-02
3.1991080e-02
3.2758410e-02
3.2882120e-02
3.0594330e-02
2.5468030e-02
1.8230640e-02
9.7333610e-03
7.9216930e-04
-7.0416800e-03
-1.2251150e-02
-1.4526510e-02
-1.5359730e-02
-1.7197220e-02
-2.1584350e-02
-2.8256540e-02
-3.5612270e-02
-4.1114470e-02
-4.2463390e-02
-3.8430500e-02
-2.7564180e-02
-8.9947680e-03
1.5651240e-02
4.2306770e-02
6.6044750e-02
8.3246550e-02
9.2261130e-02
9.3007450e-02
8.5850960e-02
7.0494070e-02
4.7365290e-02
1.9363690e-02
-7.5770160e-03
-2.8004390e-02
-4.0338970e-02
-4.6948200e-02
-5.1730000e-02
-5.6877510e-02
-6.1130820e-02
-6.1908480e-02
-5.8267830e-02
-5.1696270e-02
-4.4895780e-02
-4.0572170e-02
-4.0178450e-02
-4.3705070e-02
-5.0435480e-02
-5.8998350e-02
-6.7548300e-02
-7.4710820e-02
-7.9759910e-02
-8.1836510e-02
-8.0322410e-02
-7.5244930e-02
-6.7271040e-02
-5.7559890e-02
-4.7762760e-02
-3.9629870e-02
-3.4026520e-02
-3.0861970e-02
-2.9846620e-02
-3.0643540e-02
-3.2749140e-02
-3.5009540e-02
-3.4911390e-02
-2.9094720e-02
-1.4949890e-02
7.3996790e-03
3.5183160e-02
6.4074560e-02
8.5487760e-02
8.8527110e-02
6.8550360e-02
3.1800520e-02
-8.0063180e-03
-3.8826750e-02
-5.6125670e-02
-6.1498250e-02
-5.9033180e-02
-5.2863010e-02
-4.6407800e-02
-4.2350710e-02
-4.1849370e-02
-4.4352150e-02
-4.7935620e-02
-4.9710800e-02
-4.6876690e-02
-3.7048630e-02
-1.9594270e-02
3.4007360e-03
2.7271430e-02
4.6810630e-02
5.7891680e-02
5.9324310e-02
5.3363180e-02
4.4558940e-02
3.8240480e-02
3.7787200e-02
4.3356740e-02
5.3385880e-02
6.6149710e-02
8.0383880e-02
9.5580140e-02
1.1162650e-01
1.2725400e-01
1.4018050e-01
1.4893120e-01
1.5323840e-01
1.5351770e-01
1.5071790e-01
1.4488390e-01
1.3359650e-01
1.1442440e-01
8.7509060e-02
5.4942390e-02
1.7258920e-02
-2.6680850e-02
-7.6368310e-02
-1.2669710e-01
-1.6906920e-01
-1.9669620e-01
-2.0808070e-01
-2.0626930e-01
-1.9617300e-01
-1.8216240e-01
-1.6633540e-01
-1.4604770e-01
-1.1771770e-01
-8.3372660e-02
-5.0423820e-02
-2.5243300e-02
-8.2663030e-03
5.5075320e-03
2.3181890e-02
4.8766930e-02
8.0705730e-02
1.1336130e-01
1.4015980e-01
1.5675770e-01
1.6175740e-01
1.5711040e-01
1.4740750e-01
1.3782580e-01
1.3145600e-01
1.2775340e-01
1.2352340e-01
1.1501060e-01
9.8517990e-02
7.2652560e-02
4.1017670e-02
1.0942170e-02
-1.1954540e-02
-2.7125050e-02
-3.8863320e-02
-5.3128320e-02
-7.3410400e-02
-9.9207620e-02
-1.2675530e-01
-1.5082190e-01
-1.6779250e-01
-1.7711230e-01
-1.8092520e-01
-1.8244930e-01
-1.8454620e-01
-1.8890850e-01
-1.9567870e-01
-2.0391210e-01
-2.1241070e-01
-2.1939130e-01
-2.2147250e-01
-2.1345720e-01
-1.8962660e-01
-1.4843610e-01
-9.4082330e-02
-3.2561930e-02
3.9328130e-02
1.2679680e-01
2.1787080e-01
2.9160560e-01
3.3509120e-01
3.5444940e-01
3.5652460e-01
3.3734600e-01
2.9145130e-01
2.2051090e-01
1.3620890e-01
6.1523690e-02
1.4189280e-02
-5.7527590e-03
-1.0220010e-02
-1.0928130e-02
-1.5798410e-02
-2.7923990e-02
-4.6652040e-02
-7.3378840e-02
-1.0815600e-01
-1.4339210e-01
-1.6666380e-01
-1.6944430e-01
-1.5381450e-01
-1.2926280e-01
-1.0283560e-01
-7.4012390e-02
-4.0552190e-02
-4.0523030e-03
3.1342050e-02
6.1658200e-02
8.1625190e-02
8.5936620e-02
7.3833170e-02
5.0231210e-02
2.5051830e-02
9.3743990e-03
8.6490260e-03
2.0257090e-02
3.6685270e-02
5.0998470e-02
5.9883640e-02
6.3704180e-02
6.4636270e-02
6.4221810e-02
6.2642430e-02
5.8524290e-02
4.9726980e-02
3.5766840e-02
1.8930290e-02
2.8327430e-03
-8.4490610e-03
-1.2350830e-02
-1.0596280e-02
-7.7655190e-03
-7.7340470e-03
-1.1525240e-02
-1.7044080e-02
-2.0772430e-02
-2.0488520e-02
-1.6749360e-02
-1.2729200e-02
-1.1821300e-02
-1.5586520e-02
-2.3485350e-02
-3.3694510e-02
-4.3989070e-02
-5.1235410e-02
-5.2548790e-02
-4.7546560e-02
-3.8529940e-02
-2.8236310e-02
-1.7372630e-02
-5.4783940e-03
6.3416820e-03
1.5754540e-02
2.1265780e-02
2.3279740e-02
2.3559410e-02
2.3967990e-02
2.6008510e-02
3.0826380e-02
3.8241080e-02
4.5847480e-02
5.0626680e-02
5.0640010e-02
4.5095540e-02
3.4585830e-02
2.0990670e-02
6.8688800e-03
-5.7592350e-03
-1.6010540e-02
-2.3890950e-02
-3.0024810e-02
-3.5264430e-02
-4.0292840e-02
-4.5130070e-02
-4.8390890e-02
-4.8275280e-02
-4.4217140e-02
-3.7279960e-02
-2.9474800e-02
-2.2881560e-02
-1.8603650e-02
-1.6172000e-02
-1.3632560e-02
-8.9977500e-03
-2.2282270e-03
3.7820510e-03
5.5952350e-03
1.9754210e-03
-5.6272220e-03
-1.4472280e-02
-2.1728890e-02
-2.5359470e-02
-2.5062230e-02
-2.2093570e-02
-1.8066810e-02
-1.3719190e-02
-8.8953820e-03
-3.2269570e-03
3.1182560e-03
8.5245190e-03
1.0801510e-02
8.9511500e-03
3.6132200e-03
-3.6189960e-03
-1.1029280e-02
-1.6666160e-02
-1.8813870e-02
-1.7223500e-02
-1.3352560e-02
-9.2306500e-03
-6.3670900e-03
-5.7518150e-03
-7.7457640e-03
-1.1906250e-02
-1.7285160e-02
-2.2929870e-02
-2.7659650e-02
-2.9549410e-02
-2.7175810e-02
-2.0732360e-02
-1.1806420e-02
-2.7622530e-03
3.5774860e-03
5.4169770e-03
3.0480320e-03
-1.1876010e-03
-4.0867460e-03
-3.6421390e-03
4.8426020e-05
5.4416200e-03
1.0824250e-02
1.4592200e-02
1.4983240e-02
1.1126110e-02
3.6685180e-03
-5.5681470e-03
-1.3848080e-02
-1.8649080e-02
-1.9193420e-02
-1.6600370e-02
-1.2823960e-02
-9.4906360e-03
-7.3722260e-03
-6.3635350e-03
-5.7291180e-03
-4.5131280e-03
-2.1583150e-03
1.2404200e-03
5.1659130e-03
9.0830710e-03
1.2457810e-02
1.4414160e-02
1.4245810e-02
1.2000680e-02
8.4864540e-03
5.4557150e-03
5.2969710e-03
9.4150900e-03
1.7422550e-02
2.7650640e-02
3.8204710e-02
4.7673550e-02
5.5464070e-02
6.1404550e-02
6.5514620e-02
6.8115020e-02
6.9647880e-02
7.0279060e-02
6.9992840e-02
6.8863970e-02
6.6717570e-02
6.2182750e-02
5.3684370e-02
4.1177730e-02
2.6674580e-02
1.2794770e-02
1.0685900e-03
-8.1600150e-03
-1.4254990e-02
-1.6453450e-02
-1.4865580e-02
-1.0682350e-02
-5.6195150e-03
-1.0551240e-03
2.4043020e-03
4.7232540e-03
5.9921030e-03
5.9149090e-03
4.1143530e-03
4.6975210e-04
-4.8776700e-03
-1.1560260e-02
-1.9065000e-02
-2.5734480e-02
-2.9096700e-02
-2.7101570e-02
-1.9023840e-02
-6.5075040e-03
6.9898520e-03
1.7938700e-02
2.3690040e-02
2.3646870e-02
1.9369230e-02
1.3739440e-02
9.8996270e-03
9.6263360e-03
1.2652980e-02
1.7355140e-02
2.1598670e-02
2.3493400e-02
2.2368660e-02
1.8885240e-02
1.4333410e-02
9.8033680e-03
5.6760640e-03
1.4401010e-03
-3.4422890e-03
-8.1117950e-03
-1.0917680e-02
-1.0924140e-02
-8.6960710e-03
-6.1740910e-03
-5.3236140e-03
-6.8802850e-03
-1.0260940e-02
-1.4363520e-02
-1.8342800e-02
-2.1855880e-02
-2.4860250e-02
-2.7122480e-02
-2.8194110e-02
-2.7876350e-02
-2.6430790e-02
-2.4419980e-02
-2.2551480e-02
-2.1609300e-02
-2.2034320e-02
-2.3679260e-02
-2.5958170e-02
-2.7851000e-02
-2.8084620e-02
-2.5888010e-02
-2.1035020e-02
-1.3761090e-02
-4.9102110e-03
3.9300450e-03
1.1194320e-02
1.6097250e-02
1.8384880e-02
1.8259700e-02
1.6378080e-02
1.3568150e-02
1.0505960e-02
7.6220680e-03
5.2406320e-03
3.5713520e-03
2.9024110e-03
3.6044490e-03
5.8287320e-03
9.3292320e-03
1.3275560e-02
1.6606280e-02
1.8706180e-02
1.9533690e-02
1.9326760e-02
1.8411980e-02
1.6907340e-02
1.4591090e-02
1.1263440e-02
7.0725810e-03
2.6285350e-03
-1.2857020e-03
-3.8614200e-03
-4.4837960e-03
-3.1268950e-03
-3.2717050e-04
3.0678830e-03
6.2836970e-03
8.9387000e-03
1.1049430e-02
1.2851400e-02
1.4548070e-02
1.6140390e-02
1.7516180e-02
1.8603770e-02
1.9345160e-02
1.9629100e-02
1.9407900e-02
1.8775000e-02
1.7838690e-02
1.6242200e-02
1.3279630e-02
8.5968810e-03
2.5409680e-03
-4.0407070e-03
-1.0355510e-02
-1.6043730e-02
-2.1092930e-02
-2.5646970e-02
-2.9897280e-02
-3.3940060e-02
-3.7318710e-02
-3.9137600e-02
-3.8904170e-02
-3.6876930e-02
-3.3645890e-02
-2.9729240e-02
-2.5434850e-02
-2.0405910e-02
-1.3432890e-02
-4.1751260e-03
6.0173040e-03
1.4798840e-02
2.0485680e-02
2.2990620e-02
2.3209380e-02
2.2147260e-02
2.0515920e-02
1.8631870e-02
1.6342180e-02
1.3194360e-02
8.9364280e-03
3.7511550e-03
-1.9308250e-03
-7.8746860e-03
-1.4147720e-02
-2.0876660e-02
-2.7914510e-02
-3.4557950e-02
-4.0013560e-02
-4.3995100e-02
-4.6418510e-02
-4.6811800e-02
-4.4824960e-02
-4.0703880e-02
-3.5117890e-02
-2.8820060e-02
-2.2557670e-02
-1.7015920e-02
-1.2508980e-02
-8.8743830e-03
-5.6627710e-03
-2.4257430e-03
1.0762680e-03
4.9636400e-03
9.4188560e-03
1.4367020e-02
1.9160290e-02
2.3052490e-02
2.5648790e-02
2.6781450e-02
2.6517850e-02
2.5201170e-02
2.3113690e-02
2.0140330e-02
1.6079130e-02
1.1010970e-02
5.6321930e-03
1.3266600e-03
-7.8654760e-04
-6.2456290e-04
9.7341160e-04
2.9320330e-03
4.5842960e-03
5.8464510e-03
7.0000660e-03
8.3672290e-03
1.0077330e-02
1.2039180e-02
1.4067000e-02
1.6025020e-02
1.7887740e-02
1.9708260e-02
2.1500950e-02
2.2962910e-02
2.3586670e-02
2.3118170e-02
2.1742870e-02
1.9799290e-02
1.7306340e-02
1.4101710e-02
1.0546630e-02
7.7570790e-03
6.7166690e-03
7.5609610e-03
9.6265890e-03
1.2004040e-02
1.4091680e-02
1.5796820e-02
1.7358610e-02
1.9041320e-02
2.0916190e-02
2.2857990e-02
2.4699480e-02
2.6364110e-02
2.7890260e-02
2.9279050e-02
3.0173990e-02
3.0075660e-02
2.8808550e-02
2.6649540e-02
2.4036850e-02
2.1113180e-02
1.7740770e-02
1.3797080e-02
9.3675060e-03
4.8922240e-03
1.0689440e-03
-1.6560700e-03
-3.4590740e-03
-5.0832940e-03
-7.2750790e-03
-1.0312440e-02
-1.3972230e-02
-1.7814310e-02
-2.1388730e-02
-2.4088560e-02
-2.5397310e-02
-2.5287070e-02
-2.4216910e-02
-2.2812190e-02
-2.1542850e-02
-2.0866050e-02
-2.1203200e-02
-2.2170490e-02
-2.2873550e-02
-2.2869000e-02
-2.2554570e-02
-2.2645410e-02
-2.3558500e-02
-2.5169250e-02
-2.6738410e-02
-2.7247630e-02
-2.6161470e-02
-2.3931640e-02
-2.1829940e-02
-2.0978520e-02
-2.1592450e-02
-2.2534390e-02
-2.1852700e-02
-1.8305850e-02
-1.2097870e-02
-4.3639820e-03
3.7282440e-03
1.1165080e-02
1.7021820e-02
2.0924600e-02
2.3236010e-02
2.4743630e-02
2.6124050e-02
2.7309730e-02
2.7565600e-02
2.6317410e-02
2.3709720e-02
2.0501170e-02
1.7493100e-02
1.5067960e-02
1.3072550e-02
1.0984950e-02
8.3426070e-03
5.0451940e-03
1.3234000e-03
-2.5986730e-03
-6.8711490e-03
-1.1821670e-02
-1.7560900e-02
-2.3496300e-02
-2.8253570e-02
-3.0734900e-02
-3.0905910e-02
-2.9655880e-02
-2.8099580e-02
-2.6931540e-02
-2.6110030e-02
-2.5069890e-02
-2.3314460e-02
-2.0779100e-02
-1.7768520e-02
-1.4655430e-02
-1.1653160e-02
-8.7732200e-03
-5.9118950e-03
-2.9374320e-03
2.3901080e-04
3.6131850e-03
7.0912100e-03
1.0282190e-02
1.2387290e-02
1.2822900e-02
1.1678850e-02
9.5751140e-03
7.1775890e-03
4.8651420e-03
2.6899960e-03
5.3439600e-04
-1.5205660e-03
-2.8352110e-03
-2.7079800e-03
-9.9178410e-04
1.8401720e-03
5.0914390e-03
8.2637130e-03
1.1203030e-02
1.3825750e-02
1.5754210e-02
1.6597240e-02
1.6323860e-02
1.5292540e-02
1.4036690e-02
1.3135360e-02
1.3014920e-02
1.3730050e-02
1.4944860e-02
1.5895540e-02
1.5746310e-02
1.4172370e-02
1.1493450e-02
8.4028300e-03
5.6345940e-03
3.6048390e-03
2.2697870e-03
1.2915220e-03
3.1987520e-04
-7.5907020e-04
-1.5862180e-03
-1.5946150e-03
-5.2313460e-04
1.4142050e-03
3.7228810e-03
5.7402190e-03
6.6325400e-03
5.8902950e-03
3.6661110e-03
6.2675250e-04
-2.4465190e-03
-5.0669440e-03
-7.1888470e-03
-9.0497570e-03
-1.0735120e-02
-1.1835110e-02
-1.1848120e-02
-1.0663480e-02
-8.6150340e-03
-6.2200520e-03
-3.8821580e-03
-1.7469270e-03
1.7976700e-04
1.6178040e-03
2.0935780e-03
1.3968530e-03
-2.3409520e-04
-2.1510080e-03
-3.4723490e-03
-3.6794270e-03
-3.1670640e-03
-2.9129110e-03
-3.6581800e-03
-5.5011760e-03
-8.1009760e-03
-1.1033070e-02
-1.3932450e-02
-1.6180450e-02
-1.7023800e-02
-1.6164840e-02
-1.3959440e-02
-1.1128210e-02
-8.3118910e-03
-5.8384920e-03
-3.9775440e-03
-3.0673640e-03
-3.2398580e-03
-4.3672850e-03
-6.3104270e-03
-8.9512940e-03
-1.2105240e-02
-1.5242090e-02
-1.7285840e-02
-1.7354160e-02
-1.5431060e-02
-1.2501020e-02
-1.0048560e-02
-9.0738630e-03
-9.5705540e-03
-1.0553930e-02
-1.0726310e-02
-9.3870250e-03
-6.7285260e-03
-3.4778090e-03
-3.2611550e-04
2.4279080e-03
4.8408740e-03
6.8663820e-03
8.1828510e-03
8.5454970e-03
8.0397370e-03
7.0290910e-03
5.9577270e-03
5.1961370e-03
4.8960450e-03
4.9685340e-03
5.2035680e-03
5.4192570e-03
5.5427640e-03
5.5947360e-03
5.5263960e-03
5.0669070e-03
3.9466510e-03
2.1409110e-03
-1.1799710e-04
-2.4772320e-03
-4.6420270e-03
-6.5097520e-03
-8.1614410e-03
-9.7237410e-03
-1.0959410e-02
-1.1142220e-02
-9.7137210e-03
-6.7201740e-03
-2.6122960e-03
2.0513790e-03
6.6165980e-03
1.0496630e-02
1.3461740e-02
1.5473160e-02
1.6410190e-02
1.6246190e-02
1.5200540e-02
1.3513380e-02
1.0958560e-02
7.2196320e-03
2.5509360e-03
-2.3499670e-03
-6.6971580e-03
-9.6357580e-03
-1.0653680e-02
-9.9397670e-03
-8.2140470e-03
-6.2631250e-03
-4.6057590e-03
-3.4330360e-03
-2.6638120e-03
-2.0898680e-03
-1.5316470e-03
-9.3104640e-04
-3.3632140e-04
1.8476720e-04
6.1002470e-04
9.7032650e-04
1.3164120e-03
1.6657420e-03
1.9716340e-03
2.1729940e-03
2.2452880e-03
2.1074790e-03
1.5307240e-03
3.3775780e-04
-1.4595550e-03
-3.8713400e-03
-7.0331620e-03
-1.0975160e-02
-1.5369590e-02
-1.9606100e-02
-2.3212760e-02
-2.5980840e-02
-2.7631390e-02
-2.7929560e-02
-2.6978220e-02
-2.5215010e-02
-2.3175840e-02
-2.1341460e-02
-2.0131470e-02
-1.9732730e-02
-2.0005810e-02
-2.0469300e-02
-2.0421770e-02
-1.9400220e-02
-1.7441590e-02
-1.4953450e-02
-1.2365120e-02
-9.8220850e-03
-7.2111400e-03
-4.3764130e-03
-1.3116740e-03
1.6089060e-03
3.7701140e-03
4.8242190e-03
4.9205350e-03
4.5820230e-03
4.4922960e-03
5.1404890e-03
6.5778960e-03
8.5011300e-03
1.0522560e-02
1.2400640e-02
1.4090350e-02
1.5503070e-02
1.6341480e-02
1.6367250e-02
1.5628060e-02
1.4475090e-02
1.3556860e-02
1.3494200e-02
1.4473960e-02
1.6207560e-02
1.8073190e-02
1.9246230e-02
1.9172790e-02
1.7892320e-02
1.5902790e-02
1.3779990e-02
1.1888110e-02
1.0483300e-02
9.8343140e-03
1.0038650e-02
1.0926560e-02
1.2117610e-02
1.3112960e-02
1.3548610e-02
1.3379940e-02
1.2771230e-02
1.1818580e-02
1.0519690e-02
8.8836980e-03
6.9917190e-03
4.9844010e-03
3.1097160e-03
1.7060680e-03
9.7451920e-04
9.3953250e-04
1.5353400e-03
2.6117730e-03
3.9684940e-03
5.4240470e-03
6.8684350e-03
8.2710940e-03
9.6512250e-03
1.0995230e-02
1.2033880e-02
1.2339610e-02
1.1708360e-02
1.0311850e-02
8.5574800e-03
6.8941580e-03
5.6440830e-03
4.8711760e-03
4.4175870e-03
4.0561670e-03
3.6312470e-03
3.1086080e-03
2.5419390e-03
2.0695500e-03
1.9061430e-03
2.1843000e-03
2.8578690e-03
3.7505980e-03
4.6453360e-03
5.1836970e-03
4.9333520e-03
3.7181950e-03
1.7350570e-03
-6.0856090e-04
-2.9475570e-03
-5.1136320e-03
-7.0232370e-03
-8.3592710e-03
-8.7474680e-03
-8.1107780e-03
-6.7588240e-03
-5.2679420e-03
-4.1628430e-03
-3.6354920e-03
-3.5367810e-03
-3.5726770e-03
-3.5088260e-03
-3.1946830e-03
-2.5285990e-03
-1.5062460e-03
-2.2545050e-04
1.1636750e-03
2.3737180e-03
2.9230910e-03
2.4837850e-03
1.1266220e-03
-7.6236660e-04
-2.6593100e-03
-3.9488330e-03
-4.2165910e-03
-3.4940220e-03
-2.1784280e-03
-7.8134810e-04
3.3078020e-04
9.8634440e-04
1.1395510e-03
8.6709410e-04
3.2665000e-04
-3.5653170e-04
-1.1745020e-03
-2.1714000e-03
-3.3549410e-03
-4.6709260e-03
-6.0357880e-03
-7.3812150e-03
-8.6005510e-03
-9.4307990e-03
-9.6302360e-03
-9.1867150e-03
-8.3174170e-03
-7.3142320e-03
-6.3855970e-03
-5.6096400e-03
-4.9696040e-03
-4.4045300e-03
-3.8573490e-03
-3.3001700e-03
-2.7328010e-03
-2.1668820e-03
-1.6147910e-03
-1.1271760e-03
-8.0730470e-04
-7.2487570e-04
-8.5819050e-04
-1.1146310e-03
-1.3928530e-03
-1.6336470e-03
-1.8313780e-03
-2.0121250e-03
-2.1836840e-03
-2.1956380e-03
-1.7714230e-03
-7.5527900e-04
7.6784490e-04
2.5510080e-03
4.3453060e-03
5.9465520e-03
7.1654340e-03
7.9238880e-03
8.3049150e-03
8.4894860e-03
8.6483650e-03
8.8696160e-03
9.1541640e-03
9.4913710e-03
9.9938430e-03
1.0824360e-02
1.1882340e-02
1.2661890e-02
1.2664500e-02
1.1775640e-02
1.0277490e-02
8.5995020e-03
7.0515820e-03
5.7123560e-03
4.4926490e-03
3.3672030e-03
2.5685460e-03
2.3724660e-03
2.8354770e-03
3.7580870e-03
4.7676530e-03
5.3198270e-03
4.9661990e-03
3.6525740e-03
1.6988190e-03
-4.4772070e-04
-2.3426910e-03
-3.5267250e-03
-3.7575260e-03
-3.1579070e-03
-2.1086390e-03
-1.1613460e-03
-9.5320940e-04
-1.8287510e-03
-3.6533120e-03
-5.9770740e-03
-8.3207170e-03
-1.0342890e-02
-1.1935480e-02
-1.3205600e-02
-1.4348320e-02
-1.5479780e-02
-1.6508290e-02
-1.7250140e-02
-1.7621040e-02
-1.7697760e-02
-1.7599510e-02
-1.7249210e-02
-1.6437430e-02
-1.5064290e-02
-1.3238990e-02
-1.1202900e-02
-9.1951340e-03
-7.3475980e-03
-5.6574220e-03
-4.0409140e-03
-2.4127440e-03
-7.3785170e-04
8.9510970e-04
2.2004690e-03
2.9098470e-03
2.9944090e-03
2.6648660e-03
2.2118560e-03
1.8713660e-03
1.8208610e-03
2.1366610e-03
2.7624990e-03
3.5592540e-03
4.3880680e-03
5.1037280e-03
5.4688400e-03
5.2909540e-03
4.5768640e-03
3.5176550e-03
2.3560910e-03
1.2569720e-03
2.6062670e-04
-6.6027780e-04
-1.4914460e-03
-2.1800520e-03
-2.7005950e-03
-3.0852480e-03
-3.4036050e-03
-3.7210460e-03
-4.0687340e-03
-4.4005630e-03
-4.5300540e-03
-4.2611590e-03
-3.5536470e-03
-2.5396960e-03
-1.4199890e-03
-3.4594550e-04
6.1726930e-04
1.4580960e-03
2.1985410e-03
2.8785370e-03
3.6130370e-03
4.7284230e-03
6.5586430e-03
9.1673400e-03
1.2320060e-02
1.5587020e-02
1.8194210e-02
1.9298660e-02
1.8618180e-02
1.6580730e-02
1.3967180e-02
1.1430480e-02
9.2316830e-03
7.2815770e-03
5.3574570e-03
3.3043900e-03
1.1096350e-03
-1.1439140e-03
-3.3671480e-03
-5.4881620e-03
-7.1527980e-03
-7.6952520e-03
-6.7143010e-03
-4.3995890e-03
-1.3639740e-03
1.7601930e-03
4.6273070e-03
7.2283090e-03
9.7325100e-03
1.2099180e-02
1.3695130e-02
1.3805330e-02
1.2276100e-02
9.5997640e-03
6.5828960e-03
3.9290160e-03
1.9196620e-03
4.0823180e-04
-9.4130070e-04
-2.3940000e-03
-4.0134380e-03
-5.5847210e-03
-6.6972660e-03
-7.0841810e-03
-6.8086410e-03
-6.1742940e-03
-5.5047880e-03
-4.9750830e-03
-4.5510370e-03
-4.0250910e-03
-3.2479290e-03
-2.4012340e-03
-1.8658660e-03
-1.8856550e-03
-2.4146980e-03
-3.1916480e-03
-3.7953210e-03
-3.7482940e-03
-2.8255970e-03
-1.1761020e-03
8.1359260e-04
2.6049390e-03
3.6235150e-03
3.6074500e-03
2.7372550e-03
1.4520220e-03
1.9182060e-04
-5.8102850e-04
-4.3756290e-04
7.1187000e-04
2.2768910e-03
3.1078000e-03
2.3541320e-03
1.7292310e-04
-2.0950440e-03
-2.9200630e-03
-1.7981100e-03
2.3636860e-04
1.5014540e-03
9.7626960e-04
-1.1514730e-03
-3.8701080e-03
-6.1921240e-03
-7.7248340e-03
-8.6091270e-03
-8.9736410e-03
-8.7551970e-03
-7.8957430e-03
-6.5108270e-03
-4.8830270e-03
-3.2987170e-03
-1.9038790e-03
-6.8635780e-04
3.7655230e-04
1.2013390e-03
1.6969460e-03
1.8718390e-03
1.8387180e-03
1.7427610e-03
1.6850570e-03
1.6891930e-03
1.6984740e-03
1.6184490e-03
1.3945760e-03
1.0446390e-03
6.3322820e-04
2.2391090e-04
-1.5294290e-04
-4.8481390e-04
-6.4933210e-04
-4.2219530e-04
3.2092610e-04
1.5024780e-03
2.8760770e-03
4.1189890e-03
5.0134400e-03
5.5513650e-03
5.8829270e-03
6.1854630e-03
6.5387790e-03
6.8817040e-03
7.1050820e-03
7.1578230e-03
7.0762970e-03
6.9437260e-03
6.8216870e-03
6.6924970e-03
6.4891030e-03
6.1672770e-03
5.7394820e-03
5.2583950e-03
4.7781750e-03
4.3260730e-03
3.8990610e-03
3.4732530e-03
2.9866860e-03
2.3576640e-03
1.5507300e-03
6.0091640e-04
-4.1614580e-04
-1.4320270e-03
-2.4142610e-03
-3.3099950e-03
-3.9158840e-03
-4.0069500e-03
-3.5377070e-03
-2.6711590e-03
-1.6787190e-03
-9.2507670e-04
-7.6375240e-04
-1.3084020e-03
-2.3871680e-03
-3.6913900e-03
-4.9748880e-03
-6.1679120e-03
-7.3362850e-03
-8.5699130e-03
-9.9038090e-03
-1.1308180e-02
-1.2721390e-02
-1.3992860e-02
-1.4807010e-02
-1.4913920e-02
-1.4334850e-02
-1.3330110e-02
-1.2216930e-02
-1.1200650e-02
-1.0321690e-02
-9.5199290e-03
-8.7286090e-03
-7.9202830e-03
-7.1043620e-03
-6.3017910e-03
-5.5224020e-03
-4.7245080e-03
-3.7547860e-03
-2.4523950e-03
-7.8464360e-04
1.1377740e-03
3.1010620e-03
4.7974370e-03
5.9917660e-03
6.6739910e-03
7.0301480e-03
7.2647070e-03
7.4019480e-03
7.3304050e-03
6.9682820e-03
6.3502840e-03
5.5996360e-03
4.8475530e-03
4.1799380e-03
3.6182560e-03
3.1308530e-03
2.6823260e-03
2.3316460e-03
2.2105380e-03
2.3922570e-03
2.8297320e-03
3.3957500e-03
3.9662220e-03
4.4761440e-03
4.8407430e-03
4.8028280e-03
4.1096970e-03
2.7393970e-03
9.1605230e-04
-1.0118630e-03
-2.7420380e-03
-4.1610390e-03
-5.3237590e-03
-6.1628540e-03
-6.3740380e-03
-5.7320390e-03
-4.3175890e-03
-2.4932850e-03
-6.9927650e-04
7.9341020e-04
1.9393830e-03
2.7447810e-03
3.2007070e-03
3.3374270e-03
3.2468830e-03
3.0501840e-03
2.8463500e-03
2.6812530e-03
2.5514220e-03
2.4305850e-03
2.2987400e-03
2.1945870e-03
2.2498450e-03
2.5826670e-03
3.1990540e-03
3.9978510e-03
4.8462410e-03
5.6353780e-03
6.1884390e-03
6.2707860e-03
5.7809540e-03
4.8290720e-03
3.6518400e-03
2.4793940e-03
1.4855340e-03
7.5207870e-04
2.4788880e-04
-1.2886130e-04
-4.8127970e-04
-8.6578890e-04
-1.2861550e-03
-1.7178460e-03
-2.1106020e-03
-2.2367840e-03
-1.7334720e-03
-4.1640780e-04
1.5789420e-03
3.8808150e-03
5.8963960e-03
7.0143300e-03
7.0091810e-03
6.1354020e-03
4.8895940e-03
3.6926390e-03
2.7138810e-03
1.8981040e-03
1.1122680e-03
2.6965330e-04
-6.3381960e-04
-1.5523270e-03
-2.4457960e-03
-3.3343210e-03
-4.2893900e-03
-5.3651840e-03
-6.5577010e-03
-7.8106580e-03
-8.9387040e-03
-9.5508300e-03
-9.3355340e-03
-8.3097900e-03
-6.7845280e-03
-5.1580210e-03
-3.7027220e-03
-2.4767330e-03
-1.4657820e-03
-8.7000390e-04
-9.7551390e-04
-1.8622450e-03
-3.3283270e-03
-5.0330110e-03
-6.6959910e-03
-8.2060240e-03
-9.5290450e-03
-1.0471630e-02
-1.0788020e-02
-1.0420920e-02
-9.5552550e-03
-8.4887960e-03
-7.4613670e-03
-6.5673120e-03
-5.8044650e-03
-5.1558990e-03
-4.6057680e-03
-4.1328610e-03
-3.7088430e-03
-3.3047740e-03
-2.8998940e-03
-2.4858990e-03
-2.0669430e-03
-1.6678270e-03
-1.3247210e-03
-1.0552440e-03
-8.4640130e-04
-6.6668400e-04
-4.8675660e-04
-2.9278020e-04
-8.6781300e-05
1.2518100e-04
3.4822540e-04
5.9438410e-04
8.6951940e-04
1.1681130e-03
1.4776080e-03
1.7865180e-03
2.0941900e-03
2.4197800e-03
2.7866440e-03
3.2017030e-03
3.6491420e-03
4.0540010e-03
4.2675710e-03
4.1822640e-03
3.8139290e-03
3.2787130e-03
2.7105010e-03
2.1904050e-03
1.7312340e-03
1.3219120e-03
9.6381210e-04
6.6246040e-04
4.1299870e-04
1.9731280e-04
-1.6662490e-05
-2.7762250e-04
-6.2221730e-04
-1.0504040e-03
-1.5306120e-03
-2.0231430e-03
-2.4684710e-03
-2.7069690e-03
-2.5620960e-03
-1.9912410e-03
-1.1075310e-03
-7.0827840e-05
1.0127910e-03
2.1092380e-03
3.2263340e-03
4.3661200e-03
5.4948660e-03
6.5689120e-03
7.5655330e-03
8.4096350e-03
8.9079190e-03
8.9127880e-03
8.4560030e-03
7.7218610e-03
6.9216980e-03
6.1737160e-03
5.4768210e-03
4.7707650e-03
4.0072060e-03
3.1834730e-03
2.3497190e-03
1.5954150e-03
9.8479970e-04
5.2043940e-04
2.2779780e-04
2.1867750e-04
5.7697590e-04
1.2669380e-03
2.1522700e-03
3.0705240e-03
3.8200790e-03
4.1815340e-03
4.0655910e-03
3.5670880e-03
2.8854360e-03
2.2018840e-03
1.6063500e-03
1.0955840e-03
6.1797980e-04
1.2558780e-04
-4.0595960e-04
-9.9565250e-04
-1.6559160e-03
-2.3810720e-03
-3.1487490e-03
-3.9321080e-03
-4.7121560e-03
-5.4632030e-03
-6.0281330e-03
-6.1434430e-03
-5.6700040e-03
-4.6996020e-03
-3.4687490e-03
-2.2039250e-03
-1.0381220e-03
-1.1391430e-04
3.8636110e-04
3.8673270e-04
-1.6573390e-05
-6.2223890e-04
-1.2398310e-03
-1.7614910e-03
-2.1743390e-03
-2.5263850e-03
-2.8666210e-03
-3.1741390e-03
-3.3710320e-03
-3.4049480e-03
-3.2930910e-03
-3.1030040e-03
-2.8715060e-03
-2.5214250e-03
-1.9399950e-03
-1.0932020e-03
-5.1566460e-05
1.0646070e-03
2.1361420e-03
2.9802380e-03
3.3943520e-03
3.3154330e-03
2.8622340e-03
2.2444750e-03
1.6348910e-03
1.1004810e-03
6.1780700e-04
1.3183310e-04
-3.8801720e-04
-8.7968480e-04
-1.1887460e-03
-1.2018920e-03
-9.3434690e-04
-5.0478800e-04
-4.8748770e-05
3.5369510e-04
6.9514460e-04
1.0062910e-03
1.3123840e-03
1.6187570e-03
1.9181700e-03
2.2036200e-03
2.4755520e-03
2.7407270e-03
3.0067060e-03
3.2753510e-03
3.4988890e-03
3.5414020e-03
3.2850670e-03
2.7290200e-03
1.9819360e-03
1.1826570e-03
4.1856010e-04
-3.0286930e-04
-1.0207850e-03
-1.7723300e-03
-2.5656510e-03
-3.3830720e-03
-4.2002000e-03
-4.9842680e-03
-5.5815070e-03
-5.7418720e-03
-5.3367990e-03
-4.4588700e-03
-3.3430000e-03
-2.2108550e-03
-1.1607640e-03
-1.7044410e-04
8.2969110e-04
1.8864460e-03
2.9716990e-03
3.9007040e-03
4.4370810e-03
4.4924560e-03
4.1788000e-03
3.7109720e-03
3.2709920e-03
2.9384440e-03
2.7030520e-03
2.5118190e-03
2.3170710e-03
2.1007030e-03
1.8706670e-03
1.6433090e-03
1.4282230e-03
1.2242810e-03
1.0469420e-03
9.9435280e-04
1.1901830e-03
1.6729980e-03
2.3677850e-03
3.0946250e-03
3.5999390e-03
3.7142480e-03
3.4538520e-03
2.9768610e-03
2.4636800e-03
2.0395260e-03
1.8026810e-03
1.8120710e-03
2.0491800e-03
2.4311170e-03
2.8636900e-03
3.3165950e-03
3.8466410e-03
4.5206480e-03
5.3480690e-03
6.2670240e-03
7.0800540e-03
7.4701230e-03
7.2419490e-03
6.4599870e-03
5.3756900e-03
4.2536550e-03
3.2395650e-03
2.3366530e-03
1.4530280e-03
4.6774860e-04
-6.8538260e-04
-1.9850280e-03
-3.3553590e-03
-4.7231500e-03
-6.0543250e-03
-7.3520910e-03
-8.5341320e-03
-9.2675290e-03
-9.2154980e-03
-8.3332690e-03
-6.8992520e-03
-5.3499470e-03
-4.0298970e-03
-3.0381320e-03
-2.2626510e-03
-1.5417190e-03
-8.5809660e-04
-3.3305560e-04
-7.1275040e-05
-6.3252400e-05
-2.0097360e-04
-3.6049720e-04
-5.1700930e-04
-7.9027700e-04
-1.3142170e-03
-2.1155480e-03
-3.1045070e-03
-4.1482520e-03
-5.1508850e-03
-6.0652700e-03
-6.8313720e-03
-7.3944550e-03
-7.7571620e-03
-7.9830420e-03
-8.1576060e-03
-8.3443480e-03
-8.5556650e-03
-8.7281590e-03
-8.7703990e-03
-8.6431490e-03
-8.3825810e-03
-8.0654880e-03
-7.7584460e-03
-7.4879370e-03
-7.2344130e-03
-6.9462650e-03
-6.5826800e-03
-6.1420570e-03
-5.6555690e-03
-5.1614410e-03
-4.6832310e-03
-4.2484380e-03
-3.9611220e-03
-3.9473790e-03
-4.2425260e-03
-4.7660500e-03
-5.3821960e-03
-5.9565610e-03
-6.2887900e-03
-6.1601150e-03
-5.5030910e-03
-4.4455250e-03
-3.2131570e-03
-1.9963020e-03
-9.0158700e-04
-1.4858680e-05
6.0989480e-04
9.9397420e-04
1.2240470e-03
1.4006140e-03
1.5652890e-03
1.6686000e-03
1.6412960e-03
1.4655210e-03
1.2016140e-03
1.0243370e-03
1.1421380e-03
1.6403380e-03
2.4377440e-03
3.3645200e-03
4.2735330e-03
5.1034640e-03
5.8466510e-03
6.4642030e-03
6.9053430e-03
7.1645610e-03
7.2938540e-03
7.3709070e-03
7.4573970e-03
7.5766580e-03
7.7193110e-03
7.8640790e-03
7.9885920e-03
8.0087140e-03
7.7748250e-03
7.1994230e-03
6.3274350e-03
5.2967120e-03
4.2477950e-03
3.2598610e-03
2.4098320e-03
1.8719490e-03
1.7944860e-03
2.1662480e-03
2.8256000e-03
3.5691130e-03
4.2589690e-03
4.8620540e-03
5.4190460e-03
5.9855510e-03
6.5896130e-03
7.2023650e-03
7.6749310e-03
7.8207210e-03
7.5737100e-03
7.0280350e-03
6.3585060e-03
5.7112520e-03
5.1433840e-03
4.6326660e-03
4.1274310e-03
3.5963350e-03
3.0473030e-03
2.5078510e-03
1.9976540e-03
1.5161970e-03
1.0484750e-03
5.7831310e-04
9.8007100e-05
-3.9014660e-04
-8.5757020e-04
-1.2135750e-03
-1.3651470e-03
-1.2959780e-03
-1.0735630e-03
-7.9795200e-04
-5.4385780e-04
-3.3456000e-04
-1.7711870e-04
-1.5359180e-04
-3.7992930e-04
-8.9586300e-04
-1.6326260e-03
-2.4645920e-03
-3.2772270e-03
-3.9264280e-03
-4.2112030e-03
-4.0199720e-03
-3.4175050e-03
-2.5916120e-03
-1.7333520e-03
-9.4760740e-04
-2.3906450e-04
4.4282440e-04
1.1469580e-03
1.8892040e-03
2.6535120e-03
3.3685410e-03
3.8639630e-03
3.9898100e-03
3.7396960e-03
3.2450000e-03
2.6787600e-03
2.1597110e-03
1.7163090e-03
1.3129380e-03
9.0039170e-04
4.5222230e-04
-2.7456730e-05
-5.1783830e-04
-1.0004660e-03
-1.4696030e-03
-1.9306470e-03
-2.3922740e-03
-2.8487200e-03
-3.2103440e-03
-3.3237180e-03
-3.1062200e-03
-2.6087550e-03
-1.9697290e-03
-1.3240030e-03
-7.3941070e-04
-2.1136280e-04
2.6607280e-04
5.3011900e-04
3.2455660e-04
-4.6169130e-04
-1.7100800e-03
-3.1697650e-03
-4.6105730e-03
-5.8760610e-03
-6.8812400e-03
-7.6359630e-03
-8.2257080e-03
-8.7547520e-03
-9.2951780e-03
-9.8648310e-03
-1.0373580e-02
-1.0608850e-02
-1.0411410e-02
-9.8014320e-03
-8.9470840e-03
-8.0441420e-03
-7.2109640e-03
-6.4450680e-03
-5.6532420e-03
