0.01
-3.9732230e-03
-6.9954980e-03
-7.6949340e-03
-7.4973880e-03
-7.5050360e-03
-6.2202700e-03
-3.9641840e-03
-3.3928360e-03
-3.3674980e-03
-3.9918300e-03
-6.2791570e-03
-6.3747210e-03
-3.8447330e-03
-2.4248950e-03
-2.7284620e-03
-3.5201810e-03
-3.4364780e-03
-3.8961290e-03
-6.3404220e-03
-7.4019820e-03
-5.7069370e-03
-3.5347510e-03
-1.6114200e-03
3.0887060e-04
2.2297790e-03
4.1747430e-03
6.4761670e-03
7.5627640e-03
5.7212070e-03
4.0019690e-03
2.1514880e-03
4.4462750e-04
1.3974010e-03
3.8178180e-03
5.6606960e-03
7.6745150e-03
8.5319750e-03
7.7103020e-03
4.4941020e-03
1.0877400e-03
-1.4466210e-03
-3.9059480e-03
-7.2189380e-03
-9.7463690e-03
-1.0231840e-02
-7.6678640e-03
-3.5042530e-03
1.3089950e-04
2.3922060e-03
4.0917990e-03
5.2164290e-03
5.1738410e-03
4.1842310e-03
3.7715670e-03
7.3370260e-03
1.2328710e-02
9.3384010e-03
3.5922550e-03
-2.4521600e-03
-7.6428590e-03
-1.0490510e-02
-1.0165950e-02
-8.1363220e-03
-6.9317750e-03
-3.9498620e-03
1.0614390e-05
5.9429990e-03
1.3057200e-02
1.4396480e-02
1.1936550e-02
8.9676430e-03
6.1215910e-03
4.3265130e-03
3.7638350e-03
4.6957570e-03
7.6486860e-03
8.2463690e-03
5.1137520e-03
1.2606910e-04
-3.4607410e-03
-3.7010090e-03
-3.8394320e-03
-6.4045990e-03
-9.5226160e-03
-1.1739880e-02
-1.1978290e-02
-9.9725020e-03
-9.3601720e-03
-9.4345270e-03
-8.7053700e-03
-7.5302970e-03
-5.5870180e-03
-3.6054710e-03
-3.9374600e-03
-6.3602500e-03
-6.6412150e-03
-3.7641780e-03
2.3056770e-04
4.3620090e-03
7.5063680e-03
9.7365710e-03
1.3128740e-02
1.4729870e-02
1.2999310e-02
6.7393560e-03
1.9344910e-03
2.3987890e-04
9.4263040e-05
1.4495320e-03
3.8928480e-03
4.2134690e-03
1.2158090e-03
-3.8358440e-03
-7.4460980e-03
-5.7972880e-03
6.0635370e-04
7.0691000e-03
1.0388480e-02
1.2519860e-02
9.8150540e-03
7.7286160e-03
8.1714390e-03
7.7727300e-03
4.2873980e-03
5.5080010e-05
-2.4547430e-03
-4.0689010e-03
-7.4368360e-03
-1.0545520e-02
-1.1549490e-02
-1.1485690e-02
-1.1750900e-02
-1.1210110e-02
-7.8029230e-03
-3.6400070e-03
-2.3535260e-04
5.0763190e-03
1.2565940e-02
1.5105790e-02
1.2761950e-02
4.8821310e-03
-3.1231140e-03
-9.6597510e-03
-1.4070190e-02
-1.5890770e-02
-1.7342540e-02
-1.5067620e-02
-8.1201980e-03
-1.4580450e-03
3.7154650e-03
8.5576860e-03
1.3220810e-02
1.4245630e-02
1.3612580e-02
1.3946600e-02
1.5821840e-02
1.5699800e-02
9.0352760e-03
-3.0822340e-03
-1.3978390e-02
-1.7627160e-02
-1.7837990e-02
-1.6695050e-02
-1.2097170e-02
-7.4935110e-03
-2.8641890e-03
4.3494190e-03
1.3351000e-02
2.0142090e-02
2.3267570e-02
2.0770650e-02
1.3830250e-02
5.0434580e-03
-3.8959550e-03
-1.0421480e-02
-1.1691220e-02
-7.6342180e-03
-6.4345640e-06
8.4823600e-03
1.2885040e-02
9.8278290e-03
5.4521650e-03
1.3066030e-03
-1.7881220e-03
-4.0183210e-03
-6.2170880e-03
-8.3259510e-03
-1.1120610e-02
-1.0630320e-02
-8.0460870e-03
-6.2450270e-03
-4.2398410e-03
-2.3555700e-03
-2.4348570e-04
2.9534910e-04
9.9478070e-05
1.3063070e-04
7.4769550e-05
6.3167190e-05
1.3548490e-03
3.6326710e-03
4.3714510e-03
3.7816210e-03
1.2333190e-03
-2.8774690e-03
-7.7537740e-03
-1.1442370e-02
-1.1909180e-02
-9.2108320e-03
-4.1921020e-03
2.5136770e-05
5.6950200e-03
1.2731320e-02
1.4893410e-02
1.2632420e-02
6.9356500e-03
4.4484670e-03
4.1363670e-03
4.0333740e-03
3.9560540e-03
4.1359670e-03
5.4531040e-03
8.9409610e-03
1.2634960e-02
8.4852130e-03
1.1064140e-03
-4.0635480e-03
-6.5810730e-03
-5.7803890e-03
-2.9881730e-03
3.9279720e-04
3.5413570e-03
5.4796000e-03
7.4593470e-03
8.1624460e-03
7.8328790e-03
5.8827810e-03
2.0342650e-03
-1.6775780e-03
-4.1801010e-03
-5.4504160e-03
-4.0033770e-03
-1.8134510e-03
-1.9180390e-03
-5.6812780e-03
-1.1951620e-02
-1.7031630e-02
-1.7821930e-02
-1.7543490e-02
-1.7310400e-02
-1.5640800e-02
-1.3637330e-02
-1.1677490e-02
-7.6302420e-03
2.3090920e-06
8.8238410e-03
1.5792480e-02
1.9369150e-02
1.9994660e-02
1.9061940e-02
1.6291630e-02
1.3099360e-02
8.4879230e-03
3.5169320e-03
-2.7807880e-03
-7.4505700e-03
-8.3268700e-03
-7.0663400e-03
-4.4710990e-03
-4.4383300e-03
-6.0124250e-03
-7.5407140e-03
-8.1378110e-03
-7.2394270e-03
-4.3557830e-03
-2.5426670e-03
-2.0670760e-03
-2.8307780e-03
-3.8905460e-03
-3.7363120e-03
-2.1686910e-03
3.7498060e-04
3.6941980e-03
5.0908550e-03
3.7666980e-03
1.2371040e-03
-5.8559740e-05
-9.5511270e-05
1.2760660e-03
3.8759340e-03
3.7453590e-03
1.8803380e-04
-1.7843390e-03
-2.1748100e-04
2.1623610e-03
3.8998860e-03
3.8582000e-03
2.1668690e-03
-1.5231570e-04
-2.7789670e-03
-3.9746240e-03
-2.7173180e-03
-1.6044570e-04
1.0490860e-03
1.1008250e-03
9.6739230e-04
-1.2817880e-04
-1.6415900e-03
-2.1428570e-03
-2.8714590e-03
-3.7600890e-03
-4.0344820e-03
-3.8179740e-03
-1.8488040e-03
1.7370200e-03
5.3549840e-03
7.2050900e-03
5.5247180e-03
3.4531500e-03
1.3675740e-03
-2.8092330e-04
-1.8032520e-03
-1.8154620e-03
-1.8156720e-04
1.8666040e-03
6.4580240e-03
1.2976430e-02
1.5979190e-02
1.7724130e-02
2.0177810e-02
2.1873330e-02
2.3109160e-02
2.3647570e-02
2.5466770e-02
2.8054770e-02
2.9677410e-02
3.0893390e-02
3.1532440e-02
3.3144990e-02
3.5047210e-02
3.6295010e-02
3.7074770e-02
3.5085840e-02
2.7562740e-02
1.3315870e-02
-6.3615290e-03
-2.5800930e-02
-4.1061500e-02
-4.7872100e-02
-5.0350950e-02
-5.7531790e-02
-6.2509150e-02
-6.5101520e-02
-6.9674760e-02
-7.2670310e-02
-7.2982180e-02
-7.0381440e-02
-6.6732070e-02
-6.0740930e-02
-5.0080730e-02
-3.6391280e-02
-1.9397930e-02
-4.5396690e-03
1.5035130e-02
3.9218820e-02
6.3475740e-02
8.3765190e-02
9.8205880e-02
1.0662530e-01
1.0814570e-01
1.0700650e-01
1.0173650e-01
8.9739820e-02
7.0448520e-02
4.6560660e-02
2.3848950e-02
7.5586250e-03
-3.8300430e-03
-1.2017760e-02
-1.4995290e-02
-1.2415060e-02
-1.0246900e-02
-1.0304650e-02
-1.2838190e-02
-1.8641090e-02
-3.0381170e-02
-4.1593380e-02
-4.8528490e-02
-4.8775860e-02
-4.3717730e-02
-3.3778980e-02
-1.9100960e-02
-8.8134590e-03
-2.3735680e-03
-3.3683630e-03
-1.8593100e-02
-4.6226430e-02
-6.9043420e-02
-8.0966630e-02
-8.9052870e-02
-9.4140690e-02
-9.4103770e-02
-7.7734810e-02
-3.6574020e-02
1.2614540e-02
4.5072330e-02
6.4117820e-02
8.3366340e-02
1.0195360e-01
1.1288830e-01
1.1061080e-01
9.8326940e-02
8.2483330e-02
6.5966230e-02
4.5034820e-02
1.9603100e-02
-6.9933800e-03
-3.1210690e-02
-4.8808110e-02
-5.8697360e-02
-6.4591610e-02
-7.3645050e-02
-9.4198180e-02
-1.2603960e-01
-1.4093640e-01
-1.1164830e-01
-6.3142510e-02
-3.5462950e-02
-3.0392360e-02
-2.3860650e-02
-5.7832720e-03
1.9255410e-02
4.5144470e-02
7.0156200e-02
9.2034780e-02
1.0690520e-01
1.1371810e-01
1.1681770e-01
1.1474010e-01
9.9160180e-02
6.2382840e-02
1.3852000e-02
-2.7138310e-02
-5.4062760e-02
-7.4174980e-02
-9.1963700e-02
-1.0402010e-01
-1.0630870e-01
-9.8765480e-02
-8.0729510e-02
-5.8455830e-02
-3.5011810e-02
-1.1953750e-02
7.7528510e-03
2.4646930e-02
3.8757580e-02
4.4890260e-02
3.7804240e-02
1.2263220e-02
-2.8237860e-02
-6.0887310e-02
-7.6030390e-02
-8.0365000e-02
-8.0380150e-02
-6.9654390e-02
-4.1356960e-02
-6.9753030e-03
1.9481630e-02
3.6287190e-02
4.9636920e-02
6.3582380e-02
7.7952830e-02
8.9897670e-02
9.7539690e-02
9.8798600e-02
8.9719270e-02
6.6217870e-02
3.2356880e-02
3.7955150e-05
-2.2657650e-02
-3.4998720e-02
-3.9349710e-02
-3.8881590e-02
-3.5140200e-02
-3.1616640e-02
-2.9892590e-02
-2.6790150e-02
-2.2099010e-02
-1.7707080e-02
-1.8286680e-02
-2.1071460e-02
-1.9069860e-02
-1.5042850e-02
-3.4103620e-03
1.2624140e-02
2.1193540e-02
2.3078980e-02
2.1681950e-02
1.9209770e-02
1.6145450e-02
1.2610710e-02
1.0079870e-02
1.2655180e-02
1.3962280e-02
1.3546270e-02
1.4201200e-02
1.2559920e-02
4.8972720e-03
-2.5294770e-03
-9.5871010e-03
-1.7685400e-02
-2.5419460e-02
-2.7520050e-02
-1.7154380e-02
5.2194210e-03
2.8949670e-02
4.4328740e-02
4.4889310e-02
3.5930850e-02
2.2244900e-02
1.9473270e-03
-1.8307980e-02
-3.3745830e-02
-3.9385810e-02
-3.4957840e-02
-2.3690690e-02
-1.0620670e-02
-5.3698280e-05
3.9375120e-03
-3.2764160e-04
-7.4368750e-03
-8.1514540e-03
3.4280900e-04
1.4885910e-02
3.0418750e-02
4.3537460e-02
4.8860750e-02
5.1384090e-02
5.0589690e-02
4.5192040e-02
3.8756280e-02
3.3452300e-02
3.0063420e-02
2.5395390e-02
1.7677670e-02
7.4681590e-03
-2.4674100e-03
-8.3417040e-03
-1.0383040e-02
-8.1043890e-03
-3.7026260e-03
-1.8185520e-04
-7.3674660e-05
-1.7667980e-03
-2.1723910e-03
-1.8658980e-03
-2.0094380e-03
-3.9912390e-03
-7.7103160e-03
-1.1858050e-02
-1.5596010e-02
-1.7651440e-02
-1.7382020e-02
-1.6146390e-02
-1.4975680e-02
-1.2362910e-02
-1.0349800e-02
-8.0618090e-03
-5.7198630e-03
-4.1002540e-03
-3.7754980e-03
-3.9725740e-03
-4.0087720e-03
-1.9223150e-03
4.9681080e-03
1.5515830e-02
2.5188370e-02
3.2655480e-02
3.8497760e-02
4.0569490e-02
3.8565480e-02
3.1631350e-02
2.2933360e-02
1.6277480e-02
1.3059300e-02
8.0593720e-03
-5.4562050e-05
-1.0605340e-02
-2.3982100e-02
-3.8233170e-02
-4.9667090e-02
-6.0064280e-02
-6.6632570e-02
-6.8273910e-02
-6.6394900e-02
-6.2823930e-02
-5.6219640e-02
-4.3275650e-02
-2.7151430e-02
-1.2142680e-02
6.4422860e-04
1.3006010e-02
2.3725940e-02
3.5316060e-02
4.6501130e-02
5.1893620e-02
5.1059740e-02
4.4257060e-02
3.2893570e-02
2.3024800e-02
1.3894050e-02
3.7154190e-03
-7.1194380e-03
-1.4402770e-02
-1.9468630e-02
-2.8724280e-02
-3.1944170e-02
-2.7369210e-02
-1.7222820e-02
-4.3119710e-03
6.0211900e-03
1.3754390e-02
1.9369570e-02
2.1479120e-02
1.9825420e-02
1.3155150e-02
4.1822780e-04
-1.3822330e-02
-2.7352530e-02
-3.9139110e-02
-4.6722940e-02
-4.8953330e-02
-4.8699650e-02
-4.9003200e-02
-4.8928010e-02
-4.2501370e-02
-2.7666250e-02
-1.2133990e-02
1.1543430e-03
1.2296670e-02
1.6621370e-02
2.0062290e-02
2.4565140e-02
2.9238680e-02
3.3171440e-02
3.6290180e-02
3.8870030e-02
4.0167830e-02
4.0984880e-02
4.1076160e-02
3.8897380e-02
3.3468250e-02
2.5175090e-02
1.3779860e-02
1.9265870e-03
-6.8348080e-03
-1.0643550e-02
-1.0871390e-02
-1.0630450e-02
-1.0912050e-02
-1.1319750e-02
-1.2200060e-02
-1.5328130e-02
-1.7555490e-02
-1.7691490e-02
-1.7526520e-02
-1.7538590e-02
-1.7541530e-02
-1.7746040e-02
-1.7295350e-02
-1.4842960e-02
-1.1540150e-02
-7.2096340e-03
6.7818810e-04
1.3064990e-02
2.3824560e-02
3.0968680e-02
3.5539890e-02
3.8787340e-02
3.9119340e-02
3.7308360e-02
3.4949850e-02
3.1386370e-02
2.7458900e-02
2.3057590e-02
1.8232770e-02
1.3171820e-02
4.0548720e-03
-6.8038260e-03
-1.4234410e-02
-1.8575390e-02
-2.1104050e-02
-1.8698670e-02
-1.6894340e-02
-1.5793370e-02
-1.5845690e-02
-1.6871000e-02
-1.8497780e-02
-2.2576140e-02
-2.3964010e-02
-2.2045710e-02
-1.7946580e-02
-1.4181110e-02
-1.2110630e-02
-1.3353740e-02
-1.5774760e-02
-1.7403000e-02
-1.7654850e-02
-1.7541890e-02
-1.7517400e-02
-1.7444460e-02
-1.7860650e-02
-1.7196490e-02
-1.1002960e-02
4.1856700e-04
1.3313960e-02
2.3293550e-02
3.3364610e-02
4.3406940e-02
4.6055950e-02
4.6658890e-02
4.4770180e-02
3.7230680e-02
2.7455580e-02
1.9565080e-02
1.3649290e-02
7.7981000e-03
2.2045140e-03
-2.1679770e-03
-5.6791210e-03
-6.6638070e-03
-4.4192770e-03
1.9112520e-03
1.2911730e-02
2.1865920e-02
2.8362840e-02
3.3340370e-02
3.4806770e-02
3.2783240e-02
3.0918980e-02
2.8572360e-02
2.5425790e-02
2.1062110e-02
1.6894410e-02
1.2085100e-02
1.2576060e-03
-7.1466560e-03
-1.1769660e-02
-1.5618540e-02
-1.7191950e-02
-1.5980500e-02
-1.5248810e-02
-1.5873610e-02
-1.7268530e-02
-1.7620630e-02
-1.7573510e-02
-1.7534030e-02
-1.5450160e-02
-1.0733150e-02
-5.9653290e-03
-2.6598250e-03
-1.8066170e-05
3.6001110e-05
-3.8371320e-03
-9.9606210e-03
-1.4703950e-02
-1.8803480e-02
-2.6343820e-02
-3.0349420e-02
-3.0499500e-02
-3.0335410e-02
-2.6368790e-02
-1.8837870e-02
-1.4485130e-02
-1.0288630e-02
-6.5604970e-03
-3.8286680e-03
-1.9434920e-03
-2.6821140e-04
4.9413040e-03
1.2591620e-02
1.4372620e-02
1.3616870e-02
1.3907830e-02
1.3213760e-02
1.0496180e-02
8.4341830e-03
5.0127490e-03
2.2875500e-04
-4.0465310e-03
-7.5721530e-03
-9.7721470e-03
-1.1632320e-02
-1.3711070e-02
-1.5215140e-02
-1.6022540e-02
-1.7164710e-02
-1.5677680e-02
-1.1568910e-02
-7.8159730e-03
-6.8428540e-03
-7.4675290e-03
-7.9732940e-03
-9.6480130e-03
-1.1571390e-02
-1.1645550e-02
-9.8306050e-03
-6.5047210e-03
-2.1426400e-03
1.3105680e-03
3.6593880e-03
5.4192470e-03
7.4372800e-03
8.1391560e-03
8.9120500e-03
9.6864410e-03
8.9423890e-03
7.9589390e-03
7.8104770e-03
7.9271110e-03
7.9512110e-03
7.7987210e-03
7.9177150e-03
9.9974600e-03
1.3577920e-02
1.5757890e-02
1.5801020e-02
1.3721450e-02
8.7397030e-03
2.2780640e-03
-3.0108650e-03
-7.5745290e-03
-1.1858620e-02
-1.4361730e-02
-1.1553560e-02
-4.2226600e-03
4.6563370e-03
1.3025480e-02
1.6376820e-02
1.5226610e-02
9.2397970e-03
8.4533410e-04
-7.7865570e-03
-1.3911990e-02
-1.8631350e-02
-2.5085220e-02
-2.8033950e-02
-2.8861560e-02
-2.7348640e-02
-2.3227280e-02
-1.7681550e-02
-1.1448610e-02
-3.7667850e-03
3.7373820e-03
9.3022650e-03
1.3235120e-02
1.4526580e-02
1.2891520e-02
6.6853450e-03
7.4046180e-04
-3.7941620e-03
-6.5801150e-03
-6.8474330e-03
-5.8378510e-03
-3.4579320e-03
-3.2925210e-04
1.3975910e-03
3.8075710e-03
8.2105400e-03
1.3408040e-02
1.7008300e-02
2.0445300e-02
2.4646390e-02
2.9313160e-02
3.2429410e-02
3.2311620e-02
2.8126970e-02
2.1543030e-02
1.2458840e-02
-1.6723320e-03
-1.2282620e-02
-1.7087000e-02
-1.7606240e-02
-1.7560540e-02
-1.7382990e-02
-1.3383110e-02
-6.0029780e-03
2.3807360e-04
4.0189910e-03
5.9423660e-03
6.1273800e-03
3.7340950e-03
-1.5208520e-03
-6.9131980e-03
-1.1535870e-02
-1.4501700e-02
-1.5556100e-02
-1.5436770e-02
-1.4638320e-02
-1.3397050e-02
-1.1700060e-02
-1.0599110e-02
-9.6861610e-03
-7.5195740e-03
-3.8746730e-03
-2.8391300e-04
5.1110120e-03
1.2483220e-02
1.4748090e-02
1.5428350e-02
1.5394610e-02
1.4909460e-02
1.2267170e-02
2.3553570e-03
-6.3244610e-03
-1.1408950e-02
-1.3632800e-02
-1.3441470e-02
-1.1672210e-02
-9.5275020e-03
-7.8995090e-03
-6.3706340e-03
-4.0888080e-03
-2.6011840e-03
-1.8982320e-03
-1.7667070e-03
-1.9645890e-03
-1.5115310e-03
-2.3733660e-04
4.4992770e-04
1.7989360e-03
4.4330280e-03
7.4985410e-03
8.3301400e-03
7.6872110e-03
6.1846070e-03
4.8963190e-03
4.1228210e-03
3.9767600e-03
4.1842890e-03
3.8307710e-03
2.3057670e-03
9.9232870e-04
1.8656930e-04
1.6185150e-04
9.8504230e-04
2.4386560e-03
3.5393120e-03
2.5700440e-03
1.8564250e-03
1.0909020e-03
3.6133410e-04
-8.3185820e-05
-1.7070760e-03
-3.7728620e-03
-5.5766370e-03
-8.0500210e-03
-1.1070970e-02
-1.1906030e-02
-1.1589020e-02
-9.2734700e-03
-4.2093270e-03
1.4037080e-03
8.0106560e-03
1.3622850e-02
1.5775310e-02
1.7062030e-02
1.9259670e-02
2.0114680e-02
1.9157460e-02
1.6397270e-02
1.3377120e-02
7.9880030e-03
2.4410530e-03
-2.2528860e-04
-1.5992420e-03
-1.7819880e-03
-1.9361620e-03
-3.6421930e-03
-6.6090890e-03
-1.0843220e-02
-1.5329970e-02
-1.7055080e-02
-1.8160560e-02
-2.1859800e-02
-2.2054440e-02
-1.8077270e-02
-1.4875270e-02
-1.1882910e-02
-9.5410570e-03
-6.6221160e-03
-1.7551520e-03
3.8148370e-03
9.3545570e-03
1.5368170e-02
2.0038390e-02
2.3359300e-02
2.4679660e-02
2.4634930e-02
2.3440730e-02
2.0795780e-02
1.7757420e-02
1.3751900e-02
7.9898030e-03
2.1544200e-03
-1.7251380e-03
-3.9419760e-03
-5.4810370e-03
-5.7716280e-03
-5.7802380e-03
-5.5408350e-03
-3.9083090e-03
-1.5203380e-03
-1.9593690e-04
-1.4838910e-03
-2.9541420e-03
-3.5258970e-03
-3.9940810e-03
-5.5485200e-03
-6.6232580e-03
-6.7648420e-03
-7.6525300e-03
-9.4299710e-03
-1.1800760e-02
-1.4299750e-02
-1.4493130e-02
-1.1508390e-02
-6.2155410e-03
2.4240080e-03
1.2283410e-02
1.4899670e-02
1.6370070e-02
1.9946830e-02
2.3240170e-02
2.3960090e-02
2.3477410e-02
2.1570050e-02
1.7987800e-02
1.3546480e-02
8.2729630e-03
3.8553480e-03
3.7379900e-04
-2.0002210e-03
-3.5160520e-03
-3.7926820e-03
-3.9357160e-03
-3.3592700e-03
-7.5094300e-05
3.9654630e-03
8.5319160e-03
1.3078740e-02
1.4515430e-02
1.5527810e-02
1.5494760e-02
1.4753370e-02
1.2797770e-02
4.6261420e-03
-3.5667550e-03
-8.1149330e-03
-1.1102270e-02
-1.1876260e-02
-1.1241670e-02
-9.8072850e-03
-9.5469080e-03
-1.0372370e-02
-1.1859100e-02
-1.4249370e-02
-1.5340520e-02
-1.5837270e-02
-1.7008680e-02
-1.6532250e-02
-1.5603710e-02
-1.5191470e-02
-1.3762290e-02
-1.1166080e-02
-8.0904240e-03
-6.2473780e-03
-3.9934180e-03
-1.6038510e-03
1.5479170e-04
-1.1618510e-06
-1.4476570e-03
-2.0048790e-03
-2.7486430e-03
-3.4949900e-03
-4.0084880e-03
-5.5187820e-03
-6.6125010e-03
-6.7607040e-03
-6.6413730e-03
-5.5579600e-03
-3.8071330e-03
-3.7346560e-03
-5.6972590e-03
-7.4678280e-03
-7.7650900e-03
-7.6969610e-03
-6.4162060e-03
-2.9183410e-03
2.0515250e-04
1.2360420e-03
1.2830080e-04
-2.7476210e-03
-5.6191050e-03
-6.6998700e-03
-5.5950670e-03
-2.9210260e-03
4.9754130e-04
3.8058890e-03
5.1159730e-03
6.2625440e-03
8.7348440e-03
1.0075430e-02
1.0043870e-02
9.3690580e-03
1.0336190e-02
1.2073910e-02
7.5084900e-03
3.3588510e-03
4.0270840e-04
-1.7784750e-03
-2.7150640e-03
-2.8407390e-03
-1.6641900e-03
1.2325540e-03
3.8883930e-03
4.2644580e-03
4.0566390e-03
4.0884700e-03
4.2347740e-03
4.5173100e-03
7.0950610e-03
1.2815190e-02
1.4428100e-02
1.3760730e-02
1.3730350e-02
1.4250130e-02
1.3273870e-02
8.5042130e-03
3.9038170e-03
1.8705200e-04
-3.6488170e-03
-7.7018220e-03
-1.1444880e-02
-1.3509920e-02
-1.3510100e-02
-1.1448990e-02
-7.7144450e-03
-3.5720590e-03
-1.7233320e-05
2.3430540e-03
4.1101970e-03
3.8508590e-03
1.4457050e-03
1.2572080e-04
4.7880280e-05
4.5821550e-04
1.9039170e-03
4.0995190e-03
8.4275870e-03
1.3256000e-02
1.4199150e-02
1.4012390e-02
1.3476180e-02
1.0343980e-02
5.7360470e-03
4.8008750e-04
-3.9103580e-03
-7.5338250e-03
-9.6217580e-03
-9.4069280e-03
-7.8723120e-03
-6.4423260e-03
-3.7852360e-03
2.2523930e-04
4.0967680e-03
5.9997150e-03
5.2091810e-03
1.9858160e-03
-3.5088040e-03
-9.8122220e-03
-1.5228380e-02
-1.7422180e-02
-1.7418200e-02
-1.7439560e-02
-1.7215830e-02
-1.5580320e-02
-1.3409600e-02
-1.1463770e-02
-1.0714130e-02
-1.1329040e-02
-1.1648540e-02
-1.1429360e-02
-1.0685840e-02
-9.3782200e-03
-7.7093620e-03
-7.7091280e-03
-9.3809870e-03
-1.0673020e-02
-1.1452880e-02
-1.1591600e-02
-1.0504080e-02
-7.5177760e-03
-3.9212320e-03
-1.5688690e-03
1.4730310e-04
1.1148320e-03
1.2364350e-03
1.2592070e-03
9.0775930e-04
4.8936000e-04
2.0638410e-03
3.9520980e-03
4.4062910e-03
3.7001300e-03
1.7105440e-03
-4.1498620e-04
-3.1809350e-03
-3.9756920e-03
-3.7077220e-03
-2.4967300e-03
6.0261150e-04
6.0478890e-03
1.2875500e-02
1.4460180e-02
1.3639230e-02
1.4077800e-02
1.5577240e-02
1.6062050e-02
1.5428590e-02
1.4643060e-02
1.2933300e-02
6.6835830e-03
1.0183130e-03
-1.7820890e-03
-3.6772520e-03
-5.7493110e-03
-7.4485180e-03
-7.6948680e-03
-7.7114440e-03
-7.4421380e-03
-5.7225340e-03
-3.7572060e-03
-2.7084250e-03
-1.6322990e-03
-8.8028260e-05
1.6093510e-03
3.7207810e-03
5.0881370e-03
8.4134370e-03
1.3588010e-02
1.3649910e-02
8.4578350e-03
3.8822720e-03
2.4702970e-04
-3.8721800e-03
-7.2292670e-03
-8.0693720e-03
-7.2458920e-03
-3.9499750e-03
4.1269530e-04
3.9855160e-03
5.8158060e-03
8.5974930e-03
1.3536180e-02
1.3560460e-02
8.6425020e-03
5.5676190e-03
4.5062570e-03
3.6097070e-03
1.6895380e-03
8.5907750e-04
3.1023320e-04
8.7041830e-05
1.4820170e-03
3.6872440e-03
4.4928080e-03
5.6080050e-03
8.6916750e-03
1.3165720e-02
1.4257460e-02
1.3833340e-02
1.3850380e-02
1.3799950e-02
1.3805550e-02
1.4519090e-02
1.2647400e-02
5.2827850e-03
6.1910440e-04
-1.7576770e-03
-3.5053030e-03
-3.8670210e-03
-3.6026390e-03
-2.8467130e-03
-1.5693470e-03
-3.9557510e-05
5.0370320e-04
-1.9546650e-04
-2.2626370e-03
-4.1349240e-03
-6.3780630e-03
-7.5989710e-03
-7.8685670e-03
-7.2752930e-03
-3.9898340e-03
4.3077210e-04
3.9572840e-03
4.0713440e-03
1.4419550e-03
-2.2051080e-03
-6.0700280e-03
-8.1487610e-03
-9.2337210e-03
-7.6785290e-03
-3.7182590e-03
9.0784430e-04
6.8187870e-03
1.2877440e-02
1.4571620e-02
1.5681380e-02
1.6675590e-02
1.5668710e-02
1.4644310e-02
1.2755310e-02
5.9255380e-03
-6.5209990e-05
-3.7732620e-03
-6.5870560e-03
-7.5537660e-03
-6.6910930e-03
-5.6496340e-03
-5.7046260e-03
-6.5174000e-03
-7.6953180e-03
-9.6395920e-03
-1.1364210e-02
-1.1486610e-02
-1.1898260e-02
-1.2875560e-02
-1.2089980e-02
-1.1097750e-02
-9.8458470e-03
-9.3322740e-03
-9.8906090e-03
-1.1044230e-02
-1.2019430e-02
-1.4135690e-02
-1.5456630e-02
-1.5574070e-02
-1.5274800e-02
-1.3505700e-02
-1.0688010e-02
-7.2657250e-03
-4.1714580e-03
-3.2836930e-03
-3.0710360e-03
-3.3164440e-03
-4.2428320e-03
-6.0233390e-03
-6.1974050e-03
-5.3445130e-03
-2.7251310e-03
-6.1647460e-05
4.8338040e-04
1.2206890e-04
-1.9480770e-03
-5.2937740e-03
-7.9933530e-03
-1.0237860e-02
-1.0785040e-02
-9.3336210e-03
-5.9180250e-03
-1.4358210e-03
3.6735140e-03
8.5553670e-03
1.3377710e-02
1.6020640e-02
1.7977390e-02
1.9350260e-02
1.7981040e-02
1.5982100e-02
1.3500240e-02
9.3086860e-03
5.8820020e-03
4.2299270e-03
3.9762610e-03
4.2278210e-03
4.9609450e-03
6.2019290e-03
7.8631600e-03
9.1151450e-03
9.8751370e-03
1.0016410e-02
9.9455730e-03
9.9585100e-03
1.0026430e-02
9.8217350e-03
9.1940180e-03
8.7836140e-03
8.1632130e-03
7.9378670e-03
7.9917570e-03
8.1499830e-03
7.8025660e-03
6.2381600e-03
4.9177470e-03
4.3977460e-03
3.6955540e-03
1.4479830e-03
2.5596510e-04
-6.8010110e-05
-1.5109080e-03
-2.8721620e-03
-3.6262490e-03
-3.7208230e-03
-3.7827650e-03
-3.5925700e-03
-1.8651180e-03
1.2961950e-03
5.0202470e-03
7.8408740e-03
1.0420410e-02
1.3361090e-02
1.4073710e-02
1.4159450e-02
1.3304530e-02
9.3791900e-03
6.1140590e-03
3.7515750e-03
5.2059350e-04
-1.8727850e-03
-3.6954510e-03
-5.7660860e-03
-7.3197890e-03
-8.0178040e-03
-9.1857460e-03
-9.8481840e-03
-1.0396630e-02
-1.0519430e-02
-1.0704570e-02
-1.1405420e-02
-1.1384220e-02
-1.1866610e-02
-1.4161680e-02
-1.5503010e-02
-1.5453710e-02
-1.5409730e-02
-1.5453440e-02
-1.4435750e-02
-1.1419870e-02
-7.7976970e-03
-5.5387010e-03
-3.7569880e-03
-1.6512220e-03
2.4843480e-05
2.9655190e-04
2.9680680e-04
-3.1828130e-05
-1.5448650e-03
-2.8549430e-03
-3.5981350e-03
-3.8659330e-03
-3.5469420e-03
-1.8325300e-03
1.9565680e-04
1.2355840e-03
1.0503020e-03
3.1320970e-04
2.8282620e-04
-1.3033700e-04
-1.3979650e-03
-9.2537970e-04
1.5090590e-04
3.1607960e-04
5.2442850e-05
3.4937760e-04
2.0812840e-03
4.1567650e-03
5.7787930e-03
8.6364010e-03
1.3084020e-02
1.4641770e-02
1.3157360e-02
8.5956470e-03
4.7508260e-03
2.2116410e-03
1.3123550e-03
1.9553510e-03
2.2747360e-03
2.1850630e-03
9.9907120e-04
-1.4902180e-03
-4.0106080e-03
-6.3402460e-03
-7.7843020e-03
-9.6047600e-03
-1.1354650e-02
-1.1645930e-02
-1.1485960e-02
-1.1500340e-02
-1.1576570e-02
-1.1406040e-02
-1.0657160e-02
-9.6149330e-03
-7.2609050e-03
-4.2937190e-03
-3.1138150e-03
-2.1705210e-03
-2.5090100e-03
-3.8068050e-03
-5.6047290e-03
-7.6455270e-03
-9.5248970e-03
-1.0694240e-02
-1.0178220e-02
-8.1091890e-03
-6.2500430e-03
-2.8552830e-03
1.1581590e-03
4.0572370e-03
6.1999280e-03
7.9954550e-03
7.7246870e-03
5.5961790e-03
3.6652400e-03
3.6162850e-04
-2.6835730e-03
-3.7249500e-03
-3.8179520e-03
-3.5068930e-03
-2.0250260e-03
5.7370150e-04
3.7536540e-03
5.1996710e-03
6.2350740e-03
7.7458560e-03
8.1229450e-03
8.1856400e-03
7.6333510e-03
5.5060460e-03
3.7573930e-03
2.4028210e-03
2.0613900e-03
2.0274710e-03
2.4556240e-03
3.8365800e-03
4.1776160e-03
4.1870420e-03
5.0764060e-03
5.8585630e-03
6.4163160e-03
7.6973560e-03
8.1335810e-03
8.1340810e-03
7.7635810e-03
6.2502510e-03
5.1215740e-03
3.8217950e-03
1.6684320e-03
-4.4314950e-04
-2.9882290e-03
-4.3027860e-03
-6.3209310e-03
-7.6354840e-03
-7.7198690e-03
-7.4967670e-03
-6.7341770e-03
-5.4983680e-03
-3.9737390e-03
-2.3831160e-03
-9.6167340e-05
1.3639180e-03
2.0543530e-03
2.2469310e-03
2.0425030e-03
1.3103470e-03
1.2889960e-04
-1.8128880e-03
-3.5393390e-03
-3.7965840e-03
-3.7888300e-03
-3.4895730e-03
-1.9619580e-03
3.8072870e-04
3.8345050e-03
8.5666680e-03
1.3123290e-02
1.4524290e-02
1.5493770e-02
1.5988220e-02
1.5453600e-02
1.4804400e-02
1.2589680e-02
5.1480370e-03
-2.9616740e-04
-2.4489190e-03
-4.0223490e-03
-6.4095750e-03
-7.5471740e-03
-7.7904860e-03
-9.5334050e-03
-1.1363510e-02
-1.1639340e-02
-1.1522380e-02
-1.1415450e-02
-1.0684390e-02
-9.3519350e-03
-7.8215780e-03
-7.4846770e-03
-7.6232140e-03
-7.6102220e-03
-7.6498510e-03
-7.5094930e-03
-6.7633310e-03
-5.5050930e-03
-3.8232200e-03
-2.6047740e-03
-1.9900500e-03
-1.2765820e-03
-3.6473110e-04
-1.3294250e-03
-1.8970300e-03
-1.7506940e-03
-1.7219100e-03
-1.7473820e-03
-1.7559600e-03
-1.7315170e-03
-1.7301820e-03
-1.8483200e-03
-1.5167350e-03
-1.4184010e-04
1.6018440e-03
3.7632320e-03
4.2959660e-03
4.0352340e-03
4.2320590e-03
4.9976200e-03
5.8623270e-03
8.6446670e-03
1.3163870e-02
1.4283120e-02
1.3817130e-02
1.3846850e-02
1.3916490e-02
1.3822500e-02
1.3800400e-02
1.4436280e-02
1.2902440e-02
6.8949350e-03
3.8239480e-03
4.1667870e-03
3.9117130e-03
2.4928720e-03
1.9193710e-03
1.3462260e-03
8.1526020e-06
-1.5164410e-03
-1.8234460e-03
-1.8423260e-03
-1.7047820e-03
4.9387780e-04
3.6608940e-03
5.2256590e-03
8.4693540e-03
1.3210120e-02
1.4289450e-02
1.3833680e-02
1.3816370e-02
1.3874540e-02
1.4012860e-02
1.3723100e-02
1.2004730e-02
1.0030170e-02
8.8496010e-03
8.2596730e-03
7.8146190e-03
6.0554350e-03
4.4524980e-03
3.6219900e-03
1.6322130e-03
-7.6080050e-05
-1.6085310e-03
-2.6905500e-03
-3.8187780e-03
-5.5620440e-03
-6.5580390e-03
-6.8267900e-03
-7.2977320e-03
-7.9486200e-03
-9.2582600e-03
-9.6676330e-03
-9.6455240e-03
-9.3032830e-03
-7.9383840e-03
-6.2497840e-03
-3.9710410e-03
-2.6743570e-03
-1.5399390e-03
-1.8909420e-05
2.6866730e-04
3.4237160e-04
1.0886230e-03
1.0944880e-03
4.8334130e-04
-9.5026040e-06
-1.7357630e-03
-3.5246020e-03
-3.7895880e-03
-3.7860540e-03
-3.5200710e-03
-1.7906700e-03
1.5786350e-04
1.1792460e-03
2.3529780e-03
3.8946720e-03
4.2399850e-03
4.0862890e-03
4.2399830e-03
3.8920480e-03
2.3597930e-03
1.1861810e-03
1.3228680e-04
-1.8076640e-03
-3.3224680e-03
-4.1801920e-03
-6.3380450e-03
-7.5248260e-03
-7.7911600e-03
-9.5183260e-03
-1.1351900e-02
-1.1635670e-02
-1.1465060e-02
-1.1525020e-02
-1.1358020e-02
-1.0872920e-02
-9.9955920e-03
-8.0747070e-03
-7.4581890e-03
-6.3451780e-03
-4.1094290e-03
-3.3881050e-03
-2.8626110e-03
-1.6250710e-03
1.4709320e-04
1.1834240e-03
1.2936160e-03
1.0210730e-03
4.9750120e-04
-1.2001830e-04
-1.4579760e-03
-1.8739670e-03
-1.6505040e-03
-1.8123800e-03
-2.7403090e-03
-3.4146700e-03
-4.1046420e-03
-6.3172780e-03
-7.6267680e-03
-7.6809560e-03
-7.6045040e-03
-6.4518280e-03
-3.8716360e-03
-1.5792350e-03
-7.9138990e-06
1.5856270e-03
3.6875760e-03
4.4595020e-03
4.9226230e-03
5.1940520e-03
5.0768960e-03
4.1023250e-03
2.2318250e-03
1.5969670e-04
-1.6566060e-03
-2.8338800e-03
-3.4530580e-03
-3.9931120e-03
-5.3377700e-03
-5.9175280e-03
-5.3305380e-03
-3.9174910e-03
-3.6805870e-03
-3.5245160e-03
-1.7843880e-03
1.3147770e-04
2.0404690e-03
6.7638370e-03
1.2972590e-02
1.4373980e-02
1.4210840e-02
1.3084130e-02
8.7212740e-03
5.9351950e-03
3.8496530e-03
5.4573440e-04
-1.8630600e-03
-3.6554870e-03
-5.7238650e-03
-7.4119380e-03
-7.7550240e-03
-7.4776860e-03
-6.7317030e-03
-5.4262570e-03
-3.9619830e-03
-3.4079100e-03
-2.9363520e-03
-2.5088060e-03
-1.8702860e-03
-1.6646640e-03
-1.7342880e-03
-1.7300050e-03
-1.7355010e-03
-1.7407020e-03
-1.6638450e-03
-1.7996930e-03
-2.7119740e-03
-3.5938890e-03
-3.7202850e-03
-3.7896080e-03
-3.4988510e-03
-1.7796720e-03
2.7059370e-05
1.5639730e-03
3.8381180e-03
5.1604620e-03
6.2571230e-03
7.7845280e-03
8.3119150e-03
7.7369440e-03
6.3481690e-03
5.9753920e-03
6.0984310e-03
5.9458110e-03
6.4922400e-03
7.5224540e-03
6.4191090e-03
5.0801200e-03
3.9827690e-03
2.3468000e-03
1.0751380e-03
3.2263780e-04
2.0280020e-04
1.2874440e-04
4.0979570e-04
2.0319180e-03
4.1184660e-03
6.3432660e-03
7.6297970e-03
6.3886280e-03
5.1237330e-03
3.8246030e-03
1.6492530e-03
-1.7716030e-04
-2.4733500e-03
-3.7165650e-03
-3.7247260e-03
-3.6379990e-03
-3.7202860e-03
-3.6049250e-03
-2.8381530e-03
-1.5022300e-03
-3.6138960e-05
4.3787170e-04
1.0493050e-03
2.3603120e-03
3.9029540e-03
4.3887950e-03
3.8894240e-03
2.3626410e-03
1.1225620e-03
2.3979470e-04
-7.2315730e-04
-1.7928400e-03
-2.6284110e-03
-2.6904660e-03
-2.8217970e-03
-3.5328800e-03
-3.7748080e-03
-3.6675310e-03
-3.5120040e-03
-4.1040860e-03
-5.0800010e-03
-4.0844490e-03
-3.4946620e-03
-3.7975140e-03
-3.5473830e-03
-1.7726020e-03
1.7722860e-04
1.1920270e-03
2.3691130e-03
3.8550730e-03
4.3677230e-03
4.9465870e-03
6.1939710e-03
8.0278630e-03
9.0541790e-03
8.6603270e-03
9.6403720e-03
1.3601560e-02
1.3554220e-02
8.5698790e-03
5.9018030e-03
5.9908730e-03
6.1595910e-03
6.1364470e-03
5.9797540e-03
5.2351360e-03
3.9956440e-03
2.3290030e-03
1.0620460e-03
3.1004990e-04
3.1126610e-04
-5.8034210e-05
-1.3758970e-03
-1.9387840e-03
-2.6962940e-03
-3.5792670e-03
-3.7264550e-03
-3.7410350e-03
-3.6124530e-03
-2.6342990e-03
-1.8849810e-03
-2.6665810e-03
-3.4921960e-03
-3.9061290e-03
-5.6322880e-03
-7.3130600e-03
-7.9331120e-03
-9.3000060e-03
-1.0643200e-02
-1.1409910e-02
-1.1517310e-02
-1.1570590e-02
-1.1317730e-02
-9.7973760e-03
-7.2548000e-03
-3.9496740e-03
-1.7585310e-03
6.1773850e-04
3.6637760e-03
4.3180290e-03
4.3152940e-03
4.7759190e-03
4.3333430e-03
4.1988900e-03
3.9047290e-03
2.3247670e-03
1.2732610e-03
1.0024960e-03
3.9208710e-04
1.5974600e-04
2.2744100e-04
2.4424070e-04
2.0561380e-04
1.9828560e-04
3.5923220e-04
5.6521440e-05
-1.7472060e-03
-3.3308250e-03
-4.2302360e-03
-6.1563840e-03
-6.8041070e-03
-6.6103070e-03
-6.5902560e-03
-6.5476050e-03
-6.7596820e-03
-7.4350190e-03
-7.6588210e-03
-7.6468880e-03
-7.4119450e-03
-6.8130020e-03
-6.5483070e-03
-5.4934380e-03
-3.8836990e-03
-3.6185970e-03
-3.6312270e-03
-2.7022520e-03
-1.8005320e-03
-1.8157700e-03
-1.3215430e-03
-3.5524040e-04
-1.3223090e-03
-1.8156230e-03
-1.7942290e-03
-2.7355030e-03
-3.5276400e-03
-2.8937110e-03
-1.5351010e-03
-2.1723720e-05
1.4597610e-03
3.8870130e-03
6.3389600e-03
7.8462550e-03
7.8775230e-03
9.4886150e-03
1.3657660e-02
1.3528940e-02
8.6067350e-03
5.7991720e-03
5.1377680e-03
4.0701720e-03
