0.01
1.0555560e-03
1.0612110e-03
1.0750080e-03
1.0920040e-03
1.1003840e-03
1.0919620e-03
1.0674720e-03
1.0344000e-03
9.9810680e-04
9.5308060e-04
8.8593260e-04
8.1658020e-04
8.0158550e-04
8.6574860e-04
9.9960750e-04
1.2234100e-03
1.4978620e-03
1.7746600e-03
1.9588390e-03
1.9682570e-03
1.7824350e-03
1.4429360e-03
1.0124100e-03
6.0918790e-04
4.0668840e-04
4.7737050e-04
7.0157490e-04
1.0108040e-03
1.4804150e-03
2.1221180e-03
2.8292530e-03
3.5053310e-03
4.0163000e-03
4.3218800e-03
4.4017840e-03
4.2383790e-03
3.9163460e-03
3.3543470e-03
2.5383530e-03
1.6431510e-03
7.5025110e-04
-1.3426860e-04
-9.9966070e-04
-1.6767080e-03
-2.0416080e-03
-1.8452590e-03
-1.1769660e-03
-4.3541220e-04
1.5601410e-05
5.2995090e-05
-3.9568220e-04
-1.0739410e-03
-1.8078930e-03
-2.1545190e-03
-1.9078790e-03
-1.3596190e-03
-5.9308690e-04
4.5447720e-04
1.9094670e-03
3.8560570e-03
5.8413900e-03
6.8764300e-03
5.5663470e-03
1.4680190e-03
-4.1528620e-03
-1.0827340e-02
-1.7558550e-02
-2.3560300e-02
-2.7940920e-02
-3.0515520e-02
-3.1325210e-02
-3.0737190e-02
-2.9328990e-02
-2.7767030e-02
-2.5865240e-02
-2.3521960e-02
-2.0901190e-02
-1.7195830e-02
-1.1193970e-02
-3.0758480e-03
5.3023310e-03
1.1047170e-02
1.2524560e-02
9.2711510e-03
2.9035500e-03
-4.0344430e-03
-9.9678840e-03
-1.4247200e-02
-1.7219540e-02
-1.9542900e-02
-2.0976140e-02
-1.9962490e-02
-1.5063150e-02
-6.0904000e-03
5.4720380e-03
1.6666570e-02
2.4909620e-02
2.8616060e-02
2.6969800e-02
1.9709520e-02
7.8359220e-03
-5.9285220e-03
-1.8042490e-02
-2.6083500e-02
-2.8301450e-02
-2.4571980e-02
-1.6548800e-02
-7.0535690e-03
1.6301820e-03
7.8752480e-03
1.1463990e-02
1.3048360e-02
1.3382900e-02
1.3067400e-02
1.3105750e-02
1.3488720e-02
1.4036430e-02
1.5370540e-02
1.8076670e-02
2.1994300e-02
2.6803990e-02
3.2260720e-02
3.7813800e-02
4.2293580e-02
4.5151610e-02
4.5655470e-02
4.2250510e-02
3.4589160e-02
2.3802640e-02
1.1057220e-02
-1.6379870e-03
-1.2331780e-02
-1.8155970e-02
-1.7330910e-02
-9.8109810e-03
2.2410740e-03
1.4546490e-02
2.4409250e-02
3.1150660e-02
3.4855990e-02
3.5107150e-02
3.2128030e-02
2.5962270e-02
1.6836360e-02
6.3056260e-03
-3.3741500e-03
-1.0340350e-02
-1.2905240e-02
-1.0737670e-02
-4.7138810e-03
3.5536200e-03
1.3271730e-02
2.2990500e-02
3.1602130e-02
3.8154570e-02
4.1080350e-02
3.8417090e-02
2.9537850e-02
1.5372660e-02
-1.7590170e-03
-1.8692700e-02
-3.3107700e-02
-4.2682980e-02
-4.6222580e-02
-4.4947550e-02
-4.0526020e-02
-3.3681300e-02
-2.5409130e-02
-1.7378080e-02
-1.1000150e-02
-7.1503020e-03
-6.2092410e-03
-7.8247910e-03
-1.1007370e-02
-1.4423730e-02
-1.6481850e-02
-1.7158660e-02
-1.6161490e-02
-1.4075070e-02
-1.1686260e-02
-9.8527020e-03
-9.0313120e-03
-9.3228050e-03
-1.0267780e-02
-1.0678310e-02
-1.0077400e-02
-8.5517230e-03
-5.7716410e-03
-1.5253890e-03
4.0759430e-03
1.0521450e-02
1.7121550e-02
2.2524410e-02
2.4999120e-02
2.3567900e-02
1.8093700e-02
9.6313260e-03
5.9425770e-04
-7.2540640e-03
-1.4072750e-02
-2.1519200e-02
-3.0181150e-02
-3.9427040e-02
-4.7429390e-02
-5.1777360e-02
-5.0829880e-02
-4.3684670e-02
-3.0264350e-02
-1.2567950e-02
4.4532700e-03
1.6547810e-02
2.1164350e-02
1.7685290e-02
7.2202510e-03
-8.5090020e-03
-2.8596210e-02
-5.1438840e-02
-7.1639700e-02
-8.2245590e-02
-8.1495590e-02
-7.0841900e-02
-5.2535280e-02
-2.8921790e-02
-8.2100090e-04
3.2940320e-02
6.9995420e-02
1.0601120e-01
1.3549900e-01
1.5433280e-01
1.6534950e-01
1.6735330e-01
1.5948940e-01
1.4084850e-01
1.1217770e-01
7.4077130e-02
3.0774310e-02
-1.5836200e-02
-5.7982990e-02
-9.4921260e-02
-1.2032780e-01
-1.3261730e-01
-1.3508020e-01
-1.3121520e-01
-1.1985670e-01
-1.0088020e-01
-7.5467350e-02
-4.6009170e-02
-1.5767460e-02
1.3631580e-02
4.1294600e-02
6.5696620e-02
8.3751580e-02
9.3479670e-02
9.3964880e-02
8.5475480e-02
7.0783920e-02
5.3351400e-02
3.7460760e-02
2.5277770e-02
1.4710980e-02
2.8216620e-03
-1.2145940e-02
-2.9931380e-02
-4.7426330e-02
-6.1311970e-02
-6.9921630e-02
-7.2694620e-02
-6.9066780e-02
-6.0330340e-02
-4.9170280e-02
-3.7993300e-02
-2.8827100e-02
-2.2378640e-02
-1.8016320e-02
-1.4950370e-02
-1.1041020e-02
-3.5839350e-03
9.6238220e-03
2.9496910e-02
5.2961950e-02
7.3973250e-02
8.7747630e-02
9.0725730e-02
8.1850490e-02
6.4191060e-02
4.3874680e-02
2.4899770e-02
1.0057390e-02
-1.5691450e-03
-1.2103600e-02
-2.3275750e-02
-3.5530040e-02
-4.7651910e-02
-5.6853860e-02
-6.0198160e-02
-5.6826430e-02
-4.7402100e-02
-3.4126510e-02
-2.0100180e-02
-7.9712180e-03
1.2440100e-03
7.2490500e-03
9.8674260e-03
8.3491360e-03
2.7985640e-03
-4.2551210e-03
-9.1802680e-03
-9.0574480e-03
-3.1404170e-03
7.4947900e-03
1.8914970e-02
2.7846370e-02
3.3315730e-02
3.5775400e-02
3.5393670e-02
3.1429190e-02
2.2666910e-02
9.8455530e-03
-4.4175600e-03
-1.6085270e-02
-2.3958950e-02
-2.8360500e-02
-3.0231380e-02
-3.0182840e-02
-2.8176650e-02
-2.4495090e-02
-2.0162230e-02
-1.4937240e-02
-8.3780080e-03
-4.2504320e-04
7.8650050e-03
1.5324920e-02
2.0956650e-02
2.4423080e-02
2.5360630e-02
2.4009450e-02
2.0681070e-02
1.6470520e-02
1.2024610e-02
7.9335820e-03
4.5417310e-03
1.2627590e-03
-2.0001580e-03
-5.0536020e-03
-6.9595460e-03
-6.8316710e-03
-4.7946390e-03
-1.0754370e-03
4.3818530e-03
1.1471780e-02
1.9698990e-02
2.7960330e-02
3.4998740e-02
3.9996240e-02
4.2097950e-02
3.9940300e-02
3.3544810e-02
2.4610210e-02
1.4387920e-02
4.1710190e-03
-5.2826180e-03
-1.4295700e-02
-2.2916860e-02
-3.0665470e-02
-3.6134000e-02
-3.9298150e-02
-4.1154390e-02
-4.1553900e-02
-3.9284020e-02
-3.3554520e-02
-2.5204180e-02
-1.6575870e-02
-8.6716610e-03
-2.7586510e-03
6.8806620e-04
1.6326850e-03
3.1927830e-04
-1.9226600e-03
-2.7541200e-03
-1.1068090e-03
2.9648470e-03
7.9689620e-03
1.1935720e-02
1.4407970e-02
1.5259780e-02
1.5048340e-02
1.4842200e-02
1.4940690e-02
1.4936120e-02
1.4110450e-02
1.1944400e-02
8.0244800e-03
2.5367140e-03
-3.7508360e-03
-1.0577000e-02
-1.8347810e-02
-2.6883120e-02
-3.5074050e-02
-4.2358600e-02
-4.8087300e-02
-5.1249820e-02
-5.1236720e-02
-4.8362520e-02
-4.3263650e-02
-3.7588760e-02
-3.2886710e-02
-2.9533600e-02
-2.7338010e-02
-2.5817230e-02
-2.4494940e-02
-2.3337680e-02
-2.2201550e-02
-2.0967060e-02
-1.9748380e-02
-1.8582060e-02
-1.8655880e-02
-2.0325170e-02
-2.2057800e-02
-2.2405890e-02
-2.0064500e-02
-1.4731250e-02
-7.3185430e-03
1.0957560e-03
9.4256690e-03
1.6365160e-02
2.0391160e-02
2.0209010e-02
1.5749550e-02
9.2086800e-03
2.2777700e-03
-4.1389260e-03
-8.9387760e-03
-1.1319430e-02
-1.0700700e-02
-7.7124390e-03
-3.5295730e-03
7.3037310e-04
4.5058700e-03
8.3338380e-03
1.2454710e-02
1.7324030e-02
2.3683640e-02
3.1518900e-02
4.0274410e-02
4.8712330e-02
5.6129530e-02
6.1469830e-02
6.4363230e-02
6.4933660e-02
6.3319100e-02
5.9951240e-02
5.5649680e-02
5.1158430e-02
4.6538530e-02
4.1357980e-02
3.5175790e-02
2.7813110e-02
1.8955210e-02
9.0446370e-03
-1.2345170e-03
-1.1398480e-02
-2.0826410e-02
-2.9189080e-02
-3.5449410e-02
-3.9822930e-02
-4.2924800e-02
-4.4271740e-02
-4.3508970e-02
-4.0937270e-02
-3.6063540e-02
-2.8801770e-02
-2.0167150e-02
-1.0563820e-02
-4.4192210e-04
9.6123210e-03
1.7992500e-02
2.3496880e-02
2.6536660e-02
2.7619430e-02
2.6499050e-02
2.2679180e-02
1.6171390e-02
8.0971250e-03
-1.0674290e-03
-1.0377110e-02
-1.9296310e-02
-2.7363750e-02
-3.3942800e-02
-3.8560440e-02
-4.1010270e-02
-4.0539980e-02
-3.6384140e-02
-2.8819620e-02
-1.8216380e-02
-5.8316400e-03
6.4308040e-03
1.6804240e-02
2.4224760e-02
2.8242300e-02
2.8583210e-02
2.5879360e-02
2.1383500e-02
1.5904630e-02
1.0173900e-02
5.5951340e-03
2.6237470e-03
4.4198150e-04
-1.3517750e-03
-2.2639350e-03
-2.4710080e-03
-2.3843580e-03
-2.8149410e-03
-5.0660680e-03
-9.1853710e-03
-1.4413120e-02
-2.1279810e-02
-2.9216130e-02
-3.7168480e-02
-4.3901560e-02
-4.7651670e-02
-4.7520400e-02
-4.3852850e-02
-3.6916900e-02
-2.6714170e-02
-1.3289450e-02
1.7282370e-03
1.5516830e-02
2.6716940e-02
3.5718190e-02
4.3156900e-02
4.8760800e-02
5.2802280e-02
5.5505400e-02
5.6862090e-02
5.6649360e-02
5.4748420e-02
5.1942810e-02
4.8753080e-02
4.4297410e-02
3.8072640e-02
3.0450320e-02
2.1833380e-02
1.3215680e-02
5.5524030e-03
-2.1800710e-04
-3.0970790e-03
-2.2712990e-03
2.0335190e-03
8.9612460e-03
1.7739690e-02
2.7058780e-02
3.5352080e-02
4.1748690e-02
4.5788820e-02
4.6668010e-02
4.4034940e-02
3.7394610e-02
2.7187340e-02
1.6103880e-02
5.6533140e-03
-5.0549870e-03
-1.5955550e-02
-2.5918920e-02
-3.3758060e-02
-3.7940770e-02
-3.8931560e-02
-3.7442060e-02
-3.4214270e-02
-3.0043250e-02
-2.5461090e-02
-2.0813170e-02
-1.6462780e-02
-1.2568000e-02
-9.4493600e-03
-7.2163120e-03
-5.9214640e-03
-6.0409950e-03
-7.5985980e-03
-9.4199510e-03
-1.1337460e-02
-1.3564820e-02
-1.6513360e-02
-2.0140470e-02
-2.3951430e-02
-2.7619520e-02
-3.0685190e-02
-3.2848020e-02
-3.3892640e-02
-3.3558330e-02
-3.1989480e-02
-2.9263610e-02
-2.5640480e-02
-2.1179540e-02
-1.5986310e-02
-1.0544080e-02
-5.1781420e-03
-4.3016260e-04
3.7952470e-03
7.0110610e-03
8.9353430e-03
9.5682190e-03
9.4442690e-03
9.0732040e-03
9.0817170e-03
9.6284950e-03
1.0876480e-02
1.2686160e-02
1.4953570e-02
1.7086010e-02
1.8366620e-02
1.8564120e-02
1.7709360e-02
1.6219450e-02
1.5018050e-02
1.4276410e-02
1.3347050e-02
1.2204380e-02
1.1471080e-02
1.1470180e-02
1.1973920e-02
1.2608010e-02
1.3232940e-02
1.3394490e-02
1.3111320e-02
1.2693770e-02
1.1508600e-02
9.1558060e-03
6.4328610e-03
4.1861670e-03
2.2033540e-03
2.2812390e-04
-1.8100470e-03
-4.0487820e-03
-6.4011060e-03
-8.7858720e-03
-1.1424160e-02
-1.4563960e-02
-1.7873030e-02
-2.0992050e-02
-2.3903790e-02
-2.5578690e-02
-2.4904600e-02
-2.1515410e-02
-1.5287160e-02
-6.4285050e-03
4.2159120e-03
1.4934300e-02
2.4847140e-02
3.3142420e-02
3.9454060e-02
4.3558660e-02
4.5461200e-02
4.5437570e-02
4.3650620e-02
4.0352030e-02
3.6072230e-02
3.1076420e-02
2.5617380e-02
2.0433130e-02
1.5584580e-02
1.0811080e-02
6.6814090e-03
3.2857240e-03
1.0614100e-03
5.1285150e-04
7.8701010e-04
9.8399930e-04
1.0009480e-03
6.4584250e-04
-2.0134390e-04
-1.6692280e-03
-3.5548750e-03
-5.3899660e-03
-7.1342660e-03
-8.7239970e-03
-1.0476620e-02
-1.3041770e-02
-1.6419210e-02
-1.9883640e-02
-2.3157260e-02
-2.6558860e-02
-2.9691420e-02
-3.2164750e-02
-3.3970500e-02
-3.5142810e-02
-3.5412840e-02
-3.4355620e-02
-3.1939230e-02
-2.8264590e-02
-2.3690550e-02
-1.8311220e-02
-1.2819030e-02
-7.6862530e-03
-2.8773240e-03
1.1812660e-03
4.4935020e-03
7.1197240e-03
9.0245540e-03
1.0808800e-02
1.2565960e-02
1.4442250e-02
1.6097590e-02
1.7245290e-02
1.7430150e-02
1.6965110e-02
1.5855280e-02
1.4449090e-02
1.2611010e-02
1.0235580e-02
7.3257060e-03
4.3827300e-03
1.6741790e-03
-7.9968210e-04
-2.5966250e-03
-2.6740760e-03
-1.3366180e-03
4.8540070e-04
2.5496430e-03
5.0646880e-03
7.9687590e-03
1.0741170e-02
1.3298270e-02
1.5271130e-02
1.6596340e-02
1.7670960e-02
1.8198760e-02
1.7029170e-02
1.3816900e-02
1.0117860e-02
6.6219500e-03
3.0851630e-03
-7.6973280e-04
-4.8642600e-03
-9.2368430e-03
-1.3891440e-02
-1.8671590e-02
-2.2938970e-02
-2.5909960e-02
-2.7646970e-02
-2.8203590e-02
-2.7471620e-02
-2.5887500e-02
-2.3535070e-02
-2.0556750e-02
-1.7070640e-02
-1.3314860e-02
-9.6312280e-03
-6.2856530e-03
-3.4174330e-03
-8.4774400e-04
8.5622500e-04
1.4553150e-03
1.1095620e-03
-3.0528590e-04
-2.6959450e-03
-5.8986790e-03
-9.7239310e-03
-1.3790340e-02
-1.7738660e-02
-2.1049780e-02
-2.3915220e-02
-2.6420460e-02
-2.8506550e-02
-2.8974960e-02
-2.7582600e-02
-2.5816260e-02
-2.4589150e-02
-2.3575140e-02
-2.2558910e-02
-2.1631380e-02
-2.0888740e-02
-2.0268800e-02
-1.9406340e-02
-1.7942310e-02
-1.5882840e-02
-1.3732940e-02
-1.2384820e-02
-1.1287170e-02
-9.7220810e-03
-7.6358620e-03
-5.4689310e-03
-3.9623080e-03
-3.2285180e-03
-3.3078510e-03
-3.9980770e-03
-5.2969740e-03
-6.8736490e-03
-8.2964660e-03
-9.4023090e-03
-1.0192810e-02
-1.0559410e-02
-1.0614680e-02
-1.0397460e-02
-1.0484000e-02
-1.0660760e-02
-1.0811110e-02
-1.0794390e-02
-1.0652670e-02
-1.0405140e-02
-1.0098480e-02
-9.6179660e-03
-8.7036820e-03
-7.2769810e-03
-5.3815810e-03
-3.2578840e-03
-1.0842670e-03
1.2236410e-03
3.7317430e-03
6.3102940e-03
8.5242320e-03
1.0293000e-02
1.1168140e-02
1.1019960e-02
1.0140890e-02
9.5076780e-03
8.8206630e-03
7.5605500e-03
5.8419410e-03
4.2855950e-03
3.3033530e-03
3.0094420e-03
3.7393810e-03
5.8092010e-03
8.8119160e-03
1.2779850e-02
1.7710570e-02
2.2064000e-02
2.5537610e-02
2.9053690e-02
3.2783010e-02
3.6348870e-02
3.9097300e-02
4.1086720e-02
4.2543200e-02
4.3446690e-02
4.3885760e-02
4.4125300e-02
4.4382810e-02
4.4081670e-02
4.3099110e-02
4.1421860e-02
3.9150520e-02
3.6401450e-02
3.3529710e-02
3.0310400e-02
2.6568420e-02
2.2459970e-02
1.8044650e-02
1.3504030e-02
9.0807010e-03
4.4495730e-03
-2.8146240e-04
-4.9257280e-03
-8.9851590e-03
-1.2584480e-02
-1.5607510e-02
-1.8233490e-02
-2.0219750e-02
-2.1358550e-02
-2.1601560e-02
-2.1265180e-02
-2.0594130e-02
-2.0008850e-02
-1.9277560e-02
-1.7402380e-02
-1.5374170e-02
-1.4084860e-02
-1.3683420e-02
-1.3731650e-02
-1.4203000e-02
-1.5170400e-02
-1.6301920e-02
-1.7762530e-02
-1.9385380e-02
-2.0495560e-02
-2.1025910e-02
-2.1805280e-02
-2.2851470e-02
-2.3044720e-02
-2.2202520e-02
-2.0544300e-02
-1.8278610e-02
-1.5603630e-02
-1.2586670e-02
-9.5616000e-03
-6.5438530e-03
-3.6379860e-03
-1.1773290e-03
1.1104750e-03
3.2752280e-03
5.3415000e-03
6.9129190e-03
8.0191280e-03
8.8871940e-03
9.6652570e-03
1.0099360e-02
1.0241520e-02
1.0307580e-02
1.0312020e-02
1.0361690e-02
1.0552760e-02
1.0960290e-02
1.1733690e-02
1.3184710e-02
1.4731330e-02
1.6051710e-02
1.7459050e-02
1.8792130e-02
2.0217030e-02
2.1237110e-02
2.1603930e-02
2.1104510e-02
1.9723660e-02
1.8237160e-02
1.7228120e-02
1.6110310e-02
1.4400740e-02
1.2543060e-02
1.0625840e-02
8.9737560e-03
7.4505790e-03
6.0942170e-03
5.2370620e-03
4.8494110e-03
5.1392280e-03
5.8845210e-03
5.6822090e-03
4.6178610e-03
3.7953630e-03
3.3631610e-03
3.0464720e-03
2.3366800e-03
1.3220120e-03
3.8832830e-04
-4.9379000e-04
-1.3588460e-03
-1.8252520e-03
-1.5842300e-03
-1.2373410e-03
-1.0898360e-03
-8.3618190e-04
-4.5633410e-04
-7.6605000e-05
4.1118270e-04
6.6467670e-04
8.1928020e-04
9.2641470e-04
7.0008090e-04
2.4494680e-04
-5.3552030e-04
-1.6639280e-03
-3.0255670e-03
-4.2786210e-03
-5.3695950e-03
-6.2782870e-03
-6.7110940e-03
-6.7258760e-03
-6.4669810e-03
-5.9045690e-03
-5.0011140e-03
-3.7951620e-03
-2.5987730e-03
-1.7160910e-03
-1.1970980e-03
-1.4007580e-05
1.9501820e-03
3.7684460e-03
4.8275470e-03
5.5280460e-03
5.9397470e-03
6.3683400e-03
7.0443860e-03
7.8084500e-03
8.5679020e-03
9.3779450e-03
1.0256570e-02
1.0733740e-02
1.0271900e-02
9.3420830e-03
8.1320000e-03
6.9435410e-03
5.6060030e-03
4.1405290e-03
2.6552140e-03
1.0520740e-03
-8.7867950e-04
-3.2131180e-03
-5.5138440e-03
-7.6186550e-03
-9.8787240e-03
-1.2191440e-02
-1.4368140e-02
-1.6261650e-02
-1.7714880e-02
-1.8799070e-02
-1.9540410e-02
-1.9722200e-02
-1.9350940e-02
-1.8701540e-02
-1.8222180e-02
-1.7583820e-02
-1.6648870e-02
-1.5701460e-02
-1.4835220e-02
-1.3960320e-02
-1.2939020e-02
-1.2021530e-02
-1.0880740e-02
-9.5197120e-03
-8.2625660e-03
-7.2386190e-03
-6.8673840e-03
-6.9776250e-03
-7.6372920e-03
-7.9699860e-03
-7.5093460e-03
-7.0934030e-03
-7.2966620e-03
-8.0262380e-03
-8.9373070e-03
-9.9321570e-03
-1.0926310e-02
-1.1657180e-02
-1.1873160e-02
-1.1589540e-02
-1.0501120e-02
-8.9709000e-03
-7.9926540e-03
-7.1558130e-03
-6.0295440e-03
-4.6047230e-03
-3.1930200e-03
-1.9596930e-03
-1.0327080e-03
-2.2135030e-04
2.7267360e-04
5.0929150e-04
5.9770750e-04
4.3019860e-04
2.7255650e-04
-5.8307800e-05
-1.0280370e-03
-2.0059850e-03
-2.8233860e-03
-3.5994570e-03
-4.2759170e-03
-4.9863780e-03
-5.6674400e-03
-5.9641170e-03
-5.9676540e-03
-5.5951440e-03
-5.0336020e-03
-4.1056640e-03
-2.8381190e-03
-1.2545410e-03
5.0965350e-04
2.0960820e-03
3.4608840e-03
4.4437900e-03
5.2184470e-03
5.9005570e-03
6.1624830e-03
5.5482320e-03
4.5504440e-03
4.2776250e-03
4.1263700e-03
3.3657660e-03
2.2857580e-03
1.0802570e-03
1.4556110e-04
-6.1643490e-04
-1.2486180e-03
-1.5839810e-03
-1.6732100e-03
-1.0715130e-03
1.3078620e-04
1.0866660e-03
1.6832860e-03
2.6941520e-03
4.4840410e-03
6.7213000e-03
9.1167600e-03
1.1366450e-02
1.3387840e-02
1.5544050e-02
1.8113670e-02
2.1243060e-02
2.3825230e-02
2.4668750e-02
2.4874250e-02
2.5111960e-02
2.5269330e-02
2.5224100e-02
2.4855670e-02
2.4117060e-02
2.2871130e-02
2.1174760e-02
1.9319960e-02
1.7006710e-02
1.4672990e-02
1.2134180e-02
9.5234010e-03
7.0000620e-03
4.8422110e-03
2.9079790e-03
1.2018230e-03
-2.8885130e-04
-1.7588300e-03
-3.0209760e-03
-3.9325520e-03
-4.6191650e-03
-5.3459430e-03
-6.1917320e-03
-7.0358120e-03
-7.4785990e-03
-7.4540520e-03
-7.5509310e-03
-7.9117140e-03
-8.4167820e-03
-8.7615200e-03
-9.2523310e-03
-9.9791420e-03
-1.0906590e-02
-1.1504160e-02
-1.1503960e-02
-1.1177180e-02
-1.1285760e-02
-1.2433800e-02
-1.3635300e-02
-1.4433850e-02
-1.4935340e-02
-1.5337440e-02
-1.5829160e-02
-1.6322480e-02
-1.6693750e-02
-1.6981000e-02
-1.7301190e-02
-1.7627250e-02
-1.7962310e-02
-1.8397650e-02
-1.8755240e-02
-1.9026740e-02
-1.9323830e-02
-1.9465210e-02
-1.9518010e-02
-1.9483330e-02
-1.9114800e-02
-1.8620690e-02
-1.7925240e-02
-1.7112120e-02
-1.6057020e-02
-1.4925340e-02
-1.3898050e-02
-1.2667570e-02
-1.1293510e-02
-9.9905670e-03
-8.8836910e-03
-7.8534090e-03
-6.8085080e-03
-5.7539980e-03
-4.6629390e-03
-3.5899190e-03
-2.8065960e-03
-2.0287230e-03
-4.2871560e-04
2.0421500e-03
4.6236070e-03
6.8462420e-03
8.8538450e-03
1.0742650e-02
1.2661570e-02
1.4483850e-02
1.6093540e-02
1.7465270e-02
1.8802250e-02
2.0290760e-02
2.1361050e-02
2.1493690e-02
2.1222920e-02
2.1096920e-02
2.1144950e-02
2.0983210e-02
2.0599740e-02
2.0202780e-02
1.9717560e-02
1.9019670e-02
1.8139060e-02
1.7052840e-02
1.5847330e-02
1.4543820e-02
1.3372320e-02
1.2058390e-02
1.0709010e-02
9.4190110e-03
8.1622830e-03
7.0344120e-03
6.0323260e-03
5.1787760e-03
4.5124470e-03
4.0168870e-03
3.3342660e-03
2.5331680e-03
1.7055530e-03
1.0327940e-03
5.8746570e-04
5.1615240e-04
8.8576110e-04
1.7258310e-03
2.8018350e-03
4.2117820e-03
5.8906500e-03
7.3928070e-03
8.3233700e-03
9.6233630e-03
1.2003490e-02
1.4356510e-02
1.6097310e-02
1.7033620e-02
1.7589200e-02
1.7777560e-02
1.7629120e-02
1.7171570e-02
1.6344860e-02
1.5337720e-02
1.4636230e-02
1.4322070e-02
1.3267670e-02
1.1331270e-02
9.4220680e-03
7.7577230e-03
6.4650390e-03
5.3860560e-03
4.4289970e-03
3.7960180e-03
3.2042880e-03
2.8906340e-03
3.0271260e-03
3.3652680e-03
3.9380070e-03
4.6249410e-03
5.2639090e-03
5.9485080e-03
6.5892260e-03
7.0468240e-03
7.1202300e-03
6.8819840e-03
6.5101860e-03
6.0179290e-03
5.3672930e-03
4.4953460e-03
3.6512260e-03
2.9605840e-03
2.4832770e-03
2.1059850e-03
1.3506300e-03
5.1840080e-04
-2.6874090e-05
-2.9156990e-04
-6.6517000e-04
-9.8299250e-04
-1.1346810e-03
-1.5224260e-03
-2.6733040e-03
-3.9139620e-03
-4.2466160e-03
-4.2313170e-03
-4.8665340e-03
-5.9224620e-03
-7.1508490e-03
-8.3551670e-03
-9.4731650e-03
-1.0590380e-02
-1.1796640e-02
-1.2932120e-02
-1.3620360e-02
-1.4053900e-02
-1.4768780e-02
-1.6514930e-02
-1.8370590e-02
-1.9683730e-02
-2.0532100e-02
-2.1107470e-02
-2.1790300e-02
-2.2442590e-02
-2.2898740e-02
-2.3103230e-02
-2.2986990e-02
-2.2607380e-02
-2.1876310e-02
-2.0957270e-02
-2.0083450e-02
-1.9021060e-02
-1.7915250e-02
-1.7051110e-02
-1.6257170e-02
-1.5667430e-02
-1.5230780e-02
-1.4873240e-02
-1.4535390e-02
-1.4274640e-02
-1.4097470e-02
-1.3784880e-02
-1.3325860e-02
-1.2779700e-02
-1.2157670e-02
-1.1350260e-02
-1.0395490e-02
-9.3716770e-03
-8.4269240e-03
-7.4305360e-03
-6.3838300e-03
-5.4871280e-03
-5.0984270e-03
-4.8410220e-03
-3.6716290e-03
-1.8672310e-03
-4.3317790e-04
6.5395590e-04
1.2890980e-03
1.9186680e-03
2.5133880e-03
3.1035870e-03
3.6423300e-03
4.0864060e-03
4.7157950e-03
5.7413980e-03
6.7270090e-03
6.7943470e-03
6.5485900e-03
6.5720420e-03
7.0822630e-03
7.8238570e-03
8.4186540e-03
8.8917760e-03
9.3577680e-03
9.7654130e-03
9.9204910e-03
9.6789060e-03
9.5295730e-03
9.4057540e-03
8.9462090e-03
8.2382240e-03
7.4260810e-03
6.6890980e-03
5.8329180e-03
5.0878200e-03
4.3091790e-03
3.8346550e-03
3.4572210e-03
3.1852750e-03
2.9824330e-03
2.9555680e-03
2.9946260e-03
2.8454110e-03
2.6336110e-03
2.5120500e-03
2.4206030e-03
2.2017940e-03
1.9661340e-03
1.6094770e-03
1.1019800e-03
1.8542530e-04
-1.3715570e-03
-2.6528030e-03
-2.6694780e-03
-2.5851580e-03
-3.4258030e-03
-4.7953600e-03
-5.8368230e-03
-6.6302790e-03
-7.3522210e-03
-8.0978530e-03
-8.6558220e-03
-8.8074330e-03
-8.4556200e-03
-7.7235250e-03
-7.5400060e-03
-8.0343770e-03
-8.3842240e-03
-8.2744510e-03
-7.8959390e-03
-7.7344660e-03
-7.6921320e-03
-7.7825660e-03
-7.8694300e-03
-7.9356440e-03
-7.9236890e-03
-7.6955410e-03
-7.2903820e-03
-6.7851820e-03
-5.9733170e-03
-5.0214860e-03
-4.0867690e-03
-3.1350440e-03
-1.9896440e-03
-7.6744860e-04
5.6037780e-04
2.0450570e-03
3.7429090e-03
5.4242200e-03
6.9507810e-03
8.3819630e-03
9.6345820e-03
1.0803620e-02
1.2050450e-02
1.3300660e-02
1.4462500e-02
1.5506880e-02
1.6428640e-02
1.7397570e-02
1.8628630e-02
1.9806010e-02
2.0491590e-02
2.0677730e-02
2.1688470e-02
2.3230660e-02
2.4310880e-02
2.4978610e-02
2.5317530e-02
2.5483670e-02
2.5542300e-02
2.5331920e-02
2.4748310e-02
2.4023250e-02
2.3537340e-02
2.3168120e-02
2.2434520e-02
2.0819510e-02
1.8925630e-02
1.7165710e-02
1.5794610e-02
1.4513170e-02
1.3053030e-02
1.1480030e-02
9.9094150e-03
8.2444840e-03
6.2822940e-03
4.3037850e-03
2.4308200e-03
3.7343720e-04
-1.5553100e-03
-3.4539420e-03
-5.3812750e-03
-7.4119310e-03
-9.3684890e-03
-1.1201230e-02
-1.3017930e-02
-1.4750990e-02
-1.6273860e-02
-1.7467910e-02
-1.8579980e-02
-1.9463540e-02
-2.0382170e-02
-2.1135890e-02
-2.1618570e-02
-2.1753970e-02
-2.1717770e-02
-2.1717990e-02
-2.1590560e-02
-2.1333790e-02
-2.1041780e-02
-2.0776090e-02
-2.0867520e-02
-2.1084420e-02
-2.0380530e-02
-1.9029570e-02
-1.7863840e-02
-1.7015190e-02
-1.6254230e-02
-1.5420180e-02
-1.4478070e-02
-1.3464630e-02
-1.2360690e-02
-1.1134430e-02
-9.5583500e-03
-7.5853180e-03
-6.0645630e-03
-5.4110880e-03
-4.9391060e-03
-4.0250610e-03
-2.9518000e-03
-1.8577810e-03
-6.5868830e-04
4.8798110e-04
1.7096520e-03
3.1174810e-03
4.4572960e-03
5.6730790e-03
6.6959200e-03
7.5300850e-03
8.3261360e-03
9.2242400e-03
1.0142740e-02
1.0904280e-02
1.1557250e-02
1.1944080e-02
1.2192480e-02
1.2511540e-02
1.2925460e-02
1.3294450e-02
1.3510760e-02
1.3762380e-02
1.4119600e-02
1.4497100e-02
1.4702270e-02
1.4827770e-02
1.4737970e-02
1.4509860e-02
1.4449720e-02
1.4377430e-02
1.3881160e-02
1.2775000e-02
1.1187280e-02
9.8746820e-03
9.6216970e-03
9.5836910e-03
8.8522310e-03
7.4722300e-03
6.2056370e-03
5.5951660e-03
5.2772930e-03
3.7014380e-03
1.9658490e-03
7.8250200e-04
4.2214100e-04
2.7520920e-04
-6.1318100e-04
-2.1728730e-03
-3.3604850e-03
-4.1526360e-03
-4.9237850e-03
-5.7270550e-03
-6.3336230e-03
-6.7003070e-03
-6.9757680e-03
-7.0872690e-03
-6.8537520e-03
-6.3830800e-03
-5.9200950e-03
-5.7346860e-03
-5.7807260e-03
-5.5450100e-03
-5.5332400e-03
-5.5750660e-03
-5.6001820e-03
-5.7787480e-03
-5.9525490e-03
-6.1078200e-03
-6.3612050e-03
-6.7410920e-03
-7.1867540e-03
-7.7014610e-03
-8.0543840e-03
-8.2944260e-03
-8.7327890e-03
-9.2381930e-03
-9.6546680e-03
-9.9919120e-03
-1.0146290e-02
-1.0044990e-02
-9.9135800e-03
-1.0086100e-02
-1.0729080e-02
-1.1270400e-02
-1.0570090e-02
-9.2154270e-03
-8.3432640e-03
-8.1248990e-03
-7.7687150e-03
-6.9998100e-03
-6.0531200e-03
-5.4106460e-03
-5.1999710e-03
-4.9658110e-03
-4.2588470e-03
-3.0671610e-03
-2.1601480e-03
-1.9901360e-03
-1.8429690e-03
-1.3801800e-03
-8.5541110e-04
-2.0764320e-04
2.8786300e-04
6.6197780e-04
9.2304350e-04
1.0305500e-03
1.1083810e-03
1.1211630e-03
1.1842430e-03
1.5677470e-03
1.9568220e-03
2.2149220e-03
2.3712210e-03
2.8951500e-03
3.6192550e-03
4.2624510e-03
4.6736950e-03
5.1163270e-03
5.4998990e-03
5.8050480e-03
6.0981280e-03
6.4774290e-03
6.6567900e-03
6.6566350e-03
6.7633450e-03
7.1691860e-03
7.6911760e-03
8.1905570e-03
8.6048980e-03
9.1815010e-03
9.8628410e-03
1.0340430e-02
1.0465660e-02
1.0489720e-02
1.1341730e-02
1.2644650e-02
1.3269810e-02
1.2978090e-02
1.2387570e-02
1.1804630e-02
1.1142980e-02
1.0327510e-02
9.3963040e-03
8.4469970e-03
7.5972830e-03
7.0240210e-03
6.1339410e-03
4.2592590e-03
2.1724990e-03
4.8942820e-04
-9.7351760e-04
-2.4932050e-03
-3.8804120e-03
-5.1065720e-03
-5.9814830e-03
-6.7259260e-03
-7.3999910e-03
-8.0578150e-03
-8.5002290e-03
-8.7650970e-03
-9.0278060e-03
-9.4878430e-03
-9.7453930e-03
-9.8209180e-03
-1.0017570e-02
-9.9703240e-03
-9.6616620e-03
-9.4267210e-03
-9.0517590e-03
-8.4964460e-03
-7.9839870e-03
-7.4913520e-03
-7.2018900e-03
-7.0010280e-03
-6.7416090e-03
-6.6505740e-03
-6.7908980e-03
-7.0430630e-03
-6.9736070e-03
-6.5023700e-03
-5.8575070e-03
-5.5797760e-03
-5.9127130e-03
-6.2033780e-03
-5.3776300e-03
-4.2919420e-03
-3.8529030e-03
-3.8717520e-03
-3.9307970e-03
-4.0287230e-03
-4.1447080e-03
-4.2466370e-03
-4.5179210e-03
-4.7138640e-03
-4.3884100e-03
-3.6109930e-03
-3.5635880e-03
-4.0385390e-03
-4.0999930e-03
-3.4451250e-03
-2.5652390e-03
-2.2094720e-03
-2.0821320e-03
-1.9583190e-03
-1.5960670e-03
-1.0453840e-03
-4.4179320e-04
-1.3021580e-05
5.3242400e-04
1.3025430e-03
2.1887680e-03
3.4053100e-03
4.6962630e-03
5.9103530e-03
6.8868920e-03
7.8240920e-03
8.6832830e-03
9.2694500e-03
9.8394980e-03
1.0356520e-02
1.0873160e-02
1.1342510e-02
1.1677050e-02
1.1954500e-02
1.2403360e-02
1.2979850e-02
1.3411440e-02
1.3642750e-02
1.4049300e-02
1.4510160e-02
1.4705610e-02
1.4458600e-02
1.3450700e-02
1.2037310e-02
1.1687980e-02
1.1778050e-02
1.1287120e-02
1.0394060e-02
9.5661120e-03
8.7852250e-03
7.9731400e-03
7.3061680e-03
6.6875440e-03
5.8974560e-03
5.1505080e-03
5.1306600e-03
5.0354170e-03
4.0318910e-03
2.6029870e-03
1.4638350e-03
7.3444610e-04
4.2574710e-04
1.4933020e-04
-1.1916200e-04
-3.1520920e-04
-6.4232010e-04
-6.1365080e-04
-3.2176840e-04
7.0118420e-05
5.4858000e-04
5.4716230e-04
-2.7726000e-05
-1.2864930e-04
-1.9007170e-05
1.1983970e-04
1.7209530e-04
1.5562350e-04
1.5512250e-04
2.9999920e-05
-8.0785030e-05
-3.3034550e-04
-7.6977610e-04
-1.2853570e-03
-1.7286570e-03
-2.2443820e-03
-2.9813110e-03
-3.7391020e-03
-4.6159340e-03
-5.5616390e-03
-6.3831520e-03
-7.1154650e-03
-8.0490590e-03
-9.5180110e-03
-1.1158110e-02
-1.1929870e-02
-1.1919540e-02
-1.1996700e-02
-1.2276700e-02
-1.2612620e-02
-1.2968470e-02
-1.3184470e-02
-1.3287990e-02
-1.3366870e-02
-1.3541180e-02
-1.3353750e-02
-1.2740890e-02
-1.2464420e-02
-1.3010130e-02
-1.3346410e-02
-1.3158820e-02
-1.2613960e-02
-1.1561460e-02
-1.0502460e-02
-9.8119520e-03
-8.6959340e-03
-7.3512260e-03
-6.1836170e-03
-5.0945340e-03
-3.9736490e-03
-2.7134030e-03
-1.2741740e-03
1.0078290e-04
1.2867980e-03
2.4056930e-03
3.4811440e-03
4.5500650e-03
5.5894810e-03
6.5319150e-03
7.2735490e-03
8.0506700e-03
8.7456010e-03
9.2019950e-03
9.4647100e-03
9.6680970e-03
9.9074780e-03
1.0090630e-02
1.0151550e-02
1.0288890e-02
1.0647200e-02
1.1149520e-02
1.1812100e-02
1.2125910e-02
1.1676530e-02
1.1448010e-02
1.2238190e-02
1.2939600e-02
1.3016040e-02
1.2742620e-02
1.2379540e-02
1.1993830e-02
1.1414940e-02
1.0808660e-02
1.0131460e-02
9.6028210e-03
9.6946440e-03
9.9016250e-03
9.1834980e-03
7.7728030e-03
6.5290340e-03
5.7325160e-03
5.1126090e-03
3.6651360e-03
2.7065700e-03
1.8764950e-03
1.4033880e-03
9.6341280e-04
4.0594220e-04
6.3692530e-05
-2.7385530e-04
-7.4380870e-04
-1.2624580e-03
-1.8497150e-03
-2.4919060e-03
-3.1358540e-03
-3.9527830e-03
-5.0388140e-03
-6.2527190e-03
-7.6980440e-03
-9.1013190e-03
-1.0369170e-02
-1.1668110e-02
-1.3123970e-02
-1.4625670e-02
-1.6004410e-02
-1.7243690e-02
-1.8166870e-02
-1.8917610e-02
-1.9622420e-02
-1.9918620e-02
-2.0251690e-02
-2.0541360e-02
-2.0717580e-02
-2.1090690e-02
-2.1183230e-02
-2.0086390e-02
-1.8452610e-02
-1.7110520e-02
-1.6009770e-02
-1.5100590e-02
-1.4197730e-02
-1.3241950e-02
-1.2160560e-02
-1.0939350e-02
-9.6620090e-03
-8.3348960e-03
-6.8104210e-03
-5.2974830e-03
-4.4623440e-03
-3.8169320e-03
-3.0413540e-03
-2.1067630e-03
-1.0954430e-03
-2.1927420e-04
5.8829410e-04
1.4170620e-03
2.1675840e-03
2.9582030e-03
3.8088480e-03
4.7216960e-03
5.6047130e-03
6.3156760e-03
6.9364390e-03
7.5230500e-03
8.0633110e-03
8.4244380e-03
8.7633000e-03
9.0219770e-03
9.2759340e-03
9.2984930e-03
9.1505830e-03
9.1167690e-03
9.0623250e-03
8.9764330e-03
8.9320170e-03
8.8455450e-03
8.7053910e-03
8.5393320e-03
8.2685620e-03
8.0780170e-03
7.8884350e-03
7.5727040e-03
6.9694640e-03
6.1443770e-03
5.2697250e-03
5.0746750e-03
5.2580750e-03
5.1156720e-03
4.6540740e-03
4.1064330e-03
3.6174130e-03
3.2186520e-03
2.9356190e-03
2.6359950e-03
2.3242810e-03
2.1019120e-03
2.0554020e-03
1.9541840e-03
1.4274370e-03
7.7704090e-04
2.4096560e-04
-2.4543490e-04
-6.4588340e-04
-9.9564120e-04
-1.2411400e-03
-1.3388970e-03
-1.4417040e-03
-1.5438420e-03
-1.6319460e-03
-1.6409360e-03
-1.6036970e-03
-1.5399610e-03
-1.4678410e-03
-1.4293500e-03
-1.3435490e-03
-1.1032720e-03
-8.3760120e-04
-6.1467180e-04
-4.4222110e-04
-2.6542030e-04
-1.3786980e-04
-2.1933400e-05
9.6799320e-05
1.7787420e-04
2.5658650e-04
3.0911580e-04
3.6738400e-04
4.5743530e-04
5.2625460e-04
5.7918300e-04
6.6915440e-04
8.0159250e-04
8.6450460e-04
7.7524110e-04
6.9145280e-04
8.5407770e-04
1.0558730e-03
1.1742570e-03
1.2708760e-03
1.3428110e-03
1.3937440e-03
1.4207650e-03
1.4360590e-03
1.4257230e-03
1.4335320e-03
1.5344750e-03
1.6702090e-03
1.7096210e-03
1.6515120e-03
1.5699170e-03
1.5049510e-03
1.4500640e-03
1.3851650e-03
1.3008630e-03
1.2255720e-03
1.1633290e-03
1.0999900e-03
1.0273640e-03
9.2133250e-04
8.2726210e-04
7.4604130e-04
6.6722150e-04
5.7637560e-04
4.8520160e-04
4.0398960e-04
3.2614190e-04
2.5275690e-04
1.8561270e-04
1.1958690e-04
5.8287390e-05
-1.3196260e-06
-5.4399140e-05
