0.01
6.5595280e-03
8.5643080e-03
1.0131600e-02
1.1106450e-02
1.1476230e-02
1.1383340e-02
1.1004110e-02
1.0540040e-02
1.0238160e-02
1.0239520e-02
1.0576410e-02
1.1147590e-02
1.1685550e-02
1.1863000e-02
1.1352540e-02
1.0056220e-02
8.1108870e-03
5.8905380e-03
3.8700560e-03
2.3029380e-03
1.1744050e-03
3.9996240e-04
-6.0038490e-05
-2.6977630e-04
-4.3851740e-04
-8.4488410e-04
-1.6731060e-03
-2.8636800e-03
-4.2088170e-03
-5.6087620e-03
-7.0177960e-03
-8.3362390e-03
-9.4878230e-03
-1.0352090e-02
-1.0708250e-02
-1.0371610e-02
-9.3830100e-03
-7.9025060e-03
-6.1704170e-03
-4.5715470e-03
-3.4683250e-03
-2.9946610e-03
-2.9777070e-03
-2.9562020e-03
-2.5517960e-03
-1.6387460e-03
-2.2405020e-04
1.5766360e-03
3.4786120e-03
5.1176290e-03
6.2013920e-03
6.6561440e-03
6.5919140e-03
6.1254370e-03
5.3559010e-03
4.4480900e-03
3.5671350e-03
2.8040010e-03
2.1190320e-03
1.3683980e-03
5.1456230e-04
-3.5707420e-04
-1.1114890e-03
-1.6449970e-03
-1.9403360e-03
-1.9176720e-03
-1.4299010e-03
-5.2613040e-04
5.9014740e-04
1.6545010e-03
2.3623710e-03
2.4572960e-03
1.8659190e-03
7.8140020e-04
-3.1755610e-04
-9.7297750e-04
-9.5684790e-04
-3.2322200e-04
7.9370200e-04
2.1329170e-03
3.3510730e-03
4.2560170e-03
4.8477170e-03
5.2504160e-03
5.5704870e-03
5.9336370e-03
6.4683890e-03
7.3514800e-03
8.6692200e-03
1.0324450e-02
1.1997360e-02
1.3303930e-02
1.3984910e-02
1.3937420e-02
1.3298670e-02
1.2400170e-02
1.1565090e-02
1.0939960e-02
1.0463930e-02
1.0007130e-02
9.3800450e-03
8.4510680e-03
7.1317420e-03
5.3882020e-03
3.3157920e-03
1.0976030e-03
-1.0997960e-03
-3.2424450e-03
-5.2321060e-03
-7.0191100e-03
-8.6752060e-03
-1.0329380e-02
-1.1967160e-02
-1.3469620e-02
-1.4700220e-02
-1.5490340e-02
-1.5770320e-02
-1.5511330e-02
-1.4798110e-02
-1.3744100e-02
-1.2597730e-02
-1.1702460e-02
-1.1193550e-02
-1.0948130e-02
-1.0805680e-02
-1.0753450e-02
-1.0988370e-02
-1.1757860e-02
-1.2937330e-02
-1.4054310e-02
-1.4618250e-02
-1.4322210e-02
-1.3168900e-02
-1.1335990e-02
-9.0844700e-03
-6.6927700e-03
-4.4031330e-03
-2.2962180e-03
-3.6092980e-04
1.3792250e-03
2.8610720e-03
3.9917220e-03
4.6433020e-03
4.8227880e-03
4.6570420e-03
4.4469200e-03
4.4512380e-03
4.7857540e-03
5.3869590e-03
5.9730410e-03
6.2503800e-03
6.1132530e-03
5.6312760e-03
4.9760400e-03
4.1951160e-03
3.1163260e-03
1.5954140e-03
-3.6023760e-04
-2.6688180e-03
-5.1608570e-03
-7.5377210e-03
-9.4916810e-03
-1.0707010e-02
-1.0970850e-02
-1.0411160e-02
-9.4042830e-03
-8.3218310e-03
-7.3950670e-03
-6.6819960e-03
-6.0434200e-03
-5.2020620e-03
-3.9942410e-03
-2.4761050e-03
-9.1820850e-04
4.1324920e-04
1.4660460e-03
2.3400740e-03
3.2104920e-03
4.2009740e-03
5.1943300e-03
6.0418180e-03
6.7079700e-03
7.2525970e-03
7.6942730e-03
8.0171270e-03
8.1476540e-03
8.0805540e-03
7.8935660e-03
7.6388750e-03
7.1341520e-03
6.0574540e-03
4.2263400e-03
1.7336490e-03
-1.1060700e-03
-3.9580680e-03
-6.5374300e-03
-8.4700240e-03
-9.5036550e-03
-9.7751630e-03
-9.6195420e-03
-9.4767870e-03
-9.6029630e-03
-9.9346720e-03
-1.0157320e-02
-9.9497010e-03
-9.1072630e-03
-7.6222610e-03
-5.6256910e-03
-3.1996130e-03
-3.7523700e-04
2.7425400e-03
5.9407440e-03
8.9537260e-03
1.1591290e-02
1.3643320e-02
1.5154390e-02
1.6338940e-02
1.7151590e-02
1.7397350e-02
1.6976070e-02
1.6077010e-02
1.5041760e-02
1.4107240e-02
1.3165380e-02
1.1971890e-02
1.0338970e-02
8.2530640e-03
5.8528820e-03
3.4587590e-03
1.4959090e-03
9.3021030e-05
-7.7924160e-04
-1.1067830e-03
-9.0025400e-04
-3.9952210e-04
-9.5215950e-05
-4.2697210e-04
-1.5040750e-03
-3.1915070e-03
-5.2139500e-03
-7.2989720e-03
-9.2511800e-03
-1.0939830e-02
-1.2305960e-02
-1.3358500e-02
-1.4018670e-02
-1.4053610e-02
-1.3170860e-02
-1.1073100e-02
-7.5149470e-03
-2.3883020e-03
4.2628110e-03
1.2164670e-02
2.0767440e-02
2.9062200e-02
3.5979780e-02
4.1123190e-02
4.4536600e-02
4.6514700e-02
4.7237990e-02
4.6847800e-02
4.5624630e-02
4.4011230e-02
4.2353540e-02
4.0751220e-02
3.9196150e-02
3.7603110e-02
3.5939630e-02
3.4154400e-02
3.2066900e-02
2.9340670e-02
2.5750540e-02
2.1533180e-02
1.6885840e-02
1.1855210e-02
6.5741720e-03
1.2739440e-03
-3.9609840e-03
-9.2984320e-03
-1.4826700e-02
-2.0573790e-02
-2.6605820e-02
-3.3027620e-02
-3.9746530e-02
-4.6228300e-02
-5.2005420e-02
-5.6819410e-02
-6.0625650e-02
-6.3608780e-02
-6.6007600e-02
-6.7777790e-02
-6.8646390e-02
-6.8294630e-02
-6.6528710e-02
-6.3438510e-02
-5.9295070e-02
-5.4267460e-02
-4.8420090e-02
-4.1838120e-02
-3.4999810e-02
-2.8527840e-02
-2.2196100e-02
-1.5800210e-02
-9.4992380e-03
-3.5788710e-03
1.7485890e-03
6.4004310e-03
1.0323240e-02
1.3538750e-02
1.6117680e-02
1.8122000e-02
1.9649650e-02
2.0875730e-02
2.2008010e-02
2.3019030e-02
2.3772740e-02
2.4164110e-02
2.4179790e-02
2.3829340e-02
2.3135160e-02
2.2197160e-02
2.1109970e-02
1.9902580e-02
1.8573840e-02
1.7101230e-02
1.5336570e-02
1.3105900e-02
1.0269170e-02
6.7997420e-03
2.7516630e-03
-1.8837580e-03
-7.1195600e-03
-1.2821040e-02
-1.8871430e-02
-2.5270760e-02
-3.2103880e-02
-3.9479360e-02
-4.7234390e-02
-5.4933380e-02
-6.1981130e-02
-6.7744960e-02
-7.1669900e-02
-7.3436790e-02
-7.3093260e-02
-7.1133310e-02
-6.8492850e-02
-6.6220610e-02
-6.4897020e-02
-6.4516750e-02
-6.4714990e-02
-6.5037500e-02
-6.5152660e-02
-6.5012520e-02
-6.4613520e-02
-6.3919560e-02
-6.2933110e-02
-6.1614240e-02
-5.9892120e-02
-5.7748740e-02
-5.5202440e-02
-5.2289800e-02
-4.8960590e-02
-4.5072650e-02
-4.0536310e-02
-3.5326270e-02
-2.9407200e-02
-2.2778300e-02
-1.5469860e-02
-7.4150960e-03
1.6794600e-03
1.2123170e-02
2.3879910e-02
3.6795590e-02
5.0698000e-02
6.5338130e-02
8.0352510e-02
9.5362480e-02
1.1016530e-01
1.2466880e-01
1.3877300e-01
1.5227670e-01
1.6478040e-01
1.7583790e-01
1.8476360e-01
1.9051200e-01
1.9183420e-01
1.8770110e-01
1.7786900e-01
1.6320500e-01
1.4563650e-01
1.2771910e-01
1.1178800e-01
9.9306370e-02
9.0736230e-02
8.6026710e-02
8.5179950e-02
8.7522730e-02
9.1073220e-02
9.3004590e-02
9.1442630e-02
8.5978830e-02
7.7631130e-02
6.7759630e-02
5.7480600e-02
4.7510130e-02
3.8313310e-02
3.0357250e-02
2.3893050e-02
1.9014930e-02
1.5468730e-02
1.2802980e-02
1.0426650e-02
7.6643090e-03
4.0058980e-03
-7.3103670e-04
-6.2031500e-03
-1.1766180e-02
-1.7008020e-02
-2.1778750e-02
-2.6068430e-02
-3.0008320e-02
-3.3967360e-02
-3.8209850e-02
-4.2327800e-02
-4.6093200e-02
-4.9735800e-02
-5.3664250e-02
-5.8270410e-02
-6.3578080e-02
-6.9266030e-02
-7.4974930e-02
-8.0528120e-02
-8.6011530e-02
-9.1554290e-02
-9.7436480e-02
-1.0389180e-01
-1.1024390e-01
-1.1591940e-01
-1.2065450e-01
-1.2431100e-01
-1.2667680e-01
-1.2737770e-01
-1.2588670e-01
-1.2173570e-01
-1.1487030e-01
-1.0578190e-01
-9.5444090e-02
-8.4949010e-02
-7.4670110e-02
-6.4183510e-02
-5.3203080e-02
-4.2695420e-02
-3.4662010e-02
-3.0347120e-02
-2.9344390e-02
-3.0603930e-02
-3.3435230e-02
-3.7230560e-02
-4.0948380e-02
-4.3793300e-02
-4.5293500e-02
-4.5053340e-02
-4.2905150e-02
-3.9093820e-02
-3.4536920e-02
-3.0235180e-02
-2.6191460e-02
-2.2139610e-02
-1.7740230e-02
-1.2450810e-02
-5.8731220e-03
1.9774080e-03
1.0663960e-02
1.9506590e-02
2.7690350e-02
3.4627220e-02
4.0787880e-02
4.6618840e-02
5.2179720e-02
5.7466430e-02
6.2505270e-02
6.7270850e-02
7.1661340e-02
7.5538260e-02
7.8761890e-02
8.1438840e-02
8.3899060e-02
8.6527790e-02
8.9439580e-02
9.2068570e-02
9.3286850e-02
9.2387420e-02
8.9312920e-02
8.4535320e-02
7.8310910e-02
7.0687790e-02
6.1961570e-02
5.2614600e-02
4.3037520e-02
3.3557230e-02
2.4496250e-02
1.6249710e-02
9.1314750e-03
3.3089310e-03
-1.3683050e-03
-5.3096290e-03
-8.8243750e-03
-1.1976350e-02
-1.4645950e-02
-1.6578580e-02
-1.7545930e-02
-1.7478050e-02
-1.6520550e-02
-1.5025720e-02
-1.3435120e-02
-1.2009800e-02
-1.0768030e-02
-9.7971100e-03
-9.1772020e-03
-8.8703590e-03
-8.6638230e-03
-8.2996910e-03
-7.5907680e-03
-6.3980680e-03
-4.8379500e-03
-3.3294380e-03
-2.3279810e-03
-2.0263430e-03
-2.2919800e-03
-2.7917980e-03
-3.1175610e-03
-3.1050090e-03
-3.0289780e-03
-3.3121680e-03
-4.2877860e-03
-6.0130110e-03
-8.2309530e-03
-1.0569940e-02
-1.2827030e-02
-1.4941780e-02
-1.6857220e-02
-1.8436160e-02
-1.9505160e-02
-1.9978070e-02
-1.9922350e-02
-1.9569310e-02
-1.9061950e-02
-1.8378520e-02
-1.7310330e-02
-1.5694200e-02
-1.3549590e-02
-1.1039330e-02
-8.4376970e-03
-6.0238190e-03
-4.1028320e-03
-2.8279910e-03
-2.1233680e-03
-1.7496180e-03
-1.3502500e-03
-5.7250030e-04
8.8752200e-04
3.0821400e-03
5.8363900e-03
8.7886740e-03
1.1503340e-02
1.3605650e-02
1.4907850e-02
1.5379590e-02
1.5075410e-02
1.4146310e-02
1.2727790e-02
1.1046790e-02
9.2931980e-03
7.4601510e-03
5.3959590e-03
3.1257500e-03
9.3990210e-04
-8.0810600e-04
-1.8005640e-03
-1.8831690e-03
-1.1319970e-03
2.0013960e-04
1.7717540e-03
3.1866860e-03
4.1238900e-03
4.3287820e-03
3.7038050e-03
2.5079920e-03
1.1790110e-03
4.7516010e-06
-8.8821600e-04
-1.4679900e-03
-1.7293970e-03
-1.5767440e-03
-9.9104780e-04
-1.0372880e-04
9.4003670e-04
2.0568300e-03
3.2132390e-03
4.3439370e-03
5.3472940e-03
6.1984620e-03
6.7369230e-03
6.6774160e-03
5.8240000e-03
4.1710790e-03
1.8635750e-03
-8.8869310e-04
-3.7954150e-03
-6.5572200e-03
-8.9511950e-03
-1.0863600e-02
-1.2181810e-02
-1.2824870e-02
-1.2877430e-02
-1.2444870e-02
-1.1615150e-02
-1.0570290e-02
-9.5709290e-03
-8.9205550e-03
-8.8882240e-03
-9.5600890e-03
-1.0835510e-02
-1.2524680e-02
-1.4375880e-02
-1.6191050e-02
-1.7923120e-02
-1.9635070e-02
-2.1272090e-02
-2.2683870e-02
-2.3724760e-02
-2.4280850e-02
-2.4463170e-02
-2.4480540e-02
-2.4459920e-02
-2.4383090e-02
-2.4091920e-02
-2.3393770e-02
-2.2193580e-02
-2.0513030e-02
-1.8514580e-02
-1.6421410e-02
-1.4462190e-02
-1.2861530e-02
-1.1771620e-02
-1.1152230e-02
-1.0842880e-02
-1.0728020e-02
-1.0642630e-02
-1.0381710e-02
-9.7934180e-03
-8.8435350e-03
-7.5232140e-03
-5.8343250e-03
-3.8616220e-03
-1.7234030e-03
4.4933200e-04
2.4524950e-03
4.0503970e-03
5.1939040e-03
5.9003700e-03
6.1389620e-03
5.8540760e-03
4.9405620e-03
3.3253470e-03
9.8291540e-04
-2.0919070e-03
-5.7522340e-03
-9.6454960e-03
-1.3323780e-02
-1.6364410e-02
-1.8491010e-02
-1.9573370e-02
-1.9553130e-02
-1.8390410e-02
-1.6082470e-02
-1.2765610e-02
-8.7819380e-03
-4.5034510e-03
-2.9170590e-04
3.5062540e-03
6.6755470e-03
9.0438340e-03
1.0578320e-02
1.1376370e-02
1.1637790e-02
1.1507280e-02
1.1182780e-02
1.0932170e-02
1.0890600e-02
1.1079860e-02
1.1444740e-02
1.1909310e-02
1.2524040e-02
1.3424980e-02
1.4769800e-02
1.6529600e-02
1.8584340e-02
2.0847260e-02
2.3228990e-02
2.5591930e-02
2.7864490e-02
2.9865640e-02
3.1203970e-02
3.1940500e-02
3.2373250e-02
3.2663340e-02
3.2831380e-02
3.2775730e-02
3.2415600e-02
3.1598610e-02
3.0160110e-02
2.8108450e-02
2.5833600e-02
2.3643910e-02
2.1612760e-02
1.9669490e-02
1.7671290e-02
1.5485220e-02
1.3088170e-02
1.0614110e-02
8.2444740e-03
6.2105870e-03
4.6326490e-03
3.5275100e-03
2.9314830e-03
2.7895630e-03
3.1002170e-03
3.9910350e-03
5.6164800e-03
8.0486100e-03
1.1112620e-02
1.4552240e-02
1.8293810e-02
2.2275390e-02
2.6168710e-02
2.9340840e-02
3.1233560e-02
3.2038070e-02
3.2242190e-02
3.2035630e-02
3.1156860e-02
2.9077020e-02
2.5642240e-02
2.1513920e-02
1.7289250e-02
1.3227880e-02
9.5034380e-03
6.1275180e-03
3.0912970e-03
3.4886020e-04
-2.1792460e-03
-4.5574000e-03
-6.7307470e-03
-8.6387700e-03
-1.0247460e-02
-1.1601210e-02
-1.2896260e-02
-1.4335100e-02
-1.5991030e-02
-1.7927100e-02
-2.0213320e-02
-2.2736760e-02
-2.5299470e-02
-2.7639530e-02
-2.9616890e-02
-3.1505110e-02
-3.4038370e-02
-3.7505140e-02
-4.1169230e-02
-4.4373020e-02
-4.6880100e-02
-4.8730610e-02
-5.0041080e-02
-5.0853090e-02
-5.1000210e-02
-5.0220960e-02
-4.8396110e-02
-4.5449240e-02
-4.1557040e-02
-3.7199930e-02
-3.3085160e-02
-2.9844100e-02
-2.7362360e-02
-2.5263010e-02
-2.3319120e-02
-2.1349410e-02
-1.9209770e-02
-1.6838500e-02
-1.4249440e-02
-1.1427770e-02
-8.4313880e-03
-5.4090110e-03
-2.4929320e-03
3.7298180e-04
3.2247780e-03
5.9963260e-03
8.5738200e-03
1.0899480e-02
1.3059880e-02
1.5168150e-02
1.7215850e-02
1.9085910e-02
2.0733150e-02
2.2053430e-02
2.2974180e-02
2.3587610e-02
2.3949070e-02
2.4035560e-02
2.3755210e-02
2.3122590e-02
2.2123540e-02
2.0663990e-02
1.8821400e-02
1.6780560e-02
1.4735800e-02
1.2872260e-02
1.1356530e-02
1.0242230e-02
9.4412840e-03
8.9242550e-03
8.5582510e-03
8.2087620e-03
7.8564150e-03
7.4706180e-03
7.0033260e-03
6.3048720e-03
5.3045410e-03
4.1859080e-03
3.1483090e-03
2.3183880e-03
1.7325820e-03
1.3463670e-03
1.1526340e-03
1.0983540e-03
1.1078030e-03
1.1337520e-03
1.1590650e-03
1.1817870e-03
1.1943930e-03
1.1695070e-03
1.0642240e-03
8.4369700e-04
5.4402910e-04
2.7213480e-04
3.7841820e-05
-2.1638490e-04
-4.8608930e-04
-6.8095370e-04
-7.9972970e-04
-9.2628200e-04
-1.1445710e-03
-1.4545430e-03
-1.7616720e-03
-2.0520330e-03
-2.3533190e-03
-2.6780110e-03
-3.1443480e-03
-3.8524180e-03
-4.7093600e-03
-5.4896950e-03
-5.9792000e-03
-6.0622530e-03
-5.7247260e-03
-5.2037050e-03
-4.7837150e-03
-4.5666700e-03
-4.5442540e-03
-4.6979580e-03
-5.0224510e-03
-5.4570180e-03
-5.8371060e-03
-6.0193450e-03
-5.8310550e-03
-5.1246370e-03
-4.0051960e-03
-2.5659760e-03
-8.3334450e-04
1.1047350e-03
3.1255410e-03
5.0906250e-03
6.8272940e-03
8.1572680e-03
8.9457490e-03
9.0671720e-03
8.4406420e-03
7.0930290e-03
5.2604130e-03
3.2128860e-03
1.1171770e-03
-9.5107410e-04
-2.9375850e-03
-4.7395600e-03
-6.1882850e-03
-7.1513520e-03
-7.6189010e-03
-7.5203970e-03
-6.8092400e-03
-5.5275560e-03
-3.7658390e-03
-1.6885520e-03
5.0615790e-04
2.6796700e-03
4.8503580e-03
6.9720790e-03
9.0043230e-03
1.0923850e-02
1.2672200e-02
1.4196560e-02
1.5471770e-02
1.6438620e-02
1.7158680e-02
1.7801480e-02
1.8424980e-02
1.9028370e-02
1.9633780e-02
2.0185660e-02
2.0655240e-02
2.1152200e-02
2.1746620e-02
2.2292110e-02
2.2556570e-02
2.2398990e-02
2.1774410e-02
2.0712180e-02
1.9218280e-02
1.7208180e-02
1.4503000e-02
1.1109720e-02
7.2280140e-03
3.0564400e-03
-1.2565720e-03
-5.5181840e-03
-9.4272870e-03
-1.2759420e-02
-1.5417020e-02
-1.7346520e-02
-1.8584860e-02
-1.9253040e-02
-1.9486760e-02
-1.9461640e-02
-1.9337300e-02
-1.9241300e-02
-1.9303880e-02
-1.9673740e-02
-2.0446330e-02
-2.1563360e-02
-2.2847530e-02
-2.4094780e-02
-2.5268200e-02
-2.6454110e-02
-2.7711220e-02
-2.8931240e-02
-2.9819790e-02
-3.0164750e-02
-2.9960400e-02
-2.9345960e-02
-2.8567590e-02
-2.7809750e-02
-2.7123420e-02
-2.6589070e-02
-2.6258960e-02
-2.6048020e-02
-2.5845200e-02
-2.5659060e-02
-2.5627580e-02
-2.5787310e-02
-2.6070310e-02
-2.6521820e-02
-2.7230080e-02
-2.8165300e-02
-2.9209240e-02
-3.0199050e-02
-3.0936170e-02
-3.1241490e-02
-3.1027720e-02
-3.0271400e-02
-2.9025700e-02
-2.7390290e-02
-2.5525000e-02
-2.3550810e-02
-2.1566040e-02
-1.9816080e-02
-1.8439500e-02
-1.7331420e-02
-1.6277550e-02
-1.5100730e-02
-1.3675680e-02
-1.1885540e-02
-9.8656970e-03
-7.7723740e-03
-5.6529920e-03
-3.4875240e-03
-1.2647320e-03
9.9495900e-04
3.3830970e-03
6.0084420e-03
8.8407160e-03
1.1775230e-02
1.4711540e-02
1.7585860e-02
2.0373590e-02
2.3104680e-02
2.5806890e-02
2.8312850e-02
3.0332030e-02
3.1754800e-02
3.2847250e-02
3.3853650e-02
3.4849820e-02
3.5889370e-02
3.6875850e-02
3.7775820e-02
3.8639830e-02
3.9442890e-02
4.0241870e-02
4.1048110e-02
4.1804790e-02
4.2488350e-02
4.3126530e-02
4.3654450e-02
4.4001670e-02
4.4224190e-02
4.4403810e-02
4.4500910e-02
4.4368170e-02
4.3932600e-02
4.3107090e-02
4.1848790e-02
4.0208450e-02
3.8355740e-02
3.6487180e-02
3.4724620e-02
3.3141280e-02
3.1931900e-02
3.1274580e-02
3.1098190e-02
3.1224060e-02
3.1482990e-02
3.1701760e-02
3.1636490e-02
3.0973420e-02
2.9451070e-02
2.7248990e-02
2.5067980e-02
2.3154680e-02
2.1311990e-02
1.9321550e-02
1.7071590e-02
1.4568750e-02
1.1818080e-02
8.9006350e-03
5.9446120e-03
3.0653210e-03
3.4427020e-04
-2.2169710e-03
-4.6865360e-03
-7.0640050e-03
-9.3057850e-03
-1.1313520e-02
-1.3099330e-02
-1.4759490e-02
-1.6241190e-02
-1.7416290e-02
-1.8253390e-02
-1.8832770e-02
-1.9295560e-02
-1.9709550e-02
-2.0102990e-02
-2.0446180e-02
-2.0762670e-02
-2.1065840e-02
-2.1302110e-02
-2.1504120e-02
-2.1755850e-02
-2.2063190e-02
-2.2320910e-02
-2.2473780e-02
-2.2505960e-02
-2.2379220e-02
-2.2035610e-02
-2.1471640e-02
-2.0808730e-02
-2.0147100e-02
-1.9472860e-02
-1.8799360e-02
-1.8119040e-02
-1.7367550e-02
-1.6585580e-02
-1.5889370e-02
-1.5327800e-02
-1.4824850e-02
-1.4281470e-02
-1.3577470e-02
-1.2691700e-02
-1.1684930e-02
-1.0633670e-02
-9.6200300e-03
-8.7247140e-03
-8.0162360e-03
-7.4824350e-03
-7.0064530e-03
-6.4771750e-03
-5.7811930e-03
-4.9081760e-03
-3.9181240e-03
-2.8685130e-03
-1.8066880e-03
-7.8840980e-04
9.7378940e-05
7.3615790e-04
1.0649180e-03
1.1576670e-03
1.1338040e-03
1.0740610e-03
1.0101920e-03
9.5225540e-04
9.3123030e-04
1.0259130e-03
1.3533690e-03
1.9853810e-03
2.8606600e-03
3.8731010e-03
4.9532610e-03
6.0689820e-03
7.1913150e-03
8.2329340e-03
9.0960330e-03
9.8563080e-03
1.0593590e-02
1.1369630e-02
1.2219540e-02
1.3039700e-02
1.3783090e-02
1.4367620e-02
1.4724210e-02
1.4912920e-02
1.5023910e-02
1.5055470e-02
1.4955270e-02
1.4810740e-02
1.4693450e-02
1.4619650e-02
1.4610920e-02
1.4712770e-02
1.4986680e-02
1.5429860e-02
1.5937630e-02
1.6400890e-02
1.6690660e-02
1.6761770e-02
1.6633100e-02
1.6340670e-02
1.5984760e-02
1.5729780e-02
1.5634160e-02
1.5654090e-02
1.5703880e-02
1.5678480e-02
1.5467960e-02
1.5009040e-02
1.4303770e-02
1.3352700e-02
1.2203940e-02
1.0821690e-02
9.2716020e-03
7.6156360e-03
5.7971180e-03
3.7999310e-03
1.6909580e-03
-4.6941650e-04
-2.7427150e-03
-5.0998250e-03
-7.4546850e-03
-9.6860520e-03
-1.1750030e-02
-1.3657390e-02
-1.5396960e-02
-1.6958280e-02
-1.8330550e-02
-1.9419140e-02
-2.0167610e-02
-2.0619840e-02
-2.0922290e-02
-2.1165220e-02
-2.1306290e-02
-2.1364530e-02
-2.1443750e-02
-2.1683660e-02
-2.2171730e-02
-2.2893070e-02
-2.3774300e-02
-2.4643450e-02
-2.5425980e-02
-2.6034950e-02
-2.6386240e-02
-2.6499440e-02
-2.6399930e-02
-2.6050530e-02
-2.5407170e-02
-2.4507580e-02
-2.3404980e-02
-2.2119660e-02
-2.0701910e-02
-1.9266220e-02
-1.7890080e-02
-1.6627190e-02
-1.5420070e-02
-1.4172080e-02
-1.2905920e-02
-1.1789630e-02
-1.0943380e-02
-1.0363020e-02
-9.9512740e-03
-9.6430840e-03
-9.3528490e-03
-9.0573750e-03
-8.8475120e-03
-8.7484120e-03
-8.7162050e-03
-8.6999980e-03
-8.6776170e-03
-8.6772760e-03
-8.7719890e-03
-9.0461550e-03
-9.5047440e-03
-1.0026150e-02
-1.0461230e-02
-1.0625740e-02
-1.0434020e-02
-9.9335810e-03
-9.2767440e-03
-8.5310480e-03
-7.6022270e-03
-6.4440600e-03
-5.1614370e-03
-3.9816990e-03
-3.0625650e-03
-2.4393210e-03
-2.0812690e-03
-2.0076570e-03
-2.1874530e-03
-2.4958040e-03
-2.7717590e-03
-2.9938140e-03
-3.2519280e-03
-3.6014830e-03
-4.0176350e-03
-4.5057390e-03
-5.0883840e-03
-5.8389330e-03
-6.7626300e-03
-7.7946500e-03
-8.8399760e-03
-9.7728160e-03
-1.0449690e-02
-1.0781400e-02
-1.0816300e-02
-1.0663960e-02
-1.0436560e-02
-1.0283800e-02
-1.0353580e-02
-1.0628960e-02
-1.1088810e-02
-1.1687750e-02
-1.2249560e-02
-1.2618680e-02
-1.2801860e-02
-1.2869320e-02
-1.2829070e-02
-1.2590600e-02
-1.2009520e-02
-1.1057750e-02
-9.9304990e-03
-8.7924450e-03
-7.7051470e-03
-6.6923760e-03
-5.7881910e-03
-5.0651650e-03
-4.5849300e-03
-4.3652250e-03
-4.4222650e-03
-4.6823780e-03
-5.1566140e-03
-5.8954010e-03
-6.8191060e-03
-7.7550190e-03
-8.5028690e-03
-8.9108940e-03
-8.9397380e-03
-8.5666090e-03
-7.7730580e-03
-6.6210590e-03
-5.2281580e-03
-3.7121310e-03
-2.0738350e-03
-2.8427610e-04
1.7341100e-03
4.0499230e-03
6.4630160e-03
8.6822560e-03
1.0571350e-02
1.2165750e-02
1.3589590e-02
1.4899060e-02
1.6101580e-02
1.7177230e-02
1.8154230e-02
1.8975460e-02
1.9622500e-02
2.0035870e-02
2.0195950e-02
2.0313880e-02
2.0672420e-02
2.1294630e-02
2.2036790e-02
2.2808970e-02
2.3632910e-02
2.4475070e-02
2.5252690e-02
2.5922880e-02
2.6578480e-02
2.7438060e-02
2.8630090e-02
3.0001930e-02
3.1060830e-02
3.1601040e-02
3.1653940e-02
3.1233460e-02
3.0308880e-02
2.8988600e-02
2.7632310e-02
2.6421380e-02
2.5301380e-02
2.4122500e-02
2.2775980e-02
2.1263020e-02
1.9605460e-02
1.7916480e-02
1.6313890e-02
1.4847570e-02
1.3603360e-02
1.2631940e-02
1.1975730e-02
1.1658180e-02
1.1614860e-02
1.1767060e-02
1.2063600e-02
1.2418340e-02
1.2685220e-02
1.2808590e-02
1.2800770e-02
1.2673750e-02
1.2430670e-02
1.2112360e-02
1.1803040e-02
1.1471880e-02
1.1044190e-02
1.0500300e-02
9.8117660e-03
9.0370440e-03
8.2518950e-03
7.5127430e-03
6.9318250e-03
6.4331640e-03
5.8732680e-03
5.2471230e-03
4.5899880e-03
3.8967190e-03
3.2458220e-03
2.7171950e-03
2.2970170e-03
1.9511040e-03
1.5603700e-03
1.0332900e-03
4.3694500e-04
-1.5020920e-04
-7.4516920e-04
-1.3610790e-03
-1.9996510e-03
-2.5438370e-03
-2.8623230e-03
-2.9705090e-03
-2.9628400e-03
-2.9282520e-03
-2.9148270e-03
-2.9239390e-03
-2.9173640e-03
-2.8355970e-03
-2.6268640e-03
-2.3069870e-03
-1.9635790e-03
-1.5947720e-03
-1.1783410e-03
-7.5663820e-04
-3.4336870e-04
5.3634400e-05
5.0777080e-04
1.0548550e-03
1.5580160e-03
1.8726590e-03
2.0250690e-03
2.1427510e-03
2.3310960e-03
2.5723380e-03
2.7147800e-03
2.6906880e-03
2.4765520e-03
1.9389060e-03
1.0795980e-03
1.3471130e-05
-1.1372710e-03
-2.2358220e-03
-3.1872460e-03
-4.0823710e-03
-4.9777060e-03
-5.8091120e-03
-6.4471950e-03
-6.8035430e-03
-6.9326180e-03
-6.9376650e-03
-6.8739140e-03
-6.7304320e-03
-6.4609970e-03
-6.0734980e-03
-5.6596950e-03
-5.2702620e-03
-4.9108890e-03
-4.4558800e-03
-3.7749260e-03
-2.9135010e-03
-2.0242380e-03
-1.2618370e-03
-6.7538530e-04
-1.8281070e-04
3.0577400e-04
8.8282960e-04
1.5622570e-03
2.2760770e-03
2.8599200e-03
3.3293550e-03
3.7835180e-03
4.2322250e-03
4.6491750e-03
4.9380450e-03
5.0451390e-03
4.9422050e-03
4.5905940e-03
4.0059040e-03
3.3238650e-03
2.6570680e-03
2.0016470e-03
1.3715630e-03
7.3868500e-04
-1.4601970e-05
-9.2374610e-04
-1.9336930e-03
-2.9463810e-03
-3.8416840e-03
-4.5117630e-03
-4.9365890e-03
-5.2487490e-03
-5.5759060e-03
-5.9479760e-03
-6.4084620e-03
-7.0118640e-03
-7.8641310e-03
-8.9935490e-03
-1.0301070e-02
-1.1613500e-02
-1.2850840e-02
-1.3991140e-02
-1.4947120e-02
-1.5602600e-02
-1.6033850e-02
-1.6351570e-02
-1.6545570e-02
-1.6619840e-02
-1.6591240e-02
-1.6461390e-02
-1.6232350e-02
-1.5963100e-02
-1.5757040e-02
-1.5574290e-02
-1.5249480e-02
-1.4640740e-02
-1.3746020e-02
-1.2635020e-02
-1.1387020e-02
-1.0123480e-02
-9.0071390e-03
-8.0499470e-03
-7.1915110e-03
-6.5079520e-03
-6.0472440e-03
-5.8688340e-03
-5.9720910e-03
-6.2871200e-03
-6.7363860e-03
-7.3824080e-03
-8.2665890e-03
-9.2599070e-03
-1.0222030e-02
-1.0936530e-02
-1.1269270e-02
-1.1153280e-02
-1.0627350e-02
-9.6991810e-03
-8.4004940e-03
-6.8508400e-03
-5.2792230e-03
-3.8668400e-03
-2.6167160e-03
-1.4847980e-03
-5.4299050e-04
4.5839290e-05
2.7059940e-04
1.8499600e-04
-2.1225220e-04
-9.2312120e-04
-1.8532500e-03
-2.8634290e-03
-3.8362110e-03
-4.6828120e-03
-5.3819950e-03
-5.9396280e-03
-6.3291450e-03
-6.6816190e-03
-7.0563390e-03
-7.4293740e-03
-7.7205760e-03
-7.9133240e-03
-8.0395400e-03
-8.0753210e-03
-7.9925830e-03
-7.9237740e-03
-7.9772630e-03
-8.1288220e-03
-8.3040460e-03
-8.5113350e-03
-8.6754420e-03
-8.7514120e-03
-8.7609890e-03
-8.7391270e-03
-8.7192930e-03
-8.7208610e-03
-8.7479330e-03
-8.7830860e-03
-8.7832340e-03
-8.6843830e-03
-8.4258210e-03
-8.0193990e-03
-7.5693400e-03
-7.1455940e-03
-6.7893260e-03
-6.4262800e-03
-5.9813840e-03
-5.4985240e-03
-5.0634080e-03
-4.8190810e-03
-4.8319450e-03
-5.0821600e-03
-5.4591680e-03
-5.7711730e-03
-5.9135080e-03
-5.8535610e-03
-5.5704980e-03
-5.0893800e-03
-4.5017560e-03
-3.8745020e-03
-3.3146870e-03
-2.8686010e-03
-2.4126140e-03
-1.8309540e-03
-1.1905260e-03
-6.2450910e-04
-2.1206580e-04
-1.7308940e-05
3.0730560e-05
1.1764350e-04
4.5236030e-04
1.1638750e-03
2.1909600e-03
3.4388010e-03
4.9815620e-03
6.8187360e-03
8.8806280e-03
1.1095340e-02
1.3346380e-02
1.5463020e-02
1.7409630e-02
1.9208210e-02
2.0756200e-02
2.2024230e-02
2.3082600e-02
2.4116380e-02
2.5231130e-02
2.6532350e-02
2.8120290e-02
2.9803550e-02
3.0994590e-02
3.1513060e-02
3.1564210e-02
3.1415140e-02
3.1274140e-02
3.1246120e-02
3.1345250e-02
3.1497410e-02
3.1535750e-02
3.1216720e-02
3.0303430e-02
2.8801360e-02
2.7100900e-02
2.5527180e-02
2.4093970e-02
2.2696390e-02
2.1278480e-02
1.9811670e-02
1.8347690e-02
1.6967880e-02
1.5790190e-02
1.4846920e-02
1.4063680e-02
1.3367870e-02
1.2807320e-02
1.2315020e-02
1.1800440e-02
1.1314930e-02
1.0895640e-02
1.0418950e-02
9.7468620e-03
8.9082080e-03
8.0321440e-03
7.2419320e-03
6.5602370e-03
5.9025220e-03
5.2515370e-03
4.6161860e-03
3.9724060e-03
3.3926210e-03
2.9536920e-03
2.6107630e-03
2.3243530e-03
2.1405820e-03
2.0339840e-03
1.9177380e-03
1.7185030e-03
1.4508860e-03
1.2108460e-03
9.9307720e-04
7.0885730e-04
3.2128240e-04
-1.0523250e-04
-5.1787660e-04
-8.7366270e-04
-1.2345400e-03
-1.6649500e-03
-2.1227090e-03
-2.5440090e-03
-2.8268940e-03
-2.9464790e-03
-2.9269340e-03
-2.7803970e-03
-2.5128230e-03
-2.1877770e-03
-1.9403760e-03
-1.8118520e-03
-1.7669500e-03
-1.7716010e-03
-1.8269540e-03
-1.9654490e-03
-2.2135450e-03
-2.5156610e-03
-2.7307820e-03
-2.8175610e-03
-2.8425390e-03
-2.9110840e-03
-3.1216510e-03
-3.4915750e-03
-3.9509040e-03
-4.4728320e-03
-5.0599920e-03
-5.7787890e-03
-6.6453080e-03
-7.6395570e-03
-8.7567210e-03
-9.9941090e-03
-1.1287780e-02
-1.2501520e-02
-1.3597420e-02
-1.4620130e-02
-1.5614240e-02
-1.6577880e-02
-1.7448060e-02
-1.8127370e-02
-1.8569850e-02
-1.8852520e-02
-1.9038260e-02
-1.9104910e-02
-1.9136770e-02
-1.9255920e-02
-1.9380680e-02
-1.9389390e-02
-1.9197600e-02
-1.8787190e-02
-1.8219740e-02
-1.7522410e-02
-1.6762770e-02
-1.5975480e-02
-1.5144310e-02
-1.4315630e-02
-1.3436090e-02
-1.2501310e-02
-1.1614660e-02
-1.0930540e-02
-1.0562600e-02
-1.0489800e-02
-1.0639250e-02
-1.0945370e-02
-1.1305040e-02
-1.1563650e-02
-1.1673420e-02
-1.1674370e-02
-1.1622790e-02
-1.1566500e-02
-1.1543500e-02
-1.1589130e-02
-1.1730100e-02
-1.1956860e-02
-1.2168920e-02
-1.2193710e-02
-1.2023840e-02
-1.1801770e-02
-1.1573940e-02
-1.1279650e-02
-1.0880250e-02
-1.0414610e-02
-9.9108630e-03
-9.4095160e-03
-8.9162480e-03
-8.4426110e-03
-7.9674790e-03
-7.4797690e-03
-6.9446310e-03
-6.3596850e-03
-5.7359920e-03
-5.1745330e-03
-4.7604190e-03
-4.4167620e-03
-4.0418110e-03
-3.6097070e-03
-3.0920680e-03
-2.4928740e-03
-1.8154920e-03
-1.1529360e-03
-6.0394120e-04
-1.7312710e-04
1.4834750e-04
4.5832100e-04
8.4060570e-04
1.2824850e-03
1.7726320e-03
2.2853470e-03
2.8332130e-03
3.4112080e-03
4.0172810e-03
4.5701430e-03
5.0131660e-03
5.4437720e-03
5.9575890e-03
6.5006920e-03
7.0001750e-03
7.4912790e-03
7.9653960e-03
8.2377270e-03
8.1618170e-03
7.8259160e-03
7.3757480e-03
6.9456210e-03
6.5500650e-03
6.1917560e-03
5.9710190e-03
5.9511460e-03
6.1637190e-03
6.6047190e-03
7.2225560e-03
7.9994070e-03
8.8454950e-03
9.6209630e-03
1.0239400e-02
1.0687860e-02
1.0915300e-02
1.0908730e-02
1.0672620e-02
1.0229160e-02
9.6328050e-03
8.8884710e-03
8.0501870e-03
7.2009510e-03
6.3601890e-03
5.5256280e-03
4.7957810e-03
4.1885230e-03
3.7024600e-03
3.3334810e-03
3.1163720e-03
3.0221210e-03
2.9797580e-03
2.9543150e-03
2.9721830e-03
3.1167110e-03
3.4753640e-03
4.0339880e-03
4.5988580e-03
4.9710530e-03
5.1214690e-03
5.1215870e-03
5.0504790e-03
4.9643470e-03
4.9054160e-03
4.9240130e-03
5.0857770e-03
5.4375280e-03
5.9235690e-03
6.3290700e-03
6.5036630e-03
6.4932640e-03
6.3433680e-03
6.1668430e-03
5.9837060e-03
5.6926860e-03
5.2095150e-03
4.5424360e-03
3.7582220e-03
3.0103330e-03
2.3038310e-03
1.6565770e-03
1.2429400e-03
1.0810520e-03
1.0467480e-03
9.9702770e-04
8.3099360e-04
5.4920140e-04
2.3512630e-04
-1.2655800e-04
-5.9253280e-04
-1.1605200e-03
-1.8273930e-03
-2.4947180e-03
-3.0573830e-03
-3.4912580e-03
-3.7745630e-03
-3.9567150e-03
-4.0967850e-03
-4.1445670e-03
-3.9869250e-03
-3.6422350e-03
-3.1506960e-03
-2.5401310e-03
-1.7774060e-03
-8.7932710e-04
9.4802180e-05
1.0985320e-03
2.1061700e-03
3.1061650e-03
4.0872070e-03
5.0284570e-03
5.9087570e-03
6.7235250e-03
7.5376010e-03
8.4369890e-03
9.3949640e-03
1.0400370e-02
1.1383990e-02
1.2317050e-02
1.3133410e-02
1.3860950e-02
1.4504650e-02
1.5059720e-02
1.5576510e-02
1.6054090e-02
1.6473640e-02
1.6757140e-02
1.6870490e-02
1.6794790e-02
1.6479760e-02
1.5896350e-02
1.5111190e-02
1.4170630e-02
1.3093380e-02
1.2030490e-02
1.1088050e-02
1.0240870e-02
9.4347990e-03
8.7303560e-03
8.1277670e-03
7.6241570e-03
7.2275490e-03
6.9951590e-03
6.9241820e-03
6.9563810e-03
7.0275190e-03
7.0640530e-03
6.9769360e-03
6.6712820e-03
6.1120090e-03
5.3854650e-03
4.5527270e-03
3.6025460e-03
2.5680650e-03
1.4137000e-03
1.7802570e-04
-1.1270360e-03
-2.4860630e-03
-3.8049550e-03
-5.0440770e-03
-6.1500640e-03
-7.0411890e-03
-7.7590010e-03
-8.3088080e-03
-8.6841560e-03
-8.9843320e-03
-9.2911210e-03
-9.5940730e-03
-9.9258370e-03
-1.0300110e-02
-1.0637550e-02
-1.0900820e-02
-1.1033200e-02
-1.0947640e-02
-1.0682150e-02
-1.0243920e-02
-9.6363600e-03
-8.9796590e-03
-8.3801510e-03
-7.8455260e-03
-7.3818060e-03
-6.9741830e-03
-6.6351580e-03
-6.3234740e-03
-6.0223750e-03
-5.8046810e-03
-5.6679110e-03
-5.5547410e-03
-5.4305350e-03
-5.3518420e-03
-5.4126720e-03
-5.5630990e-03
-5.7715930e-03
-6.0563680e-03
-6.3758920e-03
-6.6086310e-03
-6.7154920e-03
-6.7358380e-03
-6.7178840e-03
-6.6939000e-03
-6.6717460e-03
-6.6494410e-03
-6.6298360e-03
-6.6396490e-03
-6.7289500e-03
-6.9576410e-03
-7.3309730e-03
-7.7890510e-03
-8.3227290e-03
-8.9433130e-03
-9.6931610e-03
-1.0519760e-02
-1.1291350e-02
-1.1912720e-02
-1.2354710e-02
-1.2559260e-02
-1.2524050e-02
-1.2294330e-02
-1.1952310e-02
-1.1610490e-02
-1.1252910e-02
-1.0824900e-02
-1.0337390e-02
-9.8056860e-03
-9.2965240e-03
-8.8805560e-03
-8.6519890e-03
-8.6103090e-03
-8.6664470e-03
-8.7009560e-03
-8.5863840e-03
-8.2306900e-03
-7.6615490e-03
-7.0887760e-03
-6.7190020e-03
-6.5787920e-03
-6.5837390e-03
-6.6398480e-03
-6.6838390e-03
-6.6937230e-03
-6.6772260e-03
-6.6650630e-03
-6.6978880e-03
-6.8193940e-03
-7.0323540e-03
