0.01
-4.1214100e-03
-4.9848900e-03
-7.0528010e-03
-9.7825090e-03
-1.0850230e-02
-8.7579680e-03
-4.3360780e-03
2.2093700e-04
3.6154100e-03
4.7151470e-03
3.9814460e-03
2.6773850e-03
1.0048800e-03
-1.2060520e-03
-3.9827750e-03
-6.0857040e-03
-5.6857690e-03
-2.2782760e-03
1.9456500e-03
4.6639420e-03
4.7868420e-03
2.9070550e-03
-7.2046210e-05
-4.1402240e-03
-8.8684610e-03
-1.1965890e-02
-1.0573710e-02
-4.0697540e-03
3.6780810e-03
7.7796890e-03
6.5047650e-03
2.0907590e-03
-1.0969090e-03
-1.1619800e-03
9.6957210e-04
3.4679140e-03
5.2182560e-03
6.5053370e-03
6.6147040e-03
5.9031790e-03
5.6910380e-03
5.9676610e-03
5.2585790e-03
2.3432540e-03
-1.4324100e-03
-4.8051200e-03
-6.1206470e-03
-4.8410770e-03
-2.0362700e-03
-2.7227400e-04
-1.1393810e-03
-2.9551080e-03
-2.8322490e-03
-3.9570860e-04
1.9702100e-03
2.7304910e-03
1.7693320e-03
3.2986320e-04
-6.0976780e-04
-1.2186160e-03
5.4976980e-04
5.4878710e-03
9.2623490e-03
8.8996910e-03
5.9525190e-03
1.9274580e-03
-3.6517850e-03
-9.5533610e-03
-1.0673730e-02
-5.1033400e-03
2.9314970e-03
7.3834460e-03
5.6226310e-03
1.4316920e-03
-3.7384620e-04
-1.8563640e-04
-1.7514930e-04
-8.8599870e-04
-1.2446080e-03
-2.0554290e-04
3.0720110e-03
7.7527220e-03
1.0197710e-02
7.9247870e-03
2.9360900e-03
-2.2449670e-03
-6.7136310e-03
-1.0252970e-02
-1.2561590e-02
-1.1891980e-02
-7.8419790e-03
-2.2510680e-03
2.1081000e-03
3.3730640e-03
1.2548310e-03
-2.3746960e-03
-6.5549380e-03
-1.1212040e-02
-1.6702450e-02
-2.0523870e-02
-1.8607190e-02
-9.1785120e-03
6.1886620e-03
2.2954300e-02
3.4215450e-02
3.5894200e-02
2.8285750e-02
1.5503000e-02
2.7984510e-03
-5.9963780e-03
-9.8295270e-03
-1.0689460e-02
-1.2153130e-02
-1.5883320e-02
-1.8285150e-02
-1.4756310e-02
-6.1565220e-03
2.8073010e-03
8.6196520e-03
1.0761080e-02
1.0658730e-02
9.4015720e-03
7.9319870e-03
7.6455140e-03
8.5292240e-03
9.8049420e-03
1.0657900e-02
9.3967250e-03
5.0480180e-03
-1.2695520e-03
-7.9558690e-03
-1.2690680e-02
-1.3802900e-02
-1.1935920e-02
-8.8590960e-03
-5.9553890e-03
-4.0256870e-03
-3.2365940e-03
-2.7092490e-03
-1.4001910e-03
1.5278500e-04
1.4639420e-03
2.0574410e-03
2.0278360e-03
-3.3174850e-04
-7.0920600e-03
-1.5710130e-02
-1.9533360e-02
-1.3700960e-02
-1.4498740e-04
1.3393030e-02
1.9480470e-02
1.6332600e-02
7.8113560e-03
1.3277410e-04
-3.3533050e-03
-3.1560410e-03
1.5679170e-04
5.7532440e-03
1.0362460e-02
1.0763580e-02
6.7281480e-03
-8.9992790e-05
-7.1731370e-03
-1.1682500e-02
-1.1690780e-02
-9.0358160e-03
-7.9753250e-03
-1.0031780e-02
-1.1782030e-02
-7.7910280e-03
3.1066370e-03
1.5018020e-02
2.0317060e-02
1.8501520e-02
1.4939670e-02
1.3252130e-02
1.1497700e-02
7.0144240e-03
-6.1229170e-04
-9.5388260e-03
-1.5547770e-02
-1.7200560e-02
-1.5486580e-02
-9.9964000e-03
-9.7025120e-04
9.5555810e-03
1.7564660e-02
1.9262960e-02
1.3427950e-02
3.2016930e-03
-6.4182230e-03
-1.2510940e-02
-1.3787080e-02
-1.2065360e-02
-9.7921190e-03
-6.8950480e-03
-2.3450320e-03
4.2430570e-03
1.1350600e-02
1.4518060e-02
1.1350030e-02
4.1869730e-03
-2.2473880e-03
-5.9133940e-03
-7.1170560e-03
-6.9141480e-03
-5.7594540e-03
-4.3796590e-03
-3.7875630e-03
-3.2223690e-03
-1.9838000e-03
5.4448370e-05
1.4970140e-03
9.5008980e-04
-1.5530080e-04
1.6734420e-04
1.4854990e-03
1.1524620e-03
-1.6041460e-03
-4.5619820e-03
-3.2558600e-03
3.0499860e-03
1.0516970e-02
1.3346040e-02
9.5258990e-03
3.2432310e-03
-2.1537530e-04
-3.4034040e-04
9.2801860e-04
2.7641940e-03
4.9453090e-03
6.5700970e-03
5.7036170e-03
1.8831770e-03
-3.1589100e-03
-6.7776130e-03
-7.1165590e-03
-4.9997730e-03
-2.7713240e-03
-3.4907810e-03
-8.7068380e-03
-1.4890660e-02
-1.6523320e-02
-1.0094940e-02
2.9903380e-03
1.7533160e-02
2.6804130e-02
2.7300140e-02
2.1712310e-02
1.3333420e-02
2.0585510e-03
-1.2438990e-02
-2.7067290e-02
-3.4359320e-02
-3.0236160e-02
-1.7789400e-02
-5.1863670e-03
9.0598460e-04
-5.2987570e-05
-4.1732340e-03
-6.8462060e-03
-5.6956880e-03
-2.5070120e-03
-2.2517700e-04
3.0874120e-03
1.1483470e-02
2.4605720e-02
3.6612940e-02
3.9964600e-02
3.2965860e-02
2.0545300e-02
9.7427650e-03
3.6189210e-03
-2.5933420e-05
-5.0775850e-03
-1.3869980e-02
-2.4484690e-02
-3.1395800e-02
-2.9566580e-02
-1.8130700e-02
-2.4963440e-03
7.4647160e-03
7.1071640e-03
-3.9047840e-04
-8.9381810e-03
-1.2536840e-02
-9.9242280e-03
-6.0915990e-03
-6.2627700e-03
-9.7671780e-03
-1.0462560e-02
-4.5488150e-03
5.1971120e-03
1.3357020e-02
1.4164040e-02
7.3082080e-03
-1.6948880e-03
-7.4492870e-03
-6.2353880e-03
7.8124940e-05
6.4923780e-03
8.5277930e-03
6.1316330e-03
2.4754520e-03
2.2887100e-05
6.6853810e-04
4.1401370e-03
7.4330860e-03
5.7579190e-03
-2.2489110e-03
-1.2620300e-02
-1.8721670e-02
-1.6732700e-02
-7.8670900e-03
2.7742850e-03
9.3932810e-03
9.8691750e-03
6.5261960e-03
2.2839100e-03
-1.6365140e-03
-5.8876080e-03
-8.7056190e-03
-8.1406070e-03
-4.7641460e-03
-4.3689590e-04
2.9085480e-03
5.7032740e-03
8.8308590e-03
1.1520970e-02
1.1407220e-02
7.7504440e-03
2.9518700e-03
-1.4556660e-04
-4.7831320e-04
2.2246080e-03
7.6654620e-03
1.2450380e-02
1.3373720e-02
1.1623680e-02
1.1852400e-02
1.6464590e-02
2.2189490e-02
2.4146690e-02
2.1428590e-02
1.7637010e-02
1.6299160e-02
1.7563590e-02
1.9401370e-02
1.9110780e-02
1.5783700e-02
1.0665490e-02
3.6444430e-03
-6.1408040e-03
-1.7478790e-02
-2.7471870e-02
-3.4505130e-02
-3.8005840e-02
-3.7432480e-02
-3.3253970e-02
-2.6371060e-02
-1.8832880e-02
-1.2825920e-02
-8.1428610e-03
-2.6360300e-03
4.6480220e-03
1.0441860e-02
1.1502190e-02
8.9063100e-03
6.5084860e-03
6.9430110e-03
1.0414620e-02
1.4590610e-02
1.7325650e-02
1.7534230e-02
1.4573540e-02
6.9542590e-03
-6.5295850e-03
-2.2662550e-02
-3.0969940e-02
-2.2515880e-02
-7.4280240e-05
2.3777980e-02
3.7089470e-02
3.7248020e-02
2.8220810e-02
1.5036650e-02
3.2982560e-03
-1.5120200e-03
1.2168760e-03
7.7492390e-03
1.1131930e-02
7.5668360e-03
1.4342910e-03
-1.2960530e-03
-1.1494830e-03
-2.2376090e-03
-6.9361650e-03
-1.3605090e-02
-1.8780020e-02
-1.9872260e-02
-1.4390800e-02
-6.4672420e-04
2.0024090e-02
4.4499480e-02
6.6723300e-02
8.2593300e-02
8.9884320e-02
8.2682060e-02
5.7466670e-02
2.3149750e-02
-2.7903680e-03
-1.4540380e-02
-2.3275150e-02
-4.3337940e-02
-7.5134420e-02
-1.0595750e-01
-1.2459540e-01
-1.3005770e-01
-1.2611450e-01
-1.1633020e-01
-1.0256200e-01
-8.5205260e-02
-6.3584620e-02
-3.5585350e-02
5.8556570e-05
3.9581890e-02
6.9770350e-02
7.4393050e-02
5.1998580e-02
2.0576170e-02
1.6521610e-03
5.2408800e-03
2.4867290e-02
4.2802510e-02
4.5728640e-02
3.3875400e-02
1.9487860e-02
1.6862410e-02
2.9177780e-02
4.4494460e-02
4.6631650e-02
2.9138630e-02
-8.9169170e-04
-2.9521940e-02
-4.5882140e-02
-4.7095270e-02
-3.8282060e-02
-2.7455160e-02
-2.0753380e-02
-2.0364010e-02
-2.4783700e-02
-3.0409760e-02
-3.1466950e-02
-2.3268550e-02
-7.1362550e-03
7.9360150e-03
1.1179210e-02
-2.1918470e-03
-2.5259130e-02
-4.5055000e-02
-5.3720800e-02
-5.2840940e-02
-5.0341640e-02
-5.1668050e-02
-5.4149410e-02
-5.1383770e-02
-4.0283920e-02
-2.6437440e-02
-1.7990660e-02
-1.6059380e-02
-1.0752040e-02
1.0485320e-02
4.7385340e-02
8.3189540e-02
1.0185360e-01
1.0120890e-01
8.8974400e-02
7.5202810e-02
6.4112060e-02
5.3468620e-02
4.0145060e-02
2.3154460e-02
3.8225590e-03
-1.2990330e-02
-2.0673910e-02
-1.3890440e-02
6.0572800e-03
3.1382260e-02
5.5373170e-02
6.6137290e-02
5.3317230e-02
1.8531070e-02
-2.3849700e-02
-5.6063850e-02
-6.9542590e-02
-7.1904210e-02
-7.6009090e-02
-8.5230400e-02
-9.0800090e-02
-7.6080520e-02
-3.1291420e-02
2.8874900e-02
7.5489330e-02
8.9955100e-02
7.6728780e-02
5.5162200e-02
4.2988910e-02
4.2333050e-02
4.3941750e-02
4.0627260e-02
3.2352460e-02
2.4295600e-02
1.9421460e-02
1.5497390e-02
7.5581480e-03
-7.0800240e-03
-2.5434230e-02
-4.0940500e-02
-4.9237450e-02
-5.0726090e-02
-4.8047090e-02
-4.4155070e-02
-3.9403760e-02
-3.1109870e-02
-1.7426410e-02
-2.7124170e-03
5.1580530e-03
2.7712590e-03
-8.5149940e-03
-2.2045540e-02
-2.9204310e-02
-2.8846640e-02
-2.5671810e-02
-2.1485890e-02
-1.3689880e-02
-1.6627410e-04
1.7445530e-02
3.4810560e-02
4.7991090e-02
5.5345730e-02
5.6588150e-02
5.3467140e-02
4.8773840e-02
4.4863250e-02
4.1695480e-02
3.7100320e-02
2.9156670e-02
1.7278180e-02
3.8463500e-03
-5.9673260e-03
-7.8670040e-03
-1.2739520e-03
1.0664710e-02
2.3476420e-02
3.2727670e-02
3.6050490e-02
3.5291340e-02
3.2795750e-02
2.8505220e-02
2.1935470e-02
1.3535730e-02
7.0500170e-03
5.4495690e-03
6.9418740e-03
7.3610300e-03
2.9787260e-03
-6.1706270e-03
-1.7438200e-02
-2.7784270e-02
-3.5928670e-02
-4.1510530e-02
-4.4885730e-02
-4.5166050e-02
-4.2015120e-02
-3.7154210e-02
-3.4520010e-02
-3.7316730e-02
-4.3916000e-02
-4.9049200e-02
-4.8018390e-02
-3.9074640e-02
-2.4444080e-02
-9.4201510e-03
2.1056510e-03
1.0648720e-02
1.6580920e-02
1.8104230e-02
1.3597400e-02
4.9497650e-03
-4.3269720e-03
-1.1684510e-02
-1.5710780e-02
-1.7805360e-02
-2.0757150e-02
-2.5358780e-02
-2.9582690e-02
-3.0330250e-02
-2.4625110e-02
-1.1763610e-02
5.6900230e-03
2.2366260e-02
3.2889020e-02
3.5062570e-02
3.1190000e-02
2.5317840e-02
2.0146560e-02
1.6581890e-02
1.4631250e-02
1.2326760e-02
6.8952000e-03
-2.3352730e-03
-1.3604470e-02
-2.2686550e-02
-2.5565560e-02
-1.9652600e-02
-4.9860270e-03
1.4547360e-02
3.2050210e-02
4.0746390e-02
3.8066670e-02
2.7142010e-02
1.4557340e-02
7.5374150e-03
1.0803800e-02
2.4230380e-02
4.1832940e-02
5.5437670e-02
5.9366420e-02
5.2752560e-02
3.7938070e-02
1.7555450e-02
-5.4686270e-03
-2.6274550e-02
-3.8051470e-02
-3.8218770e-02
-3.0727110e-02
-2.1506320e-02
-1.3762070e-02
-8.8946950e-03
-8.0426170e-03
-1.1886070e-02
-1.9514740e-02
-2.8749300e-02
-3.6970320e-02
-4.1315640e-02
-4.1115040e-02
-3.7230660e-02
-3.1457680e-02
-2.5485750e-02
-1.9770130e-02
-1.3659820e-02
-6.2609730e-03
2.2025700e-03
1.0241090e-02
1.4726990e-02
1.4307850e-02
9.6219060e-03
3.1329550e-03
-3.3886190e-03
-9.9534380e-03
-1.4723440e-02
-1.4559460e-02
-8.3607950e-03
2.1025010e-03
1.4477340e-02
2.5105940e-02
3.1217230e-02
3.2815510e-02
3.1548090e-02
2.8928900e-02
2.4131470e-02
1.7509790e-02
1.1707180e-02
8.4930490e-03
6.7986830e-03
3.8572110e-03
-3.4363360e-03
-1.5529540e-02
-2.8483080e-02
-3.8229820e-02
-4.3112540e-02
-4.4054030e-02
-4.3253750e-02
-4.2112550e-02
-4.0069300e-02
-3.6339270e-02
-3.1457860e-02
-2.6393880e-02
-2.1753050e-02
-1.7773680e-02
-1.3430640e-02
-7.6014060e-03
2.1594450e-04
1.1661230e-02
2.5149210e-02
3.5841400e-02
4.0087800e-02
3.7732300e-02
3.1323230e-02
2.5109200e-02
2.2291940e-02
2.4366250e-02
3.0197960e-02
3.5900840e-02
3.7653610e-02
3.5487470e-02
3.2705990e-02
3.1301380e-02
3.2084060e-02
3.3890810e-02
3.5019410e-02
3.5239450e-02
3.4690220e-02
3.3280910e-02
3.1963370e-02
3.1228130e-02
3.0913150e-02
3.0350890e-02
2.8903340e-02
2.5582110e-02
1.9937490e-02
1.1834700e-02
2.8614640e-03
-6.2691230e-03
-1.5537650e-02
-2.3835840e-02
-3.0118820e-02
-3.3614650e-02
-3.5113340e-02
-3.5439690e-02
-3.5281140e-02
-3.4264810e-02
-3.1484340e-02
-2.6519770e-02
-1.9520460e-02
-1.2067230e-02
-6.8226950e-03
-5.1966150e-03
-6.9239390e-03
-9.8405150e-03
-1.1935290e-02
-1.2895530e-02
-1.3637620e-02
-1.5812230e-02
-2.1043890e-02
-2.7989300e-02
-3.2594460e-02
-3.3244520e-02
-3.0566420e-02
-2.6439650e-02
-2.2603550e-02
-2.0641290e-02
-2.1692680e-02
-2.5568870e-02
-3.0327100e-02
-3.3417080e-02
-3.3298170e-02
-2.9522280e-02
-2.2635020e-02
-1.3621940e-02
-4.2896150e-03
2.8412090e-03
6.7870680e-03
7.5685310e-03
5.6997020e-03
2.6852780e-03
2.3047630e-04
-1.4684590e-03
-4.0452340e-03
-6.9635330e-03
-7.8027320e-03
-5.1875620e-03
-9.5530780e-05
5.6876030e-03
1.0653090e-02
1.4317610e-02
1.7612690e-02
2.2231710e-02
2.8246530e-02
3.3958210e-02
3.6969200e-02
3.5920900e-02
3.1327450e-02
2.4890140e-02
1.8677270e-02
1.5365260e-02
1.5631530e-02
1.8092440e-02
2.0652000e-02
2.2179860e-02
2.1324020e-02
1.7517880e-02
1.1458650e-02
4.7252470e-03
4.4374800e-05
-5.2167730e-04
3.2420770e-03
1.0316210e-02
1.7386910e-02
2.2391910e-02
2.5291560e-02
2.6113140e-02
2.4334460e-02
1.9476350e-02
1.1294450e-02
9.9020600e-04
-7.9347380e-03
-1.2891130e-02
-1.3732070e-02
-1.2053860e-02
-9.8500530e-03
-7.7829050e-03
-6.3017720e-03
-5.7972990e-03
-5.2389300e-03
-3.7555420e-03
-1.4192680e-03
6.6920910e-05
-2.6589030e-04
-2.2473560e-03
-3.8749390e-03
-2.9156210e-03
-5.0886920e-04
1.1542110e-04
-2.2918300e-03
-6.9271220e-03
-1.0921310e-02
-1.1677310e-02
-9.1721300e-03
-5.9213050e-03
-3.9969640e-03
-4.2608800e-03
-5.8201520e-03
-6.0430950e-03
-3.2010780e-03
2.8700280e-03
1.0808470e-02
1.6969940e-02
1.7775030e-02
1.3258530e-02
5.0921330e-03
-4.4125510e-03
-1.3704050e-02
-2.0566010e-02
-2.3677050e-02
-2.3638240e-02
-2.1430270e-02
-1.8094270e-02
-1.4435720e-02
-1.0141540e-02
-5.8607030e-03
-2.3140920e-03
9.6959830e-05
1.5732050e-03
2.0011750e-03
1.6651430e-03
7.7288340e-04
1.9671330e-05
-9.8067880e-05
-5.5697280e-04
-1.7319160e-03
-2.1750140e-03
-2.1433320e-03
-3.1232210e-03
-5.9272470e-03
-1.0008040e-02
-1.3867390e-02
-1.5498140e-02
-1.4221830e-02
-1.1454300e-02
-8.3108730e-03
-5.9986400e-03
-3.7041910e-03
-5.1577330e-04
2.8541350e-03
6.7814120e-03
1.1468370e-02
1.5631430e-02
1.7240660e-02
1.4485890e-02
7.9185560e-03
-4.8702970e-04
-8.8326120e-03
-1.4551720e-02
-1.7113620e-02
-1.8466020e-02
-1.9790630e-02
-2.1696510e-02
-2.3437480e-02
-2.3740800e-02
-2.2403540e-02
-1.9980660e-02
-1.7479920e-02
-1.4956140e-02
-1.2727380e-02
-1.0998730e-02
-9.8809800e-03
-8.9707470e-03
-7.8974890e-03
-6.9605590e-03
-7.1569980e-03
-8.8577770e-03
-1.0817410e-02
-1.1911290e-02
-1.1973710e-02
-1.0806560e-02
-7.9702970e-03
-3.9817930e-03
-3.1379700e-04
1.8234590e-03
2.8830620e-03
3.7773150e-03
4.4792840e-03
5.0597280e-03
6.4334890e-03
8.7600890e-03
1.2468760e-02
1.7528970e-02
2.3211670e-02
2.8104550e-02
3.1339730e-02
3.2702320e-02
3.2369360e-02
3.1799390e-02
3.1513940e-02
3.0728000e-02
2.7299930e-02
2.1289420e-02
1.4670200e-02
9.3413350e-03
5.9934860e-03
4.5822100e-03
3.7288530e-03
2.8175840e-03
2.7512170e-03
4.7879110e-03
9.5867280e-03
1.6366910e-02
2.3505140e-02
2.8887010e-02
3.0259450e-02
2.7188920e-02
2.0390320e-02
1.1292000e-02
2.2688850e-03
-4.3840860e-03
-8.9414970e-03
-1.1698970e-02
-1.2947660e-02
-1.3847920e-02
-1.4758900e-02
-1.4854300e-02
-1.2718230e-02
-7.2885030e-03
1.2475140e-03
1.1379530e-02
1.9213510e-02
2.2486580e-02
2.2254650e-02
2.0403650e-02
1.8362710e-02
1.6483940e-02
1.4417140e-02
1.1748260e-02
8.3099920e-03
4.0964180e-03
-2.2693370e-04
-5.2063050e-03
-1.0872590e-02
-1.5482590e-02
-1.8051840e-02
-1.9583330e-02
-2.0612320e-02
-2.1663870e-02
-2.3588080e-02
-2.6544330e-02
-2.9495540e-02
-3.0236410e-02
-2.6881310e-02
-1.9181030e-02
-8.3401030e-03
1.8334900e-03
8.8981660e-03
1.2132420e-02
1.1880130e-02
1.0564390e-02
9.4554580e-03
8.7695450e-03
8.6702340e-03
8.5084050e-03
7.6848430e-03
6.8074590e-03
6.5399090e-03
6.8060740e-03
7.5610570e-03
8.7080060e-03
1.0453280e-02
1.2844930e-02
1.5173670e-02
1.5582190e-02
1.3579670e-02
9.4871240e-03
3.8899980e-03
-2.1604930e-03
-8.0012050e-03
-1.2834350e-02
-1.5629840e-02
-1.6066170e-02
-1.4511420e-02
-1.1060600e-02
-6.8924500e-03
-3.2312440e-03
-9.1935760e-04
-1.9902930e-04
-1.4141930e-03
-3.6863030e-03
-4.9996890e-03
-5.5099780e-03
-5.6073860e-03
-3.9854330e-03
-1.4619390e-03
-1.7069740e-05
8.0284940e-05
-1.4381600e-03
-4.9843100e-03
-8.8103650e-03
-1.0891080e-02
-1.1009060e-02
-9.8972160e-03
-7.8462420e-03
-5.1049290e-03
-2.2186460e-03
9.5471960e-04
4.8643160e-03
8.3715920e-03
9.7893970e-03
9.4531740e-03
8.8511640e-03
9.5428080e-03
1.1428550e-02
1.3694010e-02
1.5542060e-02
1.5215050e-02
1.1735170e-02
6.6396320e-03
1.9303210e-03
-1.3028600e-03
-2.9989870e-03
-3.0905320e-03
-1.9275860e-03
-5.7261500e-04
2.9642080e-04
1.5528220e-03
2.8725850e-03
3.7541610e-03
3.7468970e-03
2.6621270e-03
1.0979100e-03
-3.4079180e-04
-2.1218540e-03
-3.9740410e-03
-5.0030490e-03
-5.1312850e-03
-4.9532310e-03
-5.0402050e-03
-6.0162150e-03
-7.9800840e-03
-9.9013620e-03
-9.9881260e-03
-6.7545390e-03
-3.7731680e-04
6.7814830e-03
1.2566250e-02
1.5395230e-02
1.4585940e-02
1.0534880e-02
3.9183850e-03
-4.3194010e-03
-1.2716220e-02
-1.8615110e-02
-2.0665120e-02
-1.9844610e-02
-1.7632010e-02
-1.4682830e-02
-1.1985350e-02
-1.0960520e-02
-1.1650660e-02
-1.3085980e-02
-1.4531580e-02
-1.5080140e-02
-1.4574860e-02
-1.2877390e-02
-1.0960060e-02
-9.9338670e-03
-9.7700070e-03
-1.0051530e-02
-1.0813190e-02
-1.1843140e-02
-1.2948780e-02
-1.3781050e-02
-1.3675720e-02
-1.2954040e-02
-1.2929110e-02
-1.3677590e-02
-1.3902990e-02
-1.2712740e-02
-1.0082520e-02
-6.9089750e-03
-3.9324650e-03
-2.2699160e-03
-3.0756790e-03
-5.7969220e-03
-9.2226940e-03
-1.2604670e-02
-1.4847520e-02
-1.5873590e-02
-1.5697550e-02
-1.3742910e-02
-9.9950330e-03
-5.1760110e-03
2.5481000e-04
5.3861210e-03
7.7548660e-03
6.7443570e-03
3.5535280e-03
2.4773200e-04
-1.4369010e-03
-2.0551910e-03
-1.9218640e-03
-1.3250480e-03
-1.0618090e-03
-9.0656960e-04
-5.7620630e-04
1.9704010e-04
2.7853950e-03
6.5485420e-03
9.6799750e-03
1.1559530e-02
1.2587460e-02
1.3501700e-02
1.4564630e-02
1.5429600e-02
1.5450730e-02
1.4608540e-02
1.3464750e-02
1.2523200e-02
1.2627150e-02
1.4435650e-02
1.7617560e-02
2.1049320e-02
2.3506350e-02
2.5218940e-02
2.6206130e-02
2.6210160e-02
2.5225010e-02
2.3497150e-02
2.1028570e-02
1.7649950e-02
1.4530020e-02
1.2413170e-02
1.1605460e-02
1.2724000e-02
1.5305990e-02
1.7539710e-02
1.8302100e-02
1.7573760e-02
1.6364580e-02
1.5512280e-02
1.5579530e-02
1.6274130e-02
1.6672070e-02
1.6292760e-02
1.4683510e-02
1.2263940e-02
9.9188990e-03
8.6815270e-03
7.3250790e-03
4.1826510e-03
-4.3853740e-04
-5.9855360e-03
-1.0589860e-02
-1.3137350e-02
-1.4663440e-02
-1.5766290e-02
-1.6756580e-02
-1.7763440e-02
-1.8522440e-02
-1.8952780e-02
-1.9421380e-02
-1.9821310e-02
-2.0568160e-02
-2.1670660e-02
-2.2624410e-02
-2.2505230e-02
-2.0691970e-02
-1.7766080e-02
-1.4643930e-02
-1.1980890e-02
-1.0018250e-02
-7.6885020e-03
-4.0162830e-03
-5.1539500e-04
1.2047870e-03
1.6402890e-03
1.0064720e-03
-3.9839950e-04
-1.9144690e-03
-2.0054110e-03
-3.7409300e-04
2.0364050e-03
4.6623730e-03
6.6216600e-03
7.7745450e-03
8.7240840e-03
9.4551610e-03
9.6564450e-03
9.8900600e-03
1.0233170e-02
9.7993180e-03
8.8907380e-03
7.2007470e-03
4.0718250e-03
9.7563310e-04
-1.5410180e-03
-3.6173540e-03
-4.2910820e-03
-3.9358580e-03
-3.0394000e-03
-2.2502240e-03
-1.8455510e-03
-1.3705190e-03
-8.6691350e-04
-2.5668090e-04
-9.6178030e-05
-3.1738050e-04
2.1705130e-04
2.5609620e-03
5.7209410e-03
8.8109030e-03
1.1354390e-02
1.2833250e-02
1.3350420e-02
1.2545750e-02
1.0786690e-02
8.5755530e-03
5.5509440e-03
2.1486790e-03
-4.1411840e-04
-1.9416000e-03
-2.0862010e-03
-1.1837170e-03
-4.2734280e-05
7.9220470e-04
8.0292050e-04
2.2411790e-05
-1.2639850e-03
-3.0731440e-03
-4.8047080e-03
-6.1849580e-03
-7.9274850e-03
-9.8023650e-03
-1.0959470e-02
-1.0830270e-02
-8.8926130e-03
-5.1328470e-03
-2.6688600e-06
5.7646950e-03
1.0453960e-02
1.2625450e-02
1.2649980e-02
1.1480770e-02
9.6882330e-03
7.7468250e-03
5.5815780e-03
2.8813180e-03
-3.6103300e-05
-3.2218910e-03
-6.8493160e-03
-1.0043670e-02
-1.1635300e-02
-1.0960160e-02
-9.0046910e-03
-6.8976810e-03
-4.8837370e-03
-3.3771260e-03
-2.6955740e-03
-2.3602510e-03
-2.8186570e-03
-4.2902570e-03
-6.7310050e-03
-9.1252280e-03
-1.0681830e-02
-1.0983560e-02
-1.0774390e-02
-1.0980860e-02
-1.1895940e-02
-1.2559410e-02
-1.2058900e-02
-1.0876910e-02
-8.9050960e-03
-5.7796300e-03
-2.2832370e-03
-2.5677980e-04
2.7941520e-04
4.1034900e-04
2.6397320e-04
5.0294270e-04
1.1491540e-03
2.5007670e-03
4.1539050e-03
5.4112920e-03
4.8902910e-03
2.7385460e-03
4.2302310e-05
-2.2953020e-03
-3.9008990e-03
-4.1095130e-03
-2.9144040e-03
-1.1885140e-03
-2.3753830e-04
-9.7609070e-07
8.8206410e-04
2.7724340e-03
4.7121840e-03
5.7544700e-03
5.7243070e-03
4.9217620e-03
3.4114490e-03
1.2951300e-03
-4.4239020e-04
-1.9636490e-03
-3.0861950e-03
-3.8838970e-03
-5.2137650e-03
-7.8553870e-03
-1.0891760e-02
-1.2647200e-02
-1.2180940e-02
-9.5782510e-03
-5.0300800e-03
-3.4008570e-04
2.8747370e-03
5.0314340e-03
6.3171580e-03
6.0092380e-03
4.6691320e-03
2.7629080e-03
9.2458870e-04
-7.8242080e-05
-2.8718030e-04
-2.4446190e-06
8.8218940e-04
1.7884750e-03
1.7810780e-03
8.5879820e-04
-9.5728060e-06
-1.8760910e-04
-1.3621600e-04
-1.9064850e-04
1.0532380e-05
8.8170690e-04
1.5868970e-03
1.1664650e-03
-3.2344260e-04
-3.0115740e-03
-5.9864130e-03
-7.8598050e-03
-8.0142400e-03
-6.8822880e-03
-5.1036980e-03
-2.9884760e-03
-1.1737490e-04
3.6995990e-03
7.9300590e-03
1.1380220e-02
1.2485070e-02
1.1906350e-02
1.1319700e-02
1.0898330e-02
1.0318320e-02
8.8265400e-03
6.8280860e-03
4.5369920e-03
1.8920580e-03
5.2639110e-05
-3.4441480e-04
4.9888310e-05
7.0912020e-04
1.0117340e-03
7.5592920e-04
-1.4060340e-04
-1.0389600e-03
-1.0491840e-03
-2.0891580e-04
8.4962270e-04
1.8933800e-03
2.9154750e-03
3.4132870e-03
3.2761670e-03
3.5188050e-03
3.7488370e-03
4.0110000e-03
4.5757100e-03
4.8196690e-03
4.7751840e-03
4.7452930e-03
4.8117850e-03
4.7021760e-03
3.8234600e-03
1.8694240e-03
-1.1994330e-03
-4.8920220e-03
-8.0239300e-03
-9.7838880e-03
-9.9090270e-03
-9.0344580e-03
-7.7238260e-03
-6.1338210e-03
-4.8999410e-03
-4.1867600e-03
-3.7666290e-03
-3.2473150e-03
-3.0441660e-03
-2.8781330e-03
-2.3552030e-03
-1.6304180e-03
-6.3898660e-04
1.7164640e-04
1.9499030e-03
4.4507090e-03
6.0937320e-03
6.3312060e-03
5.0691980e-03
3.7097150e-03
2.7218490e-03
2.0239840e-03
1.5796220e-03
1.0757450e-03
8.6587660e-04
6.0867490e-04
9.7441300e-05
-2.7676140e-07
-3.8182600e-04
-2.0559030e-03
-3.8300590e-03
-4.0978160e-03
-3.1488320e-03
-1.8135530e-03
-5.9961310e-04
4.7373140e-04
2.3715400e-03
4.0395980e-03
4.6791460e-03
3.7548620e-03
1.7524020e-03
2.0197620e-04
-3.1565170e-04
-1.2281690e-03
-2.8824810e-03
-3.9633420e-03
-4.1213900e-03
-4.0460990e-03
-4.0360860e-03
-3.7702110e-03
-3.4407480e-03
-3.7570600e-03
-4.0406850e-03
-4.0880630e-03
-4.1169950e-03
-3.6709790e-03
-2.5705170e-03
-1.5717710e-03
-4.8161670e-04
1.2738990e-05
4.3040140e-05
-4.4307900e-04
-1.8030020e-03
-3.1067420e-03
-4.1287120e-03
-4.8468110e-03
-5.0469600e-03
-5.0815670e-03
-4.9334700e-03
-3.9651610e-03
-2.1422250e-03
-1.0584350e-04
1.8390730e-03
3.7872460e-03
5.8163760e-03
7.6221940e-03
8.6112510e-03
8.8413560e-03
8.6237750e-03
7.5657730e-03
5.8700740e-03
4.7565870e-03
4.7909110e-03
5.6527420e-03
6.7483430e-03
7.8554560e-03
8.4416650e-03
7.8220440e-03
6.6731890e-03
5.8526660e-03
5.6469500e-03
5.6734880e-03
5.9555840e-03
6.5812560e-03
6.6711890e-03
5.9231120e-03
4.6193100e-03
2.7871460e-03
1.0533960e-03
-2.6400490e-04
-2.0874870e-03
-4.8176140e-03
-8.1963670e-03
-1.1666440e-02
-1.3714660e-02
-1.3910450e-02
-1.2891290e-02
-1.0640040e-02
-7.0218570e-03
-3.1799290e-03
2.8452860e-05
2.7626090e-03
4.8251790e-03
5.6629930e-03
4.8360420e-03
2.6944600e-03
8.4355750e-05
-2.1585830e-03
-4.1771060e-03
-5.7191160e-03
-6.0978620e-03
-5.9647800e-03
-5.9650870e-03
-6.0870040e-03
-5.6905920e-03
-4.3420320e-03
-2.7974430e-03
-1.2569140e-03
-5.5837230e-05
9.3667130e-04
1.7033630e-03
1.9238400e-03
1.8635840e-03
1.7478570e-03
1.8674410e-03
2.8714960e-03
4.7767780e-03
6.6473460e-03
7.6223580e-03
8.0103940e-03
8.2796560e-03
8.0012260e-03
7.5562160e-03
6.7700550e-03
5.6887030e-03
4.8205660e-03
4.7944390e-03
5.6437910e-03
6.8164140e-03
7.7431540e-03
7.5155060e-03
5.8420460e-03
3.9187210e-03
2.6095620e-03
1.8848690e-03
2.0332380e-03
2.5486580e-03
1.9633750e-03
-1.1298820e-05
-3.3496080e-03
-7.5556750e-03
-1.1130980e-02
-1.3674190e-02
-1.4789610e-02
-1.4640130e-02
-1.4052870e-02
-1.3626310e-02
-1.2659630e-02
-1.1156640e-02
-9.7643860e-03
-7.8154390e-03
-5.0431260e-03
-2.2872200e-03
1.5946510e-04
2.7774060e-03
4.6484880e-03
4.8030540e-03
3.8044440e-03
2.8857640e-03
2.6824310e-03
2.9986440e-03
3.5409720e-03
3.9807820e-03
4.7692430e-03
5.6107130e-03
5.8869550e-03
5.6277090e-03
4.8378270e-03
3.8357630e-03
2.6152410e-03
1.1343230e-03
-2.8359900e-04
-2.0770050e-03
-3.9588050e-03
-5.0365230e-03
-4.9546110e-03
-4.0243590e-03
-3.1479220e-03
-2.8979180e-03
-3.1632370e-03
-3.9527620e-03
-4.9956450e-03
-6.0700020e-03
-6.8648670e-03
-6.8502190e-03
-6.3061340e-03
-5.6163550e-03
-4.1429630e-03
-2.2559180e-03
1.2736370e-04
3.7300230e-03
7.6852060e-03
1.0534530e-02
1.1694510e-02
1.1626510e-02
1.0604760e-02
8.5545120e-03
5.9378570e-03
3.6557560e-03
1.8873920e-03
8.5733910e-04
8.0913640e-04
1.8703270e-03
3.8756000e-03
5.6563610e-03
5.6889620e-03
3.7843410e-03
1.1486300e-03
-1.5504000e-03
-4.6141170e-03
-7.1573330e-03
-8.9487390e-03
-9.6081730e-03
-9.1753680e-03
-8.8991710e-03
-8.7016930e-03
-8.1668730e-03
-7.6625610e-03
-7.3656970e-03
-7.4273070e-03
-7.3239780e-03
-7.8312870e-03
-8.8402610e-03
-9.8970860e-03
-1.1002250e-02
-1.1662780e-02
-1.0941690e-02
-8.8720830e-03
-6.0337440e-03
-3.0198730e-03
-5.5954290e-05
2.6588740e-03
4.8938180e-03
6.7393560e-03
7.5771360e-03
6.7662250e-03
4.8281340e-03
2.6587940e-03
1.0601880e-03
6.5895590e-04
1.0396090e-03
1.6860370e-03
1.9078720e-03
1.7968530e-03
1.8869570e-03
2.7626660e-03
4.7173550e-03
7.8305600e-03
1.1559650e-02
1.4400750e-02
1.5554630e-02
1.5703170e-02
1.5228190e-02
1.3690760e-02
1.1625830e-02
9.5485660e-03
7.7504520e-03
6.7595560e-03
6.5851080e-03
6.8907190e-03
7.4938060e-03
7.8429210e-03
7.7250880e-03
6.4907310e-03
4.0333090e-03
1.6242900e-03
8.1875890e-05
-2.4500880e-04
-1.2069410e-04
-9.2737330e-05
-1.2519230e-04
-1.3059850e-04
-1.0078890e-04
-1.1326160e-04
-2.0880280e-04
-6.0626440e-05
9.6135330e-04
2.5973160e-03
3.9195920e-03
4.7442180e-03
4.7670610e-03
3.7188430e-03
1.8510470e-03
2.3441890e-05
-1.4062420e-03
-2.6368240e-03
-3.5261700e-03
-4.5707890e-03
-5.2857460e-03
-5.8945000e-03
-5.9834560e-03
-5.0060350e-03
-2.9705350e-03
-3.9393320e-04
2.1624840e-03
4.6218290e-03
5.6828690e-03
4.7654820e-03
2.8148130e-03
1.0600810e-03
-4.9934480e-04
-2.7323080e-03
-5.2319680e-03
-7.7719360e-03
-9.9531220e-03
-1.1908130e-02
-1.3667270e-02
-1.4907110e-02
-1.5648700e-02
-1.5808720e-02
-1.5721350e-02
-1.5716510e-02
-1.5881700e-02
-1.5652700e-02
-1.3771940e-02
-9.9329750e-03
-5.0215690e-03
-1.4499450e-04
3.8995120e-03
6.5867160e-03
7.6250120e-03
7.9201040e-03
8.4476690e-03
8.7969220e-03
8.6089570e-03
7.5637130e-03
6.0173350e-03
4.5581630e-03
2.7440060e-03
9.5295620e-04
4.4910620e-05
-5.1478980e-04
-1.7954610e-03
-3.1149600e-03
-4.1389760e-03
-4.8150550e-03
-5.1888020e-03
-5.9231230e-03
-6.9616220e-03
-7.8485720e-03
-8.2393200e-03
-7.5897480e-03
-5.1452600e-03
-2.1452920e-03
-6.2867840e-05
8.2755150e-04
7.4800090e-04
2.5112190e-04
-6.8474260e-04
-2.6509020e-03
-4.2497100e-03
-4.7601200e-03
-4.3676160e-03
-3.8421020e-03
-3.0118500e-03
-2.1820220e-03
-2.1802480e-03
-2.7671170e-03
-3.3199480e-03
-3.9679260e-03
-4.0474180e-03
-2.9375350e-03
-1.2019440e-03
-1.8911960e-04
-1.5417670e-04
1.4815730e-04
1.4575180e-03
3.0436020e-03
4.6735090e-03
5.7103660e-03
5.7047370e-03
4.8979350e-03
3.5800810e-03
1.9237440e-03
8.3256700e-04
8.7435960e-04
1.7691460e-03
2.8448300e-03
3.6336000e-03
4.1029220e-03
4.3485850e-03
3.9651410e-03
3.9226750e-03
4.4612200e-03
4.9187200e-03
5.6726730e-03
6.7711180e-03
7.6606550e-03
7.5885770e-03
6.6506490e-03
6.0949640e-03
6.3001400e-03
5.8598330e-03
4.8058740e-03
3.7244150e-03
2.7427250e-03
2.0176460e-03
1.5302530e-03
9.8288750e-04
1.0336660e-03
1.4266220e-03
1.1628630e-03
6.7501530e-04
-6.9030740e-05
-1.0417700e-03
-2.3444940e-03
-3.7359920e-03
-4.2195280e-03
-3.9496210e-03
-3.1982860e-03
-1.9823670e-03
-1.1076220e-04
1.8048130e-03
2.6007730e-03
2.1747870e-03
1.3746550e-03
3.6322490e-04
-5.0019650e-04
-2.0717970e-03
-3.8782570e-03
-5.0285270e-03
-6.1396360e-03
-7.9124230e-03
-9.7800450e-03
-1.1035320e-02
-1.1732170e-02
-1.1914880e-02
-1.1923560e-02
-1.1705630e-02
-1.0962620e-02
-9.9934680e-03
-8.7654890e-03
-6.9858750e-03
-5.2346610e-03
-3.8088570e-03
-2.0930890e-03
-3.8386560e-04
1.0508940e-03
2.8583270e-03
4.4800400e-03
4.9604020e-03
4.6478720e-03
3.8104230e-03
2.7699940e-03
1.7603250e-03
1.0193470e-03
5.7590270e-04
5.1452280e-05
-1.7287950e-04
-1.8213490e-04
-1.9568260e-04
5.2882260e-05
6.5091600e-04
9.1089300e-04
8.3501790e-04
7.5647960e-04
1.0261820e-03
1.6356330e-03
1.8590070e-03
1.7759890e-03
1.9771380e-03
2.5579600e-03
3.0164350e-03
3.4596030e-03
4.1289380e-03
5.4935820e-03
6.7406240e-03
7.6145520e-03
8.7394550e-03
1.0595730e-02
1.2551930e-02
1.3392560e-02
1.2767490e-02
1.1390800e-02
9.7691360e-03
8.5211580e-03
7.7925730e-03
7.5916220e-03
7.6069060e-03
7.8752770e-03
8.4518770e-03
8.6941900e-03
8.6840350e-03
8.6842160e-03
8.4713450e-03
7.9164050e-03
7.4155010e-03
6.8921730e-03
6.6659030e-03
6.4314840e-03
6.1809980e-03
6.3130130e-03
5.8045220e-03
4.8049740e-03
3.8195770e-03
2.5723920e-03
9.5647770e-04
-7.4479650e-05
-2.2258700e-04
-1.7054410e-04
-1.8723010e-04
7.3563400e-05
6.6166300e-04
6.6157970e-04
3.2341970e-04
3.7298000e-04
7.8685480e-05
-1.7052950e-04
-1.7323680e-04
-1.4290700e-04
-1.3402370e-04
-1.4960660e-04
-1.6291410e-04
-1.4181450e-04
-8.1013020e-05
-2.6506040e-04
-1.0375510e-03
-2.1015610e-03
-3.1648660e-03
-3.9287120e-03
-4.1076560e-03
-4.0762010e-03
-4.0913020e-03
-3.8761960e-03
-3.3209070e-03
-2.8465360e-03
-2.3327760e-03
-1.8639680e-03
-1.2934580e-03
-1.0583820e-03
-1.1257430e-03
-1.1995940e-03
-9.5086570e-04
-3.3666080e-04
-3.0887700e-05
-2.3241620e-04
-9.9335810e-04
-2.2701730e-03
-3.9153790e-03
-5.2118020e-03
-5.6606620e-03
-5.4526080e-03
-5.7028170e-03
-6.2147730e-03
-6.7714180e-03
-7.2076060e-03
-7.7452220e-03
-8.2470240e-03
-8.5574740e-03
-8.2853040e-03
-7.8856220e-03
-6.8959390e-03
-5.0156730e-03
-3.3037970e-03
-2.7595070e-03
-3.3305680e-03
-5.0367320e-03
-6.6911200e-03
-7.3916880e-03
-7.6162360e-03
-7.2462200e-03
-6.7594130e-03
-6.2500790e-03
-5.8220410e-03
-5.0552680e-03
-4.2364910e-03
