0.01
-3.5605150e-04
-2.3852630e-03
-4.3704260e-03
-4.2756360e-03
-1.2488370e-03
2.5119390e-03
3.4288640e-03
2.0051220e-03
1.7445320e-03
2.8217820e-03
2.3870240e-03
-2.8962680e-04
-2.3695020e-03
-1.3726730e-03
8.3628590e-04
1.3945930e-03
2.6583240e-04
-1.0298010e-03
-1.9655260e-03
-3.1048420e-03
-3.7177210e-03
-2.9636950e-03
-2.1037740e-03
-2.5849740e-03
-3.3191730e-03
-2.0586450e-03
7.1415490e-04
2.4556740e-03
2.9871800e-03
3.1179360e-03
3.6227690e-03
2.8817700e-03
-5.0464250e-04
-4.2453120e-03
-5.0211710e-03
-4.3073870e-03
-4.5661850e-03
-3.8478850e-03
-1.3923710e-03
1.9163260e-03
4.6916850e-03
5.2888720e-03
4.3130500e-03
3.3565400e-03
2.1276080e-03
2.1693880e-04
-6.3639170e-04
8.0882640e-04
3.9408130e-03
5.8230800e-03
5.2880140e-03
3.8604310e-03
2.9466730e-03
2.8775930e-03
2.7686450e-03
-3.6691710e-05
-4.1892320e-03
-5.6155290e-03
-3.7445810e-03
-1.2779070e-03
4.4068070e-05
7.0328220e-06
2.4626300e-04
1.2919530e-03
1.8096550e-03
7.9341140e-04
-1.4290560e-03
-3.7950650e-03
-4.7985710e-03
-3.1003620e-03
-8.5874970e-04
2.8200660e-05
1.1608930e-03
1.6791990e-03
1.8895100e-03
2.1598090e-03
1.6527460e-03
-9.9407370e-04
-4.3841420e-03
-5.6334840e-03
-1.6698150e-03
5.4269050e-03
1.0534290e-02
1.2356810e-02
1.2306870e-02
1.1417830e-02
9.9494720e-03
7.4713230e-03
3.9492880e-03
1.2989210e-03
-1.2813870e-04
-2.4466890e-03
-6.9352260e-03
-1.2982550e-02
-1.8060700e-02
-1.8145280e-02
-1.2285990e-02
-4.2922550e-03
2.1017660e-03
3.8006600e-03
1.8631720e-03
-9.9140040e-04
-3.2033240e-03
-4.7368780e-03
-7.2884790e-03
-1.0347490e-02
-1.0857880e-02
-7.1635330e-03
-3.5057920e-03
-4.2102330e-03
-6.8866670e-03
-7.1760790e-03
-5.4465710e-03
-3.4964510e-03
-2.7378670e-03
-3.8120640e-03
-6.3337550e-03
-5.9949660e-03
4.8005610e-04
9.3154290e-03
1.4175290e-02
1.2999710e-02
1.0384690e-02
1.0550210e-02
1.0812050e-02
6.0838730e-03
7.6708670e-04
2.7886430e-03
1.0981350e-02
1.6151620e-02
1.3496180e-02
4.7710200e-03
-4.4743520e-03
-7.1583330e-03
-2.5934750e-03
2.3046900e-03
-3.2309770e-04
-8.0646820e-03
-1.4382470e-02
-1.4385640e-02
-1.1242880e-02
-1.1033570e-02
-1.3833220e-02
-1.6645170e-02
-1.6534080e-02
-1.2529750e-02
-5.6929690e-03
3.8343560e-03
1.4919290e-02
2.5590280e-02
3.2100780e-02
2.9989680e-02
1.4673200e-02
-1.0792180e-02
-3.3407410e-02
-3.9015470e-02
-2.5347650e-02
-3.7577370e-03
1.3489150e-02
2.2045910e-02
2.8908650e-02
4.3675770e-02
6.3850770e-02
7.6596800e-02
7.6086500e-02
7.4132190e-02
8.4577080e-02
1.0567070e-01
1.2046920e-01
1.0625400e-01
5.2314090e-02
-2.5934560e-02
-8.6587400e-02
-1.0906940e-01
-1.0918910e-01
-1.0999640e-01
-1.2148560e-01
-1.4148220e-01
-1.6608610e-01
-1.8806350e-01
-1.9186580e-01
-1.6018750e-01
-9.0348050e-02
-2.0504190e-03
7.2085970e-02
1.1015310e-01
1.0321270e-01
5.4498130e-02
-1.6128030e-02
-7.7681950e-02
-1.0838170e-01
-1.0238350e-01
-7.1601340e-02
-2.9393150e-02
2.4765720e-02
9.3007470e-02
1.5741850e-01
1.9709360e-01
2.0936480e-01
1.9750810e-01
1.6824410e-01
1.2999760e-01
9.1276030e-02
6.0967870e-02
4.8129900e-02
5.0406730e-02
5.2713300e-02
4.6309600e-02
3.4328580e-02
1.9331590e-02
2.5131880e-03
-1.6149370e-02
-3.9814800e-02
-7.2612380e-02
-1.0902270e-01
-1.3337570e-01
-1.3458760e-01
-1.1802250e-01
-9.6215890e-02
-7.4836250e-02
-5.3631260e-02
-3.5205360e-02
-2.5149610e-02
-2.2337430e-02
-1.8938270e-02
-1.4071440e-02
-1.5407280e-02
-2.3594220e-02
-3.1659940e-02
-3.3797630e-02
-2.8154520e-02
-1.8691320e-02
-1.2978270e-02
-1.7806020e-02
-2.9528880e-02
-3.7216930e-02
-3.2645970e-02
-1.6598180e-02
8.1424150e-03
3.8787210e-02
6.9426920e-02
9.2727140e-02
1.0413580e-01
9.7439930e-02
7.3650120e-02
4.3533710e-02
1.9023210e-02
4.9696570e-03
1.0757090e-04
1.6779730e-03
3.6802330e-03
2.1288020e-03
-1.3993340e-03
-2.1230940e-03
2.0943150e-03
9.2380360e-03
1.6516130e-02
1.8656790e-02
1.3715910e-02
4.6416510e-03
-5.3277810e-03
-1.3899660e-02
-2.0366170e-02
-2.3437580e-02
-2.3216420e-02
-2.0043760e-02
-1.6129130e-02
-1.2168970e-02
-7.7365610e-03
-3.0861950e-03
5.7634780e-04
3.4321990e-03
6.4904640e-03
9.7674590e-03
1.1191410e-02
8.4458760e-03
1.2426020e-03
-8.2381000e-03
-1.5962480e-02
-2.0126200e-02
-2.1162110e-02
-2.0296540e-02
-1.6703370e-02
-8.1934850e-03
3.6078200e-03
1.4927330e-02
2.2411960e-02
2.5350130e-02
2.3778820e-02
1.9181230e-02
1.3497930e-02
7.8295390e-03
3.6259480e-03
1.8283540e-03
1.2884980e-03
1.2878110e-03
2.0479830e-03
3.0702310e-03
2.7037000e-03
-5.2024860e-05
-3.7632300e-03
-6.4270560e-03
-6.7808090e-03
-5.5749500e-03
-3.7442440e-03
-3.3681710e-03
-4.0880770e-03
-3.7582820e-03
-2.7178580e-03
-2.5963550e-03
-5.3774820e-03
-1.1857150e-02
-2.0572600e-02
-2.8225280e-02
-3.0641160e-02
-2.6352100e-02
-1.9120380e-02
-1.2478400e-02
-8.5030980e-03
-5.6017770e-03
-2.7259900e-03
2.2456760e-04
3.1840010e-03
5.8831320e-03
7.9771340e-03
1.0142190e-02
1.3176850e-02
1.6577920e-02
1.8868820e-02
1.9431640e-02
2.0062970e-02
2.2450240e-02
2.4154170e-02
2.1562630e-02
1.5302850e-02
9.0477510e-03
6.2249730e-03
7.1137500e-03
7.7536400e-03
5.5313120e-03
1.8985470e-03
-1.3148190e-03
-3.1744950e-03
-3.9404800e-03
-5.4506320e-03
-8.9487740e-03
-1.4044930e-02
-1.8432970e-02
-2.1915800e-02
-2.3650760e-02
-2.2631650e-02
-1.9029550e-02
-1.3014330e-02
-6.7606860e-03
-2.0664940e-03
1.3632680e-03
3.4855160e-03
4.0939860e-03
3.1252280e-03
1.4447600e-03
1.3839780e-03
2.1907850e-03
1.8540930e-03
-8.6061190e-04
-5.1230110e-03
-8.3226710e-03
-8.1149010e-03
-3.5215850e-03
3.9718160e-03
1.2418610e-02
2.1001510e-02
2.8467200e-02
3.2443720e-02
3.0872700e-02
2.4130110e-02
1.4049180e-02
4.6187860e-03
-2.0119500e-03
-6.0732930e-03
-8.4087300e-03
-9.8544860e-03
-1.0327630e-02
-9.5589510e-03
-7.4616310e-03
-4.0065600e-03
-6.5063150e-04
2.1365840e-03
3.6122720e-03
3.0451210e-03
1.6897840e-04
-4.8278440e-03
-1.0153990e-02
-1.2953260e-02
-1.2816370e-02
-1.1345930e-02
-9.6884160e-03
-8.6197610e-03
-7.5905570e-03
-7.1711590e-03
-8.2020170e-03
-1.0179460e-02
-1.2101260e-02
-1.3236910e-02
-1.3196570e-02
-1.2204400e-02
-1.0397620e-02
-7.5396380e-03
-3.0808930e-03
2.9545580e-03
9.4483370e-03
1.5629260e-02
2.0895740e-02
2.4799020e-02
2.7681300e-02
2.9008600e-02
2.7831950e-02
2.3748850e-02
1.7407190e-02
9.5339330e-03
1.9399400e-03
-3.5958730e-03
-7.1782020e-03
-9.3433930e-03
-1.0342420e-02
-1.0493370e-02
-1.0557820e-02
-1.0638470e-02
-1.0377270e-02
-9.4153770e-03
-8.4275770e-03
-7.8970440e-03
-8.2288370e-03
-8.0096710e-03
-6.2239350e-03
-1.4778450e-03
5.1561160e-03
1.2645930e-02
1.8931620e-02
2.2564430e-02
2.2859760e-02
1.9711820e-02
1.4697380e-02
9.0283700e-03
3.7934860e-03
-4.5249230e-04
-4.4357530e-03
-8.9459020e-03
-1.3011260e-02
-1.6265040e-02
-1.7606870e-02
-1.6994100e-02
-1.5291440e-02
-1.3787990e-02
-1.3503750e-02
-1.3512640e-02
-1.3690090e-02
-1.3788130e-02
-1.2683320e-02
-9.4813410e-03
-5.0086720e-03
-3.2635500e-04
4.6564510e-03
9.1745320e-03
1.2635260e-02
1.5230070e-02
1.6861530e-02
1.6948280e-02
1.4691690e-02
1.0942950e-02
6.4387160e-03
1.7432700e-03
-1.1191460e-03
-2.6283230e-03
-4.0030990e-03
-5.5350010e-03
-6.7313750e-03
-6.8901280e-03
-5.6022380e-03
-2.9246160e-03
-5.5851120e-05
2.3362220e-03
3.7940110e-03
4.7866730e-03
5.8170490e-03
6.7332930e-03
7.3923240e-03
7.4645220e-03
6.4952680e-03
4.2385890e-03
1.3231090e-03
-1.2882670e-03
-2.4299670e-03
-2.3100550e-03
-1.5539760e-03
-1.0733860e-03
-9.9695450e-04
-9.3054060e-04
-1.0220370e-03
-1.7292970e-03
-2.9452080e-03
-4.5885270e-03
-5.1352520e-03
-4.6743710e-03
-3.7168230e-03
-2.8157350e-03
-1.7734830e-03
-4.5162260e-04
3.6880250e-04
5.5209640e-04
1.1124150e-03
1.9469170e-03
2.0538830e-03
1.4874210e-03
6.7959230e-04
5.5488020e-04
6.9536280e-04
5.4974890e-04
-5.2444870e-04
-1.8473100e-03
-2.2100690e-03
-1.3285270e-03
3.8975280e-04
2.5304890e-03
4.7153520e-03
6.0498870e-03
6.3036710e-03
5.5684290e-03
3.5724400e-03
9.2806380e-04
-1.6017700e-03
-2.8973360e-03
-3.0689280e-03
-2.3818520e-03
-1.9486910e-03
-2.0993840e-03
-2.6659880e-03
-3.3507310e-03
-3.4429330e-03
-3.3078800e-03
-2.6832630e-03
-2.0105480e-03
-1.0528140e-03
-3.0552160e-04
-2.7820720e-05
5.7496150e-04
2.0811870e-03
3.8340550e-03
5.0199980e-03
5.2884730e-03
3.8162270e-03
1.9470070e-03
2.1642690e-04
-8.4439070e-04
-1.4899150e-03
-1.5076400e-03
-1.4556000e-03
-1.8556970e-03
-3.0884100e-03
-4.1716220e-03
-4.4584990e-03
-4.5402440e-03
-4.6133380e-03
-4.2256920e-03
-3.0001700e-03
-1.9922420e-03
-1.4480240e-03
-3.5477850e-04
1.1169330e-03
3.3907910e-03
5.8928100e-03
7.6363680e-03
8.3202360e-03
7.1505550e-03
4.2267950e-03
1.2413460e-03
-1.6637000e-03
-4.1420250e-03
-5.6813110e-03
-5.5306030e-03
-4.7556030e-03
-4.1483970e-03
-3.2203310e-03
-2.4007130e-03
-1.7307270e-03
-9.9808060e-04
-3.6239070e-04
3.1642750e-04
9.3540930e-04
1.8815690e-03
3.0341330e-03
3.7334820e-03
4.4272660e-03
5.0773060e-03
5.8776260e-03
6.4200450e-03
6.4161710e-03
5.9122450e-03
5.1953530e-03
5.0300720e-03
4.3528880e-03
2.7038520e-03
8.2236750e-04
-1.5039350e-03
-4.0160700e-03
-5.9124110e-03
-6.5265180e-03
-6.1295470e-03
-5.1614440e-03
-4.2410250e-03
-3.7960990e-03
-3.9885000e-03
-4.7376800e-03
-5.3924600e-03
-6.0974870e-03
-6.5404510e-03
-6.9678320e-03
-7.3133930e-03
-6.3462280e-03
-4.2059870e-03
-1.7600330e-03
6.5348160e-04
2.3605920e-03
3.1295440e-03
3.9642890e-03
4.8435300e-03
5.7228950e-03
6.4405010e-03
7.1039120e-03
7.2772710e-03
7.3573190e-03
7.0838450e-03
6.0682800e-03
4.9422920e-03
3.9921660e-03
2.6489320e-03
1.0167380e-03
-5.3248240e-04
-1.3091910e-03
-2.1757090e-03
-2.5762590e-03
-2.3758570e-03
-1.4938070e-03
-6.0813560e-04
5.7314710e-05
4.7817320e-04
1.2630120e-03
1.6544580e-03
1.8245130e-03
1.7693920e-03
9.8981830e-04
-2.4845010e-04
-8.6312710e-04
-9.9580810e-04
-1.7233380e-03
-2.9676310e-03
-3.7767520e-03
-4.2733810e-03
-4.7110990e-03
-3.9268700e-03
-2.7843330e-03
-1.6846790e-03
-3.7725050e-04
3.8708000e-04
4.4574370e-04
-4.9254550e-05
-9.8040780e-04
-2.6746710e-03
-4.7786980e-03
-6.4696670e-03
-6.4723480e-03
-4.8813750e-03
-2.2153940e-03
3.3932450e-04
2.3911310e-03
4.0272290e-03
5.3155820e-03
6.1000020e-03
6.8997680e-03
7.5442260e-03
7.6188980e-03
7.1749020e-03
6.3924450e-03
6.3225600e-03
5.9968120e-03
4.4809520e-03
2.2070920e-03
7.5979020e-06
-2.5386030e-03
-5.4531950e-03
-8.2753650e-03
-1.0168620e-02
-1.0847090e-02
-1.0733630e-02
-9.6309140e-03
-7.9104530e-03
-5.9676650e-03
-3.4635320e-03
-3.4978220e-04
2.4639570e-03
4.3488770e-03
5.8303470e-03
6.9121530e-03
7.8024290e-03
7.7395730e-03
6.3364650e-03
4.8114110e-03
3.3620210e-03
1.6557540e-03
2.5820950e-04
-1.0016000e-03
-1.9327220e-03
-1.9805470e-03
-1.1958020e-03
-1.0041050e-03
-1.4814910e-03
-2.5580370e-03
-3.5756680e-03
-3.8339650e-03
-3.1929300e-03
-2.4893670e-03
-1.4550910e-03
-4.0294470e-04
2.5469080e-04
1.3026550e-03
2.5143850e-03
3.0413980e-03
2.8651840e-03
2.1153830e-03
1.4617740e-03
7.4214840e-04
2.4779150e-04
-4.3350790e-04
-1.1836560e-03
-1.1255600e-03
-8.3706340e-04
-1.1025690e-03
-1.2572070e-03
-1.3358900e-03
-1.1631720e-03
-6.3833240e-04
-5.5160730e-04
-1.1627540e-03
-1.3238220e-03
-1.0229800e-03
-2.5717370e-04
1.1199520e-04
4.6721130e-04
1.0079220e-03
1.5283050e-03
1.4011920e-03
6.6569390e-04
2.2354510e-04
1.2156030e-04
1.8565070e-04
6.6427780e-04
1.4070510e-03
1.8850020e-03
2.3779640e-03
1.9914880e-03
1.8333590e-03
2.5023450e-03
3.0639090e-03
3.4688960e-03
3.4159150e-03
2.6827320e-03
1.7088290e-03
6.8372930e-04
-4.2134420e-04
-1.6399140e-03
-3.5372150e-03
-4.8711610e-03
-4.8381880e-03
-3.6177540e-03
-2.1336390e-03
-7.2333490e-04
1.4848420e-04
3.0785000e-04
3.2278350e-04
3.2416070e-04
3.2086190e-04
3.3269000e-04
3.9663390e-04
3.8322090e-04
-8.7975320e-05
-9.6031620e-04
-1.6315220e-03
-1.8222130e-03
-1.0335770e-03
-6.4839050e-04
-9.4028760e-04
-1.1023290e-03
-1.2127370e-03
-1.1228370e-03
-5.2172100e-04
1.2151700e-04
-2.9158160e-04
-9.3534010e-04
-8.2749160e-04
-8.4653320e-04
-1.1388210e-03
-1.2672860e-03
-1.1373710e-03
-4.1241670e-04
6.2041080e-04
1.9656070e-03
2.6207750e-03
2.0482580e-03
1.3465160e-03
5.2216050e-04
1.1506680e-04
3.9735830e-05
-1.7010400e-05
6.2535030e-06
3.4418020e-04
8.0582540e-04
1.2476770e-03
1.3201000e-03
1.2936630e-03
1.2468580e-03
1.2452960e-03
1.3305830e-03
1.3017030e-03
6.1076090e-04
-6.7561600e-04
-1.5100130e-03
-1.6695680e-03
-1.6659150e-03
-1.6089340e-03
-1.6192440e-03
-2.0159020e-03
-2.7628160e-03
-2.5941860e-03
-1.8563220e-03
-1.1973850e-03
-6.6425630e-04
-2.7827130e-04
1.1063910e-03
2.8334630e-03
4.3020900e-03
5.1365000e-03
5.3278890e-03
5.1054600e-03
4.0884460e-03
2.6947670e-03
1.3331470e-03
2.9234170e-04
-3.2991640e-04
-4.1774860e-04
-7.3154010e-04
-1.4886690e-03
-2.0607120e-03
-3.0336650e-03
-3.9852460e-03
-4.6488130e-03
-4.7127060e-03
-4.7327130e-03
-4.6291370e-03
-4.0978870e-03
-3.4143800e-03
-2.4354360e-03
-9.0190840e-04
4.9358300e-04
1.9669940e-03
2.3380980e-03
2.3798970e-03
2.4053680e-03
2.4326480e-03
2.3693110e-03
2.3242000e-03
2.7829990e-03
3.9192880e-03
4.3864390e-03
4.0100640e-03
3.1480160e-03
1.7462650e-03
4.9655770e-04
-1.0683170e-04
-5.6440090e-04
-1.3828140e-03
-1.5896550e-03
-1.6063980e-03
-1.5736660e-03
-1.5393070e-03
-1.5310480e-03
-1.6043900e-03
-1.6418660e-03
-1.1432270e-03
1.1568150e-04
1.1054360e-03
1.3626310e-03
1.3584830e-03
9.5634440e-04
1.7523390e-04
-4.3751360e-04
-1.2187000e-03
-1.4692860e-03
-1.5552470e-03
-1.0571900e-03
4.1081830e-04
2.0196180e-03
3.0564900e-03
4.2125150e-03
5.1491950e-03
5.1078750e-03
3.9682550e-03
2.5104620e-03
7.8324600e-04
-9.0906330e-04
-1.5306540e-03
-1.3901950e-03
-8.4019390e-04
-6.3397040e-04
-1.0771990e-03
-1.4672850e-03
-1.4549560e-03
-1.4422950e-03
-1.8711530e-03
-2.8486910e-03
-4.0901360e-03
-5.3216960e-03
-5.8087450e-03
-5.8686020e-03
-5.8574050e-03
-5.8388650e-03
-5.8799980e-03
-6.0048120e-03
-5.9701490e-03
-5.2380980e-03
-3.7547030e-03
-2.6743670e-03
-1.4901630e-03
-3.3889240e-04
1.0913380e-03
2.3286790e-03
2.9489550e-03
3.6684730e-03
4.3387570e-03
5.0888640e-03
5.1955190e-03
5.1394000e-03
5.2738220e-03
5.7859180e-03
5.9931020e-03
5.4792120e-03
5.0276700e-03
4.4149810e-03
3.4591060e-03
2.3066090e-03
1.3507170e-03
8.2511320e-04
5.5327620e-04
2.3763340e-04
-5.7354780e-04
-1.2996550e-03
-2.1749460e-03
-2.5289300e-03
-2.5941660e-03
-2.6645600e-03
-2.7133070e-03
-2.1677620e-03
-6.4963650e-04
1.2686520e-03
2.5406230e-03
3.0202010e-03
3.5932320e-03
4.3051250e-03
4.5492000e-03
4.6382520e-03
4.5292600e-03
3.9948700e-03
3.4271410e-03
2.7074300e-03
1.1103910e-03
-1.0875490e-03
-2.9018250e-03
-4.3812550e-03
-5.0039710e-03
-4.4868850e-03
-3.5503830e-03
-2.5115830e-03
-1.6056140e-03
-9.1697810e-04
-6.8354300e-04
-7.1656830e-04
-1.5132970e-03
-2.8825790e-03
-3.6105840e-03
-3.3814250e-03
-2.8652640e-03
-2.8177580e-03
-2.1006790e-03
-1.2253790e-03
-9.6487950e-04
-9.6311740e-04
-9.6950060e-04
-9.6876180e-04
-9.8849770e-04
-1.0136490e-03
-1.0136140e-03
-9.9814890e-04
-9.9778450e-04
-1.0296890e-03
-1.0106620e-03
-7.6836710e-04
-2.8298490e-04
-4.3167330e-04
-4.6421050e-04
2.4501700e-04
9.0730170e-04
1.7373050e-03
1.9034700e-03
1.9108810e-03
1.9006730e-03
1.8952730e-03
1.8929580e-03
1.9250960e-03
1.9591580e-03
1.7584340e-03
1.0972100e-03
5.5677190e-04
-1.1053460e-04
-9.4734040e-04
-1.0927310e-03
-6.0738430e-04
1.3299240e-04
2.6106910e-04
3.8338960e-05
-2.7700840e-04
3.7391890e-05
6.1773120e-04
1.5939060e-03
2.4930240e-03
3.0033700e-03
3.0628290e-03
2.4465890e-03
1.0744940e-03
-3.2876600e-04
-1.1101440e-03
-1.3503140e-03
-1.9480880e-03
-2.4551960e-03
-2.1343670e-03
-1.6545650e-03
-1.0307280e-03
-1.9435150e-04
1.4408400e-04
1.6913010e-04
4.7760710e-04
1.2908670e-03
1.6626580e-03
1.6465330e-03
1.5829840e-03
1.8952130e-03
2.7463020e-03
3.1484160e-03
2.9398590e-03
2.1858150e-03
1.5373870e-03
6.3478960e-04
-1.6173140e-04
-1.0504280e-03
-2.3359960e-03
-4.0606500e-03
-5.4573680e-03
-6.3224760e-03
-5.6887690e-03
-4.1767720e-03
-2.8318910e-03
-1.3634100e-03
-6.0425070e-04
2.9258600e-04
5.9467550e-04
5.8960460e-04
5.7121940e-04
9.3392690e-04
1.7623200e-03
2.1106800e-03
2.2225790e-03
2.0395860e-03
1.3820510e-03
1.1330260e-03
1.8629480e-03
2.1871260e-03
2.2388440e-03
2.1173260e-03
1.8643130e-03
1.7350930e-03
2.1240050e-03
2.2300970e-03
1.9815040e-03
1.1660530e-03
1.8223150e-04
-1.3110390e-03
-2.7571730e-03
-3.4759860e-03
-3.6180960e-03
-3.7051010e-03
-3.6154680e-03
-2.9800380e-03
-2.5058160e-03
-2.2907830e-03
-1.6221750e-03
-1.1077690e-03
-1.1045150e-03
-1.0446360e-03
-4.4472710e-04
2.4665120e-04
1.0240010e-03
1.5929010e-03
1.5965020e-03
1.5077020e-03
1.4654690e-03
1.4614060e-03
1.4610640e-03
1.4580430e-03
1.4519820e-03
1.4365090e-03
1.4232320e-03
1.4530130e-03
1.4903080e-03
1.2314790e-03
3.2328820e-04
-1.0144360e-03
-2.9127680e-03
-4.0530590e-03
-4.2676850e-03
-4.3411560e-03
-4.4177950e-03
-4.0782800e-03
-2.9215000e-03
-1.7213570e-03
-6.2617320e-04
5.8011820e-04
1.1557690e-03
1.5914410e-03
2.6295040e-03
3.5522050e-03
4.1317290e-03
4.2032990e-03
4.2507830e-03
4.2160930e-03
3.7668390e-03
3.0475130e-03
2.8411640e-03
2.3917120e-03
1.6867770e-03
1.5971960e-03
1.4333420e-03
5.5451250e-04
-6.2074530e-04
-1.3893060e-03
-2.1679980e-03
-2.6657640e-03
-2.7806090e-03
-2.7944950e-03
-2.8110860e-03
-2.8695310e-03
-2.8208880e-03
-2.3683290e-03
-1.7109560e-03
-1.3284410e-03
-5.6578990e-04
-1.0133330e-04
-1.3517060e-06
-2.4889220e-04
-1.0038540e-03
-1.7597580e-03
-2.6854370e-03
-2.9944750e-03
-2.5836990e-03
-1.8802070e-03
-1.0644490e-03
1.9736020e-04
9.6391630e-04
1.0738830e-03
1.0971140e-03
1.0904060e-03
1.0111680e-03
1.0735830e-03
1.8436260e-03
3.1252480e-03
3.8432140e-03
4.1182240e-03
4.4701080e-03
4.1637150e-03
3.3570440e-03
2.7424370e-03
2.5245520e-03
1.9024190e-03
1.3419810e-03
1.2828970e-03
1.0175300e-03
1.8008220e-04
-6.9829240e-04
-1.7169060e-03
-2.7075790e-03
-3.0445050e-03
-2.6919190e-03
-1.6910060e-03
-8.8578870e-04
-1.5152910e-04
6.2003650e-04
1.3023020e-03
1.4206410e-03
1.0701500e-03
2.8048240e-04
-2.4530480e-04
-1.2237030e-03
-2.1284630e-03
-2.7906100e-03
-2.8808830e-03
-2.4896200e-03
-1.6802840e-03
-1.4987420e-03
-1.0671940e-03
-1.7030420e-04
5.4030210e-05
-3.3464290e-04
-1.1768060e-03
-1.3901130e-03
-1.4777260e-03
-1.4991110e-03
-1.0952240e-03
-1.9747470e-04
1.8458540e-05
-3.8707560e-04
-1.2585090e-03
-1.4789570e-03
-1.4873090e-03
-1.4534360e-03
-1.4731720e-03
-1.6029610e-03
-1.6876150e-03
-1.1394450e-03
3.2291690e-04
1.0629630e-03
1.5504620e-03
2.4015190e-03
2.6175850e-03
2.2918890e-03
1.4418880e-03
8.1996680e-04
-4.9259370e-05
-3.1139530e-04
-3.5440980e-04
-8.7625120e-06
7.4286710e-04
1.1532270e-03
1.8739980e-03
2.0046590e-03
1.2243130e-03
9.9620130e-04
9.8472180e-04
9.9754490e-04
9.1417340e-04
8.4378710e-04
1.2006860e-03
2.1821250e-03
2.9102710e-03
3.2013170e-03
3.5798560e-03
3.6377150e-03
3.0665430e-03
2.0005010e-03
2.8534590e-04
-1.1701960e-03
-2.2365760e-03
-3.1772640e-03
-3.4610180e-03
-3.3800190e-03
-2.7295440e-03
-2.1891580e-03
-1.7844480e-03
-8.1722750e-04
8.7652850e-05
6.7683150e-04
7.3417730e-04
7.1813480e-04
7.1565840e-04
7.0745810e-04
6.8753430e-04
7.1301760e-04
7.8514710e-04
6.2086920e-04
-2.0433280e-04
-1.2015040e-03
-2.0295060e-03
-2.1325250e-03
-2.1151350e-03
-2.1497400e-03
-2.2468310e-03
-2.1272290e-03
-1.3767420e-03
-4.2008370e-04
4.0836050e-04
5.9590700e-04
6.7100560e-04
5.2955440e-04
-2.2402870e-04
-1.1936180e-03
-2.0368730e-03
-2.2165270e-03
-2.2992870e-03
-2.3095140e-03
-1.8504540e-03
-8.6210720e-04
5.9295540e-05
4.4153120e-04
4.0786060e-04
5.8692120e-04
1.3547680e-03
2.0982250e-03
2.6290500e-03
2.2176690e-03
1.8773070e-03
1.8044830e-03
1.8153630e-03
1.8732320e-03
1.8969800e-03
1.5736110e-03
7.6711720e-04
4.0479460e-04
3.9468400e-04
4.1814550e-04
1.8804870e-04
-3.5943340e-04
-8.3555430e-04
-1.0395800e-03
-1.0824900e-03
-1.1254790e-03
-1.0723370e-03
-6.9876220e-04
-2.6059100e-04
2.4516300e-04
4.7749240e-04
4.9221610e-04
3.2124380e-04
9.8332410e-04
1.6255220e-03
1.7139180e-03
1.2720580e-03
4.1097240e-04
2.0464430e-04
1.9390430e-04
1.9948680e-04
1.6682340e-04
1.3517570e-04
1.7059340e-04
2.4701470e-04
7.7646470e-05
-6.7184880e-04
-1.2329660e-03
-1.1264500e-03
-9.0063260e-04
-1.2523090e-03
-1.1930460e-03
-5.3553610e-04
-8.6475060e-05
-8.4163660e-06
1.5735500e-05
1.3994290e-05
1.4311420e-05
7.2535990e-06
-5.0400720e-06
-1.7507790e-05
-2.8814620e-05
-3.9265540e-05
-4.8912190e-05
-5.9779160e-05
-7.6488400e-05
-9.8581500e-05
-1.1028870e-04
-9.4794040e-05
-1.5667160e-04
-2.3161420e-04
2.1628470e-05
8.2965630e-04
1.2167450e-03
8.0274620e-04
-1.1706640e-05
-7.2198910e-04
-1.4695140e-03
-1.5829000e-03
-1.5347050e-03
-1.6632660e-03
-2.2135170e-03
-2.4844090e-03
-1.6573730e-03
-7.4668070e-04
-3.1538210e-04
-2.9658030e-04
-3.2219480e-04
-3.1143000e-04
-2.9150340e-04
-3.2121220e-04
-4.0174830e-04
-3.2685650e-04
2.4528670e-04
9.2140890e-04
1.0923340e-03
1.1079680e-03
8.0212880e-04
1.4333250e-05
-3.1282150e-04
-3.5174190e-04
-3.9448780e-04
-3.3868590e-04
1.6993380e-04
9.3842450e-04
1.6606370e-03
2.3343530e-03
2.4609220e-03
2.5026420e-03
2.5202640e-03
2.3742760e-03
2.0461780e-03
2.1319160e-03
2.3932920e-03
2.5701180e-03
2.6191570e-03
2.2561870e-03
1.4684700e-03
1.2451650e-03
1.1702360e-03
7.9667480e-04
3.3296380e-04
-1.3203130e-04
-1.6068530e-04
-5.5039130e-05
-1.4499730e-04
-9.4143790e-04
-2.1966630e-03
-2.8299450e-03
-2.9016080e-03
-3.2978470e-03
-4.0121490e-03
-3.6760290e-03
-2.9003610e-03
-2.1086880e-03
-1.4857910e-03
-1.3921030e-03
-1.3693760e-03
-1.3307410e-03
-1.3469720e-03
-1.4827300e-03
-1.5052010e-03
-9.9630430e-04
-2.3222090e-05
6.3535200e-05
-6.1435050e-04
-1.2306020e-03
-1.3526650e-03
-1.1763020e-03
-5.1677360e-04
4.6976200e-05
4.9739860e-04
1.2603520e-03
1.6105240e-03
2.2903270e-03
2.8088340e-03
2.8978760e-03
2.9433580e-03
2.9786360e-03
2.9889520e-03
2.9781830e-03
2.9676920e-03
3.0013640e-03
3.0452600e-03
2.8550080e-03
2.1876960e-03
1.6504550e-03
1.0985970e-03
3.5028410e-04
2.1649600e-04
2.5903650e-05
-6.6402180e-04
-1.4126910e-03
-2.2537380e-03
-2.7006130e-03
-2.7757030e-03
-2.6844480e-03
-2.4544270e-03
-2.5114880e-03
-2.6810530e-03
-2.5084400e-03
-2.6331770e-03
-2.7379880e-03
-1.9385360e-03
-9.4929880e-04
-4.5520080e-04
-1.1155440e-03
-1.5307780e-03
-1.5843090e-03
-1.5587460e-03
-1.5990390e-03
-1.7073870e-03
-1.6515020e-03
-1.0738360e-03
-3.9149200e-04
-2.8253230e-04
-3.7034390e-04
-4.3285810e-04
-1.1582580e-04
6.6454530e-04
9.3792350e-04
9.1239430e-04
1.2013970e-03
2.0101210e-03
2.3256710e-03
2.1323930e-03
1.9043430e-03
2.2078070e-03
2.2785340e-03
2.3146130e-03
2.4070770e-03
2.3563490e-03
1.7580310e-03
1.0377700e-03
7.6872410e-04
4.8675430e-04
6.0181160e-04
8.1680750e-04
8.4433420e-04
8.2709030e-04
8.3503160e-04
8.8123140e-04
8.3600970e-04
4.7006420e-04
-8.3876610e-06
-4.5401320e-04
-5.4186350e-04
-5.8505480e-04
-6.2762100e-04
-6.1925430e-04
-5.7787990e-04
-5.6561220e-04
-5.5402890e-04
-2.7392430e-04
3.0024510e-04
4.6596760e-04
8.3986930e-04
9.2695830e-04
9.5670140e-04
9.6694660e-04
9.6115700e-04
9.6095820e-04
1.0341090e-03
1.1378780e-03
8.6976350e-04
-1.9838210e-04
-1.2695070e-03
-1.6696430e-03
-2.0230850e-03
-2.4737470e-03
-2.0426100e-03
-1.7527390e-03
-1.7201030e-03
-1.7454450e-03
-1.7414000e-03
-1.7694660e-03
-1.8631430e-03
-1.8912860e-03
-1.8945040e-03
-1.9609950e-03
-2.0576360e-03
-2.0177570e-03
-1.5007210e-03
-9.0738000e-04
-5.5182860e-04
1.3405900e-04
7.2028160e-04
1.5167750e-03
1.8810070e-03
1.8550160e-03
1.3946270e-03
5.3804840e-04
2.6594140e-04
2.3930970e-04
2.2405430e-04
1.2614840e-04
9.2696760e-05
4.6301150e-04
1.2908740e-03
1.5683510e-03
1.5833840e-03
1.6118670e-03
1.7303620e-03
1.6969350e-03
1.1170540e-03
3.5245620e-04
-2.7442780e-04
-5.5787940e-04
-7.5982330e-04
-9.0332600e-04
-9.4041520e-04
-9.6710590e-04
-9.4262410e-04
-7.3829120e-04
-4.2953140e-04
-6.0917090e-04
-7.7002110e-04
-7.9455930e-04
-8.3011020e-04
-8.6816440e-04
-5.8294110e-04
2.9894080e-04
1.1932250e-03
1.9554180e-03
2.7357440e-03
3.3510150e-03
3.5172750e-03
3.5147850e-03
3.0681050e-03
2.2375460e-03
2.0794050e-03
1.7372370e-03
7.5899430e-04
-1.8057650e-04
-7.7861060e-04
-7.8723560e-04
-8.7479320e-04
-1.5123850e-03
-2.2559560e-03
-3.0451690e-03
-3.6765140e-03
-3.7672240e-03
-3.2500820e-03
-2.0183450e-03
-1.0716590e-03
-6.8593230e-04
6.3695950e-05
6.5092350e-04
7.2732610e-04
2.4649520e-04
-5.7014170e-04
-8.3306790e-04
-8.0309150e-04
-2.4695420e-04
5.2321810e-04
2.5050820e-04
-5.2184710e-04
-6.9964930e-04
-7.4345040e-04
-5.9815780e-04
1.2920040e-04
1.0878240e-03
1.8962770e-03
2.0265170e-03
2.0629230e-03
2.1017460e-03
1.8988300e-03
1.2073230e-03
6.8363700e-04
1.0185300e-04
-8.8111040e-04
-1.7837810e-03
-2.2234780e-03
-2.3474120e-03
-2.4413380e-03
-2.2584230e-03
-1.5618480e-03
-9.0073880e-04
-1.3098460e-04
2.6015580e-04
2.7456400e-04
2.5793100e-04
2.7051510e-04
2.7930700e-04
2.2147250e-04
1.5689730e-04
4.0834700e-04
1.2032160e-03
1.6813220e-03
1.7406350e-03
1.7150980e-03
1.6961050e-03
1.7085620e-03
1.7645650e-03
1.7464450e-03
1.3030350e-03
4.0801690e-04
-6.0056240e-04
-1.5950890e-03
-2.0634340e-03
-1.6354690e-03
-1.5762100e-03
-1.0303900e-03
5.3449390e-05
1.2818790e-03
1.8224910e-03
1.7709880e-03
1.2048910e-03
5.4482740e-04
7.4037580e-05
-7.7333350e-04
-1.1757130e-03
-1.2523990e-03
-1.2521250e-03
-1.2717500e-03
-1.3933970e-03
-1.5583170e-03
-1.3602750e-03
-2.6883490e-04
8.7058490e-04
1.1326010e-03
6.0819820e-04
-1.8574020e-04
-8.6021930e-04
-1.6982280e-03
-2.4760390e-03
-2.9513600e-03
-2.2876340e-03
-1.3444770e-03
4.5124030e-05
1.7379170e-03
3.3903900e-03
3.9914690e-03
3.9041890e-03
2.8970120e-03
1.2118850e-03
-6.1732810e-04
-2.3335500e-03
-3.4398230e-03
-4.0554640e-03
-3.4148230e-03
-2.1676890e-03
-1.3021300e-03
-5.5373500e-04
4.6729500e-04
1.4013830e-03
1.9501830e-03
2.5711720e-03
2.8149220e-03
2.4937040e-03
2.0833570e-03
2.0407770e-03
2.0219170e-03
1.9999430e-03
2.2995720e-03
3.2069790e-03
4.0992990e-03
4.8166350e-03
4.9310890e-03
4.4223660e-03
3.1457900e-03
9.8497920e-04
-9.6871060e-04
-2.2999170e-03
-3.6232000e-03
-4.7515500e-03
-5.1482120e-03
-5.2131730e-03
-4.9431940e-03
-4.1872650e-03
-3.5627160e-03
-2.5579640e-03
-1.6996800e-03
-1.1089430e-03
-1.0267380e-03
-1.0202110e-03
-1.0062650e-03
-9.8890340e-04
-9.7560730e-04
-9.5803090e-04
-9.4989920e-04
-1.0165200e-03
-1.1176160e-03
-6.9356440e-04
6.0102550e-04
1.6650380e-03
1.8914030e-03
1.8943200e-03
1.8973520e-03
1.9216120e-03
1.9096910e-03
1.8600700e-03
1.8550080e-03
1.9310030e-03
1.8761400e-03
1.3950310e-03
6.1896160e-04
1.9841390e-04
-5.4472870e-04
-1.0304220e-03
-1.2066200e-03
-1.5056360e-03
-1.5848370e-03
-1.2688360e-03
-1.2236380e-03
-1.2885070e-03
-1.3428280e-03
-1.1723940e-03
-9.0820620e-04
-1.1937630e-03
-1.3212200e-03
-1.4554520e-03
-1.5132470e-03
-1.2272430e-03
-4.2635700e-04
-2.0392810e-04
-7.0579380e-04
-3.9570250e-04
5.5824170e-04
1.3733240e-03
1.5360570e-03
1.5874120e-03
1.5654160e-03
1.2071230e-03
6.6584490e-04
4.6711880e-04
1.1383870e-03
1.5699870e-03
1.6041470e-03
1.5758730e-03
1.7257270e-03
2.0786750e-03
2.0798320e-03
1.8248000e-03
1.8198860e-03
1.9342110e-03
2.0149260e-03
1.7345200e-03
9.4191020e-04
6.0904830e-04
6.5771050e-04
4.3117810e-04
-3.3524620e-04
-7.4138780e-04
-6.9807820e-04
-7.0084690e-04
-1.2283580e-03
-2.0212390e-03
-2.1304610e-03
-1.6431520e-03
-8.3321230e-04
-2.0123770e-04
5.0075100e-04
9.0495360e-04
1.4287570e-03
1.1312060e-03
7.5424160e-04
4.6529780e-04
-2.1108270e-05
-4.5196800e-04
-7.1977620e-04
-7.9677870e-04
-7.9058890e-04
-5.0803410e-04
-3.6595410e-05
-2.4631600e-04
-1.1726700e-03
-2.0346240e-03
-2.8364760e-03
-3.5482100e-03
-3.4021970e-03
-2.6095120e-03
-1.9214470e-03
-1.0807380e-03
-7.1870940e-04
-7.0430970e-04
-7.3134060e-04
-4.3441050e-04
3.8773820e-04
8.2992730e-04
7.8210260e-04
1.2669720e-04
-5.3703340e-04
-6.8990140e-04
-7.6401050e-04
-6.5224150e-04
-2.5625810e-05
5.8463800e-04
6.7635310e-04
6.5538670e-04
6.3596950e-04
6.3074170e-04
6.2216600e-04
6.1134850e-04
6.0197710e-04
5.7445620e-04
5.0647670e-04
4.6285570e-04
5.0262420e-04
5.2134320e-04
4.4872210e-04
4.4187040e-04
8.0392630e-04
1.3908570e-03
1.1331810e-03
6.7288270e-04
4.3335860e-04
4.0498310e-04
4.2474880e-04
4.2328460e-04
3.5039680e-04
2.4802300e-04
4.2765130e-04
1.2017640e-03
1.6169010e-03
9.7851830e-04
3.7810040e-04
2.6260880e-04
2.2737080e-04
2.1212570e-04
1.7214190e-04
1.5147590e-04
2.1117900e-04
2.8366610e-04
1.3873570e-05
-8.3725040e-04
-1.1573160e-03
-4.8916510e-04
4.0558680e-06
6.2083250e-05
3.1313350e-05
2.2177770e-05
3.2744800e-05
3.9712800e-05
3.8546830e-05
2.7569010e-05
1.2055120e-05
2.8300550e-05
9.5219660e-05
5.2328230e-05
-4.4565000e-04
-1.1956060e-03
-1.5503170e-03
-1.8095160e-03
-1.5216260e-03
-1.2749530e-03
-7.8000370e-04
-3.2324680e-04
2.5615840e-05
6.1699940e-05
4.8970450e-05
5.0122270e-05
-1.3601340e-06
1.8729790e-05
5.0888310e-04
1.2645870e-03
1.4922730e-03
1.4053200e-03
8.0305320e-04
1.3221150e-04
3.3156190e-06
-2.5736490e-05
-3.4379840e-05
8.5222340e-05
3.5184660e-04
2.2159240e-04
9.5688500e-05
6.3279880e-04
1.3297640e-03
1.4999030e-03
1.5140580e-03
1.2484970e-03
5.4707390e-04
1.7636570e-04
-3.2982500e-04
-1.0719320e-03
-1.8304900e-03
-2.5840440e-03
-2.6053710e-03
-1.9875170e-03
-1.3442760e-03
-1.2607830e-03
-9.8571000e-04
-1.9928550e-04
2.0037550e-04
1.6719590e-04
-4.0646030e-04
-1.1200510e-03
-1.2975530e-03
-1.3135090e-03
-1.3328010e-03
-1.3711870e-03
-1.3308880e-03
-1.1079330e-03
-9.2209510e-04
-3.4764750e-04
1.4457910e-06
2.7319830e-05
-2.5293170e-05
5.4437650e-06
2.0553330e-05
-4.8752690e-05
-1.0488260e-04
1.9808420e-04
9.9386490e-04
1.3285550e-03
1.3719850e-03
1.4729940e-03
1.7781140e-03
1.8933370e-03
1.8748210e-03
1.4704860e-03
1.3393270e-03
1.2704600e-03
1.2769870e-03
1.2807810e-03
1.1249290e-03
