0.01
-1.1031670e-02
-1.8288140e-02
-2.5708790e-02
-2.8048330e-02
-2.3885400e-02
-1.6887770e-02
-1.2248570e-02
-1.1435260e-02
-7.3216080e-03
5.2328680e-03
2.2548610e-02
3.8195010e-02
4.7135920e-02
4.8853500e-02
4.7403280e-02
4.6421280e-02
4.6293990e-02
4.5629010e-02
4.3856360e-02
4.0389160e-02
3.1581330e-02
1.9151830e-02
9.8082480e-03
5.6155660e-03
3.8460580e-03
3.7465860e-03
6.7182980e-03
1.2463990e-02
1.9122460e-02
2.5462700e-02
3.3493480e-02
4.6680650e-02
6.1473090e-02
7.1284020e-02
7.5499980e-02
7.7097340e-02
7.6354330e-02
7.2441630e-02
6.5155590e-02
5.5159920e-02
4.1716150e-02
2.4125550e-02
7.2860150e-03
-3.1890260e-03
-8.4622670e-03
-1.3499870e-02
-2.0873810e-02
-3.0739650e-02
-4.2785310e-02
-5.5218120e-02
-6.2931930e-02
-6.3249770e-02
-5.9304410e-02
-5.5409640e-02
-5.3021670e-02
-5.1131310e-02
-4.8671440e-02
-4.5689890e-02
-4.2766480e-02
-4.0242410e-02
-3.9457170e-02
-4.2460510e-02
-4.5527700e-02
-4.1605330e-02
-3.1545140e-02
-2.4905070e-02
-2.3445580e-02
-1.7994240e-02
-4.1267840e-03
1.3859540e-02
2.6751310e-02
2.5500740e-02
1.1975780e-02
-4.0590260e-03
-1.0869570e-02
-3.5567540e-03
1.1125940e-02
1.9939950e-02
1.5055500e-02
3.3838310e-03
-3.9542400e-03
-4.8251640e-03
-4.6769910e-03
-7.8959730e-03
-1.4367540e-02
-2.3660530e-02
-3.4827750e-02
-4.5795560e-02
-5.2920440e-02
-5.2778260e-02
-4.6499370e-02
-3.5668430e-02
-2.0967420e-02
-3.1963670e-03
1.2122330e-02
1.5695280e-02
7.5828010e-03
-2.0282970e-03
-2.5698900e-03
5.9621470e-03
1.5254290e-02
1.5391310e-02
4.8730930e-03
-9.2556290e-03
-1.4811900e-02
-2.4319810e-03
2.3061090e-02
4.7893940e-02
5.3759860e-02
3.5186880e-02
5.0463430e-03
-1.6039900e-02
-1.3166780e-02
8.0335860e-03
3.0663240e-02
3.6472450e-02
2.1964400e-02
4.2659890e-03
-2.7719680e-03
-9.2952700e-05
5.6970790e-03
1.2854120e-02
2.3100410e-02
3.1808430e-02
3.1354730e-02
2.2537860e-02
1.4598140e-02
1.4996470e-02
2.1820250e-02
2.8773160e-02
3.2697150e-02
3.5004170e-02
3.7641330e-02
3.8471860e-02
3.4248410e-02
2.5235530e-02
1.3663040e-02
1.9806470e-03
-8.1797660e-03
-1.7031310e-02
-2.6679410e-02
-3.9046210e-02
-4.6706380e-02
-4.2336350e-02
-2.9219870e-02
-1.4003850e-02
2.4511820e-03
2.1109940e-02
3.9242070e-02
5.1472690e-02
5.1567080e-02
4.0754470e-02
2.6287420e-02
1.3285790e-02
1.8182100e-03
-9.9922440e-03
-2.0568870e-02
-2.3944390e-02
-2.0358020e-02
-1.6417810e-02
-1.8305700e-02
-2.6960500e-02
-3.9032820e-02
-4.9981800e-02
-5.5505120e-02
-5.5490150e-02
-5.1965920e-02
-4.3165960e-02
-2.8552390e-02
-1.4029180e-02
-5.2376730e-03
-1.1645230e-03
3.3132130e-03
1.2661570e-02
2.6419300e-02
3.9606920e-02
4.4586480e-02
4.3223210e-02
4.4891730e-02
5.3013710e-02
6.3577720e-02
6.8245320e-02
5.9589860e-02
4.0980930e-02
2.2024870e-02
9.2295990e-03
6.3109740e-03
1.1489100e-02
1.8305440e-02
2.2184750e-02
2.2926400e-02
2.1146600e-02
1.7057530e-02
5.2253480e-03
-1.6131830e-02
-3.4685880e-02
-3.7964350e-02
-2.8040740e-02
-1.5807570e-02
-8.4218500e-03
-8.2256740e-03
-1.3049460e-02
-1.4708700e-02
-5.0852610e-03
1.3853340e-02
3.3226720e-02
3.7814650e-02
1.9085130e-02
-1.1278520e-02
-3.7330120e-02
-5.0624300e-02
-4.4064530e-02
-1.6584010e-02
2.5104190e-02
6.1757010e-02
6.8177440e-02
3.9604400e-02
-3.5330830e-03
-3.1718440e-02
-3.0213960e-02
-2.0039730e-02
-3.2266490e-02
-6.5710190e-02
-9.7445980e-02
-1.1341930e-01
-1.0910160e-01
-8.9238650e-02
-6.1332930e-02
-2.7301740e-02
5.0751700e-03
2.3536770e-02
2.1751530e-02
8.8400190e-03
-1.8737450e-03
-6.7792440e-03
-1.0035280e-02
-1.3048260e-02
-1.1651840e-02
-4.4885680e-03
2.8964560e-03
4.0999540e-03
4.9617720e-03
1.9414820e-02
4.7266440e-02
6.4071400e-02
4.8686700e-02
8.6220300e-03
-3.4712160e-02
-6.5790930e-02
-8.3348690e-02
-8.8336060e-02
-8.1602230e-02
-6.8226530e-02
-5.4101630e-02
-4.1553950e-02
-3.1305180e-02
-2.8474920e-02
-3.5568960e-02
-4.8159750e-02
-5.9575360e-02
-6.2775290e-02
-5.6210850e-02
-4.7037080e-02
-4.5316160e-02
-5.2676060e-02
-6.3167780e-02
-6.9945250e-02
-6.5219240e-02
-4.7972510e-02
-2.4058340e-02
8.9750900e-03
5.4543270e-02
1.0041180e-01
1.3522550e-01
1.5716690e-01
1.6961880e-01
1.7442740e-01
1.7193440e-01
1.6509410e-01
1.5798090e-01
1.5196030e-01
1.4056360e-01
1.1495620e-01
8.0121820e-02
5.1200830e-02
3.5240080e-02
2.7093780e-02
1.8287170e-02
1.9152180e-03
-2.3881320e-02
-5.7028660e-02
-1.0122890e-01
-1.5070370e-01
-1.8368310e-01
-1.8339240e-01
-1.5501560e-01
-1.0737980e-01
-4.8640810e-02
8.3622130e-03
5.3065670e-02
8.2267630e-02
9.5617990e-02
9.3937280e-02
8.7763550e-02
8.3341440e-02
6.4811090e-02
2.0139210e-02
-5.0918460e-02
-1.2620140e-01
-1.7731250e-01
-2.0440690e-01
-2.2021980e-01
-2.2128140e-01
-1.9767350e-01
-1.4838720e-01
-8.0857730e-02
6.8716540e-03
1.1067700e-01
2.0537320e-01
2.6054360e-01
2.7178110e-01
2.5623430e-01
2.2236380e-01
1.6200750e-01
8.1020380e-02
4.2195690e-03
-5.4242650e-02
-9.4943050e-02
-1.0416720e-01
-7.5109850e-02
-2.5617340e-02
1.0747400e-02
9.9447420e-03
-1.0313350e-02
-9.7929410e-03
2.2653310e-02
6.7202040e-02
9.9715570e-02
1.0219610e-01
7.8038490e-02
4.5513070e-02
1.7388940e-02
-4.9328240e-03
-2.5650610e-02
-4.6742890e-02
-6.6841700e-02
-8.4997470e-02
-1.0058340e-01
-1.0607080e-01
-9.5601400e-02
-7.5074720e-02
-5.4661730e-02
-3.8253100e-02
-2.1998040e-02
-1.3674990e-03
2.2985630e-02
4.3404030e-02
4.5059500e-02
2.5162500e-02
-3.1456670e-03
-2.6139170e-02
-4.1825220e-02
-5.4499390e-02
-5.6137650e-02
-3.5201560e-02
3.0318390e-03
4.4070760e-02
7.2380620e-02
7.3393790e-02
5.1156400e-02
2.3620480e-02
7.2240610e-03
6.7385610e-03
1.4928480e-02
2.6597930e-02
4.2352180e-02
6.1373500e-02
7.4355070e-02
7.2742430e-02
6.0380450e-02
4.7827340e-02
4.2238000e-02
4.1874260e-02
4.0012490e-02
3.1213230e-02
1.1612920e-02
-1.7397380e-02
-5.1523520e-02
-8.4291810e-02
-1.0681810e-01
-1.1481650e-01
-1.0586050e-01
-8.3312010e-02
-5.0812720e-02
-1.0505130e-02
2.5909570e-02
3.7997470e-02
2.4205670e-02
9.4822070e-04
-1.7634980e-02
-2.3411530e-02
-1.4630390e-02
3.9305790e-03
2.7582960e-02
5.1703940e-02
7.1966420e-02
8.7670330e-02
9.9891560e-02
1.0907020e-01
1.1021840e-01
9.6662370e-02
6.1010630e-02
1.1305750e-02
-3.3915950e-02
-6.5325000e-02
-8.3058730e-02
-9.3799110e-02
-1.0307830e-01
-1.0573800e-01
-9.4356220e-02
-7.3503620e-02
-5.9422000e-02
-5.8818840e-02
-5.9982280e-02
-5.5462770e-02
-5.2421650e-02
-5.7347360e-02
-6.4363100e-02
-6.0522370e-02
-4.3498810e-02
-2.3538100e-02
-1.5235590e-02
-2.1931130e-02
-3.4806540e-02
-4.5474740e-02
-4.9829570e-02
-4.5541360e-02
-3.4958130e-02
-2.2696420e-02
-1.1253600e-02
-1.3226710e-03
3.9229890e-03
5.9537210e-03
1.1832560e-02
2.3801170e-02
3.8043300e-02
4.6266440e-02
4.0286540e-02
2.2615430e-02
2.0898420e-03
-1.5458820e-02
-2.4302020e-02
-1.9665410e-02
-5.4145870e-03
1.0684630e-02
2.0505370e-02
1.4220290e-02
-7.7177280e-03
-3.4980710e-02
-5.9290210e-02
-7.9503850e-02
-9.0922090e-02
-8.6170580e-02
-6.8434400e-02
-4.7466140e-02
-3.1980800e-02
-2.7429180e-02
-2.9676140e-02
-2.7344530e-02
-1.5657970e-02
5.9720790e-04
1.5651800e-02
2.8488430e-02
4.0810290e-02
5.1301970e-02
5.7480470e-02
6.0139940e-02
6.1934020e-02
6.4169950e-02
6.6489370e-02
6.8300500e-02
6.8814110e-02
6.7294650e-02
6.6991180e-02
7.2426620e-02
8.2804310e-02
8.9601600e-02
7.9743770e-02
4.9541750e-02
9.0876920e-03
-2.3012420e-02
-3.6380130e-02
-3.7806190e-02
-3.4139920e-02
-2.2700580e-02
-2.4746520e-03
2.2107920e-02
4.4680520e-02
5.4346660e-02
4.5520530e-02
2.5860980e-02
5.8082620e-03
-1.1129620e-02
-2.7194710e-02
-4.1464270e-02
-4.5627920e-02
-3.8422880e-02
-3.0112310e-02
-2.8498690e-02
-3.1879780e-02
-3.4732090e-02
-3.3080140e-02
-2.6993520e-02
-1.9837440e-02
-1.4441480e-02
-1.0693430e-02
-7.1349500e-03
-3.3805070e-03
-5.9071490e-05
1.5308180e-03
5.1045520e-04
-1.8712750e-03
-1.4464730e-03
4.6603350e-03
1.2652950e-02
1.6335930e-02
1.4949940e-02
1.1208040e-02
6.2908700e-03
2.0634400e-04
-6.0170940e-03
-8.1017610e-03
-3.6968060e-03
2.7244190e-03
4.3619240e-03
3.4568590e-04
-4.8947840e-03
-4.6514920e-03
3.9238510e-03
1.4802350e-02
2.0868940e-02
2.1653200e-02
1.8446780e-02
1.1141120e-02
-2.3375500e-04
-1.5698700e-02
-3.2010190e-02
-4.3799460e-02
-5.0340740e-02
-5.4943680e-02
-5.8520360e-02
-5.8583320e-02
-5.4723960e-02
-4.7789480e-02
-3.3445470e-02
-1.1139520e-02
1.1368300e-02
2.6338830e-02
3.3026240e-02
3.3573200e-02
3.0556100e-02
2.7202710e-02
2.8270870e-02
3.5326430e-02
4.5348050e-02
5.5013470e-02
6.2138630e-02
6.3257120e-02
5.8256070e-02
5.3599420e-02
5.4961290e-02
5.9183010e-02
5.9981040e-02
5.6350140e-02
5.1841430e-02
5.0719020e-02
5.3373770e-02
5.5635360e-02
5.4833340e-02
5.2133760e-02
4.9522690e-02
4.6438560e-02
4.1186370e-02
3.3619750e-02
2.5092480e-02
1.6747090e-02
8.2428270e-03
-1.3717910e-03
-1.1999230e-02
-2.1266700e-02
-2.5426420e-02
-2.4540630e-02
-2.1884900e-02
-1.9248350e-02
-1.5885710e-02
-1.1169510e-02
-5.6595540e-03
-2.3233400e-04
4.1050940e-03
5.3983980e-03
3.3149800e-03
-2.8648150e-04
-2.9789620e-03
-1.3241150e-03
5.0103040e-03
1.1240180e-02
1.4078270e-02
1.4397310e-02
1.3664560e-02
1.2301000e-02
1.0355100e-02
7.3653600e-03
1.6102470e-03
-7.7691560e-03
-2.0315190e-02
-3.3699650e-02
-4.3215860e-02
-4.7068340e-02
-4.8064480e-02
-4.9424050e-02
-5.1748860e-02
-5.2366340e-02
-4.8251770e-02
-4.0212030e-02
-3.0931430e-02
-2.1942580e-02
-1.3135870e-02
-3.7595840e-03
6.4220510e-03
1.6917110e-02
2.5651210e-02
2.7723630e-02
2.2050030e-02
1.2852660e-02
4.2345120e-03
-2.7726140e-03
-6.5364360e-03
-5.8910670e-03
-5.2042520e-03
-8.2425120e-03
-1.4105160e-02
-2.0047700e-02
-2.5108740e-02
-3.0882160e-02
-3.8667530e-02
-4.6118890e-02
-4.7698330e-02
-4.2333240e-02
-3.4216820e-02
-2.8052110e-02
-2.5303890e-02
-2.2139510e-02
-1.0470130e-02
1.4294350e-02
3.9528050e-02
5.1292710e-02
5.0786910e-02
4.6705750e-02
4.4399020e-02
4.3563080e-02
4.2647150e-02
4.1527580e-02
4.0727110e-02
4.0050130e-02
3.8886570e-02
3.7145570e-02
3.5204370e-02
3.3529660e-02
3.3062970e-02
3.4335580e-02
3.6526940e-02
3.6853340e-02
3.2498520e-02
2.4293360e-02
1.4981330e-02
6.1879790e-03
-2.1835850e-03
-9.5449430e-03
-1.2980550e-02
-1.1789590e-02
-8.3953710e-03
-4.5544130e-03
-7.8039260e-05
5.3662180e-03
1.1397830e-02
1.6657620e-02
1.7449410e-02
1.3308000e-02
8.8792070e-03
7.2057960e-03
7.2053760e-03
4.8743070e-03
-3.0302640e-03
-1.5046260e-02
-2.7650600e-02
-3.8809720e-02
-4.5633100e-02
-4.5231720e-02
-3.9288870e-02
-3.1070360e-02
-2.1762380e-02
-1.1176420e-02
-1.8794100e-03
3.2856210e-03
5.1774830e-03
6.4434290e-03
7.4723360e-03
6.1943010e-03
2.0946540e-03
-3.1636740e-03
-6.7307820e-03
-5.1968570e-03
9.6379980e-04
7.7162540e-03
1.2544320e-02
1.6102590e-02
1.9379130e-02
2.0598800e-02
1.8402700e-02
1.5236850e-02
1.4792770e-02
1.7365230e-02
1.9980240e-02
1.9787080e-02
1.7099090e-02
1.3982920e-02
1.1639060e-02
1.0445690e-02
1.0697390e-02
1.1999650e-02
1.3538580e-02
1.4002190e-02
1.2193090e-02
8.0846930e-03
9.6821500e-04
-9.2472670e-03
-2.1047470e-02
-3.2703860e-02
-4.1425260e-02
-4.4343350e-02
-4.2868230e-02
-4.1481490e-02
-4.2831080e-02
-4.5688070e-02
-4.6963650e-02
-4.5459630e-02
-4.2628640e-02
-4.0146540e-02
-3.8418800e-02
-3.7532310e-02
-3.7586990e-02
-3.8258600e-02
-3.9074620e-02
-3.9604830e-02
-3.7911430e-02
-3.1903920e-02
-2.2617040e-02
-1.3379210e-02
-8.8984640e-03
-1.0690500e-02
-1.5611130e-02
-2.0159420e-02
-2.2588460e-02
-2.2287070e-02
-2.0186630e-02
-1.7801050e-02
-1.6679260e-02
-1.7668910e-02
-2.0031130e-02
-2.2548000e-02
-2.4571930e-02
-2.5373840e-02
-2.4554780e-02
-2.2737510e-02
-2.0295600e-02
-1.6297320e-02
-1.0420160e-02
-3.3280560e-03
5.0892970e-03
1.4994300e-02
2.4442800e-02
2.9900640e-02
3.1050410e-02
3.0636300e-02
3.0782000e-02
3.1072570e-02
3.0322190e-02
2.9217740e-02
2.9791360e-02
3.2447550e-02
3.5888710e-02
3.9114960e-02
4.2704760e-02
4.7466650e-02
5.2323020e-02
5.2672700e-02
4.6035990e-02
3.5369420e-02
2.4732160e-02
1.5410750e-02
6.4070280e-03
-3.1185790e-03
-1.0392670e-02
-1.1023410e-02
-1.3465680e-02
-2.3218020e-02
-3.1001900e-02
-3.0137930e-02
-2.3272340e-02
-1.5179220e-02
-7.7030760e-03
-2.2655900e-04
7.3672390e-03
1.3268150e-02
1.6645000e-02
1.8688080e-02
2.0836610e-02
2.2924050e-02
2.3418990e-02
2.1987010e-02
1.9770440e-02
1.7466850e-02
1.3071210e-02
4.6883670e-03
-6.3925460e-03
-1.6336420e-02
-2.1233770e-02
-2.1529400e-02
-2.0580810e-02
-2.0693350e-02
-2.2539440e-02
-2.5773910e-02
-2.9530640e-02
-3.3331850e-02
-3.7320920e-02
-4.1650110e-02
-4.6148140e-02
-4.9267530e-02
-4.7644930e-02
-4.0922250e-02
-3.2134340e-02
-2.3925600e-02
-1.6773980e-02
-9.9420820e-03
-2.8151780e-03
5.2032710e-03
1.4883130e-02
2.5169240e-02
3.3050030e-02
3.7559150e-02
3.9734110e-02
4.0339970e-02
3.9980720e-02
3.9226230e-02
3.8423230e-02
3.7654290e-02
3.6700330e-02
3.3780530e-02
2.6974620e-02
1.7673300e-02
1.0377010e-02
7.4930910e-03
7.1584250e-03
6.3599340e-03
3.1109600e-03
-2.4478550e-03
-8.7477030e-03
-1.4707950e-02
-2.0341960e-02
-2.5186490e-02
-2.7145830e-02
-2.5746810e-02
-2.2829980e-02
-2.0534600e-02
-2.0824510e-02
-2.4030940e-02
-2.8023800e-02
-2.9608880e-02
-2.8064880e-02
-2.5263830e-02
-2.2917240e-02
-2.1136220e-02
-1.8697840e-02
-1.4493220e-02
-8.9754790e-03
-4.0079920e-03
-1.9203940e-03
-2.7459970e-03
-4.5636660e-03
-5.9277670e-03
-6.9017690e-03
-8.5505370e-03
-1.1443770e-02
-1.5032520e-02
-1.8257920e-02
-1.9767190e-02
-1.9331370e-02
-1.8120500e-02
-1.7856450e-02
-1.9472710e-02
-2.2275260e-02
-2.5125170e-02
-2.7439250e-02
-2.8124730e-02
-2.6249800e-02
-2.2613760e-02
-1.8690200e-02
-1.5094580e-02
-1.0448660e-02
-2.4752400e-03
8.5735090e-03
2.0336450e-02
2.9503020e-02
3.4123800e-02
3.5788410e-02
3.7180680e-02
3.9418830e-02
4.2302720e-02
4.5424930e-02
4.8464660e-02
5.0214460e-02
4.9364810e-02
4.6511130e-02
4.3235180e-02
4.0375200e-02
3.7645480e-02
3.4509240e-02
3.0956420e-02
2.7333220e-02
2.3856650e-02
2.0522520e-02
1.7320910e-02
1.4233680e-02
1.1205620e-02
8.2043150e-03
5.6859190e-03
4.6172000e-03
5.0010790e-03
5.9119360e-03
6.6261210e-03
7.0422150e-03
6.3193800e-03
2.7435560e-03
-3.5155910e-03
-1.0670560e-02
-1.6637670e-02
-1.8331320e-02
-1.5032770e-02
-9.3747780e-03
-3.9908490e-03
4.4465470e-04
4.2566010e-03
7.7922950e-03
1.0282060e-02
9.8219100e-03
6.4122270e-03
1.9880800e-03
-9.5522000e-04
-6.5276400e-04
2.0985570e-03
5.1795900e-03
7.2460440e-03
8.5132600e-03
9.8653140e-03
1.1852780e-02
1.3989280e-02
1.4564780e-02
1.2884040e-02
1.0054410e-02
7.3658760e-03
5.0837300e-03
2.6134420e-03
-4.3872350e-04
-3.1430600e-03
-3.9107750e-03
-2.7634150e-03
-1.0396140e-03
-3.3355500e-04
-2.2161040e-03
-6.4890980e-03
-1.1678980e-02
-1.6894740e-02
-2.1872560e-02
-2.6033700e-02
-2.9145640e-02
-3.1691180e-02
-3.4236850e-02
-3.6686050e-02
-3.7337550e-02
-3.4962020e-02
-3.0654560e-02
-2.6552580e-02
-2.4674710e-02
-2.5176400e-02
-2.6119760e-02
-2.4563770e-02
-1.9748210e-02
-1.3503900e-02
-7.6657990e-03
-3.3273550e-03
-1.2613660e-03
-9.1840310e-04
-1.0400030e-03
-8.3805370e-04
2.2770650e-04
2.4222830e-03
5.3212090e-03
8.3191260e-03
1.1181150e-02
1.4082170e-02
1.7234560e-02
2.0589900e-02
2.3955670e-02
2.6577530e-02
2.6485190e-02
2.3190930e-02
1.8125250e-02
1.2596330e-02
7.1141270e-03
2.9810570e-03
2.4169670e-03
4.9464180e-03
6.8315150e-03
5.4034940e-03
1.6740980e-03
-2.0800380e-03
-4.6420030e-03
-5.2589960e-03
-4.0475410e-03
-2.0415330e-03
-9.3908970e-05
1.8681290e-03
4.7165850e-03
8.7384700e-03
1.3303930e-02
1.7752990e-02
2.1891920e-02
2.5588200e-02
2.8791680e-02
3.1663710e-02
3.3635090e-02
3.3446280e-02
3.1250480e-02
2.8310790e-02
2.5075050e-02
2.1179470e-02
1.6595650e-02
1.1749940e-02
7.1867030e-03
3.7788030e-03
1.8460360e-03
6.9258830e-04
-4.8535320e-04
-1.9768680e-03
-4.1322870e-03
-7.2810840e-03
-1.1126220e-02
-1.5071540e-02
-1.8217770e-02
-1.9598980e-02
-1.9493080e-02
-1.8897570e-02
-1.7990050e-02
-1.6371330e-02
-1.4546000e-02
-1.4357640e-02
-1.6332070e-02
-1.7644150e-02
-1.5148040e-02
-9.4980280e-03
-3.7317340e-03
4.4564270e-04
3.4304440e-03
5.9987820e-03
8.2403590e-03
8.1889180e-03
4.1858330e-03
-1.7226660e-03
-6.5124450e-03
-9.6109370e-03
-1.2298550e-02
-1.5515610e-02
-1.8851580e-02
-2.1454190e-02
-2.2806020e-02
-2.2279800e-02
-2.0123260e-02
-1.7843150e-02
-1.7621190e-02
-1.9885090e-02
-2.3160480e-02
-2.5609150e-02
-2.5815190e-02
-2.4089660e-02
-2.1821390e-02
-1.9647630e-02
-1.6797960e-02
-1.2722610e-02
-7.9204180e-03
-3.1664080e-03
1.2493800e-03
5.5210730e-03
9.8840400e-03
1.4324840e-02
1.7929860e-02
1.9005720e-02
1.7587830e-02
1.5294710e-02
1.3358430e-02
1.1850030e-02
1.0692700e-02
1.0231230e-02
1.0473560e-02
1.1009520e-02
1.1485310e-02
1.1807480e-02
1.1683280e-02
1.0730700e-02
9.1281550e-03
7.3709350e-03
5.7395820e-03
4.2407930e-03
3.2139010e-03
3.1476040e-03
3.8569700e-03
4.6826500e-03
4.7187390e-03
3.5087790e-03
1.5524080e-03
-5.0967870e-04
-2.8987990e-03
-6.1078350e-03
-9.9815330e-03
-1.3816900e-02
-1.5999810e-02
-1.5420340e-02
-1.3035620e-02
-1.0471310e-02
-8.5147510e-03
-7.4428730e-03
-7.1818130e-03
-7.3046580e-03
-7.6064560e-03
-8.6347560e-03
-1.0717050e-02
-1.3397470e-02
-1.6066850e-02
-1.8533810e-02
-2.0690090e-02
-2.1122140e-02
-1.8706010e-02
-1.4494060e-02
-1.1270110e-02
-1.1246230e-02
-1.3666840e-02
-1.6025400e-02
-1.5365290e-02
-1.0971650e-02
-4.8560030e-03
9.6525090e-04
5.5426390e-03
8.0186260e-03
8.5943060e-03
8.8652100e-03
1.0791780e-02
1.4602650e-02
1.9055890e-02
2.3175370e-02
2.6942760e-02
3.0005760e-02
3.0231890e-02
2.6874360e-02
2.1957220e-02
1.8856730e-02
1.9044120e-02
2.1003600e-02
2.2769180e-02
2.3837700e-02
2.4500260e-02
2.4609200e-02
2.4050290e-02
2.3027590e-02
2.1626720e-02
1.9875910e-02
1.7863140e-02
1.4808620e-02
9.4761230e-03
2.5637810e-03
-2.4859070e-03
-3.3601160e-03
-1.5309100e-03
3.8413930e-04
1.4084010e-03
2.0215750e-03
2.1593990e-03
1.2693300e-03
-5.2471340e-04
-2.5886370e-03
-4.4951660e-03
-6.2560240e-03
-8.0198110e-03
-9.1144430e-03
-7.9812240e-03
-4.5602470e-03
-2.9278460e-04
3.2938140e-03
4.6747290e-03
3.7003700e-03
1.7462130e-03
3.9342320e-04
3.4639080e-04
1.0717330e-03
1.7738630e-03
2.1925820e-03
1.9535530e-03
1.2863020e-04
-2.1451120e-03
-2.2376170e-03
2.2986090e-04
3.5673500e-03
6.4141560e-03
8.7119480e-03
1.0408710e-02
1.0885790e-02
1.0203300e-02
9.0918250e-03
8.2691810e-03
8.6982410e-03
1.0545170e-02
1.1355630e-02
8.9510090e-03
4.1950920e-03
-8.9236300e-04
-5.5162790e-03
-9.8968180e-03
-1.2865180e-02
-1.2589670e-02
-9.6019810e-03
-5.9332320e-03
-3.2430790e-03
-2.7019790e-03
-4.0994580e-03
-6.1778320e-03
-8.0459330e-03
-9.6714030e-03
-1.1034870e-02
-1.1236460e-02
-9.8815330e-03
-7.7007520e-03
-5.5637000e-03
-3.7202380e-03
-2.0323110e-03
-3.6357260e-04
1.6796550e-03
4.6016350e-03
8.2591420e-03
1.2008510e-02
1.4129500e-02
1.2757360e-02
8.6025480e-03
3.8146270e-03
-3.8666310e-04
-3.5289620e-03
-4.1307580e-03
-1.7663150e-03
2.0796400e-03
5.5078680e-03
6.8430650e-03
6.0022810e-03
4.8473090e-03
5.5382160e-03
7.8460130e-03
8.8869610e-03
6.8857190e-03
3.0325090e-03
-7.2961390e-04
-3.7765390e-03
-6.6374370e-03
-9.8069310e-03
-1.2658900e-02
-1.3168920e-02
-1.0763300e-02
-7.1004520e-03
-4.7133880e-03
-4.9378910e-03
-6.7833370e-03
-8.6154120e-03
-9.3109100e-03
-8.4732650e-03
-7.0829180e-03
-7.0610790e-03
-8.9857730e-03
-1.1770760e-02
-1.4317410e-02
-1.6455340e-02
-1.7890020e-02
-1.7148620e-02
-1.3906020e-02
-9.5197320e-03
-5.3117990e-03
-1.6508010e-03
1.1281900e-03
2.7586500e-03
3.6397500e-03
4.3560230e-03
4.5510500e-03
3.1008090e-03
2.2172260e-05
-3.6123980e-03
-6.9880040e-03
-9.6297520e-03
-1.0088890e-02
-7.7935110e-03
-4.0397980e-03
-3.3286110e-04
2.5271270e-03
3.7498170e-03
3.3418660e-03
2.2233410e-03
1.1893700e-03
4.6018230e-04
3.4982750e-04
1.1169880e-03
2.4662050e-03
3.9197230e-03
5.3458280e-03
6.8906840e-03
8.6117600e-03
1.0409570e-02
1.2151870e-02
1.3150130e-02
1.2079290e-02
8.9709760e-03
5.1424770e-03
1.7638740e-03
-8.9009860e-04
-3.2587280e-03
-5.6968460e-03
-8.1107040e-03
-1.0333840e-02
-1.2489750e-02
-1.4905970e-02
-1.7657660e-02
-2.0345480e-02
-2.1606540e-02
-2.0589500e-02
-1.8411010e-02
-1.7529090e-02
-1.9043460e-02
-2.1560760e-02
-2.2008910e-02
-1.8884230e-02
-1.3741820e-02
-8.7094810e-03
-4.5144560e-03
-9.2616160e-04
2.4614310e-03
5.9401810e-03
1.0798290e-02
1.8604810e-02
2.7222890e-02
3.2923320e-02
3.5378420e-02
3.6906870e-02
3.8824560e-02
3.9889010e-02
3.9007970e-02
3.6851830e-02
3.4568720e-02
3.2424110e-02
3.0121760e-02
2.7536910e-02
2.4967230e-02
2.2756800e-02
2.0867110e-02
1.9036120e-02
1.7106880e-02
1.5109950e-02
1.3132050e-02
1.1209290e-02
9.3436580e-03
7.5155890e-03
5.6986570e-03
3.8797320e-03
2.0600690e-03
2.4911440e-04
-1.2241250e-03
-1.3671900e-03
7.9116680e-05
2.2609130e-03
3.9580440e-03
4.0915420e-03
2.8024860e-03
1.0905890e-03
-9.9115630e-05
-9.8012990e-05
9.0965830e-04
2.2097490e-03
3.3581880e-03
4.3870850e-03
5.4765970e-03
6.6696070e-03
7.8838520e-03
8.9764610e-03
9.3590990e-03
8.5378630e-03
6.8927740e-03
5.1352710e-03
3.5833010e-03
2.1723760e-03
1.0324560e-03
3.7114110e-04
7.1862980e-05
-1.4965230e-04
-4.4719980e-04
-7.9282850e-04
-1.2536400e-03
-2.8984830e-03
-6.7255970e-03
-1.2076840e-02
-1.7259620e-02
-2.1037350e-02
-2.3701040e-02
-2.5929060e-02
-2.6803760e-02
-2.5388160e-02
-2.2430450e-02
-1.9298980e-02
-1.6448750e-02
-1.3086650e-02
-8.6636660e-03
-3.9496520e-03
-2.0824970e-04
2.4118400e-03
4.5284310e-03
5.7790210e-03
5.4621760e-03
3.9583080e-03
2.2149840e-03
7.3987410e-04
-5.7112040e-04
-1.9687750e-03
-3.4569030e-03
-4.2934070e-03
-3.5353140e-03
-1.4557260e-03
9.3381700e-04
3.0276480e-03
4.9072980e-03
6.8371720e-03
8.4553890e-03
8.9203230e-03
8.2371690e-03
7.1670320e-03
6.2828730e-03
5.5942200e-03
4.8714720e-03
3.9928780e-03
2.8683360e-03
1.4669290e-03
-9.3066670e-05
-1.7176110e-03
-3.4765990e-03
-5.4107420e-03
-7.4379300e-03
-9.4369850e-03
-1.1342360e-02
-1.3185010e-02
-1.5037080e-02
-1.7208160e-02
-2.0265990e-02
-2.3998740e-02
-2.6352350e-02
-2.5567360e-02
-2.2536970e-02
-1.9230890e-02
-1.6569840e-02
-1.4634400e-02
-1.3605320e-02
-1.3347320e-02
-1.3402290e-02
-1.3424140e-02
-1.3292220e-02
-1.2884650e-02
-1.2217140e-02
-1.1815150e-02
-1.2336180e-02
-1.3660420e-02
-1.5078000e-02
-1.5429460e-02
-1.4061190e-02
-1.1629760e-02
-9.1350830e-03
-6.9392560e-03
-4.8195570e-03
-2.5383570e-03
-1.4213990e-04
2.0325680e-03
3.7142060e-03
5.0455460e-03
6.3354760e-03
7.5252030e-03
7.7880960e-03
6.7359540e-03
5.1517340e-03
4.4649600e-03
5.1525790e-03
6.4721290e-03
7.6067770e-03
8.0043600e-03
7.2402940e-03
5.5849160e-03
3.6914740e-03
1.9311130e-03
2.6428230e-04
-1.3795680e-03
-2.4111490e-03
-2.2078640e-03
-1.1273080e-03
-4.0230430e-04
-1.0568410e-03
-2.7906360e-03
-4.5087070e-03
-4.9346790e-03
-3.7711970e-03
-1.8838370e-03
-1.4038030e-04
8.7322640e-04
5.2671330e-04
-1.0159490e-03
-2.9662320e-03
-4.7707410e-03
-6.0913110e-03
-6.1397810e-03
-4.7274800e-03
-2.6123000e-03
-6.0742250e-04
4.4955200e-04
-4.9956020e-05
-9.5344470e-04
-6.4125560e-04
8.6363690e-04
1.7795770e-03
5.8910840e-04
-2.1881610e-03
-4.9494870e-03
-5.8662050e-03
-4.3680440e-03
-1.6512150e-03
8.3947800e-04
2.0472330e-03
1.8096940e-03
9.0406700e-04
6.5635070e-05
-5.8317210e-04
-1.4352760e-03
-2.9117980e-03
-4.9009420e-03
-6.9908290e-03
-8.9530670e-03
-1.0838620e-02
-1.2566350e-02
-1.3225750e-02
-1.2253850e-02
-1.0329280e-02
-9.0695530e-03
-1.0171760e-02
-1.3416320e-02
-1.7029090e-02
-1.9286990e-02
-2.0077890e-02
-2.0410930e-02
-2.0471880e-02
-1.9439280e-02
-1.7192070e-02
-1.4396020e-02
-1.1148500e-02
-7.0261760e-03
-2.1337480e-03
2.6635740e-03
6.1802960e-03
8.3168600e-03
9.9596340e-03
1.1815300e-02
1.3940980e-02
1.6122560e-02
1.8242340e-02
2.0336700e-02
2.2468520e-02
2.4550110e-02
2.6318140e-02
2.7718260e-02
2.8708690e-02
2.8504440e-02
2.6741580e-02
2.4151560e-02
2.1735300e-02
1.9866950e-02
1.8247440e-02
1.6446420e-02
1.4069790e-02
1.1070730e-02
7.7941650e-03
4.5553620e-03
1.4115430e-03
-1.6752600e-03
-4.6955420e-03
-7.6481000e-03
-1.0564400e-02
-1.3478530e-02
-1.6402080e-02
-1.9314640e-02
-2.1642050e-02
-2.1979170e-02
-2.0150560e-02
-1.7427040e-02
-1.5044240e-02
-1.4042420e-02
-1.4846740e-02
-1.6704810e-02
-1.8640120e-02
-2.0260740e-02
-2.0924530e-02
-1.9681840e-02
-1.6840910e-02
-1.3550270e-02
-1.0552620e-02
-8.2141010e-03
-6.9210770e-03
-6.4906510e-03
-6.3384360e-03
-6.1019800e-03
-6.0909680e-03
-6.9512540e-03
-8.6520310e-03
-1.0609670e-02
-1.2410620e-02
-1.4068150e-02
-1.5641070e-02
-1.6638470e-02
-1.6691680e-02
-1.6144640e-02
-1.5554430e-02
-1.5138690e-02
-1.4785480e-02
-1.4358640e-02
-1.3859980e-02
-1.3379700e-02
-1.3179860e-02
-1.3548130e-02
-1.4363480e-02
-1.5253260e-02
-1.5565250e-02
-1.4575520e-02
-1.2483790e-02
-1.0089960e-02
-7.9016600e-03
-6.3135590e-03
-6.1994270e-03
-7.5906700e-03
-8.8488660e-03
-8.1595450e-03
-5.7151890e-03
-3.3573630e-03
-3.2889820e-03
-5.5240270e-03
-7.0027500e-03
-5.1432650e-03
-7.9206800e-04
3.7766810e-03
7.3533700e-03
9.2783180e-03
9.4059580e-03
8.5405350e-03
7.6074540e-03
7.3543610e-03
8.3666020e-03
1.0379910e-02
1.2655980e-02
1.4702570e-02
1.5921210e-02
1.5776350e-02
1.4639520e-02
1.3300580e-02
1.2331930e-02
1.2443560e-02
1.3881270e-02
1.6028550e-02
1.8177580e-02
1.9991300e-02
2.0590530e-02
1.9183090e-02
1.6379170e-02
1.3573660e-02
1.1868320e-02
1.1167000e-02
1.0687110e-02
9.9660070e-03
9.0924660e-03
8.2235320e-03
7.1723940e-03
5.7793430e-03
4.4940490e-03
4.3524450e-03
5.5480010e-03
7.2966140e-03
8.8876320e-03
1.0190140e-02
1.0777400e-02
9.8572520e-03
7.6292570e-03
5.0127000e-03
2.6105790e-03
4.8631350e-04
-7.3731860e-04
-1.7764220e-04
1.8071900e-03
3.8100170e-03
4.2198120e-03
2.8639770e-03
8.6380610e-04
-6.4903560e-04
-7.6399040e-04
5.1329740e-04
2.3397180e-03
3.9764190e-03
4.7441640e-03
4.1855890e-03
2.7196100e-03
1.0952450e-03
-3.4279290e-04
-1.6604810e-03
-2.6824060e-03
-3.0355830e-03
-2.8081660e-03
-2.4151440e-03
-2.1258530e-03
-1.9237190e-03
-1.6809040e-03
-1.3397200e-03
-9.4862080e-04
-6.4169470e-04
-8.4943080e-04
-1.8448370e-03
-3.3261840e-03
-4.8381450e-03
-6.0863650e-03
-6.6756380e-03
-6.5171580e-03
-5.9894810e-03
-5.3138090e-03
-4.1646720e-03
-2.3859130e-03
-2.7893390e-04
1.7973850e-03
3.5929040e-03
4.7348180e-03
5.1808640e-03
5.3155870e-03
5.4917720e-03
5.7717150e-03
6.0867030e-03
6.4811380e-03
7.0134360e-03
7.6423880e-03
8.2854350e-03
8.9032920e-03
9.5080210e-03
1.0091280e-02
1.0224670e-02
9.3076570e-03
7.5240430e-03
5.9387150e-03
5.7773330e-03
6.9897980e-03
8.5997890e-03
9.9128830e-03
1.0547400e-02
1.0213790e-02
9.1760180e-03
7.9645310e-03
6.8607320e-03
5.8244170e-03
4.7394270e-03
3.5891760e-03
2.4316810e-03
1.3642990e-03
8.3211620e-04
1.2160670e-03
2.2304390e-03
3.2858490e-03
3.7766900e-03
3.4681310e-03
2.7152080e-03
2.1127340e-03
2.4902350e-03
4.1201670e-03
6.3899580e-03
8.4011210e-03
8.9688470e-03
7.7224580e-03
5.7580850e-03
5.0054290e-03
6.2207040e-03
8.4341700e-03
1.0332280e-02
1.0678590e-02
9.1334650e-03
6.8616360e-03
5.9747470e-03
7.3239640e-03
9.8202980e-03
1.2025220e-02
1.3439480e-02
1.5025620e-02
1.7838370e-02
2.1652450e-02
2.5527470e-02
2.7791880e-02
2.6575040e-02
2.2433520e-02
1.7495430e-02
1.3320900e-02
1.1274280e-02
1.1845510e-02
1.3809100e-02
1.5251180e-02
1.5265520e-02
1.4467880e-02
1.3725140e-02
1.2867870e-02
1.1168220e-02
8.6168790e-03
5.8510620e-03
3.3844610e-03
1.2001450e-03
-9.7311580e-04
-3.2490530e-03
-5.0697910e-03
-5.3409250e-03
-4.0559820e-03
-2.2218990e-03
-6.6658170e-04
8.1643780e-05
-2.2907390e-04
-1.2138680e-03
-2.3047880e-03
-3.2653740e-03
-4.1788290e-03
-5.1611220e-03
-6.2074450e-03
-7.2497190e-03
-8.2558870e-03
-9.2456860e-03
-1.0238390e-02
-1.1099760e-02
-1.1590560e-02
-1.1735370e-02
-1.1770890e-02
-1.1852470e-02
-1.1868870e-02
-1.1632270e-02
-1.1174740e-02
-1.0668260e-02
-1.0216630e-02
-9.9037580e-03
-1.0284150e-02
-1.1775310e-02
-1.3792990e-02
-1.4536760e-02
-1.2925270e-02
-9.8836880e-03
-7.1696260e-03
-5.8319850e-03
-5.4561640e-03
-5.1234810e-03
-4.4686400e-03
-3.5991610e-03
-2.4994670e-03
-1.1274430e-03
4.1900520e-04
1.8820060e-03
2.5061320e-03
1.8172740e-03
3.1658550e-04
-1.2341920e-03
-2.5530520e-03
-3.7944020e-03
-4.8841380e-03
-5.0476990e-03
-3.9822940e-03
-2.2907100e-03
-6.5849650e-04
7.4587180e-04
1.9843610e-03
2.5908700e-03
2.1915920e-03
1.1584180e-03
3.4240090e-04
4.1705030e-04
1.2105920e-03
2.1316660e-03
2.8482350e-03
3.3119330e-03
3.5937670e-03
3.8068540e-03
3.9740260e-03
3.7655050e-03
2.8698820e-03
1.4916620e-03
4.8867390e-05
-1.2419980e-03
-2.4201890e-03
-3.6050180e-03
-4.8354270e-03
-6.0243210e-03
-7.0522220e-03
-7.9348650e-03
-8.7805790e-03
-9.6582000e-03
-1.0513010e-02
-1.0858280e-02
-1.0183420e-02
-8.7702270e-03
-7.5634950e-03
-7.2411730e-03
-7.5593230e-03
-7.8470920e-03
-7.1216180e-03
-4.7053450e-03
-1.1437380e-03
2.4752500e-03
5.4141410e-03
7.7539450e-03
9.9876320e-03
1.2315390e-02
1.4403890e-02
1.6004790e-02
1.7393960e-02
1.9299900e-02
2.2045430e-02
2.4868460e-02
2.6509660e-02
2.6837850e-02
2.6723960e-02
2.6850790e-02
2.7221890e-02
2.7481910e-02
2.6848960e-02
2.4688700e-02
2.1459050e-02
1.8097420e-02
1.5540900e-02
1.4363900e-02
1.4135410e-02
1.3995070e-02
1.3136210e-02
1.1283560e-02
8.8978610e-03
6.5253830e-03
4.3121070e-03
2.1178210e-03
-3.9449040e-05
-1.5312120e-03
-1.9550920e-03
-1.7311250e-03
-1.4871230e-03
-1.4452690e-03
-1.4641780e-03
-1.3938930e-03
-1.3946640e-03
-2.1339860e-03
-3.8811470e-03
-6.1234130e-03
-7.8643710e-03
-8.2548070e-03
-7.5566660e-03
-6.6302590e-03
-6.1217760e-03
-6.3684410e-03
-7.1945960e-03
-8.1700780e-03
-9.0585270e-03
-9.8343760e-03
-1.0023730e-02
-9.0083640e-03
-7.0358780e-03
-5.1329450e-03
-4.8414750e-03
-6.5418770e-03
-9.1447550e-03
-1.1576040e-02
-1.3494020e-02
-1.4611180e-02
-1.4883160e-02
-1.4717300e-02
-1.4534130e-02
-1.4452940e-02
-1.4385460e-02
-1.4258620e-02
-1.4093170e-02
