0.01
3.7059630e-03
2.1056670e-03
-1.2298490e-03
-4.9883480e-03
-6.6493760e-03
-4.8346990e-03
-1.1901130e-03
4.3663220e-04
-2.0829300e-03
-6.6423070e-03
-8.3330010e-03
-4.8742510e-03
1.1786430e-03
5.3251910e-03
5.7994350e-03
4.9156660e-03
4.7734740e-03
3.8160700e-03
1.3408600e-04
-5.5061640e-03
-8.7959850e-03
-5.2003360e-03
3.8293800e-03
1.1337090e-02
1.2407670e-02
9.0924910e-03
6.0931160e-03
5.1720390e-03
4.5863260e-03
2.4761380e-03
-9.6442400e-04
-4.5072020e-03
-7.5627710e-03
-1.0636980e-02
-1.4686570e-02
-1.9830130e-02
-2.4132470e-02
-2.3086940e-02
-1.5844090e-02
-8.6983860e-03
-7.7052280e-03
-1.0813190e-02
-1.1946600e-02
-9.1390850e-03
-4.9036670e-03
-1.7463830e-03
-4.4091960e-04
-1.5997350e-03
-4.8096970e-03
-7.3648070e-03
-5.9359730e-03
-1.3179200e-03
1.0347630e-03
-1.6981850e-03
-4.8607670e-03
-3.7807660e-03
-1.8668290e-03
-5.1502820e-03
-1.3165460e-02
-2.0086810e-02
-2.3483550e-02
-2.7158640e-02
-3.4318470e-02
-4.3302820e-02
-4.8605710e-02
-4.7637240e-02
-4.3375370e-02
-3.9677810e-02
-3.7488670e-02
-3.5549280e-02
-3.1784100e-02
-2.3037810e-02
-9.0551060e-03
6.6610080e-03
1.6501720e-02
1.3440750e-02
1.0041890e-03
-9.8496910e-03
-1.2919920e-02
-1.1848970e-02
-1.4444770e-02
-2.3495040e-02
-3.4095150e-02
-3.9011660e-02
-3.7636240e-02
-3.7180380e-02
-4.3610410e-02
-5.4928660e-02
-6.2406840e-02
-5.7661660e-02
-4.2848830e-02
-2.6213700e-02
-1.2964200e-02
-3.4945110e-03
4.5091990e-03
1.2921800e-02
2.2179100e-02
3.2280970e-02
4.2957020e-02
5.3803580e-02
6.3988800e-02
7.1635310e-02
7.6123230e-02
7.7615420e-02
7.6380940e-02
7.3636900e-02
7.0951330e-02
7.0196200e-02
7.2002380e-02
7.2661780e-02
6.6497720e-02
5.3703490e-02
3.9286920e-02
2.7968210e-02
2.0710430e-02
1.5038860e-02
8.6771420e-03
1.4522280e-03
-6.0075850e-03
-1.4390740e-02
-2.4361430e-02
-3.2104510e-02
-2.8389960e-02
-1.1755760e-02
9.9016490e-03
2.7122080e-02
2.9576330e-02
1.6071850e-02
-3.9527680e-03
-2.0146700e-02
-2.2468010e-02
-8.9245210e-03
1.3018320e-02
3.5928250e-02
4.9436250e-02
4.9202000e-02
4.1873980e-02
3.5914230e-02
3.5790690e-02
4.0853570e-02
4.7279650e-02
5.0171720e-02
4.5562500e-02
3.4992220e-02
2.2409750e-02
1.1265450e-02
3.7555180e-03
5.6144200e-04
3.5580640e-03
9.7302090e-03
5.7998120e-03
-1.4764290e-02
-3.9019100e-02
-4.6098390e-02
-3.3418430e-02
-1.4786130e-02
-4.9072590e-03
-1.3442410e-02
-3.6557390e-02
-5.9262780e-02
-6.4049160e-02
-5.0653130e-02
-3.7746780e-02
-3.8062810e-02
-4.7046170e-02
-5.4791100e-02
-5.7576340e-02
-5.6559330e-02
-5.4051280e-02
-5.2899440e-02
-5.6135630e-02
-6.3192240e-02
-6.7927850e-02
-6.3773820e-02
-4.9470580e-02
-2.5818950e-02
-9.3847900e-04
1.5043190e-02
2.2182750e-02
2.7405570e-02
3.3275550e-02
3.4219000e-02
2.7222820e-02
1.6090840e-02
6.4496310e-03
4.0402530e-03
1.0551950e-02
2.0634610e-02
2.5254900e-02
2.1075570e-02
1.4440740e-02
1.4252650e-02
2.1301890e-02
2.7027730e-02
2.2184330e-02
7.9329860e-03
-7.9549060e-03
-2.0076850e-02
-2.8624530e-02
-3.3778220e-02
-3.2217550e-02
-2.4144750e-02
-1.4338210e-02
-6.5059460e-03
7.0001300e-04
1.1570020e-02
2.6861560e-02
4.2554830e-02
5.4285310e-02
6.0841200e-02
5.8612700e-02
4.5775250e-02
2.7063990e-02
8.3901390e-03
-8.1414790e-03
-1.9951770e-02
-2.1721700e-02
-1.4112970e-02
-1.9230830e-03
1.1714210e-02
2.5273080e-02
2.9684990e-02
1.3094300e-02
-1.5863860e-02
-3.9097530e-02
-5.0131310e-02
-5.1494020e-02
-4.4430090e-02
-3.1179630e-02
-1.5457870e-02
2.9145330e-04
1.5493780e-02
2.8686830e-02
3.7872260e-02
4.3872170e-02
4.8193690e-02
4.8219330e-02
4.0758340e-02
2.5413740e-02
1.0498450e-02
8.7545770e-03
2.0547820e-02
3.5147180e-02
4.3478560e-02
3.9680590e-02
2.2641440e-02
1.0660640e-03
-1.5653910e-02
-2.5867930e-02
-2.8153490e-02
-2.0958730e-02
-7.8079590e-03
6.0616680e-03
1.8422090e-02
2.9926510e-02
3.8030220e-02
3.6937790e-02
3.1936040e-02
3.5027380e-02
4.8273830e-02
6.4230770e-02
7.0349160e-02
5.5366720e-02
2.4745380e-02
-4.7855870e-03
-1.9357030e-02
-1.3784380e-02
3.5376420e-03
1.5278550e-02
8.9025790e-03
-1.0688970e-02
-3.1290370e-02
-4.7047920e-02
-5.3549020e-02
-4.2737440e-02
-1.6327050e-02
1.4777940e-02
3.2147480e-02
2.4546060e-02
1.3393900e-03
-2.1033210e-02
-3.4792750e-02
-4.0544220e-02
-3.6581270e-02
-2.3338920e-02
-5.9448070e-03
1.0412400e-02
2.2554180e-02
2.6662740e-02
2.2627880e-02
1.2390630e-02
-3.8948540e-03
-2.4537490e-02
-4.4875410e-02
-5.3399790e-02
-4.3268530e-02
-2.3341550e-02
-8.1871640e-03
-3.9336730e-03
-8.6243540e-03
-1.6649860e-02
-2.2478550e-02
-2.0847180e-02
-1.1534210e-02
1.0023750e-03
1.2963660e-02
2.3270880e-02
2.9797240e-02
3.1912460e-02
3.6035110e-02
4.7208590e-02
6.3072120e-02
7.6487980e-02
7.8623950e-02
6.9011540e-02
5.6657470e-02
4.8934390e-02
4.0845560e-02
2.4292720e-02
8.7653440e-04
-1.5754760e-02
-1.4147900e-02
-1.4004520e-03
8.5166730e-03
1.0594400e-02
6.1020880e-03
-1.5219670e-03
-7.8779820e-03
-1.1440120e-02
-1.1339050e-02
-2.8365000e-03
1.7322780e-02
4.2765100e-02
6.2308830e-02
7.0686340e-02
6.5846090e-02
5.0296320e-02
2.3111760e-02
-1.8567080e-02
-5.5634200e-02
-6.2148720e-02
-3.5915420e-02
3.9980550e-03
3.6130940e-02
4.6950850e-02
2.8816680e-02
-8.7655070e-03
-4.1194570e-02
-5.3807200e-02
-5.4685680e-02
-5.9072390e-02
-7.1646990e-02
-8.6603050e-02
-9.5085130e-02
-9.1366330e-02
-7.2411940e-02
-3.7358530e-02
2.1869120e-02
1.0112320e-01
1.5956680e-01
1.5055300e-01
7.1671420e-02
-4.1741140e-02
-1.3086600e-01
-1.5862000e-01
-1.1361650e-01
-3.1877700e-02
3.2702630e-02
5.8083310e-02
5.0322860e-02
3.0111180e-02
1.9525420e-02
3.0153500e-02
5.4177160e-02
7.7700440e-02
9.6372620e-02
1.1603710e-01
1.1737140e-01
6.0456050e-02
-3.5491460e-02
-1.1918070e-01
-1.6188060e-01
-1.6351630e-01
-1.4546110e-01
-1.3011230e-01
-1.2937830e-01
-1.3559510e-01
-1.3148260e-01
-9.8378260e-02
-2.9795360e-02
5.7213900e-02
1.4202580e-01
2.1395040e-01
2.4752530e-01
2.2454630e-01
1.5103430e-01
3.6406370e-02
-7.2733140e-02
-1.2952090e-01
-1.2766950e-01
-9.8724690e-02
-7.3603170e-02
-5.8352570e-02
-4.5072200e-02
-3.1452460e-02
-1.9910140e-02
-9.3500680e-03
2.7217050e-03
1.2250740e-02
1.2872720e-02
7.4349100e-03
3.2902840e-03
3.4359710e-03
9.4937820e-03
2.3506610e-02
4.3124580e-02
6.0911380e-02
6.4867900e-02
4.7494930e-02
1.6341540e-02
-1.5915170e-02
-4.2246300e-02
-5.0927070e-02
-3.2369800e-02
4.2172380e-03
3.9082190e-02
5.4243760e-02
4.2375520e-02
-4.0850880e-05
-5.3261980e-02
-8.9087170e-02
-1.0367230e-01
-1.0529280e-01
-9.6720710e-02
-7.9337130e-02
-5.4959470e-02
-3.4923070e-02
-2.9892270e-02
-3.7534360e-02
-4.9231710e-02
-5.8926580e-02
-6.3914250e-02
-6.1764110e-02
-5.1987550e-02
-3.4024760e-02
-9.0908970e-03
2.0379700e-02
5.3381360e-02
8.6995940e-02
1.1427050e-01
1.3062740e-01
1.3199130e-01
1.0872960e-01
3.6693390e-02
-6.1034590e-02
-1.2368730e-01
-1.2200300e-01
-7.5026030e-02
-2.1350240e-02
1.4126600e-02
2.7884860e-02
2.7485870e-02
1.8595180e-02
9.4697320e-03
7.2163070e-03
1.1476730e-02
1.7579380e-02
2.5010180e-02
3.6654830e-02
5.1749790e-02
6.0611620e-02
5.3507750e-02
3.3731180e-02
1.2717360e-02
8.2423810e-03
2.8097320e-02
5.7271510e-02
7.4565850e-02
7.0698430e-02
5.0826200e-02
2.4432090e-02
-2.2921310e-03
-2.0698640e-02
-2.4980580e-02
-1.9334030e-02
-2.1758910e-02
-4.2437740e-02
-7.3473630e-02
-1.0066620e-01
-1.0951330e-01
-9.7524840e-02
-7.6663890e-02
-6.0366000e-02
-5.3915300e-02
-5.1578070e-02
-4.3957480e-02
-2.6712160e-02
-4.4168410e-03
1.4283670e-02
2.6893210e-02
3.6137400e-02
3.9426890e-02
3.3046210e-02
1.9531400e-02
4.6822970e-03
-5.4917850e-03
-5.5087330e-03
3.7713860e-03
1.7336850e-02
2.8457330e-02
3.1492740e-02
2.7837740e-02
2.2790760e-02
1.9139150e-02
1.6237250e-02
1.5682610e-02
2.4849570e-02
4.5094570e-02
6.4052700e-02
6.5696050e-02
4.8765930e-02
1.9910370e-02
-7.5657900e-03
-2.2185010e-02
-2.3327180e-02
-1.8131760e-02
-1.1619910e-02
-2.5483240e-03
6.7884890e-03
9.3372140e-03
4.3615780e-03
-4.3313470e-05
2.4118820e-03
6.8731140e-03
6.8679000e-03
3.1572430e-03
2.8144010e-03
9.7380820e-03
1.9914650e-02
2.7242470e-02
3.0619700e-02
3.2047080e-02
2.7987040e-02
1.2759510e-02
-1.3654440e-02
-4.1693050e-02
-5.6568450e-02
-5.3998760e-02
-4.0830570e-02
-2.3098130e-02
-4.1474570e-03
1.3075530e-02
2.4370930e-02
2.4279780e-02
1.4312460e-02
2.1092270e-03
-4.6353260e-03
-4.5136470e-03
-3.2499710e-03
-1.0062570e-02
-2.5858920e-02
-3.5820920e-02
-2.7761330e-02
-7.3727810e-03
1.0921900e-02
1.8007440e-02
1.6532520e-02
1.2079260e-02
6.6835250e-03
5.2335540e-04
-3.4082270e-03
-1.1218510e-03
6.3417580e-03
1.3887720e-02
1.6144990e-02
1.2596590e-02
5.8643100e-03
-2.0133090e-03
-1.0096830e-02
-1.8118870e-02
-2.5304160e-02
-2.7804800e-02
-2.3435870e-02
-1.5171340e-02
-8.2702460e-03
-9.6200620e-03
-2.1216350e-02
-3.6308500e-02
-4.4878010e-02
-4.4976370e-02
-4.4407550e-02
-4.9821560e-02
-5.9209520e-02
-6.3783980e-02
-5.8325960e-02
-4.2902740e-02
-1.8216310e-02
9.9071080e-03
3.3057160e-02
4.8735220e-02
5.9115530e-02
6.7319690e-02
7.1532330e-02
6.6525710e-02
5.3217780e-02
3.4412380e-02
1.2375940e-02
-4.4334610e-03
-7.5046500e-03
2.3224440e-03
1.6443010e-02
2.8097350e-02
3.5426720e-02
3.9610720e-02
4.1344020e-02
4.0857630e-02
3.9084600e-02
3.6540670e-02
3.2459130e-02
2.5742530e-02
1.4133870e-02
2.5856830e-03
-1.0331660e-03
7.1476130e-03
2.1698360e-02
3.3908070e-02
4.0296350e-02
3.9711020e-02
3.3283020e-02
2.4523500e-02
1.6136380e-02
9.2719120e-03
7.9688060e-03
1.5308070e-02
2.8112570e-02
4.0687440e-02
4.9436060e-02
5.5055760e-02
6.0269470e-02
6.5556070e-02
6.6130210e-02
5.8771230e-02
4.6028710e-02
3.0766480e-02
1.4094710e-02
-3.3472120e-03
-1.9737130e-02
-3.3174780e-02
-4.2850250e-02
-4.6388570e-02
-4.3901410e-02
-4.0879520e-02
-4.2758800e-02
-4.9011310e-02
-5.5784240e-02
-5.9849390e-02
-5.9510850e-02
-5.6071460e-02
-5.2128150e-02
-4.9021320e-02
-4.6900840e-02
-4.5478090e-02
-4.4308660e-02
-4.2923350e-02
-4.0087670e-02
-3.5001320e-02
-2.8960470e-02
-2.4597510e-02
-2.2774410e-02
-2.2965050e-02
-2.5577490e-02
-3.0415960e-02
-3.6113570e-02
-4.1247850e-02
-4.5469790e-02
-4.8375060e-02
-4.6570460e-02
-3.8562900e-02
-2.8510580e-02
-2.1648490e-02
-1.8441550e-02
-1.6106420e-02
-1.2965170e-02
-9.4074170e-03
-6.2724980e-03
-3.4051640e-03
6.3795150e-04
6.5407120e-03
1.2472640e-02
1.4497970e-02
1.2709290e-02
1.1846870e-02
1.3588970e-02
1.4149020e-02
1.1140170e-02
8.3151130e-03
1.0375510e-02
1.6721940e-02
2.3333850e-02
2.5404910e-02
2.1038680e-02
1.3360360e-02
7.4767390e-03
5.8546870e-03
5.4800350e-03
1.8596390e-03
-5.2710510e-03
-1.2027680e-02
-1.4236030e-02
-1.2477660e-02
-1.1578270e-02
-1.3145790e-02
-1.1736260e-02
-3.9352290e-03
7.6364940e-03
1.8257580e-02
2.4961780e-02
2.8673410e-02
3.1777750e-02
3.4240990e-02
3.4502060e-02
3.1461080e-02
2.5873670e-02
1.9437220e-02
1.2698760e-02
6.9365560e-03
3.8384040e-03
1.7476130e-03
-4.0983370e-03
-1.4385130e-02
-2.3923390e-02
-2.9151730e-02
-3.1640420e-02
-3.4476220e-02
-3.8647230e-02
-4.3182860e-02
-4.6466460e-02
-4.6428240e-02
-4.3004980e-02
-3.8246780e-02
-3.3879370e-02
-3.0081170e-02
-2.6164690e-02
-2.0724180e-02
-1.2434860e-02
-2.0488100e-03
8.5487980e-03
1.8370970e-02
2.7635240e-02
3.6664900e-02
4.5378790e-02
5.2498960e-02
5.6820010e-02
5.7631260e-02
5.3916810e-02
4.6878890e-02
3.9361960e-02
3.2977850e-02
2.7328170e-02
2.1585510e-02
1.5622630e-02
9.7309430e-03
4.0575890e-03
-1.3657950e-03
-5.9986900e-03
-9.4842650e-03
-1.2293780e-02
-1.5097230e-02
-1.7656950e-02
-1.8366540e-02
-1.6676480e-02
-1.3869720e-02
-1.1320790e-02
-9.3521550e-03
-8.6323680e-03
-1.0740990e-02
-1.5491060e-02
-2.1166230e-02
-2.7152970e-02
-3.4094960e-02
-4.1971340e-02
-4.8221740e-02
-4.9627130e-02
-4.6962700e-02
-4.4056250e-02
-4.4258720e-02
-4.7376330e-02
-5.1054190e-02
-5.3882430e-02
-5.6274920e-02
-5.9112710e-02
-6.2502880e-02
-6.5135350e-02
-6.4084680e-02
-5.8733270e-02
-5.1548260e-02
-4.4680650e-02
-3.8208370e-02
-3.1381420e-02
-2.3296340e-02
-1.2171020e-02
2.2026970e-03
1.7751070e-02
3.2462580e-02
4.5094530e-02
5.4547090e-02
6.0105020e-02
6.2846470e-02
6.3859890e-02
6.2192920e-02
5.7586930e-02
5.0721370e-02
4.2248870e-02
3.3313630e-02
2.6795570e-02
2.4114190e-02
2.3070630e-02
1.9664760e-02
1.2600960e-02
4.0444340e-03
-3.3411520e-03
-8.9360060e-03
-1.3936320e-02
-1.9369670e-02
-2.4715670e-02
-2.8614390e-02
-3.0972700e-02
-3.2855590e-02
-3.4509960e-02
-3.4153990e-02
-3.0881050e-02
-2.4370020e-02
-1.3542760e-02
-2.5286870e-03
3.6329570e-03
5.4930910e-03
7.1325280e-03
1.1521520e-02
1.8333890e-02
2.8129130e-02
4.1381010e-02
5.2533270e-02
5.7932880e-02
5.9847590e-02
6.1647400e-02
6.3973300e-02
6.5979310e-02
6.8327430e-02
7.3239490e-02
8.0041630e-02
8.4551500e-02
8.4947730e-02
8.2951090e-02
7.9512790e-02
7.4183960e-02
6.4553600e-02
4.8222040e-02
2.6438730e-02
2.8084300e-03
-1.7647770e-02
-3.1699090e-02
-4.0881990e-02
-4.7673260e-02
-5.2238310e-02
-5.3142780e-02
-5.3279240e-02
-5.6490920e-02
-6.2368020e-02
-6.6008410e-02
-6.3771480e-02
-5.7582820e-02
-5.1355240e-02
-4.7188610e-02
-4.6736300e-02
-4.9414920e-02
-5.1301500e-02
-5.0257710e-02
-4.6949500e-02
-3.9493140e-02
-2.7805920e-02
-1.7958140e-02
-1.3406470e-02
-1.1793850e-02
-9.4848680e-03
-5.2587570e-03
-1.8880290e-04
4.4780280e-03
8.6006410e-03
1.2708980e-02
1.7112630e-02
2.1375030e-02
2.3831760e-02
2.3644840e-02
2.2016250e-02
2.0512640e-02
1.9578990e-02
1.8758990e-02
1.7182240e-02
1.3697120e-02
8.3945380e-03
3.1740220e-03
1.6153030e-03
4.7953090e-03
1.0129940e-02
1.4847710e-02
1.7056410e-02
1.5294540e-02
1.0526050e-02
5.0857270e-03
2.7313910e-04
-4.1315820e-03
-8.2474400e-03
-1.0226710e-02
-8.9966020e-03
-6.0302410e-03
-3.9890900e-03
-4.4747410e-03
-6.6383790e-03
-8.8135360e-03
-1.0356360e-02
-1.1258730e-02
-1.0704500e-02
-8.3523700e-03
-5.5533440e-03
-5.5566400e-03
-9.8588880e-03
-1.6444410e-02
-2.2352340e-02
-2.4527020e-02
-2.2025340e-02
-1.7177080e-02
-1.2592470e-02
-8.7845940e-03
-4.1317870e-03
2.5570980e-03
9.6065640e-03
1.4843920e-02
1.8429160e-02
2.2077630e-02
2.6740040e-02
3.1966860e-02
3.6653570e-02
3.9245600e-02
3.9477060e-02
3.8717750e-02
3.8243560e-02
3.8224120e-02
3.8205930e-02
3.7914280e-02
3.7222560e-02
3.5911650e-02
3.4082790e-02
3.2098960e-02
3.0200740e-02
2.8380870e-02
2.6589420e-02
2.5521610e-02
2.6228430e-02
2.8436320e-02
3.0827390e-02
3.1157350e-02
2.7812900e-02
2.1935540e-02
1.5300020e-02
8.3364210e-03
9.0957620e-04
-6.1798820e-03
-1.1397210e-02
-1.4709560e-02
-1.7080280e-02
-1.7838300e-02
-1.6050210e-02
-1.2556470e-02
-8.9261500e-03
-6.5292360e-03
-6.8050290e-03
-9.5458170e-03
-1.3081200e-02
-1.5331890e-02
-1.3624890e-02
-7.7532830e-03
-2.6452460e-04
6.0533670e-03
8.6052970e-03
7.2409780e-03
4.3527410e-03
1.9719740e-03
6.3666480e-04
1.2588870e-03
4.3778510e-03
8.9346050e-03
1.2811140e-02
1.3342300e-02
1.0272430e-02
5.8544820e-03
2.0804170e-03
-2.1351150e-04
-1.1333200e-03
-1.4932970e-03
-2.1081060e-03
-3.4550490e-03
-5.1764870e-03
-6.0045390e-03
-5.3687680e-03
-3.9922190e-03
-2.7662880e-03
-1.8942740e-03
-1.2918300e-03
-1.2717490e-03
-1.9563800e-03
-3.1318680e-03
-4.9591720e-03
-7.5659110e-03
-1.0465070e-02
-1.2086850e-02
-1.1263660e-02
-8.8213210e-03
-6.2956280e-03
-4.3129920e-03
-2.5588310e-03
-6.5064860e-04
1.4226390e-03
3.4694570e-03
5.0522370e-03
5.3494430e-03
4.3182710e-03
2.5987890e-03
5.5348440e-04
-1.6617840e-03
-3.0592720e-03
-2.2700780e-03
3.9032160e-04
3.7611600e-03
7.8325960e-03
1.2836190e-02
1.7400740e-02
1.9927850e-02
2.0773080e-02
2.1367390e-02
2.2482700e-02
2.3750190e-02
2.3594260e-02
2.0914330e-02
1.6602740e-02
1.2035070e-02
7.6378880e-03
3.2861450e-03
-6.5356840e-04
-3.7688050e-03
-6.3035910e-03
-8.8616890e-03
-1.1820570e-02
-1.5115940e-02
-1.8958030e-02
-2.3795680e-02
-2.9224430e-02
-3.2985590e-02
-3.3231190e-02
-3.1062530e-02
-2.8735420e-02
-2.7371320e-02
-2.6894300e-02
-2.6716460e-02
-2.6012990e-02
-2.3121520e-02
-1.7526320e-02
-1.0744590e-02
-4.7459210e-03
-9.1230070e-05
3.9629000e-03
7.8668830e-03
1.1484320e-02
1.3931800e-02
1.3680370e-02
1.0960170e-02
8.2475440e-03
8.3185800e-03
1.1131580e-02
1.4586640e-02
1.6712050e-02
1.6697840e-02
1.5392500e-02
1.4059740e-02
1.3136290e-02
1.2321010e-02
1.1314910e-02
1.0374300e-02
1.0146720e-02
1.0706500e-02
1.1535950e-02
1.2182820e-02
1.2141460e-02
1.0766640e-02
8.2662680e-03
5.3928630e-03
2.4459960e-03
-6.8206530e-04
-4.0314610e-03
-7.3858510e-03
-9.3361210e-03
-8.0870730e-03
-4.2351740e-03
1.0455320e-04
3.5596180e-03
6.2893880e-03
9.0369580e-03
1.1507280e-02
1.2223180e-02
1.0934660e-02
8.8836210e-03
7.1681580e-03
5.8688150e-03
4.3436990e-03
1.9418330e-03
-1.2082390e-03
-4.5013150e-03
-7.5436540e-03
-9.6631530e-03
-9.7977130e-03
-8.3277490e-03
-7.6604240e-03
-9.6783330e-03
-1.3595900e-02
-1.7582540e-02
-2.0865360e-02
-2.3813890e-02
-2.6863800e-02
-3.0041180e-02
-3.3173870e-02
-3.6025750e-02
-3.7051720e-02
-3.4525150e-02
-2.9318320e-02
-2.3318250e-02
-1.6954730e-02
-1.0025150e-02
-3.7577470e-03
1.1175710e-04
1.9028450e-03
3.2602460e-03
5.1715230e-03
7.4553700e-03
9.5936440e-03
1.1454570e-02
1.3251670e-02
1.5051750e-02
1.5966540e-02
1.5109310e-02
1.2991100e-02
1.0739910e-02
8.8935380e-03
7.8251050e-03
8.6712640e-03
1.1581410e-02
1.5158440e-02
1.6824950e-02
1.5151590e-02
1.2230420e-02
1.1151330e-02
1.1426950e-02
1.0084920e-02
6.2376220e-03
1.4552940e-03
-2.7515770e-03
-6.2553740e-03
-8.9622590e-03
-9.9443940e-03
-9.2131680e-03
-7.8649380e-03
-7.0817450e-03
-7.6765840e-03
-9.3974100e-03
-1.0978430e-02
-1.0696420e-02
-8.3165180e-03
-5.1559960e-03
-2.3436690e-03
4.9609770e-05
2.4854890e-03
5.2037210e-03
8.0639950e-03
1.0858250e-02
1.3549640e-02
1.6253790e-02
1.9203620e-02
2.2505600e-02
2.5776230e-02
2.7932560e-02
2.8564810e-02
2.8455650e-02
2.8488640e-02
2.8815400e-02
2.8629070e-02
2.7001390e-02
2.4211940e-02
2.1238990e-02
1.8700130e-02
1.6537670e-02
1.4398470e-02
1.2112360e-02
9.7604950e-03
7.4873790e-03
5.5645780e-03
4.2251550e-03
3.2916880e-03
2.4103890e-03
1.6319190e-03
2.0355120e-03
4.2788410e-03
7.5645220e-03
1.0433180e-02
1.1945750e-02
1.2485570e-02
1.2927260e-02
1.3162020e-02
1.2293290e-02
1.0272570e-02
7.8643510e-03
5.4283370e-03
2.6774960e-03
-5.2572420e-04
-3.9439070e-03
-7.2829400e-03
-1.0102830e-02
-1.1854600e-02
-1.2705310e-02
-1.3317500e-02
-1.3877970e-02
-1.3856500e-02
-1.3060380e-02
-1.2021740e-02
-1.1839700e-02
-1.3056660e-02
-1.5049210e-02
-1.6690420e-02
-1.6422480e-02
-1.3765150e-02
-9.9487690e-03
-6.4673750e-03
-4.8241940e-03
-5.6997920e-03
-8.0221480e-03
-1.0346510e-02
-1.2198410e-02
-1.3927230e-02
-1.5993620e-02
-1.9505400e-02
-2.5525850e-02
-3.2808630e-02
-3.8448990e-02
-4.1517560e-02
-4.3254980e-02
-4.3930640e-02
-4.3004280e-02
-4.0829700e-02
-3.8386910e-02
-3.6436160e-02
-3.5212170e-02
-3.4387110e-02
-3.3439560e-02
-3.1613830e-02
-2.8564000e-02
-2.4838440e-02
-2.1145490e-02
-1.7663160e-02
-1.4134900e-02
-1.0391120e-02
-6.5244520e-03
-2.6916780e-03
9.7769450e-04
4.1186040e-03
6.5460440e-03
8.5356190e-03
9.7054650e-03
8.8517750e-03
6.0676060e-03
2.7175540e-03
5.9441490e-04
1.0596190e-03
3.4878150e-03
6.2490150e-03
8.4687680e-03
9.6490160e-03
8.7490880e-03
5.8107060e-03
1.8466590e-03
-2.3308160e-03
-6.4701400e-03
-1.0382730e-02
-1.3311850e-02
-1.4987610e-02
-1.6053770e-02
-1.6927090e-02
-1.6603210e-02
-1.4394990e-02
-1.1470710e-02
-1.0738030e-02
-1.3535500e-02
-1.8196470e-02
-2.2481250e-02
-2.4326880e-02
-2.2279030e-02
-1.7519530e-02
-1.2382790e-02
-8.5509420e-03
-7.1351180e-03
-7.7094820e-03
-8.6212220e-03
-7.9628370e-03
-5.2546770e-03
-1.6652140e-03
1.3601730e-03
2.2958890e-03
8.0974370e-04
-1.7933860e-03
-4.1874600e-03
-5.5118250e-03
-4.3098620e-03
-3.6530500e-04
4.7705430e-03
9.5621310e-03
1.2665570e-02
1.3022470e-02
1.1402860e-02
9.4522190e-03
8.1608150e-03
7.8166960e-03
8.1174230e-03
8.4795670e-03
8.1177820e-03
6.6065800e-03
4.4046460e-03
2.1994420e-03
3.4140290e-04
-6.5522420e-04
-4.7430520e-04
4.1289150e-04
1.3261440e-03
1.7566830e-03
6.1901380e-04
-2.6008390e-03
-6.7628860e-03
-9.1555780e-03
-8.0559720e-03
-4.7592050e-03
-1.8886540e-03
-1.3105640e-03
-2.6175040e-03
-4.2229760e-03
-5.2775460e-03
-6.0137260e-03
-6.2794990e-03
-4.5481860e-03
-3.9363800e-04
4.7442180e-03
9.1401370e-03
1.2419870e-02
1.5350010e-02
1.8172240e-02
1.9602400e-02
1.8987910e-02
1.7304050e-02
1.5772920e-02
1.5072040e-02
1.6265950e-02
1.9627100e-02
2.4022870e-02
2.8275480e-02
3.1899700e-02
3.3441350e-02
3.1518810e-02
2.7207390e-02
2.2624560e-02
1.8921030e-02
1.6110560e-02
1.3617990e-02
1.1011200e-02
8.3159560e-03
5.8385120e-03
3.6951740e-03
1.7015020e-03
-2.8712690e-04
-1.7247110e-03
-1.8872330e-03
-1.0387610e-03
-1.4229520e-05
5.1774330e-04
1.6647980e-05
-1.4394090e-03
-3.1807930e-03
-4.0786490e-03
-3.1983790e-03
-1.0028480e-03
1.3796270e-03
3.3912580e-03
5.1133790e-03
6.2572770e-03
6.4267720e-03
5.9013610e-03
5.2757960e-03
4.6977280e-03
3.6355570e-03
1.8092680e-03
-4.1682200e-04
-2.5633920e-03
-3.9674150e-03
-3.4023000e-03
-8.1574790e-04
2.3710660e-03
4.3632260e-03
4.6712780e-03
4.1962250e-03
3.3304000e-03
1.6626650e-03
-8.1284510e-04
-3.5754630e-03
-6.1837910e-03
-8.4692830e-03
-1.0444020e-02
-1.2272090e-02
-1.4102410e-02
-1.5803340e-02
-1.6828740e-02
-1.7019590e-02
-1.6835020e-02
-1.6744790e-02
-1.6829370e-02
-1.7006610e-02
-1.7654630e-02
-1.9158630e-02
-2.1249860e-02
-2.3393380e-02
-2.5352190e-02
-2.7160920e-02
-2.7974260e-02
-2.6422870e-02
-2.2856930e-02
-1.8820750e-02
-1.5528290e-02
-1.3651490e-02
-1.2932360e-02
-1.2532020e-02
-1.1928530e-02
-1.1166360e-02
-1.0471880e-02
-9.8933040e-03
-9.0100440e-03
-7.0743000e-03
-4.1015600e-03
-8.0272520e-04
2.2919510e-03
5.1896120e-03
8.1217160e-03
1.1168040e-02
1.3721780e-02
1.4369370e-02
1.2941930e-02
1.0724050e-02
8.8260540e-03
7.3388380e-03
5.8764890e-03
4.8719580e-03
5.3601690e-03
7.2442860e-03
9.5073530e-03
1.1363100e-02
1.2590490e-02
1.3446030e-02
1.4284210e-02
1.5233760e-02
1.6350150e-02
1.7780210e-02
1.9501330e-02
2.1322210e-02
2.3071100e-02
2.4245450e-02
2.4069700e-02
2.2694690e-02
2.0990090e-02
1.9535970e-02
1.8289180e-02
1.6928610e-02
1.5104170e-02
1.2772510e-02
1.0234520e-02
7.7602790e-03
5.3771220e-03
2.9796620e-03
5.1484980e-04
-2.0124150e-03
-5.1131640e-03
-9.7174240e-03
-1.5468050e-02
-1.9525430e-02
-1.9532020e-02
-1.6706690e-02
-1.3782370e-02
-1.2549240e-02
-1.3028190e-02
-1.4046990e-02
-1.4746490e-02
-1.5152500e-02
-1.5639650e-02
-1.6337330e-02
-1.6890440e-02
-1.6507470e-02
-1.5020730e-02
-1.3076580e-02
-1.1284810e-02
-9.7209680e-03
-8.1594270e-03
-6.4711340e-03
-4.7165560e-03
-3.0002350e-03
-1.5539810e-03
-8.7123920e-04
-9.8788900e-04
-1.4084130e-03
-1.6913010e-03
-1.2459350e-03
9.1241320e-04
4.6923570e-03
9.0015140e-03
1.3028080e-02
1.6607650e-02
1.9325070e-02
2.0902860e-02
2.1751170e-02
2.1996280e-02
2.1284710e-02
1.9704380e-02
1.6846830e-02
1.1445100e-02
3.9762470e-03
-2.0441690e-03
-3.7440970e-03
-2.3655840e-03
-8.1811890e-04
-3.6321500e-04
-3.6595140e-04
2.9583950e-05
7.3196670e-04
4.3105770e-04
-1.7511190e-03
-5.0869910e-03
-8.1983590e-03
-9.9132510e-03
-1.0234300e-02
-1.0110790e-02
-1.0249030e-02
-1.0638020e-02
-1.0901640e-02
-1.0491140e-02
-9.2068820e-03
-7.4753440e-03
-5.7934780e-03
-4.2832850e-03
-2.7546760e-03
-1.0028350e-03
9.4407700e-04
2.9204840e-03
4.8331280e-03
6.7055380e-03
8.5644830e-03
1.0389160e-02
1.2171210e-02
1.3932860e-02
1.5698420e-02
1.7441090e-02
1.8681540e-02
1.8758990e-02
1.7876010e-02
1.6784740e-02
1.5787710e-02
1.4370710e-02
1.2192950e-02
9.7132370e-03
8.2029730e-03
8.3734580e-03
9.5200780e-03
1.0607280e-02
1.1243530e-02
1.1190600e-02
1.0245560e-02
8.7165910e-03
7.3020050e-03
6.8318070e-03
7.3883650e-03
8.3167860e-03
8.9252230e-03
8.4834110e-03
6.8233260e-03
4.7531220e-03
3.9273110e-03
5.1940850e-03
7.6428800e-03
9.9774060e-03
1.1290580e-02
1.0852330e-02
8.9973670e-03
6.7684860e-03
4.8099520e-03
3.0675190e-03
1.2567620e-03
-7.0765180e-04
-2.7124690e-03
-4.6546970e-03
-6.3302170e-03
-6.7924090e-03
-5.5123750e-03
-3.2496830e-03
-1.2585910e-03
-9.3688770e-04
-2.6092000e-03
-5.1877510e-03
-7.5750050e-03
-9.2251200e-03
-9.1113320e-03
-6.9078270e-03
-3.6728430e-03
-5.5787160e-04
2.1656540e-03
4.7715610e-03
6.5973650e-03
6.3028580e-03
4.2167550e-03
2.4046650e-03
2.2647770e-03
3.2389800e-03
4.0530010e-03
3.6551700e-03
1.8191300e-03
-6.8010090e-04
-2.4200590e-03
-1.6383810e-03
1.6086730e-03
5.1364400e-03
6.3870130e-03
5.1933730e-03
3.3026580e-03
1.9970270e-03
1.1917030e-03
1.7770760e-04
-1.8465620e-03
-5.0754730e-03
-8.8656810e-03
-1.2551610e-02
-1.5701340e-02
-1.7091860e-02
-1.6073660e-02
-1.3705380e-02
-1.1383260e-02
-9.6300570e-03
-8.5017360e-03
-7.8876550e-03
-7.5075040e-03
-7.1310900e-03
-6.6509600e-03
-5.3035120e-03
-1.9906590e-03
2.9670230e-03
8.3976080e-03
1.3639290e-02
1.8354380e-02
2.1764900e-02
2.3770010e-02
2.5188370e-02
2.6751820e-02
2.8194320e-02
2.8499530e-02
2.7524760e-02
2.6124710e-02
2.5423680e-02
2.6045110e-02
2.7512820e-02
2.8861870e-02
2.9210260e-02
2.8518570e-02
2.7474120e-02
2.6290530e-02
2.3445570e-02
1.7870370e-02
1.0652820e-02
3.6794840e-03
-1.1771210e-03
-3.4099260e-03
-4.3801790e-03
-5.3472900e-03
-6.0343440e-03
-6.6231740e-03
-7.9694000e-03
-1.0188180e-02
-1.2686560e-02
-1.4989940e-02
-1.7100680e-02
-1.9171590e-02
-2.1053120e-02
-2.2579270e-02
-2.3858220e-02
-2.4749250e-02
-2.4427910e-02
-2.2731920e-02
-2.0458300e-02
-1.8357190e-02
-1.6531470e-02
-1.4744280e-02
-1.3146780e-02
-1.2154300e-02
-1.1538460e-02
-1.0037450e-02
-6.9065760e-03
-2.8343840e-03
7.7855340e-04
2.4465570e-03
2.1498110e-03
1.2928340e-03
1.5125530e-03
3.2777280e-03
5.5488760e-03
6.7454160e-03
6.4670470e-03
5.6125530e-03
5.0269770e-03
4.5814500e-03
3.4348640e-03
1.3422360e-03
-1.1370270e-03
-3.4355730e-03
-5.0605290e-03
-5.3400600e-03
-4.4080240e-03
-3.0960200e-03
-1.9931590e-03
-1.0919000e-03
-1.4785550e-04
8.7886290e-04
1.7660920e-03
2.4022880e-03
2.9105600e-03
3.4472780e-03
3.9840520e-03
4.3057080e-03
4.3505810e-03
4.2781250e-03
4.2285910e-03
3.7487850e-03
1.8023230e-03
-1.6375410e-03
-5.5577580e-03
-8.5331910e-03
-9.2098680e-03
-7.9246580e-03
-6.2065640e-03
-5.7716300e-03
-7.6131400e-03
-1.0919360e-02
-1.3702500e-02
-1.4392720e-02
-1.3428510e-02
-1.2244600e-02
-1.1570440e-02
-1.1158860e-02
-1.0574690e-02
-9.7570000e-03
-8.9110560e-03
-8.1126090e-03
-6.7211830e-03
-3.9719580e-03
-1.6620130e-04
3.8131540e-03
7.4478470e-03
9.9976320e-03
1.0274420e-02
8.5463110e-03
6.2449040e-03
4.3357550e-03
2.9083550e-03
2.6570810e-03
4.4504740e-03
7.7354430e-03
1.1251850e-02
1.4068470e-02
1.4962760e-02
1.3510010e-02
1.0850200e-02
8.2871700e-03
6.1606890e-03
4.1081910e-03
1.8368680e-03
-5.8805300e-04
-2.9691080e-03
-4.8775940e-03
-5.2597660e-03
-3.8887850e-03
-1.7529870e-03
1.8128600e-04
1.4224300e-03
1.4421360e-03
3.3571840e-04
-1.1775280e-03
-2.5295530e-03
-3.4098180e-03
-3.5593900e-03
-3.1403520e-03
-2.5779090e-03
-2.1229990e-03
-1.7463810e-03
-1.4011960e-03
-1.4588270e-03
-2.2551150e-03
-3.5456820e-03
-4.8535320e-03
-5.7759470e-03
-6.1204080e-03
-6.1038270e-03
-6.0635850e-03
-6.1297590e-03
-6.2317920e-03
-6.2862080e-03
-6.2956710e-03
-6.3072790e-03
-6.3436750e-03
-6.3915450e-03
-6.4303780e-03
-6.4488010e-03
-6.4504150e-03
-6.4522030e-03
-6.6486530e-03
-7.5086370e-03
-9.0875450e-03
-1.0944670e-02
-1.2695150e-02
-1.4126430e-02
-1.4684260e-02
-1.4163670e-02
-1.3101030e-02
-1.2100750e-02
-1.1322090e-02
-1.0892910e-02
-1.1303370e-02
-1.2580420e-02
-1.4189010e-02
-1.5675720e-02
-1.6995870e-02
-1.8084160e-02
-1.8307820e-02
-1.7427390e-02
-1.6006440e-02
-1.4667880e-02
-1.3498300e-02
-1.2241760e-02
-1.0782210e-02
-9.2431430e-03
-8.0190610e-03
-7.6607760e-03
-8.1053310e-03
-8.6630730e-03
-8.1983160e-03
-6.1988390e-03
-3.4541560e-03
-1.5524440e-03
-1.3581310e-03
-2.1718780e-03
-2.7950930e-03
-2.6431150e-03
-2.0210690e-03
-1.4800540e-03
-1.4903820e-03
-2.3213370e-03
-3.6908800e-03
-4.8327240e-03
-3.2960240e-03
2.8587670e-03
1.1598700e-02
1.8188300e-02
2.0673120e-02
2.1007040e-02
2.0620570e-02
1.9147440e-02
1.6339760e-02
1.2798060e-02
1.1173090e-02
1.3742100e-02
1.9262110e-02
2.4992020e-02
2.9048070e-02
3.0831740e-02
3.1285770e-02
3.1681950e-02
3.2449720e-02
3.2876570e-02
3.1356770e-02
2.7580550e-02
2.2887630e-02
1.8516570e-02
1.4707550e-02
1.1980950e-02
1.1181060e-02
1.1900660e-02
1.2953620e-02
1.3656400e-02
1.4123770e-02
1.4661220e-02
1.4780990e-02
1.3389170e-02
1.0525140e-02
7.4049210e-03
5.0927480e-03
3.5204310e-03
2.0412540e-03
4.9546440e-04
-7.6532570e-04
-1.6152980e-03
-2.2911280e-03
-3.0803530e-03
-4.1775380e-03
-5.5506310e-03
-7.0056550e-03
-8.4103880e-03
-9.7711810e-03
-1.1145410e-02
-1.2552020e-02
-1.3968290e-02
-1.5256960e-02
-1.5513840e-02
-1.3932910e-02
-1.1096730e-02
-8.2757500e-03
-6.9915290e-03
-7.9460970e-03
-1.0112860e-02
-1.1557830e-02
-1.1169410e-02
-9.6240390e-03
-8.1208110e-03
-7.0751750e-03
-6.2042320e-03
-5.3614440e-03
-4.6689760e-03
-4.1729760e-03
-3.7661360e-03
-3.3336420e-03
-2.8801800e-03
-2.9131740e-03
-4.2424320e-03
-6.7418170e-03
-9.5579940e-03
-1.2044820e-02
-1.3509920e-02
-1.3392400e-02
-1.2199130e-02
-1.1342420e-02
-1.2236180e-02
-1.4722950e-02
-1.7572620e-02
-1.9454330e-02
-1.9071700e-02
-1.6689660e-02
-1.4519630e-02
-1.4651570e-02
-1.6721350e-02
-1.9051060e-02
-2.0658740e-02
-2.1129270e-02
-2.0365740e-02
-1.8908130e-02
-1.7404050e-02
-1.6166330e-02
-1.5293450e-02
-1.4678830e-02
-1.4103160e-02
-1.3232880e-02
-1.1825890e-02
-1.0051500e-02
-8.2405260e-03
-6.5389740e-03
-4.8847520e-03
-3.1942690e-03
-1.4994800e-03
1.2697040e-04
1.6853940e-03
3.2295150e-03
4.7945390e-03
6.3739430e-03
7.9125180e-03
9.2942450e-03
1.0497460e-02
1.1626120e-02
1.2777340e-02
1.3891210e-02
1.4362580e-02
1.3656070e-02
1.2144670e-02
1.0564440e-02
9.2631160e-03
8.2511350e-03
7.4356220e-03
6.6930200e-03
5.9385330e-03
4.8794800e-03
2.9435360e-03
