0.01
9.5389120e-03
1.0061340e-02
9.6282360e-03
8.6685130e-03
7.5784590e-03
6.5959880e-03
5.7783380e-03
5.0602570e-03
4.3559570e-03
3.7310720e-03
3.4377980e-03
3.7278700e-03
4.6873070e-03
6.1982400e-03
7.9522620e-03
9.4867260e-03
1.0395040e-02
1.0518760e-02
9.9763690e-03
9.0536680e-03
8.0478740e-03
7.1511360e-03
6.4193460e-03
5.8929660e-03
5.7461060e-03
6.1883190e-03
7.3105270e-03
9.0262180e-03
1.1069980e-02
1.2945050e-02
1.4099670e-02
1.4219630e-02
1.3350900e-02
1.1816830e-02
1.0027180e-02
8.3366100e-03
7.1110080e-03
6.6909980e-03
7.2241150e-03
8.6018910e-03
1.0534100e-02
1.2689810e-02
1.4800410e-02
1.6572040e-02
1.7655410e-02
1.7825000e-02
1.7100250e-02
1.5719380e-02
1.4013710e-02
1.2269630e-02
1.0644940e-02
9.1640540e-03
7.8396890e-03
6.8683830e-03
6.5417930e-03
7.0334460e-03
8.2917570e-03
1.0077260e-02
1.2029830e-02
1.3507210e-02
1.3690910e-02
1.2049080e-02
8.6049700e-03
3.8640110e-03
-1.4744440e-03
-6.8210930e-03
-1.1871750e-02
-1.6611160e-02
-2.1196840e-02
-2.5812730e-02
-3.0557980e-02
-3.5141750e-02
-3.8420180e-02
-3.8984020e-02
-3.6087880e-02
-3.0028900e-02
-2.1896370e-02
-1.2994690e-02
-4.3108730e-03
3.7365540e-03
1.1236130e-02
1.8443740e-02
2.4904970e-02
2.9236330e-02
3.0124030e-02
2.7191360e-02
2.1153350e-02
1.3375010e-02
5.2199530e-03
-2.3866620e-03
-8.6196970e-03
-1.2428970e-02
-1.3065430e-02
-1.0541090e-02
-5.6104610e-03
6.0910190e-04
7.1447140e-03
1.3705140e-02
2.0707200e-02
2.8633830e-02
3.7178310e-02
4.5187630e-02
5.1274340e-02
5.4589740e-02
5.5209640e-02
5.3968640e-02
5.1970740e-02
5.0102040e-02
4.8798720e-02
4.8171950e-02
4.8177210e-02
4.8687690e-02
4.9546690e-02
5.0610360e-02
5.1771920e-02
5.2966930e-02
5.4136650e-02
5.5011230e-02
5.5078050e-02
5.3913210e-02
5.1440400e-02
4.7944380e-02
4.3847720e-02
3.9421120e-02
3.4731390e-02
2.9741240e-02
2.4421710e-02
1.8904870e-02
1.3864730e-02
1.0342910e-02
9.0792260e-03
1.0109980e-02
1.2825940e-02
1.6330800e-02
1.9731240e-02
2.2114460e-02
2.2780080e-02
2.1544400e-02
1.8759270e-02
1.5078440e-02
1.1148840e-02
7.3868960e-03
3.8973530e-03
3.7196330e-04
-3.8337340e-03
-9.2763010e-03
-1.6104950e-02
-2.4036170e-02
-3.2572700e-02
-4.1275720e-02
-4.9906340e-02
-5.8426900e-02
-6.6820100e-02
-7.4301630e-02
-7.9189360e-02
-8.0027790e-02
-7.6498250e-02
-6.9515570e-02
-6.0714480e-02
-5.1766810e-02
-4.3773770e-02
-3.7027680e-02
-3.1188890e-02
-2.5920010e-02
-2.1690980e-02
-1.9488530e-02
-2.0008680e-02
-2.3192540e-02
-2.8286060e-02
-3.4243160e-02
-4.0176240e-02
-4.5624820e-02
-5.0564960e-02
-5.5205510e-02
-5.9758800e-02
-6.4333270e-02
-6.8928640e-02
-7.3473190e-02
-7.7823220e-02
-8.1819100e-02
-8.5386530e-02
-8.8575210e-02
-9.1522130e-02
-9.4312500e-02
-9.6560790e-02
-9.7432300e-02
-9.6241300e-02
-9.2883710e-02
-8.7857480e-02
-8.1970690e-02
-7.5970050e-02
-7.0293320e-02
-6.5019910e-02
-5.9999180e-02
-5.5310960e-02
-5.1775900e-02
-5.0473990e-02
-5.1985650e-02
-5.6069510e-02
-6.1848530e-02
-6.8265950e-02
-7.4506100e-02
-7.9931470e-02
-8.3551860e-02
-8.4345490e-02
-8.1905630e-02
-7.6662130e-02
-6.9630890e-02
-6.1937050e-02
-5.4402100e-02
-4.7365090e-02
-4.0795000e-02
-3.4895220e-02
-3.0449430e-02
-2.8275070e-02
-2.8647960e-02
-3.1151180e-02
-3.4919530e-02
-3.9042040e-02
-4.2715760e-02
-4.5055930e-02
-4.5343700e-02
-4.3395420e-02
-3.9615990e-02
-3.4755790e-02
-2.9603060e-02
-2.4963280e-02
-2.1601650e-02
-1.9925880e-02
-1.9833730e-02
-2.0832030e-02
-2.2290520e-02
-2.3366730e-02
-2.2709150e-02
-1.9051680e-02
-1.1943590e-02
-1.9213290e-03
9.8521820e-03
2.2157730e-02
3.4383040e-02
4.7191460e-02
6.2004320e-02
7.9841110e-02
9.9709140e-02
1.1774320e-01
1.2951470e-01
1.3267080e-01
1.2787200e-01
1.1798640e-01
1.0644680e-01
9.5897160e-02
8.7676010e-02
8.1830990e-02
7.7556440e-02
7.3842230e-02
7.0189010e-02
6.6933180e-02
6.4786640e-02
6.4232420e-02
6.5218610e-02
6.7081760e-02
6.8694930e-02
6.9041930e-02
6.7694740e-02
6.4888390e-02
6.1262700e-02
5.7491740e-02
5.4003100e-02
5.0865080e-02
4.7861230e-02
4.4701390e-02
4.1205150e-02
3.7368570e-02
3.3321320e-02
2.9230760e-02
2.5217360e-02
2.1332390e-02
1.7735440e-02
1.4835030e-02
1.3037410e-02
1.2475390e-02
1.2943360e-02
1.4021160e-02
1.5272370e-02
1.6422940e-02
1.7602440e-02
1.9363430e-02
2.2270990e-02
2.6450480e-02
3.1132510e-02
3.4939520e-02
3.6737860e-02
3.6197930e-02
3.3806380e-02
3.0482060e-02
2.7097320e-02
2.4155450e-02
2.1726220e-02
1.9612210e-02
1.7732950e-02
1.6311660e-02
1.5661380e-02
1.5934170e-02
1.7023850e-02
1.8630520e-02
2.0376790e-02
2.1807980e-02
2.2500470e-02
2.2260100e-02
2.1197080e-02
1.9768050e-02
1.8696850e-02
1.8602400e-02
1.9705710e-02
2.1801960e-02
2.4438540e-02
2.7156610e-02
2.9666990e-02
3.1812870e-02
3.3239040e-02
3.3433930e-02
3.2082530e-02
2.9267060e-02
2.5414210e-02
2.1082860e-02
1.6737800e-02
1.2619770e-02
8.7444890e-03
4.9921450e-03
1.2207260e-03
-2.6547450e-03
-6.6394410e-03
-1.0678090e-02
-1.4613650e-02
-1.8139740e-02
-2.0970600e-02
-2.3014880e-02
-2.4424110e-02
-2.5610560e-02
-2.7123480e-02
-2.9369900e-02
-3.2445160e-02
-3.6129180e-02
-3.9927610e-02
-4.3280020e-02
-4.5841020e-02
-4.7600590e-02
-4.8810790e-02
-4.9785270e-02
-5.0670300e-02
-5.1414480e-02
-5.1894280e-02
-5.2036710e-02
-5.1872490e-02
-5.1514120e-02
-5.1019510e-02
-5.0104230e-02
-4.8243180e-02
-4.5057180e-02
-4.0543840e-02
-3.4967720e-02
-2.8552690e-02
-2.1414230e-02
-1.3637760e-02
-5.3869900e-03
2.5741690e-03
8.6029130e-03
1.1131030e-02
9.6046940e-03
4.7395340e-03
-1.6461990e-03
-7.3730130e-03
-1.0921590e-02
-1.1942410e-02
-1.1090390e-02
-9.4512560e-03
-7.8442480e-03
-6.3460970e-03
-4.4881750e-03
-1.7510090e-03
2.1063170e-03
7.1027680e-03
1.3137920e-02
2.0003860e-02
2.7289230e-02
3.3731980e-02
3.7373620e-02
3.6759090e-02
3.1733560e-02
2.3383470e-02
1.3383570e-02
3.2344410e-03
-6.2231770e-03
-1.4860800e-02
-2.2687700e-02
-2.9071950e-02
-3.3067260e-02
-3.4141390e-02
-3.2528450e-02
-2.9116720e-02
-2.5328190e-02
-2.2877210e-02
-2.3007390e-02
-2.5975230e-02
-3.1121430e-02
-3.7346950e-02
-4.3561230e-02
-4.8375910e-02
-5.0091020e-02
-4.7597760e-02
-4.0965550e-02
-3.1307370e-02
-2.0177030e-02
-8.9096500e-03
1.7713840e-03
1.1594850e-02
1.9730490e-02
2.4732980e-02
2.5555170e-02
2.2229770e-02
1.5824290e-02
7.8838170e-03
-2.2514350e-04
-7.7330790e-03
-1.4517590e-02
-2.0598350e-02
-2.5156550e-02
-2.6812710e-02
-2.4649500e-02
-1.8793150e-02
-1.0301680e-02
-6.1023580e-04
9.0740520e-03
1.8125630e-02
2.6338010e-02
3.2954930e-02
3.6617360e-02
3.6329710e-02
3.2114290e-02
2.4975070e-02
1.6377960e-02
7.8601930e-03
1.1784340e-03
-2.1811080e-03
-1.7106590e-03
1.9873450e-03
7.6257930e-03
1.3851880e-02
1.9471670e-02
2.3274990e-02
2.4397250e-02
2.2716970e-02
1.8838410e-02
1.3739810e-02
8.3406170e-03
3.2143640e-03
-1.2719730e-03
-4.4698550e-03
-5.6429400e-03
-4.4479920e-03
-1.1139300e-03
3.6285910e-03
8.3930310e-03
1.1387920e-02
1.1335060e-02
8.0437910e-03
2.3175020e-03
-4.6199990e-03
-1.1835870e-02
-1.8984860e-02
-2.5856080e-02
-3.1514910e-02
-3.4644700e-02
-3.4429410e-02
-3.0941570e-02
-2.4953130e-02
-1.7541420e-02
-9.6779670e-03
-2.0744660e-03
4.2741190e-03
8.0382710e-03
8.3233280e-03
5.1771840e-03
-4.1493660e-04
-6.4705770e-03
-1.0500500e-02
-1.0748510e-02
-6.9443310e-03
-3.3490560e-04
6.9776410e-03
1.3136950e-02
1.7277470e-02
1.9603520e-02
2.0870560e-02
2.1333940e-02
2.0406170e-02
1.7523770e-02
1.3014930e-02
7.9344060e-03
3.4082200e-03
9.7532900e-05
-1.9741420e-03
-3.2472640e-03
-4.1620560e-03
-4.6923120e-03
-4.4659120e-03
-3.1476130e-03
-6.9472120e-04
2.6174940e-03
6.2563200e-03
9.4672280e-03
1.1584200e-02
1.2346550e-02
1.1953850e-02
1.0888720e-02
9.6574390e-03
8.5933710e-03
7.7888530e-03
7.1211280e-03
6.3627040e-03
5.3329580e-03
3.9843770e-03
2.3956500e-03
7.0493450e-04
-9.2075840e-04
-2.1438760e-03
-2.5230750e-03
-1.7901000e-03
-8.5278390e-05
1.9358570e-03
3.4391880e-03
3.8646090e-03
3.1369050e-03
1.5862570e-03
-3.7764380e-04
-2.7042740e-03
-5.6373210e-03
-9.0623040e-03
-1.2226180e-02
-1.4232600e-02
-1.4579900e-02
-1.3361400e-02
-1.1200650e-02
-9.2675300e-03
-8.8649620e-03
-1.0566040e-02
-1.3589820e-02
-1.6337530e-02
-1.7419030e-02
-1.6307850e-02
-1.3387540e-02
-9.5662710e-03
-5.9938410e-03
-3.9257260e-03
-4.2019130e-03
-6.8884170e-03
-1.1366860e-02
-1.6720980e-02
-2.2153610e-02
-2.7149240e-02
-3.0715350e-02
-3.0977540e-02
-2.6339460e-02
-1.6760290e-02
-4.0326570e-03
9.2803280e-03
2.1136490e-02
3.0508900e-02
3.6826160e-02
3.9819780e-02
3.9743270e-02
3.7454530e-02
3.4171020e-02
3.0984150e-02
2.8506770e-02
2.6808710e-02
2.5516760e-02
2.3981930e-02
2.1632530e-02
1.8279030e-02
1.4394350e-02
1.1033570e-02
9.1874970e-03
9.2500260e-03
1.0788230e-02
1.2565270e-02
1.3191050e-02
1.1849860e-02
8.5705810e-03
4.0185640e-03
-9.0346840e-04
-5.1449480e-03
-7.6647860e-03
-7.9048690e-03
-5.9958730e-03
-2.5808900e-03
1.3689440e-03
4.6536400e-03
6.3116770e-03
6.0252250e-03
4.1376900e-03
1.3629590e-03
-1.5898280e-03
-4.2520150e-03
-6.3200600e-03
-7.5787310e-03
-7.9726810e-03
-7.7032850e-03
-7.3363460e-03
-7.5642530e-03
-8.7528280e-03
-1.0519290e-02
-1.1944240e-02
-1.2262400e-02
-1.1509240e-02
-1.0456320e-02
-1.0020430e-02
-1.0644470e-02
-1.1930580e-02
-1.2970720e-02
-1.2965240e-02
-1.1625210e-02
-9.2566790e-03
-6.5548890e-03
-4.2003960e-03
-2.4995890e-03
-1.1932870e-03
2.8660720e-04
2.2141720e-03
4.2900190e-03
5.9407720e-03
6.7245390e-03
6.5602510e-03
5.7749560e-03
4.9478100e-03
4.5920330e-03
4.9299890e-03
5.8678710e-03
7.1305760e-03
8.5142500e-03
1.0059440e-02
1.1949400e-02
1.4318130e-02
1.6927170e-02
1.8961750e-02
1.9510340e-02
1.8117570e-02
1.4970790e-02
1.0717810e-02
6.1240340e-03
1.8024490e-03
-1.9425480e-03
-5.1299520e-03
-7.9014230e-03
-1.0012890e-02
-1.0825260e-02
-9.8121120e-03
-6.9243830e-03
-2.6070320e-03
2.4406150e-03
7.4220420e-03
1.1294490e-02
1.3093030e-02
1.2434730e-02
9.6544910e-03
5.5442290e-03
8.3948550e-04
-4.1202620e-03
-9.3362690e-03
-1.4929200e-02
-2.0657410e-02
-2.5308510e-02
-2.7297160e-02
-2.5695380e-02
-2.0703060e-02
-1.3551840e-02
-6.1259990e-03
-1.2866700e-04
3.6265430e-03
5.3427680e-03
5.8706720e-03
6.1607750e-03
6.8354610e-03
7.8779980e-03
8.5237650e-03
7.8032210e-03
5.1756870e-03
7.7623650e-04
-4.7462360e-03
-1.0606270e-02
-1.6226010e-02
-2.1389850e-02
-2.6160870e-02
-3.0311130e-02
-3.2907130e-02
-3.3016490e-02
-3.0630160e-02
-2.6708440e-02
-2.2555420e-02
-1.9148670e-02
-1.6754210e-02
-1.5008850e-02
-1.3305440e-02
-1.1175980e-02
-8.5232880e-03
-5.6082250e-03
-2.8163590e-03
-4.2092290e-04
1.5261440e-03
3.1615590e-03
4.6930260e-03
6.2387620e-03
7.7393770e-03
9.0432100e-03
1.0034070e-02
1.0693700e-02
1.0947580e-02
1.0467890e-02
8.8843240e-03
6.0556520e-03
2.1183240e-03
-2.6204790e-03
-7.8066860e-03
-1.3147590e-02
-1.8347960e-02
-2.2588270e-02
-2.4656940e-02
-2.3732790e-02
-1.9889670e-02
-1.4195910e-02
-8.2435320e-03
-3.3764990e-03
-2.4362350e-04
1.2556350e-03
1.7194210e-03
1.8464800e-03
1.9582070e-03
1.7195450e-03
5.0260750e-04
-2.1098170e-03
-6.0786790e-03
-1.1048130e-02
-1.6901320e-02
-2.3900200e-02
-3.1969260e-02
-3.9741730e-02
-4.5181610e-02
-4.6870650e-02
-4.4701910e-02
-3.9751490e-02
-3.3608580e-02
-2.7629890e-02
-2.2497880e-02
-1.8200670e-02
-1.4312820e-02
-1.0359480e-02
-6.0892690e-03
-1.5418290e-03
3.0717420e-03
7.5382020e-03
1.1756570e-02
1.5725340e-02
1.9185650e-02
2.1443800e-02
2.1839330e-02
2.0188190e-02
1.6867040e-02
1.2599800e-02
8.1454250e-03
4.0260660e-03
4.1103830e-04
-2.8090710e-03
-5.6605770e-03
-7.7382830e-03
-8.4861510e-03
-7.6195400e-03
-5.3009160e-03
-2.0357710e-03
1.5519550e-03
4.7021250e-03
6.5474430e-03
6.5212320e-03
4.6235710e-03
1.3526880e-03
-2.5827120e-03
-6.5727060e-03
-1.0231590e-02
-1.3113760e-02
-1.4640880e-02
-1.4439620e-02
-1.2568950e-02
-9.4783090e-03
-5.7838760e-03
-2.0870110e-03
9.6970360e-04
2.8328800e-03
3.2908160e-03
2.5373150e-03
1.0288860e-03
-7.4137310e-04
-2.3939460e-03
-3.3542510e-03
-2.5855950e-03
7.1964030e-04
6.2854180e-03
1.2876140e-02
1.9082410e-02
2.4006510e-02
2.7515250e-02
3.0069640e-02
3.2339720e-02
3.4846240e-02
3.7706770e-02
4.0420750e-02
4.2157850e-02
4.2324010e-02
4.0874120e-02
3.8257800e-02
3.5134010e-02
3.2061720e-02
2.9317540e-02
2.6853510e-02
2.4392210e-02
2.1640410e-02
1.8455930e-02
1.4887970e-02
1.1194100e-02
7.9908500e-03
6.0270510e-03
5.7332290e-03
7.0084480e-03
9.1613570e-03
1.0972640e-02
1.1281960e-02
9.5576330e-03
6.0294820e-03
1.4384840e-03
-3.3743080e-03
-7.8248830e-03
-1.1730990e-02
-1.5238040e-02
-1.8612420e-02
-2.1781120e-02
-2.3973030e-02
-2.4238170e-02
-2.2105530e-02
-1.7826220e-02
-1.2181580e-02
-6.0762040e-03
-1.7389430e-04
5.2661710e-03
1.0333180e-02
1.5280730e-02
2.0339060e-02
2.5584430e-02
3.0654550e-02
3.4642650e-02
3.6669130e-02
3.6426190e-02
3.4291070e-02
3.1065720e-02
2.7576850e-02
2.4366360e-02
2.1592350e-02
1.9120210e-02
1.6706660e-02
1.4234100e-02
1.2006910e-02
1.0614960e-02
1.0507250e-02
1.1693330e-02
1.3612410e-02
1.5390460e-02
1.6319540e-02
1.6152830e-02
1.5100550e-02
1.3615960e-02
1.2120640e-02
1.0799170e-02
9.5922400e-03
8.3172140e-03
6.7372300e-03
4.6307680e-03
1.9096610e-03
-1.3420500e-03
-4.9251350e-03
-8.6234930e-03
-1.2284680e-02
-1.5850780e-02
-1.9210480e-02
-2.1610740e-02
-2.1799830e-02
-1.8897740e-02
-1.3094770e-02
-5.6891260e-03
1.6671110e-03
7.7846440e-03
1.2272690e-02
1.5093280e-02
1.6123900e-02
1.5293600e-02
1.2772250e-02
8.9873990e-03
4.5198870e-03
1.0602580e-05
-4.0156850e-03
-7.3216570e-03
-9.9774230e-03
-1.2244610e-02
-1.4398220e-02
-1.6419930e-02
-1.7845040e-02
-1.8117780e-02
-1.6982830e-02
-1.4635480e-02
-1.1613730e-02
-8.5155090e-03
-5.7442020e-03
-3.4094550e-03
-1.3857570e-03
5.9099060e-04
2.9510010e-03
5.7640720e-03
8.4808170e-03
1.0373150e-02
1.1002930e-02
1.0409300e-02
9.0090330e-03
7.4350180e-03
6.4638570e-03
6.7164930e-03
8.3791390e-03
1.1188360e-02
1.4592600e-02
1.7744330e-02
1.9656570e-02
1.9694140e-02
1.7849590e-02
1.4648810e-02
1.0830270e-02
7.0143540e-03
3.5170490e-03
4.2709520e-04
-1.9363660e-03
-2.9795600e-03
-2.2596380e-03
2.1917660e-04
4.0150700e-03
8.4777800e-03
1.3025350e-02
1.7324410e-02
2.1318030e-02
2.5133020e-02
2.8892530e-02
3.2256350e-02
3.4348160e-02
3.4370890e-02
3.2114430e-02
2.8027080e-02
2.2935790e-02
1.7651130e-02
1.2679540e-02
8.1446390e-03
3.8927810e-03
-3.2167800e-04
-4.6180030e-03
-8.6010990e-03
-1.1424040e-02
-1.2380430e-02
-1.1330620e-02
-8.7232710e-03
-5.3148220e-03
-1.8196550e-03
1.1886890e-03
3.1898160e-03
3.8732820e-03
3.2751260e-03
1.7302500e-03
-3.0216060e-04
-2.4247990e-03
-4.4078020e-03
-6.1742830e-03
-7.7430050e-03
-9.1783960e-03
-1.0548740e-02
-1.1900530e-02
-1.3252610e-02
-1.4570450e-02
-1.5605390e-02
-1.5927620e-02
-1.5212940e-02
-1.3436770e-02
-1.0863760e-02
-7.8955400e-03
-4.8906140e-03
-2.0498690e-03
5.9872350e-04
3.0688950e-03
5.0342090e-03
5.8630600e-03
5.0717790e-03
2.6285380e-03
-1.0556220e-03
-5.3543990e-03
-9.5610870e-03
-1.2732270e-02
-1.3980880e-02
-1.2948010e-02
-9.9369940e-03
-5.6936260e-03
-1.0974630e-03
2.9512870e-03
5.7612200e-03
7.1053710e-03
7.2313850e-03
6.6565940e-03
5.9013510e-03
5.2989190e-03
4.9433690e-03
4.7746000e-03
4.7303190e-03
4.8031650e-03
5.0190820e-03
5.4482930e-03
6.2300820e-03
7.4823080e-03
9.2138530e-03
1.1287840e-02
1.3282520e-02
1.4546690e-02
1.4575290e-02
1.3271610e-02
1.0940250e-02
8.0839460e-03
5.1317950e-03
2.2709650e-03
-5.2880170e-04
-3.3946630e-03
-6.4315580e-03
-9.6412170e-03
-1.2827890e-02
-1.5656700e-02
-1.7865830e-02
-1.9405850e-02
-2.0435300e-02
-2.1210530e-02
-2.1873910e-02
-2.2291380e-02
-2.2198610e-02
-2.1423590e-02
-1.9997260e-02
-1.8124310e-02
-1.6072680e-02
-1.4050730e-02
-1.1909140e-02
-8.7255590e-03
-3.2882950e-03
5.2252720e-03
1.6430940e-02
2.8263410e-02
3.8171840e-02
4.4537880e-02
4.7249590e-02
4.7235680e-02
4.5660930e-02
4.3438170e-02
4.1049320e-02
3.8602140e-02
3.6012860e-02
3.3187460e-02
3.0117390e-02
2.6786700e-02
2.2943030e-02
1.8219270e-02
1.2434350e-02
5.8641250e-03
-8.2794420e-04
-6.8484570e-03
-1.1282040e-02
-1.3414310e-02
-1.3121660e-02
-1.0904240e-02
-7.5877550e-03
-3.8362810e-03
1.2461660e-04
4.3883010e-03
9.0283240e-03
1.3525350e-02
1.6847970e-02
1.8138840e-02
1.7197310e-02
1.4503960e-02
1.0900650e-02
7.1037360e-03
3.2837310e-03
-8.4601610e-04
-5.6286960e-03
-1.1006130e-02
-1.6446860e-02
-2.1177400e-02
-2.4413550e-02
-2.5740840e-02
-2.5303970e-02
-2.3679490e-02
-2.1571300e-02
-1.9529490e-02
-1.7923920e-02
-1.7118280e-02
-1.7386350e-02
-1.8761850e-02
-2.0979810e-02
-2.3360930e-02
-2.4993570e-02
-2.5217210e-02
-2.3911570e-02
-2.1451610e-02
-1.8463280e-02
-1.5574280e-02
-1.3193670e-02
-1.1412990e-02
-1.0068530e-02
-8.8949210e-03
-7.6719130e-03
-6.3012550e-03
-4.8022480e-03
-3.2560650e-03
-1.7738220e-03
-5.9084460e-04
-1.6229080e-05
-2.3776590e-04
-1.2178100e-03
-2.7297290e-03
-4.4550720e-03
-5.9874430e-03
-6.9153490e-03
-7.0143020e-03
-6.3310820e-03
-5.1317350e-03
-3.7705130e-03
-2.5340680e-03
-1.5690380e-03
-1.0631740e-03
-1.3735220e-03
-2.8053850e-03
-5.3946630e-03
-8.7985320e-03
-1.2372230e-02
-1.5493240e-02
-1.7838020e-02
-1.9448580e-02
-2.0613560e-02
-2.1668120e-02
-2.2719360e-02
-2.3474250e-02
-2.3488820e-02
-2.2497080e-02
-2.0556960e-02
-1.7986690e-02
-1.5184940e-02
-1.2428130e-02
-9.7440310e-03
-6.9840810e-03
-4.0092380e-03
-9.2505530e-04
1.9321200e-03
4.2347640e-03
5.8532780e-03
6.8937010e-03
7.6089390e-03
8.2630690e-03
9.0120180e-03
9.7660730e-03
1.0211400e-02
1.0044930e-02
9.1622810e-03
7.6907030e-03
5.8957370e-03
4.0448410e-03
2.3248290e-03
9.8418850e-04
4.2445440e-04
9.6985320e-04
2.6638030e-03
5.2545710e-03
8.2937570e-03
1.1246540e-02
1.3691240e-02
1.5472000e-02
1.6698160e-02
1.7626280e-02
1.8511760e-02
1.9450980e-02
2.0183660e-02
2.0228380e-02
1.9230530e-02
1.7167000e-02
1.4323770e-02
1.1123580e-02
7.9319670e-03
4.9404570e-03
2.1998030e-03
-1.3340730e-04
-1.7626620e-03
-2.4669150e-03
-2.2527970e-03
-1.3507610e-03
-9.8090160e-05
1.1961350e-03
2.2204230e-03
2.5582520e-03
1.8694440e-03
8.3109960e-05
-2.5824940e-03
-5.7467830e-03
-9.0388110e-03
-1.2221850e-02
-1.5227810e-02
-1.8112820e-02
-2.0972950e-02
-2.3715140e-02
-2.5739470e-02
-2.6253530e-02
-2.4811880e-02
-2.1554820e-02
-1.7084420e-02
-1.2143200e-02
-7.3066510e-03
-2.8417250e-03
1.0573130e-03
3.9306460e-03
5.2858300e-03
4.9467850e-03
3.1706550e-03
6.3432010e-04
-1.6550570e-03
-2.8011640e-03
-2.4195920e-03
-7.0595670e-04
1.7828390e-03
4.4361710e-03
6.6865880e-03
8.0011880e-03
8.0759430e-03
6.9601080e-03
4.9911240e-03
2.6131560e-03
1.9471270e-04
-2.0713410e-03
-4.1666900e-03
-6.1770410e-03
-8.1784230e-03
-9.9300120e-03
-1.0776070e-02
-1.0088320e-02
-7.6677360e-03
-3.8237430e-03
7.8126870e-04
5.3517330e-03
9.2716930e-03
1.2316800e-02
1.4639650e-02
1.6540090e-02
1.8128720e-02
1.9288420e-02
1.9859040e-02
1.9800070e-02
1.9302400e-02
1.8816910e-02
1.8829290e-02
1.9607850e-02
2.1076440e-02
2.2729810e-02
2.3852490e-02
2.3929270e-02
2.2871690e-02
2.0974650e-02
1.8703890e-02
1.6470190e-02
1.4599270e-02
1.3425890e-02
1.3178020e-02
1.3855900e-02
1.5224290e-02
1.6797660e-02
1.7961880e-02
1.8273390e-02
1.7638900e-02
1.6284490e-02
1.4586140e-02
1.2885240e-02
1.1380310e-02
1.0105640e-02
8.9809270e-03
7.8910660e-03
6.7522350e-03
5.5394130e-03
4.2764570e-03
3.0148040e-03
1.8130620e-03
7.0832860e-04
-2.9875980e-04
-1.2375540e-03
-2.1482250e-03
-3.0629810e-03
-3.9931100e-03
-4.8517960e-03
-5.3604280e-03
-5.2036780e-03
-4.2355370e-03
-2.5505840e-03
-4.1381490e-04
1.8748430e-03
4.0983810e-03
6.1748830e-03
8.1712190e-03
1.0275100e-02
1.2670320e-02
1.5350110e-02
1.7849940e-02
1.9434550e-02
1.9576360e-02
1.8230800e-02
1.5794420e-02
1.2857850e-02
9.9324470e-03
7.2854820e-03
4.9284200e-03
2.7170290e-03
4.8208510e-04
-1.8772680e-03
-4.3708850e-03
-6.9548180e-03
-9.5756660e-03
-1.2183670e-02
-1.4643100e-02
-1.6715650e-02
-1.8209860e-02
-1.9095960e-02
-1.9509960e-02
-1.9673860e-02
-1.9794940e-02
-2.0009790e-02
-2.0481650e-02
-2.1468280e-02
-2.3176780e-02
-2.5633550e-02
-2.8675650e-02
-3.2038660e-02
-3.5455710e-02
-3.8543570e-02
-4.0703030e-02
-4.1433260e-02
-4.0624250e-02
-3.8586380e-02
-3.5864660e-02
-3.2987320e-02
-3.0286230e-02
-2.7849680e-02
-2.5624080e-02
-2.3637940e-02
-2.2040350e-02
-2.0968090e-02
-2.0438320e-02
-2.0332730e-02
-2.0457260e-02
-2.0626130e-02
-2.0685270e-02
-2.0331660e-02
-1.9115650e-02
-1.6722420e-02
-1.3086730e-02
-8.1321750e-03
-2.2589360e-03
3.5107970e-03
8.1420710e-03
1.1116430e-02
1.2521690e-02
1.2776640e-02
1.2367540e-02
1.1680940e-02
1.0932340e-02
1.0182950e-02
9.4070000e-03
8.5516470e-03
7.5593980e-03
6.3971150e-03
5.0756930e-03
3.6420910e-03
2.1553680e-03
6.9098070e-04
-4.8056960e-04
-8.7466230e-04
-1.0148140e-04
1.8988830e-03
4.8521990e-03
8.3410950e-03
1.2020460e-02
1.5708910e-02
1.9374310e-02
2.3015050e-02
2.6378340e-02
2.8986130e-02
3.0464980e-02
3.0769520e-02
3.0181080e-02
2.9143350e-02
2.8060530e-02
2.7203880e-02
2.6781200e-02
2.6929280e-02
2.7655870e-02
2.8841220e-02
3.0297740e-02
3.1845910e-02
3.3367840e-02
3.4822220e-02
3.6196430e-02
3.7351520e-02
3.8033140e-02
3.8050380e-02
3.7396070e-02
3.6240470e-02
3.4836840e-02
3.3410730e-02
3.2088550e-02
3.0887480e-02
2.9728510e-02
2.8431950e-02
2.6805530e-02
2.4756810e-02
2.2330090e-02
1.9669100e-02
1.7015530e-02
1.4740930e-02
1.3179910e-02
1.2449270e-02
1.2415270e-02
1.2784470e-02
1.3184010e-02
1.3234730e-02
1.2699140e-02
1.1562680e-02
1.0002390e-02
8.3222980e-03
6.8365300e-03
5.7318040e-03
5.0158230e-03
4.5618500e-03
4.1998870e-03
3.7955940e-03
3.2569280e-03
2.5156090e-03
1.5462500e-03
3.7554260e-04
-9.3269420e-04
-2.3105100e-03
-3.7707010e-03
-5.4546390e-03
-7.5249950e-03
-1.0048570e-02
-1.2957420e-02
-1.6073880e-02
-1.9188860e-02
-2.2153080e-02
-2.4870530e-02
-2.7126460e-02
-2.8625720e-02
-2.9198470e-02
-2.8910790e-02
-2.8026460e-02
-2.6879280e-02
-2.5763950e-02
-2.4871440e-02
-2.4255880e-02
-2.3857500e-02
-2.3564360e-02
-2.3275670e-02
-2.2940990e-02
-2.2609880e-02
-2.2456090e-02
-2.2664880e-02
-2.3314970e-02
-2.4346200e-02
-2.5605770e-02
-2.6928100e-02
-2.8200630e-02
-2.9401530e-02
-3.0602520e-02
-3.1907000e-02
-3.3379740e-02
-3.4996060e-02
-3.6617190e-02
-3.8067740e-02
-3.9238030e-02
-4.0128540e-02
-4.0823330e-02
-4.1407160e-02
-4.1912560e-02
-4.2333370e-02
-4.2655830e-02
-4.2883030e-02
-4.3034790e-02
-4.3026950e-02
-4.2515210e-02
-4.1090070e-02
-3.8556220e-02
-3.5020640e-02
-3.0786390e-02
-2.6202050e-02
-2.1540370e-02
-1.6964200e-02
-1.2660940e-02
-8.8802170e-03
-5.7932320e-03
-3.3923750e-03
-1.5031080e-03
1.2517030e-04
1.7149810e-03
3.3936400e-03
5.1831810e-03
6.9914760e-03
8.5270280e-03
9.4144930e-03
9.4324390e-03
8.6263610e-03
7.2572110e-03
5.6572920e-03
4.0898760e-03
2.6769270e-03
1.4074100e-03
1.9808710e-04
-1.0388590e-03
-2.3564040e-03
-3.7606920e-03
-5.2229120e-03
-6.7031300e-03
-8.1713910e-03
-9.6171310e-03
-1.1046390e-02
-1.2468500e-02
-1.3802880e-02
-1.4765020e-02
-1.5024230e-02
-1.4423200e-02
-1.3057220e-02
-1.1204250e-02
-9.1825730e-03
-7.2251190e-03
-5.4138170e-03
-3.6425220e-03
-1.6876540e-03
6.3488980e-04
3.3698800e-03
6.4221360e-03
9.6108500e-03
1.2706750e-02
1.5512480e-02
1.7947820e-02
2.0063800e-02
2.1991870e-02
2.3871540e-02
2.5792540e-02
2.7698830e-02
2.9262290e-02
3.0065520e-02
2.9880700e-02
2.8784180e-02
2.7087060e-02
2.5166820e-02
2.3311070e-02
2.1642270e-02
2.0134540e-02
1.8685570e-02
1.7184810e-02
1.5559830e-02
1.3799190e-02
1.1941550e-02
1.0044990e-02
8.1566510e-03
6.2974220e-03
4.4637050e-03
2.6397860e-03
8.2196740e-04
-9.6657530e-04
-2.6940690e-03
-4.3431360e-03
-5.9204890e-03
-7.4512560e-03
-8.9656310e-03
-1.0486510e-02
-1.2022420e-02
-1.3550850e-02
-1.5004240e-02
-1.6239330e-02
-1.6987810e-02
-1.6999060e-02
-1.6203500e-02
-1.4746640e-02
-1.2904480e-02
-1.0954380e-02
-9.0735970e-03
-7.3112220e-03
-5.6239590e-03
-3.9533440e-03
-2.3144200e-03
-7.8804550e-04
5.4864580e-04
1.6740960e-03
2.6273570e-03
3.4217230e-03
3.9496320e-03
4.0642480e-03
3.6983020e-03
2.9103990e-03
1.8523250e-03
6.9677340e-04
-4.2972870e-04
-1.5155680e-03
-2.7242050e-03
-4.2864940e-03
-6.3371690e-03
-8.7850570e-03
-1.1309110e-02
-1.3549530e-02
-1.5264000e-02
-1.6314030e-02
-1.6672080e-02
-1.6439660e-02
-1.5808630e-02
-1.4987700e-02
-1.4135830e-02
-1.3332300e-02
-1.2595960e-02
-1.2016350e-02
-1.1820920e-02
-1.2226960e-02
-1.3297900e-02
-1.4911450e-02
-1.6799270e-02
-1.8636380e-02
-2.0181000e-02
-2.1357710e-02
-2.2244240e-02
-2.2993540e-02
-2.3744120e-02
-2.4507040e-02
-2.5102170e-02
-2.5294780e-02
-2.4958670e-02
-2.4139090e-02
-2.3009910e-02
-2.1777920e-02
-2.0591450e-02
-1.9454010e-02
-1.8220790e-02
-1.6737110e-02
-1.5034840e-02
-1.3357110e-02
-1.2010870e-02
-1.1265410e-02
-1.1248510e-02
-1.1890960e-02
-1.2975340e-02
-1.4244600e-02
-1.5502260e-02
-1.6672190e-02
-1.7803310e-02
-1.9000650e-02
-2.0344370e-02
-2.1848540e-02
-2.3466950e-02
-2.5125320e-02
-2.6671590e-02
-2.7741090e-02
-2.7922730e-02
-2.7021560e-02
-2.5156120e-02
-2.2671590e-02
-1.9964040e-02
-1.7325800e-02
-1.4881040e-02
-1.2643070e-02
-1.0594320e-02
-8.7094690e-03
-6.9579820e-03
-5.3046920e-03
-3.7130620e-03
-2.1507630e-03
-5.9428130e-04
9.6885730e-04
2.5453750e-03
4.1851040e-03
6.0125590e-03
8.1505390e-03
1.0640000e-02
1.3422050e-02
1.6367410e-02
1.9190960e-02
2.1361070e-02
2.2380920e-02
2.2081610e-02
2.0681760e-02
1.8639160e-02
1.6425930e-02
1.4355220e-02
1.2523710e-02
1.0861810e-02
9.2351310e-03
7.5430020e-03
5.8390030e-03
4.3705590e-03
3.4076050e-03
3.0692470e-03
3.2736780e-03
3.8037270e-03
4.4095160e-03
4.8201730e-03
4.7721830e-03
4.1261100e-03
2.9217440e-03
1.3357590e-03
-4.0946060e-04
-2.0443570e-03
-3.1790160e-03
-3.4658660e-03
-2.7919080e-03
-1.3164870e-03
6.3562040e-04
2.8039120e-03
5.2427850e-03
8.2137090e-03
1.1797380e-02
1.5653510e-02
1.9237890e-02
2.2133050e-02
2.4232250e-02
2.5722910e-02
2.6933420e-02
2.8108200e-02
2.9231100e-02
3.0107590e-02
3.0554310e-02
3.0524670e-02
3.0123750e-02
2.9539260e-02
2.8944660e-02
2.8418420e-02
2.7935770e-02
2.7423460e-02
2.6820220e-02
2.6109660e-02
2.5319560e-02
2.4498790e-02
2.3690130e-02
2.2917280e-02
2.2238400e-02
2.1809310e-02
2.1793690e-02
2.2253730e-02
2.3119470e-02
2.4231250e-02
2.5370850e-02
2.6243190e-02
2.6587750e-02
2.6309890e-02
2.5505800e-02
2.4389420e-02
2.3184590e-02
2.2039570e-02
2.0968200e-02
1.9843330e-02
1.8501770e-02
1.6853510e-02
1.4920980e-02
1.2825220e-02
1.0831470e-02
9.3038390e-03
8.5015860e-03
8.4488130e-03
8.9537070e-03
9.7256750e-03
1.0459610e-02
1.0830600e-02
1.0594350e-02
9.6946520e-03
8.2640490e-03
6.5364960e-03
4.7370590e-03
3.0062880e-03
1.3809700e-03
-1.7280140e-04
-1.6887580e-03
-3.1578520e-03
-4.5466120e-03
-5.8304340e-03
-7.0125140e-03
-8.1224830e-03
-9.2014260e-03
-1.0285270e-02
-1.1399000e-02
-1.2554540e-02
-1.3749580e-02
-1.4972070e-02
-1.6206890e-02
-1.7442250e-02
-1.8669160e-02
-1.9812070e-02
-2.0661610e-02
-2.0997960e-02
-2.0733980e-02
-1.9955910e-02
-1.8866810e-02
-1.7696760e-02
-1.6621580e-02
-1.5714850e-02
-1.4954010e-02
-1.4264860e-02
-1.3572790e-02
-1.2853280e-02
-1.2208840e-02
-1.1831360e-02
-1.1867440e-02
-1.2333050e-02
-1.3119140e-02
-1.4058150e-02
-1.5007660e-02
-1.5940290e-02
-1.6953190e-02
-1.8172110e-02
-1.9661230e-02
-2.1393150e-02
-2.3283630e-02
-2.5247070e-02
-2.7227570e-02
-2.9204110e-02
-3.1170970e-02
-3.3047360e-02
-3.4546390e-02
-3.5317210e-02
-3.5178980e-02
-3.4216040e-02
-3.2713330e-02
-3.1008920e-02
-2.9351390e-02
-2.7789310e-02
-2.6182480e-02
-2.4346550e-02
-2.2228740e-02
-2.0012960e-02
-1.7998560e-02
-1.6409940e-02
-1.5292180e-02
-1.4531520e-02
-1.4004630e-02
-1.3698760e-02
-1.3669560e-02
-1.3955430e-02
-1.4529340e-02
-1.5302450e-02
-1.6164470e-02
-1.7037300e-02
-1.7899270e-02
-1.8768440e-02
-1.9669520e-02
-2.0546520e-02
-2.1194230e-02
-2.1382830e-02
-2.1006190e-02
-2.0131130e-02
-1.8945560e-02
-1.7660800e-02
-1.6428340e-02
-1.5304280e-02
-1.4255200e-02
-1.3183990e-02
-1.1991740e-02
-1.0632590e-02
-9.1262790e-03
-7.5349160e-03
-5.9263820e-03
-4.3453650e-03
-2.8037270e-03
-1.2877250e-03
2.5342210e-04
1.9768570e-03
4.0937660e-03
6.7314300e-03
9.8639260e-03
1.3339010e-02
1.6960050e-02
2.0545760e-02
2.3877940e-02
2.6730910e-02
2.8991630e-02
3.0712160e-02
3.2069160e-02
3.3274550e-02
3.4492350e-02
3.5784270e-02
3.7019800e-02
3.7905330e-02
3.8187790e-02
3.7804820e-02
3.6896910e-02
3.5714400e-02
3.4497630e-02
3.3401970e-02
3.2475820e-02
3.1681860e-02
3.0943260e-02
3.0170350e-02
2.9275100e-02
2.8246200e-02
2.7260190e-02
2.6597280e-02
2.6457050e-02
2.6856990e-02
2.7641740e-02
2.8567260e-02
2.9418830e-02
3.0089370e-02
3.0587950e-02
3.0993580e-02
3.1366930e-02
3.1671120e-02
3.1809170e-02
3.1706490e-02
3.1360080e-02
3.0835860e-02
3.0230940e-02
2.9629660e-02
2.9071730e-02
2.8527930e-02
2.7918930e-02
2.7173640e-02
2.6270570e-02
2.5241790e-02
2.4148750e-02
2.3050480e-02
2.1981470e-02
2.0947240e-02
1.9933220e-02
1.8917800e-02
1.7882150e-02
1.6817700e-02
1.5727450e-02
1.4622000e-02
1.3512460e-02
1.2406690e-02
1.1306990e-02
1.0211100e-02
9.1156160e-03
8.0178920e-03
6.9173190e-03
5.8147650e-03
4.7119750e-03
3.6243040e-03
2.6217110e-03
1.8054250e-03
1.2401780e-03
9.1738090e-04
7.6554880e-04
6.8914730e-04
6.0937550e-04
4.8705110e-04
3.2194020e-04
1.3652350e-04
-4.7864320e-05
-2.7154380e-04
-6.6798110e-04
-1.3763650e-03
-2.4507710e-03
-3.8362690e-03
-5.4068450e-03
-7.0284420e-03
-8.6097090e-03
-1.0120690e-02
-1.1553680e-02
-1.2784440e-02
-1.3582420e-02
-1.3774730e-02
-1.3355290e-02
-1.2478930e-02
-1.1376470e-02
-1.0258270e-02
-9.2578130e-03
-8.4138190e-03
-7.6897280e-03
-7.0174700e-03
-6.3740900e-03
-5.8870270e-03
-5.7681010e-03
-6.1592810e-03
-7.0492600e-03
-8.2920170e-03
-9.6785610e-03
-1.0934640e-02
-1.1740450e-02
-1.1883560e-02
-1.1357960e-02
-1.0340190e-02
