0.01
7.9518360e-03
1.5241080e-02
1.9482150e-02
1.8633880e-02
1.2691800e-02
4.0605540e-03
-4.7583410e-03
-1.2601710e-02
-1.7608150e-02
-1.6693490e-02
-9.0395220e-03
1.8784450e-03
1.1103490e-02
1.4683190e-02
1.1928380e-02
5.0422320e-03
-2.4987970e-03
-8.3513520e-03
-1.1182390e-02
-1.0881300e-02
-8.5012980e-03
-6.0386470e-03
-5.3569820e-03
-6.1827620e-03
-6.3400340e-03
-3.9164100e-03
-9.6489980e-06
2.6779490e-03
2.0726880e-03
-1.7417320e-03
-6.2503860e-03
-8.4551800e-03
-7.5247380e-03
-4.3708640e-03
-6.0808980e-04
3.0677510e-03
5.5861430e-03
5.5734760e-03
3.3317040e-03
1.1339320e-03
1.3825270e-03
2.9527790e-03
1.6845310e-03
-4.8283020e-03
-1.4107250e-02
-2.0062870e-02
-1.9244860e-02
-1.2962060e-02
-4.4859270e-03
3.6348190e-03
1.0298600e-02
1.5298130e-02
1.6700120e-02
1.1464770e-02
1.0009020e-05
-1.1726790e-02
-1.7047100e-02
-1.3840180e-02
-4.2900790e-03
7.2126410e-03
1.7495200e-02
2.4665190e-02
2.6527560e-02
2.1186450e-02
1.0441700e-02
-1.0954390e-03
-8.9353300e-03
-1.0708170e-02
-7.3754630e-03
-2.6186100e-03
7.5561430e-04
3.3386840e-03
5.9755240e-03
7.7344500e-03
7.4801310e-03
6.1860900e-03
5.5610080e-03
5.8394020e-03
6.0412960e-03
4.5216640e-03
5.3436110e-04
-3.7340190e-03
-5.8784650e-03
-6.7105830e-03
-7.6338050e-03
-8.9832980e-03
-1.0768400e-02
-1.0939590e-02
-7.2422390e-03
-1.5254540e-04
6.9810620e-03
1.1125380e-02
1.2011520e-02
1.1380400e-02
9.5987540e-03
6.2679230e-03
1.2688860e-03
-4.9374520e-03
-1.0272000e-02
-1.3345050e-02
-1.4047910e-02
-1.3121510e-02
-1.0625840e-02
-5.7710610e-03
1.3652970e-03
8.4978290e-03
1.2450860e-02
1.0938420e-02
4.7558660e-03
-2.5032850e-03
-7.4222070e-03
-9.0500880e-03
-8.5747210e-03
-6.5785780e-03
-2.8795980e-03
3.0624280e-03
1.0402310e-02
1.5572650e-02
1.5434380e-02
1.0393950e-02
4.4794930e-03
1.4392910e-03
1.0927710e-03
9.2954810e-04
-4.2703420e-04
-1.4695940e-03
5.0838630e-04
6.1645700e-03
1.3040400e-02
1.6872080e-02
1.5700530e-02
1.1202150e-02
6.5835520e-03
3.0793700e-03
-1.3406160e-03
-8.3277710e-03
-1.6667410e-02
-2.2963210e-02
-2.3645330e-02
-1.6964620e-02
-4.3374510e-03
1.0040880e-02
2.2350000e-02
2.8533680e-02
2.4598590e-02
1.0418730e-02
-7.1607190e-03
-1.8802280e-02
-2.1723790e-02
-2.0401040e-02
-2.0470420e-02
-2.2247040e-02
-2.1446150e-02
-1.4213100e-02
-1.3665620e-03
1.1730240e-02
1.8731750e-02
1.7317050e-02
1.0830030e-02
4.3549910e-03
-1.0939890e-04
-4.7015930e-03
-1.1165900e-02
-1.7988730e-02
-2.1610410e-02
-1.9505780e-02
-1.2461570e-02
-3.7159810e-03
4.4410980e-03
1.0895720e-02
1.4284150e-02
1.4757150e-02
1.2876650e-02
8.5771720e-03
3.0086590e-03
-2.4348170e-03
-7.0066670e-03
-1.0325360e-02
-1.0695570e-02
-7.1277890e-03
-5.2764480e-04
5.6414710e-03
6.9324530e-03
3.0914300e-03
-2.1635790e-03
-6.2069370e-03
-8.3521750e-03
-8.8191120e-03
-8.0180760e-03
-5.5857100e-03
-2.1916560e-03
-1.9219430e-04
-1.3563890e-03
-4.6470190e-03
-7.4673320e-03
-8.7987540e-03
-8.9785900e-03
-6.8717480e-03
-7.0049650e-05
1.1418690e-02
2.3169330e-02
2.8091370e-02
2.1604300e-02
6.2122480e-03
-1.0488200e-02
-2.2366630e-02
-2.8300940e-02
-2.9138520e-02
-2.4439410e-02
-1.4117180e-02
-2.9738350e-04
1.2764470e-02
2.1695710e-02
2.5672790e-02
2.5093030e-02
2.0326050e-02
1.1782930e-02
1.3527020e-03
-7.5943040e-03
-1.3392540e-02
-1.6882800e-02
-2.0204650e-02
-2.2757920e-02
-1.9841680e-02
-7.1666670e-03
1.3760270e-02
3.4325450e-02
4.4937520e-02
4.1871410e-02
2.7780940e-02
8.9957270e-03
-8.2859570e-03
-2.1444860e-02
-2.8711330e-02
-2.7487410e-02
-1.6971650e-02
-6.3833260e-04
1.4429690e-02
2.2351260e-02
2.3622010e-02
2.1773280e-02
1.8210300e-02
1.2907830e-02
6.0286000e-03
-1.3482530e-03
-7.4031820e-03
-1.1923570e-02
-1.6567750e-02
-2.2435050e-02
-2.6647400e-02
-2.3635090e-02
-1.1709540e-02
4.0290420e-03
1.5699920e-02
1.9500140e-02
1.6565430e-02
1.1015160e-02
6.8570060e-03
4.5341780e-03
1.1577710e-03
-5.4501700e-03
-1.3730610e-02
-1.9960250e-02
-2.1137660e-02
-1.6776760e-02
-8.2400680e-03
3.5556320e-03
1.6114670e-02
2.5522770e-02
2.7526440e-02
2.1111550e-02
1.0579560e-02
1.5637120e-03
-4.5190260e-03
-9.4143200e-03
-1.4270820e-02
-1.6880870e-02
-1.3551290e-02
-4.1864460e-03
6.8151500e-03
1.4507990e-02
1.6456320e-02
1.3458170e-02
8.3803290e-03
4.1231720e-03
1.8037130e-03
-1.4709100e-04
-3.1189070e-03
-6.5360800e-03
-8.1226370e-03
-5.9194800e-03
6.5919910e-05
7.5974560e-03
1.3153340e-02
1.4279200e-02
1.1729130e-02
7.3810370e-03
2.9241240e-03
-6.5821990e-04
-2.9722160e-03
-4.1365610e-03
-3.9604430e-03
-2.3770470e-03
-4.7139680e-04
5.6711540e-04
3.8564820e-04
-4.5117900e-04
-4.0701480e-04
1.3343700e-03
3.5478030e-03
5.0556780e-03
5.6245530e-03
6.5917080e-03
8.9219060e-03
1.1088070e-02
1.0632800e-02
6.7188520e-03
8.0644730e-04
-4.9793640e-03
-8.6155040e-03
-8.5108930e-03
-3.6345590e-03
4.7351520e-03
1.1961940e-02
1.3893070e-02
9.8309510e-03
3.1134090e-03
-2.6246820e-03
-5.7074500e-03
-6.2232850e-03
-4.2909990e-03
7.1985300e-04
7.2056920e-03
1.1453720e-02
1.2025670e-02
9.8845100e-03
6.5756470e-03
4.3082590e-03
4.3191110e-03
6.4515150e-03
8.5249500e-03
8.7874710e-03
6.5545740e-03
1.7491920e-03
-4.5348050e-03
-9.4405520e-03
-1.0853220e-02
-8.6693370e-03
-4.0870370e-03
1.3351200e-03
5.7465540e-03
8.1258110e-03
8.7033360e-03
8.6076840e-03
8.6993490e-03
8.8166430e-03
7.7901210e-03
4.5688860e-03
-9.2779660e-06
-4.6197960e-03
-7.5164450e-03
-7.0363790e-03
-3.4917330e-03
2.0838450e-03
8.3144700e-03
1.3772260e-02
1.6854510e-02
1.6745340e-02
1.3946260e-02
9.1202080e-03
2.9590400e-03
-3.6605240e-03
-9.9631180e-03
-1.3580980e-02
-1.3269380e-02
-9.7401130e-03
-4.5908890e-03
7.8221530e-04
4.8554040e-03
5.8499290e-03
3.9989920e-03
1.1749150e-03
-8.8813990e-04
-1.3962160e-03
-1.2596000e-04
2.5750410e-03
6.7334060e-03
1.1146160e-02
1.3089530e-02
1.0253400e-02
2.3817700e-03
-7.2812260e-03
-1.3207190e-02
-1.2506240e-02
-6.6654150e-03
5.8882110e-04
5.8752530e-03
8.5174780e-03
9.3170570e-03
8.3614890e-03
4.4924100e-03
-2.1124020e-03
-8.6773000e-03
-1.1797090e-02
-1.0924180e-02
-8.3187220e-03
-5.9077740e-03
-2.8615020e-03
2.9245850e-03
1.1109560e-02
1.9128410e-02
2.4428010e-02
2.5764700e-02
2.3346870e-02
1.8208610e-02
1.1799240e-02
5.0588010e-03
-9.7413080e-04
-4.8524730e-03
-5.4039370e-03
-3.0465540e-03
-5.6853000e-04
-8.0827340e-04
-3.5984040e-03
-5.9690520e-03
-4.5420380e-03
2.1887920e-03
1.2378670e-02
2.1929830e-02
2.6139190e-02
2.3124860e-02
1.4375920e-02
2.9794090e-03
-6.9121470e-03
-1.1976540e-02
-1.2237890e-02
-9.7891950e-03
-6.7456170e-03
-4.2858990e-03
-2.7734270e-03
-2.0559300e-03
-1.1480800e-03
1.7171960e-03
6.1820680e-03
9.0785830e-03
7.4873220e-03
1.3581020e-03
-6.6357040e-03
-1.3253100e-02
-1.5756440e-02
-1.3777180e-02
-9.0610180e-03
-3.2481210e-03
2.3412990e-03
6.5325410e-03
8.3687110e-03
7.4363320e-03
4.7517960e-03
1.5772440e-03
-1.7337660e-03
-4.1315280e-03
-4.2340500e-03
-2.5936080e-03
-1.6795170e-03
-2.8709400e-03
-4.5691740e-03
-4.3774050e-03
-2.2587580e-03
-1.2808210e-04
7.7807740e-04
7.3554510e-04
-3.3041050e-04
-3.0065860e-03
-7.2494490e-03
-1.2000460e-02
-1.4979870e-02
-1.4163220e-02
-1.1454150e-02
-1.0765050e-02
-1.3958110e-02
-1.8592370e-02
-1.9634880e-02
-1.5252840e-02
-8.0680680e-03
-1.2672400e-03
3.9770250e-03
6.4699700e-03
4.9686790e-03
-9.5150580e-04
-9.5848950e-03
-1.7594750e-02
-2.1842820e-02
-2.1755430e-02
-1.8991150e-02
-1.4831840e-02
-8.4410800e-03
8.1985960e-04
1.0796290e-02
1.8212610e-02
2.0815260e-02
1.8289590e-02
1.1619140e-02
3.7166530e-03
-2.3319570e-03
-4.4704180e-03
-2.5269400e-03
2.1385800e-03
7.8934340e-03
1.3361370e-02
1.7871230e-02
2.1920720e-02
2.5405180e-02
2.6426730e-02
2.2494270e-02
1.3442030e-02
2.7583130e-03
-4.7988860e-03
-6.7905940e-03
-5.5818070e-03
-5.7686030e-03
-8.7510070e-03
-1.2281310e-02
-1.2859920e-02
-9.7457300e-03
-5.1246650e-03
-2.2437710e-03
-2.1316260e-03
-3.3225590e-03
-3.7109870e-03
-2.6309840e-03
-1.8137150e-03
-3.3531290e-03
-8.9396360e-03
-1.7862710e-02
-2.7084970e-02
-3.3710650e-02
-3.6446410e-02
-3.5774520e-02
-3.1963440e-02
-2.5306170e-02
-1.7135450e-02
-9.7728460e-03
-4.6003940e-03
-9.6718170e-04
2.9001070e-03
8.5154050e-03
1.4962240e-02
1.9640750e-02
2.0696260e-02
1.7925290e-02
1.2564640e-02
5.7961910e-03
-2.3506680e-03
-1.0582080e-02
-1.6612530e-02
-1.8591910e-02
-1.5861530e-02
-1.0347900e-02
-4.3586940e-03
1.1988670e-03
6.1194080e-03
1.0052810e-02
1.1624670e-02
9.1368950e-03
2.1980250e-03
-7.7084690e-03
-1.7109520e-02
-2.3397990e-02
-2.6681630e-02
-2.7396830e-02
-2.5096200e-02
-1.9916160e-02
-1.3114770e-02
-5.9629700e-03
3.5803700e-04
5.4556810e-03
8.5848330e-03
8.8045890e-03
5.5034260e-03
-1.8609920e-03
-1.2188220e-02
-2.2663340e-02
-2.9779350e-02
-3.1177530e-02
-2.7027440e-02
-1.9852810e-02
-1.2135600e-02
-4.4674480e-03
3.3716980e-03
1.0235870e-02
1.3932070e-02
1.3531780e-02
1.0879000e-02
8.7621710e-03
8.6619650e-03
1.0952380e-02
1.4942880e-02
1.8726540e-02
1.9928540e-02
1.7419580e-02
1.2150020e-02
6.6766970e-03
3.6928410e-03
3.0543140e-03
2.6622400e-03
1.1251950e-03
-1.7557370e-03
-5.6928750e-03
-9.7799430e-03
-1.2735520e-02
-1.1927870e-02
-4.5790250e-03
1.0395750e-02
3.0818860e-02
5.1123510e-02
6.6218920e-02
7.4670060e-02
7.7669080e-02
7.5657840e-02
6.6020010e-02
4.6646120e-02
2.0255220e-02
-6.6802460e-03
-2.7240610e-02
-3.6078910e-02
-3.1502600e-02
-1.5957750e-02
4.3588340e-03
2.3510970e-02
3.8066440e-02
4.6846760e-02
4.9640980e-02
4.6765800e-02
3.9430900e-02
2.9139470e-02
1.6957060e-02
4.5350410e-03
-5.5680940e-03
-1.1352860e-02
-1.2377570e-02
-9.5609990e-03
-4.9158030e-03
1.2548870e-04
3.4902930e-03
3.1397170e-03
-2.4953080e-03
-1.4402320e-02
-3.2119000e-02
-5.3287020e-02
-7.4097360e-02
-8.8872940e-02
-9.4248570e-02
-9.0717160e-02
-8.0826350e-02
-6.7485070e-02
-5.3722470e-02
-4.1694340e-02
-3.1403920e-02
-2.2276390e-02
-1.5054850e-02
-1.0969800e-02
-9.8194980e-03
-1.0394160e-02
-1.2255790e-02
-1.4773980e-02
-1.6293860e-02
-1.5327950e-02
-1.1372560e-02
-5.5835230e-03
5.2478370e-04
5.6762440e-03
8.6563750e-03
9.9829490e-03
1.1889720e-02
1.6293080e-02
2.3521300e-02
3.2650790e-02
4.2074040e-02
4.9164210e-02
5.2170270e-02
5.2048710e-02
4.9510990e-02
4.1588600e-02
2.4862660e-02
-5.7122460e-05
-2.7426120e-02
-5.0028980e-02
-6.3387690e-02
-6.6680980e-02
-6.2391620e-02
-5.3996900e-02
-4.4900600e-02
-3.8315520e-02
-3.5828740e-02
-3.7017300e-02
-4.0052940e-02
-4.3477140e-02
-4.6228260e-02
-4.6447840e-02
-4.2457260e-02
-3.3890410e-02
-2.2512230e-02
-1.1105490e-02
-1.9097160e-03
4.2885950e-03
7.7104650e-03
7.9881400e-03
4.4481960e-03
-2.3982580e-03
-1.0888490e-02
-1.9023260e-02
-2.4827470e-02
-2.8746630e-02
-3.1816300e-02
-3.4206170e-02
-3.5488810e-02
-3.6050040e-02
-3.7101030e-02
-3.9151440e-02
-4.2534610e-02
-4.6874560e-02
-5.0922230e-02
-5.1923640e-02
-4.6218050e-02
-3.1857410e-02
-1.0558020e-02
1.3255080e-02
3.5355890e-02
5.2111560e-02
6.0046300e-02
5.7208090e-02
4.4797110e-02
2.5855360e-02
3.9890020e-03
-1.5680370e-02
-2.8479580e-02
-3.2349590e-02
-2.8939580e-02
-2.1034020e-02
-8.8383660e-03
9.1896960e-03
3.2856140e-02
5.9878270e-02
8.5970460e-02
1.0558160e-01
1.1610350e-01
1.1737100e-01
1.1057460e-01
9.8224380e-02
8.2476060e-02
6.4855050e-02
4.6332040e-02
2.8972210e-02
1.4250560e-02
1.6963860e-03
-7.9642000e-03
-1.2371850e-02
-9.0613440e-03
1.6464950e-03
1.6860730e-02
3.1652820e-02
4.1958970e-02
4.6961480e-02
4.8348930e-02
4.9058210e-02
5.0453050e-02
5.1368390e-02
5.0046670e-02
4.4924590e-02
3.6400540e-02
2.5733530e-02
1.4041530e-02
1.6289600e-03
-1.1716360e-02
-2.3889150e-02
-3.1422170e-02
-3.3201870e-02
-3.1054420e-02
-2.6112420e-02
-1.7266800e-02
-3.8661470e-03
1.2229300e-02
2.6921620e-02
3.6516040e-02
3.9979320e-02
3.7623020e-02
3.0031350e-02
1.8296590e-02
3.9353540e-03
-1.0504680e-02
-2.0308020e-02
-2.0897940e-02
-1.2252150e-02
9.8936070e-04
1.3087160e-02
2.1579820e-02
2.7024630e-02
2.9980650e-02
3.0003110e-02
2.6833890e-02
2.1230610e-02
1.4347610e-02
7.3996390e-03
3.6793860e-04
-7.8909480e-03
-1.7138370e-02
-2.5356990e-02
-3.0836010e-02
-3.3669460e-02
-3.5745500e-02
-3.9227990e-02
-4.4754510e-02
-5.0582790e-02
-5.4373550e-02
-5.5536660e-02
-5.5699430e-02
-5.5507870e-02
-5.3047260e-02
-4.5861570e-02
-3.4102510e-02
-2.0271250e-02
-6.7366160e-03
4.4350030e-03
1.1232300e-02
1.2806460e-02
1.1010820e-02
1.0317010e-02
1.4339840e-02
2.4041840e-02
3.9099560e-02
5.6922640e-02
7.3661710e-02
8.6604980e-02
9.2835880e-02
8.9703700e-02
7.4144320e-02
4.5843330e-02
9.3339190e-03
-2.7564150e-02
-5.5685900e-02
-6.8220510e-02
-6.3978410e-02
-4.6500940e-02
-2.2127340e-02
3.4916890e-03
2.6593090e-02
4.4671410e-02
5.5295820e-02
5.6048980e-02
4.4896150e-02
2.3043430e-02
-4.4220630e-03
-2.9177660e-02
-4.4808980e-02
-4.9304310e-02
-4.4675650e-02
-3.4979490e-02
-2.3542950e-02
-1.2465120e-02
-4.0996510e-03
2.1952060e-04
4.0223380e-04
-2.2300170e-03
-4.9789100e-03
-4.6341030e-03
7.6384250e-04
9.8679980e-03
1.8773630e-02
2.3543380e-02
2.2810750e-02
1.6904070e-02
8.0429820e-03
3.7442910e-04
-2.2541490e-03
1.4523240e-03
9.1988890e-03
1.7747600e-02
2.4696010e-02
2.7588730e-02
2.4733760e-02
1.7704220e-02
1.0277280e-02
5.3838660e-03
3.7882380e-03
5.2170360e-03
7.8225490e-03
9.2109240e-03
8.0858360e-03
4.0301540e-03
-2.9135570e-03
-1.3503310e-02
-2.7885970e-02
-4.4208780e-02
-5.9161320e-02
-6.9740760e-02
-7.2516350e-02
-6.6222710e-02
-5.3141540e-02
-3.6773470e-02
-1.8398060e-02
1.1378970e-03
2.0172860e-02
3.6761810e-02
4.8377500e-02
5.1945460e-02
4.5487880e-02
2.9316480e-02
5.0050080e-03
-2.3953850e-02
-5.1765980e-02
-7.3112440e-02
-8.3000600e-02
-7.9502330e-02
-6.2713330e-02
-3.5302320e-02
-4.4896230e-03
1.9194090e-02
2.8738780e-02
2.3756920e-02
9.1088430e-03
-8.8747040e-03
-2.4905630e-02
-3.6408720e-02
-4.1624270e-02
-3.8886530e-02
-2.7086230e-02
-6.9801950e-03
1.8735470e-02
4.4937120e-02
6.5436870e-02
7.6230480e-02
7.7597360e-02
7.0957270e-02
5.7953260e-02
4.1627100e-02
2.5349120e-02
1.0523560e-02
-2.5405340e-03
-1.3629160e-02
-2.2537380e-02
-2.9747400e-02
-3.5954220e-02
-4.2207550e-02
-4.9753200e-02
-5.7175920e-02
-5.9225270e-02
-4.9621660e-02
-2.6039040e-02
6.9081650e-03
3.7462010e-02
5.5642060e-02
5.6911370e-02
4.1955980e-02
1.6966340e-02
-9.1445310e-03
-3.0860550e-02
-4.6199060e-02
-5.1778030e-02
-4.4362430e-02
-2.4966830e-02
-7.3128860e-04
1.9206460e-02
3.0916990e-02
3.5925330e-02
3.7137450e-02
3.4782350e-02
2.7056000e-02
1.4032400e-02
2.6005230e-04
-1.0529110e-02
-1.7609190e-02
-2.1788850e-02
-2.5125140e-02
-2.9758490e-02
-3.6043270e-02
-4.3060890e-02
-4.8319030e-02
-4.9935930e-02
-4.8303400e-02
-4.4277410e-02
-3.6588840e-02
-2.3900470e-02
-7.9846940e-03
6.4233790e-03
1.4515460e-02
1.4300350e-02
8.5676170e-03
2.7521740e-03
5.2422590e-04
2.3061820e-03
6.5231680e-03
1.2862880e-02
2.2753420e-02
3.6502170e-02
5.0931800e-02
6.0657000e-02
6.1681750e-02
5.2685430e-02
3.5851410e-02
1.6696490e-02
8.9452060e-04
-8.1383830e-03
-9.7577080e-03
-5.8223810e-03
2.1130800e-04
6.2973630e-03
1.1858860e-02
1.6388660e-02
1.9722040e-02
2.2525100e-02
2.4817110e-02
2.5744630e-02
2.4562710e-02
2.0723890e-02
1.4082190e-02
5.4452990e-03
-4.3294330e-03
-1.3688920e-02
-2.0921590e-02
-2.4633820e-02
-2.4465290e-02
-2.1509580e-02
-1.7512580e-02
-1.4364120e-02
-1.3335290e-02
-1.4532430e-02
-1.7509950e-02
-2.1783190e-02
-2.5800170e-02
-2.8223810e-02
-2.8488300e-02
-2.6246720e-02
-2.2250990e-02
-1.6923280e-02
-8.8789500e-03
1.3953320e-03
1.0961090e-02
1.6335970e-02
1.6126890e-02
1.2354250e-02
8.1717380e-03
6.2836350e-03
7.9255670e-03
1.2113690e-02
1.7762010e-02
2.4945350e-02
3.3562160e-02
4.1451530e-02
4.4089640e-02
3.7931440e-02
2.4484150e-02
9.0109950e-03
-2.9205610e-03
-7.5865650e-03
-4.3436570e-03
4.2216680e-03
1.4286250e-02
2.3735490e-02
3.1038520e-02
3.3683750e-02
2.8919050e-02
1.6618940e-02
-3.2861140e-04
-1.7197080e-02
-2.9616790e-02
-3.5642870e-02
-3.5793640e-02
-3.1194370e-02
-2.3457040e-02
-1.4841430e-02
-7.9786220e-03
-3.1980400e-03
8.7164780e-04
5.0282800e-03
8.0804010e-03
8.9892810e-03
7.6322250e-03
4.7089370e-03
1.6671550e-03
-3.6657390e-04
-1.6652220e-03
-3.0094640e-03
-5.4537880e-03
-8.4221030e-03
-9.5144180e-03
-6.9562530e-03
-2.3281940e-03
1.9812960e-03
3.9831450e-03
2.9154380e-03
1.8202880e-04
-3.0605030e-03
-7.4383280e-03
-1.4164760e-02
-2.3929510e-02
-3.5944900e-02
-4.6800590e-02
-5.0921750e-02
-4.4800210e-02
-2.9495160e-02
-9.6102830e-03
8.6842850e-03
2.0910560e-02
2.5777570e-02
2.4194790e-02
1.7514860e-02
7.6795430e-03
-2.6523540e-03
-1.1403010e-02
-1.7233790e-02
-1.9308760e-02
-1.6675640e-02
-9.4668060e-03
-2.1263800e-04
8.6494830e-03
1.6011110e-02
2.0861970e-02
2.2892270e-02
2.2440990e-02
2.0336000e-02
1.8400880e-02
1.8360610e-02
1.9306450e-02
1.8106810e-02
1.2691130e-02
2.9274050e-03
-7.9629430e-03
-1.4888790e-02
-1.5130020e-02
-9.2026470e-03
3.1235840e-04
1.1539370e-02
2.3289270e-02
3.4193740e-02
4.2309990e-02
4.5320900e-02
4.1768940e-02
3.2589840e-02
2.1606540e-02
1.2448810e-02
7.2621700e-03
6.9118190e-03
1.0843840e-02
1.6752640e-02
2.3074150e-02
2.9051900e-02
3.3268780e-02
3.3976260e-02
3.0363000e-02
2.3082950e-02
1.4160810e-02
5.7719010e-03
4.5906760e-05
-3.5466390e-03
-6.0749390e-03
-7.6396010e-03
-7.2863650e-03
-5.1180310e-03
-3.5755460e-03
-5.0827340e-03
-9.7330560e-03
-1.5862040e-02
-2.0825930e-02
-2.2622730e-02
-2.1273840e-02
-1.7893740e-02
-1.4326480e-02
-1.1413080e-02
-8.4957140e-03
-4.3586160e-03
6.6204240e-04
4.9976390e-03
6.0951180e-03
2.3769870e-03
-6.0955990e-03
-1.7229360e-02
-2.8448140e-02
-3.7378400e-02
-4.2490520e-02
-4.2957890e-02
-3.8361140e-02
-2.9085020e-02
-1.6452010e-02
-3.5726370e-03
6.7137990e-03
1.3764970e-02
1.6986860e-02
1.4959290e-02
7.1546560e-03
-4.7627330e-03
-1.7905950e-02
-2.9558960e-02
-3.8183400e-02
-4.3184030e-02
-4.4261000e-02
-4.0035680e-02
-3.1063170e-02
-2.0686260e-02
-1.3996600e-02
-1.3129290e-02
-1.7394150e-02
-2.4121120e-02
-2.9863430e-02
-3.2824740e-02
-3.2426610e-02
-2.9585780e-02
-2.5656840e-02
-2.1028250e-02
-1.5532190e-02
-1.0003680e-02
-5.1638780e-03
-6.6222660e-04
4.0201920e-03
7.8931740e-03
1.0247340e-02
1.1394460e-02
1.1478910e-02
1.0581820e-02
8.5900550e-03
5.3155080e-03
1.0353520e-03
-2.1850530e-03
-2.2492580e-03
5.9571270e-04
4.6163560e-03
7.7372650e-03
8.7363330e-03
7.7801990e-03
6.2476720e-03
5.5082360e-03
5.5099080e-03
6.1289540e-03
7.3912430e-03
8.4022470e-03
8.4439650e-03
8.6217780e-03
1.1134540e-02
1.7241260e-02
2.5361420e-02
3.1771480e-02
3.3323310e-02
2.9277840e-02
2.2037740e-02
1.3698220e-02
5.0003360e-03
-2.9192640e-03
-9.6181640e-03
-1.5385300e-02
-2.0541690e-02
-2.3804920e-02
-2.2533810e-02
-1.5678260e-02
-4.7185090e-03
7.7094240e-03
1.8826950e-02
2.6201410e-02
2.8149630e-02
2.3710760e-02
1.3872940e-02
3.2195210e-03
-2.5766770e-03
-6.8461140e-04
8.1709380e-03
2.0256590e-02
3.0759120e-02
3.6422170e-02
3.6171180e-02
3.0210470e-02
2.0586210e-02
1.0290900e-02
1.6435260e-03
-3.8709560e-03
-5.9517470e-03
-4.7792850e-03
-1.2932280e-04
7.0709170e-03
1.3864290e-02
1.7051330e-02
1.5217070e-02
9.4363420e-03
2.4487830e-03
-3.0465740e-03
-6.5179440e-03
-9.0687130e-03
-1.0765730e-02
-1.1090480e-02
-9.7088040e-03
-6.7436090e-03
-3.2783410e-03
-3.1238090e-04
1.9032380e-03
3.5177500e-03
4.0548680e-03
2.4544540e-03
-9.9587710e-04
-4.3578920e-03
-6.7626490e-03
-9.1214270e-03
-1.3634120e-02
-2.1175220e-02
-3.0587280e-02
-3.9332040e-02
-4.4871280e-02
-4.5529210e-02
-3.9715100e-02
-2.8064090e-02
-1.3353680e-02
7.6829820e-04
1.1115870e-02
1.6249060e-02
1.5184780e-02
7.9202450e-03
-2.9236390e-03
-1.3906610e-02
-2.1632990e-02
-2.3872630e-02
-2.0527390e-02
-1.3977110e-02
-7.2319600e-03
-1.9899000e-03
8.3188890e-04
1.3053070e-03
-7.6862590e-05
-2.4425030e-03
-4.9897150e-03
-7.5675250e-03
-1.0253950e-02
-1.1999470e-02
-1.1394950e-02
-7.2765760e-03
2.0809690e-04
9.4016410e-03
1.7500800e-02
2.2098230e-02
2.3564410e-02
2.3435480e-02
2.3217220e-02
2.3257970e-02
2.2727070e-02
2.0394130e-02
1.6188560e-02
1.1134980e-02
5.8833510e-03
-2.4727570e-05
-6.7975920e-03
-1.3106000e-02
-1.5780750e-02
-1.1972510e-02
-2.2275200e-03
9.8645180e-03
1.9423990e-02
2.2203680e-02
1.7423180e-02
8.1401230e-03
-6.8517110e-04
-6.2273410e-03
-8.2479270e-03
-7.8529540e-03
-5.9049570e-03
-2.5211440e-03
2.6997920e-03
9.0164030e-03
1.4239580e-02
1.6698230e-02
1.5907540e-02
1.3429860e-02
1.1402220e-02
9.9888370e-03
8.6673170e-03
7.1006370e-03
5.4074490e-03
3.7076330e-03
1.4360900e-03
-2.4376030e-03
-7.6509060e-03
-1.2498260e-02
-1.5416550e-02
-1.5300700e-02
-1.2844820e-02
-9.7662700e-03
-6.7917710e-03
-3.8473100e-03
-1.0989240e-03
4.3736280e-04
-3.2459680e-04
-3.8177990e-03
-1.0037270e-02
-1.7404590e-02
-2.2984600e-02
-2.5247800e-02
-2.4754960e-02
-2.2525620e-02
-2.0065610e-02
-1.9351710e-02
-2.0690240e-02
-2.1740810e-02
-1.9922090e-02
-1.4478820e-02
-6.1652110e-03
2.6102290e-03
9.1892080e-03
1.1933300e-02
1.0584970e-02
6.1066030e-03
4.3001010e-05
-5.7524990e-03
-9.7194000e-03
-1.1206570e-02
-1.0704480e-02
-7.8469150e-03
-2.0559200e-03
5.8092390e-03
1.3967930e-02
2.0227040e-02
2.3125240e-02
2.1606090e-02
1.4823210e-02
3.7982800e-03
-7.8724410e-03
-1.7034950e-02
-2.1931420e-02
-2.1733480e-02
-1.6540440e-02
-7.7371220e-03
1.4526150e-03
8.5632560e-03
1.2029730e-02
1.1312920e-02
6.8622050e-03
2.9640030e-04
-6.0112100e-03
-9.7701040e-03
-1.0881860e-02
-1.0867050e-02
-1.0538720e-02
-9.2758810e-03
-6.7117700e-03
-3.9233070e-03
-2.3648650e-03
-2.3038950e-03
-2.1219640e-03
3.3516260e-04
5.7626710e-03
1.2083500e-02
1.6401620e-02
1.7740690e-02
1.5815650e-02
1.1044550e-02
4.7306610e-03
-1.8426760e-03
-7.1098560e-03
-1.0181640e-02
-1.0809980e-02
-9.2194850e-03
-5.5242310e-03
-2.3167870e-04
4.8303440e-03
7.3212540e-03
6.4138200e-03
3.1393080e-03
-1.6294770e-03
-7.1245250e-03
-1.2173660e-02
-1.5567810e-02
-1.6228980e-02
-1.3400160e-02
-7.5245700e-03
-2.1269840e-04
6.2721010e-03
1.0406190e-02
1.1737600e-02
9.9789550e-03
5.7935080e-03
2.0033050e-04
-5.6664070e-03
-1.0680960e-02
-1.3684800e-02
-1.4586040e-02
-1.3918070e-02
-1.2697940e-02
-1.1210230e-02
-9.4329660e-03
-7.0756740e-03
-5.1253750e-03
-3.8788340e-03
-2.6696030e-03
-2.0104910e-03
-2.4650230e-03
-4.1213910e-03
-6.6261630e-03
-9.3004450e-03
-1.0342050e-02
-8.2061920e-03
-3.4457920e-03
1.5891190e-03
5.2764850e-03
7.7217740e-03
9.6448840e-03
1.1898680e-02
1.4681430e-02
1.7565410e-02
1.9810560e-02
2.0689860e-02
2.0139880e-02
1.8264750e-02
1.5489340e-02
1.2776830e-02
1.1869210e-02
1.3154240e-02
1.5856220e-02
1.8936230e-02
2.1904190e-02
2.4405350e-02
2.5900100e-02
2.6373560e-02
2.6138140e-02
2.4704520e-02
2.1592060e-02
1.7290290e-02
1.2920230e-02
9.1587100e-03
7.0576650e-03
7.5429360e-03
1.0163780e-02
1.3922120e-02
1.8169870e-02
2.1952100e-02
2.4818140e-02
2.6082500e-02
2.4928660e-02
2.1557280e-02
1.7190160e-02
1.3462710e-02
1.0853970e-02
9.1235230e-03
7.7523790e-03
6.9613990e-03
7.5036380e-03
8.8730060e-03
1.0751750e-02
1.3175790e-02
1.4890020e-02
1.4680530e-02
1.2606870e-02
1.0075210e-02
8.5707370e-03
8.4363460e-03
9.0110530e-03
1.0269150e-02
1.2947950e-02
1.6823430e-02
2.0753090e-02
2.3313020e-02
2.3506060e-02
2.1551830e-02
1.8193640e-02
1.4291690e-02
1.0702890e-02
8.3244210e-03
7.5315860e-03
8.2801730e-03
9.3270400e-03
1.0345090e-02
1.1444520e-02
1.2228580e-02
1.3292640e-02
1.5224860e-02
1.7813260e-02
2.0417290e-02
2.2377750e-02
2.2706320e-02
2.0529690e-02
1.6473410e-02
1.1576370e-02
7.2437200e-03
3.9232020e-03
1.7801710e-03
2.9474920e-04
-9.8000110e-04
-2.2790180e-03
-2.9556100e-03
-2.9067530e-03
-2.1031290e-03
-7.9111600e-04
5.1524490e-05
2.0228280e-04
9.5423360e-05
2.7234920e-05
4.5501660e-05
1.0099760e-04
1.3167620e-04
7.2016250e-05
-6.7230320e-05
-3.4286400e-05
6.1487220e-04
1.7869340e-03
1.9428490e-03
4.3815010e-04
-1.4720230e-03
-2.6022500e-03
-3.0689120e-03
-3.8600970e-03
-4.9767220e-03
-6.0182440e-03
-6.9565650e-03
-6.7379410e-03
-4.9408820e-03
-1.9197610e-03
1.2024620e-03
2.6171940e-03
1.7710920e-03
3.7993260e-04
3.6751380e-04
1.7949320e-03
2.8734570e-03
2.2650880e-03
6.5070010e-04
-1.6608760e-04
7.6264300e-04
3.4071410e-03
6.3834030e-03
7.7047810e-03
6.1882610e-03
2.3568750e-03
-2.3336520e-03
-6.1409430e-03
-7.7203600e-03
-6.5871540e-03
-3.8564490e-03
-7.6175850e-04
2.2904660e-03
4.9431420e-03
6.1625440e-03
5.0089660e-03
1.4525630e-03
-3.0197140e-03
-7.4356280e-03
-1.1075890e-02
-1.3649580e-02
-1.5558380e-02
-1.6498570e-02
-1.5584810e-02
-1.2673190e-02
-8.9359920e-03
-6.1415770e-03
-5.0613640e-03
-5.2016410e-03
-6.0381810e-03
-7.3868190e-03
-8.5918450e-03
-9.7989850e-03
-1.1107020e-02
-1.2302990e-02
-1.3697920e-02
-1.4720920e-02
-1.5140020e-02
-1.4978480e-02
-1.3911840e-02
-1.2136140e-02
-1.0435320e-02
-9.8225390e-03
-1.0782570e-02
-1.3093450e-02
-1.5682930e-02
-1.7751240e-02
-1.8973670e-02
-1.9318320e-02
-1.8991340e-02
-1.7817010e-02
-1.5852350e-02
-1.2952380e-02
-9.4845590e-03
-6.6584390e-03
-4.9983320e-03
-3.7799750e-03
-2.8231000e-03
-2.4817190e-03
-2.4966160e-03
-2.5626650e-03
-2.5539400e-03
-2.4632260e-03
-2.3183290e-03
-2.3287790e-03
-2.9671660e-03
-4.3359600e-03
-5.3779920e-03
-5.4188240e-03
-4.2708550e-03
-2.2091710e-03
-3.2751700e-04
5.1248890e-04
6.5732580e-04
5.2366550e-04
-2.9908060e-04
-2.2104660e-03
-4.5986500e-03
-7.0760190e-03
-9.4767680e-03
-1.0886240e-02
-1.0972890e-02
-9.7809770e-03
-7.7388830e-03
-6.0554670e-03
-6.0131980e-03
-7.4932890e-03
-9.2902980e-03
-1.0807680e-02
-1.1883220e-02
-1.2272730e-02
-1.1632040e-02
-1.0670060e-02
-9.4381180e-03
-7.5851870e-03
-4.8437670e-03
-1.3842850e-03
2.0762420e-03
4.8044240e-03
6.1556710e-03
6.0085280e-03
4.7329940e-03
3.0740980e-03
1.4574270e-03
3.9448090e-04
2.9470250e-04
1.2496950e-03
3.0840170e-03
5.2963890e-03
7.3623520e-03
8.2807990e-03
6.9037000e-03
4.0361600e-03
7.4318300e-04
-2.7871790e-03
-6.2226370e-03
-9.0239370e-03
-1.0639750e-02
-1.0973290e-02
-1.0167110e-02
-8.0512040e-03
-5.0769250e-03
-2.0088000e-03
2.4522520e-04
7.1530360e-04
-1.0713360e-03
-4.8186480e-03
-9.1148250e-03
-1.2421650e-02
-1.4586670e-02
-1.5885790e-02
-1.5879130e-02
-1.4673310e-02
-1.3188880e-02
-1.1459380e-02
-9.5316180e-03
-7.9210180e-03
-7.5721440e-03
-8.8772720e-03
-1.1529460e-02
-1.4315240e-02
-1.6086610e-02
-1.6590540e-02
-1.6209480e-02
-1.4723540e-02
-1.2160890e-02
-9.3767840e-03
-7.1544940e-03
-5.6113550e-03
-5.4324410e-03
-7.3558390e-03
-1.0869010e-02
-1.4988840e-02
-1.8831440e-02
-2.1446700e-02
-2.2098090e-02
-2.1007560e-02
-1.8524350e-02
-1.5186140e-02
-1.1373250e-02
-8.0476310e-03
-6.3136020e-03
-7.0950600e-03
-9.4193060e-03
-1.1972000e-02
-1.4441740e-02
-1.6067740e-02
-1.6197270e-02
-1.4870110e-02
-1.2554250e-02
-9.6198930e-03
-5.6087220e-03
-9.4206250e-04
3.2666650e-03
5.9548600e-03
6.3275700e-03
4.3340450e-03
7.9327360e-04
-2.9567300e-03
-6.4606770e-03
-9.3032480e-03
-1.1328430e-02
-1.2985530e-02
-1.4488780e-02
-1.5599810e-02
-1.5269370e-02
-1.3984890e-02
-1.3208480e-02
-1.3118890e-02
-1.3305550e-02
-1.3476740e-02
-1.3338100e-02
-1.2416480e-02
-1.0700230e-02
-8.6374750e-03
-6.3794830e-03
-4.0562430e-03
-2.4248030e-03
-1.8780020e-03
-2.0929830e-03
-3.2037070e-03
-5.2798040e-03
-7.8477310e-03
-9.8658160e-03
-1.0047830e-02
-8.5988840e-03
-6.8360390e-03
-5.3315680e-03
-4.1409180e-03
-3.2815270e-03
-3.7610320e-03
-5.4515680e-03
-7.1070300e-03
-7.7832880e-03
-7.8048500e-03
-7.8028430e-03
-7.7506730e-03
-6.9080620e-03
-4.7675590e-03
-1.8565820e-03
1.1987820e-03
3.9429070e-03
5.8155790e-03
6.5648950e-03
6.5243580e-03
5.3391830e-03
2.4995310e-03
-1.2330770e-03
-4.1704470e-03
-5.2808780e-03
-4.6960980e-03
-3.0089410e-03
-1.0656230e-03
8.9561680e-04
3.1552430e-03
6.1665100e-03
1.0054900e-02
1.4026990e-02
1.6827350e-02
1.7800780e-02
1.7385390e-02
1.6011890e-02
1.4201530e-02
1.2232000e-02
1.0066130e-02
7.8598940e-03
6.4194730e-03
6.1024140e-03
6.3292680e-03
6.3106360e-03
5.3660100e-03
3.6159680e-03
1.9054470e-03
8.5783800e-04
6.1613200e-04
3.2533090e-04
-6.4060410e-04
-1.7390550e-03
-2.6605440e-03
-4.1131580e-03
-6.0981580e-03
-8.1546470e-03
-9.3243010e-03
-8.8880000e-03
-7.8814700e-03
-7.3975160e-03
-7.5038470e-03
-8.0932650e-03
-8.8486070e-03
-8.7341640e-03
-7.9807190e-03
-7.6607720e-03
-7.6890030e-03
-7.3346490e-03
-6.1460660e-03
-4.9766380e-03
-4.6384680e-03
-5.2792340e-03
-6.7192830e-03
-7.7227400e-03
-7.4443480e-03
-5.9034560e-03
-3.6704340e-03
-1.0812430e-03
1.2440940e-03
2.9615460e-03
3.5516230e-03
2.8867420e-03
1.4782530e-03
1.2619760e-04
-1.0991800e-03
-1.2764090e-03
1.5632210e-04
2.5941280e-03
5.5614570e-03
8.5070620e-03
1.1171750e-02
1.3345700e-02
1.4680770e-02
1.4519580e-02
1.3016210e-02
1.1181730e-02
9.9251270e-03
1.0584410e-02
1.3118510e-02
1.6252110e-02
1.9171430e-02
2.1717840e-02
2.3929040e-02
2.5668240e-02
2.6122030e-02
2.4452320e-02
2.0534630e-02
1.6116300e-02
1.2418030e-02
9.9546360e-03
8.4687620e-03
8.0405330e-03
8.4710990e-03
9.5755200e-03
1.0961070e-02
1.3039710e-02
1.5842710e-02
1.8708210e-02
2.0672750e-02
2.0988740e-02
1.9847580e-02
1.7959730e-02
1.5527630e-02
1.2677510e-02
1.0175360e-02
8.8901300e-03
8.8676430e-03
1.0119920e-02
1.2693690e-02
1.6105110e-02
1.9706780e-02
2.3014760e-02
2.5983730e-02
2.8122400e-02
2.8814360e-02
2.8172790e-02
2.6599390e-02
2.4823380e-02
2.3399190e-02
2.2901600e-02
2.2970080e-02
2.3081150e-02
2.3091530e-02
2.3073290e-02
2.3066390e-02
2.3071720e-02
2.3079070e-02
2.3082420e-02
2.3079730e-02
2.3070950e-02
2.3064630e-02
2.3079060e-02
2.3116550e-02
2.3123260e-02
2.3017570e-02
2.2868370e-02
2.3099370e-02
2.4228620e-02
2.5637160e-02
2.5619160e-02
2.3638900e-02
2.0645820e-02
1.7836140e-02
1.5550020e-02
1.3388020e-02
1.1215790e-02
9.4812670e-03
9.0016420e-03
9.8885760e-03
1.1284390e-02
1.1990930e-02
1.2106630e-02
1.2005820e-02
1.1483920e-02
1.0169530e-02
8.5550400e-03
6.8580160e-03
