0.01
-1.1242740e-02
-2.4010900e-02
-3.6411080e-02
-3.8419990e-02
-3.2950830e-02
-2.5590680e-02
-1.4491850e-02
-1.2982800e-03
1.2845730e-02
2.2821930e-02
2.1119130e-02
1.9163760e-02
1.6209610e-02
1.1219230e-02
7.1326450e-03
6.1035590e-03
5.8703720e-03
4.7637060e-03
9.9662740e-04
-8.4031800e-04
-1.3862350e-03
6.3991280e-04
4.6443140e-03
4.2568730e-03
-9.3094170e-04
1.6065350e-03
1.2256390e-02
2.0942640e-02
2.9236790e-02
3.6492660e-02
3.7788200e-02
3.5633200e-02
3.1374020e-02
2.4455300e-02
1.4446110e-02
6.7525280e-03
1.2086180e-03
-3.5850580e-03
-4.5481210e-03
-5.6069910e-03
-7.0244360e-03
-8.7547180e-03
-1.1329030e-02
-1.3978710e-02
-1.4735090e-02
-1.3488890e-02
-1.2734010e-02
-1.1690350e-02
-1.0550650e-02
-9.5029770e-03
-8.4548580e-03
-6.6377800e-03
-4.5877980e-03
-3.9378770e-03
-4.4458350e-03
-4.3347590e-03
-3.1834230e-03
-2.1656630e-03
-1.1389320e-03
3.5411220e-04
1.1022620e-03
-2.8436480e-03
-7.4943570e-03
-1.1835000e-02
-1.3734600e-02
-1.2445470e-02
-1.0580580e-02
-5.9894380e-03
-2.0376210e-03
7.2020950e-04
3.3294840e-03
4.2287470e-03
4.8081740e-03
3.5975950e-03
1.3174520e-03
-1.7932900e-05
9.2682400e-04
2.6866040e-03
4.0397750e-03
3.3187900e-04
-8.9912050e-03
-1.6707700e-02
-1.9314740e-02
-1.6236750e-02
-1.1329590e-02
-5.9980370e-03
-1.1687550e-03
-1.9759170e-03
-7.0233600e-03
-1.1873340e-02
-1.7499720e-02
-2.0496850e-02
-1.8042750e-02
-9.3797700e-03
2.8682850e-04
9.3059240e-03
1.7798060e-02
2.4083870e-02
2.9601620e-02
3.5434030e-02
4.0321860e-02
4.1632660e-02
3.7824820e-02
3.1693310e-02
2.0319760e-02
8.8576790e-03
-7.7285220e-04
-9.2782360e-03
-1.6506300e-02
-1.9548740e-02
-2.1927230e-02
-2.0764890e-02
-1.9492120e-02
-1.8142650e-02
-1.6598650e-02
-1.5002280e-02
-1.3547650e-02
-1.2089650e-02
-7.8602080e-03
6.1160520e-04
9.9813680e-03
2.3083870e-02
3.5452040e-02
4.1850350e-02
4.1553260e-02
3.4683970e-02
2.7153760e-02
2.1263540e-02
1.5560170e-02
1.3232930e-02
1.2883040e-02
1.2173900e-02
8.3111470e-03
2.6371200e-03
-6.5397170e-03
-1.6720230e-02
-2.3918520e-02
-2.7016530e-02
-2.7760810e-02
-2.7602060e-02
-2.5323570e-02
-2.1261130e-02
-1.3272360e-02
-5.8020850e-03
2.9640020e-03
1.1890480e-02
1.9190020e-02
2.5828870e-02
2.8872880e-02
2.3818040e-02
1.7635490e-02
1.0895390e-02
4.0265560e-03
4.9863400e-05
-2.0637390e-03
-3.9452990e-03
-4.9457580e-03
-6.0975140e-03
-6.7773490e-03
-7.0655330e-03
-4.5971550e-03
-1.3831000e-03
8.5479910e-04
3.0246310e-04
-1.7993290e-03
-3.9032110e-03
-5.9126610e-03
-8.0241420e-03
-1.1706000e-02
-1.5845710e-02
-2.0779210e-02
-2.5095270e-02
-2.7845420e-02
-2.7663040e-02
-2.6753330e-02
-2.3502800e-02
-2.0401180e-02
-1.7016900e-02
-1.3138350e-02
-7.9085590e-03
-2.7236290e-03
2.5275210e-03
7.8297200e-03
1.3119790e-02
1.8633330e-02
2.3178330e-02
2.4622780e-02
2.3358620e-02
2.1506070e-02
1.9934610e-02
2.0852600e-02
2.4117190e-02
2.7100550e-02
3.0657390e-02
2.9441220e-02
2.2315740e-02
1.5309550e-02
4.2057310e-03
-6.2745600e-03
-1.1297280e-02
-1.2928030e-02
-1.3020680e-02
-1.2041070e-02
-9.9318770e-03
-8.8470860e-03
-8.7926260e-03
-7.9126670e-03
-5.9520460e-03
-4.1519630e-03
-2.2557140e-03
-3.0920490e-04
1.6707510e-03
3.6650940e-03
4.8994060e-03
5.5348290e-03
5.2740740e-03
2.9778780e-03
-5.6506000e-05
-2.3995700e-03
-1.5828900e-03
5.9149970e-05
3.7261440e-03
7.3324150e-03
1.0938050e-02
1.0560640e-02
6.0144540e-03
1.9447010e-03
-4.6846720e-04
-1.7460700e-03
-1.7569590e-03
-1.0801410e-03
-4.9469750e-04
2.0022220e-04
1.4971310e-03
3.0848590e-03
4.6268020e-03
6.4240520e-03
7.4769100e-03
6.1684230e-03
4.8960060e-03
3.6347760e-03
1.9855530e-03
-6.7435140e-04
-3.4819450e-03
-6.4417320e-03
-9.3034170e-03
-1.0084600e-02
-1.0709550e-02
-1.1376250e-02
-1.1895800e-02
-1.2068810e-02
-1.2343340e-02
-1.2928260e-02
-1.3396010e-02
-1.3845480e-02
-1.4662950e-02
-1.5992720e-02
-1.7248270e-02
-1.8541440e-02
-1.8925400e-02
-1.8478810e-02
-1.6796750e-02
-1.4814200e-02
-1.2929500e-02
-1.0594550e-02
-7.3110930e-03
-4.3146030e-03
-1.1442660e-03
2.0139300e-03
4.1537310e-03
6.0564490e-03
8.0129460e-03
9.8706180e-03
1.1732590e-02
1.3709170e-02
1.5705750e-02
1.7740350e-02
1.9663120e-02
2.1076760e-02
2.2412880e-02
2.3744200e-02
2.5108760e-02
2.6306720e-02
2.6604890e-02
2.6608580e-02
2.6662780e-02
2.6688550e-02
2.6519290e-02
2.5720010e-02
2.4940730e-02
2.4245170e-02
2.2995610e-02
2.0787610e-02
1.8753940e-02
1.6630490e-02
1.4445970e-02
1.2351500e-02
1.0380750e-02
8.3815930e-03
6.4912050e-03
4.2534050e-03
8.6138800e-04
-2.5046890e-03
-5.7697170e-03
-9.6667260e-03
-1.4927510e-02
-2.0029900e-02
-2.5217240e-02
-3.0532820e-02
-3.5716320e-02
-4.0477520e-02
-4.5327900e-02
-5.0429120e-02
-5.4329710e-02
-5.5381060e-02
-5.6153130e-02
-5.5044760e-02
-5.0974510e-02
-4.7059450e-02
-4.3195940e-02
-3.7949090e-02
-2.9986130e-02
-2.2105280e-02
-1.4167420e-02
-6.3487310e-03
2.1316320e-03
1.0493770e-02
1.9780310e-02
3.1472690e-02
4.2768150e-02
5.4507500e-02
6.6544330e-02
7.2191260e-02
6.8722630e-02
5.8175670e-02
4.4401790e-02
2.9655760e-02
1.4478170e-02
-6.9273860e-04
-1.4912130e-02
-3.0594000e-02
-4.6334770e-02
-5.6796800e-02
-5.3712710e-02
-4.0625710e-02
-3.1923050e-02
-2.9257220e-02
-3.5199320e-02
-3.8910150e-02
-3.9746610e-02
-3.5863350e-02
-2.6264150e-02
-1.4124310e-02
-4.2592230e-03
-1.4741910e-04
-1.0828850e-04
3.9925900e-03
1.3606190e-02
2.2043850e-02
2.0741220e-02
1.5853390e-02
1.5856050e-02
2.5515780e-02
3.5897170e-02
4.6046210e-02
4.4593790e-02
3.9413000e-02
3.6832770e-02
3.9344720e-02
4.4033230e-02
4.7398560e-02
4.8799860e-02
5.3190630e-02
5.9562680e-02
6.6984620e-02
7.0141930e-02
6.5853650e-02
5.9077720e-02
5.4757700e-02
5.1883630e-02
4.7241900e-02
3.4333470e-02
1.1292080e-02
-1.5051580e-02
-4.5707590e-02
-7.8234870e-02
-1.0670400e-01
-1.2908940e-01
-1.4154070e-01
-1.4882410e-01
-1.4815450e-01
-1.3788410e-01
-1.0097640e-01
-4.1979850e-02
-1.2584760e-02
1.1672300e-02
5.0527090e-02
7.7586210e-02
1.0114730e-01
1.1266180e-01
1.1376250e-01
1.1599050e-01
1.1965990e-01
1.1672800e-01
1.0352220e-01
6.8416180e-02
1.5734600e-02
-3.4771350e-02
-6.7004120e-02
-7.4482300e-02
-7.2354040e-02
-6.4665970e-02
-6.3978700e-02
-7.7014260e-02
-9.0531030e-02
-9.9671230e-02
-9.6381120e-02
-6.9311460e-02
-2.4577920e-02
2.0839520e-02
4.3636520e-02
4.9602550e-02
5.4063610e-02
5.7037070e-02
6.1222970e-02
6.6159620e-02
5.8120890e-02
2.9795000e-02
-3.8652340e-03
-3.6262120e-02
-5.0281290e-02
-5.8276200e-02
-6.0634030e-02
-5.8339220e-02
-5.3693970e-02
-4.3058190e-02
-3.3994010e-02
-2.7357960e-02
-2.0909480e-02
-1.5113220e-02
-7.1994720e-03
1.0436650e-02
3.0517540e-02
5.0105280e-02
6.8005850e-02
7.6120800e-02
7.8369850e-02
7.2375910e-02
6.4836900e-02
5.9672710e-02
5.9649240e-02
6.5195660e-02
7.0918530e-02
7.7805250e-02
8.1220520e-02
7.4176730e-02
6.4526280e-02
5.2600930e-02
3.7944380e-02
2.9750390e-02
2.8658940e-02
3.1303870e-02
3.4508950e-02
3.8974260e-02
4.3858740e-02
4.4717060e-02
4.1421650e-02
3.6651030e-02
2.3453590e-02
9.8236970e-03
-3.8942250e-03
-1.8115260e-02
-3.2288300e-02
-4.6792800e-02
-6.0172230e-02
-6.9381650e-02
-7.8748550e-02
-8.7624290e-02
-9.3557650e-02
-9.3911890e-02
-8.8028760e-02
-7.8334510e-02
-5.9963700e-02
-4.2194560e-02
-2.3378390e-02
-4.3056420e-03
6.5033540e-03
1.3877290e-02
2.1950980e-02
2.5722380e-02
2.5360580e-02
2.3798840e-02
2.1084770e-02
1.7074070e-02
1.2981160e-02
9.3454860e-03
6.1026200e-03
3.9565440e-03
1.9884680e-03
1.3114160e-03
8.6600720e-04
-3.4177980e-04
-2.1015120e-03
-4.5177870e-03
-7.3207880e-03
-1.0311360e-02
-1.4038600e-02
-1.7079300e-02
-1.9182100e-02
-2.1558160e-02
-2.3836390e-02
-2.6026590e-02
-2.8201950e-02
-3.0741560e-02
-3.2232430e-02
-2.9153410e-02
-2.3976830e-02
-1.7511720e-02
-9.6580410e-03
-2.7999670e-03
1.4946450e-02
3.2727940e-02
5.0521950e-02
6.8837110e-02
8.7453810e-02
1.0678860e-01
1.1920730e-01
1.2375660e-01
1.3029190e-01
1.3579480e-01
1.3977950e-01
1.4261290e-01
1.4412260e-01
1.4478760e-01
1.4458200e-01
1.4223020e-01
1.3944820e-01
1.3695590e-01
1.3391850e-01
1.2735570e-01
1.1938370e-01
1.1216460e-01
1.0242170e-01
8.8570070e-02
7.5490960e-02
6.1970470e-02
4.8244500e-02
3.5666520e-02
2.3613320e-02
1.1425980e-02
-6.4206120e-04
-1.2694300e-02
-2.4761400e-02
-3.6820370e-02
-4.8892300e-02
-6.0981780e-02
-7.2952220e-02
-8.5042650e-02
-9.7649850e-02
-1.0719780e-01
-1.1219920e-01
-1.1828260e-01
-1.2375610e-01
-1.2968390e-01
-1.3534930e-01
-1.3801530e-01
-1.3999430e-01
-1.4137690e-01
-1.4165980e-01
-1.4116730e-01
-1.4089160e-01
-1.4051850e-01
-1.3903250e-01
-1.3673590e-01
-1.3453970e-01
-1.3221480e-01
-1.3010530e-01
-1.2812310e-01
-1.2599940e-01
-1.2407120e-01
-1.2187170e-01
-1.1783910e-01
-1.1310320e-01
-1.0875730e-01
-1.0389640e-01
-9.5773890e-02
-8.6571010e-02
-7.7368020e-02
-6.8506570e-02
-6.2392690e-02
-5.7450740e-02
-5.3907430e-02
-5.2075580e-02
-5.0857330e-02
-5.0620140e-02
-5.2972450e-02
-5.5788220e-02
-5.8521410e-02
-6.1912800e-02
-6.5248540e-02
-6.7675810e-02
-7.0377050e-02
-7.2988570e-02
-7.5104030e-02
-7.6365510e-02
-7.5954200e-02
-7.4724870e-02
-7.3543710e-02
-7.2384540e-02
-6.9988040e-02
-6.5867240e-02
-6.2042240e-02
-5.8251950e-02
-5.3365430e-02
-4.6602020e-02
-4.0172020e-02
-3.3569570e-02
-2.6873520e-02
-2.0204860e-02
-1.3541500e-02
-6.8725900e-03
-2.0271170e-04
6.4627600e-03
1.3130800e-02
1.9810990e-02
2.6455890e-02
3.3110700e-02
4.0243360e-02
4.7389430e-02
5.3068370e-02
5.7315830e-02
6.1315900e-02
6.3834740e-02
6.5811810e-02
6.5753990e-02
6.5209200e-02
6.2024900e-02
5.8202220e-02
5.1455900e-02
4.3800780e-02
3.6276270e-02
2.8533180e-02
2.0790220e-02
1.2880540e-02
5.4442250e-03
1.0283240e-04
-5.3482140e-03
-1.0958760e-02
-1.5487160e-02
-2.0997940e-02
-3.7885960e-02
-5.5022330e-02
-6.8058470e-02
-7.3137040e-02
-6.9904320e-02
-6.5972030e-02
-6.1107890e-02
-5.6227630e-02
-5.1716080e-02
-4.7129960e-02
-4.2602740e-02
-3.8091250e-02
-3.3443170e-02
-2.9299840e-02
-2.6733550e-02
-2.4573590e-02
-2.0117400e-02
-1.0955880e-02
1.0224800e-03
2.3004770e-02
3.7786220e-02
4.0056000e-02
3.7828880e-02
3.0912810e-02
1.8625810e-02
7.2590690e-03
-4.5166630e-05
-2.7355410e-03
-6.5093640e-03
-9.5500100e-03
-1.2484180e-02
-1.6089270e-02
-1.9725370e-02
-2.3442890e-02
-2.6916000e-02
-2.9230210e-02
-3.1228440e-02
-3.3312800e-02
-3.5278960e-02
-3.6553520e-02
-3.7146590e-02
-3.6578110e-02
-3.5879080e-02
-3.5288210e-02
-3.4563310e-02
-3.1583730e-02
-2.7161520e-02
-2.3615470e-02
-1.7640040e-02
-6.2275350e-03
4.6048990e-03
1.5672020e-02
2.7155450e-02
3.9815620e-02
5.2686120e-02
6.6000980e-02
7.8591000e-02
8.6042530e-02
9.3453390e-02
1.0085600e-01
1.0807480e-01
1.1352050e-01
1.1651580e-01
1.1868020e-01
1.1983880e-01
1.2031980e-01
1.2042080e-01
1.1875730e-01
1.1594300e-01
1.1372180e-01
1.1104320e-01
1.0335810e-01
9.4499760e-02
8.5960540e-02
7.6991710e-02
6.6826410e-02
5.5925870e-02
4.5077490e-02
3.4120700e-02
2.5043240e-02
1.6828190e-02
8.4177250e-03
2.0286330e-04
-7.9849890e-03
-1.6194470e-02
-2.4412760e-02
-3.2625010e-02
-4.0775600e-02
-4.9070810e-02
-5.7404490e-02
-6.3168770e-02
-6.6190570e-02
-6.7814960e-02
-6.8545480e-02
-6.6447010e-02
-6.1468140e-02
-5.7229140e-02
-5.2296650e-02
-4.3495680e-02
-3.4689140e-02
-2.5744660e-02
-1.6584530e-02
-9.1135160e-03
-2.3381100e-03
4.4788420e-03
1.1339680e-02
1.7809470e-02
2.1804070e-02
2.4678250e-02
2.7759820e-02
3.0626100e-02
3.3565280e-02
3.5989270e-02
3.8183250e-02
4.0520180e-02
4.2530730e-02
4.3857080e-02
4.5870980e-02
4.7274930e-02
4.7322640e-02
4.6606400e-02
4.5891310e-02
4.5178690e-02
4.3871200e-02
4.1582640e-02
3.9479580e-02
3.7251050e-02
3.4793050e-02
3.3132110e-02
3.2243430e-02
3.3119840e-02
3.4111510e-02
3.5788280e-02
3.7586010e-02
3.9298300e-02
4.1186820e-02
4.3260800e-02
4.2625230e-02
3.8346970e-02
3.2947100e-02
1.9135090e-02
4.1351410e-03
-1.6408750e-02
-4.2358570e-02
-6.6509740e-02
-8.7112010e-02
-1.0224110e-01
-1.1040960e-01
-1.1098330e-01
-1.0883990e-01
-1.0369640e-01
-7.8280180e-02
-5.2445820e-02
-2.6675260e-02
1.4472400e-03
2.8700960e-02
4.4322770e-02
5.7997700e-02
6.9769130e-02
7.1735080e-02
6.8238570e-02
6.0613910e-02
5.2178380e-02
4.1268700e-02
3.2668660e-02
2.6001330e-02
1.8794900e-02
1.1913370e-02
4.8093260e-03
-1.1353440e-03
-1.9501800e-03
4.1042820e-03
1.6782000e-02
2.8508110e-02
3.6523990e-02
4.4222680e-02
4.4815250e-02
4.1643620e-02
3.7991100e-02
3.2105450e-02
2.6210060e-02
2.0287400e-02
1.4182470e-02
8.2263060e-03
2.5318380e-03
-6.0173070e-03
-1.7655620e-02
-2.7410010e-02
-3.4854680e-02
-4.1341640e-02
-4.1659280e-02
-4.0927730e-02
-3.4814990e-02
-2.7890660e-02
-2.1006110e-02
-1.3735150e-02
-6.5017650e-03
6.8606170e-04
8.2866140e-03
1.5448060e-02
2.1551670e-02
2.4631340e-02
2.7654070e-02
3.0861820e-02
3.3878100e-02
3.5486140e-02
3.6377700e-02
3.6215960e-02
3.1383130e-02
2.5021900e-02
1.7264590e-02
6.5424640e-03
-3.1171660e-03
-1.0078920e-02
-1.6934900e-02
-2.2479300e-02
-2.7692990e-02
-3.1163070e-02
-3.3129660e-02
-3.5635250e-02
-3.5704470e-02
-3.4645190e-02
-3.0758200e-02
-2.3896570e-02
-1.7795110e-02
-1.3091290e-02
-9.9194890e-03
-9.6712040e-03
-8.8564180e-03
-9.2995850e-03
-9.8269600e-03
-8.4453130e-03
-6.2977520e-03
-1.3456460e-03
5.5854270e-03
1.3873330e-02
2.3251380e-02
3.2530750e-02
4.1941190e-02
5.1292060e-02
6.0848210e-02
7.0433900e-02
7.6572870e-02
8.0152230e-02
8.0951020e-02
7.7814880e-02
6.9390030e-02
5.2070880e-02
3.4157120e-02
9.3076350e-03
-1.1820670e-02
-2.5964650e-02
-3.9857000e-02
-4.3488520e-02
-4.3646170e-02
-4.2649800e-02
-3.9519920e-02
-3.5691270e-02
-3.1948320e-02
-2.8066180e-02
-2.3214030e-02
-1.7265570e-02
-1.2610440e-02
-9.5134320e-03
-6.5918120e-03
-4.8884100e-03
-2.9245200e-03
-1.1042500e-03
4.1006530e-04
9.0922580e-04
-8.9536390e-05
-3.0889300e-03
-7.0890230e-03
-9.4065690e-03
-1.2306340e-02
-1.5186170e-02
-1.7928940e-02
-2.0240790e-02
-2.2536820e-02
-2.6313140e-02
-3.0218380e-02
-3.4234660e-02
-3.8004030e-02
-3.9992990e-02
-4.1332990e-02
-4.2097360e-02
-4.1250770e-02
-3.8128250e-02
-3.5551940e-02
-3.2780030e-02
-2.6645140e-02
-1.8540190e-02
-1.0958090e-02
-2.6987920e-03
6.3927470e-03
1.2264830e-02
1.7732690e-02
2.3512840e-02
2.8906420e-02
3.2138090e-02
3.4959720e-02
3.7014220e-02
3.8100990e-02
3.9350300e-02
4.0527420e-02
4.2060840e-02
4.3932370e-02
4.7505350e-02
5.2611310e-02
5.7091730e-02
6.2598840e-02
6.9727850e-02
7.1351180e-02
7.3121230e-02
7.5047340e-02
7.6550560e-02
7.6608310e-02
7.5595310e-02
7.2808000e-02
6.8072110e-02
6.4003380e-02
5.9368550e-02
5.0963870e-02
4.2359140e-02
3.3754650e-02
2.4819460e-02
1.6303300e-02
8.2428840e-03
9.9247050e-05
-8.0235220e-03
-1.6246060e-02
-2.3581300e-02
-2.9583090e-02
-3.5775050e-02
-4.2025050e-02
-4.7827230e-02
-5.1141360e-02
-5.3220400e-02
-5.5574640e-02
-5.7831380e-02
-5.8844610e-02
-5.7014280e-02
-5.2164620e-02
-4.5688560e-02
-3.9380920e-02
-3.2769030e-02
-2.6113960e-02
-1.9490760e-02
-1.2944010e-02
-6.2333180e-03
9.2580180e-04
6.3173830e-03
1.1387830e-02
1.6570430e-02
2.1808370e-02
2.6120310e-02
2.8242660e-02
3.0599180e-02
3.2884660e-02
3.4734470e-02
3.5779910e-02
3.6339940e-02
3.5557860e-02
3.4568970e-02
3.3589340e-02
3.2491640e-02
3.1375570e-02
3.0581360e-02
2.9862350e-02
2.9160330e-02
2.8557620e-02
2.7057890e-02
2.4525170e-02
2.2239890e-02
2.0136150e-02
1.6661950e-02
8.3931270e-03
-4.3311850e-03
-2.7947510e-02
-5.0334530e-02
-6.8380030e-02
-7.7415500e-02
-8.3395030e-02
-8.1393120e-02
-6.4900350e-02
-4.2937440e-02
-2.4069110e-02
-8.3924000e-03
6.3646770e-03
1.9194820e-02
2.9148720e-02
3.5505560e-02
3.9185930e-02
4.3518400e-02
4.6403590e-02
4.6779770e-02
4.3224700e-02
3.6178950e-02
2.5052320e-02
1.3922150e-02
7.7030860e-03
4.3131240e-03
1.6634030e-03
-3.5722890e-04
-2.2430120e-03
-4.4165870e-03
-5.4369920e-03
-3.5870620e-03
-2.7087730e-03
-9.5043190e-04
2.8069910e-03
6.6519040e-03
9.5894270e-03
7.8017470e-03
4.2036800e-03
-2.3258810e-03
-8.3643320e-03
-1.2158370e-02
-1.5002200e-02
-1.7873750e-02
-2.0661340e-02
-2.1738620e-02
-2.0486290e-02
-1.7686000e-02
-1.3055660e-02
-9.5364810e-03
-6.8415010e-03
-3.3469710e-03
2.5551970e-03
8.5298110e-03
1.5140440e-02
2.0522030e-02
1.7431790e-02
8.4885110e-03
-1.9556790e-03
-1.3288090e-02
-2.1223130e-02
-2.7899620e-02
-3.1272750e-02
-2.8719380e-02
-2.0941970e-02
-1.1431130e-02
-4.2300960e-03
-3.4649880e-04
1.5561660e-03
3.8617910e-04
-3.7087280e-03
-8.0630970e-03
-1.2576550e-02
-1.7378240e-02
-2.1280290e-02
-2.3721110e-02
-2.4736740e-02
-2.4839750e-02
-2.3374930e-02
-1.9122630e-02
-1.2740860e-02
-6.5123800e-03
-1.5100960e-03
2.4169400e-03
3.7869980e-03
2.6446670e-03
4.5625290e-04
-2.0248750e-03
-1.3502910e-03
4.3306450e-03
1.0696750e-02
1.7358440e-02
2.1847520e-02
2.3743010e-02
2.6162800e-02
2.8171610e-02
3.0064520e-02
3.2589380e-02
3.3073400e-02
2.6026840e-02
1.3775530e-02
-1.5750330e-03
-1.4841580e-02
-2.8730740e-02
-3.8858390e-02
-4.6033630e-02
-5.2950090e-02
-5.5777670e-02
-5.7993880e-02
-5.6793930e-02
-5.4557810e-02
-4.9689340e-02
-4.2613450e-02
-3.1111340e-02
-1.6665430e-02
-6.8618640e-03
3.3370410e-03
1.2370510e-02
1.9903270e-02
2.3944900e-02
2.4181990e-02
2.1040920e-02
1.7215710e-02
1.1431300e-02
5.7890690e-03
-7.6383230e-04
-7.1830110e-03
-1.0993740e-02
-1.5216920e-02
-1.8572890e-02
-2.0873860e-02
-2.2557230e-02
-2.2121640e-02
-2.1156440e-02
-1.8462860e-02
-1.5323020e-02
-1.1109410e-02
-7.7399660e-03
-5.2429590e-03
-3.5299350e-03
-2.8092880e-03
-3.7434390e-03
-4.5644340e-03
-5.7634600e-03
-6.9849000e-03
-8.2099080e-03
-9.3941410e-03
-1.0675750e-02
-1.2038760e-02
-1.1742570e-02
-9.8856170e-03
-6.9052710e-03
-2.0773510e-03
2.4263920e-03
7.1027070e-03
1.1849810e-02
1.6660180e-02
2.1135850e-02
2.4894400e-02
2.9202120e-02
3.1789900e-02
3.2520790e-02
3.2384970e-02
2.9586030e-02
2.7115320e-02
2.4453460e-02
2.1666050e-02
1.9004060e-02
1.6165240e-02
1.2333120e-02
8.8918770e-03
4.9424940e-03
8.6281070e-04
-2.1811370e-03
-3.4841820e-03
-6.0337220e-03
-9.7484690e-03
-8.8237800e-03
-7.5181910e-03
-6.0939990e-03
-3.4119510e-03
6.5291660e-04
6.3631250e-03
1.1755890e-02
1.7338750e-02
2.2936920e-02
2.8746660e-02
3.4225490e-02
3.6968080e-02
3.9759460e-02
4.0966370e-02
4.0664830e-02
3.9318740e-02
3.6041040e-02
2.9041580e-02
2.1758780e-02
1.6567480e-02
1.0555040e-02
4.8107800e-03
-8.9698430e-04
-6.7342570e-03
-1.1405270e-02
-1.4827690e-02
-1.7782490e-02
-1.9958890e-02
-2.2151790e-02
-2.3956190e-02
-2.5532680e-02
-2.6167510e-02
-2.6564070e-02
-2.5588960e-02
-2.4260380e-02
-2.2562070e-02
-2.0946800e-02
-2.0357890e-02
-2.0821360e-02
-2.1964370e-02
-2.4958510e-02
-2.8558580e-02
-3.4377400e-02
-4.0047550e-02
-4.5779830e-02
-5.1889900e-02
-5.7348000e-02
-5.8992830e-02
-5.7030660e-02
-5.3530540e-02
-4.2168070e-02
-2.8347320e-02
-1.9341040e-02
-9.1332770e-03
-2.0129010e-03
2.9547570e-03
7.0584720e-03
8.8926500e-03
1.0819420e-02
1.1566260e-02
1.2303140e-02
1.2832300e-02
1.3215570e-02
1.4598750e-02
1.6404390e-02
1.8114250e-02
1.9898560e-02
2.1695740e-02
2.3673030e-02
2.5047140e-02
2.4164730e-02
2.2498940e-02
1.4855710e-02
6.6050640e-03
-1.5548040e-03
-1.0254860e-02
-1.9006890e-02
-2.5318370e-02
-2.7149250e-02
-2.4050960e-02
-1.8241590e-02
-1.1157640e-02
-3.6482490e-03
2.2496770e-03
6.3467070e-03
4.9365260e-03
7.9205940e-04
-5.4360680e-03
-1.3514110e-02
-1.9385050e-02
-2.3745870e-02
-2.5553700e-02
-2.3076220e-02
-1.6034980e-02
-5.6547500e-03
4.1850740e-03
1.4844680e-02
2.5275950e-02
3.0832000e-02
3.3668080e-02
3.1290210e-02
2.6641120e-02
2.1113990e-02
1.5138210e-02
1.0805400e-02
7.9437630e-03
4.7715770e-03
1.5770510e-03
-1.0897830e-03
-6.0444560e-04
1.5831150e-03
4.8546820e-03
8.6221040e-03
1.1494810e-02
1.2681090e-02
1.2672090e-02
1.2156790e-02
1.0807180e-02
7.5427990e-03
2.5968930e-03
-2.7701240e-03
-8.2203100e-03
-1.3946560e-02
-1.8299740e-02
-2.0025160e-02
-1.8664140e-02
-1.5328890e-02
-1.1714870e-02
-7.5081720e-03
-4.9010590e-03
-6.3722150e-03
-8.0869200e-03
-1.0194330e-02
-1.2479430e-02
-1.1799780e-02
-9.5334760e-03
-8.8612120e-03
-1.1911800e-02
-1.8614870e-02
-2.5796950e-02
-2.6405050e-02
-2.0163110e-02
-1.1972870e-02
-6.2772180e-03
-4.6524100e-03
-6.9598600e-03
-7.2904780e-03
-4.7167390e-03
-1.0871480e-03
2.8628880e-03
7.2702490e-03
1.0144980e-02
9.4572610e-03
6.3379910e-03
3.7884230e-03
6.3917090e-03
1.2423990e-02
1.6657650e-02
1.7334640e-02
1.3075950e-02
6.3739330e-03
2.3480210e-06
-7.2021850e-03
-1.4898800e-02
-1.9606300e-02
-2.0964100e-02
-1.9362650e-02
-1.5630100e-02
-1.1445300e-02
-7.2297620e-03
-1.9166100e-03
4.5136480e-03
1.0831320e-02
1.6981640e-02
2.0794880e-02
2.2270550e-02
2.1231620e-02
1.6416700e-02
8.2475770e-03
-9.8889870e-04
-1.0351970e-02
-1.6671900e-02
-1.9240820e-02
-1.4486230e-02
-2.6127430e-03
1.4037320e-02
2.3852190e-02
3.1180940e-02
3.4974310e-02
3.4001560e-02
2.7411330e-02
1.6413990e-02
4.7763540e-03
-4.9890510e-03
-1.0889000e-02
-1.3944710e-02
-1.3460770e-02
-1.0246170e-02
-6.3550150e-03
-3.5115320e-03
-3.7093500e-03
-6.4653820e-03
-1.1411060e-02
-1.4549560e-02
-1.6437820e-02
-1.7666300e-02
-1.9133640e-02
-2.1203350e-02
-2.3793200e-02
-2.6990000e-02
-2.8722100e-02
-2.9574080e-02
-2.8524540e-02
-2.5001670e-02
-2.0346490e-02
-1.5222680e-02
-9.9834720e-03
-4.7886780e-03
5.6388110e-04
7.2615850e-03
1.4102310e-02
2.0943500e-02
2.8089990e-02
3.4165470e-02
3.7947550e-02
4.0162690e-02
4.0954850e-02
4.0463000e-02
3.7092970e-02
3.3233400e-02
2.7755020e-02
2.2367800e-02
1.6882400e-02
1.1351660e-02
5.8098790e-03
2.3921840e-04
-4.9279450e-03
-9.6074020e-03
-1.3830630e-02
-1.6550060e-02
-1.8893820e-02
-1.8711980e-02
-1.8141280e-02
-1.6547330e-02
-1.4325380e-02
-1.2719700e-02
-1.1659600e-02
-1.1411840e-02
-1.2659490e-02
-1.4232370e-02
-1.7000760e-02
-1.9658200e-02
-2.2386150e-02
-2.5159860e-02
-2.7941990e-02
-3.0700700e-02
-3.3218480e-02
-3.5591270e-02
-3.6957870e-02
-3.6932920e-02
-3.5888100e-02
-3.1905690e-02
-2.7656530e-02
-2.1815430e-02
-1.5960100e-02
-1.0051480e-02
-4.1098640e-03
1.9121390e-03
7.9577830e-03
1.2648510e-02
1.6457530e-02
2.0560140e-02
2.4235510e-02
2.7793250e-02
3.1347810e-02
3.5076760e-02
3.8572180e-02
3.9211120e-02
3.7826070e-02
3.2335980e-02
2.1497450e-02
6.9272490e-03
-8.7633220e-03
-2.4431210e-02
-4.1136990e-02
-5.7674970e-02
-6.8213380e-02
-7.4580450e-02
-7.7861290e-02
-7.7176980e-02
-7.3613840e-02
-6.9831880e-02
-6.5859160e-02
-6.1689030e-02
-5.7552290e-02
-5.3507960e-02
-4.8246750e-02
-4.1259100e-02
-3.3218250e-02
-2.5401400e-02
-1.8611350e-02
-1.3445640e-02
-8.7262590e-03
-5.8137380e-03
-5.1120800e-03
-5.1025240e-03
-5.4742160e-03
-6.4460180e-03
-8.0651930e-03
-1.1561330e-02
-1.6348820e-02
-2.0902090e-02
-2.5836080e-02
-2.9933660e-02
-3.2241160e-02
-3.3646730e-02
-3.2875820e-02
-2.9587050e-02
-2.3945370e-02
-1.7900760e-02
-1.1773820e-02
-5.5396130e-03
1.0828340e-03
8.3553630e-03
1.5726380e-02
2.2889510e-02
2.6957290e-02
2.9821890e-02
3.0360550e-02
2.9039090e-02
2.6481370e-02
2.3155560e-02
1.9964400e-02
1.7283150e-02
1.5778000e-02
1.5073020e-02
1.5564350e-02
1.6582890e-02
1.7539840e-02
1.8672600e-02
1.9654510e-02
1.9818560e-02
1.9986210e-02
2.0114210e-02
2.0191960e-02
2.0393840e-02
1.9752050e-02
1.6976300e-02
1.3224050e-02
9.5608050e-03
7.2993490e-03
6.5670330e-03
6.7818950e-03
8.0504920e-03
8.9266980e-03
9.3340590e-03
8.1176400e-03
5.4227510e-03
2.7187350e-03
-1.8118750e-04
-3.2864670e-03
-4.7385930e-03
-4.6550570e-03
-4.9528710e-03
-5.0369410e-03
-5.0116120e-03
-5.1653110e-03
-6.2714360e-03
-7.5518100e-03
-8.8371370e-03
-1.0416240e-02
-1.0812280e-02
-9.3625130e-03
-8.4067140e-03
-7.1102080e-03
-5.4992170e-03
-3.9770380e-03
-2.0015650e-03
1.2510140e-04
1.3727580e-03
2.2821250e-03
2.6301760e-03
2.2208220e-03
1.9698360e-03
1.9393860e-03
2.0611550e-03
3.0134470e-03
4.1351550e-03
5.9838620e-03
8.1233020e-03
1.1407000e-02
1.5029600e-02
1.8602760e-02
2.2265250e-02
2.5930490e-02
2.9649430e-02
3.3189130e-02
3.5981970e-02
3.8649590e-02
4.0575510e-02
4.2446070e-02
4.4065990e-02
4.5248880e-02
4.6391790e-02
4.6772700e-02
4.6737250e-02
4.5313700e-02
4.3488170e-02
3.9778150e-02
3.5938260e-02
3.2075840e-02
2.8114270e-02
2.4130890e-02
2.0058440e-02
1.6704250e-02
1.4556740e-02
1.2864760e-02
1.2502820e-02
1.1995890e-02
1.1581370e-02
1.1232210e-02
1.0843190e-02
1.0440580e-02
1.0468920e-02
1.0794920e-02
1.1409980e-02
1.2967020e-02
1.5063910e-02
1.8402840e-02
2.1595850e-02
2.4884590e-02
2.8218490e-02
3.1552020e-02
3.4912100e-02
3.8001880e-02
4.0684570e-02
4.2680030e-02
4.3691210e-02
4.4668700e-02
4.5010330e-02
4.5366070e-02
4.5702230e-02
4.6016030e-02
4.6332080e-02
4.6608750e-02
4.7003790e-02
4.7691000e-02
4.7895950e-02
4.7546070e-02
4.7098010e-02
4.5955040e-02
4.4460910e-02
4.1445710e-02
3.8177060e-02
3.4017190e-02
2.9825120e-02
2.4335150e-02
1.7661020e-02
1.3153870e-02
9.0726610e-03
5.6567990e-03
4.0087330e-03
2.1157370e-03
-1.9847610e-04
-1.9663440e-03
-2.0731230e-03
-2.2875860e-03
-2.4324390e-03
-2.4725840e-03
-2.5211710e-03
-2.5480490e-03
-2.7657110e-03
-3.2888350e-03
-3.5652800e-03
-3.4417700e-03
-3.3888160e-03
-3.3002020e-03
-3.1881440e-03
-3.0820830e-03
-2.9774050e-03
-2.8715740e-03
-2.7657160e-03
-2.6597250e-03
-2.5544720e-03
-2.4504560e-03
-2.3386420e-03
-2.2413750e-03
-2.2311530e-03
-2.2207380e-03
-2.1887890e-03
-2.2550230e-03
-2.5476700e-03
-2.8157260e-03
-3.0979550e-03
-3.3933110e-03
-3.6862160e-03
-3.9781730e-03
-4.2704280e-03
-4.5632000e-03
-4.8559810e-03
-5.1474170e-03
-5.4394920e-03
-5.7397290e-03
-6.0066820e-03
-6.2055220e-03
-6.4484390e-03
-6.6908630e-03
-6.9023240e-03
-7.0287100e-03
-7.3635560e-03
-7.7110510e-03
-8.0192820e-03
-8.3824110e-03
-9.1731800e-03
-1.0119830e-02
-1.0953460e-02
-1.2003040e-02
-1.3998220e-02
-1.6001190e-02
-1.8019080e-02
-2.0105560e-02
-2.2186390e-02
-2.4260340e-02
-2.6337430e-02
-2.8414860e-02
-3.0491040e-02
-3.2571710e-02
-3.4641920e-02
-3.6707470e-02
-3.8849060e-02
-4.0761390e-02
-4.1803610e-02
-4.2699410e-02
-4.3671090e-02
-4.4553230e-02
-4.4470970e-02
-4.3918850e-02
-4.3428940e-02
-4.2953820e-02
-4.2170030e-02
-3.9989540e-02
-3.7760400e-02
-3.5586280e-02
-3.3014530e-02
-2.9724170e-02
-2.6520930e-02
-2.3268420e-02
-1.9974850e-02
-1.6688410e-02
-1.3406270e-02
-1.0121500e-02
-6.8374670e-03
-3.5520670e-03
-2.6629170e-04
3.0079800e-03
6.3030270e-03
9.6294500e-03
1.2589660e-02
1.5247440e-02
1.8026830e-02
2.0721690e-02
2.2752180e-02
2.4604170e-02
2.6463850e-02
2.8309250e-02
3.0244150e-02
3.1480760e-02
3.2422810e-02
3.3482890e-02
3.4451870e-02
3.4750030e-02
3.4757590e-02
3.4863190e-02
3.4903090e-02
3.3785560e-02
3.1032940e-02
2.6423430e-02
2.2025580e-02
1.7452490e-02
1.2618850e-02
7.4473730e-03
1.6678120e-03
-4.7399920e-03
-7.8067710e-03
-1.0294190e-02
-1.2364750e-02
-1.4278800e-02
-1.6201940e-02
-1.8012640e-02
-1.8869180e-02
-1.9025880e-02
-1.8427320e-02
-1.6511290e-02
-1.3906160e-02
-1.0074950e-02
-4.8813530e-03
8.2544410e-06
5.2424000e-03
1.0274030e-02
1.3007530e-02
1.5390610e-02
1.7849570e-02
2.0203680e-02
2.2038540e-02
2.3167910e-02
2.4505320e-02
2.5798170e-02
2.6820650e-02
2.6535900e-02
2.5477100e-02
2.3417140e-02
2.0404450e-02
1.7215740e-02
1.4618340e-02
1.3092680e-02
1.1161080e-02
9.9063460e-03
9.5280140e-03
8.9118380e-03
8.4466600e-03
7.9085900e-03
6.6861740e-03
5.3672930e-03
4.8157450e-03
5.7305100e-03
7.7233400e-03
1.0178640e-02
1.2022520e-02
1.3243520e-02
1.2536160e-02
8.6795580e-03
3.1057780e-03
-3.1327670e-03
-9.4852010e-03
-1.6130490e-02
-2.1520540e-02
-2.4919290e-02
-2.6785630e-02
-2.6300910e-02
-2.4007310e-02
-2.2065160e-02
-1.9645960e-02
-1.7405590e-02
-1.8328850e-02
-2.1066970e-02
-2.4707690e-02
-2.8804050e-02
-3.1774600e-02
-3.3478260e-02
-3.3550170e-02
-3.1680020e-02
-2.9223890e-02
-2.6775930e-02
-2.4136570e-02
-2.1704890e-02
-1.9518220e-02
-1.7219040e-02
-1.5053640e-02
-1.2827030e-02
-9.4312440e-03
-6.0599510e-03
-3.4842970e-03
-1.1749470e-03
5.3512300e-05
2.6793560e-05
-8.2675170e-04
-2.6138180e-03
-6.3933030e-03
-1.2043370e-02
-1.7590220e-02
-2.3407560e-02
-2.9191970e-02
-3.3373360e-02
-3.6314140e-02
-3.7054280e-02
-3.7503760e-02
-3.6662700e-02
-3.5228890e-02
-3.2200690e-02
-2.9289040e-02
-2.6199550e-02
-2.3075870e-02
-2.0915930e-02
-1.8983860e-02
-1.7001920e-02
-1.5103890e-02
-1.3212160e-02
-1.1319430e-02
-9.3647650e-03
-7.3799040e-03
-5.5732750e-03
-4.5553970e-03
-3.6027270e-03
-2.6494870e-03
-1.7625820e-03
-8.6952230e-04
4.9072970e-05
8.7084180e-04
1.5454120e-03
2.3398880e-03
2.9499640e-03
3.2779590e-03
2.8240980e-03
2.2813850e-03
1.7774840e-03
1.2727690e-03
1.0638200e-03
1.1996590e-03
1.2588950e-03
1.3595970e-03
1.4641120e-03
1.5939890e-03
1.7056380e-03
1.3994870e-03
9.5704350e-04
5.4278680e-04
9.1334410e-05
-3.5907530e-04
-8.3382460e-04
-1.2626090e-03
-1.3135620e-03
-1.2001730e-03
-3.1520140e-04
8.6697630e-04
3.0266250e-03
5.4472150e-03
7.6044560e-03
9.9619250e-03
1.1912490e-02
1.3030180e-02
1.3882860e-02
1.3695920e-02
1.3562950e-02
1.3379770e-02
1.3136810e-02
1.2922710e-02
1.2713710e-02
1.2215910e-02
1.1570800e-02
1.0846490e-02
9.4299900e-03
7.9678130e-03
5.8383130e-03
3.4195110e-03
4.5181550e-04
-2.5495740e-03
-5.5745750e-03
-8.6000830e-03
-1.1669380e-02
-1.4826880e-02
-1.7057790e-02
-1.8154810e-02
-1.8975650e-02
-1.8439530e-02
-1.7619230e-02
-1.5530790e-02
-1.3433310e-02
-1.1335370e-02
-9.1586250e-03
-7.4545510e-03
-6.3754940e-03
-5.8920050e-03
-6.4926250e-03
-7.5041310e-03
-9.7186880e-03
-1.1799180e-02
-1.3961660e-02
-1.6143860e-02
-1.8379290e-02
-2.0665180e-02
-2.1856570e-02
-2.2072350e-02
-2.1877950e-02
-2.0640210e-02
-1.9034880e-02
-1.6234280e-02
-1.2955530e-02
-7.7210450e-03
-2.4949110e-03
2.7934000e-03
8.1892390e-03
1.3576140e-02
1.9011260e-02
2.4236360e-02
2.8830070e-02
3.2985400e-02
3.5506680e-02
3.6416190e-02
3.7066180e-02
3.6607590e-02
3.6008400e-02
3.4558020e-02
3.2991670e-02
3.0292310e-02
2.6756930e-02
2.3280700e-02
1.9258750e-02
1.4991660e-02
