0.01
-6.7052190e-03
-1.2748350e-02
-1.4496200e-02
-9.2646000e-03
-2.8417000e-03
-1.2890100e-03
-4.0896910e-03
-5.4653390e-03
-7.4464690e-03
-6.3735480e-03
-3.8405320e-03
5.6700450e-04
4.6410930e-03
3.9073050e-03
2.8006520e-03
6.6968300e-03
1.2068390e-02
1.6990340e-02
1.9195550e-02
1.6722340e-02
6.1936800e-03
-4.3419040e-03
-1.0517690e-02
-1.8901170e-02
-3.0653070e-02
-3.5004430e-02
-2.8643330e-02
-1.3282670e-02
3.0352970e-03
8.8945460e-03
5.6488060e-03
-9.4520640e-03
-2.8860380e-02
-2.5083450e-02
1.1441640e-02
4.0973150e-02
4.5174700e-02
3.3356700e-02
1.8127470e-02
1.6356320e-03
-1.9378940e-02
-3.0339420e-02
-3.2398060e-02
-2.8823410e-02
-1.9193280e-02
-6.3905330e-03
9.1609670e-03
2.3286450e-02
2.7494440e-02
2.7287450e-02
3.1488930e-02
3.9838540e-02
3.9220860e-02
2.6306210e-02
1.2856320e-02
8.4908770e-04
-7.3367300e-03
-2.1638750e-02
-4.0128690e-02
-5.8907180e-02
-7.1962130e-02
-7.1364760e-02
-6.4090280e-02
-4.9832820e-02
-3.2069060e-02
-1.5653270e-02
-5.4003410e-03
3.6645880e-03
1.0463250e-02
1.4469890e-02
1.6317820e-02
1.5870960e-02
1.2170760e-02
9.8695880e-03
1.3473870e-02
1.8420940e-02
2.1466540e-02
1.5861890e-02
6.2612470e-03
2.5263110e-03
2.9878770e-03
1.8240460e-03
-5.7332350e-03
-1.3606590e-02
-1.8033840e-02
-1.6934090e-02
-1.1511670e-02
-4.7049220e-03
-3.4931780e-04
9.2962930e-03
2.6941080e-02
4.1223830e-02
4.6965610e-02
3.9530110e-02
2.7747310e-02
1.8719190e-02
1.0431970e-02
2.4200320e-03
-3.3184470e-03
-8.7831250e-03
-1.3912420e-02
-1.8851870e-02
-2.1488180e-02
-2.0811100e-02
-1.8731690e-02
-1.3390810e-02
-7.2537840e-03
-9.8474630e-04
3.3513050e-03
3.5015910e-03
3.8536110e-04
-3.8347320e-03
-1.0939870e-02
-1.8812650e-02
-2.6788080e-02
-3.0563910e-02
-2.9185010e-02
-2.7716380e-02
-2.4888880e-02
-2.0736810e-02
-1.4219020e-02
-6.0342490e-03
7.2892020e-03
2.4625520e-02
3.7371080e-02
4.2567640e-02
3.9884390e-02
3.3644890e-02
2.6492790e-02
1.8246160e-02
1.2059000e-02
7.4190640e-03
3.2774620e-03
2.4166590e-04
-3.9205420e-03
-1.0879530e-02
-1.8207720e-02
-2.5719640e-02
-3.0806730e-02
-3.0039160e-02
-2.2162300e-02
-9.9525280e-03
1.4479890e-03
3.4245840e-03
-1.2591230e-03
-6.2378930e-03
-1.1973690e-02
-1.5429190e-02
-1.3622170e-02
-8.8549080e-03
-3.5518550e-03
1.4286910e-03
8.0656460e-04
-2.4116520e-03
-5.3034740e-03
-8.5681540e-03
-1.2155050e-02
-1.4566510e-02
-1.2876950e-02
-5.1957310e-03
4.4853460e-03
1.0791960e-02
1.6147510e-02
1.9691140e-02
1.8596360e-02
1.4966010e-02
1.1816810e-02
1.1064490e-02
1.0293170e-02
5.1198200e-03
-8.2659100e-04
-6.7840800e-03
-1.1716850e-02
-1.2812450e-02
-7.6413980e-03
2.8093750e-03
1.1790620e-02
1.3192170e-02
9.1327580e-03
-1.4209990e-03
-1.2673010e-02
-2.3477850e-02
-3.3130060e-02
-3.7453140e-02
-3.4941880e-02
-2.2911360e-02
-9.5261130e-03
-7.3726460e-04
3.4701260e-03
4.8249080e-03
7.0363620e-03
1.0091200e-02
1.3142450e-02
1.6235970e-02
1.6629780e-02
1.4496010e-02
1.1560120e-02
7.2614370e-03
2.9817670e-03
-1.3341410e-03
-5.6941070e-03
-1.0193670e-02
-1.4419100e-02
-1.7150790e-02
-1.9329130e-02
-1.9017930e-02
-1.4149150e-02
-6.7657780e-03
4.7896630e-04
7.9254240e-03
1.5451350e-02
2.3363670e-02
3.0457630e-02
3.2195510e-02
2.7979170e-02
2.1648390e-02
1.0058250e-02
-3.9028440e-03
-1.6198530e-02
-2.2892120e-02
-2.3220730e-02
-1.9243270e-02
-1.5515090e-02
-1.3816860e-02
-1.3695420e-02
-1.2705820e-02
-1.0294670e-02
-6.0417470e-03
2.6732880e-04
6.6610710e-03
1.3524600e-02
1.6629090e-02
1.2364060e-02
5.5191410e-03
7.6249980e-04
1.8637970e-03
9.8495410e-03
1.8546770e-02
2.3632540e-02
2.1292330e-02
1.3974410e-02
4.1330350e-03
-9.2212420e-03
-2.2770930e-02
-3.0841630e-02
-3.2419820e-02
-3.2507490e-02
-3.2079440e-02
-3.3212800e-02
-3.6145740e-02
-3.6484880e-02
-3.2319100e-02
-2.7935240e-02
-2.2422840e-02
-1.6044790e-02
-1.2272020e-02
-9.8009010e-03
-7.1925530e-03
-4.9869030e-03
-2.2854000e-03
1.8666020e-03
5.6663770e-03
5.1076280e-03
5.1020810e-04
-4.3708010e-03
-8.9816250e-03
-9.8013250e-03
-9.1631270e-03
-8.2347080e-03
-7.7852670e-03
-1.1880060e-02
-1.7952550e-02
-2.5710170e-02
-3.5008490e-02
-3.7900740e-02
-3.1507690e-02
-2.3036210e-02
-1.4084020e-02
-4.9658120e-03
-1.9864840e-05
2.5816320e-03
5.4224850e-03
7.8624910e-03
1.0652750e-02
1.4494190e-02
1.6584170e-02
1.3665830e-02
8.7341000e-03
5.3889770e-03
4.0024830e-03
5.2393710e-03
7.5745790e-03
1.0010270e-02
1.2585650e-02
1.5182290e-02
1.7760700e-02
2.0458880e-02
2.2984800e-02
2.4166850e-02
2.4826350e-02
2.5402190e-02
2.6459760e-02
2.9061830e-02
3.1803480e-02
3.4566690e-02
3.7415740e-02
4.0242550e-02
4.3064110e-02
4.6050230e-02
4.8583050e-02
4.9068490e-02
4.8086850e-02
4.6894920e-02
4.5786740e-02
4.3948910e-02
4.0286200e-02
3.6489740e-02
3.2744140e-02
2.8719440e-02
2.3978160e-02
1.9151520e-02
1.4330890e-02
9.4679950e-03
4.5897080e-03
-2.6990470e-04
-5.0954940e-03
-1.0023750e-02
-1.4984950e-02
-1.8648230e-02
-2.0424960e-02
-2.1316200e-02
-2.0874470e-02
-1.8329690e-02
-1.5467070e-02
-1.2575850e-02
-9.4133000e-03
-6.3385920e-03
-3.5413060e-03
-5.9785760e-04
2.2329840e-03
3.5187070e-03
2.7604850e-03
-7.4168830e-04
-4.5928410e-03
-8.5893840e-03
-1.3262100e-02
-1.7280910e-02
-1.9509380e-02
-2.0738440e-02
-2.1050380e-02
-1.9827130e-02
-1.8233260e-02
-1.6731810e-02
-1.4797420e-02
-1.2134840e-02
-1.0385000e-02
-9.8927550e-03
-9.3029350e-03
-8.7185790e-03
-8.3132620e-03
-8.4042090e-03
-8.4260400e-03
-8.4874440e-03
-8.5948970e-03
-8.0957640e-03
-6.9509180e-03
-5.8754650e-03
-4.7775040e-03
-3.6776900e-03
-2.4357250e-03
-1.2582500e-03
-1.6826480e-03
-3.3371480e-03
-4.8428910e-03
-6.4589010e-03
-8.1349170e-03
-9.7985950e-03
-1.1450480e-02
-1.3111980e-02
-1.4787240e-02
-1.6372480e-02
-1.7775280e-02
-1.9135940e-02
-2.0444720e-02
-2.2203100e-02
-2.4607430e-02
-2.6931450e-02
-2.9293540e-02
-3.1691800e-02
-3.4075680e-02
-3.6432800e-02
-3.8879580e-02
-4.1305000e-02
-4.2559390e-02
-4.2512820e-02
-4.1892320e-02
-4.3118410e-02
-4.5807490e-02
-4.3554260e-02
-3.4714090e-02
-1.9585090e-02
-4.6452420e-03
8.2715820e-03
1.9467160e-02
3.0708380e-02
4.0003770e-02
4.5297740e-02
5.1232880e-02
5.8941070e-02
6.6611850e-02
6.7524680e-02
6.2293040e-02
5.0554610e-02
2.6398040e-02
-3.4407990e-03
-2.7098550e-02
-3.2828330e-02
-2.9412010e-02
-1.8873460e-02
-7.6062110e-03
7.0867510e-03
2.5171170e-02
2.9542970e-02
2.6821540e-02
2.8435760e-02
3.3388730e-02
3.5064360e-02
2.7519930e-02
1.7327370e-02
6.5983950e-03
-2.5031500e-03
-3.1319310e-03
9.1010670e-04
4.7518590e-03
4.7706320e-03
-1.4133140e-03
-1.5656510e-02
-3.3547470e-02
-5.0339890e-02
-5.7116910e-02
-5.5299140e-02
-4.5310220e-02
-2.4152990e-02
4.5006610e-03
3.5231740e-02
6.0540780e-02
7.5857900e-02
9.5189910e-02
1.2162130e-01
1.4031850e-01
1.5040210e-01
1.5465980e-01
1.5282630e-01
1.4230440e-01
1.1779830e-01
8.6768160e-02
6.3479330e-02
4.5529150e-02
3.5317750e-02
3.1482660e-02
3.5717070e-02
4.7557840e-02
6.1795340e-02
7.1397300e-02
7.2221980e-02
7.0918660e-02
7.2282780e-02
7.8939670e-02
9.3203300e-02
1.0948980e-01
1.0654390e-01
7.2077710e-02
3.4656220e-02
-3.9167660e-03
-4.1901230e-02
-7.3881440e-02
-1.0125340e-01
-1.2362970e-01
-1.3393620e-01
-1.5274200e-01
-1.8421810e-01
-2.1241840e-01
-2.2955790e-01
-2.2814130e-01
-1.8677940e-01
-1.2839250e-01
-7.1947910e-02
-1.8934120e-02
4.3312830e-02
1.2205350e-01
1.4659260e-01
1.5038670e-01
1.4143680e-01
1.1782490e-01
9.4239580e-02
7.0268520e-02
4.5638930e-02
2.0028110e-02
-1.0746490e-03
-1.1630410e-02
-2.3813940e-02
-4.6483330e-02
-7.0662530e-02
-9.5293300e-02
-1.2033980e-01
-1.3635060e-01
-1.4050590e-01
-1.3023230e-01
-1.0689280e-01
-8.7077700e-02
-6.7935140e-02
-5.4416540e-02
-4.5751200e-02
-4.1440520e-02
-4.0518960e-02
-3.9884050e-02
-3.7773550e-02
-3.2271460e-02
-2.1722410e-02
5.6796470e-03
3.2191500e-02
4.2387420e-02
4.6791300e-02
4.4538010e-02
3.6972080e-02
2.9515140e-02
2.1766180e-02
1.3866910e-02
5.8709350e-03
-2.0375340e-03
-8.8074950e-03
-1.5154130e-02
-2.3429060e-02
-3.3093930e-02
-3.7518640e-02
-3.1745260e-02
-1.6243460e-02
8.5869180e-04
1.7024010e-02
2.5667090e-02
2.6019370e-02
1.8057140e-02
8.1435130e-03
-1.9367820e-03
-1.2832120e-02
-2.3411980e-02
-2.8253350e-02
-2.5415830e-02
-1.0520700e-02
7.0983990e-03
1.9822030e-02
2.7325190e-02
2.8067090e-02
2.4134270e-02
1.9033770e-02
1.0340310e-02
1.2794730e-03
-7.8062840e-03
-1.7528860e-02
-2.5976910e-02
-2.8732300e-02
-2.8879280e-02
-2.8734610e-02
-2.9510480e-02
-3.1596950e-02
-3.7887490e-02
-4.6060920e-02
-5.2141850e-02
-5.7390010e-02
-6.1698770e-02
-6.2761680e-02
-6.0439300e-02
-5.3608870e-02
-4.2497210e-02
-2.6069450e-02
-1.0698650e-02
3.4778540e-03
1.6547720e-02
2.4195390e-02
3.0405240e-02
3.4306780e-02
3.4537010e-02
3.4645460e-02
3.4667380e-02
3.4518200e-02
3.4359060e-02
3.4249470e-02
3.4132390e-02
3.4124840e-02
3.5582240e-02
4.0924200e-02
4.6519710e-02
5.1976380e-02
5.7631690e-02
6.3306300e-02
6.8943610e-02
7.4579540e-02
8.0223020e-02
8.5861870e-02
9.1501760e-02
9.7158620e-02
1.0278320e-01
1.0836430e-01
1.1435830e-01
1.2109600e-01
1.2781790e-01
1.3443870e-01
1.4152090e-01
1.4932500e-01
1.5467550e-01
1.5760600e-01
1.6093010e-01
1.6438030e-01
1.6653340e-01
1.6521760e-01
1.6314540e-01
1.6152570e-01
1.5871930e-01
1.5151540e-01
1.4376710e-01
1.3834400e-01
1.3291320e-01
1.2740570e-01
1.2230390e-01
1.1718010e-01
1.1114300e-01
1.0531000e-01
9.9325520e-02
9.1687340e-02
8.3169440e-02
7.4762360e-02
6.6249680e-02
5.7692950e-02
4.9148520e-02
4.0610450e-02
3.2069160e-02
2.3526980e-02
1.4983950e-02
6.4452720e-03
-2.0917540e-03
-1.0646050e-02
-1.9201670e-02
-2.7667700e-02
-3.6212540e-02
-4.5156150e-02
-5.2613930e-02
-5.5536190e-02
-5.7277940e-02
-5.7756910e-02
-5.3615130e-02
-4.6149870e-02
-3.8821070e-02
-2.6039130e-02
-1.0427840e-02
4.4250290e-03
1.9199430e-02
2.9987650e-02
3.8622400e-02
4.7583890e-02
5.6541240e-02
6.3825370e-02
6.8078040e-02
7.1907530e-02
7.4803230e-02
7.6592580e-02
7.7317720e-02
7.7221360e-02
7.6348440e-02
7.5339800e-02
7.4288970e-02
7.3282560e-02
7.2334600e-02
7.0869760e-02
6.9282220e-02
6.7712650e-02
6.6263970e-02
6.4864270e-02
6.3329010e-02
6.1906600e-02
6.0405280e-02
5.7990850e-02
5.5110830e-02
5.2464730e-02
4.9764360e-02
4.4959760e-02
3.8070660e-02
3.1489800e-02
2.4633320e-02
1.5561350e-02
5.1517710e-03
-4.9121810e-03
-1.4234390e-02
-2.6871150e-02
-4.8370400e-02
-6.7427910e-02
-8.0627420e-02
-9.4041070e-02
-1.0526070e-01
-1.1539310e-01
-1.2561970e-01
-1.3565690e-01
-1.4567810e-01
-1.5629220e-01
-1.6543480e-01
-1.6779880e-01
-1.6666060e-01
-1.6514860e-01
-1.6338770e-01
-1.6147870e-01
-1.5825000e-01
-1.4853170e-01
-1.1959910e-01
-8.7327550e-02
-5.5197560e-02
-2.3850620e-02
1.0785590e-02
5.9536100e-02
9.5037640e-02
1.0098680e-01
1.0428480e-01
1.0073960e-01
9.1973140e-02
8.3821570e-02
8.2542810e-02
8.5949560e-02
8.9911860e-02
9.6141980e-02
1.0066650e-01
1.0177410e-01
1.0301590e-01
1.0412880e-01
1.0553100e-01
1.0602740e-01
1.0045410e-01
8.8425130e-02
6.4828500e-02
2.8173170e-02
-4.5647190e-03
-3.3768080e-02
-5.7610790e-02
-7.7907540e-02
-9.5374250e-02
-1.0437420e-01
-1.1269210e-01
-1.2113950e-01
-1.2832060e-01
-1.3316470e-01
-1.3780770e-01
-1.4259010e-01
-1.4710840e-01
-1.4994570e-01
-1.5151280e-01
-1.5245910e-01
-1.5213170e-01
-1.4964690e-01
-1.4696790e-01
-1.4448330e-01
-1.4030460e-01
-1.3339310e-01
-1.2663450e-01
-1.1976700e-01
-1.1275770e-01
-1.0576020e-01
-9.8797300e-02
-9.1743580e-02
-8.4833640e-02
-7.8854970e-02
-7.3377120e-02
-6.7804680e-02
-6.2134630e-02
-5.7524720e-02
-5.5006540e-02
-5.3352490e-02
-5.2648980e-02
-5.2927840e-02
-5.4685780e-02
-5.6751100e-02
-5.8869530e-02
-6.0977350e-02
-6.2601210e-02
-6.3900670e-02
-6.5291540e-02
-6.6669010e-02
-6.7271340e-02
-6.6918990e-02
-6.6554680e-02
-6.6164330e-02
-6.5616100e-02
-6.4888500e-02
-6.4170650e-02
-6.3425830e-02
-6.2740110e-02
-6.2213490e-02
-6.1493410e-02
-6.0779170e-02
-6.0131190e-02
-5.9367930e-02
-5.7979530e-02
-5.6453690e-02
-5.4902750e-02
-5.3524790e-02
-5.2585760e-02
-5.1661420e-02
-5.0747790e-02
-4.9856030e-02
-4.8965630e-02
-4.8072880e-02
-4.7179190e-02
-4.6285000e-02
-4.5392300e-02
-4.4506580e-02
-4.3606020e-02
-4.2681520e-02
-4.1888230e-02
-4.1266570e-02
-4.0122900e-02
-3.9061560e-02
-3.8041660e-02
-3.5834150e-02
-3.2391460e-02
-2.9096250e-02
-2.5758250e-02
-2.2335910e-02
-1.8432020e-02
-1.4168840e-02
-9.8384280e-03
-5.5337140e-03
-2.4708190e-03
-4.9994420e-04
1.4751890e-03
3.4267250e-03
4.9957690e-03
6.0409600e-03
7.1554620e-03
8.2424700e-03
9.2398620e-03
1.0299750e-02
1.1767280e-02
1.3147940e-02
1.4502320e-02
1.7018740e-02
2.0745620e-02
2.4342980e-02
2.7992980e-02
3.1626340e-02
3.5497160e-02
3.9201810e-02
3.9205640e-02
3.2771770e-02
2.3976060e-02
1.3425400e-02
2.2403740e-03
-8.9088610e-03
-1.9275560e-02
-2.9098190e-02
-3.8139880e-02
-4.6281350e-02
-5.0951670e-02
-5.5043380e-02
-5.6535500e-02
-5.5231480e-02
-5.2896090e-02
-4.7794680e-02
-4.1714130e-02
-3.3931620e-02
-2.6592980e-02
-1.6589670e-02
1.1115210e-03
2.0360960e-02
4.1333300e-02
5.9032930e-02
6.8375520e-02
7.1630770e-02
6.9299970e-02
6.4844730e-02
5.8695040e-02
5.1110060e-02
4.2532110e-02
3.2364370e-02
2.2322460e-02
1.2051700e-02
1.9770070e-03
-6.5207300e-03
-1.4385910e-02
-1.8709540e-02
-1.7652490e-02
-1.4668170e-02
-1.1214270e-02
-7.1980440e-03
-2.9936140e-03
2.1076780e-03
7.7401500e-03
1.4021820e-02
2.1284290e-02
3.1235240e-02
4.3492730e-02
5.1982040e-02
5.7597760e-02
5.9045840e-02
5.0505690e-02
3.6699450e-02
1.6213340e-02
-6.3489660e-03
-2.5527050e-02
-4.5210630e-02
-5.9268420e-02
-6.6407650e-02
-6.8228130e-02
-6.5041760e-02
-6.0526960e-02
-5.6190730e-02
-5.2364920e-02
-5.0497220e-02
-4.9886220e-02
-4.8584730e-02
-4.6818410e-02
-4.4208940e-02
-3.9768320e-02
-3.4219630e-02
-2.7127250e-02
-1.9544360e-02
-8.6278690e-03
2.4631030e-03
1.1107020e-02
1.9142900e-02
2.5469390e-02
3.0300520e-02
3.6619470e-02
4.3911070e-02
5.1030240e-02
5.8179950e-02
6.5378020e-02
7.2950570e-02
7.9608260e-02
8.1071380e-02
7.6437860e-02
6.7933210e-02
5.1403190e-02
3.3465380e-02
1.5435410e-02
-3.6189800e-03
-2.0600310e-02
-2.9681920e-02
-3.4221440e-02
-3.5849260e-02
-3.4832460e-02
-3.2582130e-02
-2.7672610e-02
-2.2192550e-02
-1.6851970e-02
-1.1097870e-02
-2.4108730e-03
7.3220270e-03
1.6888060e-02
2.6513450e-02
3.6762890e-02
4.7994200e-02
5.7950140e-02
6.5304950e-02
7.1929400e-02
7.3129020e-02
6.7755010e-02
5.9491890e-02
4.4196770e-02
2.7458120e-02
1.3996130e-02
1.5375100e-03
-6.8373830e-03
-1.0202190e-02
-1.1975310e-02
-1.6260540e-02
-2.3375460e-02
-3.1995940e-02
-4.3528680e-02
-5.3686970e-02
-6.1000810e-02
-6.7553820e-02
-7.1773080e-02
-7.5346850e-02
-7.7252060e-02
-7.6954500e-02
-7.5573500e-02
-7.1946910e-02
-6.6565900e-02
-5.7960840e-02
-4.5730620e-02
-3.1303730e-02
-1.2975300e-02
5.0210590e-03
2.3117470e-02
4.2037550e-02
6.2362790e-02
8.3159940e-02
1.0418440e-01
1.1932780e-01
1.2577220e-01
1.2952020e-01
1.3124260e-01
1.3086470e-01
1.2894720e-01
1.2438380e-01
1.1937860e-01
1.1462170e-01
1.0941670e-01
1.0144240e-01
9.2705480e-02
8.4215850e-02
7.3354650e-02
6.0212590e-02
4.7708350e-02
3.4604480e-02
2.1803540e-02
1.1789340e-02
1.8418620e-03
-8.5084670e-03
-1.7192620e-02
-2.1348820e-02
-2.4811040e-02
-2.8149560e-02
-3.0719230e-02
-3.4690040e-02
-4.4368970e-02
-5.4868640e-02
-6.5263620e-02
-7.5992450e-02
-8.7072590e-02
-9.7259960e-02
-1.0384480e-01
-1.0817380e-01
-1.1116540e-01
-1.1269090e-01
-1.1328550e-01
-1.1307620e-01
-1.1094810e-01
-1.0699260e-01
-1.0353190e-01
-9.9423850e-02
-9.2001510e-02
-8.3949910e-02
-7.5977180e-02
-6.7808060e-02
-5.9593480e-02
-5.1449930e-02
-4.3284020e-02
-3.4908240e-02
-2.7133190e-02
-2.1592650e-02
-1.6375790e-02
-1.1463190e-02
-6.1500260e-03
2.4182200e-03
1.1674530e-02
2.0834520e-02
3.0112940e-02
3.9667540e-02
4.9186890e-02
5.5714570e-02
5.8317110e-02
5.9085080e-02
5.8240620e-02
5.7133900e-02
5.5902880e-02
5.4413980e-02
5.3483060e-02
5.3718730e-02
5.4001700e-02
5.4310120e-02
5.4674410e-02
5.5035460e-02
5.5427480e-02
5.5803990e-02
5.5663590e-02
5.4801320e-02
5.2837840e-02
4.9132540e-02
4.5458290e-02
4.1833440e-02
3.6351450e-02
2.8499650e-02
2.0664300e-02
1.2589710e-02
5.5586720e-03
2.6882790e-04
-5.0837190e-03
-1.0286770e-02
-1.5870510e-02
-2.1850670e-02
-2.5874070e-02
-3.0005220e-02
-3.4255540e-02
-3.7697310e-02
-3.9872010e-02
-4.2391100e-02
-4.4502070e-02
-4.4570750e-02
-4.0920490e-02
-3.3560910e-02
-2.1836670e-02
-7.1276100e-03
5.5604720e-03
1.0324100e-02
9.7849980e-03
8.0747570e-03
5.3125730e-03
-2.8871810e-03
-1.5677760e-02
-2.5058300e-02
-2.4388100e-02
-1.3349690e-02
9.7983450e-05
1.0579330e-02
9.4321640e-03
9.8599240e-05
-9.4537910e-03
-1.8123880e-02
-2.1707700e-02
-1.9473820e-02
-1.1272900e-02
1.0336070e-03
1.3261430e-02
2.6584410e-02
3.7415360e-02
3.9298330e-02
3.6724100e-02
3.1507420e-02
2.7508020e-02
2.6377250e-02
2.6592640e-02
2.6586230e-02
2.5014660e-02
2.0390970e-02
1.4608200e-02
7.3143240e-03
-2.5705620e-03
-1.3377190e-02
-2.3564790e-02
-3.0941610e-02
-3.6445710e-02
-3.8405260e-02
-3.4329810e-02
-2.9443560e-02
-2.4488180e-02
-1.9169940e-02
-1.4165280e-02
-1.1270140e-02
-1.3913440e-02
-2.0377680e-02
-2.5472960e-02
-2.8875690e-02
-2.6374360e-02
-1.8828350e-02
-7.2526890e-03
7.1733150e-03
2.1365760e-02
3.0628280e-02
3.8276490e-02
4.5510450e-02
5.0996630e-02
5.5343460e-02
5.6838260e-02
5.2965190e-02
4.6507070e-02
3.8473910e-02
2.9274500e-02
2.2470330e-02
1.6795400e-02
1.2262840e-02
1.1507640e-02
1.3396710e-02
1.5626250e-02
1.2736180e-02
5.1383830e-03
-1.4489300e-03
-4.8127760e-03
-3.5900140e-03
-1.5116640e-04
2.4509240e-03
-7.3195060e-04
-8.9824000e-03
-1.9522610e-02
-2.9035110e-02
-3.5818260e-02
-3.6717220e-02
-3.2844660e-02
-2.4697310e-02
-1.5905780e-02
-2.3153770e-03
1.5505230e-02
2.8677870e-02
3.8406110e-02
4.5119670e-02
5.0400530e-02
4.6882010e-02
4.0066510e-02
3.1311130e-02
2.1984070e-02
1.2430350e-02
3.1981060e-03
-3.7569950e-03
-8.6056380e-03
-1.2592120e-02
-1.5024410e-02
-1.6871800e-02
-1.7387340e-02
-1.7526530e-02
-1.6850740e-02
-1.6055830e-02
-1.5256450e-02
-1.4357920e-02
-1.3470020e-02
-1.3119820e-02
-1.4110240e-02
-1.7125840e-02
-2.0067280e-02
-2.2833370e-02
-2.5075370e-02
-2.4687640e-02
-2.2529430e-02
-1.6395740e-02
-8.6501990e-03
-1.1410330e-03
6.7931960e-03
1.5296880e-02
2.0807160e-02
2.0058010e-02
1.8285670e-02
1.7194490e-02
1.6806180e-02
1.6545970e-02
1.5142850e-02
1.1178910e-02
6.8178900e-03
1.2378730e-03
-4.7338490e-03
-1.0679970e-02
-1.6604090e-02
-2.2691800e-02
-2.8950350e-02
-3.3178770e-02
-3.3740190e-02
-3.2752000e-02
-2.8952110e-02
-2.2767860e-02
-1.6539660e-02
-9.6605160e-03
-3.4967440e-03
1.2566810e-03
5.9104430e-03
8.0580240e-03
8.2115010e-03
8.8039720e-03
9.5504370e-03
1.1065780e-02
1.4836260e-02
1.9558980e-02
2.7365710e-02
3.6074260e-02
4.4535160e-02
5.2563740e-02
5.8817040e-02
6.3564000e-02
6.6727100e-02
6.7059080e-02
6.4308890e-02
5.7583370e-02
4.8684500e-02
3.5120860e-02
2.1140430e-02
7.6675030e-03
-3.1043850e-03
-1.1498750e-02
-1.6969510e-02
-2.0229910e-02
-2.1934660e-02
-2.2966940e-02
-2.2263710e-02
-2.0832050e-02
-1.7467920e-02
-1.3214760e-02
-7.5935030e-03
-1.3604780e-03
4.8596790e-03
1.1133450e-02
1.7388320e-02
2.3773060e-02
3.0209430e-02
3.5074150e-02
3.8033340e-02
4.0682680e-02
4.0398140e-02
3.7464490e-02
3.3599260e-02
2.7692020e-02
2.1600440e-02
1.5466540e-02
9.2755400e-03
3.0697270e-03
-3.2688600e-03
-9.5063260e-03
-1.4991650e-02
-1.9879310e-02
-2.1777520e-02
-2.2411910e-02
-2.1827900e-02
-2.0649250e-02
-1.9966630e-02
-1.9788740e-02
-1.9542250e-02
-1.9199740e-02
-1.7864930e-02
-1.4454320e-02
-1.0999680e-02
-7.4665360e-03
-3.7405720e-03
-3.4108030e-04
2.2459890e-03
3.7789270e-03
1.4621490e-03
-2.6032230e-03
-9.3843890e-03
-1.8185600e-02
-2.4995920e-02
-2.9519170e-02
-3.3223530e-02
-3.4682120e-02
-3.5501230e-02
-3.4906360e-02
-3.3847450e-02
-3.1450170e-02
-2.8559170e-02
-2.4645770e-02
-2.0088850e-02
-1.6061800e-02
-1.2613400e-02
-9.3348230e-03
-7.2055080e-03
-5.4622770e-03
-4.2076010e-03
-3.4160560e-03
-2.5496870e-03
-1.6878780e-03
-5.0122180e-04
2.3517420e-03
7.6573230e-03
1.5412190e-02
2.3008880e-02
2.9814450e-02
3.4895700e-02
3.7156100e-02
3.6288530e-02
3.3586720e-02
3.0946240e-02
2.8202670e-02
2.5167590e-02
2.0864000e-02
1.4890030e-02
6.8687850e-03
-3.3174000e-03
-1.3863400e-02
-2.2203720e-02
-2.7920530e-02
-3.3951770e-02
-4.0249040e-02
-4.5540330e-02
-4.5252010e-02
-4.0425860e-02
-3.2213270e-02
-2.2759180e-02
-1.3138850e-02
-5.7012520e-03
2.7897150e-04
4.5797940e-03
7.0398500e-03
7.6724530e-03
5.8267390e-03
1.3836640e-03
-4.4883650e-03
-1.0619040e-02
-1.3752500e-02
-1.5244360e-02
-1.4383350e-02
-1.0792170e-02
-5.1686190e-03
9.6045900e-04
6.0872690e-03
1.0620450e-02
1.3830500e-02
1.5566380e-02
1.6750000e-02
1.4932830e-02
1.0153430e-02
5.6427700e-03
5.5499980e-04
-3.0917640e-03
-1.2156400e-03
6.3157080e-03
1.7572740e-02
2.9228150e-02
3.7434960e-02
4.2128950e-02
4.4008760e-02
4.4595020e-02
4.5505600e-02
4.6167720e-02
4.0840770e-02
2.6206680e-02
7.4792330e-03
-8.0519100e-03
-1.7001830e-02
-1.9653400e-02
-1.4550660e-02
-4.5859610e-03
6.7737230e-03
1.2163240e-02
6.9745890e-03
-1.4214740e-03
-9.6685890e-03
-1.5804200e-02
-1.9548340e-02
-1.9957020e-02
-1.6688410e-02
-1.2410110e-02
-9.9613750e-03
-1.0063180e-02
-1.2444320e-02
-1.8322550e-02
-2.8714210e-02
-4.3637060e-02
-5.9298010e-02
-7.1268720e-02
-7.8995490e-02
-7.9690670e-02
-6.9016200e-02
-5.0097180e-02
-3.3401750e-02
-2.2220590e-02
-1.5895470e-02
-1.3762870e-02
-1.4425130e-02
-1.7722190e-02
-2.1688270e-02
-2.1632740e-02
-1.6574260e-02
-9.5225970e-03
-3.0178970e-03
2.0859120e-03
5.4628190e-03
9.1109370e-03
1.4133460e-02
2.0872330e-02
2.7698360e-02
3.4980880e-02
3.9794700e-02
3.8717400e-02
3.3388960e-02
2.7691300e-02
2.5580090e-02
2.4898830e-02
2.3662460e-02
2.1150680e-02
1.9528080e-02
2.0215510e-02
2.4335820e-02
3.0367770e-02
3.6856890e-02
4.3645580e-02
5.0478720e-02
5.5146080e-02
5.7526890e-02
5.8122000e-02
5.6449980e-02
5.2165880e-02
4.5863420e-02
3.9263710e-02
3.2311250e-02
2.5501870e-02
2.1660430e-02
1.9828620e-02
1.8612140e-02
1.6771200e-02
1.2805880e-02
6.6409360e-03
6.6326680e-04
-5.7876490e-03
-1.1494950e-02
-1.3873130e-02
-1.5735720e-02
-1.7687630e-02
-1.9511990e-02
-2.0390650e-02
-1.9666100e-02
-1.7530870e-02
-1.4893400e-02
-1.2024070e-02
-9.1078300e-03
-6.1774640e-03
-3.2094320e-03
-2.4772880e-04
2.3428830e-03
4.8208290e-03
7.4856290e-03
1.0099170e-02
1.2703950e-02
1.5346410e-02
1.8009720e-02
2.0281380e-02
2.1907200e-02
2.2522680e-02
2.1753850e-02
2.0839200e-02
1.9903580e-02
1.9768620e-02
2.1132680e-02
2.2670300e-02
2.4927250e-02
2.7210180e-02
2.7918920e-02
2.7593920e-02
2.6538810e-02
2.4203260e-02
2.1149890e-02
1.6626760e-02
1.1395480e-02
4.9511790e-03
-1.5049670e-03
-7.9964260e-03
-1.4534660e-02
-2.1152300e-02
-2.7626840e-02
-3.3214210e-02
-3.8337660e-02
-4.2074000e-02
-4.4185350e-02
-4.5646430e-02
-4.6145130e-02
-4.6678940e-02
-4.7151350e-02
-4.7597750e-02
-4.8091930e-02
-4.8492820e-02
-4.8401960e-02
-4.8106330e-02
-4.6533320e-02
-4.2717250e-02
-3.5663000e-02
-2.3868810e-02
-9.4824060e-03
3.0862910e-03
1.3011000e-02
1.8379190e-02
2.1237300e-02
2.2391580e-02
2.0948720e-02
1.6502530e-02
1.1262280e-02
5.8749840e-03
1.8122930e-03
-9.9369460e-04
-3.0339480e-03
-3.9712900e-03
-4.1898400e-03
-3.3047650e-03
-1.5009750e-03
7.7173510e-04
4.4073730e-03
9.2216450e-03
1.3906700e-02
1.8853470e-02
2.3566210e-02
2.5890980e-02
2.5464000e-02
2.1113730e-02
1.3884470e-02
5.5705060e-03
-2.7568280e-03
-8.5796910e-03
-1.2343670e-02
-1.2962470e-02
-1.0226830e-02
-3.0347660e-03
7.1304240e-03
1.7641830e-02
2.7847780e-02
3.6571600e-02
4.4124320e-02
4.9781240e-02
5.4744180e-02
5.8393230e-02
5.9090790e-02
5.4921330e-02
4.6744560e-02
3.7209580e-02
2.7669070e-02
1.7881280e-02
7.3579310e-03
-3.1030870e-03
-1.1112670e-02
-1.9104610e-02
-2.4001000e-02
-2.3929860e-02
-2.1364290e-02
-1.7870980e-02
-1.4647030e-02
-1.3011100e-02
-1.4245830e-02
-1.7603840e-02
-2.1827490e-02
-2.6214220e-02
-2.9679110e-02
-3.2259050e-02
-3.3763080e-02
-3.1953370e-02
-2.6571240e-02
-1.8330070e-02
-1.0236750e-02
-1.8478090e-03
6.3702860e-03
1.3665900e-02
1.9729260e-02
2.4262850e-02
2.6949000e-02
2.7019070e-02
2.4735210e-02
2.0328710e-02
1.5450840e-02
1.0478290e-02
5.4437760e-03
7.6822560e-04
-3.7385180e-03
-8.2503960e-03
-1.2816960e-02
-1.7256220e-02
-2.0568110e-02
-2.2078660e-02
-2.1964460e-02
-1.9858650e-02
-1.6919720e-02
-1.3456340e-02
-9.3622030e-03
-4.6927450e-03
1.1619820e-03
8.2542240e-03
1.5337630e-02
2.2874700e-02
2.8519450e-02
2.9424840e-02
2.8367430e-02
2.6987620e-02
2.5445960e-02
2.4236410e-02
2.4439370e-02
2.4874090e-02
2.5297530e-02
2.5771860e-02
2.6292900e-02
2.6893020e-02
2.7012160e-02
2.6087570e-02
2.5173160e-02
2.4463460e-02
2.3857430e-02
2.3558760e-02
2.3418090e-02
2.4072520e-02
2.5762060e-02
2.7820400e-02
3.0261990e-02
3.2949300e-02
3.6146410e-02
3.9538380e-02
4.3418030e-02
4.6928120e-02
4.8671470e-02
4.9895100e-02
4.9994650e-02
4.8408910e-02
4.5875350e-02
4.1938320e-02
3.7019450e-02
3.0309260e-02
2.3620650e-02
1.6871880e-02
1.0059630e-02
3.2018240e-03
-3.6430110e-03
-9.9941260e-03
-1.5894190e-02
-2.1852710e-02
-2.7741050e-02
-3.3628040e-02
-3.9685800e-02
-4.5223300e-02
-4.8727160e-02
-5.1207660e-02
-5.1559390e-02
-5.0908230e-02
-4.6472900e-02
-3.9815110e-02
-3.1209420e-02
-2.1503300e-02
-1.2689020e-02
-3.5220900e-03
5.4563750e-03
1.2085170e-02
1.7859360e-02
2.2819130e-02
2.7777460e-02
3.1310470e-02
3.3463530e-02
3.4976680e-02
3.5261910e-02
3.4573350e-02
3.1908110e-02
2.8980860e-02
2.4688270e-02
1.9836260e-02
1.5139290e-02
1.0768220e-02
7.7148380e-03
5.1225650e-03
3.5656710e-03
3.0412910e-03
2.9216470e-03
3.4389540e-03
4.3642920e-03
5.9650400e-03
7.5922750e-03
9.6833450e-03
1.1872790e-02
1.3209550e-02
1.3902550e-02
1.3751870e-02
1.2273390e-02
1.0245990e-02
7.6854510e-03
4.5253030e-03
2.1679210e-04
-4.0599390e-03
-8.3780530e-03
-1.2718130e-02
-1.7073770e-02
-2.1600250e-02
-2.5878490e-02
-2.9146290e-02
-3.2619010e-02
-3.5658410e-02
-3.7751480e-02
-3.9707480e-02
-4.1743130e-02
-4.3651030e-02
-4.4677530e-02
-4.5189980e-02
-4.5729550e-02
-4.6261560e-02
-4.6473360e-02
-4.6077750e-02
-4.5639780e-02
-4.5227000e-02
-4.4739490e-02
-4.3843410e-02
-4.2658920e-02
-4.1532900e-02
-4.0355630e-02
-3.8893490e-02
-3.7288680e-02
-3.5703320e-02
-3.4100570e-02
-3.2488790e-02
-3.0879680e-02
-2.9271400e-02
-2.7663000e-02
-2.6054560e-02
-2.4444430e-02
-2.2834580e-02
-2.1235150e-02
-1.9622350e-02
-1.7937990e-02
-1.6363820e-02
-1.4904830e-02
-1.3411060e-02
-1.1896710e-02
-1.0586920e-02
-9.5808220e-03
-8.5047980e-03
-7.4573240e-03
-6.7670880e-03
-6.3460610e-03
-5.8762870e-03
-5.3945800e-03
-5.1276150e-03
-5.2899040e-03
-5.4586480e-03
-5.6382530e-03
-5.8399930e-03
-6.0430510e-03
-6.2427670e-03
-6.4424510e-03
-6.6434220e-03
-6.8448170e-03
-7.0424220e-03
-7.2411350e-03
-7.4569160e-03
-7.6282370e-03
-7.6066300e-03
-7.5023710e-03
-7.4258470e-03
-7.3190530e-03
-6.9912370e-03
-6.5471220e-03
-6.1174750e-03
-5.6761660e-03
-5.2235760e-03
-4.7420840e-03
-4.2476900e-03
-3.7291330e-03
-3.2666500e-03
-3.0778690e-03
-2.9702100e-03
-2.8402560e-03
-2.7113650e-03
-2.7938610e-03
-3.1999500e-03
-3.6042360e-03
-3.9786270e-03
-4.5901590e-03
-5.6803210e-03
-6.8214710e-03
-7.9115560e-03
-9.1222580e-03
-1.0925290e-02
-1.2841680e-02
-1.4746400e-02
-1.6685440e-02
-1.8631600e-02
-2.0572300e-02
-2.2513150e-02
-2.4457190e-02
-2.6394390e-02
-2.8327340e-02
-3.0297620e-02
-3.2256310e-02
-3.3984720e-02
-3.5929580e-02
-3.8756720e-02
-3.9672740e-02
-3.6597280e-02
-2.8977890e-02
-2.0281790e-02
-1.1556800e-02
-2.4998200e-03
6.9807060e-03
1.6315250e-02
2.5009340e-02
3.2027690e-02
3.7049270e-02
4.0721890e-02
4.4059000e-02
4.7334420e-02
5.0513680e-02
5.3724380e-02
5.7083900e-02
6.0275420e-02
6.2897000e-02
6.4757750e-02
6.5527300e-02
6.5085310e-02
6.2796180e-02
5.8229740e-02
5.2001930e-02
4.5221080e-02
3.8368810e-02
3.1378420e-02
2.4672220e-02
1.8513630e-02
1.2326490e-02
6.1219170e-03
6.2630470e-05
-5.5411890e-03
-1.0780660e-02
-1.5023440e-02
-1.7757490e-02
-1.9106620e-02
-1.9235110e-02
-1.7675710e-02
-1.4715090e-02
-1.1469330e-02
-8.5252320e-03
-6.2736360e-03
-4.6815730e-03
-4.3808710e-03
-4.9340540e-03
-5.7041540e-03
-6.2444630e-03
-5.8680270e-03
-4.3045530e-03
-2.2114720e-03
-1.8922000e-03
-8.3586510e-04
1.3455640e-03
4.4556630e-03
7.6104050e-03
1.0801240e-02
1.4167520e-02
1.7468750e-02
1.9084740e-02
1.8118010e-02
1.5758900e-02
1.1762980e-02
6.8426390e-03
9.6326540e-04
-5.7632250e-03
-1.2896710e-02
-1.7970980e-02
-2.0906670e-02
-2.2498660e-02
-2.3512700e-02
-2.1972720e-02
-1.8460040e-02
-1.4668830e-02
-9.7128120e-03
-4.2052010e-03
1.3259950e-03
7.0874620e-03
1.1791450e-02
1.4330240e-02
1.6870060e-02
1.9342840e-02
2.1703780e-02
2.4171860e-02
2.6834700e-02
2.9590130e-02
3.2337440e-02
3.5180350e-02
3.7806370e-02
3.9239480e-02
3.9265550e-02
3.6939490e-02
3.2190820e-02
2.4541020e-02
1.5123240e-02
5.6560670e-03
-4.1350910e-03
-1.2370220e-02
-1.8278110e-02
-2.3717150e-02
-2.7791770e-02
-3.1679350e-02
-3.4514350e-02
-3.6766390e-02
-3.8597990e-02
-3.9940080e-02
-4.1060160e-02
-4.1884510e-02
-4.2280760e-02
-4.2048980e-02
-4.1885160e-02
-4.1677090e-02
-4.1426920e-02
-4.1248580e-02
-4.1053540e-02
-4.0056640e-02
-3.8321960e-02
-3.6393500e-02
-3.4473180e-02
-3.1877990e-02
-2.8102110e-02
-2.4411560e-02
-2.0818530e-02
-1.7322940e-02
-1.4419890e-02
-1.1952910e-02
-1.0531970e-02
-9.7048040e-03
-8.9652700e-03
-8.5791100e-03
-7.8058740e-03
-6.3148130e-03
-4.8656060e-03
-3.3892430e-03
-1.8871130e-03
-3.8178930e-04
1.1792210e-03
2.6501500e-03
3.6988250e-03
4.7509270e-03
5.8034170e-03
6.8381930e-03
7.8331050e-03
8.8694870e-03
1.0258970e-02
1.1682010e-02
1.2735220e-02
1.4063220e-02
1.5098090e-02
1.5686430e-02
1.6195660e-02
1.6404780e-02
1.6293540e-02
1.5223100e-02
1.3548730e-02
1.0617700e-02
