0.01
-9.7103070e-03
-1.0860990e-02
-1.0963700e-02
-9.9173670e-03
-7.8319340e-03
-4.8215570e-03
-1.1204240e-03
3.0257510e-03
7.2233390e-03
1.0890140e-02
1.3553490e-02
1.4993260e-02
1.5142410e-02
1.4167770e-02
1.2352100e-02
9.9084380e-03
7.3261240e-03
5.1706570e-03
3.6431740e-03
2.7227800e-03
2.1685520e-03
1.6036950e-03
7.6082920e-04
-4.9547760e-04
-2.1730970e-03
-4.0268730e-03
-5.5210990e-03
-6.2608290e-03
-6.2590790e-03
-5.7459040e-03
-4.9987300e-03
-4.0962220e-03
-2.9794100e-03
-1.8225520e-03
-7.9778670e-04
-1.1553040e-04
1.0198550e-04
-1.6600530e-04
-7.5870870e-04
-1.4521690e-03
-1.9470600e-03
-2.0787450e-03
-2.0829440e-03
-2.0362280e-03
-1.7196230e-03
-8.9638060e-04
6.2076120e-04
2.7504420e-03
5.1519600e-03
7.3344260e-03
8.8897930e-03
9.5417830e-03
9.1417650e-03
7.9586970e-03
6.4618390e-03
4.9715630e-03
3.5976690e-03
2.2792900e-03
1.0184020e-03
-2.8371360e-04
-1.6464350e-03
-3.0212710e-03
-4.3372720e-03
-5.6024620e-03
-6.9245910e-03
-8.4911350e-03
-1.0229870e-02
-1.1805570e-02
-1.2830070e-02
-1.3072150e-02
-1.2519630e-02
-1.1275970e-02
-9.4091140e-03
-7.0631990e-03
-4.5597800e-03
-2.1336190e-03
-5.8401280e-05
1.5527170e-03
2.6037950e-03
3.0039210e-03
2.6675260e-03
1.5441490e-03
-8.7638110e-05
-1.7968970e-03
-3.2712780e-03
-4.3345290e-03
-4.6729320e-03
-4.0710500e-03
-2.6816300e-03
-8.7960670e-04
1.0306450e-03
2.8992280e-03
4.5090800e-03
5.6542740e-03
6.4335010e-03
6.9263570e-03
6.9752640e-03
6.5610970e-03
5.8854810e-03
5.1426010e-03
4.4173500e-03
3.8240350e-03
3.4496720e-03
3.2422770e-03
3.1360650e-03
3.0965910e-03
3.0076450e-03
2.9132680e-03
3.0366970e-03
3.4620010e-03
4.0443740e-03
4.6232450e-03
5.1675330e-03
5.6869800e-03
6.2437780e-03
6.7631660e-03
6.9592690e-03
6.7240720e-03
6.1530390e-03
5.2579870e-03
3.8705720e-03
1.9440260e-03
-3.1305780e-04
-2.6901240e-03
-4.9847210e-03
-6.9569160e-03
-8.5277340e-03
-9.7765070e-03
-1.0799990e-02
-1.1721310e-02
-1.2502570e-02
-1.3155040e-02
-1.3732120e-02
-1.4004780e-02
-1.3744060e-02
-1.2856770e-02
-1.1443880e-02
-9.7334550e-03
-7.8431090e-03
-5.7258820e-03
-3.4487310e-03
-1.2571190e-03
6.0973050e-04
2.0481360e-03
3.2458630e-03
4.3018480e-03
5.0782880e-03
5.4931320e-03
5.6398520e-03
5.6738790e-03
5.6853940e-03
5.7424130e-03
5.9504030e-03
6.1075430e-03
6.0578600e-03
5.7671260e-03
5.1769370e-03
4.3779740e-03
3.3994680e-03
2.3008410e-03
1.2603850e-03
4.8765030e-04
1.1495720e-05
-1.5832600e-04
9.2661260e-05
7.3256310e-04
1.4819700e-03
1.9688210e-03
1.9651070e-03
1.5105970e-03
7.1429930e-04
-2.6273000e-04
-1.2579360e-03
-2.1566360e-03
-2.8980900e-03
-3.4348660e-03
-3.5765880e-03
-3.1807620e-03
-2.4197960e-03
-1.6440410e-03
-1.1636310e-03
-1.1348400e-03
-1.6247310e-03
-2.6089860e-03
-3.8455390e-03
-4.9686940e-03
-5.7494770e-03
-6.1798870e-03
-6.3583870e-03
-6.1563890e-03
-5.3568760e-03
-3.9241220e-03
-2.2087430e-03
-6.9907090e-04
4.4941980e-04
1.2946320e-03
1.8210360e-03
2.0673140e-03
2.1108130e-03
2.0942220e-03
1.9923410e-03
1.6447210e-03
1.0992620e-03
5.0418450e-04
5.9388690e-05
2.1423010e-04
1.2464170e-03
2.9810750e-03
4.9106640e-03
6.6271800e-03
7.9674950e-03
8.7874050e-03
8.8492150e-03
7.8738490e-03
5.8012640e-03
3.1889580e-03
7.2537270e-04
-1.1532510e-03
-2.2377230e-03
-2.5497720e-03
-2.2320150e-03
-1.4171460e-03
-2.1771130e-04
1.2627620e-03
2.9314040e-03
4.6359670e-03
5.9682520e-03
6.6833290e-03
6.6975160e-03
6.2182430e-03
5.4816190e-03
4.5075520e-03
3.2722490e-03
1.8139760e-03
2.9697270e-04
-1.1509700e-03
-2.4867540e-03
-3.4514430e-03
-3.7690800e-03
-3.5210900e-03
-3.0596950e-03
-2.6431630e-03
-2.2922720e-03
-2.0828280e-03
-2.1096690e-03
-2.4781780e-03
-3.2576570e-03
-4.3700190e-03
-5.5958730e-03
-6.6670770e-03
-7.3986840e-03
-7.5995860e-03
-7.2316840e-03
-6.2356270e-03
-4.5340740e-03
-2.1749340e-03
5.2773950e-04
3.1687420e-03
5.4813130e-03
7.4533010e-03
9.1475080e-03
1.0460240e-02
1.1353420e-02
1.1859760e-02
1.2080810e-02
1.2174320e-02
1.2000960e-02
1.1137830e-02
9.3229440e-03
6.6162120e-03
3.3706580e-03
4.3963380e-05
-2.9683880e-03
-5.1761550e-03
-6.2111010e-03
-5.9351130e-03
-4.4582560e-03
-2.2339850e-03
-3.0067840e-05
1.4861950e-03
2.1370910e-03
2.0955500e-03
1.6526370e-03
1.1787710e-03
6.9988070e-04
8.0725120e-06
-9.2665900e-04
-2.1399420e-03
-3.7308120e-03
-5.6883480e-03
-7.7713410e-03
-9.7616030e-03
-1.1472600e-02
-1.2603140e-02
-1.3044850e-02
-1.2919960e-02
-1.2414610e-02
-1.1686900e-02
-1.0782160e-02
-9.7932180e-03
-8.9004710e-03
-8.3194010e-03
-8.1882400e-03
-8.4261650e-03
-8.7571580e-03
-8.8047450e-03
-8.4567310e-03
-8.0651800e-03
-8.0174430e-03
-8.5001550e-03
-9.3462780e-03
-1.0418580e-02
-1.1731050e-02
-1.3232610e-02
-1.4843310e-02
-1.6482220e-02
-1.8218820e-02
-1.9932690e-02
-2.1257930e-02
-2.1920390e-02
-2.2116930e-02
-2.2150120e-02
-2.2140260e-02
-2.2064300e-02
-2.2028210e-02
-2.2281150e-02
-2.2871590e-02
-2.3601570e-02
-2.4366180e-02
-2.5030410e-02
-2.5305150e-02
-2.5080840e-02
-2.4495410e-02
-2.3797970e-02
-2.2976450e-02
-2.1908840e-02
-2.0626340e-02
-1.9181750e-02
-1.7688480e-02
-1.6403960e-02
-1.5474450e-02
-1.4743970e-02
-1.3869710e-02
-1.2338260e-02
-9.9733780e-03
-7.0202760e-03
-3.8158490e-03
-5.4730390e-04
2.4861090e-03
4.6927170e-03
5.4101100e-03
4.4479560e-03
2.0054440e-03
-1.6752790e-03
-6.2464390e-03
-1.1114560e-02
-1.5679310e-02
-1.9696810e-02
-2.3180670e-02
-2.6287980e-02
-2.9242590e-02
-3.1965420e-02
-3.4162850e-02
-3.5982780e-02
-3.7863750e-02
-3.9722070e-02
-4.1215310e-02
-4.2369240e-02
-4.3340390e-02
-4.4204090e-02
-4.5006380e-02
-4.5948090e-02
-4.7100680e-02
-4.8107190e-02
-4.8488560e-02
-4.8065420e-02
-4.6851750e-02
-4.4687070e-02
-4.1548910e-02
-3.7785490e-02
-3.3579410e-02
-2.8687970e-02
-2.2648350e-02
-1.5136390e-02
-5.9541490e-03
4.9705430e-03
1.7309270e-02
3.0139960e-02
4.2413480e-02
5.3325680e-02
6.2585460e-02
7.0391710e-02
7.7165060e-02
8.3334950e-02
8.9192470e-02
9.4730980e-02
9.9779870e-02
1.0434850e-01
1.0849060e-01
1.1226460e-01
1.1570540e-01
1.1878370e-01
1.2136980e-01
1.2349030e-01
1.2540120e-01
1.2723510e-01
1.2896060e-01
1.3062680e-01
1.3216080e-01
1.3327060e-01
1.3374680e-01
1.3347500e-01
1.3261420e-01
1.3129920e-01
1.2961910e-01
1.2755740e-01
1.2513810e-01
1.2247670e-01
1.1962150e-01
1.1641970e-01
1.1274580e-01
1.0886670e-01
1.0489220e-01
1.0091040e-01
9.6992870e-02
9.3280240e-02
8.9780760e-02
8.6270300e-02
8.2568540e-02
7.8675470e-02
7.4571250e-02
7.0268270e-02
6.5666680e-02
6.0534090e-02
5.4505710e-02
4.7206750e-02
3.8381840e-02
2.7856770e-02
1.5662850e-02
2.2369020e-03
-1.1661390e-02
-2.5098530e-02
-3.7531910e-02
-4.8767560e-02
-5.8813620e-02
-6.7946200e-02
-7.6242800e-02
-8.3742360e-02
-9.0497940e-02
-9.6634280e-02
-1.0238470e-01
-1.0798720e-01
-1.1357710e-01
-1.1907070e-01
-1.2441780e-01
-1.2951810e-01
-1.3412230e-01
-1.3808300e-01
-1.4142530e-01
-1.4411070e-01
-1.4604960e-01
-1.4704710e-01
-1.4714400e-01
-1.4675480e-01
-1.4610110e-01
-1.4502240e-01
-1.4315050e-01
-1.4035140e-01
-1.3646220e-01
-1.3133850e-01
-1.2492200e-01
-1.1716990e-01
-1.0789260e-01
-9.6703350e-02
-8.3057890e-02
-6.6538850e-02
-4.7542760e-02
-2.7883760e-02
-1.1057420e-02
-8.8291670e-04
1.6949310e-03
-1.6868170e-04
-2.0673490e-03
-2.1189600e-03
-1.4791220e-03
-1.6326080e-03
-2.9925860e-03
-5.4788210e-03
-8.7607360e-03
-1.1978760e-02
-1.4153590e-02
-1.5370950e-02
-1.6465160e-02
-1.7833680e-02
-1.9349860e-02
-2.0856540e-02
-2.2291290e-02
-2.3270880e-02
-2.3103730e-02
-2.1394330e-02
-1.8080500e-02
-1.3278830e-02
-7.1692890e-03
-2.5162790e-04
6.5175350e-03
1.2468970e-02
1.7636100e-02
2.2282070e-02
2.6719780e-02
3.1063570e-02
3.5255460e-02
3.9217800e-02
4.2830250e-02
4.5851420e-02
4.7874610e-02
4.8596750e-02
4.7996270e-02
4.6272740e-02
4.3616730e-02
4.0411980e-02
3.7003100e-02
3.3637720e-02
3.0580450e-02
2.7974650e-02
2.5920170e-02
2.4507250e-02
2.3589540e-02
2.3241730e-02
2.3632550e-02
2.4759740e-02
2.6576960e-02
2.9026810e-02
3.2154050e-02
3.6137890e-02
4.1038370e-02
4.6862980e-02
5.3570710e-02
6.0893820e-02
6.8131940e-02
7.4270630e-02
7.8221670e-02
7.9242740e-02
7.7296420e-02
7.3140350e-02
6.7787630e-02
6.2356080e-02
5.7728550e-02
5.4256320e-02
5.1870770e-02
5.0159340e-02
4.8604780e-02
4.6766010e-02
4.4514420e-02
4.1891240e-02
3.8704970e-02
3.4838060e-02
3.0360370e-02
2.5179800e-02
1.8999440e-02
1.1679780e-02
3.3082470e-03
-5.7385350e-03
-1.4882320e-02
-2.3494900e-02
-3.1096200e-02
-3.7397660e-02
-4.2465240e-02
-4.6453620e-02
-4.9611680e-02
-5.2229010e-02
-5.4503620e-02
-5.6543550e-02
-5.8297920e-02
-5.9571390e-02
-6.0221870e-02
-6.0368940e-02
-6.0242790e-02
-6.0029040e-02
-5.9864400e-02
-5.9801300e-02
-5.9695820e-02
-5.9481470e-02
-5.9237540e-02
-5.8949470e-02
-5.8482340e-02
-5.7605490e-02
-5.5867710e-02
-5.2685440e-02
-4.7650260e-02
-4.0555290e-02
-3.1585100e-02
-2.1596910e-02
-1.1747360e-02
-2.9565530e-03
4.3109700e-03
1.0039410e-02
1.4377190e-02
1.7297430e-02
1.8725370e-02
1.8857180e-02
1.8005210e-02
1.6382120e-02
1.4373400e-02
1.2250390e-02
1.0092120e-02
7.9452950e-03
5.4492010e-03
1.9975790e-03
-2.6736360e-03
-8.3911880e-03
-1.4763800e-02
-2.1465800e-02
-2.8013770e-02
-3.3887120e-02
-3.8911310e-02
-4.3073960e-02
-4.6409220e-02
-4.9090450e-02
-5.1229610e-02
-5.2659740e-02
-5.3173260e-02
-5.2751230e-02
-5.1432620e-02
-4.9158440e-02
-4.5878050e-02
-4.1736100e-02
-3.7118880e-02
-3.2387910e-02
-2.7739550e-02
-2.3375180e-02
-1.9428740e-02
-1.5899090e-02
-1.2791570e-02
-9.9611770e-03
-7.3400420e-03
-5.0142170e-03
-3.0335370e-03
-1.2877350e-03
2.7490530e-04
1.6440770e-03
2.8424370e-03
3.8999120e-03
4.9301670e-03
5.8717940e-03
6.5045880e-03
6.7503910e-03
6.6918820e-03
6.6349510e-03
6.8413910e-03
7.4644560e-03
8.5888530e-03
1.0001940e-02
1.1579460e-02
1.3314190e-02
1.5114910e-02
1.6837090e-02
1.8363840e-02
1.9648370e-02
2.0554450e-02
2.0861990e-02
2.0561960e-02
1.9908070e-02
1.9296890e-02
1.8907860e-02
1.8757000e-02
1.8897080e-02
1.9477400e-02
2.0654450e-02
2.2355090e-02
2.4306720e-02
2.6331730e-02
2.8309420e-02
3.0266760e-02
3.2163600e-02
3.3873440e-02
3.5441090e-02
3.6892500e-02
3.8140990e-02
3.9247170e-02
4.0231640e-02
4.1133600e-02
4.1932620e-02
4.2263020e-02
4.1450830e-02
3.8725270e-02
3.3742020e-02
2.7004980e-02
1.9739420e-02
1.3136800e-02
7.5925120e-03
2.8547570e-03
-1.3275700e-03
-5.0142510e-03
-8.2233410e-03
-1.1010660e-02
-1.3421430e-02
-1.5556440e-02
-1.7609540e-02
-1.9535340e-02
-2.1018230e-02
-2.1853510e-02
-2.2143790e-02
-2.1954580e-02
-2.1060660e-02
-1.9380170e-02
-1.6948080e-02
-1.3962530e-02
-1.0590220e-02
-6.7497060e-03
-2.4559350e-03
2.1046070e-03
6.7914230e-03
1.1579320e-02
1.6356740e-02
2.0891780e-02
2.4935900e-02
2.8360980e-02
3.1139780e-02
3.3213860e-02
3.4579960e-02
3.5498310e-02
3.6311390e-02
3.7078590e-02
3.7638160e-02
3.7949110e-02
3.8035990e-02
3.7851870e-02
3.7264190e-02
3.6188400e-02
3.4723200e-02
3.2986890e-02
3.1149340e-02
2.9372480e-02
2.7814590e-02
2.6697670e-02
2.6065660e-02
2.5933810e-02
2.6311600e-02
2.7150200e-02
2.8276750e-02
2.9400880e-02
3.0227460e-02
3.0642640e-02
3.0623790e-02
3.0219360e-02
2.9357800e-02
2.7960130e-02
2.6202960e-02
2.4367680e-02
2.2667190e-02
2.1097420e-02
1.9503260e-02
1.7825780e-02
1.5777510e-02
1.3190340e-02
1.0132240e-02
6.6182460e-03
2.7737760e-03
-1.2160540e-03
-5.1861270e-03
-8.9929330e-03
-1.2500040e-02
-1.5649060e-02
-1.8452890e-02
-2.0780810e-02
-2.2543170e-02
-2.3727800e-02
-2.4389810e-02
-2.4614230e-02
-2.4522100e-02
-2.4116120e-02
-2.3129870e-02
-2.1420580e-02
-1.9062590e-02
-1.6071060e-02
-1.2545420e-02
-8.9535030e-03
-5.9781880e-03
-4.1324510e-03
-3.4310930e-03
-3.5426410e-03
-4.0015920e-03
-4.5408140e-03
-5.1563760e-03
-6.1089510e-03
-7.5813080e-03
-9.4003710e-03
-1.1295630e-02
-1.2969410e-02
-1.4319080e-02
-1.5433780e-02
-1.6537630e-02
-1.7744040e-02
-1.9020810e-02
-2.0092620e-02
-2.0839750e-02
-2.1400320e-02
-2.1861540e-02
-2.2081720e-02
-2.1880310e-02
-2.1367830e-02
-2.0905640e-02
-2.0671010e-02
-2.0623870e-02
-2.0635240e-02
-2.0568000e-02
-2.0345760e-02
-2.0027520e-02
-1.9806990e-02
-1.9819770e-02
-2.0103680e-02
-2.0657960e-02
-2.1581800e-02
-2.2873710e-02
-2.4261220e-02
-2.5614850e-02
-2.6891980e-02
-2.7883570e-02
-2.8594810e-02
-2.9306690e-02
-3.0209680e-02
-3.1176240e-02
-3.1998280e-02
-3.2541460e-02
-3.2761460e-02
-3.2565050e-02
-3.1735940e-02
-3.0108050e-02
-2.7828660e-02
-2.5268420e-02
-2.2695070e-02
-2.0200760e-02
-1.8067230e-02
-1.6593310e-02
-1.5641640e-02
-1.5043890e-02
-1.4914580e-02
-1.5337350e-02
-1.6197100e-02
-1.7192060e-02
-1.8066430e-02
-1.8597080e-02
-1.8801700e-02
-1.8857180e-02
-1.8921600e-02
-1.9040220e-02
-1.9178770e-02
-1.9369780e-02
-1.9547540e-02
-1.9670270e-02
-1.9735120e-02
-1.9709010e-02
-1.9497360e-02
-1.8985720e-02
-1.8082630e-02
-1.6718020e-02
-1.5011550e-02
-1.3146390e-02
-1.1183090e-02
-9.1011280e-03
-6.9962490e-03
-4.9420860e-03
-2.9505360e-03
-1.0287840e-03
8.1781210e-04
2.5903010e-03
4.3580530e-03
6.2155090e-03
8.1576110e-03
1.0201990e-02
1.2298690e-02
1.4392350e-02
1.6301750e-02
1.7892060e-02
1.9243730e-02
2.0603560e-02
2.2034820e-02
2.3489000e-02
2.4982210e-02
2.6550160e-02
2.8281440e-02
3.0193290e-02
3.2234040e-02
3.4329440e-02
3.6365110e-02
3.8255210e-02
4.0106560e-02
4.2012990e-02
4.3952340e-02
4.5802980e-02
4.7357250e-02
4.8436340e-02
4.8926610e-02
4.8665680e-02
4.7620360e-02
4.5654490e-02
4.2703150e-02
3.8916610e-02
3.4626740e-02
3.0214150e-02
2.5895080e-02
2.1829490e-02
1.8195980e-02
1.5065130e-02
1.2476250e-02
1.0369040e-02
8.7359970e-03
7.6984840e-03
7.3885340e-03
7.8233390e-03
8.7544400e-03
9.8065660e-03
1.0695280e-02
1.1437610e-02
1.2080130e-02
1.2390830e-02
1.1988880e-02
1.0677380e-02
8.6269500e-03
6.1127380e-03
3.2944590e-03
4.1625960e-04
-2.3317240e-03
-4.8033220e-03
-7.0943560e-03
-9.4415970e-03
-1.1956650e-02
-1.4572640e-02
-1.7343510e-02
-2.0303640e-02
-2.3266990e-02
-2.6073910e-02
-2.8718560e-02
-3.1314990e-02
-3.3906360e-02
-3.6497020e-02
-3.9108960e-02
-4.1646090e-02
-4.3985190e-02
-4.6104460e-02
-4.7996710e-02
-4.9587210e-02
-5.0781790e-02
-5.1561460e-02
-5.1965650e-02
-5.2066520e-02
-5.1846640e-02
-5.1154950e-02
-4.9870100e-02
-4.8084820e-02
-4.5948820e-02
-4.3524590e-02
-4.0848990e-02
-3.7960680e-02
-3.4695890e-02
-3.0931390e-02
-2.6804710e-02
-2.2606400e-02
-1.8512950e-02
-1.4568650e-02
-1.0755440e-02
-7.0342210e-03
-3.3291960e-03
4.1592930e-04
4.1153640e-03
7.7186820e-03
1.1135160e-02
1.4207510e-02
1.6719730e-02
1.8573990e-02
1.9751500e-02
2.0273150e-02
2.0195430e-02
1.9704880e-02
1.9091600e-02
1.8521140e-02
1.7905890e-02
1.7134210e-02
1.6231910e-02
1.5195280e-02
1.4069390e-02
1.2881930e-02
1.1798050e-02
1.0994860e-02
1.0567130e-02
1.0520800e-02
1.0882810e-02
1.1714830e-02
1.3006900e-02
1.4649240e-02
1.6404880e-02
1.8027270e-02
1.9429530e-02
2.0682330e-02
2.1695010e-02
2.2380690e-02
2.2939120e-02
2.3637230e-02
2.4559340e-02
2.5621320e-02
2.6720360e-02
2.7933670e-02
2.9260160e-02
3.0592000e-02
3.2041880e-02
3.3627100e-02
3.5127590e-02
3.6436950e-02
3.7531810e-02
3.8421540e-02
3.9277300e-02
4.0225660e-02
4.1265910e-02
4.2366610e-02
4.3635000e-02
4.5033500e-02
4.6351890e-02
4.7533130e-02
4.8528160e-02
4.9306650e-02
4.9767530e-02
4.9944140e-02
4.9960210e-02
4.9892890e-02
4.9745400e-02
4.9466200e-02
4.9032470e-02
4.8495850e-02
4.7812010e-02
4.6741200e-02
4.5148700e-02
4.3275560e-02
4.1297650e-02
3.9045550e-02
3.6459620e-02
3.3579890e-02
3.0484570e-02
2.7438650e-02
2.4684330e-02
2.2306490e-02
2.0211260e-02
1.8192120e-02
1.5903150e-02
1.3221550e-02
1.0355830e-02
7.5494080e-03
5.0366170e-03
2.7949140e-03
6.1892470e-04
-1.6492350e-03
-4.0488460e-03
-6.5912470e-03
-9.2417040e-03
-1.1940380e-02
-1.4579870e-02
-1.7244920e-02
-2.0039080e-02
-2.2890860e-02
-2.5738920e-02
-2.8490610e-02
-3.1193990e-02
-3.3917590e-02
-3.6737490e-02
-3.9711490e-02
-4.2717730e-02
-4.5648220e-02
-4.8499000e-02
-5.1266880e-02
-5.3800040e-02
-5.6017550e-02
-5.7853470e-02
-5.9241200e-02
-6.0379110e-02
-6.1555820e-02
-6.2783000e-02
-6.3979210e-02
-6.5158420e-02
-6.6242350e-02
-6.7181360e-02
-6.8014950e-02
-6.8764130e-02
-6.9294210e-02
-6.9535340e-02
-6.9430140e-02
-6.8822240e-02
-6.7556030e-02
-6.5620640e-02
-6.3009280e-02
-5.9703160e-02
-5.5806450e-02
-5.1402430e-02
-4.6536850e-02
-4.1275510e-02
-3.5591020e-02
-2.9672030e-02
-2.3807070e-02
-1.7963840e-02
-1.2202500e-02
-6.7564980e-03
-1.7343790e-03
2.8107240e-03
6.8345580e-03
1.0365100e-02
1.3518070e-02
1.6435370e-02
1.9054190e-02
2.1237600e-02
2.2894940e-02
2.4291570e-02
2.5660150e-02
2.7000530e-02
2.8453340e-02
3.0161670e-02
3.1924670e-02
3.3485010e-02
3.4793260e-02
3.6025610e-02
3.7181990e-02
3.8039300e-02
3.8597930e-02
3.8948350e-02
3.9079550e-02
3.9006420e-02
3.8784380e-02
3.8518110e-02
3.8334500e-02
3.8185460e-02
3.7869090e-02
3.7168560e-02
3.6068230e-02
3.4817750e-02
3.3433200e-02
3.1732800e-02
2.9689690e-02
2.7321340e-02
2.4829640e-02
2.2447810e-02
2.0239230e-02
1.8115290e-02
1.5809370e-02
1.3260850e-02
1.0716250e-02
8.3752460e-03
6.3102130e-03
4.4303490e-03
2.6522650e-03
8.1893290e-04
-1.1429220e-03
-3.1486260e-03
-5.0809140e-03
-6.9863560e-03
-8.8956920e-03
-1.0749230e-02
-1.2452240e-02
-1.3950000e-02
-1.5363090e-02
-1.6980150e-02
-1.8849810e-02
-2.0835570e-02
-2.2879420e-02
-2.4923270e-02
-2.6979450e-02
-2.9008620e-02
-3.0959380e-02
-3.2745120e-02
-3.4531250e-02
-3.6394700e-02
-3.8187710e-02
-3.9725890e-02
-4.1109330e-02
-4.2527300e-02
-4.3917640e-02
-4.5237510e-02
-4.6549460e-02
-4.8014940e-02
-4.9599030e-02
-5.1110670e-02
-5.2444550e-02
-5.3628800e-02
-5.4565340e-02
-5.5133870e-02
-5.5339880e-02
-5.5298140e-02
-5.5001790e-02
-5.4425340e-02
-5.3482420e-02
-5.2137420e-02
-5.0407550e-02
-4.8253750e-02
-4.5689200e-02
-4.2691740e-02
-3.9332800e-02
-3.5801790e-02
-3.2270110e-02
-2.8948560e-02
-2.5942350e-02
-2.3142560e-02
-2.0500260e-02
-1.8094670e-02
-1.5974310e-02
-1.4083590e-02
-1.2439020e-02
-1.0991980e-02
-9.6768550e-03
-8.3756580e-03
-7.0067880e-03
-5.6166930e-03
-4.1778470e-03
-2.5131190e-03
-6.7067000e-04
1.1428930e-03
2.8616290e-03
4.4668290e-03
5.9152850e-03
7.1209540e-03
8.1951840e-03
9.1996050e-03
9.9826430e-03
1.0313980e-02
1.0252250e-02
1.0002420e-02
9.5141230e-03
8.9861520e-03
8.9414860e-03
9.4721910e-03
1.0247920e-02
1.1210310e-02
1.2512970e-02
1.4125930e-02
1.5787700e-02
1.7416670e-02
1.9189450e-02
2.1073290e-02
2.2923240e-02
2.4924880e-02
2.7206890e-02
2.9679480e-02
3.2271590e-02
3.5057490e-02
3.8034290e-02
4.0909610e-02
4.3457460e-02
4.5791860e-02
4.8031490e-02
5.0250820e-02
5.2406220e-02
5.4303310e-02
5.5863050e-02
5.7165840e-02
5.8330840e-02
5.9487180e-02
6.0537670e-02
6.1282770e-02
6.1567880e-02
6.1363890e-02
6.0767410e-02
5.9966940e-02
5.9182830e-02
5.8679300e-02
5.8495570e-02
5.8492060e-02
5.8512440e-02
5.8449850e-02
5.8286160e-02
5.8105280e-02
5.8036640e-02
5.7986660e-02
5.7699590e-02
5.7031920e-02
5.5963750e-02
5.4550350e-02
5.2666470e-02
5.0422810e-02
4.8011220e-02
4.5406830e-02
4.2528300e-02
3.9480320e-02
3.6515410e-02
3.3737140e-02
3.1086050e-02
2.8564210e-02
2.6191150e-02
2.3907000e-02
2.1609370e-02
1.9158290e-02
1.6593730e-02
1.3891140e-02
1.1058920e-02
8.2954960e-03
5.6733470e-03
3.0423550e-03
2.2432170e-04
-2.8826280e-03
-6.1161310e-03
-9.2994260e-03
-1.2429000e-02
-1.5477750e-02
-1.8400060e-02
-2.1083990e-02
-2.3653770e-02
-2.6166840e-02
-2.8569480e-02
-3.0818610e-02
-3.2856240e-02
-3.4678490e-02
-3.6192750e-02
-3.7396470e-02
-3.8302060e-02
-3.8825440e-02
-3.8855710e-02
-3.8424590e-02
-3.7685670e-02
-3.6795860e-02
-3.5939720e-02
-3.5135370e-02
-3.4370750e-02
-3.3632470e-02
-3.2913600e-02
-3.2308660e-02
-3.1770440e-02
-3.1223040e-02
-3.0744080e-02
-3.0412680e-02
-3.0138760e-02
-2.9739350e-02
-2.9117060e-02
-2.8290340e-02
-2.7122650e-02
-2.5482340e-02
-2.3372480e-02
-2.0877370e-02
-1.8118500e-02
-1.5198310e-02
-1.2266670e-02
-9.3845550e-03
-6.6107880e-03
-3.8910390e-03
-1.2076160e-03
1.3991890e-03
3.8745020e-03
6.0414910e-03
7.7917210e-03
9.2990970e-03
1.0776210e-02
1.2238480e-02
1.3618260e-02
1.4924230e-02
1.6137120e-02
1.7167840e-02
1.7967970e-02
1.8430380e-02
1.8599970e-02
1.8620530e-02
1.8592780e-02
1.8528940e-02
1.8358090e-02
1.7979500e-02
1.7384070e-02
1.6667760e-02
1.5736980e-02
1.4495090e-02
1.3130100e-02
1.1890390e-02
1.0827570e-02
9.8142160e-03
8.7186700e-03
7.6609250e-03
6.7709770e-03
5.9107450e-03
4.9560680e-03
4.0444610e-03
3.3227360e-03
2.7780980e-03
2.2044340e-03
1.4417430e-03
5.2015940e-04
-5.3165960e-04
-1.6344960e-03
-2.7535340e-03
-3.7801530e-03
-4.6806830e-03
-5.5802940e-03
-6.6446400e-03
-7.8646360e-03
-9.1894950e-03
-1.0521000e-02
-1.1677630e-02
-1.2574430e-02
-1.3256020e-02
-1.3830020e-02
-1.4290740e-02
-1.4614970e-02
-1.4916130e-02
-1.5351360e-02
-1.5936110e-02
-1.6518260e-02
-1.7107500e-02
-1.7780230e-02
-1.8470380e-02
-1.9035460e-02
-1.9428870e-02
-1.9727320e-02
-1.9833870e-02
-1.9644240e-02
-1.9318400e-02
-1.9033460e-02
-1.8810490e-02
-1.8734780e-02
-1.8856840e-02
-1.9130860e-02
-1.9478750e-02
-1.9959110e-02
-2.0672280e-02
-2.1580410e-02
-2.2550450e-02
-2.3429750e-02
-2.4104160e-02
-2.4578580e-02
-2.5015490e-02
-2.5535030e-02
-2.6048240e-02
-2.6405380e-02
-2.6573920e-02
-2.6580010e-02
-2.6428880e-02
-2.6097490e-02
-2.5602020e-02
-2.5055090e-02
-2.4502090e-02
-2.3810970e-02
-2.2887790e-02
-2.1941100e-02
-2.1310510e-02
-2.0886610e-02
-2.0351900e-02
-1.9860520e-02
-1.9691400e-02
-1.9747810e-02
-1.9851210e-02
-2.0037090e-02
-2.0305510e-02
-2.0535510e-02
-2.0669040e-02
-2.0698600e-02
-2.0602950e-02
-2.0335340e-02
-1.9881070e-02
-1.9308070e-02
-1.8610840e-02
-1.7694020e-02
-1.6825830e-02
-1.6414030e-02
-1.6262540e-02
-1.6016820e-02
-1.5542440e-02
-1.4913750e-02
-1.4079080e-02
-1.2981530e-02
-1.1768450e-02
-1.0597830e-02
-9.5175810e-03
-8.3619970e-03
-7.0426160e-03
-5.6808480e-03
-4.3637830e-03
-3.0225830e-03
-1.7036530e-03
-4.4617180e-04
8.5259720e-04
2.1630300e-03
3.4610580e-03
4.8536210e-03
6.2947930e-03
7.6812160e-03
9.0362740e-03
1.0390100e-02
1.1680370e-02
1.2869300e-02
1.3895520e-02
1.4678770e-02
1.5318010e-02
1.5875290e-02
1.6241830e-02
1.6465960e-02
1.6731750e-02
1.7190900e-02
1.7789730e-02
1.8257940e-02
1.8482490e-02
1.8520670e-02
1.8475680e-02
1.8438620e-02
1.8453070e-02
1.8506540e-02
1.8519950e-02
1.8364140e-02
1.7897950e-02
1.7104930e-02
1.6129730e-02
1.5059560e-02
1.3981520e-02
1.2918600e-02
1.1957570e-02
1.1181580e-02
1.0724810e-02
1.0554670e-02
1.0519340e-02
1.0502710e-02
1.0486950e-02
1.0570420e-02
1.0926580e-02
1.1679010e-02
1.2768920e-02
1.3975790e-02
1.5046140e-02
1.5865870e-02
1.6372720e-02
1.6725340e-02
1.7185090e-02
1.7832530e-02
1.8512110e-02
1.9128080e-02
1.9651310e-02
2.0118780e-02
2.0561620e-02
2.1037940e-02
2.1499580e-02
2.1745330e-02
2.1834300e-02
2.1949280e-02
2.1936440e-02
2.1672660e-02
2.1287050e-02
2.1060870e-02
2.0967800e-02
2.0783470e-02
2.0579890e-02
2.0418260e-02
2.0255450e-02
2.0034550e-02
1.9767190e-02
1.9540480e-02
1.9337630e-02
1.9057000e-02
1.8643260e-02
1.8138990e-02
1.7579750e-02
1.7027580e-02
1.6450050e-02
1.5630220e-02
1.4432010e-02
1.3055090e-02
1.1793520e-02
1.0761240e-02
9.8896540e-03
9.0715900e-03
8.3410820e-03
7.6993390e-03
7.1833520e-03
6.7888560e-03
6.3498170e-03
5.6909180e-03
4.8873730e-03
4.2784630e-03
3.8970450e-03
3.5542930e-03
3.2628320e-03
3.1217840e-03
3.0662350e-03
2.9619130e-03
2.8526450e-03
2.8004570e-03
2.8135640e-03
2.8608810e-03
2.8683730e-03
2.7344940e-03
2.3719580e-03
1.8060000e-03
1.2415610e-03
8.8324910e-04
7.5464750e-04
7.6597150e-04
8.1336490e-04
8.2611980e-04
7.8762900e-04
7.3795460e-04
7.6939320e-04
9.9386080e-04
1.4800170e-03
2.1172680e-03
2.6137800e-03
2.8558720e-03
2.9041340e-03
2.8564600e-03
2.7900020e-03
2.7415510e-03
2.7230920e-03
2.7369220e-03
2.7853310e-03
2.8585010e-03
2.9174350e-03
2.8764980e-03
2.6258730e-03
2.0955330e-03
1.4073750e-03
8.9031580e-04
7.2716670e-04
9.2614340e-04
1.4008140e-03
1.9060160e-03
2.1175700e-03
1.9730620e-03
1.5903670e-03
1.2797160e-03
1.1365610e-03
1.0351030e-03
9.2589600e-04
7.2026920e-04
2.9766200e-04
-3.4684840e-04
-1.0783920e-03
-1.9209320e-03
-2.8959340e-03
-3.8161790e-03
-4.5445720e-03
-5.1479120e-03
-5.8885650e-03
-6.9422080e-03
-8.1556920e-03
-9.3423860e-03
-1.0505910e-02
-1.1657840e-02
-1.2833850e-02
-1.3906750e-02
-1.4793010e-02
-1.5703340e-02
-1.6823270e-02
-1.8000850e-02
-1.9005580e-02
-1.9795650e-02
-2.0347470e-02
-2.0667790e-02
-2.0895240e-02
-2.1165340e-02
-2.1532630e-02
-2.2015050e-02
-2.2335460e-02
-2.2169540e-02
-2.1668250e-02
-2.1210380e-02
-2.0864110e-02
-2.0479780e-02
-2.0080430e-02
-1.9768400e-02
-1.9530520e-02
-1.9307560e-02
-1.9114730e-02
-1.9049770e-02
-1.9064130e-02
-1.9008910e-02
-1.8860460e-02
-1.8579550e-02
-1.8100000e-02
-1.7488000e-02
-1.6949620e-02
-1.6503640e-02
-1.6030290e-02
-1.5520630e-02
-1.5106910e-02
-1.4720310e-02
-1.4122960e-02
-1.3179050e-02
-1.1993080e-02
-1.0679260e-02
-9.3166290e-03
-7.9908370e-03
-6.6594630e-03
-5.2598640e-03
-3.8121460e-03
-2.3525360e-03
-9.5768480e-04
3.2015360e-04
1.4698050e-03
2.5633230e-03
3.5685100e-03
4.4757590e-03
5.3865590e-03
6.4055270e-03
7.4560350e-03
8.4484200e-03
9.3653210e-03
1.0156160e-02
1.0603250e-02
1.0576490e-02
1.0048370e-02
9.1092700e-03
8.0026110e-03
6.8459180e-03
5.5667670e-03
4.1175240e-03
2.7278730e-03
1.5978590e-03
7.6104830e-04
-2.7635540e-05
-9.9189710e-04
-2.0543340e-03
-3.0562870e-03
-3.8726230e-03
-4.4513610e-03
-4.9133390e-03
-5.5122360e-03
-6.2314610e-03
-6.8693890e-03
-7.4212650e-03
-7.9706730e-03
-8.5066820e-03
-9.0276790e-03
-9.6483270e-03
-1.0393600e-02
-1.1085120e-02
-1.1605350e-02
-1.1890750e-02
-1.1983870e-02
-1.1977460e-02
-1.1923630e-02
-1.1817750e-02
-1.1617030e-02
-1.1312320e-02
-1.0947100e-02
-1.0482950e-02
-9.8988150e-03
-9.3264390e-03
-8.9104570e-03
-8.6515980e-03
-8.5097770e-03
-8.4404020e-03
-8.2967720e-03
-8.0143810e-03
-7.5203370e-03
-6.7828020e-03
-5.9574630e-03
-5.2099940e-03
-4.4152830e-03
-3.3681190e-03
-2.1474250e-03
-1.0377310e-03
-9.3752920e-05
7.1933630e-04
1.4466910e-03
2.1183130e-03
2.6598490e-03
3.1540620e-03
3.7445870e-03
4.4412550e-03
5.2195850e-03
6.0639510e-03
6.8825550e-03
7.6946560e-03
8.5037200e-03
9.2805130e-03
9.9672660e-03
1.0409600e-02
1.0646940e-02
1.0878330e-02
1.1273940e-02
1.1894210e-02
1.2752030e-02
1.3700960e-02
1.4537260e-02
1.5276770e-02
1.5935700e-02
1.6360650e-02
1.6522150e-02
1.6504740e-02
1.6407050e-02
1.6323020e-02
1.6349420e-02
1.6582600e-02
1.7075860e-02
1.7715540e-02
1.8217500e-02
1.8479600e-02
1.8562390e-02
1.8539010e-02
1.8426590e-02
1.8182100e-02
1.7757610e-02
1.7224370e-02
1.6763770e-02
1.6310680e-02
1.5618280e-02
1.4558830e-02
1.3320710e-02
1.2114260e-02
1.0955980e-02
9.8626990e-03
8.8331040e-03
7.9979500e-03
7.4199520e-03
6.9981040e-03
6.6053870e-03
6.0482910e-03
5.2409210e-03
4.3076940e-03
3.3602310e-03
2.5201710e-03
1.7590600e-03
1.0279920e-03
2.7408630e-04
-5.5450290e-04
-1.3944890e-03
-2.2503660e-03
-3.0787020e-03
-3.7745460e-03
-4.2933960e-03
-4.7063760e-03
-5.1087870e-03
-5.6612740e-03
-6.4237980e-03
-7.2481190e-03
-8.0291420e-03
-8.6342260e-03
-8.9580130e-03
-9.0482920e-03
-9.0189720e-03
-8.9630290e-03
-8.9271220e-03
-8.9196990e-03
-8.9300730e-03
-8.9446320e-03
-8.9544910e-03
-8.9565420e-03
-8.9512930e-03
-8.9413810e-03
-8.9315410e-03
-8.9290830e-03
-8.9420870e-03
-8.9727390e-03
-9.0063460e-03
-8.9999290e-03
-8.8831860e-03
-8.5832790e-03
-8.0980420e-03
-7.5406110e-03
-6.9650860e-03
-6.2428530e-03
-5.2919970e-03
-4.2650350e-03
-3.3107480e-03
-2.4592550e-03
-1.6923180e-03
-1.0841790e-03
-5.8559500e-04
-1.6594260e-04
1.2750040e-04
3.6710080e-04
4.1191510e-04
2.1051130e-04
-1.3731590e-05
5.4965370e-05
3.6923410e-04
6.7882410e-04
8.5288750e-04
8.7957980e-04
8.1403290e-04
7.4183760e-04
7.6908740e-04
9.9559250e-04
1.4701090e-03
2.0731260e-03
2.5378680e-03
2.8206430e-03
3.0879820e-03
3.5111360e-03
4.1577100e-03
5.0280400e-03
5.9345060e-03
6.6208670e-03
7.0837480e-03
7.4335070e-03
7.7233400e-03
8.0344970e-03
8.3922370e-03
8.7089270e-03
8.9299580e-03
9.0819150e-03
9.3500740e-03
9.7530350e-03
1.0103580e-02
1.0356370e-02
1.0467750e-02
1.0490700e-02
1.0594130e-02
1.0973980e-02
1.1724860e-02
1.2720600e-02
1.3680040e-02
1.4358510e-02
1.4822100e-02
1.5290500e-02
1.5824890e-02
1.6255030e-02
1.6514550e-02
1.6641580e-02
1.6640730e-02
1.6440760e-02
1.5914540e-02
1.5034480e-02
1.3947670e-02
1.2789520e-02
1.1771220e-02
1.1007940e-02
1.0413670e-02
9.7431660e-03
8.8693620e-03
7.9662110e-03
7.2081130e-03
6.5855560e-03
5.8877940e-03
4.9754280e-03
3.9784590e-03
3.0461450e-03
2.2104130e-03
1.4403620e-03
7.7391510e-04
1.1764530e-04
-5.7927810e-04
-1.1831100e-03
-1.6410650e-03
-1.9956730e-03
-2.3351230e-03
-2.6044080e-03
-2.8276420e-03
-2.9795220e-03
-3.0697960e-03
-3.1734750e-03
-3.3593780e-03
-3.6326980e-03
-3.9326810e-03
-4.3089270e-03
-4.8460720e-03
-5.5540520e-03
-6.3842930e-03
-7.1863960e-03
-7.9210510e-03
-8.5672150e-03
-9.1322990e-03
-9.7071790e-03
-1.0250880e-02
-1.0513720e-02
-1.0431040e-02
-1.0106360e-02
-9.6286250e-03
-9.1896430e-03
-8.7834750e-03
-8.2274400e-03
-7.4405100e-03
-6.5444860e-03
-5.6558120e-03
-4.8935680e-03
-4.2125680e-03
-3.5021970e-03
-2.6817160e-03
-1.8755600e-03
-1.3124070e-03
-9.7966630e-04
-7.2930930e-04
-4.7685360e-04
-3.5974870e-04
-6.2409540e-04
-1.2209530e-03
-2.0556240e-03
-3.0104410e-03
-3.9576570e-03
-4.8230410e-03
-5.6209240e-03
-6.4072580e-03
-7.1465120e-03
-7.8995160e-03
-8.7124230e-03
-9.6103480e-03
-1.0581490e-02
-1.1435790e-02
-1.2067550e-02
-1.2552070e-02
-1.2989790e-02
-1.3518170e-02
-1.4133030e-02
-1.4619140e-02
-1.4887000e-02
-1.4966480e-02
-1.4876260e-02
-1.4597520e-02
-1.4107320e-02
-1.3514530e-02
-1.3058280e-02
-1.2759630e-02
-1.2444800e-02
-1.1965950e-02
-1.1303570e-02
-1.0535680e-02
