0.01
-3.5991680e-03
-3.2974260e-02
-1.2112440e-02
1.9397130e-02
3.5732650e-02
4.6973180e-03
-7.4415450e-03
2.2380520e-03
-1.5060960e-03
-1.3628820e-02
-3.7647160e-03
1.9378640e-02
2.6700340e-02
-1.1475050e-02
-2.2175860e-02
3.6331420e-03
6.1124620e-03
1.4179890e-02
1.4380590e-02
1.0386980e-02
4.9127840e-03
-1.2195490e-02
-2.3600920e-02
-4.3109660e-03
1.5662880e-02
3.9620880e-02
6.3497430e-03
-2.7996750e-02
-4.8296850e-02
-2.2318760e-02
3.3560810e-03
2.0633000e-02
2.1794200e-02
-4.8078750e-03
-2.2946840e-02
8.0865170e-04
1.5084140e-02
1.9610900e-02
-6.5427320e-03
-1.9013120e-02
-6.5316850e-03
-1.7627430e-02
-2.2688330e-02
-2.2182250e-02
6.9210170e-03
1.9626690e-02
1.8729390e-02
1.3921730e-02
-3.6987500e-04
4.8774620e-03
-5.6797150e-04
-1.1313530e-03
1.2698730e-03
-3.5974620e-03
-2.0055940e-02
-3.7697310e-02
-2.0210190e-03
4.1957840e-02
1.8294840e-02
-9.2063610e-03
-2.9816690e-02
-1.6146240e-02
6.2367780e-03
1.6025400e-02
2.8826150e-02
1.1064090e-02
-3.0724680e-02
-2.9114260e-02
7.9000360e-03
1.1832430e-02
3.0387280e-02
2.2663780e-02
-1.3894340e-02
-1.9266700e-02
1.6680400e-03
3.0430530e-03
-5.4523210e-03
1.3130670e-02
7.2881210e-03
-2.5893270e-02
-1.4442810e-02
1.8565260e-02
1.3110450e-02
1.3459420e-02
5.5111190e-03
-1.0026440e-02
-1.7696040e-02
-2.2928060e-02
3.1382660e-05
2.5256230e-02
-3.2531760e-03
-2.2046590e-02
-1.5397630e-02
-4.6811980e-03
1.8539850e-02
3.1296690e-02
1.7574330e-02
-2.0281830e-03
-2.8331510e-02
-2.2574850e-02
-4.1540780e-03
-9.3188400e-03
3.1443870e-02
1.5806850e-02
-2.2007440e-02
-1.1044740e-02
-1.0888170e-02
-7.3222880e-03
1.0115600e-02
2.4678780e-03
-1.6000580e-02
1.0387780e-03
1.4322640e-02
-3.0386110e-03
-5.2241620e-04
-9.2546070e-03
-9.8859770e-03
1.8313410e-03
2.0789080e-02
3.1799600e-03
-1.4782250e-02
-3.6140650e-03
-6.1579200e-03
8.4093020e-03
2.7856690e-02
2.2276620e-02
-3.4517770e-03
-1.2412850e-02
-2.0672680e-02
-7.0568040e-03
3.1155280e-02
1.8483030e-02
-2.7190500e-02
-2.1335170e-02
-1.1231430e-02
-4.5703450e-03
1.1504450e-02
1.9682830e-02
2.5940420e-02
7.8871220e-03
-1.2547080e-02
-1.4670670e-02
-2.2564250e-03
1.5343050e-02
-6.5938590e-03
-1.0881410e-04
2.8250090e-03
-1.4146460e-02
-2.4579700e-02
3.7059430e-03
2.1556070e-02
1.8889480e-02
-8.0206810e-03
-2.5384660e-02
-1.7988660e-02
1.7845630e-02
3.4372280e-02
3.3343180e-03
-3.1916690e-02
-2.6746540e-02
-9.0771150e-03
-6.0707980e-03
1.1334680e-02
1.6635470e-03
-1.1698160e-02
-1.2172420e-02
1.3055590e-02
2.5442050e-02
3.0426590e-02
1.5640490e-02
-5.7516510e-03
-3.5263880e-03
7.5001450e-04
-3.3879060e-03
-1.2203880e-02
-5.7736670e-03
3.8331450e-03
-8.9482800e-03
-1.0317380e-02
-2.9415190e-03
-3.3412360e-03
1.0385990e-02
5.6372000e-03
-2.0534110e-02
-2.0947440e-02
5.7841210e-03
1.8392940e-02
2.1075790e-02
8.5973870e-03
-4.3152410e-03
-1.7169420e-02
-2.0161860e-02
9.2233030e-03
3.1570160e-02
3.3640940e-02
2.8288170e-03
-3.1000050e-02
-4.2348290e-02
-2.6848130e-03
2.0141990e-02
1.3438910e-02
-6.6244460e-03
-2.9167560e-02
-1.1384810e-02
1.2806470e-02
2.2387570e-02
2.2811860e-02
1.2501640e-02
-1.7338700e-02
-3.4623870e-02
-1.2789880e-02
-3.2738450e-03
5.9454020e-03
2.6566130e-02
5.8733000e-03
-8.6153990e-03
-8.4046900e-03
-4.9902810e-03
-8.4141270e-03
2.3827340e-03
1.1900270e-03
7.1474370e-03
1.9798540e-02
8.4980690e-03
-9.2827690e-03
-1.3767530e-02
-2.7296760e-02
-2.5822260e-02
-1.0767150e-02
-1.3314410e-03
2.3510880e-02
1.8401280e-02
-8.7514790e-03
4.7333680e-04
1.3364410e-02
8.0421910e-03
5.5230220e-03
-1.5074380e-02
-5.0226370e-02
-3.5327550e-02
1.4511310e-02
3.9545050e-02
3.2333450e-02
1.4526940e-02
-2.0701890e-02
-3.1850320e-02
-4.5665990e-03
1.7805740e-03
-1.2957910e-02
-5.9243850e-03
1.4635740e-03
-7.2905050e-03
3.9109500e-04
1.7213660e-02
1.8002710e-02
-5.0515920e-03
-2.1030700e-02
-8.9499390e-03
7.2233340e-03
-6.0798020e-04
5.3754830e-03
-5.2087340e-03
-5.9996070e-03
1.8605830e-02
7.9642420e-03
-7.5749060e-03
-2.9942610e-03
-2.0366180e-02
-1.4125590e-02
9.6309630e-03
1.0941250e-02
1.6746550e-02
-3.8066550e-03
-3.5219100e-03
8.2077260e-03
1.4846470e-04
-1.2078200e-02
-8.0974420e-04
-2.3880320e-03
1.4368460e-02
1.5069600e-02
1.7888800e-03
-6.6939510e-03
-6.6006130e-03
-5.8316360e-03
4.9641730e-03
4.4313070e-03
1.4592800e-02
2.3352910e-02
-9.8768640e-03
-3.9997490e-02
-1.2967380e-02
2.1509580e-02
2.6291180e-02
1.1358740e-02
-1.7102380e-02
-1.4996830e-02
-4.0813550e-03
-3.3444090e-03
1.9977430e-03
1.8195750e-03
3.1366970e-03
-9.3294110e-04
-1.0989400e-02
-1.6543440e-02
-2.5731030e-04
1.1729040e-02
6.1336980e-03
1.5472580e-02
2.0116340e-02
9.4297350e-03
-1.0548250e-02
-2.2453140e-02
-1.6090160e-02
-6.7494200e-03
3.9002060e-03
5.5806590e-03
-1.6765360e-03
2.7848210e-03
-1.9429470e-03
-4.0211020e-03
3.9251410e-03
7.4939780e-03
-1.1327400e-02
-1.1372760e-02
-1.9077340e-03
7.6970810e-03
2.1395340e-02
9.1268960e-03
-8.1154430e-04
-8.9489080e-03
1.2418380e-02
-6.5821690e-04
-7.8734480e-03
-1.0268040e-02
-1.1164350e-02
7.0965210e-04
3.9583720e-03
5.0291640e-03
-1.2730930e-03
1.2777450e-02
1.1085360e-02
-1.7772190e-02
-1.3166550e-02
1.6212580e-02
5.9455750e-03
7.6694480e-03
-1.8509130e-05
1.2234310e-03
2.0141120e-02
1.8684600e-02
8.0147360e-03
5.8575240e-03
4.4817450e-03
1.3575080e-02
9.7728520e-03
-6.4851710e-03
-1.7583500e-02
-2.9575740e-02
-3.9919840e-03
2.7907080e-03
6.3379850e-03
1.8419840e-03
1.1164570e-03
8.3836770e-04
2.4296830e-02
-8.0193880e-04
-7.1216430e-03
2.3365710e-04
-8.5715360e-03
-1.2284870e-02
-1.9479020e-02
-1.1130310e-02
1.5726700e-02
2.8154380e-02
-1.3598370e-02
-2.4783740e-02
-1.3658290e-02
8.8921820e-03
1.5798570e-02
2.2484370e-02
9.0896100e-03
-9.4314050e-03
-1.7086370e-02
-4.7673680e-04
2.4231820e-02
3.0036010e-02
2.4932290e-02
-1.2321110e-02
-3.1980870e-02
-4.9833780e-03
1.6301110e-02
2.7917180e-02
2.3713300e-02
-8.9284810e-03
-1.9107240e-02
-3.4365840e-02
-1.1828070e-02
9.0883790e-03
1.5827770e-02
3.3537400e-02
3.4636230e-03
-7.9596570e-03
-1.3353450e-04
-6.2616230e-03
1.8348800e-03
1.9918080e-03
5.4408530e-03
9.4669030e-03
-5.0687750e-03
-2.3218560e-02
-5.9218670e-03
1.9854090e-02
1.6992580e-02
-5.0730320e-03
-1.1341260e-02
-1.3572320e-02
2.5100010e-05
1.5705610e-02
1.3045360e-02
-2.4077750e-04
-5.5999950e-03
-1.3246840e-02
-1.4831290e-02
1.9015570e-03
3.1648080e-02
-1.4790890e-03
-1.1150690e-02
1.4097200e-03
1.7539420e-03
6.8788230e-03
8.5071160e-03
1.6375940e-03
2.8936080e-04
-1.3450210e-02
-1.9611980e-02
4.8081660e-04
4.5093370e-03
2.0944930e-04
-4.9789980e-03
-3.2544690e-03
9.5169340e-03
1.2454980e-02
7.6980340e-04
-7.4218980e-03
-9.3365210e-03
8.9046280e-03
3.7322200e-03
2.7554760e-03
7.7392980e-03
7.0958830e-03
-1.8176070e-03
-1.3369080e-02
-9.9118740e-03
5.5408010e-03
6.6228140e-03
1.3797920e-02
-4.0079160e-03
-1.2559380e-02
6.8449720e-03
5.9883380e-03
9.3811680e-03
7.9537070e-03
-1.0040710e-03
-1.3193150e-03
9.4022790e-03
1.0946000e-02
-1.6001300e-03
-3.5219300e-03
1.7808310e-02
9.6220840e-03
4.3026190e-03
3.3233570e-03
-6.5039890e-03
-3.9181760e-03
7.5786940e-03
2.5138040e-03
4.2060320e-03
4.8660720e-03
4.0770130e-03
2.0251600e-03
5.9468310e-03
3.7142190e-03
1.3009570e-03
1.1868420e-02
4.0891630e-03
-6.8935710e-03
5.2086370e-03
-1.0390950e-02
-1.7197060e-02
-7.9999470e-03
-3.3849120e-03
3.9998370e-03
1.9995140e-02
5.1639950e-03
-4.0421720e-03
-1.4230480e-04
2.4573070e-03
-9.5289040e-03
-3.7981670e-03
1.1842400e-02
2.4673190e-03
-8.5480820e-03
-1.1250430e-02
-6.4953370e-04
-2.8350200e-03
5.9561100e-03
3.7482210e-03
-2.0555850e-03
-6.7626290e-03
2.4502980e-02
2.3518790e-02
-1.3592200e-03
-2.9878990e-03
-2.9089470e-02
-3.0617570e-02
-3.1696930e-03
2.3127330e-02
3.7928830e-02
2.0543900e-02
2.1527530e-02
-8.5567640e-03
-2.5479450e-02
-1.9092610e-02
-2.6843260e-02
-1.1103260e-02
-7.2979400e-04
-2.4119420e-03
1.1842400e-02
3.3293390e-02
2.5863750e-02
1.3619590e-02
7.1981890e-03
-1.4956990e-02
-1.6560780e-02
-1.3520200e-02
-2.2363070e-02
-3.2970260e-02
-2.4264730e-03
3.4914630e-02
5.1353610e-02
1.9233190e-02
-1.6366980e-02
-3.3765740e-02
-2.5283890e-02
-1.4834870e-02
6.8874450e-03
1.7712320e-02
2.7700270e-02
2.6902170e-02
8.8492220e-03
-2.2258600e-02
-2.0242430e-02
1.6136820e-03
-4.5178240e-03
-2.2219740e-02
-9.3997360e-03
-2.3117280e-03
3.6271260e-02
6.3313860e-02
2.9558210e-02
-5.9710720e-03
-1.8579450e-02
-2.1941030e-02
-1.5909380e-02
-1.3066400e-02
8.4249600e-04
-8.8364660e-03
-1.7586950e-02
-1.2192210e-02
2.6161110e-02
1.7005840e-02
-2.0812250e-03
-2.9747110e-02
-6.5480090e-03
3.8199110e-02
5.3611010e-02
3.0061770e-02
-2.0456440e-02
-5.8666930e-02
-4.0739870e-02
1.0009130e-02
4.8431180e-02
6.2600270e-02
2.5349340e-02
-3.8208350e-02
-3.7717300e-02
4.5674740e-03
2.6428670e-02
3.9305850e-02
1.9875490e-02
-4.4120720e-02
-9.1036660e-02
-5.7844520e-02
-1.9752490e-02
-4.3500700e-03
-9.8330710e-03
1.9772380e-02
4.5521700e-02
2.2702970e-02
-2.6571310e-02
-5.0147860e-02
-1.8052240e-02
5.2469570e-02
5.4375870e-02
3.9230520e-03
-2.0075660e-02
-3.1401920e-02
5.3116590e-03
5.5197790e-03
1.2516300e-02
2.8387890e-02
3.2719550e-03
-3.9246950e-02
-6.0568110e-02
-3.7950970e-02
2.4223990e-03
5.4264120e-02
4.7953980e-02
2.7314900e-02
2.8938940e-02
-2.6845320e-03
-5.0714170e-02
-7.3548620e-02
-6.3817020e-02
-5.1281960e-02
-1.9894330e-02
3.2133490e-03
6.9308110e-03
2.7836490e-02
9.0467730e-03
-2.2287070e-02
-1.5195140e-02
2.0909630e-02
5.8805480e-02
3.7684400e-02
-2.0128290e-02
-3.4975030e-02
5.0571940e-02
1.0925820e-01
6.9187810e-02
-2.6131870e-02
-7.9469740e-02
-4.7635190e-02
-1.1499410e-03
1.1227170e-02
-1.4123240e-02
-3.1935560e-04
2.8537640e-02
4.4346160e-02
1.9522870e-02
-3.5353450e-02
-1.0877810e-01
-6.8882810e-02
2.1456830e-02
3.6277530e-02
-7.7154440e-03
-3.3845700e-02
-3.3162150e-02
1.4070430e-02
6.0259940e-02
4.3376600e-02
1.5337650e-02
2.6805680e-03
6.7626450e-03
6.1505720e-03
-4.1431710e-03
-9.4004470e-03
-8.0070840e-03
-6.0531110e-03
2.3309440e-02
5.8289790e-02
4.9315410e-02
-2.6494360e-02
-8.5955050e-02
-5.0831820e-02
4.1017050e-03
2.5907010e-02
-5.3506350e-03
-1.6098740e-02
9.6786920e-03
3.2380000e-02
2.0259960e-02
1.1079670e-02
2.8619220e-04
-2.6872640e-04
-3.8657850e-02
-6.6963290e-02
1.4284410e-02
7.6080770e-02
6.6569910e-02
4.9822650e-02
2.7488940e-02
2.0029910e-03
-2.1847530e-02
-4.6657150e-02
-4.4747520e-02
-5.2974640e-02
-7.0248880e-02
-4.9020430e-02
-7.2586890e-03
1.9603450e-02
4.9004520e-02
3.4916700e-03
-5.6968670e-02
-8.4903280e-03
3.8932450e-02
7.4020820e-02
3.0899660e-02
-5.6411590e-02
-1.0037790e-01
-3.6157340e-02
4.4646330e-02
4.8281330e-02
-2.1814710e-04
-3.3463260e-02
-4.3290310e-02
-2.7382560e-02
3.9945410e-03
2.6390710e-02
2.5772030e-02
2.4468380e-02
-2.2004900e-02
-4.6249500e-02
-3.6683510e-02
1.6783090e-03
1.5785830e-02
-1.4589850e-02
-5.0506520e-02
-5.1004150e-02
-3.1957720e-03
2.9178960e-02
6.5648660e-02
7.6891670e-02
6.8200020e-02
1.0114870e-02
-5.1911340e-02
-5.2309470e-02
-5.7779090e-03
4.0306170e-02
2.4924690e-02
-7.6037640e-03
-6.1733440e-03
2.5976900e-02
2.9887290e-02
2.7214830e-02
-5.2485420e-03
-8.0074220e-02
-8.3775480e-02
-3.5708530e-02
5.6732850e-03
3.0661550e-02
4.7285680e-02
5.5838330e-02
-1.6371920e-02
-3.5621630e-02
-1.0138880e-02
6.3180800e-03
-4.7329570e-02
-8.3945560e-02
-5.6232780e-02
2.9053880e-02
3.6501750e-02
1.2099900e-02
-6.7826570e-03
-3.6038800e-02
-4.8880270e-02
-1.9526190e-02
8.2164650e-03
3.1527270e-02
4.0282200e-02
2.1941300e-02
3.6951620e-03
-1.4996020e-02
-3.3379990e-02
1.2071960e-02
5.1403310e-02
4.5748790e-02
6.5027810e-02
6.2884630e-02
-1.1577110e-02
-7.5889430e-02
-5.1745240e-02
-8.9817400e-03
9.7972380e-04
7.2355070e-03
1.1254140e-02
1.2727000e-04
-2.7477050e-02
-7.5762230e-02
-4.3599740e-02
2.8973010e-02
5.4682530e-02
4.4042060e-02
2.3149410e-02
-2.6223860e-02
-5.6674440e-02
3.3278330e-03
5.0075440e-02
5.0905030e-02
2.2751890e-02
-2.2407940e-02
-5.0397900e-02
-5.1338330e-02
-4.5922860e-03
7.6756600e-02
8.9413170e-02
4.8887310e-03
-6.8050050e-02
-8.7314100e-02
-4.3941000e-02
2.5986920e-02
8.1352190e-02
4.2594900e-02
-2.9902570e-02
-1.4028090e-02
2.5976010e-02
2.1810520e-02
-1.4713970e-02
-3.4212350e-02
-3.7608140e-02
-2.6965670e-02
2.8566360e-02
2.5680320e-02
-4.0843680e-02
-2.9381420e-02
-2.8968990e-03
2.5153390e-02
5.6892310e-02
1.3446150e-02
-5.5497320e-02
-4.3127530e-02
-4.4908110e-03
1.4656090e-02
-8.3629110e-03
-3.9868860e-02
-2.2207900e-02
9.8603740e-03
3.7749530e-02
1.9850480e-02
1.2320500e-02
-8.0650920e-03
-2.7347370e-02
-1.2322280e-02
2.4558320e-04
2.0410930e-03
-5.4730950e-02
-7.9972270e-02
-8.8140200e-03
6.5953680e-02
9.9487860e-02
3.6594250e-02
-6.4673160e-02
-5.7038370e-02
3.3993810e-02
8.2143330e-02
3.1328040e-03
-5.6379570e-02
-3.7902960e-02
3.1298770e-03
5.2005340e-02
2.1217800e-02
3.8129300e-03
3.8444950e-02
1.3847870e-02
-5.7494970e-02
-1.0301980e-01
-4.9793940e-02
4.9861110e-02
9.1533200e-02
3.0390250e-02
-2.5435620e-02
-2.5883910e-02
1.2542780e-02
6.2362750e-02
3.5809090e-02
9.8108220e-03
9.5579500e-03
7.4034140e-03
-3.1161550e-02
-4.0041590e-02
-2.8610280e-02
1.2837120e-02
4.2851320e-02
1.0470390e-02
-3.6551360e-02
-3.6002450e-02
1.0053050e-02
2.4775990e-02
2.3392760e-02
5.7655220e-02
4.0001880e-02
6.1806740e-03
-3.8592410e-03
-3.4474800e-02
-3.6990050e-02
7.5667810e-03
3.0972520e-02
5.0408910e-02
3.0710240e-02
-1.8211260e-02
-2.6664120e-02
-3.4288040e-02
-2.8255870e-02
4.8691250e-04
1.3390520e-02
4.8674140e-03
-6.7651540e-03
-4.1662700e-02
-6.4273850e-02
-3.7953070e-02
1.8470450e-02
5.2411380e-02
7.0801420e-02
5.9821760e-02
1.3377680e-02
-2.5135000e-02
-5.4053040e-02
-4.2755920e-02
-8.8353300e-03
5.9760170e-03
4.0248180e-02
2.5547270e-02
-2.1173660e-02
-3.0338210e-02
-1.7578230e-02
-3.6591060e-02
-5.1331250e-02
-2.5437100e-03
5.2446300e-02
3.8459030e-02
-7.5199220e-03
-4.2833770e-02
-3.9752910e-02
9.6524510e-03
6.1062600e-02
8.6755960e-02
7.7495570e-02
1.5995420e-02
-5.7221070e-02
-8.9695470e-02
-7.5563950e-02
-1.1119170e-02
3.7793460e-02
3.1947550e-02
-1.8310480e-02
-1.5281770e-04
3.2885230e-02
3.7230780e-02
3.4741590e-02
2.3009380e-02
7.8404630e-03
1.1053980e-03
-2.9300540e-02
-5.8127270e-02
-5.3502490e-02
-4.0079040e-02
8.7213590e-03
8.4890110e-02
9.4861600e-02
4.7707310e-02
-4.1970100e-03
-5.5190620e-02
-5.0956640e-02
-4.7339690e-02
-3.2600340e-03
3.9831390e-02
6.3501330e-02
6.3732640e-02
6.1983460e-02
-8.4056140e-03
-6.5318740e-02
-2.1621490e-02
3.3941510e-02
5.9369590e-02
4.3907390e-02
-1.2052040e-02
-8.3555630e-02
-7.8070520e-02
-4.1698260e-02
1.0655890e-02
5.3121970e-02
2.3253470e-02
-1.1869870e-02
-3.6889150e-02
-2.7469590e-02
-1.6176520e-02
-1.2210310e-02
6.8575470e-03
-2.9276110e-03
-2.6732600e-03
2.7098050e-02
4.3592330e-02
5.2176480e-02
5.3251920e-02
4.5702870e-02
-9.5455570e-03
-8.6458900e-02
-9.2351400e-02
-2.1595720e-02
2.9245810e-02
4.4322430e-02
9.5469370e-03
-1.2708490e-02
-1.5559820e-02
7.5095040e-03
1.6751800e-02
2.7612170e-02
3.7687270e-02
1.9137760e-02
1.1671110e-02
9.6344880e-04
1.7515990e-03
2.7423700e-02
5.1396590e-02
5.6844910e-02
3.5534200e-02
4.8103790e-02
4.8557860e-02
1.3679810e-02
-2.9056210e-02
-7.0161720e-02
-7.9574660e-02
-6.2608330e-02
-3.7482420e-02
-4.4641260e-02
-3.5591100e-02
-1.6317800e-02
1.0896560e-02
1.0148450e-02
2.8154000e-02
4.3904440e-02
1.8665160e-02
-8.0783140e-03
-2.4424060e-02
-2.2111020e-02
1.1297370e-02
4.3550710e-02
5.2413810e-02
-2.2739090e-03
-5.1850310e-02
-1.3119410e-02
3.9835230e-02
7.5991070e-02
5.1626290e-02
-1.6853230e-03
-6.2259150e-02
-8.2580000e-02
-3.2816300e-02
-8.9531580e-03
-3.1587400e-02
-1.7847670e-02
3.3607440e-02
5.7148500e-02
1.8804000e-02
9.1302260e-03
8.8726830e-03
-1.9974240e-02
-3.5073540e-02
-1.3296510e-02
2.0079490e-02
4.4050520e-02
5.1117710e-02
-2.3977430e-02
-6.6689590e-02
-3.0312590e-02
5.0143820e-02
6.3209270e-02
3.1986880e-02
-1.1004190e-02
-4.2376410e-02
-3.7716130e-02
-2.4615110e-02
-1.4821020e-02
1.4753830e-02
3.3468270e-03
-1.9714760e-02
1.8557980e-02
3.0257340e-02
3.8404160e-02
1.0176030e-03
-3.3026440e-02
-3.7582630e-02
-1.3465250e-02
-3.5851760e-03
-2.4758560e-03
-9.1316750e-03
-2.6799450e-02
-1.9901800e-03
2.6851150e-02
3.1387450e-02
3.9422080e-02
3.4794110e-02
7.4885940e-03
-4.0948440e-02
-5.4311720e-02
-1.1594940e-03
2.0517130e-02
-1.8268430e-03
-5.7843010e-02
-3.7836140e-02
3.0648430e-02
5.5880430e-02
7.8571270e-02
5.4286180e-02
4.6560990e-03
-4.3552960e-02
-6.4448340e-02
-1.6748530e-02
4.0940710e-02
6.0431760e-02
7.1321410e-04
-6.0300800e-02
-4.5210020e-02
1.7787150e-03
1.7202660e-02
6.6409380e-03
-4.7061790e-03
-8.8250880e-03
2.0892060e-02
3.0387690e-02
1.6889570e-02
-2.8268830e-02
-6.0106070e-02
-2.8602030e-02
-9.9419140e-03
1.5416440e-02
2.3800780e-02
4.2702480e-02
5.2626360e-02
2.1988390e-02
-4.5592300e-02
-7.0807330e-02
-1.7444390e-03
6.7100220e-02
3.8965770e-02
2.3985270e-02
1.8188580e-02
7.9512660e-04
1.0898570e-02
-5.2560880e-03
-3.9863530e-02
-5.1522740e-02
-1.3952410e-02
1.7558910e-02
8.3507610e-03
-1.8635340e-02
-1.6107530e-03
1.8900320e-02
2.1848600e-02
1.0553140e-02
-2.7581210e-02
-5.4380200e-02
-5.1302150e-02
-6.8125950e-03
3.5641810e-02
2.7071280e-02
-8.7438300e-04
-1.8505570e-02
-3.6045130e-02
-3.5797470e-02
-3.0187510e-02
-1.2360080e-02
7.4112410e-03
2.2611680e-02
1.0687660e-02
-7.3313560e-03
7.7908850e-03
2.0762650e-02
7.0733270e-03
3.0558300e-03
1.1951350e-02
-3.1476360e-03
-1.9537410e-02
-2.2253620e-02
-1.8581980e-02
-1.8456730e-02
-2.4005850e-02
-3.8644170e-02
-1.8112220e-02
3.6617300e-02
4.5361540e-02
1.1560580e-02
-3.7827880e-02
-2.8176960e-02
1.8756880e-02
8.4445870e-03
6.3567640e-04
-4.3221260e-02
-3.8210760e-02
2.1441760e-02
4.6325350e-02
4.8565280e-02
1.2130980e-02
-1.4839360e-02
-1.1820520e-03
1.0363220e-02
2.5269860e-02
-7.5939130e-03
-3.3185620e-02
-4.3092890e-02
-3.0676940e-02
-3.6816800e-02
-4.0038350e-02
-2.4467040e-02
2.1359500e-02
5.3317750e-02
3.3823120e-02
-8.6379690e-03
-1.3245420e-02
3.1790620e-04
-7.9019630e-03
-2.9694430e-02
-5.3241820e-02
-3.4187740e-02
1.5603650e-02
2.8681920e-02
2.7759640e-02
2.4236050e-02
3.1380080e-02
2.2250530e-03
-2.8244530e-02
-9.4711950e-03
-1.5793030e-02
-3.4287730e-02
-1.0022020e-02
2.9545230e-02
1.0950410e-02
-6.4878790e-03
-8.5270810e-03
-2.8462600e-02
-4.0196200e-02
-4.1864160e-02
-2.2246510e-02
7.8434820e-03
-5.1677260e-04
-2.3397880e-03
1.1249730e-02
3.8578210e-02
2.9648410e-02
9.5383580e-03
1.1751410e-02
1.9839270e-02
2.7420780e-02
1.7498570e-02
8.2603090e-03
-1.6352220e-02
-1.9530400e-02
-1.8464030e-04
1.4320340e-03
-9.4830970e-03
-4.9114170e-03
8.4368620e-03
-4.3346190e-03
-5.3064780e-03
3.0370230e-03
2.9686160e-03
-2.0139100e-03
-9.0028850e-03
2.6706040e-03
1.4315220e-02
2.5518720e-02
2.5079490e-03
-1.2562840e-02
-1.2085100e-02
1.0910100e-02
2.1820200e-02
4.2123800e-02
4.2562010e-02
4.7424470e-02
3.3773660e-02
-3.4472040e-02
-7.2363350e-02
-3.8312760e-02
2.0476230e-02
1.7518590e-02
-3.7304090e-02
-6.6669630e-02
-3.4448770e-02
1.1119850e-02
2.8565940e-02
-1.1471950e-04
-1.7863940e-02
-2.5789210e-02
8.1455030e-03
5.8479980e-02
2.4051570e-02
-2.3602310e-02
-1.7184330e-02
-3.7822540e-03
3.8403530e-02
6.5407780e-02
1.6269980e-02
-1.5193450e-02
-3.6795320e-02
-3.6843890e-02
-1.7937120e-02
1.9394830e-02
4.3575840e-02
3.4796040e-02
1.2370180e-02
-2.0052470e-02
-2.4827490e-03
8.9275180e-03
5.3841410e-03
2.3239590e-02
3.2091380e-02
3.3354050e-03
-1.8368920e-02
-3.6076700e-03
2.3133280e-02
4.6068590e-03
-2.6294000e-02
-2.0149650e-02
1.6663580e-03
-9.2271720e-03
-2.7041450e-02
-1.0516550e-02
5.9208290e-02
8.7322320e-02
6.2958320e-02
-3.4206040e-03
-4.2014010e-02
-4.6660580e-02
-2.7756060e-02
4.6299370e-03
2.2817170e-02
-2.9635170e-02
-6.4543870e-02
-2.5276420e-02
1.1170700e-02
3.4103020e-02
4.7008040e-02
2.9484070e-03
-3.3828550e-02
-3.1995920e-02
3.0374300e-03
1.5657080e-02
1.0777270e-02
3.0169980e-03
-6.8458450e-03
-7.3895250e-03
1.0109710e-02
1.7878330e-02
5.2913880e-03
-8.3788210e-03
-3.5442730e-03
1.6949590e-03
-2.3419790e-03
-2.1430420e-03
5.0995240e-03
7.9908070e-03
1.4553230e-02
1.5652740e-02
4.8622050e-03
-1.4421450e-02
-2.7620360e-02
-3.5232470e-02
9.9037310e-03
4.1688110e-02
2.8287120e-02
2.3697030e-04
-1.3498540e-02
1.7237370e-02
4.9913900e-02
3.5634920e-02
-2.8958960e-03
-5.4806500e-02
-7.0526430e-02
-5.0665850e-02
-1.2100370e-02
3.1348910e-02
4.6017560e-02
1.9324030e-02
9.4769490e-03
1.3389440e-02
-8.4726860e-03
-3.3917630e-02
-5.9048910e-02
-2.2198290e-02
3.1335100e-02
4.6461580e-02
2.6037440e-02
1.3132050e-02
1.6919830e-02
-2.3196860e-03
-2.1023980e-02
-1.6279110e-02
2.6049330e-02
3.5430710e-02
-1.7025710e-02
-5.7786520e-02
-5.4900850e-02
-3.8954060e-04
4.1755040e-02
2.8393220e-02
9.2428510e-03
-2.8703360e-02
-3.9131540e-02
-1.1943760e-02
1.9127220e-02
4.9779440e-03
-2.6342770e-02
-1.2596350e-02
-9.7628530e-04
1.4866020e-02
3.0203690e-02
3.8694410e-02
3.8474870e-02
1.0420170e-02
-1.0028100e-02
1.0539860e-02
2.8056300e-02
3.3036900e-02
1.9425730e-02
6.4385180e-03
-2.5854760e-02
-3.9533850e-02
-1.6890220e-02
-3.6007860e-03
5.3074250e-03
1.1039190e-02
-1.3746320e-03
1.6723300e-04
1.0519510e-02
3.4791890e-02
5.2943300e-02
2.3775630e-02
-1.5013470e-02
-1.2444910e-02
-2.9241280e-03
8.1093680e-03
-9.5801540e-03
-3.3745240e-02
6.8951240e-03
3.3498230e-02
1.4845560e-02
-3.2108270e-02
-2.6029130e-02
-7.9019130e-03
-1.4455630e-03
2.0472800e-02
1.3392140e-02
1.1002750e-02
9.9989200e-03
-2.6034530e-02
-5.0333620e-02
-2.6063870e-02
2.8074300e-02
6.2904110e-02
2.9972480e-02
-4.1578690e-03
-5.4873750e-03
-7.6303480e-04
-4.2494670e-03
-3.5132020e-02
-5.6859520e-02
-5.6947590e-02
-2.4355190e-02
1.8739650e-02
2.7945050e-02
2.3530400e-02
1.3945120e-02
-8.9186220e-03
1.0262160e-02
3.0399100e-02
9.7874280e-03
-1.2700550e-02
-1.0404000e-02
3.1958310e-03
1.1813500e-02
2.3637380e-02
3.2915150e-02
1.5586110e-02
-4.3882870e-03
-2.1443620e-02
-4.2436230e-02
-1.8988910e-02
1.3799550e-02
1.1977940e-02
-1.7072530e-02
-2.1966090e-02
-5.5482010e-03
1.9057140e-02
4.2080600e-02
3.0695130e-02
-1.4679490e-02
-6.3534950e-02
-6.9946400e-02
-2.8817840e-02
-1.4133070e-02
-9.5178340e-03
-2.5257930e-03
6.4218460e-03
1.2560430e-02
3.2427440e-02
2.4478060e-02
-1.1447650e-02
-2.9544860e-02
-3.0627220e-02
-1.5814810e-02
1.0987180e-02
2.8543880e-02
1.8448640e-02
1.5116580e-02
2.6098970e-03
-9.6464540e-03
-8.7411190e-03
-6.1104060e-03
-2.4480750e-02
-3.4914150e-02
-4.2898480e-02
-1.2475310e-02
2.0062510e-02
1.7711230e-02
2.2313040e-03
-2.5994760e-03
6.3436700e-04
-1.0582330e-03
2.3626290e-02
3.4480630e-02
2.6838330e-02
1.6454750e-02
-8.4411470e-03
-1.2475260e-02
1.1001960e-02
2.7370330e-02
1.5549470e-02
-8.4696100e-03
-1.7868730e-02
-5.7339270e-03
-1.5951260e-04
-7.4921730e-03
-9.8122710e-03
2.9137470e-03
1.9102220e-02
2.0749780e-02
1.5558640e-02
-2.4502240e-03
-1.7956530e-02
-1.3576460e-02
-1.0607980e-02
1.8304360e-04
6.8606470e-03
2.0520380e-02
2.3982930e-02
1.1346870e-02
-5.8197570e-03
8.2981470e-03
2.4157490e-02
1.3566410e-02
-2.0189170e-02
-2.5923660e-02
-5.9605170e-03
7.6535120e-03
-4.2952770e-03
-8.6489490e-03
-3.1661850e-03
-2.3150130e-02
-1.0043420e-02
1.9295800e-02
2.1592090e-02
6.9856360e-04
-4.9742930e-02
-6.1918040e-02
-1.5878440e-02
3.2500230e-02
4.8149750e-02
2.2043400e-02
-2.8668530e-03
1.3673200e-02
1.4896590e-02
-3.9290490e-03
-6.2972880e-03
-9.0812210e-03
-1.1951670e-02
-1.4426380e-02
-6.4429630e-03
-1.3804110e-02
-2.2109510e-03
2.2446020e-02
3.2134670e-02
8.8211060e-03
-9.5663080e-03
-2.4274450e-02
-2.6022060e-02
-1.1060350e-02
9.2027290e-03
5.5349040e-03
-4.0449840e-03
1.1357490e-02
2.1746980e-02
2.1139510e-02
1.5082660e-02
-2.4414610e-03
-1.7318030e-03
-9.3777120e-03
-2.3592070e-02
-2.8464100e-02
-4.0503920e-02
-2.0664530e-02
7.9971480e-03
-2.4727530e-03
-1.8393340e-02
6.9977000e-04
2.8078490e-02
1.8511600e-02
-9.6497350e-03
-1.8054470e-02
-2.3292880e-02
-2.1467590e-02
7.6794470e-03
2.3540750e-02
1.8587710e-02
8.5496570e-03
-3.8364250e-03
-6.2275800e-03
7.2170670e-04
2.4518940e-03
2.7201910e-04
5.3783210e-03
7.9636720e-03
8.0296660e-03
-1.4667180e-02
-3.7709870e-02
-2.0903370e-02
7.8317760e-03
2.8204350e-02
2.2272920e-02
-4.7429900e-03
-3.7430190e-02
-4.7282040e-02
-2.6616110e-02
9.4238880e-03
2.6482420e-02
3.5730530e-02
3.5613580e-02
1.7945720e-02
-8.7979710e-03
-4.6645280e-02
-4.5596170e-02
-5.3012090e-03
2.8815860e-02
2.5951930e-02
-2.2353870e-03
-2.1929700e-02
-2.0373550e-02
-2.7810920e-03
2.1497230e-02
1.0069780e-02
-1.6315220e-02
-1.8565160e-02
1.7271400e-02
3.6641890e-02
4.0115840e-02
1.9046690e-02
-1.1606400e-02
-3.1530950e-02
-2.4719500e-02
-1.2198530e-02
-1.2745860e-02
-1.2732560e-02
-1.2195410e-02
-1.3684100e-02
-7.5682470e-03
1.1683280e-02
2.6160290e-02
3.8005650e-02
1.9055000e-02
-1.6240800e-02
-4.0451130e-02
-4.0077860e-02
-2.3222330e-02
1.0722270e-02
3.4598640e-02
3.3552190e-02
2.5815400e-02
1.1562970e-02
4.8759410e-04
1.9132540e-04
3.3500650e-04
-5.8848380e-03
-1.8745030e-02
-3.8442930e-02
-2.4330170e-02
1.0808220e-02
4.3909550e-02
4.6645340e-02
1.0218660e-02
-1.6777060e-02
-2.3167780e-02
-5.5074380e-03
1.4294470e-02
-1.1223690e-03
-1.9295310e-02
-2.5338620e-03
9.5721100e-03
-3.8895330e-04
-1.0149540e-03
-2.2214940e-03
1.5346670e-02
2.5912270e-02
1.0440300e-02
-4.2398670e-03
-1.2892830e-02
-7.7405480e-03
2.6408120e-03
6.4493930e-04
-4.9734490e-03
2.6074250e-03
9.9486880e-03
-3.7753030e-04
-5.9836160e-03
-2.7473520e-02
-3.3420420e-02
4.9240630e-03
3.5584210e-02
2.1316660e-02
-5.4041570e-04
1.1152710e-02
1.8003940e-02
1.0711810e-02
-1.8689340e-02
-3.1786010e-02
-1.5737610e-02
7.7620700e-03
1.2546810e-02
4.1214660e-03
-9.2825310e-03
-1.6983240e-02
2.7423340e-03
2.8496360e-02
1.0866980e-02
5.1987320e-03
1.7494410e-02
8.8367700e-03
-1.0211210e-02
-3.1033680e-02
-4.3090820e-02
-3.5023100e-02
-7.2407680e-03
3.0855680e-02
2.4396080e-02
2.3517760e-02
3.5184600e-02
2.2218150e-02
3.1021870e-03
-1.7267890e-02
-2.8577510e-02
-2.0661410e-02
-1.7797260e-02
-2.1574990e-02
-2.6763990e-02
-2.0713040e-02
-3.9616460e-04
1.3819110e-02
1.4899500e-02
1.8022540e-02
9.3351020e-03
-8.3243080e-03
-2.6308950e-02
-3.1633850e-02
-2.2193310e-02
-1.7502910e-02
-1.5103800e-02
1.2813450e-02
3.8931650e-02
1.5358450e-02
-4.2704000e-03
-1.6476110e-02
-1.7229600e-02
-8.5475350e-03
-7.6800420e-03
-1.7075990e-02
-2.9121170e-02
-2.8161520e-02
-8.1116090e-04
1.7713780e-02
1.4247230e-02
2.0380350e-02
2.5076840e-02
2.5254620e-02
2.6277940e-02
2.0530850e-03
-1.5597720e-02
-1.3347410e-02
-4.7243180e-03
-1.7229380e-03
-2.4841270e-03
-9.9270810e-03
-1.1116280e-02
-4.8879260e-03
7.2635710e-03
2.5497130e-02
1.8249870e-02
-1.7496140e-02
-4.5694490e-02
-3.8731980e-02
-2.3677680e-04
3.1523630e-02
3.4595770e-02
1.3098140e-02
-1.0720440e-02
-3.2183240e-02
-2.7422980e-02
-1.5372640e-02
-5.7653660e-03
1.9178140e-02
3.7436500e-02
1.8243100e-02
-4.7069430e-03
2.2884910e-03
1.6084280e-02
2.0999810e-02
2.1317940e-03
-7.1538000e-03
-8.4787830e-03
-1.4266420e-02
-5.0086430e-03
1.2327740e-02
3.5177680e-03
-1.1953630e-02
-3.1893640e-03
-1.9025130e-03
-5.9441610e-03
-8.1369270e-03
-7.7300130e-03
-9.6034380e-03
-9.1046580e-03
7.3740730e-03
2.9724940e-02
1.4816810e-02
6.2862930e-03
1.4507670e-03
-9.1193850e-03
-1.3644580e-02
-1.5511300e-02
-3.8519600e-03
6.1053190e-03
1.2997390e-02
2.4778130e-02
2.7512160e-02
1.5686980e-03
-1.1727570e-02
-9.9672790e-03
4.9147410e-04
1.7017010e-02
1.1864290e-02
-1.8701460e-02
-4.3025660e-02
-3.1890590e-02
-2.3953030e-03
9.1830430e-04
1.9252980e-03
6.6104360e-03
9.9129450e-03
3.8402640e-03
-3.7453130e-03
2.5233080e-03
4.2558690e-03
1.2657980e-02
2.9955180e-04
-7.4249460e-03
-2.8753420e-03
-5.0615180e-03
-4.7178040e-04
-2.8052970e-04
-7.6349360e-03
-2.3444480e-03
1.2439670e-02
2.0009830e-02
1.8500610e-02
-5.1361410e-03
-9.5326870e-03
4.7231810e-03
4.9950270e-04
-7.9939850e-03
-1.8620960e-02
-1.7623510e-02
1.5301920e-02
3.2724660e-02
2.8879090e-02
1.4637680e-02
-4.6498330e-04
-1.0879660e-02
-7.7281560e-03
7.3935540e-03
1.7226720e-02
1.2723820e-02
2.9748370e-03
-1.5626600e-03
-3.8225580e-03
-3.8444570e-03
-2.0143720e-03
2.2865640e-03
1.5824790e-02
1.3797610e-02
-1.8917460e-02
-2.6848220e-02
-1.4528280e-02
5.9611810e-04
1.1258380e-02
1.0642300e-02
1.0412670e-02
1.0219410e-02
1.3626630e-02
2.2681110e-02
1.2093240e-02
-1.0305750e-02
-1.8277870e-02
-8.5142380e-03
9.2675390e-03
1.6837470e-02
-4.0901570e-03
-2.7090350e-02
-1.5418060e-02
2.2626400e-02
4.0900570e-02
3.7007550e-02
1.1122420e-02
-1.9820180e-02
-2.0248530e-02
-9.6636260e-03
3.8724880e-03
1.7153680e-02
1.4193360e-02
6.2978390e-03
-8.8626490e-03
-6.0965950e-03
2.4961590e-02
4.4936100e-02
3.9585630e-02
1.0084280e-02
-1.6053650e-02
-2.7463740e-02
-3.0377640e-02
-2.0180060e-02
4.5583160e-03
2.0135950e-02
1.8254550e-02
-1.1349070e-03
-1.0306130e-02
-3.8006810e-03
6.4112950e-03
1.7087870e-02
-3.9136600e-03
-2.5588880e-02
-2.6239250e-02
-7.8917850e-03
1.0231720e-02
1.8787320e-02
1.2651680e-02
5.0879980e-03
1.9263820e-02
1.0973970e-02
-1.1683820e-02
-5.0172710e-03
8.5550800e-03
1.2062020e-02
1.1460780e-02
3.1079940e-03
-1.8027160e-02
-1.3921290e-02
2.0079140e-03
3.1274820e-03
1.0345580e-03
1.3907740e-03
6.7432750e-03
1.3868600e-02
1.0985950e-03
-1.2403750e-02
-1.5050240e-02
-7.1797310e-03
-3.4049250e-03
-6.4925340e-03
9.9873700e-04
1.0803040e-02
1.1952050e-02
1.5466510e-03
-9.6635060e-03
-9.6877530e-03
5.8625010e-03
2.2908450e-02
3.1246660e-02
2.0966460e-02
6.7741020e-05
-7.6499870e-03
-9.7038730e-03
-1.0514760e-02
-9.2277120e-03
1.2643590e-03
1.4203830e-02
1.7304560e-02
1.0905800e-02
-1.1994950e-02
-2.5628430e-02
-2.1353620e-02
4.8717200e-03
2.5826260e-02
1.4881270e-02
-6.6068300e-03
