0.01
-2.0970680e-05
-2.1033970e-05
-2.1039920e-05
-2.1059200e-05
-2.1302930e-05
-2.0311820e-05
-2.2639410e-05
-2.0814960e-05
2.2111480e-05
-1.8984730e-05
-2.2706760e-05
-2.1466440e-05
-2.0435620e-05
-2.7569770e-05
-1.2306120e-06
4.1728970e-05
-1.9451410e-05
-2.2531820e-05
-2.0697950e-05
-2.2138360e-05
-2.7486280e-05
4.2015750e-05
4.4176770e-05
-2.4542010e-05
-4.0089550e-06
-7.4044980e-07
1.9049030e-05
-1.9113140e-05
2.1511960e-05
-2.6142570e-05
-3.4596200e-06
4.1365200e-05
-2.5373250e-05
-3.4036550e-06
-2.5993750e-06
-2.3471480e-05
-2.2400080e-05
-2.2928100e-05
-2.3143060e-05
-2.3257360e-05
-2.3552370e-05
-2.1851010e-05
-2.8574510e-05
-7.4193820e-06
5.9803770e-05
3.3268550e-07
-2.9195500e-05
-6.4306050e-06
6.0861470e-05
-2.7117780e-06
-2.3564700e-05
2.0935450e-05
-2.1381040e-05
-2.4913440e-05
-2.3900200e-05
-2.3462390e-05
-2.5873750e-05
-2.3834740e-05
1.9633280e-05
-2.6675000e-05
-5.7181560e-06
-3.9386170e-06
-2.8233600e-05
-9.7884290e-06
1.6432510e-05
3.4280010e-05
-1.0850390e-06
-9.2141820e-06
-4.2603990e-06
-4.5470280e-06
-2.3656730e-05
-2.4837880e-05
-2.8820300e-05
3.9583500e-05
-3.2344060e-06
-3.0493150e-05
4.0066530e-05
-2.7692980e-06
-3.2296180e-05
4.0429730e-05
3.9433310e-05
-2.8468720e-05
3.7455550e-05
-3.2986770e-06
-2.6862220e-05
-2.9751150e-05
-6.2650570e-06
-4.8516340e-06
-3.2081770e-05
-5.1729320e-06
3.7148230e-05
-2.2594500e-05
-3.1961530e-05
-9.9303190e-06
5.6821980e-05
-4.4847740e-06
-2.7239010e-05
-2.4321230e-05
-3.2575570e-05
-5.7466110e-06
3.2230120e-05
-4.6322970e-06
-7.5530920e-06
-2.6674940e-05
-2.6011090e-05
-3.1610100e-05
-6.5962980e-06
-7.0962890e-06
-3.2190680e-05
3.2926820e-05
5.8745330e-05
-6.2973050e-06
-2.7800920e-05
-2.6672600e-05
-2.7949680e-05
-2.7950430e-05
-2.6320930e-05
-3.3950710e-05
-7.5954500e-06
3.6881400e-05
-3.1923340e-05
-7.2427940e-06
3.4206130e-05
-2.5978120e-05
1.4594330e-05
-2.5788330e-05
-3.0483210e-05
-2.7743160e-05
-3.0258840e-05
-3.3059860e-05
3.4697260e-05
-1.0396470e-05
-1.2040790e-05
-8.1272660e-06
1.5326550e-05
-3.2315050e-05
-1.0015600e-05
3.4086790e-05
-2.7087850e-05
-3.4652070e-05
-9.4267140e-06
-1.0132480e-05
-3.0240820e-05
-2.9476870e-05
-2.8332410e-05
-3.6107970e-05
-9.7003520e-06
3.4785350e-05
-3.4164410e-05
-9.6168040e-06
3.3350710e-05
-3.2837780e-05
2.8365460e-05
5.2597770e-05
4.5009670e-05
6.0069020e-05
7.4681520e-05
1.5618800e-05
5.4128620e-04
2.3640570e-04
2.6507380e-04
5.5077700e-04
6.6653750e-04
-1.1209690e-03
7.3642710e-04
-6.2770700e-04
4.9149990e-04
-2.3034200e-03
8.8198510e-04
-2.2087170e-03
-1.9072910e-03
-7.9004930e-04
-6.8114060e-04
-2.0531030e-03
3.7389310e-03
4.2061820e-04
-4.0481100e-03
7.3101970e-03
-1.7459070e-04
-2.1211720e-03
1.1468430e-03
-5.8974140e-04
1.4558630e-03
5.9776970e-04
-3.0287060e-03
1.9740360e-04
1.8502470e-03
-2.8586770e-03
-6.1482140e-03
2.3252320e-03
4.0009410e-03
-7.0521640e-03
3.4655120e-03
8.3510390e-03
1.0723380e-03
-4.3668900e-03
3.5305370e-03
1.6081700e-04
-1.2434450e-02
-2.4254530e-03
9.5104790e-03
-5.7073230e-03
-1.0727200e-02
1.0198600e-02
8.1452800e-03
-3.9061960e-03
8.2149330e-04
3.7956910e-03
4.6915720e-05
-4.7197550e-03
2.0863790e-03
1.3925230e-04
-2.8164600e-03
-1.3417410e-03
-1.1900990e-03
-2.0017750e-03
-3.6526540e-03
8.2925710e-03
5.0808210e-03
-3.0272000e-03
-3.6739880e-03
6.8885190e-03
4.2410570e-03
-2.5762190e-03
-3.2919670e-03
7.9724360e-04
-2.5451060e-04
-5.2312210e-03
-2.8072440e-03
-5.4038030e-03
7.8333650e-03
1.8488120e-03
-5.1580580e-03
7.0924890e-04
4.4016210e-03
-2.5930090e-03
3.6679050e-03
-3.9076800e-03
-1.3502030e-03
8.1558810e-03
-4.0309280e-03
-1.3770100e-03
5.8760730e-03
-4.4247980e-03
-4.7052980e-03
1.5404240e-03
4.5001530e-03
-5.1000280e-03
-3.4951890e-03
6.3824610e-03
-1.0378220e-03
-7.9549870e-03
7.6176250e-05
6.4083530e-03
1.1754020e-03
2.8665730e-03
7.4849790e-03
2.4090010e-03
-1.0338120e-03
-4.3764340e-03
-8.2430700e-03
-3.9776210e-03
8.1703530e-04
-4.0929230e-03
-7.4309350e-03
8.0695690e-03
8.5784990e-03
2.6218850e-03
6.9509680e-03
-3.6369770e-05
-1.5447320e-03
5.4607440e-04
4.5580260e-04
-4.2347380e-03
-9.1800610e-04
-1.5317810e-03
-3.7156060e-03
9.3956090e-04
-1.3417030e-03
-2.8175400e-04
4.2147380e-03
-7.2353300e-03
-1.0156660e-02
3.9546520e-03
6.8289880e-03
-1.3880920e-03
-1.4493970e-03
3.3171270e-03
5.9093110e-04
-2.5063360e-04
5.1374420e-03
2.4772510e-03
-2.9557330e-03
-8.4906430e-04
5.7549680e-03
-5.5998650e-03
-4.8091390e-03
6.8756390e-03
5.1502980e-03
-5.1045000e-03
8.1035080e-04
5.7738540e-03
-4.6395990e-03
-9.3598080e-03
2.1564990e-03
-1.5829370e-03
-1.0983870e-02
-8.9121360e-04
8.9689270e-03
2.9208950e-03
4.5795110e-03
7.0559200e-03
-9.3487400e-05
4.9413580e-03
6.8280660e-05
-8.5856300e-03
-3.4265220e-03
-1.0657730e-02
-5.3187880e-03
-4.7733390e-03
-1.2361480e-02
5.8790780e-03
3.7911380e-03
-5.1385890e-03
1.3984140e-02
-2.5721390e-03
-3.9612400e-03
1.9485760e-02
8.8441800e-03
5.5544740e-03
1.4787430e-02
2.0386290e-02
2.9180890e-02
2.7686750e-02
3.1911030e-02
4.5541570e-02
4.7079700e-02
2.7317030e-02
-3.5411100e-03
-1.4811880e-02
-2.9071600e-02
-4.5195440e-02
-5.2225260e-02
-5.5442060e-02
-6.0379530e-02
-7.9446660e-02
-6.3836530e-02
-4.0254340e-02
3.1014790e-03
3.1978530e-02
5.2762520e-02
8.6604870e-02
9.1607230e-02
7.0874740e-02
6.0188180e-02
3.2342870e-02
-9.8171980e-04
-2.1768690e-02
-7.1353350e-02
-9.5991670e-02
-6.9473740e-02
-7.7958010e-02
-1.1374310e-01
-8.8233280e-02
-2.7921450e-02
2.4761460e-02
6.2426200e-02
1.0880500e-01
1.2355500e-01
1.2882210e-01
1.3790420e-01
1.0572870e-01
4.4984070e-02
-1.9310090e-02
-8.4005920e-02
-1.0912280e-01
-1.2633870e-01
-1.4880170e-01
-1.1288610e-01
-4.2831850e-02
-9.2955220e-03
3.5941530e-02
8.4265100e-02
7.3462930e-02
4.6347140e-02
1.9412140e-02
-5.2141180e-03
2.8200120e-04
1.7658080e-02
1.1717710e-02
7.3628840e-03
2.5357140e-02
3.5672170e-02
-1.5867460e-03
-6.7932370e-02
-8.3236240e-02
-8.1253240e-02
-9.5841750e-02
-7.0372820e-02
-7.5825700e-03
1.0353030e-02
2.7880970e-02
7.1588490e-02
1.3169450e-01
1.5367100e-01
1.2513800e-01
8.3684910e-02
2.9063690e-02
-4.9545330e-02
-1.0274550e-01
-7.7524020e-02
-3.3650410e-02
-3.2386410e-02
-3.5114190e-02
-1.8855020e-02
-4.5082120e-02
-8.4677410e-02
-4.4054860e-02
5.5132280e-04
-3.2673680e-02
-2.7575860e-02
5.2804170e-02
7.2656020e-02
8.0758030e-02
9.9193770e-02
1.0691340e-01
1.2243130e-01
4.3155790e-02
-7.0671890e-02
-7.0717240e-02
-6.4285040e-02
-9.1649770e-02
-1.1846910e-01
-1.1290360e-01
-2.5241920e-02
4.9591930e-02
3.2943710e-02
4.7897360e-02
8.1421300e-02
8.1905060e-02
8.9272770e-02
6.0277020e-02
-2.6466480e-02
-4.9023660e-02
-2.5792070e-02
-3.6752200e-02
-7.5166380e-02
-9.9671030e-02
-6.8682050e-02
-4.8714010e-02
-3.4384940e-02
1.8946200e-02
5.0652000e-02
6.6238940e-02
1.0297990e-01
1.1933970e-01
9.3778880e-02
4.3824620e-02
6.6431260e-03
1.5489020e-02
-2.2694530e-02
-8.2606930e-02
-9.9994270e-02
-8.8894310e-02
-6.6835440e-02
-2.6289640e-02
-7.3030650e-03
-8.4759410e-03
4.8325160e-02
6.9413880e-02
3.1399840e-02
2.2914770e-02
2.2414860e-02
1.0236680e-02
-6.4497130e-03
-5.1896310e-02
-5.1926810e-02
-2.9433990e-02
-1.5344730e-02
-1.5279810e-02
5.1680290e-03
2.1314610e-02
2.9969460e-02
5.9332320e-02
4.9080480e-02
6.3471110e-03
-1.3785270e-02
-8.9500310e-03
-1.3476090e-02
-9.0641120e-03
6.9546680e-04
8.3597970e-03
-3.9341060e-03
-3.5843450e-03
1.5794230e-03
1.2183150e-02
1.5555710e-02
-6.6560350e-03
-1.6450630e-02
-2.6169090e-02
-3.5983130e-02
-3.6311110e-02
-3.5630290e-02
-1.2979220e-02
6.0622850e-03
1.0733990e-02
-1.9453460e-03
1.7136630e-02
5.6279810e-02
4.5738720e-02
4.3760560e-02
3.2683050e-02
1.0726430e-02
1.6862540e-02
3.7822420e-04
-3.4873170e-02
-4.7824430e-02
-3.5470040e-02
-2.9605170e-02
-4.5183950e-02
-3.8050530e-02
-6.4031670e-03
8.8482390e-05
1.5967300e-02
3.6277430e-02
2.7039750e-02
3.0369240e-02
4.7989830e-02
3.8057040e-02
1.9386040e-02
2.6514870e-03
-3.5897220e-03
-5.9302880e-03
-8.7215570e-03
-2.6479490e-02
-4.3381500e-02
-4.1344990e-02
-3.5083390e-02
-4.3173790e-02
-3.4007520e-02
-2.1737670e-03
1.8307530e-02
3.4282310e-02
5.9525020e-02
5.3920810e-02
3.5236560e-02
3.2459900e-02
2.8731950e-02
9.8151890e-03
-2.3864910e-02
-1.6701450e-02
-2.6645510e-02
-5.1279780e-02
-4.1384990e-02
-3.3213620e-02
-2.9780120e-04
1.6412400e-02
1.2966740e-02
1.7015570e-02
1.5496070e-02
2.0517870e-02
2.1336480e-02
3.8867410e-03
6.7877910e-03
2.6399230e-02
-9.9365480e-03
-3.6440410e-02
-1.8489390e-02
-1.9069850e-02
-1.3859540e-02
-5.7422850e-03
-1.8792810e-02
-7.2111170e-03
9.2081440e-03
2.5557070e-03
8.8233890e-03
2.2935880e-02
1.7807700e-02
3.7505040e-03
-5.9829330e-03
-2.2420690e-02
-2.7631730e-02
-2.2140400e-02
-1.8267150e-02
-9.6292940e-03
6.8769850e-03
3.0688310e-02
4.6310830e-02
4.4738510e-02
2.9633650e-02
1.5182270e-02
1.6731750e-02
1.2673100e-02
-4.8065210e-03
-2.0911780e-02
-2.4539110e-02
-1.8844220e-02
-2.3257020e-02
-1.6561920e-02
3.0723370e-03
8.0329580e-04
-1.0905770e-02
-1.0118830e-02
-2.0205440e-03
-8.5208450e-03
-1.2052590e-02
-1.6220400e-02
-1.1742570e-02
-2.8936440e-03
5.1353490e-04
5.6485930e-03
1.4284920e-02
1.0645160e-02
-1.6202210e-03
9.4783940e-04
1.5335990e-02
1.3909290e-02
2.2358370e-03
8.4444670e-03
8.5363890e-03
-5.5086190e-03
-1.8905740e-02
-1.6819700e-02
-5.5561830e-03
-6.0525260e-03
3.0215920e-03
3.1954090e-03
-5.7188880e-05
6.5695540e-03
1.8986610e-02
2.6802520e-02
2.8995220e-02
1.4529650e-02
-1.0448270e-02
-1.9069040e-02
-1.2128610e-02
-1.0872800e-02
-1.1610520e-02
-8.4355450e-03
3.1362220e-04
4.8459040e-03
-3.9616010e-03
1.6517200e-03
4.6127780e-03
6.6683740e-04
-2.9761180e-03
-3.5589160e-03
1.0626280e-03
5.7256380e-03
1.0124840e-02
9.6066570e-03
8.5381160e-03
7.6386570e-03
7.5112530e-03
9.6119290e-03
-3.5505600e-03
-1.5753320e-02
-4.2485590e-03
-8.5275830e-03
-2.5717880e-02
-1.5328770e-02
5.4335300e-03
3.8415550e-03
-2.2282590e-03
3.5928150e-03
-2.3561040e-03
-4.4422620e-03
6.4241460e-03
2.8195590e-03
-3.1140450e-04
6.5927180e-03
-2.4339280e-03
-1.2997200e-02
-1.4300520e-02
-1.2625350e-02
-1.4885350e-02
-1.6737040e-02
-6.8572370e-03
1.1377010e-02
2.4187520e-02
3.3179270e-02
3.8382510e-02
3.0776710e-02
1.7777570e-02
2.1171570e-02
2.0231390e-02
3.1946090e-03
-1.0675160e-02
-1.9855290e-02
-3.1201150e-02
-3.3296580e-02
-2.5966710e-02
-1.5311970e-02
-7.5349870e-03
8.3390950e-03
1.1424800e-02
2.9641440e-03
5.9645860e-03
2.6177640e-03
-4.1663620e-03
-1.5628490e-02
-2.0411590e-02
-1.6544580e-02
-1.2089800e-02
-8.6347890e-03
-2.3701920e-03
1.0783960e-02
2.5695230e-02
3.0505390e-02
2.6252850e-02
2.1064420e-02
2.5218930e-02
1.5353800e-02
-3.9525820e-03
-5.2986110e-03
-8.9789850e-03
-1.6954100e-02
-1.6422020e-02
-1.7292060e-02
-2.1812550e-02
-1.9017190e-02
-1.9936380e-02
-1.5596400e-02
-4.0938630e-03
3.2998780e-03
1.0835400e-02
1.9302810e-02
2.2977490e-02
1.9977590e-02
1.6555890e-02
1.8429680e-02
1.5354720e-02
1.4111330e-02
9.7060840e-03
-1.0109770e-02
-2.0960130e-02
-1.7221610e-02
-1.7807650e-02
-2.1366600e-02
-1.2293100e-02
-5.7048230e-03
-7.8119630e-03
5.7607130e-04
8.6107770e-03
1.4087570e-02
1.5372000e-02
7.5980850e-03
5.5829460e-03
1.1071260e-02
9.7649010e-03
4.8385640e-03
6.3993370e-03
1.2305300e-02
1.6570390e-03
-1.4448780e-02
-1.0232110e-02
-1.3118530e-03
-4.0662790e-04
-8.4301750e-03
-1.4028450e-02
-7.6871590e-03
-8.2346840e-03
-6.6806690e-03
-4.3895480e-03
-2.9604660e-03
1.9021360e-03
-2.6192260e-04
-6.5928390e-03
-3.1549490e-03
7.3927060e-03
7.6284390e-03
1.0544530e-02
7.6001870e-03
-7.5418730e-05
1.8922460e-03
-3.2270620e-03
-6.8782290e-03
-8.1734610e-04
-3.9416210e-04
-6.1087120e-03
-1.2002700e-02
-8.6602990e-03
1.8572030e-04
-3.2144540e-03
-5.9831420e-03
-6.9391990e-04
1.3432400e-03
-3.0845550e-04
-8.3172920e-03
-5.3177450e-03
4.9732920e-03
1.0052340e-02
1.0755280e-02
8.6214960e-03
6.8784460e-03
8.0983220e-03
1.1409460e-02
9.5764340e-03
7.1558990e-03
4.7320310e-03
-9.9622900e-04
-5.8928920e-03
-1.5135040e-02
-1.5233830e-02
-1.1989110e-02
-1.0837020e-02
-6.8824130e-03
-5.0666660e-03
-2.4477320e-03
2.7374120e-04
1.1136710e-02
1.7964260e-02
1.4977690e-02
1.3957270e-02
1.0711810e-02
1.0159590e-03
-5.7078550e-03
-9.4980780e-03
-1.0109890e-02
-7.3075600e-03
1.3348030e-03
-8.0895900e-04
-4.7233100e-03
2.3874540e-03
-1.3211290e-04
-1.0379680e-02
-8.4275450e-03
7.4046860e-04
3.5646310e-03
3.1720850e-03
9.8010370e-03
1.1745310e-02
9.1406060e-03
1.2439460e-02
1.9705860e-02
1.1851970e-02
2.2095720e-03
-1.7117060e-03
-9.8517780e-03
-1.6071870e-02
-1.6636020e-02
-1.7395390e-02
-1.3608040e-02
-5.2985130e-03
-5.4953710e-03
-4.5021060e-03
2.0878030e-03
8.0158690e-03
1.2537600e-02
1.2800500e-02
1.0826680e-02
1.2969640e-02
1.1035530e-02
3.1466820e-03
-1.6316780e-04
-3.4893830e-03
-9.6563030e-03
-6.8448960e-03
-5.8107780e-03
-7.7056050e-03
-9.2349680e-04
3.3831610e-03
7.3732500e-04
2.6715310e-03
7.2461240e-03
4.2393160e-03
2.6600590e-04
-9.1371790e-04
-5.4105910e-03
-1.0319880e-02
-8.7951650e-03
-6.9354140e-03
-6.7061660e-03
-5.1264970e-03
-2.4244250e-03
2.4048660e-03
6.0665330e-03
1.3873480e-02
1.5520980e-02
7.5120730e-03
6.3752490e-03
5.9541590e-03
5.3234890e-03
5.1840860e-03
-3.0193600e-03
-3.6123790e-03
-1.7375620e-03
-3.4499170e-03
-5.6686890e-03
-5.3056690e-03
-5.6432890e-03
-6.7345480e-03
-1.1837800e-02
-1.4815360e-02
-9.5964530e-03
-2.7486890e-03
2.8039460e-03
7.5565210e-03
1.2085380e-02
9.7327610e-03
6.6924070e-04
-4.2056780e-03
-4.6010170e-03
-6.1282030e-03
-8.2181920e-03
-6.8318750e-03
-1.8618790e-03
3.3632000e-03
5.7900010e-03
1.1041800e-02
1.4650240e-02
1.2909100e-02
1.0816960e-02
6.9178090e-03
1.1525310e-03
-4.0936100e-03
-7.3608030e-03
-6.4253920e-03
-9.1938410e-03
-1.1862940e-02
-9.1286020e-03
-8.0964110e-03
-6.7459140e-03
-2.7432450e-03
-2.0800590e-03
4.2679240e-04
2.4453650e-03
5.8965470e-03
9.3871970e-03
9.5398780e-03
9.3886260e-03
5.8872040e-03
-6.6230030e-03
-1.3367090e-02
-1.3333120e-02
-1.4961110e-02
-1.2951540e-02
-1.2808560e-02
-1.3318740e-02
-7.2649860e-03
2.0010580e-04
4.0116730e-03
9.5080310e-03
1.3662360e-02
1.4874290e-02
1.0837850e-02
8.8094100e-03
7.5465510e-03
5.9382120e-03
5.5551950e-03
1.9542660e-03
-1.5176950e-03
-7.4854850e-04
1.6995630e-04
-2.5750070e-03
-1.1839920e-03
8.9404540e-04
4.0722840e-03
5.8411700e-03
3.3411370e-03
1.3568850e-04
-5.9249260e-03
-1.1592280e-02
-8.6720030e-03
-4.7827420e-03
-3.7495510e-03
-2.4251010e-03
1.2135620e-03
5.6697360e-03
1.0548210e-02
1.2782400e-02
7.7272280e-03
-1.5508060e-03
-4.3336530e-03
-6.5580270e-03
-9.7689840e-03
-6.7988510e-03
-3.2283240e-05
4.3349300e-03
5.7230030e-03
7.5980110e-03
8.5558200e-03
5.0994970e-03
1.9620250e-03
-2.1105570e-04
-3.9284070e-03
-5.2637720e-03
-5.5008850e-03
-5.8682140e-03
-4.9145380e-03
-2.1557430e-03
-5.4578080e-04
-6.7005380e-04
-2.4820100e-04
1.1042670e-03
2.0315900e-03
3.1190130e-03
4.6995560e-03
5.4834650e-03
6.1137790e-03
3.5270770e-03
-1.7994300e-03
-5.4152580e-03
-5.1379920e-03
-3.0413740e-03
-1.4045140e-03
2.2010330e-03
3.3955620e-03
6.0970060e-03
8.5889690e-03
6.5408360e-03
5.1988920e-03
1.8962940e-03
-4.9372990e-03
-8.8435580e-03
-9.2344770e-03
-7.7333050e-03
-1.4830140e-03
2.5237210e-03
4.9814580e-03
4.5365300e-03
5.1374600e-03
4.2052500e-03
2.1918200e-04
-9.9577540e-04
-1.8815190e-03
-4.7205270e-03
-6.2012040e-03
-1.7518180e-03
1.9649240e-03
2.8063990e-03
5.4171740e-03
1.0688300e-02
8.8655500e-03
2.2149910e-03
-2.8796730e-03
-6.9374290e-03
-8.3876120e-03
-9.5275550e-03
-6.0731280e-03
-4.2388400e-03
-1.6348030e-03
2.5989370e-03
3.4241790e-03
3.0328380e-03
4.5486290e-03
4.6215280e-03
1.7902790e-03
2.2911770e-04
1.3651250e-03
-8.3740850e-04
-3.7886680e-03
-2.8337950e-03
-2.7688140e-03
-3.2239320e-03
-3.8026520e-03
-3.1366750e-03
-5.1387990e-03
-7.1780860e-03
-7.4667800e-03
-5.0861710e-03
-9.1825460e-04
2.2467600e-03
2.1706750e-03
2.4527100e-03
4.3643830e-03
4.3670570e-03
2.0255900e-03
2.4274060e-03
2.3264390e-03
-8.7383730e-05
-4.0321630e-03
-5.2858540e-03
-3.6957360e-03
-4.2619370e-03
-5.3723470e-03
-1.9940820e-03
1.0399920e-03
2.9382790e-04
-9.1788350e-04
-7.8975160e-04
1.5042610e-03
2.2739230e-03
1.9017430e-03
2.2851520e-03
1.9309030e-03
-3.7156490e-04
5.2400500e-04
2.4717170e-03
1.9255960e-03
2.0623710e-03
2.0547100e-03
3.4907490e-03
5.0860360e-03
6.0059450e-03
6.7215650e-03
4.2639820e-03
2.1676990e-03
-1.9754750e-04
-5.9741500e-03
-7.2176620e-03
-6.2194200e-03
-6.5014990e-03
-4.1352340e-03
-1.5784520e-03
1.6489180e-03
3.5852400e-03
4.0395820e-03
4.4641380e-03
3.6923810e-03
2.5791450e-03
2.2603510e-03
1.7715440e-03
9.6569420e-04
7.3147030e-04
1.9358670e-03
2.3170520e-03
2.8137730e-03
5.2702540e-03
6.1439920e-03
3.1703580e-03
-3.1633180e-04
-1.7292030e-03
-2.3497720e-03
-1.9269210e-03
-1.8532070e-03
-4.8374830e-03
-7.1155050e-03
-5.8361270e-03
-4.8224160e-03
-6.3232620e-03
-5.5004030e-03
-1.6222090e-03
5.0267940e-04
2.0472870e-03
3.8930370e-03
4.7553600e-03
5.2853870e-03
4.5384270e-03
1.8570820e-03
1.6570700e-04
-2.0436050e-03
-7.5677350e-03
-1.0996030e-02
-8.6978200e-03
-5.6341330e-03
-3.7550100e-03
-8.4845910e-04
1.5212140e-03
2.0267660e-03
3.8421280e-03
4.5459550e-03
1.8525330e-03
-1.2281660e-03
-1.8846400e-03
-2.5793440e-03
-4.4119580e-03
-3.9974100e-03
-3.5271330e-04
8.6798050e-04
9.5226510e-04
2.7850830e-03
2.5963880e-03
3.1121090e-03
4.6208730e-03
4.2461720e-03
3.5331100e-03
3.9268840e-03
3.6807800e-03
2.4500760e-03
9.9638610e-04
-7.8953060e-04
-1.1743140e-03
8.6002470e-04
1.7733290e-03
2.7209770e-03
4.3929450e-03
4.5912170e-03
4.0318790e-03
1.9829450e-03
-1.4992120e-04
-4.3357100e-03
-8.2547240e-03
-6.7332950e-03
-4.8409430e-03
-5.7902120e-03
-3.8111980e-03
6.9105430e-04
3.4073960e-03
5.5959730e-03
7.0055170e-03
7.9563000e-03
6.1177020e-03
1.7114540e-03
1.0934260e-03
3.0020080e-03
1.4976460e-03
8.4182600e-04
4.2707730e-04
-2.7756360e-04
-7.5490510e-04
-2.4518900e-03
-2.4166940e-03
-1.9098450e-03
-3.0725460e-03
-3.4621060e-03
-4.0794630e-03
-4.5248380e-03
-2.6424760e-03
-1.5114750e-04
8.4536990e-04
9.2661900e-04
5.3692660e-04
1.5239650e-03
3.1231410e-03
1.4617030e-04
-3.4420550e-03
-3.9123020e-03
-4.8706510e-03
-5.2839850e-03
-4.4239730e-03
-4.3924390e-03
-3.7130740e-03
-2.7969340e-04
2.4564380e-03
2.8815620e-03
3.1813780e-03
3.5632760e-03
4.1463770e-03
2.0572340e-03
1.6493820e-04
2.4806150e-04
-3.4584870e-04
-9.0861570e-04
-4.5290280e-04
-6.2929090e-04
-4.5040090e-04
-6.1381630e-04
-2.0282200e-03
-2.1765030e-03
-9.7355840e-04
1.1408270e-03
1.9437890e-03
5.8012140e-04
-4.0815680e-04
-1.5443440e-03
-2.0384530e-03
-9.7010840e-04
-1.9348870e-04
-1.7605910e-03
-3.2910150e-03
-2.3443840e-03
4.9022300e-04
1.4598610e-03
1.6827220e-03
3.1826880e-03
5.2471180e-03
5.6927570e-03
4.8224230e-03
2.7082060e-03
8.3845810e-04
-1.6250150e-04
-6.0109590e-04
-4.0399360e-04
-6.3975160e-04
-1.3712970e-03
-2.3129420e-03
-3.1747770e-03
-2.1519460e-03
3.0696740e-04
1.6958020e-03
2.5571720e-04
-2.5504110e-04
1.9498900e-03
2.4269250e-03
2.5269320e-03
2.5405270e-03
2.3661790e-03
3.1470270e-03
1.3342360e-03
-2.2465540e-03
-2.5610000e-03
-1.4439950e-03
-1.9495890e-03
-1.3553640e-03
-6.1917090e-05
1.1915120e-04
9.4828530e-04
5.3168850e-04
-1.0908260e-03
-1.8806430e-03
-2.8866700e-03
-3.4916800e-03
-3.3667920e-03
-1.7720580e-03
-9.9908920e-04
-1.6395910e-03
-1.2218840e-04
2.4877490e-03
2.6277940e-03
2.4407500e-03
2.7138140e-03
1.7123240e-03
-4.1989700e-04
-1.5005230e-03
-2.6566070e-03
-3.4184430e-03
-1.7474950e-03
-2.7432160e-05
1.0164060e-03
3.0222860e-03
4.8073780e-03
3.5743820e-03
1.9798710e-03
9.8617600e-04
5.2633820e-04
1.7497540e-04
6.5588390e-04
6.1882370e-04
-8.2518550e-04
-2.0285930e-03
-1.5747500e-03
3.4335750e-04
1.1998920e-04
-8.2362860e-05
1.2381820e-03
-4.7836310e-04
-3.4114460e-03
-3.4267080e-03
-2.7159580e-03
-2.5320820e-03
-3.3953410e-03
-4.1793990e-03
-2.7499820e-03
-5.0466290e-04
9.0832580e-04
2.6250690e-03
4.5681560e-03
4.9427140e-03
4.2449920e-03
2.9316080e-03
2.5282540e-03
1.7660260e-03
-4.7231000e-04
-1.3667530e-03
-1.1925200e-03
-7.6980490e-04
-5.9502990e-04
-7.4298500e-04
-8.2509820e-04
-9.0387490e-04
7.0132520e-04
7.5887880e-04
1.2719690e-03
2.3777120e-03
1.3823630e-03
1.2568860e-03
3.6727590e-03
4.0457210e-03
1.5550310e-03
9.1409350e-04
1.5803610e-03
-1.5808580e-03
-3.5532960e-03
-3.0871530e-03
-3.5255840e-03
-3.5790580e-03
-2.1342590e-03
-1.6481290e-03
-1.7704310e-03
-1.5266870e-03
-1.9296480e-03
-1.1982880e-03
7.2529990e-05
8.4465560e-04
6.5509890e-04
1.3811940e-03
2.3940500e-03
1.5592830e-03
1.2080840e-03
1.0371960e-03
-4.4533930e-04
-2.1535690e-03
-2.9318050e-03
-2.5861380e-03
-2.4239960e-03
-1.2141110e-03
1.8117230e-03
3.0531870e-03
3.0229900e-03
5.4882990e-03
5.7933710e-03
2.3693120e-03
-2.8193580e-04
-2.3031050e-03
-4.8916530e-03
-5.9106120e-03
-5.3338110e-03
-5.7281900e-03
-4.6925650e-03
-2.2090010e-03
-5.6647980e-04
2.0737880e-03
4.8634650e-03
4.6646260e-03
3.6257660e-03
3.3035110e-03
1.0431170e-03
-1.7957490e-03
-3.0442620e-03
-4.0828310e-03
-5.5225170e-03
-6.0934360e-03
-4.8969320e-03
-3.9670740e-03
-3.7856200e-03
-1.4945290e-03
8.2665180e-04
3.0744870e-03
5.5260810e-03
7.1949730e-03
7.4461820e-03
4.9236170e-03
2.5789830e-03
1.9347590e-03
1.0303040e-03
-6.2222060e-04
-1.2903170e-03
-9.8486180e-04
9.3107580e-05
1.9153090e-03
2.8176090e-03
3.1439910e-03
3.3890010e-03
2.2047040e-03
1.2092710e-03
1.7650720e-03
1.2201170e-03
3.7621280e-05
2.0025120e-04
6.0138010e-04
7.3328320e-04
-3.6495040e-04
-1.5963880e-03
-1.8991920e-03
-2.1458330e-03
-2.2071220e-03
-2.0514670e-03
-1.2663470e-03
-6.2479480e-04
-3.3138960e-04
-5.5216850e-04
1.8211200e-04
1.5500520e-03
1.7331110e-03
2.5874980e-03
2.7290280e-03
9.7729370e-04
-1.6245520e-03
-2.6319200e-03
-2.3544430e-03
-2.0354820e-03
-1.8718410e-03
-1.3592630e-03
-9.3424430e-04
-9.4120350e-05
1.8391900e-03
3.5225870e-03
3.5436080e-03
2.4966630e-03
2.5889810e-03
1.9142830e-03
-9.0545230e-04
-1.8940790e-03
-2.0826450e-03
-4.1417670e-03
-5.2955650e-03
-4.7739280e-03
-4.1713750e-03
-4.2876240e-03
-3.5744540e-03
-1.6722380e-03
3.1199060e-04
2.3281790e-03
3.0471620e-03
2.7749930e-03
4.0253470e-03
3.6523410e-03
1.0129970e-03
-1.2714580e-03
-2.0692660e-03
-2.2060440e-03
-2.3784360e-03
-2.6097980e-03
-2.4601020e-03
-1.7513240e-03
-1.2770450e-03
-1.4965570e-03
-1.7731380e-03
-1.3577350e-03
-1.1369550e-03
-1.0800940e-03
-8.2455410e-04
-2.7167140e-04
1.3635960e-03
2.6011710e-03
2.8033900e-03
3.4631950e-03
3.3462400e-03
2.8135550e-03
1.7742770e-03
-8.9963640e-05
-1.8009540e-03
-1.9415410e-03
-1.8443370e-03
-2.1629730e-03
-1.6186800e-03
-1.4803020e-04
2.7096890e-03
4.9415320e-03
6.3599490e-03
7.0475860e-03
5.9860460e-03
4.6880640e-03
3.1355370e-03
1.9377990e-04
-2.4218360e-03
-3.1319550e-03
-2.7486670e-03
-3.4088520e-03
-3.6043790e-03
-2.7225530e-03
-1.2121840e-03
3.7965640e-04
1.0635640e-03
1.0653260e-03
1.4299340e-03
2.4427080e-03
2.3899360e-03
7.0151290e-04
2.8017570e-04
1.7442310e-03
1.2108860e-03
-1.5244680e-04
4.0086980e-04
9.0530660e-04
2.0719820e-04
2.4680510e-05
5.0518190e-04
-3.3540220e-04
-1.0534310e-03
-1.3713460e-03
-9.7768280e-04
3.0493580e-04
1.7693250e-03
2.1374320e-03
1.6300400e-03
1.5604620e-03
1.3850100e-03
4.1446230e-04
-1.0116360e-03
-2.2475420e-03
-4.2582830e-03
-6.0794330e-03
-6.2793640e-03
-5.2328770e-03
-3.4391440e-03
-1.3121740e-03
2.5414130e-04
1.5072400e-03
2.2806960e-03
2.9393680e-03
2.7220240e-03
1.0902340e-03
4.1297960e-04
-1.5473180e-04
-1.2822970e-03
-2.0733440e-03
-2.3974420e-03
-2.3053590e-03
-2.2968190e-03
-2.2320250e-03
-1.5615500e-03
-4.6215650e-04
4.1171660e-04
1.1631210e-03
2.1377740e-03
2.1894400e-03
1.2008780e-03
2.8847690e-04
-6.5822430e-04
-1.7989020e-03
-2.9529840e-03
-3.1759430e-03
-2.9527280e-03
-2.7487240e-03
-2.1858800e-03
-8.2799960e-04
3.2861020e-04
1.0425770e-03
1.8515470e-03
2.6407180e-03
1.9465380e-03
3.7620990e-04
-4.0298200e-04
7.2323790e-05
1.4325700e-03
2.1385150e-03
2.0024920e-03
1.3371710e-03
9.6878960e-04
1.5287590e-03
1.3045150e-03
1.0268600e-03
1.7227140e-03
1.7806560e-03
1.0753910e-03
6.1516630e-04
8.3974370e-04
8.8119410e-04
4.4726640e-05
-5.0665740e-05
3.4149060e-04
8.2217700e-04
1.9503360e-03
2.9624660e-03
2.1371770e-03
1.5238730e-03
1.5849340e-03
3.8683280e-04
-1.3623400e-03
-1.5448420e-03
-1.1891330e-03
-1.3892000e-03
-7.5127900e-04
3.1001930e-04
7.2712170e-04
8.2389860e-04
8.6212670e-04
1.0692240e-03
5.6764720e-04
-8.8074370e-04
-2.0309820e-03
-2.6370560e-03
-3.0654460e-03
-2.4628160e-03
-1.3735540e-03
-1.2383460e-03
-8.1418720e-04
1.9059270e-04
9.7926400e-04
1.8335120e-03
2.3025400e-03
9.9524550e-04
3.3178940e-06
-5.3512740e-04
-1.8548990e-03
-2.8416600e-03
-2.6088130e-03
-1.9419930e-03
-1.9703130e-03
-1.6638120e-03
-4.9884890e-04
3.0619680e-04
4.1163550e-04
8.8565990e-05
-4.6486710e-04
-9.4106670e-04
-1.0402760e-03
-5.5441880e-04
4.2691710e-04
2.6391990e-05
-5.0567290e-04
-1.0164540e-05
4.1200700e-04
5.9552260e-04
8.1411120e-04
8.5411010e-04
9.1972400e-04
1.1409870e-03
9.8267460e-04
5.6703430e-04
5.2925180e-04
1.4556270e-05
-6.4439040e-04
-6.6099680e-04
-5.0132860e-04
-5.9623780e-04
-7.8119060e-05
8.0973220e-04
1.2212380e-03
1.7911200e-03
2.4623210e-03
2.7356600e-03
2.2389520e-03
2.0803050e-03
2.0377210e-03
1.0875900e-03
2.7861700e-04
-4.2066170e-04
-1.3265200e-03
-1.4108410e-03
-1.2469260e-03
-1.2024260e-03
-7.6482300e-04
4.1192880e-04
8.8698460e-04
7.7874030e-04
1.1360320e-03
1.0337700e-03
-9.9302260e-05
-9.1120940e-04
-1.4621190e-03
-2.1878930e-03
-2.2812320e-03
-2.3054100e-03
-2.3543690e-03
-2.2369010e-03
-2.1547600e-03
-1.6282840e-03
-9.0149070e-04
-7.0777510e-04
-7.9268340e-04
-1.8797240e-04
1.0268970e-03
1.7457790e-03
1.8470470e-03
1.6562940e-03
1.6555530e-03
1.7122990e-03
1.5235710e-03
1.0425840e-03
3.2455320e-04
-1.5473430e-04
-2.0790000e-04
2.1424770e-05
2.4958680e-04
1.2185590e-04
-1.3224080e-04
-2.6858420e-04
-1.5845820e-04
1.7620510e-04
1.1075670e-04
-2.3594470e-04
3.7603520e-04
7.5862730e-04
8.2136320e-04
1.5003260e-03
1.3294480e-03
3.3944210e-04
-2.3240440e-04
-1.0012120e-03
-1.0697220e-03
-6.5350080e-04
-8.2493170e-04
-8.5083290e-04
-5.4107140e-04
-3.6141130e-04
-3.2382140e-04
-3.6564370e-04
1.2351250e-04
5.5265750e-04
3.1660430e-04
4.7313560e-05
-3.9547510e-05
-1.0869720e-04
3.2102300e-04
7.7966830e-04
7.4250940e-04
8.8615610e-04
1.4234610e-03
1.7877830e-03
1.4880680e-03
8.4972680e-04
8.7737570e-04
1.1279650e-03
6.6701740e-04
4.6959070e-04
3.6661890e-04
-5.5284170e-04
-1.5238530e-03
-1.7993280e-03
-2.4753060e-03
-2.6151880e-03
-1.4236280e-03
-6.2516930e-05
9.8582120e-05
-1.5345560e-04
3.7640400e-04
7.9313160e-04
-2.6258240e-06
-1.0599490e-03
-1.3947790e-03
-1.7849070e-03
-1.7038730e-03
-7.7208390e-04
1.6959250e-04
1.9318780e-04
-2.1115050e-05
-3.2650190e-04
-8.2105230e-04
-4.5976900e-04
1.3985290e-04
-2.0343160e-05
8.6306110e-05
5.6262570e-04
9.2262160e-04
7.8506660e-04
7.2963850e-04
1.0173840e-03
1.1941060e-03
6.3595680e-04
-5.6927990e-04
-1.2896590e-03
-1.0753780e-03
-8.4817530e-04
-6.2561110e-04
1.6435070e-04
1.4547250e-03
2.5500920e-03
2.8404140e-03
2.5690200e-03
2.3898260e-03
1.5981130e-03
-5.2956650e-04
-2.7118650e-03
-3.3405900e-03
-3.6036920e-03
-4.3444540e-03
-3.6285370e-03
-1.7233330e-03
-2.2779890e-04
1.2075790e-03
2.7596120e-03
3.1645960e-03
2.6973680e-03
2.3278890e-03
1.2639740e-03
-6.8595820e-04
-2.1260750e-03
-2.6610640e-03
-2.7854960e-03
-2.6494440e-03
-1.5909080e-03
-5.5667530e-04
1.0299940e-04
9.2349050e-04
1.8113830e-03
2.5195630e-03
2.6501410e-03
2.1545450e-03
1.2436800e-03
1.2312820e-04
-3.8143950e-04
-6.3797450e-04
-7.7601620e-04
-1.1429120e-03
-1.6299780e-03
-1.7194290e-03
-1.4138180e-03
-7.7985690e-04
5.2727710e-05
5.4307600e-04
3.2153370e-04
3.2196700e-04
4.0802620e-04
4.9578830e-04
3.3322530e-04
1.5793370e-04
-8.1969900e-05
-4.9818810e-04
-6.2400640e-04
-7.5277540e-04
-9.6862420e-04
-7.2706030e-04
-6.4739690e-04
-9.3335380e-04
-7.2939890e-04
-3.6992270e-04
-3.0096610e-04
1.6450500e-05
7.9549640e-04
1.2517690e-03
1.4222810e-03
1.8071820e-03
2.0176610e-03
1.9865440e-03
1.9379880e-03
1.4307860e-03
4.0457540e-04
-1.7737420e-04
-5.5278490e-04
-8.4521540e-04
-6.7560770e-04
-3.2162570e-04
2.4181630e-04
9.4391800e-04
9.7369490e-04
7.2555310e-04
6.9382350e-04
8.0168060e-04
4.3675730e-04
-5.8744500e-04
-1.2036910e-03
-1.1439960e-03
-9.4365000e-04
-4.1400730e-04
2.6020010e-04
7.1764680e-04
1.1590950e-03
1.4731420e-03
1.4161530e-03
9.4509010e-04
3.8491880e-04
-9.3278130e-05
-6.2812890e-04
-9.8054620e-04
-1.1262850e-03
-1.3225300e-03
-1.1492440e-03
-6.1367110e-04
-2.5130040e-04
-6.8304600e-05
2.3902020e-04
4.0051180e-04
1.3428090e-05
-6.0144210e-04
-9.0816500e-04
-1.0258170e-03
-8.6829910e-04
-3.7097450e-04
3.4980770e-07
1.5012310e-04
3.1330240e-04
5.1753390e-04
6.7937160e-04
6.8296170e-04
6.6731640e-04
3.4076350e-04
-1.3125950e-04
-4.9694970e-04
-6.7863790e-04
-6.4736680e-04
-4.0075260e-04
-1.5286890e-04
-1.1579950e-04
2.0240640e-05
2.4802090e-04
4.1514110e-04
4.5816850e-04
4.2011260e-04
3.1293760e-04
1.3923900e-04
-6.8448060e-06
-1.7267630e-04
-2.3238110e-04
-1.4767670e-04
-1.1206280e-04
-1.6033550e-04
-1.2226510e-04
-3.8170080e-05
-2.3058480e-05
1.2149830e-05
-2.7365890e-05
-6.0807130e-05
-4.9419440e-05
-3.2165610e-05
3.7420510e-06
7.7771230e-05
1.2468780e-04
1.0829900e-04
1.2425770e-04
1.1180070e-04
6.5559720e-05
4.2461270e-05
2.0650880e-05
-3.5570610e-05
-6.8495970e-05
-8.3606660e-05
-1.0025140e-04
-7.0035000e-05
4.5813400e-06
4.1752410e-05
3.9472650e-05
4.1659120e-05
3.3469680e-05
-6.0974550e-06
-3.9994310e-05
-4.5292940e-05
-3.3724550e-05
-1.4669640e-06
3.1121360e-05
2.4388220e-05
1.6186930e-05
3.2356770e-05
4.4398560e-05
3.8262790e-05
3.6147870e-05
4.1624770e-05
2.9048590e-05
8.4067160e-06
