0.01
-1.7163410e-03
-1.8376740e-03
-2.1811530e-03
-3.1668510e-03
-4.1044820e-03
-3.8270460e-03
-2.3662630e-03
-1.0855780e-03
-3.1616580e-04
4.4528730e-04
3.8461690e-04
7.3010410e-04
3.3183070e-03
6.0765240e-03
7.1882150e-03
6.0457360e-03
3.9418400e-03
1.9640280e-03
1.2149650e-03
1.7109810e-03
2.4322940e-03
2.7412290e-03
2.2842870e-03
2.9591850e-04
-1.2028670e-03
-1.5202840e-03
-2.5270740e-03
-3.4050970e-03
-2.5885150e-03
-7.7233680e-04
1.1369280e-03
8.1977390e-04
-3.1021650e-03
-7.3435860e-03
-8.7626830e-03
-8.4860480e-03
-6.2029240e-03
-1.3127310e-03
3.1982850e-03
5.9153290e-03
7.6904820e-03
8.2228730e-03
7.6633930e-03
6.4989870e-03
3.0930940e-03
-2.0796340e-04
-2.8026410e-03
-3.3954280e-03
-3.0054460e-03
-1.1198630e-03
1.4385780e-03
1.7784470e-03
-8.2994250e-04
-5.6733450e-03
-1.0648400e-02
-1.3636880e-02
-1.4616020e-02
-1.4049380e-02
-1.1387160e-02
-6.7425870e-03
-2.8972090e-03
5.1134800e-04
1.9768750e-03
2.5083130e-03
4.3613600e-03
4.9818730e-03
5.1159610e-03
4.4766340e-03
1.5487050e-03
-5.4701860e-04
1.2248480e-03
2.2572130e-03
3.3446570e-03
5.6457970e-03
7.7582370e-03
7.9794260e-03
7.9568480e-03
8.0566450e-03
6.8406040e-03
4.5983200e-03
2.5714570e-03
7.6408850e-04
-1.0965910e-03
-3.0566820e-03
-1.3956130e-03
1.6696830e-03
2.8072030e-03
-2.0211750e-05
-4.8520950e-03
-6.6505520e-03
-5.9389690e-03
-3.8528370e-03
-3.4987180e-03
-6.2178460e-03
-1.1185900e-02
-1.4383190e-02
-1.3853170e-02
-1.1260170e-02
-6.6714000e-03
4.5834480e-04
6.3197460e-03
8.0473070e-03
8.0910410e-03
6.6771390e-03
5.1900720e-03
6.2938710e-03
8.4588640e-03
1.0949500e-02
1.3066350e-02
1.1846820e-02
8.4046980e-03
3.9214140e-03
-2.1130520e-03
-8.3147920e-03
-1.3754730e-02
-1.5583590e-02
-1.2114620e-02
-6.1718870e-03
-1.1725240e-03
-1.0388410e-03
-5.2623340e-03
-1.2271360e-02
-1.5934640e-02
-1.4061870e-02
-1.0306260e-02
-4.7685870e-03
2.3738260e-03
7.7095370e-03
1.1476880e-02
1.5442940e-02
1.7084280e-02
1.5265000e-02
1.2762760e-02
8.8198810e-03
1.5089170e-03
-3.6152960e-03
-5.3312080e-03
-2.3409700e-03
3.3526300e-03
6.3302340e-03
5.5700190e-03
2.3751460e-03
1.1803450e-05
-2.5189660e-03
-5.2884880e-03
-8.3486580e-03
-1.0489150e-02
-9.3985640e-03
-7.6468090e-03
-5.3864880e-03
-1.5318730e-03
2.4677460e-03
4.8849200e-03
4.9567640e-03
3.0303890e-03
1.3129170e-03
2.1357030e-03
3.4251860e-03
3.4307710e-03
1.4790810e-03
4.7968510e-04
6.5932830e-04
6.0253930e-04
-1.1762840e-03
-2.5881890e-03
-3.9428390e-03
-3.5252560e-03
-2.2931470e-03
-2.0753580e-03
-2.2148840e-04
4.9985730e-04
-2.2651960e-05
-6.8849710e-04
-4.0958460e-04
7.5524640e-04
3.8163950e-03
7.9004560e-03
7.2752810e-03
3.7601660e-03
8.6386650e-04
7.1761600e-04
1.8156140e-03
2.8376980e-03
3.4716200e-03
3.6881170e-03
1.7513680e-03
1.9397010e-03
4.2655450e-03
6.4777670e-03
6.7689610e-03
3.9841890e-03
1.0864900e-03
1.1240010e-03
5.7340150e-04
-2.8681680e-03
-6.4907310e-03
-7.4954760e-03
-7.3642600e-03
-7.4645440e-03
-7.4622160e-03
-4.4703660e-03
-3.8429680e-04
1.4537440e-03
1.3460340e-03
9.5116690e-04
9.5498260e-04
1.3797820e-03
1.6841990e-03
2.8409610e-03
5.1493100e-03
6.4948800e-03
7.9918570e-03
9.5267530e-03
8.4661910e-03
4.2281430e-03
1.2818590e-03
9.9546840e-04
3.5768340e-03
6.3045850e-03
5.8973440e-03
2.9459760e-03
-2.8768210e-04
-2.5438280e-03
-4.9955950e-03
-6.8176710e-03
-6.8430250e-03
-7.2180690e-03
-7.4529760e-03
-7.0684320e-03
-4.6766910e-03
-1.3645430e-04
3.5893760e-03
3.0220710e-03
1.0041630e-03
1.4850910e-03
3.5450710e-03
3.7297940e-03
1.7814640e-03
1.0115350e-03
1.0324320e-03
1.0801850e-03
2.3899690e-03
4.3679820e-03
6.1165020e-03
5.3487020e-03
3.0535280e-03
-1.7066310e-03
-7.4103980e-03
-1.1584140e-02
-1.3092530e-02
-1.1639310e-02
-7.3247290e-03
-3.1884780e-03
-1.7271770e-03
-1.7953980e-03
-1.6652340e-03
1.9780510e-04
3.9094100e-03
9.9629160e-03
1.5407560e-02
1.7163770e-02
1.2392630e-02
1.9346240e-03
-7.2659900e-03
-1.0671430e-02
-1.0173920e-02
-6.5877700e-03
-2.8015730e-03
-1.0535330e-03
-2.6475310e-04
1.4482920e-03
4.4221490e-03
6.4382310e-03
5.3112510e-03
3.0819210e-03
2.2306310e-03
5.4210720e-03
8.4180910e-03
9.3108970e-03
8.9982500e-03
6.5992060e-03
4.3254840e-03
2.4814640e-03
-5.2544410e-04
-5.8452760e-03
-1.0678530e-02
-1.2766530e-02
-1.1394010e-02
-7.9000500e-03
-5.1862730e-03
-2.9451400e-03
-4.3306110e-04
1.1564080e-03
-2.2008660e-04
-2.7741060e-03
-4.1095640e-03
-2.7220190e-03
-4.2704520e-04
2.1686630e-03
4.9959080e-03
7.3036630e-03
8.4497310e-03
7.2495280e-03
4.1491820e-03
1.6536860e-03
1.7379140e-05
2.2215280e-06
-8.9369820e-04
-5.0410260e-03
-1.0488300e-02
-1.1923500e-02
-9.6800590e-03
-7.6201800e-03
-5.9123900e-03
-3.2302600e-03
-1.3765200e-03
-9.1154380e-04
6.4007970e-04
2.7002050e-03
4.6598390e-03
5.7689600e-03
5.7966030e-03
6.8565580e-03
9.2030150e-03
1.1223730e-02
1.2750290e-02
1.1816400e-02
9.8804350e-03
8.5007830e-03
6.4395220e-03
2.3993200e-03
-1.9861200e-03
-4.3024720e-03
-4.5092390e-03
-3.8488750e-03
-6.0293570e-03
-1.1483590e-02
-1.5388910e-02
-1.4970000e-02
-9.1949450e-03
-2.7719980e-03
-1.3626600e-03
-4.4810190e-03
-8.5789410e-03
-9.8685900e-03
-6.6881150e-03
6.4283870e-04
6.3418720e-03
6.6201150e-03
3.3344300e-03
4.1240590e-04
8.2759560e-04
4.4706320e-03
6.9684400e-03
6.0003860e-03
2.4181840e-03
-9.6908950e-04
-3.0365070e-03
-4.2306220e-03
-3.3698350e-03
-6.7672690e-04
2.9443260e-03
5.6825990e-03
6.5243160e-03
4.8962440e-03
3.0783430e-03
2.0074340e-04
-4.0546290e-03
-6.9687740e-03
-7.2166370e-03
-7.0493830e-03
-8.2633440e-03
-9.9039890e-03
-9.8849620e-03
-7.9148770e-03
-3.8585550e-03
1.3776790e-03
4.1473280e-03
4.8206030e-03
4.2759910e-03
1.7940280e-03
-9.4831030e-04
-2.3252610e-03
-5.2734830e-04
3.6566830e-03
7.8947450e-03
8.7820430e-03
4.9419060e-03
5.9039900e-04
7.4662660e-04
4.4568830e-03
7.7362640e-03
7.5346230e-03
3.6525630e-03
-2.4053710e-03
-6.3559510e-03
-7.6635370e-03
-7.0096480e-03
-4.5158540e-03
-1.5489910e-03
7.4780870e-04
1.0586930e-03
-7.5115110e-04
-1.4867920e-03
-2.2172630e-03
-4.3453040e-03
-8.0224240e-03
-1.1166700e-02
-1.3675490e-02
-1.5365090e-02
-1.2958880e-02
-6.5459200e-03
6.5079300e-04
5.2303730e-03
6.7746640e-03
6.8069380e-03
6.7330580e-03
6.9576620e-03
7.9361070e-03
8.9915470e-03
8.6271630e-03
7.0622840e-03
6.7201110e-03
6.8176310e-03
6.8902700e-03
6.0046120e-03
3.5589390e-03
-2.2138100e-04
-4.8315400e-03
-8.2708140e-03
-8.2699080e-03
-6.4123590e-03
-4.0106090e-03
-3.0264080e-03
-3.7250410e-03
-4.3168270e-03
-4.8858350e-03
-6.3496280e-03
-7.1366410e-03
-7.3202680e-03
-7.5211830e-03
-5.8895770e-03
-1.7382070e-03
2.8037430e-04
-2.0037230e-03
-6.0580760e-03
-1.0217900e-02
-1.2794400e-02
-1.2271760e-02
-8.6777820e-03
-4.4463010e-03
-2.2714940e-04
4.0047050e-03
6.4267720e-03
6.0615800e-03
5.8561480e-03
6.6214290e-03
6.7851170e-03
6.7228790e-03
6.8346200e-03
6.7189290e-03
5.0922660e-03
3.8463560e-03
4.9505880e-03
7.4922450e-03
9.1799830e-03
7.9279760e-03
6.7386510e-03
6.7267440e-03
6.8596080e-03
6.2025160e-03
3.6888170e-03
-8.4037120e-04
-5.9647820e-03
-9.3454110e-03
-1.0078610e-02
-9.8626780e-03
-8.3647870e-03
-7.2760410e-03
-7.2173680e-03
-7.2748920e-03
-7.1743130e-03
-5.6982800e-03
-2.9586330e-03
-6.0768820e-04
-2.9408950e-04
-1.2503440e-03
-1.7302480e-03
-1.8226850e-03
4.3305290e-04
4.7369680e-03
6.0358020e-03
4.6046110e-03
3.4287320e-03
1.7035450e-03
1.2541920e-03
1.7279150e-03
1.6579380e-03
1.4706170e-03
1.4251720e-03
1.1882370e-05
-1.2443980e-03
-1.9293650e-03
-4.8300890e-03
-8.1891290e-03
-9.5882540e-03
-9.1397160e-03
-6.2570160e-03
-1.9777240e-03
1.7045030e-03
3.7707980e-03
4.2016790e-03
1.7927180e-03
-4.7179520e-04
1.6709440e-03
5.8967840e-03
7.8215020e-03
6.8155800e-03
3.5453220e-03
6.0885410e-04
-6.8916500e-04
-6.5786470e-04
-4.3619510e-04
-1.1793990e-03
-3.5173690e-03
-5.7561050e-03
-7.1700830e-03
-7.0418400e-03
-6.4216280e-03
-6.1255840e-03
-7.0127140e-03
-7.5924280e-03
-8.4269390e-03
-8.8351830e-03
-1.0229760e-02
-1.1692830e-02
-1.0682460e-02
-7.5311250e-03
-1.1251460e-03
5.0828450e-03
9.9873540e-03
1.4361230e-02
1.6517390e-02
1.5323690e-02
1.1970260e-02
8.9332220e-03
8.0731360e-03
1.0351210e-02
1.3637050e-02
1.6624810e-02
1.8153010e-02
1.7337550e-02
1.5204790e-02
1.1731230e-02
5.9149380e-03
1.5353680e-04
-4.5154470e-03
-6.5367920e-03
-7.8327550e-03
-7.9946260e-03
-6.9893830e-03
-5.9145120e-03
-6.1588060e-03
-6.6761040e-03
-7.5377500e-03
-7.7744890e-03
-7.4566680e-03
-6.2046390e-03
-4.6854990e-03
-2.7587350e-03
-9.7435110e-04
8.1014160e-04
3.8007310e-03
7.5062400e-03
1.1402920e-02
1.4157790e-02
1.4817830e-02
1.4695670e-02
1.5867480e-02
1.7527540e-02
1.7544290e-02
1.5288470e-02
1.0832380e-02
5.0941310e-03
1.3933520e-03
3.1643150e-04
1.6163460e-03
4.3116390e-03
6.3975780e-03
4.8630420e-03
2.4391890e-04
-3.6480070e-03
-4.7492580e-03
-4.6808110e-03
-4.7166470e-03
-4.8373200e-03
-3.9810850e-03
-2.1409770e-03
-2.1433140e-04
1.7531170e-03
3.4247040e-03
3.7139410e-03
3.6324070e-03
3.6564220e-03
3.7467780e-03
2.7688870e-03
1.6073300e-04
-1.7136250e-03
-2.0415350e-03
-1.8364520e-03
-2.1631570e-05
2.9260430e-03
5.7626500e-03
8.4897220e-03
9.2298020e-03
9.1887390e-03
8.5460990e-03
7.8003580e-03
7.7334850e-03
7.2858950e-03
6.2177170e-03
3.5365600e-03
4.6998450e-04
-2.3394970e-03
-4.4864990e-03
-4.9042920e-03
-2.4704500e-03
2.7479490e-03
8.2243850e-03
1.2868400e-02
1.5892390e-02
1.5595020e-02
1.2512620e-02
8.8199580e-03
4.3383740e-03
-1.1192080e-03
-6.8143030e-03
-1.3470370e-02
-2.0648890e-02
-2.6846180e-02
-3.1278590e-02
-3.2301610e-02
-3.0348540e-02
-3.0373040e-02
-3.2814490e-02
-3.4590700e-02
-3.4993540e-02
-3.4572410e-02
-3.2792030e-02
-3.0060360e-02
-2.7205640e-02
-2.4378270e-02
-2.2957190e-02
-2.3568260e-02
-2.4076730e-02
-2.1361950e-02
-1.5654520e-02
-7.7426840e-03
2.5336240e-03
1.4206890e-02
2.3981330e-02
3.0117530e-02
3.4192500e-02
3.6081060e-02
3.5757180e-02
3.3499370e-02
2.8846200e-02
2.5192940e-02
2.6914470e-02
2.9377750e-02
2.8437790e-02
2.2076110e-02
1.0362840e-02
-4.5608490e-03
-1.9081240e-02
-2.9867890e-02
-3.5032420e-02
-3.4217710e-02
-3.0156490e-02
-2.5638430e-02
-1.7275600e-02
-6.9172950e-03
-2.2966360e-03
-5.0826570e-03
-1.1737680e-02
-1.7271920e-02
-2.0074720e-02
-1.9684070e-02
-1.4293360e-02
-3.8830450e-03
7.6665240e-03
2.0242870e-02
3.3348440e-02
4.3755100e-02
4.8933830e-02
4.8478830e-02
4.2983390e-02
3.4976790e-02
3.0221400e-02
2.7021490e-02
2.1333770e-02
1.1985820e-02
1.5971110e-03
-7.4208370e-03
-1.0226640e-02
-5.3943610e-03
2.3252450e-03
7.2036800e-03
5.6996250e-03
-1.2989080e-03
-1.2157630e-02
-2.5519390e-02
-3.7959750e-02
-4.3186580e-02
-4.0039180e-02
-3.3049390e-02
-2.3934960e-02
-1.6694350e-02
-1.1690600e-02
-1.2037240e-02
-1.7278740e-02
-2.4026030e-02
-2.7125660e-02
-2.3072800e-02
-1.4428320e-02
-8.8431600e-03
-1.0560820e-02
-1.7797180e-02
-2.6343020e-02
-3.0189040e-02
-2.6779630e-02
-1.6870630e-02
-3.2628680e-03
1.3511470e-02
3.2829960e-02
5.1202730e-02
6.8827510e-02
8.3020100e-02
8.8143460e-02
8.7091480e-02
8.4712170e-02
8.1291040e-02
7.7920000e-02
7.5379130e-02
6.6663520e-02
4.6214430e-02
2.2348010e-02
2.8628860e-03
-1.2491940e-02
-2.2364750e-02
-2.4471520e-02
-2.4572470e-02
-3.0872660e-02
-3.9937630e-02
-4.4745770e-02
-4.8475280e-02
-5.1087690e-02
-5.0032600e-02
-4.6549000e-02
-4.4613180e-02
-4.4641200e-02
-4.4213890e-02
-4.4578700e-02
-4.6709690e-02
-5.1818410e-02
-5.9871780e-02
-6.7939490e-02
-7.2489650e-02
-7.5360500e-02
-7.4236280e-02
-6.0756310e-02
-3.0269300e-02
9.8581250e-03
4.9165890e-02
8.1326790e-02
1.0578150e-01
1.2454030e-01
1.3032000e-01
1.1983800e-01
1.0341740e-01
8.3419070e-02
5.8526200e-02
4.3047680e-02
4.7035790e-02
5.5857000e-02
5.7293240e-02
4.8515310e-02
2.2716000e-02
-2.0500630e-02
-6.4504740e-02
-9.5310870e-02
-1.1068560e-01
-1.1529290e-01
-1.1035490e-01
-9.7207100e-02
-8.2951230e-02
-6.3646610e-02
-3.7800050e-02
-1.4828480e-02
-1.9341570e-04
1.2028900e-02
2.3730050e-02
3.3240370e-02
3.9082940e-02
3.7726110e-02
2.5846240e-02
5.7056230e-03
-1.3799560e-02
-2.2561840e-02
-1.2130480e-02
1.0706870e-02
3.6081640e-02
6.1966400e-02
8.2246700e-02
8.9440980e-02
8.7382250e-02
8.5495430e-02
8.7747480e-02
8.6423780e-02
6.9144540e-02
3.8257150e-02
6.6068790e-03
-9.8661510e-03
-6.3584980e-03
7.1104420e-03
1.6957960e-02
1.1415840e-02
-1.0394530e-02
-4.5126590e-02
-8.8188760e-02
-1.2308830e-01
-1.3900130e-01
-1.3845010e-01
-1.3107240e-01
-1.1769990e-01
-1.0133930e-01
-8.1480470e-02
-4.9734740e-02
-2.0996870e-02
-3.9894910e-03
8.5630780e-03
2.3168920e-02
3.6614570e-02
3.6132590e-02
2.0719710e-02
1.2503770e-02
2.4395480e-02
4.8714260e-02
7.5239330e-02
9.5512960e-02
9.9767890e-02
8.9573510e-02
7.7189630e-02
5.9519260e-02
3.1023730e-02
4.0290260e-03
-1.3786000e-02
-2.0876330e-02
-1.5554670e-02
-2.3354480e-03
3.4451000e-03
-6.7962800e-03
-2.4743840e-02
-4.2237240e-02
-5.6472340e-02
-6.1677470e-02
-5.3437080e-02
-3.9532840e-02
-3.4506640e-02
-2.8849850e-02
-4.3090480e-03
3.1151960e-02
5.9504750e-02
7.7918050e-02
8.7232430e-02
7.9801070e-02
6.4659000e-02
5.1325370e-02
3.3729740e-02
1.2751050e-02
-1.1231960e-02
-3.5168810e-02
-5.5478910e-02
-7.0179350e-02
-7.4550110e-02
-6.6599230e-02
-4.8088650e-02
-2.9224130e-02
-2.1508830e-02
-1.9607270e-02
-1.3960650e-02
-1.3369210e-02
-2.9064990e-02
-4.7799640e-02
-5.1372170e-02
-3.8921750e-02
-1.9283200e-02
-2.3147820e-04
1.3004740e-02
1.9152680e-02
2.4002200e-02
2.8631800e-02
2.8479530e-02
2.2439280e-02
1.4081780e-02
3.8445400e-03
-7.8805580e-03
-1.6855890e-02
-2.0491840e-02
-1.9068240e-02
-1.2536440e-02
-3.9633090e-03
6.9973390e-04
1.6636780e-03
-1.1577790e-03
-8.1509190e-03
-1.5501920e-02
-2.1370670e-02
-2.6306210e-02
-2.6887480e-02
-2.3543770e-02
-1.9882570e-02
-1.3327330e-02
-2.2536880e-03
1.0027860e-02
2.2144160e-02
3.1969250e-02
3.8716010e-02
4.2102690e-02
4.1717780e-02
3.7596580e-02
3.1215980e-02
2.4222260e-02
1.6555330e-02
7.2817710e-03
2.3740020e-03
1.6200430e-03
7.2021700e-04
1.1983820e-03
2.3602550e-03
1.5224090e-03
-1.0268520e-04
-2.7476620e-03
-4.1568410e-03
-1.9061960e-03
9.4932490e-04
5.8254680e-04
-5.0894980e-03
-1.6300660e-02
-2.9951200e-02
-4.1281880e-02
-4.6395250e-02
-4.4518020e-02
-3.9587670e-02
-3.5239900e-02
-3.0001180e-02
-2.0453280e-02
-7.9058130e-03
4.6626970e-03
1.7069220e-02
3.1279990e-02
4.3209000e-02
4.9276170e-02
5.3511000e-02
5.4312920e-02
4.8088500e-02
3.7408360e-02
2.6537690e-02
1.8960940e-02
2.1009630e-02
3.3654840e-02
4.6310910e-02
4.8940090e-02
3.7989010e-02
1.4550900e-02
-1.1873760e-02
-3.1310770e-02
-4.0982530e-02
-3.7941800e-02
-2.8715180e-02
-2.2333890e-02
-1.8430530e-02
-1.5487740e-02
-1.5051090e-02
-1.3221250e-02
-6.8528550e-03
-2.5622510e-03
-3.9249980e-03
-6.7527990e-03
-8.3446760e-03
-5.9538510e-03
9.2633950e-04
9.3952050e-03
1.7921100e-02
2.2657010e-02
2.4029800e-02
2.3551070e-02
2.4164350e-02
2.7249790e-02
3.0410310e-02
3.1726740e-02
3.1755390e-02
3.2197640e-02
3.1750080e-02
2.9801550e-02
2.2160030e-02
1.3145170e-03
-2.7596150e-02
-5.0174850e-02
-5.8102240e-02
-5.0328610e-02
-3.6235670e-02
-2.7470490e-02
-2.9145280e-02
-3.5293850e-02
-3.8559810e-02
-3.8385090e-02
-3.1985470e-02
-2.1036120e-02
-1.2570220e-02
-9.4902180e-03
-1.0274380e-02
-1.4128330e-02
-1.9083420e-02
-2.1305730e-02
-1.9277620e-02
-1.4157060e-02
-4.5407150e-03
8.9924130e-03
1.9207300e-02
2.7523910e-02
3.7467300e-02
4.5000310e-02
4.6819280e-02
4.5125950e-02
4.1761410e-02
3.7288050e-02
3.4356190e-02
3.5106090e-02
3.6582580e-02
3.8363450e-02
3.7200680e-02
2.6305480e-02
8.0729570e-03
-1.1504740e-02
-2.5904590e-02
-3.4771260e-02
-4.2282280e-02
-4.6981110e-02
-5.0892050e-02
-5.5261380e-02
-6.0216780e-02
-6.3193290e-02
-6.3910260e-02
-6.3543910e-02
-6.0798940e-02
-5.8009860e-02
-5.6636170e-02
-5.1081210e-02
-3.6429620e-02
-1.7109700e-02
-2.6613150e-03
1.0031720e-02
2.0376350e-02
2.5832350e-02
2.7621580e-02
2.8914640e-02
3.1961580e-02
3.9050840e-02
4.9658150e-02
6.0868000e-02
6.6507120e-02
6.4776560e-02
5.8997200e-02
5.4706690e-02
4.9434810e-02
3.6542280e-02
1.9647510e-02
7.3799720e-03
4.1112220e-04
-1.0597360e-03
1.6638670e-03
2.6149650e-04
-1.0069520e-02
-2.4048350e-02
-3.4886950e-02
-3.8247740e-02
-3.4970210e-02
-3.1404010e-02
-2.7139340e-02
-2.1105740e-02
-1.5357410e-02
-9.5392000e-03
-5.2827900e-03
-5.9142620e-03
-1.0453760e-02
-1.3662700e-02
-1.3005410e-02
-8.2045110e-03
2.6381790e-04
9.1889790e-03
1.4276630e-02
1.5334040e-02
1.5985830e-02
1.8676820e-02
2.4451110e-02
3.4631470e-02
4.3782510e-02
4.8939150e-02
4.9974880e-02
4.7870190e-02
4.1985290e-02
3.5082500e-02
2.9412150e-02
2.2461400e-02
1.3432800e-02
4.6432880e-03
-1.4287470e-03
-6.7682400e-03
-1.2881970e-02
-2.1210290e-02
-3.1139640e-02
-4.2511480e-02
-5.3039780e-02
-5.7860460e-02
-5.4144290e-02
-4.5924290e-02
-3.6352860e-02
-3.0991030e-02
-3.2689840e-02
-3.4645500e-02
-3.0063620e-02
-1.9639480e-02
-4.3167530e-03
1.2458930e-02
2.3750120e-02
2.5678090e-02
2.0830750e-02
1.7429510e-02
1.8801220e-02
2.3706190e-02
2.9545790e-02
3.2163940e-02
2.9082690e-02
2.5605210e-02
2.5886010e-02
2.7088090e-02
2.9023630e-02
2.8536070e-02
2.5771810e-02
2.5245390e-02
2.2008880e-02
1.4653320e-02
6.2581380e-03
-1.0781390e-03
-8.9969300e-03
-1.7374450e-02
-2.2576930e-02
-2.2366120e-02
-1.8505930e-02
-1.3772180e-02
-1.0274810e-02
-7.5249850e-03
-7.0347100e-03
-6.6952240e-03
-5.5009490e-03
-5.4192830e-03
-9.6516620e-03
-1.7902710e-02
-2.7990940e-02
-3.9433290e-02
-4.8514540e-02
-5.1478510e-02
-4.6158810e-02
-3.2170220e-02
-1.3049880e-02
4.1415920e-03
1.1028600e-02
8.1395130e-03
5.8756700e-03
6.6452560e-03
8.8510030e-03
1.4382710e-02
2.3219160e-02
2.9252210e-02
3.0942670e-02
3.1881700e-02
3.2970540e-02
3.3593320e-02
3.3161610e-02
3.0698010e-02
2.3256620e-02
1.1918830e-02
1.1876790e-03
-8.1761360e-03
-1.5512840e-02
-1.7717380e-02
-1.5219900e-02
-1.0124200e-02
-3.9640350e-03
-1.1720890e-03
-2.9143950e-03
-8.1586420e-03
-1.0981870e-02
-9.0992150e-03
-6.8122690e-03
-8.5649620e-03
-1.3442430e-02
-1.5516800e-02
-1.4178750e-02
-1.0932240e-02
-6.3641300e-03
-7.4288400e-04
4.7990450e-03
1.0279680e-02
1.6193540e-02
2.0990740e-02
2.0186080e-02
1.6489360e-02
1.3729760e-02
1.2047230e-02
1.0115740e-02
6.1881280e-03
2.1287710e-03
1.2344260e-03
2.6234000e-03
5.9452360e-03
8.5392520e-03
7.5249670e-03
3.6330520e-03
-1.8169430e-03
-9.3937320e-03
-1.8155540e-02
-2.3863250e-02
-2.6199670e-02
-2.6644750e-02
-2.5742780e-02
-2.3038230e-02
-1.9448490e-02
-1.5970550e-02
-1.5184960e-02
-1.8253930e-02
-2.1087530e-02
-1.9991300e-02
-1.5894840e-02
-1.1783270e-02
-5.6115650e-03
1.2246610e-03
5.2096250e-03
8.8887580e-03
1.1373540e-02
1.2536300e-02
1.2647300e-02
1.2639050e-02
1.1208380e-02
8.3637920e-03
5.5832160e-03
4.1612300e-03
3.2519500e-03
2.7727930e-03
2.1212350e-03
6.5773500e-04
-4.1284560e-03
-9.0232740e-03
-1.1844070e-02
-1.2610110e-02
-1.2421680e-02
-1.2981830e-02
-1.4927850e-02
-1.5287710e-02
-1.3221310e-02
-1.0475260e-02
-6.6623360e-03
-2.1926940e-03
1.2929650e-03
3.8141140e-03
4.2612590e-03
4.0993090e-03
4.8777050e-03
7.7254680e-03
1.3649870e-02
2.0719100e-02
2.6326210e-02
2.9108530e-02
2.8894690e-02
2.8522750e-02
2.9411040e-02
2.8984840e-02
2.7162680e-02
2.3804620e-02
1.6776730e-02
7.3291770e-03
-1.0291880e-03
-6.6474950e-03
-9.2578650e-03
-9.7001070e-03
-1.0772620e-02
-1.2214120e-02
-1.2153020e-02
-1.2171160e-02
-1.2420440e-02
-1.2520920e-02
-1.3869950e-02
-1.5252800e-02
-1.6862350e-02
-1.7571470e-02
-1.7258240e-02
-1.7940640e-02
-1.8240290e-02
-1.7677680e-02
-1.5023090e-02
-1.1610650e-02
-7.7803170e-03
-4.8380500e-03
-2.4514910e-03
-1.2649050e-03
-1.3002830e-03
-1.3077960e-03
5.0274000e-04
4.2833150e-03
8.5518350e-03
1.2794500e-02
1.5310960e-02
1.4625010e-02
1.1713700e-02
6.1654470e-03
-4.7507140e-05
-2.6123540e-03
-3.0569870e-03
-1.3461140e-03
2.1621820e-03
5.6981700e-03
8.9302640e-03
1.1973920e-02
1.4601610e-02
1.4433660e-02
1.1843620e-02
7.2099840e-03
4.0795660e-03
3.5989850e-03
5.8275570e-03
9.1404730e-03
1.4040250e-02
1.6556460e-02
1.5520180e-02
1.2923050e-02
9.9641730e-03
6.9708550e-03
4.6112350e-03
1.3314380e-03
-2.6241400e-03
-4.8449170e-03
-3.8345190e-03
-2.4294430e-03
-3.8450770e-03
-7.8469520e-03
-1.4019670e-02
-2.1593570e-02
-2.4365200e-02
-2.3081050e-02
-2.0690550e-02
-1.8544390e-02
-1.7343570e-02
-1.8035130e-02
-1.8499570e-02
-1.7216830e-02
-1.4578780e-02
-1.1396900e-02
-7.0385140e-03
-2.8621770e-03
2.4389200e-03
9.8336450e-03
1.7315950e-02
2.2710730e-02
2.4862540e-02
2.3917300e-02
2.1420470e-02
1.9863630e-02
2.0850990e-02
2.3314790e-02
2.4948860e-02
2.5197990e-02
2.3903620e-02
2.0612940e-02
1.7107400e-02
1.2135650e-02
4.8759020e-03
-4.1439950e-03
-1.3474000e-02
-2.1249630e-02
-2.5970230e-02
-2.8918100e-02
-3.1403850e-02
-3.2211560e-02
-3.1517520e-02
-2.8248960e-02
-2.4101300e-02
-2.1277340e-02
-1.9190210e-02
-1.8260270e-02
-1.7465100e-02
-1.4652730e-02
-1.1575720e-02
-9.9259970e-03
-9.3172640e-03
-6.5652290e-03
-2.7780170e-03
1.6261160e-03
6.1184890e-03
1.0198130e-02
1.4679410e-02
1.7664750e-02
2.0339330e-02
2.3131630e-02
2.4880060e-02
2.4290070e-02
2.0937470e-02
1.5869910e-02
1.0567200e-02
4.9557530e-03
-1.0033860e-03
-7.0075770e-03
-1.3470020e-02
-1.8686600e-02
-2.1823610e-02
-2.1819880e-02
-2.0845170e-02
-1.9758000e-02
-1.8477730e-02
-1.8198080e-02
-1.7041000e-02
-1.3039530e-02
-7.3849230e-03
-7.7238150e-04
6.0765750e-03
1.2440250e-02
1.9391600e-02
2.6121580e-02
3.1140230e-02
3.4666810e-02
3.5499230e-02
3.3247100e-02
3.2438900e-02
3.0413380e-02
2.4683560e-02
1.9385110e-02
1.7262010e-02
1.3081230e-02
5.4817790e-03
-2.7145190e-03
-8.5273430e-03
-1.1947850e-02
-1.3257480e-02
-1.3613440e-02
-1.5759480e-02
-1.7851260e-02
-1.9008940e-02
-1.9269940e-02
-1.7433360e-02
-1.3507500e-02
-1.0518790e-02
-7.3368280e-03
-4.5488500e-03
-4.0588930e-03
-3.4955840e-03
-9.3520500e-04
3.7829750e-03
9.7022070e-03
1.2862640e-02
1.0368670e-02
6.2077420e-03
1.8753670e-03
-2.8080300e-03
-5.1327640e-03
-7.4084210e-03
-9.2850280e-03
-6.9168790e-03
-1.6108030e-03
3.3502420e-03
6.4262470e-03
6.9008430e-03
4.9433810e-03
2.5801480e-03
3.5874220e-04
-1.2333800e-03
-6.6589610e-04
1.9842880e-03
4.5540960e-03
6.6064870e-03
8.3960050e-03
9.8972580e-03
1.1881290e-02
1.2773280e-02
1.2862650e-02
1.2656770e-02
9.9459520e-03
5.4223150e-03
2.4748300e-03
1.5642420e-03
1.6807060e-03
3.4771290e-03
4.4530200e-03
4.4360730e-03
3.3729360e-03
1.1312560e-03
-2.7386480e-03
-6.1014710e-03
-9.3168830e-03
-1.1961320e-02
-1.2000180e-02
-9.2698670e-03
-4.3556510e-03
6.5395060e-04
3.7071800e-03
4.1983660e-03
2.0364280e-03
-8.9517910e-04
-3.9145880e-03
-5.0531340e-03
-3.7665040e-03
-1.6357540e-03
8.4528370e-04
1.7989530e-03
7.7980600e-04
-7.2664270e-04
-1.2532350e-03
-9.8847180e-04
-1.5268410e-03
-4.3543740e-03
-8.3929910e-03
-1.0682020e-02
-1.1569640e-02
-1.0141800e-02
-9.5946450e-03
-9.2604660e-03
-7.2738010e-03
-4.7394580e-03
-3.8193070e-03
-3.9283250e-03
-3.9131790e-03
-3.0350930e-03
-1.6597350e-03
7.4977210e-04
3.5078730e-03
5.7246410e-03
7.0561070e-03
8.3804570e-03
1.0513640e-02
1.2857190e-02
1.5709020e-02
1.8719320e-02
2.0814020e-02
2.1492310e-02
2.1106950e-02
1.8540260e-02
1.5338700e-02
1.0518890e-02
4.7988430e-03
1.1056410e-03
-2.3016630e-03
-4.8807670e-03
-6.3114660e-03
-7.1725270e-03
-8.1879370e-03
-9.2199090e-03
-1.0026050e-02
-1.1807550e-02
-1.5038900e-02
-1.9250340e-02
-2.2870560e-02
-2.5871140e-02
-2.6884820e-02
-2.4251410e-02
-2.0631720e-02
-1.7817880e-02
-1.5241020e-02
-1.3341970e-02
-1.3420310e-02
-1.4593110e-02
-1.3329480e-02
-1.1316610e-02
-8.1822350e-03
-4.3926340e-03
4.6908770e-04
4.0527110e-03
6.6817270e-03
9.2858620e-03
1.1963650e-02
1.4573750e-02
1.8318090e-02
2.3627240e-02
2.7509150e-02
2.9618040e-02
2.8625520e-02
2.5718360e-02
2.1615610e-02
1.7680850e-02
1.3819760e-02
1.0472310e-02
7.8393190e-03
5.4559230e-03
1.6085710e-03
-2.7808650e-03
-3.8367970e-03
-5.0730970e-03
-6.5230430e-03
-6.6692440e-03
-6.7824800e-03
-5.9049700e-03
-4.0382650e-03
-3.8443780e-03
-2.5657980e-03
-1.0479560e-03
-1.0096050e-03
-1.0589800e-03
2.3845050e-04
2.0051750e-03
3.9501610e-03
6.3853580e-03
8.2994760e-03
8.7775450e-03
7.7291810e-03
5.3158880e-03
1.5889240e-03
-2.6410700e-03
-6.5086150e-03
-1.1176410e-02
-1.4218250e-02
-1.7573840e-02
-2.1194590e-02
-2.4105590e-02
-2.6166260e-02
-2.7414370e-02
-2.7687320e-02
-2.6031570e-02
-2.1421450e-02
-1.5723660e-02
-9.9857020e-03
-5.2042800e-03
-1.7470810e-03
1.0817510e-03
2.9095560e-03
4.2169690e-03
5.7683970e-03
7.0941070e-03
6.3226570e-03
5.4010130e-03
4.5755410e-03
4.3419090e-03
5.4765520e-03
7.2254020e-03
6.9305260e-03
6.9291470e-03
7.2959020e-03
7.2729530e-03
8.4611200e-03
1.0388940e-02
1.2426780e-02
1.3057890e-02
1.2476320e-02
1.1952050e-02
1.3408250e-02
1.6474260e-02
1.8446380e-02
1.8676660e-02
1.8222180e-02
1.6406300e-02
1.4399870e-02
1.2953100e-02
1.3164990e-02
1.3484490e-02
1.2169720e-02
7.5834620e-03
2.3186810e-03
-1.9122170e-03
-5.5103540e-03
-6.9716700e-03
-7.9531310e-03
-7.0614630e-03
-4.4712720e-03
-3.6001810e-03
-5.3606210e-03
-6.9860250e-03
-9.6182980e-03
-1.1526360e-02
-1.2097180e-02
-1.4009400e-02
-1.4498320e-02
-1.2373820e-02
-1.1700630e-02
-1.3588350e-02
-1.6042840e-02
-1.8762710e-02
-1.9707480e-02
-1.7619090e-02
-1.4677500e-02
-1.3679160e-02
-1.3683910e-02
-1.3797620e-02
-1.3024830e-02
-1.0338050e-02
-7.3792930e-03
-4.7499450e-03
-2.7916960e-03
-1.4742300e-03
1.0397170e-03
4.1161100e-03
8.1868720e-03
1.1424910e-02
1.3256860e-02
1.3628540e-02
1.4077700e-02
1.4920760e-02
1.6141010e-02
1.8112800e-02
1.7690620e-02
1.4904440e-02
1.2704650e-02
1.1579280e-02
1.1403350e-02
1.2355500e-02
1.1408830e-02
1.0086530e-02
8.6592750e-03
5.6000680e-03
1.7862180e-03
-2.7387320e-03
-5.7732300e-03
-7.6330030e-03
-8.0431770e-03
-6.9932350e-03
-6.4724830e-03
-6.5541050e-03
-6.4508050e-03
-6.4830470e-03
-8.3010180e-03
-9.7957400e-03
-1.0260750e-02
-9.5566370e-03
-8.9182620e-03
-7.0528190e-03
-6.5770260e-03
-6.1517790e-03
-4.3837040e-03
-3.8141780e-03
-2.5381360e-03
-1.1502670e-03
-2.1404240e-04
1.4538520e-03
2.8279140e-03
4.4054930e-03
4.5742910e-03
5.9623720e-03
7.3684730e-03
7.4476930e-03
7.3810220e-03
7.3911670e-03
7.4521480e-03
7.3801540e-03
6.3921370e-03
5.1467080e-03
4.2133180e-03
2.5329540e-03
6.4495670e-04
-2.0880550e-03
-3.6529830e-03
-5.0846240e-03
-6.5429690e-03
-6.6014010e-03
-6.4448160e-03
-7.7531350e-03
-9.2683160e-03
-9.3627570e-03
-8.3303010e-03
-7.0627620e-03
-5.8290240e-03
-4.0239570e-03
-2.3505510e-03
-1.0952340e-03
-5.0568860e-04
1.3360810e-03
1.9704660e-03
2.0464110e-03
1.5554630e-03
-3.0338390e-04
-1.2294860e-03
-2.5275250e-03
-3.6199000e-03
-3.6421480e-03
-3.9585380e-03
-4.9777050e-03
-6.0890840e-03
-6.5704890e-03
-6.5332360e-03
-6.5244930e-03
-5.5691860e-03
-4.0478250e-03
-3.6785080e-03
-4.5934850e-03
-4.2750470e-03
-3.7412300e-03
-2.0017590e-03
-1.6177890e-04
1.7832310e-03
2.0308430e-03
9.7383370e-04
-4.0945840e-04
-9.5499220e-04
-1.0202840e-03
2.9566910e-04
2.5739630e-03
5.1213550e-03
8.1052660e-03
1.0149200e-02
1.2403080e-02
1.5047840e-02
1.5878320e-02
1.6802800e-02
1.7820470e-02
1.8350120e-02
1.8686850e-02
1.7360550e-02
1.5540530e-02
1.3480750e-02
1.1265030e-02
9.7881040e-03
7.9270930e-03
7.3804780e-03
7.4412320e-03
7.5392010e-03
7.1555050e-03
5.8622840e-03
4.6932980e-03
2.9324130e-03
1.4628400e-03
-3.3234470e-04
-8.9718830e-04
-8.5155510e-04
-8.6582700e-04
-8.4143420e-04
-1.1327010e-03
-2.5197180e-03
-3.6314130e-03
-3.5454220e-03
-3.9783950e-03
-5.9054000e-03
-6.5261740e-03
-6.5827760e-03
-6.5690850e-03
-5.1849240e-03
-3.7667170e-03
-3.2210300e-03
-2.3558020e-03
-1.2839930e-03
-8.4327880e-04
-9.0991030e-04
-1.0005080e-03
-3.3227170e-04
1.5150900e-03
2.0234230e-03
1.8082150e-03
2.4573300e-03
4.2416190e-03
4.6954150e-03
4.6259360e-03
4.7729880e-03
4.1448050e-03
2.4099630e-03
2.0182780e-03
1.0814530e-03
-7.2262710e-04
-1.9763260e-03
-3.2714740e-03
-3.7559760e-03
-3.2022670e-03
-2.2489830e-03
-2.2749250e-03
-3.3066780e-03
-3.7813850e-03
-3.7127800e-03
-3.6403070e-03
-3.6406980e-03
-3.6840390e-03
-3.7416590e-03
-3.7251090e-03
-3.7847810e-03
-4.0828510e-03
-2.9560080e-03
-1.5532860e-03
-1.2800650e-03
-1.2002470e-03
-1.8773190e-04
-3.4604080e-04
-1.2315890e-03
-1.2122450e-03
-2.2605780e-03
-3.9585700e-03
-4.1228840e-03
-5.0741000e-03
-6.4404030e-03
-6.7329380e-03
-7.1379080e-03
-8.1766950e-03
-8.4135890e-03
-7.2775400e-03
-6.6103800e-03
-6.4672860e-03
-6.1490080e-03
-4.1944470e-03
-3.3431990e-03
-3.3491240e-03
-3.2649810e-03
-3.3055760e-03
-2.6586870e-03
-8.7241100e-04
-2.7362750e-04
-3.6098080e-04
-3.0348040e-04
7.6957810e-04
2.0943190e-03
2.4693000e-03
2.4906750e-03
1.9739730e-03
1.2659980e-03
1.2257910e-03
1.2739720e-03
1.3508050e-03
9.0920900e-04
1.2148380e-04
8.2344640e-05
1.7986990e-04
1.6804870e-04
1.7956050e-04
2.7886910e-04
2.4636860e-04
2.1214470e-04
1.3620210e-03
2.7021830e-03
2.8018050e-03
2.7379390e-03
2.7862760e-03
2.0825980e-03
6.7888530e-04
-5.6253280e-04
-1.9124680e-03
-3.3716620e-03
-3.4640610e-03
-2.1160530e-03
-1.5947000e-03
-3.5027280e-04
5.9969570e-04
6.2711820e-04
6.7399880e-04
5.1880980e-04
-5.7218010e-04
-6.9915410e-04
6.5633920e-05
7.0090050e-04
8.4143060e-04
1.3173810e-05
-1.1612750e-03
-1.0968750e-03
-1.4592040e-03
-2.7190070e-03
-2.9103820e-03
-2.7173900e-03
-3.3099180e-03
-4.1938900e-03
-3.7820880e-03
-2.4138410e-03
-2.9112180e-03
-3.6524690e-03
-3.5349050e-03
-3.3760700e-03
-2.5217190e-03
-1.2932780e-03
-1.0813290e-03
-1.0182600e-03
-8.7794690e-04
-7.5439180e-04
-6.1617840e-04
-5.5801300e-04
-4.6284630e-04
3.9674430e-04
1.7321050e-03
2.7861830e-03
3.6059170e-03
4.1525160e-03
4.0946700e-03
3.9729700e-03
3.8806220e-03
3.7693020e-03
3.6938240e-03
3.5686360e-03
2.9531850e-03
2.2250960e-03
2.0028230e-03
2.0006180e-03
1.9659310e-03
1.9601530e-03
1.6771010e-03
