0.01
5.2197300e-06
5.4557080e-06
5.0716440e-06
7.3337900e-06
1.0227790e-06
2.6296540e-05
-9.4070870e-05
-1.0419590e-04
-9.9123490e-06
-6.5668770e-06
-9.7691390e-07
-1.3868780e-06
-5.3182530e-07
-4.2186320e-07
-2.8348380e-07
-2.6379060e-07
-2.8202610e-07
-3.3107910e-07
-4.1781860e-07
-5.3721800e-07
-6.8246300e-07
-8.4483800e-07
-1.0713160e-06
-1.3201040e-06
-1.6894900e-06
-2.3163390e-06
-1.4578970e-06
-1.1138830e-05
3.2337330e-05
-3.8641620e-04
4.3344040e-05
-1.5760450e-06
6.4293300e-06
2.5337810e-06
2.0604900e-06
1.3554060e-06
8.2222120e-07
3.8074030e-07
-1.1291600e-07
-8.0897480e-07
3.5898160e-08
-9.6442170e-06
3.3850740e-05
-3.8484860e-04
4.4987870e-05
1.6225340e-07
8.2753730e-06
4.4918320e-06
4.1616220e-06
3.6286850e-06
3.3300600e-06
3.1381730e-06
3.0118760e-06
2.9457020e-06
2.9124470e-06
2.9161710e-06
2.9505610e-06
2.9972060e-06
3.0615280e-06
3.1538140e-06
3.2558450e-06
3.3759920e-06
3.5043550e-06
3.6397130e-06
3.7913080e-06
3.9618360e-06
4.1398920e-06
4.3297750e-06
4.5362200e-06
4.7496330e-06
4.9758780e-06
5.2137020e-06
5.4603340e-06
5.7158090e-06
5.9801600e-06
6.2634650e-06
6.5470690e-06
6.8421900e-06
7.1499920e-06
7.4737840e-06
7.8009700e-06
8.1437060e-06
8.5004810e-06
8.8675380e-06
9.2483160e-06
9.6358990e-06
1.0028350e-05
1.0434600e-05
1.0847100e-05
1.1272230e-05
1.1704690e-05
1.2147940e-05
1.2606960e-05
1.3079550e-05
1.3558550e-05
1.4048370e-05
1.4552750e-05
1.5074930e-05
1.5613950e-05
1.6161570e-05
1.6720680e-05
1.7297640e-05
1.7890600e-05
1.8503370e-05
1.9137470e-05
1.9798100e-05
2.0493770e-05
2.1230720e-05
2.2182000e-05
2.2536260e-05
2.5558540e-05
2.0007040e-05
4.6033340e-05
-7.3568810e-05
-8.2925660e-05
1.2123510e-05
1.6252600e-05
2.2643940e-05
2.3042870e-05
2.4729810e-05
2.5674550e-05
2.6659590e-05
2.7535170e-05
2.8374900e-05
2.9178420e-05
2.9962390e-05
3.0736630e-05
3.1500670e-05
3.2258460e-05
3.3025640e-05
3.3782100e-05
3.4528120e-05
3.5268560e-05
3.6018620e-05
3.6758860e-05
3.7497380e-05
3.8246770e-05
3.9000950e-05
3.9758660e-05
4.0531980e-05
4.1284680e-05
4.2038810e-05
4.2778580e-05
4.3503530e-05
4.4359760e-05
4.4362820e-05
4.8539400e-05
3.3605590e-05
1.0340670e-04
-4.3466010e-04
-1.3947840e-05
3.6519470e-05
4.8993150e-05
5.1832060e-05
5.2138590e-05
5.3571510e-05
5.4508200e-05
5.5843790e-05
5.6552160e-05
5.9932590e-05
5.4847670e-05
8.1596270e-05
-3.8662110e-05
-3.8920880e-05
1.6275640e-05
4.0657850e-04
1.7569170e-05
5.8127320e-05
6.2654110e-05
2.3497290e-05
4.2228400e-04
-3.6861440e-05
-4.8513180e-04
-4.5471410e-04
5.2269920e-04
1.0835860e-03
5.6345570e-04
5.7369980e-05
6.7352260e-05
-9.1623420e-04
-5.6105720e-04
8.1712910e-06
-3.7008180e-04
-5.2220060e-04
4.0186330e-04
1.4404960e-03
1.4311220e-03
5.6076710e-05
-1.4772620e-03
-4.7649970e-04
5.1631200e-04
-1.0098870e-03
-5.2829530e-05
9.5136210e-04
9.5442390e-04
5.2191790e-04
5.2571940e-04
6.0205840e-04
-9.3745070e-04
-1.5059280e-03
1.4609950e-03
5.2484630e-04
-4.8883020e-04
8.6374820e-04
5.2514340e-04
1.9982300e-03
1.5949950e-03
1.5112990e-04
-1.4077460e-03
-3.8841950e-03
-3.5652300e-03
-1.9330850e-03
2.5410250e-03
1.0032090e-03
-1.3037420e-03
6.5241400e-04
-3.8512290e-03
-1.5394970e-03
5.1467680e-03
4.8896410e-03
3.6598250e-03
-2.3975870e-03
-1.2979280e-03
-2.0589310e-03
-9.2417310e-03
-3.1511030e-03
5.2252270e-03
5.1367740e-03
5.4958750e-03
3.8405890e-03
-6.7046970e-03
-3.0834440e-03
8.0777590e-03
-1.0448940e-02
-1.3316980e-02
-7.7452620e-03
-4.5980160e-03
1.9434490e-02
2.1761960e-02
1.6670680e-02
-2.0562180e-03
-2.2559950e-02
-1.5582210e-02
3.5951070e-03
1.5332740e-03
-5.2648430e-03
9.2060200e-03
9.2371760e-03
2.9046330e-03
8.0325340e-03
1.2333760e-03
-1.4191180e-02
-2.2365630e-02
-9.1743770e-03
-3.5886170e-03
6.5952680e-03
1.9890420e-02
1.6248970e-02
8.4382350e-03
1.6380340e-03
-8.9459820e-03
-1.6760210e-02
-1.2786010e-02
-4.5305440e-03
7.7470530e-04
1.1186750e-02
2.4810010e-02
1.5925950e-02
-6.8483830e-05
-1.4046250e-02
-1.8596290e-02
-1.5553220e-02
-1.7574470e-02
-6.0451150e-03
2.1560050e-02
2.0697010e-02
6.8923370e-03
3.2077990e-03
1.3642670e-03
-7.3622490e-03
-1.5373990e-02
-1.4801450e-02
9.2548730e-03
1.6595440e-02
7.2917230e-03
5.7108980e-03
6.6538150e-04
-1.0046300e-02
-2.5296820e-03
-1.1495460e-02
-9.8786980e-03
3.1890060e-03
4.4274450e-03
-1.5575920e-03
1.9095760e-03
1.3342890e-02
1.2610990e-02
-7.6867880e-03
-1.5424340e-02
-9.5208660e-03
-4.3430350e-03
1.5217010e-02
6.1815050e-03
-1.3543610e-02
1.5415740e-03
5.4612910e-03
1.0543120e-02
1.2042720e-03
-1.6160600e-02
-3.5365160e-03
-1.5364180e-03
-6.6554660e-03
2.2311810e-03
2.8875370e-03
5.3334320e-03
-4.6686640e-03
-7.3085520e-03
4.4065130e-03
-1.2529620e-03
8.9854630e-03
1.1080120e-02
2.6749440e-03
-1.6910730e-03
-1.4371330e-03
5.7345550e-04
-4.8827460e-03
-1.3595150e-02
-2.3420110e-03
1.1202940e-02
-9.6530260e-03
-1.1156860e-02
-2.5234520e-03
-5.1051220e-04
-2.6465340e-04
5.6112240e-04
1.2798480e-02
3.6965870e-03
1.0481170e-03
5.3261580e-03
-6.9142930e-04
7.1836470e-03
3.7608510e-03
-5.7322160e-03
-8.8363080e-03
-9.0933890e-03
2.8353060e-04
8.8928190e-04
2.9752360e-03
5.6801260e-03
-8.7098680e-03
-1.1628100e-02
6.8705230e-03
9.3711740e-03
-1.7297890e-04
-9.7457280e-03
-6.3230360e-04
9.7407080e-03
2.1792850e-03
-7.2142620e-03
-2.9649170e-03
1.6514200e-03
-2.4121160e-03
3.2607500e-04
8.7470810e-03
1.9827660e-03
1.2765520e-03
9.0503870e-03
-2.4904390e-03
-1.1087840e-02
-1.3037380e-02
-1.0022290e-02
2.7292160e-03
6.5758830e-03
6.4343310e-03
1.7246310e-02
2.5805000e-02
2.4116340e-02
2.1324990e-03
1.1965340e-02
1.9979730e-02
-1.3982460e-05
-6.5012410e-03
1.1175570e-02
1.1755470e-02
-5.0993100e-03
1.9702170e-03
1.9576550e-02
4.4390980e-02
6.2552350e-02
7.2688920e-02
8.3407260e-02
4.3522690e-02
-2.2196250e-02
-6.0862460e-02
-1.0101690e-01
-1.2664970e-01
-1.1916250e-01
-7.0354160e-02
3.2646070e-03
3.2896260e-02
1.7180270e-02
-3.1065450e-02
-6.0828730e-02
-5.5815440e-02
-3.9611350e-02
-2.1146490e-02
-1.7124330e-02
-1.1382900e-02
2.7410110e-02
8.9922680e-02
1.1520800e-01
6.4301020e-02
-4.8401000e-03
-1.5400550e-02
7.1770260e-03
2.8765200e-02
-3.8470730e-02
-1.1949400e-01
-6.4803790e-02
8.4065000e-03
6.0844200e-02
1.0123410e-01
1.0377920e-01
7.6566280e-02
6.2895820e-02
7.7432950e-02
1.2123160e-02
-8.9617780e-02
-1.2459960e-01
-1.1964780e-01
-9.5488740e-02
-8.3411550e-02
-7.9914200e-02
1.3669250e-02
1.1788670e-01
1.5138820e-01
6.9786590e-02
-9.5008570e-03
-2.6203380e-02
-3.5670500e-02
-3.4086300e-02
-2.9237120e-02
-3.2828450e-02
-4.6972920e-02
-1.5250700e-02
4.5779290e-02
8.9322720e-02
6.5107320e-02
4.3004120e-03
-2.1545270e-02
-1.4170500e-02
-5.0758920e-02
-7.4784920e-02
-4.6579090e-02
1.2015130e-02
3.4344490e-03
2.2599640e-02
7.6448260e-02
6.0009400e-02
1.4061530e-02
-1.6786570e-02
-2.2739880e-02
-2.2568610e-02
-1.3559860e-02
-9.2802830e-03
1.9967790e-03
4.6006130e-02
5.5303820e-02
4.9571760e-02
2.8946690e-02
-3.8704190e-03
-4.7663150e-02
-5.6408830e-02
-4.0949160e-02
-2.4714050e-02
-3.3270520e-02
-1.5659510e-02
2.2097090e-02
2.5897470e-02
7.5397730e-03
-7.9569610e-04
-3.7033650e-03
-2.0430790e-02
-1.7783680e-02
5.7308660e-03
5.8867810e-02
9.0955880e-02
7.1932240e-02
1.6654700e-02
-8.9224290e-03
-4.6484490e-02
-7.6911020e-02
-6.5256280e-02
-2.4705710e-02
-1.5879870e-03
1.3909860e-02
1.8654570e-02
2.5675800e-02
2.7491950e-02
1.1476320e-02
-1.2232340e-02
-2.2586290e-02
-2.2512010e-02
-2.0393930e-02
1.1303200e-02
6.2138280e-02
5.8730320e-02
1.1208860e-02
-3.0971910e-02
-4.7723080e-02
-2.2116110e-02
2.6064870e-02
2.7675530e-02
2.0941610e-02
6.6201690e-02
6.2829610e-02
-2.6934780e-02
-8.6156790e-02
-1.1477650e-01
-1.1341340e-01
-1.0025260e-01
-7.0937830e-02
1.0801100e-02
8.3714030e-02
1.1635080e-01
1.3952620e-01
1.3788010e-01
1.0666780e-01
1.6120160e-02
-5.1790400e-02
-8.5915280e-02
-1.3009010e-01
-1.4351750e-01
-1.4011110e-01
-7.8011570e-02
1.8851120e-02
9.0598190e-02
1.2279050e-01
1.2259310e-01
4.8820960e-02
-1.3940890e-02
-9.9391030e-03
-1.5852150e-02
-5.3579960e-02
-7.5806660e-02
-4.7493230e-02
-1.5864270e-02
2.8640740e-02
6.7638110e-02
7.8000200e-02
6.5656250e-02
3.0158560e-02
8.9782290e-03
-2.2987420e-02
-7.6603630e-02
-9.7877930e-02
-7.7263550e-02
-3.9674200e-02
2.2398370e-02
6.7149570e-02
6.8587090e-02
6.9547290e-02
6.4151820e-02
4.6215410e-02
-4.4499070e-04
-1.4044930e-02
-2.8662520e-02
-6.3494940e-02
-4.5073380e-02
-1.2268960e-02
-1.3626430e-02
-2.4846080e-04
-7.5296700e-03
-1.7658520e-02
3.8057050e-03
1.7991730e-02
1.7569150e-03
-4.1104070e-03
-2.0576900e-02
-1.8910380e-02
-3.0540340e-03
-7.9119850e-03
-1.3459860e-02
-8.0206320e-03
1.3233180e-02
3.2141730e-02
5.4822250e-02
6.5739020e-02
5.3196270e-02
3.6747520e-02
1.5042110e-02
-9.1329440e-03
-2.5947250e-02
-5.1547110e-02
-7.1000680e-02
-6.4476330e-02
-3.7816210e-02
-4.2296390e-03
1.8375800e-02
2.6692720e-02
2.2703580e-02
2.0600930e-02
1.9840390e-02
2.3995290e-02
2.1438270e-02
1.9470630e-02
2.4077140e-02
2.3632670e-02
6.2109360e-03
-3.4001430e-02
-5.6517120e-02
-5.3279380e-02
-4.4997290e-02
-3.1521620e-02
-1.0643150e-02
9.7140400e-03
3.5682620e-02
4.2364110e-02
1.8839290e-02
-2.0685390e-02
-4.4970420e-02
-3.6373940e-02
-1.3538610e-02
1.5884020e-02
2.6572080e-02
3.1404940e-02
6.0017030e-02
6.6571770e-02
1.9786140e-02
-1.0783840e-02
-2.9825430e-02
-4.9379140e-02
-4.1503040e-02
-3.7539730e-02
-2.7655750e-02
-5.9241770e-04
2.3523130e-02
1.4655340e-02
5.8385210e-03
6.2808420e-03
-1.7464010e-02
-2.2407160e-02
1.7773870e-03
2.4965080e-02
2.7489430e-02
3.1624110e-02
3.3996800e-02
2.2754910e-02
-3.1512120e-03
-3.8646890e-02
-4.8997450e-02
-2.7633540e-02
7.0710490e-03
3.4812790e-02
3.5799360e-02
4.0438910e-02
4.5885290e-02
1.6552100e-02
-2.3902600e-02
-4.3568830e-02
-4.7163800e-02
-3.5306900e-02
-2.2476750e-02
-6.9940870e-03
2.8882950e-02
4.4511690e-02
2.7703910e-02
1.1967220e-02
-5.2834140e-03
-1.7536140e-02
-1.6629040e-02
-5.8481990e-03
4.9292140e-03
1.1167650e-02
3.9118390e-03
-1.1424190e-03
-5.6228990e-03
-1.6129990e-02
-2.9801240e-02
-2.8794020e-02
-2.4345240e-02
3.9995550e-03
2.7033270e-02
2.9459940e-02
3.6419480e-02
3.2613200e-02
9.2230190e-03
-1.2469030e-02
-3.6079490e-02
-5.1153670e-02
-5.0319160e-02
-3.2964840e-02
3.1656830e-04
2.7562320e-02
4.2220920e-02
5.0500450e-02
4.6990110e-02
1.8267820e-02
-4.1488280e-03
-2.9574440e-02
-4.4425550e-02
-3.5463790e-02
-1.5411910e-02
-6.0308050e-05
-1.8946550e-03
1.3450330e-02
3.3323290e-02
3.3269290e-02
1.3087500e-02
-7.6635360e-03
-1.7615280e-02
-1.8510130e-02
-1.1541480e-02
-2.0034600e-03
1.0106660e-02
1.3691890e-02
9.9376530e-03
1.4030950e-02
-4.6815100e-03
-2.8591710e-02
-2.3561300e-02
-4.2716680e-03
1.0115320e-02
1.8094220e-02
2.3583770e-02
2.5706690e-02
1.7366350e-02
8.5430700e-03
-1.0423540e-02
-2.7638680e-02
-2.2955120e-02
-3.5012370e-03
8.9305820e-03
6.1844920e-03
2.3077050e-03
-3.8078240e-04
7.1877810e-03
-4.5684290e-04
-1.1075890e-02
-1.2386110e-02
-1.3320890e-02
-1.1485090e-03
-1.0720780e-04
1.8111520e-03
1.4847440e-02
1.1022800e-02
-8.8714170e-03
-1.6113140e-02
-1.3002090e-02
-1.4787180e-02
-9.5723690e-03
6.0145390e-04
8.3740540e-03
1.9982550e-02
1.7548470e-02
4.7402680e-03
-7.5863320e-03
-1.0996000e-02
-8.5749710e-03
-1.2056250e-02
-1.1129970e-02
-7.7025400e-03
6.3231150e-03
1.7560800e-02
1.1004620e-02
1.0634220e-02
1.0810880e-02
-7.3516350e-04
-1.2348390e-02
-8.5513830e-03
2.5527830e-03
5.6097260e-03
-5.8767430e-04
-6.9441500e-03
-6.2179150e-03
-6.7812590e-03
-1.6348520e-03
4.8025390e-03
2.0782440e-03
1.4064960e-03
9.6932410e-03
9.2905210e-03
-6.2046250e-03
-1.3669430e-02
-3.0661170e-03
3.8594400e-04
-3.1437660e-03
8.6511420e-03
1.0767280e-02
6.0094310e-03
-3.2264280e-03
-1.3629130e-02
-5.2018890e-03
3.3986880e-03
7.2111540e-03
9.4240140e-03
6.1651850e-03
6.2908800e-03
-1.8648130e-03
-1.0412690e-02
-1.3999220e-02
-3.3645500e-03
4.3757390e-03
3.5583270e-03
9.8024760e-03
1.2906270e-02
1.0124370e-02
5.2669950e-03
4.5243760e-03
-6.2121100e-03
-1.6471110e-02
-1.0037400e-02
-3.0941090e-04
1.2720740e-03
5.5856030e-03
1.3431130e-02
8.4434290e-03
-8.8204750e-03
-1.2186410e-02
-7.5307310e-03
-5.0932320e-03
-2.4202010e-03
7.6902030e-03
1.8342160e-02
1.1306280e-02
-4.6562140e-03
-1.7575330e-02
-1.9188680e-02
-1.4294580e-02
-7.0357210e-04
1.0814680e-02
1.1919810e-02
1.3495880e-02
1.5194670e-02
1.1763280e-02
7.0587150e-03
1.9577420e-03
-7.9946760e-04
-3.8211010e-03
-5.8759550e-03
-5.2293610e-03
-1.0455110e-02
-1.6780960e-02
-1.0659120e-02
-1.0319360e-03
1.2772680e-03
1.2500010e-02
1.2584810e-02
-3.1863930e-03
-9.6756510e-04
5.3571860e-04
-1.1505870e-02
-1.3796160e-02
-6.8895810e-03
4.2248530e-04
7.3160880e-03
1.3881690e-02
4.3680280e-03
-1.1116470e-02
-6.8113140e-03
-6.0459610e-03
-7.5352450e-03
9.1926140e-05
6.3702760e-03
1.0900100e-02
1.2249950e-02
6.5627650e-03
-2.7971490e-03
-4.4348540e-03
-1.1183000e-02
-1.0853980e-02
6.1528710e-03
1.3940280e-02
7.3759800e-03
2.5011850e-03
2.0046590e-03
-2.7637810e-03
-9.9270370e-03
-1.9190460e-02
-1.6167830e-02
-2.0455250e-03
2.2037790e-04
7.4957670e-04
4.4729360e-03
1.2361000e-02
1.3589850e-02
5.4222110e-03
6.4398600e-03
4.7975310e-03
5.4816290e-03
1.3936360e-02
1.1187020e-02
5.3010060e-03
5.5107240e-03
-1.5441780e-03
-1.4420560e-02
-1.7272970e-02
-1.0806600e-02
-4.9779300e-04
4.6413340e-03
2.2893720e-03
1.4314650e-03
-8.4929730e-04
-8.7893150e-03
-9.6190480e-03
-2.3374790e-03
2.2083390e-03
-1.4645410e-03
-4.4784790e-03
-7.3692780e-04
2.6281100e-03
1.9133120e-03
5.3788000e-04
-3.9148510e-03
-4.7422350e-03
2.0345170e-03
8.0912950e-03
2.3544350e-03
9.5238640e-04
3.3976380e-03
1.7202010e-04
-4.2675980e-03
-6.4097710e-03
-5.1619410e-03
-1.7665030e-04
1.1360590e-02
1.0677140e-02
6.9502610e-03
5.2520400e-03
-4.6963920e-03
-5.4851400e-03
-2.0227660e-03
-5.4025780e-03
-8.9867650e-03
-8.0914510e-03
-3.7001640e-03
-1.3447900e-03
1.5670100e-03
5.1698670e-03
1.9749090e-03
-4.8991100e-03
-3.3305470e-03
3.5789900e-03
4.3216130e-03
2.7211600e-03
6.1648650e-03
7.8181560e-03
2.8230020e-03
3.0065630e-03
1.0974220e-03
-7.4007810e-03
-5.4889160e-03
-1.0941630e-03
-1.9720440e-03
-3.0005260e-03
1.6110190e-03
7.6004820e-03
5.8619610e-03
1.0316800e-03
2.8526180e-03
5.7409500e-03
3.0173610e-03
-5.2805760e-04
-2.0422800e-03
-2.0154210e-03
-3.7328960e-03
1.6657650e-03
7.3394420e-03
-3.2164810e-04
-8.0106850e-03
-8.8539080e-03
-6.8018160e-03
-8.7486820e-04
2.3374410e-03
-1.9966540e-03
-3.5925920e-03
4.6471920e-03
7.7308880e-03
3.5583930e-03
1.0240280e-03
-4.2030120e-04
-3.2702200e-03
-5.7673430e-03
-3.0077140e-03
-7.2382430e-04
3.6990650e-03
6.9187050e-03
-3.6098060e-04
-3.3816110e-03
-1.9398110e-03
-4.1103780e-03
-1.7269570e-03
3.2601330e-03
4.7622100e-04
1.8865690e-03
2.8443420e-03
7.9781960e-04
1.3380570e-03
1.8877820e-03
-1.8935780e-03
-3.8375760e-03
-3.0570630e-03
-4.4443250e-03
-4.0769220e-03
-3.0993130e-03
-2.4911050e-03
-4.9813300e-03
-1.2801190e-03
6.7638790e-03
4.5423630e-03
-1.6696720e-04
-1.2594200e-03
-2.9291770e-03
-2.8075620e-03
-4.8439650e-03
-6.0468650e-03
-2.7192500e-03
6.3635170e-03
1.4072760e-02
8.1821690e-03
2.4310110e-04
-1.0124670e-03
-1.5452410e-03
-3.9351580e-03
-3.8880140e-03
-2.5220510e-03
-7.5060600e-05
9.6292150e-04
1.1017880e-03
7.4159450e-04
-2.0901880e-03
-5.9471860e-03
-9.8009740e-03
-5.7959110e-03
6.9058270e-03
1.3088250e-02
1.0998790e-02
7.1082080e-03
4.0632320e-03
3.1618470e-03
-1.6695110e-03
-7.1909350e-03
-3.5445930e-03
3.2137540e-03
4.3270040e-03
2.6481850e-03
-7.4635710e-04
-5.7818050e-03
-5.8865560e-03
-5.9933830e-03
-3.2252420e-03
5.6180420e-03
8.3419700e-03
4.7850000e-03
-3.9323930e-04
8.7056920e-04
7.3888320e-03
5.1250350e-03
-1.7369970e-03
1.6504600e-04
1.6163440e-03
-3.2478290e-03
-3.8294130e-03
-1.9450530e-03
-1.3416240e-03
6.9204340e-06
5.2017030e-04
-2.7845400e-03
-4.6292890e-03
-5.3834550e-03
-3.5289260e-03
2.4482570e-03
2.9801800e-03
4.4608380e-03
4.5766990e-03
6.4360140e-04
2.1173830e-03
1.7854450e-03
-5.4512560e-03
-1.0071330e-02
-7.8443220e-03
-5.8397580e-03
-4.8906880e-03
-2.4885220e-03
2.3279830e-03
4.8197330e-03
5.9543410e-03
4.4413410e-03
3.3604790e-03
5.0012090e-03
5.6140000e-03
1.1534990e-03
-7.9796090e-04
1.4977040e-03
2.4839120e-03
1.9587090e-04
-2.8247030e-03
9.9179460e-04
2.4912140e-03
1.0382340e-03
1.5587860e-03
1.1214920e-03
-7.8407810e-04
-1.7204110e-03
-3.1844350e-03
-5.2272630e-03
-6.5978300e-03
-6.2595280e-03
-2.5729600e-03
2.8706210e-03
2.6161650e-03
2.9887880e-03
7.2725800e-03
7.4379970e-03
5.6606050e-03
5.7992840e-03
1.2273780e-03
-3.9684340e-04
1.0719440e-03
-1.8375450e-03
-1.4991420e-03
2.8847320e-03
3.4689820e-03
-7.6801060e-04
-3.1452060e-03
-4.3104330e-03
-5.3335390e-03
-4.3046790e-03
-3.4935830e-03
-5.6972080e-04
2.5031640e-03
3.6034920e-03
1.4208970e-03
-2.5849260e-03
-6.6408010e-03
-6.6891780e-03
-4.4313060e-03
-2.9982510e-03
-1.0574580e-03
4.4597280e-04
2.0562290e-03
-1.7195810e-03
-4.3258680e-03
-3.3734640e-03
-1.0449950e-03
1.4036170e-03
3.8399960e-03
5.2644750e-03
4.5554380e-03
8.2954740e-04
-4.5904830e-03
-5.7260910e-03
-5.8632220e-03
-4.0451500e-03
2.1715670e-03
6.7018960e-03
8.1839660e-03
8.2862590e-03
7.0863620e-03
3.6241610e-03
-3.3067360e-04
-2.7312770e-03
-4.7978950e-03
-2.5874240e-03
2.2986780e-03
5.3138030e-03
5.9316480e-03
4.5550710e-03
6.6903560e-04
-2.2814570e-03
-4.1744490e-03
-4.7021240e-03
-5.2382680e-03
-6.7078560e-03
-9.2734640e-03
-9.8909500e-03
-5.5039880e-03
-2.0259760e-03
-1.4213890e-03
-1.8790320e-03
-5.4464350e-04
1.0388520e-03
1.0266550e-04
-4.2189010e-04
1.1894870e-04
5.8380500e-04
1.0420830e-03
1.6219860e-03
-6.9699340e-04
-3.6896590e-03
-2.4213700e-03
2.2678700e-03
5.7082750e-03
7.3447160e-03
3.9232100e-03
9.7829660e-05
1.6994280e-04
-5.7976490e-04
-7.0359490e-05
4.2054890e-04
1.3231290e-03
4.2910790e-03
6.4257250e-03
4.9957600e-03
1.0770510e-03
1.5354450e-03
6.3191890e-04
-3.4351830e-03
-4.0274900e-03
-1.1476720e-03
-1.6331650e-04
2.3072880e-03
3.8066950e-03
3.8508960e-03
2.9480280e-03
-8.4079420e-04
-2.3944940e-03
-3.9966950e-03
-5.9726450e-03
-5.9955580e-03
-2.7124640e-03
3.1977300e-04
1.3962820e-03
1.4871330e-03
8.9907110e-04
1.2333370e-03
2.4814190e-03
2.9565260e-05
-4.0283180e-03
-1.6306620e-03
1.3243280e-03
-9.9501060e-04
-1.3295330e-04
2.8261430e-03
2.5107950e-03
5.2931670e-04
1.8693530e-03
2.3845570e-03
1.4670840e-03
1.3925380e-03
1.8423810e-03
2.7754350e-03
4.2745170e-03
4.4408280e-03
3.0061220e-03
2.0050290e-03
-3.7631330e-04
-4.2605370e-03
-6.4600180e-03
-3.1850860e-03
7.3289220e-04
1.6952280e-03
4.5182260e-04
4.5431010e-04
1.3900840e-03
9.2392690e-04
-5.7622370e-04
-1.0070980e-03
-5.5113360e-04
-2.4825810e-03
-4.5574260e-03
-2.1878150e-03
-1.0443720e-03
-1.5020830e-03
-1.8569730e-04
4.0960220e-03
7.2190200e-03
6.3726940e-03
5.4724250e-03
5.5454220e-03
1.2552640e-03
-3.3727120e-03
-3.6453310e-03
-3.1086260e-03
-2.0447920e-03
-5.5147750e-04
-1.0823370e-04
4.2775700e-04
5.3648530e-04
-2.8206370e-03
-4.3809600e-03
-2.1161380e-03
3.4854990e-04
8.5119340e-04
3.5295150e-04
-5.6138120e-05
-1.3573330e-03
-3.9151750e-03
-5.4773930e-03
-3.4624580e-03
-1.6129610e-03
-1.9080270e-04
2.7947680e-03
5.7930500e-03
4.8960190e-03
2.4516280e-03
1.9341000e-03
-1.3413380e-03
-2.9177560e-03
-1.6091470e-03
1.2958010e-03
1.6973540e-03
3.4169340e-04
-4.5304830e-04
-1.8941440e-03
-1.8938380e-03
-1.9072120e-03
-3.9772810e-03
-3.6469260e-03
7.5216780e-04
4.3224740e-03
3.0573300e-03
1.9895930e-03
2.0014550e-03
2.0405740e-03
-1.3796860e-03
-3.3795140e-03
-1.5286430e-03
-8.9936240e-05
-3.8143060e-04
-2.3971760e-03
-3.0289130e-03
-1.1606530e-03
3.1049290e-04
1.9528820e-03
1.9249290e-03
1.4509060e-03
1.0866670e-03
1.4645500e-03
1.4204260e-03
-4.6203800e-04
-1.9982740e-03
-1.1352710e-03
-1.0908310e-03
-1.5921690e-03
-1.0473710e-03
-1.4662840e-03
-1.4209310e-03
-3.9738670e-04
-2.3687060e-03
-4.4007530e-03
-2.0630650e-03
3.2948250e-04
3.7439750e-04
-2.5283490e-05
9.4405910e-04
2.4430510e-03
6.1185350e-04
-3.2442060e-03
-4.8067070e-03
-3.5862130e-03
-1.1502590e-03
4.0542630e-04
2.3552940e-03
4.8255920e-03
3.0917000e-03
-2.3917150e-04
-1.3426440e-03
-1.5011630e-03
-2.0170230e-03
-1.5806570e-03
-1.1524690e-03
-1.4812270e-03
-1.9166190e-03
-1.5913800e-03
-9.2032090e-05
1.4239330e-03
1.0346830e-03
9.4796870e-04
2.3860180e-03
2.8929850e-03
4.2481920e-03
4.3696900e-03
4.2833760e-03
4.3036030e-03
4.0257650e-03
2.1759990e-03
-1.2590100e-03
-3.7745020e-03
-3.8122150e-03
-3.4272460e-03
-2.1356860e-03
-2.8218260e-04
3.6317400e-03
9.0847280e-03
1.0236750e-02
8.0173750e-03
3.7417420e-03
-1.1735310e-03
-1.8146910e-03
-1.4444560e-03
-1.4273920e-03
3.6589590e-05
-1.4076890e-03
-1.9181170e-03
-2.2531590e-05
-4.9477080e-04
-1.9682440e-03
-1.0962730e-03
9.5497490e-04
4.2312970e-05
-2.0054460e-03
-9.9772590e-04
1.0232540e-03
-7.9414610e-04
-2.8539970e-03
-2.0365850e-03
-1.0620960e-03
-1.9035940e-03
-2.9013590e-03
-2.4669940e-03
-1.4975530e-03
3.8907040e-04
2.3694760e-03
2.9857110e-03
1.6005030e-03
5.9925650e-04
5.4878960e-04
-7.4717300e-04
-2.7273210e-03
-4.3295350e-03
-2.9713410e-03
-1.4364820e-03
-1.9629540e-03
-1.9937280e-03
-1.0269460e-03
-1.8934620e-03
-2.8598030e-03
-5.9794120e-04
3.2277530e-03
4.8906410e-03
3.1226160e-03
1.2009020e-03
6.7829570e-04
1.8591320e-04
-3.6798830e-04
-4.2978850e-04
-5.1434270e-04
1.5151440e-05
-4.0318700e-04
-2.3212750e-03
-1.8772460e-03
4.3347630e-04
4.8966360e-04
-3.9592730e-04
1.5311300e-03
2.5142780e-03
1.4990160e-03
1.0338420e-03
5.5248470e-05
-1.3982700e-03
-2.2552550e-03
-2.8482440e-03
-2.4374410e-03
-5.1967410e-04
7.1780490e-05
-2.2624260e-05
9.3095600e-04
2.5090390e-03
2.0030750e-03
2.4505290e-03
2.4898300e-03
-3.8762000e-04
-2.3732810e-03
-1.5935640e-03
1.1948670e-03
2.7442300e-03
4.3296020e-03
4.9291140e-03
5.0455790e-03
4.0497770e-03
6.1332600e-04
-1.3942200e-03
5.8308770e-05
1.0228760e-03
-6.2535820e-04
-5.9330100e-04
-8.5280470e-04
-2.2655600e-03
-2.2878290e-03
-1.9181530e-03
-2.4426100e-03
-1.9887480e-03
-1.5655240e-03
2.7296020e-04
2.8619460e-03
1.9615660e-03
1.2767180e-04
-2.9923790e-04
1.3630710e-04
6.1886880e-04
1.4696550e-04
8.6554730e-05
1.0320580e-03
-3.8428870e-04
-2.8538980e-03
-2.9787970e-03
-1.5080630e-03
6.3748950e-05
4.6363440e-04
4.5470450e-04
1.4955030e-03
2.0235960e-03
6.7968660e-04
5.9633710e-04
5.6751300e-04
5.0606770e-04
-9.5282800e-04
-1.4066650e-03
-4.7236020e-04
-8.5158530e-04
-2.2485660e-03
-4.2466760e-03
-4.8306680e-03
-3.5258800e-03
-3.0491430e-03
-1.4671140e-03
8.7988440e-04
2.3351550e-03
1.4534210e-03
1.3763110e-03
2.9290470e-03
3.0766480e-03
6.7318190e-04
-8.7780910e-04
-5.5733300e-04
9.8405630e-04
1.0338040e-03
-4.3260130e-04
-1.3170120e-03
-1.4967400e-03
-1.5227300e-03
-1.4099610e-03
-5.5114090e-04
1.8285890e-03
1.5011140e-03
6.5335910e-04
1.0988210e-03
1.6010890e-03
6.7628820e-04
-1.3294560e-03
-2.8811280e-03
-2.3855270e-03
-9.7809820e-04
-1.0049440e-03
-5.3898130e-04
5.7529120e-04
1.5198500e-03
-3.8939350e-04
-1.0199260e-03
-3.5444230e-05
-5.0928170e-04
-5.3959870e-04
1.4396850e-03
2.9571500e-03
1.5468860e-03
1.0256210e-04
-8.8985360e-04
-1.8370960e-03
-2.8793220e-03
-1.4746120e-03
-6.7528700e-06
1.8630340e-03
1.8472170e-03
9.0044230e-04
5.3798550e-04
-1.8037680e-03
-3.3667540e-03
-2.0102530e-03
8.5282510e-04
3.4429870e-03
5.0633980e-03
3.0553460e-03
1.9745620e-03
1.0075900e-03
-1.3978930e-03
-1.8953510e-03
-2.8659450e-05
4.9399920e-04
-4.5109380e-04
-1.3035560e-03
1.0014010e-03
3.4141770e-03
3.5191550e-03
1.5198950e-03
1.4363640e-03
1.4607400e-03
5.9009900e-04
4.7566560e-04
1.2922310e-03
2.7948870e-03
1.9599670e-03
9.5899420e-05
-1.4310430e-03
-1.0100350e-03
-9.0091880e-05
3.7967570e-04
-1.2748150e-04
-1.0378240e-03
-1.9370980e-03
-3.4968280e-03
-4.4225380e-03
-2.4645800e-03
7.8783320e-04
1.8670630e-03
1.4662790e-03
9.7572750e-04
1.8874760e-03
1.8885690e-03
9.6047710e-05
-1.8274380e-03
-1.8739940e-03
-2.3795220e-03
-3.3536780e-03
-1.5092680e-03
1.2442490e-03
2.4229180e-03
6.0882490e-04
-9.2214030e-04
-9.7767180e-04
-1.9301600e-03
-3.7951350e-03
-2.9453760e-03
-1.1298970e-03
-5.0010920e-06
1.2114930e-04
-1.3783220e-03
-2.9862160e-03
-2.9796850e-03
-1.4460690e-03
-9.6210510e-05
4.2561860e-04
1.2977930e-03
2.2880430e-03
2.3711540e-03
2.8867470e-03
2.5062930e-03
1.4443220e-03
9.9651770e-04
1.5022690e-03
8.9651180e-05
-8.7400040e-04
-2.3683810e-03
-2.9092550e-03
-2.3979690e-03
-1.5636870e-03
-1.8528170e-04
1.3293550e-03
1.9030530e-03
9.9525280e-04
5.6447340e-05
9.8659820e-05
1.4513610e-04
-4.4420960e-04
-1.3942900e-03
-1.5022970e-03
-7.8137230e-05
4.8672270e-04
4.2664560e-04
9.5796130e-04
1.4091690e-03
2.8437860e-03
3.3940890e-03
2.4827800e-03
1.5141250e-03
5.1146950e-04
-1.0538440e-03
-1.0638440e-03
-1.0610100e-03
3.7086430e-04
1.2548420e-03
1.3091440e-03
4.7790320e-04
-7.7098890e-05
4.7901190e-04
5.7912030e-04
-8.3606020e-04
-1.3292540e-03
3.3617820e-05
-5.0158820e-04
-2.0186280e-03
-1.9762970e-03
-1.5211380e-03
-1.9856530e-03
-8.3954820e-05
8.4627400e-04
1.2429890e-03
2.3502660e-03
2.5638210e-03
1.9545280e-03
1.4747930e-03
2.0079280e-03
1.4590880e-03
-1.4782180e-05
-1.4245700e-03
-5.4394120e-04
4.4518260e-04
1.9699900e-03
1.0501430e-03
-5.1817750e-04
4.7146270e-05
8.9811590e-05
-1.1153760e-05
-8.9666750e-04
-2.3750480e-03
-2.5652840e-03
-1.0162630e-03
-1.8769590e-05
1.3669940e-03
2.9326150e-03
3.3968500e-03
1.5515240e-03
-4.0534130e-04
-1.9358130e-03
-2.4430140e-03
-2.3806870e-03
-1.9230410e-03
-1.0197710e-03
8.4709870e-04
1.9439570e-03
1.0697780e-03
4.5795410e-04
-1.0008170e-05
-9.3632660e-04
-1.9274850e-03
-2.4225860e-03
-1.5150200e-03
-1.4826860e-03
-1.4960870e-03
-1.1034340e-03
-5.9242900e-04
-5.0436070e-04
-5.4458160e-04
-4.4996880e-05
8.7955300e-04
3.5846570e-04
-5.9834200e-04
-1.0040940e-03
-1.0372100e-03
-1.5571860e-03
-1.9706610e-03
-2.9406410e-03
-2.5271020e-03
-1.1319580e-03
8.9785610e-04
1.3634790e-03
1.9852220e-03
2.6637670e-03
2.5561970e-03
1.5199620e-03
1.5227990e-03
1.0932760e-03
6.5916120e-04
1.9604980e-03
2.8960940e-03
2.8765280e-03
1.4835980e-03
-3.6275510e-04
-4.0124780e-04
1.0140650e-03
5.0766020e-04
2.5515260e-05
-9.6002010e-04
-5.6619800e-04
-4.4012980e-04
-1.2443010e-03
-2.1321240e-03
-1.3443580e-03
-5.6000800e-04
8.9026800e-04
1.8516600e-03
2.3433670e-03
1.8614350e-03
5.4578730e-04
-4.4798730e-04
-1.0228880e-03
-5.5396220e-04
4.8913460e-04
9.9779730e-04
2.2907500e-05
5.5109120e-04
1.5527990e-03
9.6195070e-05
-1.4432900e-03
-1.8777560e-03
-1.4241970e-03
-1.4616240e-03
-1.4367660e-03
-1.5126740e-03
-1.9117780e-03
-2.3260890e-03
-1.4419240e-03
3.8178980e-05
5.1114700e-04
-4.1120480e-04
-4.9664300e-04
-4.3136010e-05
3.5560950e-05
-1.5909850e-05
4.7443820e-04
1.0542700e-03
5.1582630e-04
1.1086050e-04
2.0579180e-04
4.9336380e-04
5.1759340e-05
-3.3175560e-04
-9.1025230e-04
-5.0893090e-04
4.6799250e-04
1.4542140e-03
2.0075420e-03
2.5010910e-03
1.1462860e-03
-3.5075130e-04
-9.9098500e-04
-1.4411200e-03
-4.7176230e-04
9.2868270e-05
5.2919290e-04
4.8801530e-04
-3.6297140e-04
-8.5481840e-04
1.0238380e-04
1.0151080e-03
1.8357000e-03
2.8699190e-03
2.8722600e-03
1.0122650e-03
6.6464470e-05
-9.1376210e-04
-2.7468100e-03
-4.1188600e-03
-3.7562550e-03
-2.3144540e-03
-5.1049610e-05
9.5538630e-04
1.9142620e-03
1.4460690e-03
-3.8887410e-04
-1.4044170e-03
-1.3500680e-03
-5.4917520e-04
3.9632000e-04
1.7601120e-03
2.5898590e-03
1.7689080e-03
5.0841100e-05
-2.0610840e-03
-3.7569190e-03
-4.2099120e-03
-3.8348760e-03
-2.1648990e-03
7.8128200e-04
2.4701110e-03
2.9650410e-03
2.7083160e-03
1.8260700e-03
1.7037510e-04
-1.4734670e-03
-1.9366920e-03
-1.5755940e-03
-1.1646370e-03
1.2143050e-05
1.1903720e-03
2.0145800e-03
2.0315090e-03
1.2125990e-03
8.4629660e-04
-2.4479030e-04
-2.5551440e-04
7.8707750e-04
1.4939640e-03
1.1617930e-03
4.1248090e-04
-1.0026570e-03
-9.9317970e-04
-6.5587830e-04
9.9471010e-06
7.6263090e-04
1.4707360e-03
1.7612340e-03
1.6480470e-03
1.2894720e-03
-2.9934100e-04
-1.0093680e-03
-9.9811890e-04
-1.3242840e-03
-1.6043030e-03
-9.9806520e-04
5.8339700e-04
1.3136910e-03
6.7637680e-04
2.4857310e-04
1.9601270e-04
5.3016600e-04
3.1629020e-04
-1.1171080e-05
1.7889550e-04
4.6179790e-04
4.5531480e-04
1.4856680e-04
-9.0130880e-05
-1.1718490e-04
1.6781450e-04
4.0336540e-04
6.5063630e-04
9.0559050e-04
8.1146960e-04
9.7461300e-05
-6.2102000e-04
-1.1541380e-03
-1.3653320e-03
-1.3341880e-03
-1.5719770e-03
-1.5132970e-03
-7.5092360e-04
1.4440780e-04
4.1478920e-04
2.3806120e-04
2.0439140e-04
1.8686280e-04
-2.2266020e-04
-6.0311460e-04
-9.6329730e-04
-9.0356580e-04
-7.0358420e-04
-5.0406250e-04
-7.8508600e-05
4.3147360e-04
5.8201180e-04
5.6513840e-04
6.8767150e-04
6.6703730e-04
6.3029170e-04
2.9800360e-04
1.0817990e-04
-1.5088530e-05
-1.4755890e-04
-4.2242000e-04
-5.3891400e-04
-6.2846240e-04
-4.6512170e-04
-1.7626410e-04
1.7719240e-04
3.9306500e-04
4.7576250e-04
4.4981450e-04
3.2567800e-04
2.8754650e-04
7.8471890e-05
-1.9860740e-04
-2.5708920e-04
-1.4867770e-04
-6.7389260e-05
-6.8666550e-05
-1.4142650e-04
-1.2934290e-04
-5.1009590e-05
-9.9742170e-05
-2.1563350e-05
5.9905200e-05
5.3865850e-05
7.9778870e-05
1.7310210e-04
2.1933350e-04
1.2276110e-04
6.2552650e-05
5.3017440e-05
-5.7452000e-05
-1.1846340e-04
-4.7141010e-05
2.3745140e-05
1.0539410e-04
1.4523420e-04
1.2998580e-04
6.5916580e-05
3.5380780e-05
-1.2341290e-05
-5.0943910e-05
-2.5091180e-05
2.6085400e-05
3.4926960e-05
1.3933380e-06
-3.7853460e-05
-4.3345560e-05
-4.5500360e-05
-4.8560290e-05
-5.2365040e-05
-3.3564790e-05
2.2201530e-06
2.9344790e-05
4.2486390e-05
4.4909820e-05
3.2299960e-05
5.6250260e-06
-1.1205950e-05
-1.3052720e-05
-1.0813710e-05
-6.9160050e-06
-5.0533640e-06
