0.01
-2.9573930e-03
-2.8936730e-03
-1.8789130e-03
-1.2807770e-03
-1.7518400e-03
-2.7329460e-03
-3.3759210e-03
-4.2300590e-03
-5.3739070e-03
-6.6828760e-03
-7.6046470e-03
-7.1898120e-03
-6.5055520e-03
-5.8457780e-03
-5.1430610e-03
-3.6986730e-03
-2.0851410e-03
-1.6127130e-03
-1.5448270e-03
-9.2730130e-04
-8.8412540e-06
4.2087970e-04
1.3523660e-04
-8.4024660e-04
-1.5591510e-03
-1.1087290e-03
5.4050990e-04
3.0006470e-03
4.0893250e-03
3.8832100e-03
3.3064590e-03
1.5433180e-03
-5.1150080e-04
-1.1317990e-03
-2.2402620e-04
1.7156220e-03
2.8567210e-03
6.4485970e-04
-3.7694380e-03
-7.0740420e-03
-7.1650170e-03
-5.5999330e-03
-5.1390510e-03
-5.9287960e-03
-6.0471790e-03
-3.9728860e-03
-2.0180920e-03
-2.6874590e-03
-6.0315290e-03
-9.2771210e-03
-1.0413070e-02
-7.4099920e-03
-7.6119210e-04
5.3334190e-03
7.1464910e-03
2.4484540e-03
-1.0725380e-02
-3.0434700e-02
-5.2836450e-02
-7.3382100e-02
-8.3385660e-02
-7.7164120e-02
-4.9760750e-02
1.4835970e-03
6.3592790e-02
1.0576360e-01
1.0970260e-01
8.3891230e-02
5.2598130e-02
3.5586270e-02
3.4567770e-02
4.3020980e-02
5.4095570e-02
6.2126530e-02
6.4606550e-02
5.8643220e-02
4.0926630e-02
1.4564110e-02
-1.2657880e-02
-3.5206260e-02
-5.3051710e-02
-6.3659270e-02
-5.8726640e-02
-3.7839720e-02
-1.0924410e-02
1.5782670e-02
3.7726970e-02
5.1054670e-02
5.3040600e-02
4.2328200e-02
2.2038120e-02
4.1318950e-03
-3.3985740e-03
-4.9565420e-03
-8.9250810e-03
-1.7358720e-02
-2.8493500e-02
-3.8229040e-02
-3.9524500e-02
-2.2560070e-02
1.3531020e-02
5.7761130e-02
9.2762660e-02
1.0600280e-01
9.6867550e-02
6.9920850e-02
2.9154820e-02
-1.3639000e-02
-4.0564930e-02
-4.5280440e-02
-3.7589850e-02
-3.2341770e-02
-3.5800150e-02
-4.5634010e-02
-5.6752590e-02
-6.2682770e-02
-5.6702390e-02
-3.9960570e-02
-1.7090710e-02
2.9068580e-03
1.1106840e-02
8.3882060e-03
3.2219750e-03
5.8112380e-03
1.6236200e-02
2.5455070e-02
2.5034740e-02
1.2392180e-02
-6.7019350e-03
-2.4553230e-02
-3.5665780e-02
-4.0277490e-02
-4.4219550e-02
-5.0419570e-02
-5.5481690e-02
-4.9048660e-02
-2.2743790e-02
1.6081080e-02
4.7193520e-02
6.1119330e-02
5.8701130e-02
4.3618110e-02
2.2876360e-02
5.0550690e-03
-3.7980780e-03
-2.4357150e-03
3.9704480e-03
8.2583830e-03
5.9965420e-03
-5.7055320e-03
-2.5803130e-02
-4.5590430e-02
-5.9450850e-02
-6.8031620e-02
-7.0539610e-02
-6.4220280e-02
-5.0758000e-02
-3.5458790e-02
-2.2230620e-02
-8.9606940e-03
6.5180500e-03
2.0288740e-02
2.4722970e-02
1.5300900e-02
-2.9927410e-03
-2.1503370e-02
-3.0016900e-02
-2.5337280e-02
-1.0637940e-02
7.8954000e-03
2.1951710e-02
2.7713470e-02
2.5550330e-02
2.1693350e-02
1.8893500e-02
1.3275400e-02
-6.6276960e-04
-2.2243980e-02
-4.1226530e-02
-4.3024510e-02
-2.1132480e-02
2.0084930e-02
6.8260550e-02
1.0604970e-01
1.2351830e-01
1.1989210e-01
1.0277950e-01
7.6522280e-02
4.4791770e-02
1.1631680e-02
-1.7389050e-02
-3.9300480e-02
-5.9885590e-02
-7.9443800e-02
-9.2487260e-02
-9.6544930e-02
-8.9298110e-02
-6.8743660e-02
-3.3378290e-02
1.2758890e-02
5.7622680e-02
8.7341050e-02
9.2650980e-02
7.3766760e-02
3.9706500e-02
8.2791180e-03
-8.2745120e-03
-9.4697390e-03
-5.2148780e-03
-9.0026810e-03
-2.3166310e-02
-4.1787590e-02
-5.5896810e-02
-5.7743030e-02
-4.3258410e-02
-1.7078080e-02
1.0130720e-02
3.3899050e-02
5.8109480e-02
8.1271120e-02
9.3724050e-02
8.8742250e-02
6.9834070e-02
4.3108560e-02
1.1632380e-02
-2.3340180e-02
-5.4440460e-02
-7.1419260e-02
-7.4522280e-02
-6.9408140e-02
-5.8180140e-02
-4.1501850e-02
-2.2020200e-02
-5.8379010e-03
7.3505870e-03
2.0473530e-02
3.5084660e-02
4.7109700e-02
5.3289520e-02
4.9704180e-02
3.7387430e-02
1.6980730e-02
-8.4522960e-03
-3.0341380e-02
-3.7823110e-02
-2.8595870e-02
-1.1345370e-02
2.8029530e-03
8.4538610e-03
6.7038240e-03
3.4681110e-03
1.8038380e-04
-1.8153500e-03
-3.0980150e-03
-4.7704880e-03
-4.4312770e-03
-7.3988060e-05
4.8300890e-03
7.3304760e-03
3.5117060e-03
-9.2093660e-03
-2.7877940e-02
-4.6050280e-02
-5.7156320e-02
-5.6419940e-02
-4.4520260e-02
-2.8126290e-02
-1.8097980e-02
-1.8499100e-02
-2.7623150e-02
-3.9561240e-02
-4.6882970e-02
-4.4485130e-02
-3.1915720e-02
-1.0154490e-02
1.4045120e-02
3.4264180e-02
4.5487680e-02
4.8418830e-02
4.7999640e-02
4.5603670e-02
4.0273230e-02
3.2742070e-02
2.8556140e-02
2.8221610e-02
2.7011820e-02
1.9372370e-02
6.3166780e-03
-6.1747020e-03
-1.4728430e-02
-2.0353760e-02
-2.3506580e-02
-2.5505470e-02
-2.3553550e-02
-1.4416090e-02
-9.8247460e-04
1.0594720e-02
1.6781050e-02
1.8773920e-02
1.8144540e-02
1.4469750e-02
6.1496530e-03
-4.2791600e-03
-9.8535950e-03
-5.1322700e-03
7.0668820e-03
2.0042600e-02
2.7958930e-02
2.8985000e-02
2.4736580e-02
1.8769330e-02
1.3935420e-02
9.5922720e-03
5.2415260e-03
1.5250050e-03
4.2022250e-03
1.5012930e-02
2.8412860e-02
3.7612330e-02
4.3668090e-02
5.1053350e-02
5.8116130e-02
5.8148130e-02
4.8719820e-02
3.2151190e-02
1.2485190e-02
-2.7246790e-03
-9.0579150e-03
-5.4246710e-03
4.4762490e-03
1.3727850e-02
1.7737760e-02
1.3863110e-02
5.9724170e-03
-3.0898030e-03
-1.4025540e-02
-2.7558020e-02
-4.1323350e-02
-5.1853860e-02
-5.9514850e-02
-6.4575180e-02
-6.7277910e-02
-6.4364840e-02
-5.1220300e-02
-2.9693650e-02
-1.0255500e-02
-3.8758530e-03
-1.1307130e-02
-2.2823440e-02
-2.8784170e-02
-2.5002040e-02
-1.1902560e-02
6.3325090e-03
2.2745620e-02
3.0776140e-02
2.8246210e-02
1.9036420e-02
1.3393190e-02
1.6976470e-02
2.5205380e-02
3.0398820e-02
2.5344450e-02
1.1103730e-02
-4.6301540e-03
-1.1910390e-02
-1.0157360e-02
-3.3190900e-03
1.8640140e-03
3.2830810e-03
8.7199390e-06
-7.0597440e-03
-1.3204360e-02
-1.4710760e-02
-1.0001560e-02
-2.7269510e-03
6.8811880e-04
-3.9546000e-03
-1.5031570e-02
-2.5607670e-02
-2.9971090e-02
-2.7573330e-02
-1.7738680e-02
4.6257360e-04
2.0789850e-02
3.3509370e-02
3.5287770e-02
2.8652040e-02
1.9773430e-02
1.0968970e-02
2.1176040e-03
-6.0644060e-03
-1.1321620e-02
-1.1146440e-02
-4.6209340e-03
5.8979720e-03
1.5372370e-02
1.8701480e-02
1.3948040e-02
3.8491480e-03
-6.8422870e-03
-1.4641200e-02
-1.7326700e-02
-1.3797800e-02
-8.0554640e-03
-4.1145770e-03
-1.1496730e-03
1.3965570e-03
1.8191610e-03
-1.5238470e-03
-7.0308790e-03
-8.4330300e-03
-5.8514690e-04
1.2904020e-02
2.6002590e-02
3.4440740e-02
3.4649980e-02
2.4040510e-02
4.8979420e-03
-1.5435410e-02
-3.1360720e-02
-4.0534230e-02
-4.4336190e-02
-4.5347560e-02
-4.5559480e-02
-4.2868650e-02
-3.4907050e-02
-2.1531880e-02
-7.8301260e-03
-6.2708840e-04
-9.1607100e-06
-1.8119380e-03
-2.5607030e-03
-1.6325310e-03
9.3156770e-04
4.9444770e-03
8.4846270e-03
7.3228400e-03
1.4868820e-03
-4.7880010e-03
-7.3380180e-03
-2.9341260e-03
9.5677090e-03
2.3012860e-02
2.5619230e-02
1.5588850e-02
3.9864070e-04
-1.1736770e-02
-1.4056720e-02
-8.2527960e-03
1.0386380e-03
9.0451530e-03
1.0614580e-02
3.2286800e-03
-1.1412180e-02
-2.4650010e-02
-2.8374290e-02
-2.3208880e-02
-1.4793490e-02
-8.2204750e-03
-3.8695250e-03
-1.7758180e-03
8.8686540e-04
3.8414170e-03
6.2887940e-03
6.9064800e-03
6.0842060e-03
6.1000970e-03
7.2632080e-03
9.1130320e-03
1.0853890e-02
1.1719820e-02
1.1603840e-02
8.4182490e-03
1.2442490e-03
-7.5839390e-03
-1.2133570e-02
-9.6547310e-03
-2.0097820e-03
5.3946330e-03
1.0142470e-02
1.1924320e-02
1.2118960e-02
1.0523200e-02
8.5668760e-03
7.5681100e-03
6.5387490e-03
5.6308510e-03
4.2820530e-03
2.4374980e-03
6.9187750e-04
3.9000360e-04
1.3290100e-03
2.7148510e-03
3.4501230e-03
5.0419920e-03
6.6317190e-03
7.1028990e-03
4.7800080e-03
1.5935610e-03
1.7370280e-04
5.0534600e-04
6.3185320e-04
-3.4339280e-04
-3.8346940e-03
-9.5950600e-03
-1.4236370e-02
-1.5771740e-02
-1.3022060e-02
-8.2485390e-03
-4.4406270e-03
-1.5040750e-03
-9.5737400e-04
-2.0518130e-03
-3.8914030e-03
-6.0199880e-03
-7.3301300e-03
-7.8606510e-03
-7.9129850e-03
-7.1690770e-03
-5.7282290e-03
-5.1851750e-03
-3.6586660e-03
-5.4521780e-04
3.0520900e-03
6.4659330e-03
8.2971390e-03
8.6075800e-03
8.4922820e-03
7.5657370e-03
6.1957160e-03
4.3537820e-03
3.0641520e-03
3.3602980e-03
6.0346030e-03
9.7585120e-03
1.4173920e-02
1.6553570e-02
1.7097440e-02
1.6695180e-02
1.6396390e-02
1.6852210e-02
1.9872910e-02
2.3609940e-02
2.6214930e-02
2.6908470e-02
2.5879650e-02
2.3620420e-02
2.1579780e-02
1.9776380e-02
1.7991620e-02
1.5521580e-02
1.1934220e-02
8.1609230e-03
3.0599580e-03
-4.7374310e-03
-1.2123620e-02
-1.5815250e-02
-1.5911500e-02
-1.3941480e-02
-1.2761250e-02
-1.4116860e-02
-1.6693900e-02
-1.8922990e-02
-2.0716050e-02
-2.1763860e-02
-2.1976380e-02
-2.2035610e-02
-2.1403450e-02
-1.9892300e-02
-1.7433860e-02
-1.4985540e-02
-1.3109020e-02
-1.1458200e-02
-1.1104830e-02
-1.1358080e-02
-1.3041840e-02
-1.5175480e-02
-1.7329750e-02
-1.8049190e-02
-1.5932350e-02
-1.0782810e-02
-3.8608340e-03
2.2932400e-03
7.5953850e-03
1.0280620e-02
1.0563400e-02
1.0026960e-02
9.0491620e-03
7.7563850e-03
5.3922360e-03
2.8578870e-03
1.5369250e-03
8.8200840e-04
7.6567030e-05
-7.2148480e-05
1.7046260e-05
1.0211480e-04
-7.5963340e-04
-2.8730990e-03
-4.3805660e-03
-5.5327860e-03
-6.3607420e-03
-6.3037580e-03
-5.6720340e-03
-4.1703510e-03
-2.4599540e-03
-7.1553510e-04
4.1147590e-04
1.6989320e-03
2.0979170e-03
2.3944400e-03
4.2147810e-03
6.3055250e-03
7.6249090e-03
8.4371740e-03
8.6205700e-03
7.7556170e-03
7.5817040e-03
7.5103670e-03
7.6184790e-03
7.5857660e-03
6.7366930e-03
5.2341300e-03
3.9945340e-03
2.4486120e-03
2.0215370e-03
2.0367090e-03
3.3769670e-03
5.9162220e-03
8.4524670e-03
1.1216450e-02
1.4387940e-02
1.7455170e-02
2.0474850e-02
2.2442750e-02
2.3625040e-02
2.2552820e-02
1.9249930e-02
1.4058840e-02
8.7278780e-03
5.4215660e-03
4.5690720e-03
4.9290540e-03
4.9839010e-03
4.3552780e-03
2.6491630e-03
6.9870110e-04
-1.8027490e-03
-3.8273800e-03
-5.5238850e-03
-6.2116930e-03
-6.7359020e-03
-7.2563550e-03
-8.4546580e-03
-1.0170880e-02
-1.2421860e-02
-1.3954700e-02
-1.4618230e-02
-1.4019250e-02
-1.2447400e-02
-1.1980380e-02
-1.2016660e-02
-1.1396830e-02
-9.9146230e-03
-9.3279610e-03
-8.3870040e-03
-6.8781820e-03
-6.5453690e-03
-5.0510330e-03
-2.9063110e-03
-9.3046970e-04
5.2479740e-04
8.4040380e-04
-3.0124440e-04
-1.8126250e-03
-3.4727060e-03
-5.0100240e-03
-6.2209830e-03
-7.3251350e-03
-8.4628580e-03
-8.6755250e-03
-8.0496210e-03
-7.5237630e-03
-6.7583000e-03
-6.3398760e-03
-5.2224160e-03
-3.6014600e-03
-1.3735220e-03
7.5427820e-04
2.9129650e-03
4.2135610e-03
4.4599170e-03
4.5915530e-03
3.7597240e-03
1.5150410e-03
-6.0628530e-04
-2.2262940e-03
-3.4149390e-03
-2.7126440e-03
-8.3931060e-04
9.8574240e-04
1.6502260e-03
1.7377400e-03
1.1492070e-03
-5.0643770e-05
-8.8125190e-04
-1.1165450e-03
-1.2251380e-03
-2.4855630e-04
2.0268900e-03
3.8118580e-03
4.3089810e-03
4.3567970e-03
4.3919690e-03
4.4250130e-03
4.4178460e-03
4.3619780e-03
4.3576830e-03
4.4619730e-03
4.5781670e-03
3.8023360e-03
1.5469720e-03
-8.3723920e-04
-2.9196100e-03
-3.8955090e-03
-5.2972380e-03
-6.3314190e-03
-6.4554850e-03
-6.5335050e-03
-6.6572160e-03
-6.4901530e-03
-5.2168520e-03
-3.5945730e-03
-1.0049160e-03
2.6349510e-03
6.2373210e-03
9.9375680e-03
1.3374040e-02
1.6371310e-02
1.8476990e-02
1.9608280e-02
1.9838750e-02
1.8425800e-02
1.5558190e-02
1.0755840e-02
5.7343610e-03
1.5037640e-03
-2.1500200e-03
-3.6323510e-03
-2.7009950e-03
-6.3117350e-04
1.2318320e-03
2.5998960e-03
2.4615060e-03
5.4385180e-04
-1.1230910e-03
-2.2629330e-03
-2.9302770e-03
-3.7783400e-03
-3.9197390e-03
-3.8612370e-03
-3.8239280e-03
-4.5935420e-03
-6.1327330e-03
-6.6145520e-03
-6.9507910e-03
-7.3593390e-03
-7.2552400e-03
-6.4417810e-03
-4.3076380e-03
-1.4659180e-03
7.9661720e-04
1.4203380e-03
1.5271330e-03
1.5065260e-03
1.4829780e-03
2.1737600e-03
3.7784150e-03
4.6639520e-03
6.9751130e-03
8.9172860e-03
9.6887580e-03
9.7525490e-03
9.7995900e-03
9.8517590e-03
9.7045990e-03
9.1679760e-03
8.1626580e-03
6.7066370e-03
4.6092800e-03
1.7876060e-03
-6.3218430e-04
-2.2686730e-03
-3.4632560e-03
-3.8591580e-03
-4.9309560e-03
-5.7858310e-03
-6.2647900e-03
-6.5098130e-03
-6.5475450e-03
-6.6015910e-03
-6.5830190e-03
-6.3960660e-03
-6.4925130e-03
-7.8454680e-03
-9.2218590e-03
-8.3715390e-03
-6.8170250e-03
-5.3913240e-03
-3.4732790e-03
-1.7748680e-03
-1.3832240e-03
-1.0822910e-03
2.1052460e-04
1.3027260e-03
1.7003170e-03
2.5490150e-03
2.5214370e-03
1.6204280e-03
5.1225630e-04
-6.1911510e-04
-1.0190070e-03
-1.1213860e-03
-1.2186040e-03
-7.8528710e-04
4.9928580e-04
1.4828590e-03
1.7078460e-03
1.8021160e-03
1.1933010e-03
-2.8309700e-04
-7.6632730e-04
-1.4314310e-03
-3.0301700e-03
-3.6174300e-03
-3.6612300e-03
-3.6706050e-03
-3.6935460e-03
-3.6882150e-03
-3.6611030e-03
-3.7055610e-03
-3.8061810e-03
-3.4315040e-03
-1.9113380e-03
-1.7890240e-04
2.6456870e-03
5.6153790e-03
7.1759690e-03
8.5634800e-03
9.7841390e-03
9.7564410e-03
8.5785970e-03
8.3347180e-03
8.7365350e-03
7.5355010e-03
7.1020760e-03
6.0567170e-03
4.3655430e-03
2.3072220e-03
1.6399180e-03
1.4859100e-03
1.5824320e-03
5.3560340e-04
-4.5973220e-04
-1.1956680e-03
-2.2967850e-03
-1.8648640e-03
-1.0144550e-03
-9.4228490e-04
-8.7395690e-04
-7.7039130e-04
-1.4846760e-03
-3.3963290e-03
-5.6315020e-03
-7.6613680e-03
-9.5721560e-03
-1.1122030e-02
-1.1736270e-02
-1.2855160e-02
-1.3957310e-02
-1.4414470e-02
-1.4495330e-02
-1.3856290e-02
-1.2297910e-02
-1.0930010e-02
-9.3413380e-03
-8.0903800e-03
-6.5248670e-03
-6.3386190e-03
-6.4592810e-03
-6.3879000e-03
-5.2508210e-03
-3.8686720e-03
-4.2259020e-03
-4.6929970e-03
-5.0041620e-03
-4.6208140e-03
-3.8346900e-03
-3.1141400e-03
-1.6751510e-03
-1.2306400e-03
-5.3416910e-04
1.1928600e-03
1.8107040e-03
1.4045000e-03
5.8170340e-04
2.9504520e-04
-4.4275680e-04
-7.5958150e-04
-9.5580420e-04
-2.2074430e-03
-3.5340590e-03
-3.8234490e-03
-4.1386030e-03
-3.9224050e-03
-3.7829860e-03
-2.6651450e-03
-8.2824270e-04
1.4012220e-03
3.7963250e-03
6.0489150e-03
8.2278300e-03
1.0422560e-02
1.2575350e-02
1.4348420e-02
1.5307450e-02
1.5438530e-02
1.5543500e-02
1.5349750e-02
1.4610920e-02
1.4598370e-02
1.5338680e-02
1.5461280e-02
1.5563720e-02
1.5354090e-02
1.4114290e-02
1.2087220e-02
9.9264590e-03
7.5506920e-03
5.1357360e-03
2.7368460e-03
1.9806750e-03
1.9780760e-03
2.0463650e-03
1.5564590e-03
1.5718540e-04
-4.1463720e-04
-7.9718480e-04
-6.6162290e-04
-1.1493730e-03
-2.5535060e-03
-3.0395830e-03
-3.3412020e-03
-3.4393340e-03
-4.5937800e-03
-6.0232370e-03
-6.2402570e-03
-6.3610070e-03
-5.7354360e-03
-3.9037400e-03
-2.6933540e-03
-1.1425720e-03
1.8919080e-04
1.6501150e-03
1.7481360e-03
1.8242770e-03
2.5393540e-03
3.5017070e-03
4.4717320e-03
4.6569440e-03
4.7877740e-03
4.3786290e-03
2.8195740e-03
1.2314020e-03
-7.3363120e-04
-2.4854100e-03
-3.5938300e-03
-4.6655500e-03
-5.4782120e-03
-5.5182490e-03
-4.3941760e-03
-3.6231040e-03
-3.7018630e-03
-3.5245270e-03
-2.3663100e-03
-1.5916900e-03
-1.8792450e-03
-2.1137130e-03
-2.0447730e-03
-3.3349440e-03
-4.3995580e-03
-4.7282940e-03
-3.6259120e-03
-3.4422550e-03
-3.4326330e-03
-3.4161760e-03
-3.2916940e-03
-3.3276530e-03
-4.3254900e-03
-5.8661010e-03
-6.1827340e-03
-6.2111880e-03
-6.2072060e-03
-6.2046530e-03
-6.3027210e-03
-6.4623820e-03
-6.0196800e-03
-4.6234710e-03
-3.8865590e-03
-3.7049520e-03
-3.8125320e-03
-3.5861480e-03
-2.4423510e-03
-1.4393410e-03
-1.0696430e-03
-3.5746100e-05
1.3672930e-03
1.8241080e-03
3.1165970e-03
4.1315920e-03
4.6696290e-03
6.2192260e-03
7.4238880e-03
8.9932850e-03
9.8706010e-03
1.0871960e-02
1.1892100e-02
1.1379980e-02
1.0608320e-02
1.0083390e-02
1.0430470e-02
1.1293100e-02
1.1689640e-02
1.1588630e-02
1.0780380e-02
9.6525560e-03
8.1164210e-03
7.5860870e-03
6.3228000e-03
3.2743700e-03
-2.4814900e-04
-2.8992340e-03
-5.2620230e-03
-6.4086450e-03
-7.7050440e-03
-8.7880580e-03
-8.9534990e-03
-8.9335430e-03
-8.9745660e-03
-9.3440600e-03
-9.8847060e-03
-9.6379600e-03
-8.5194450e-03
-7.4357680e-03
-7.7758550e-03
-7.7167790e-03
-7.1773010e-03
-6.5316480e-03
-5.5512180e-03
-4.1786290e-03
-3.5592610e-03
-2.1137250e-03
-8.5861490e-04
6.7472660e-04
1.3841750e-03
1.8788770e-03
3.4423040e-03
4.2400070e-03
4.0020000e-03
3.6480340e-03
2.5012830e-03
6.7471360e-04
-1.3830730e-03
-3.2835720e-03
-3.9168950e-03
-4.2185160e-03
-3.9092260e-03
-3.7777600e-03
-3.4268540e-03
-3.5202700e-03
-3.7326150e-03
-3.7066610e-03
-3.6339970e-03
-3.6454140e-03
-3.8067460e-03
-3.5081490e-03
-1.7662590e-03
3.0637300e-04
2.1260390e-03
3.3362170e-03
3.2742040e-03
2.8003350e-03
2.8599960e-03
2.2907670e-03
2.8405690e-03
3.9210760e-03
4.9684270e-03
6.4624790e-03
7.0592400e-03
7.8489940e-03
8.8064220e-03
7.7257070e-03
7.2062880e-03
7.1954340e-03
7.1031860e-03
6.9817980e-03
7.6017080e-03
9.2257400e-03
9.6574240e-03
9.1580130e-03
8.8388970e-03
7.7337660e-03
7.2599580e-03
7.1027490e-03
6.5413380e-03
5.8796830e-03
4.9378400e-03
3.3098480e-03
1.8502990e-03
1.6554290e-03
1.6282750e-03
1.7259700e-03
1.6965510e-03
6.8156270e-04
-1.1295410e-03
-2.8786550e-03
-4.3953880e-03
-6.2442980e-03
-6.4179080e-03
-6.5077980e-03
-7.3509070e-03
-8.5073770e-03
-8.8503350e-03
-9.2049960e-03
-8.5731440e-03
-7.6827620e-03
-7.5230180e-03
-8.4430600e-03
-9.1151740e-03
-1.0272480e-02
-1.1803180e-02
-1.1226150e-02
-9.2611460e-03
-7.1463500e-03
-5.4043440e-03
-4.0751190e-03
-3.8533640e-03
-4.0976450e-03
-5.4459000e-03
-6.9575980e-03
-8.8034220e-03
-9.1699190e-03
-9.1233640e-03
-9.5903320e-03
-1.0863980e-02
-1.0877460e-02
-1.0120770e-02
-8.6290500e-03
-7.0426850e-03
-6.5132340e-03
-6.4525870e-03
-7.3234930e-03
-8.8480810e-03
-9.2497590e-03
-9.4028180e-03
-9.1926310e-03
-7.8363470e-03
-6.0214600e-03
-3.7065480e-03
-1.4622320e-03
1.0525050e-03
3.9368060e-03
6.3981370e-03
6.8459390e-03
5.5211320e-03
3.7618140e-03
1.8566500e-03
5.8862900e-04
6.4228250e-04
1.7690480e-03
3.9209000e-03
5.6105120e-03
5.3106820e-03
4.4904980e-03
3.7638330e-03
2.4441000e-03
2.3752070e-03
3.7656960e-03
4.1093590e-03
4.4955270e-03
5.9524530e-03
7.1621800e-03
8.8698150e-03
9.9198190e-03
1.0617850e-02
1.1789450e-02
1.2700360e-02
1.4305330e-02
1.5271550e-02
1.6305190e-02
1.7287670e-02
1.7556810e-02
1.7981290e-02
1.7019420e-02
1.4775230e-02
1.2639990e-02
1.2208980e-02
1.2466590e-02
1.2197300e-02
1.2197940e-02
1.2455760e-02
1.2553310e-02
1.2641280e-02
1.2074700e-02
1.0332210e-02
8.2177660e-03
5.8457410e-03
3.9107380e-03
1.3819800e-03
-6.5798200e-04
-1.0884520e-03
-2.8445160e-04
1.1864320e-03
1.5639370e-03
1.6829650e-03
1.4668550e-03
2.3775490e-04
-1.5086300e-03
-4.5237410e-03
-8.2572910e-03
-1.1216630e-02
-1.2442590e-02
-1.2741420e-02
-1.2623360e-02
-1.2411100e-02
-1.1043050e-02
-9.1214870e-03
-7.5735210e-03
-5.8023560e-03
-4.7551120e-03
-5.9134480e-03
-6.1774320e-03
-6.3122190e-03
-6.3595340e-03
-6.4895820e-03
-7.7227880e-03
-9.0834020e-03
-9.1739430e-03
-9.1677280e-03
-9.2961980e-03
-9.4022290e-03
-8.7172850e-03
-7.0774800e-03
-6.7055530e-03
-5.8543810e-03
-3.8584320e-03
-1.2534910e-03
1.4420340e-03
3.7131570e-03
5.3154180e-03
6.4915520e-03
5.4047640e-03
4.4595410e-03
3.1898110e-03
1.9709670e-03
1.0448850e-03
-3.6138000e-04
-9.6807350e-04
-1.0752580e-03
-1.2272610e-03
-8.4069500e-04
8.7292390e-04
2.5376200e-03
4.1472430e-03
5.4332990e-03
6.4930110e-03
5.9836960e-03
4.7849190e-03
4.1535270e-03
2.5116220e-03
1.8167180e-03
1.7588760e-03
1.8181800e-03
1.7559330e-03
1.5800080e-03
1.8642930e-03
3.4327180e-03
4.5648040e-03
4.4377990e-03
2.6809540e-03
5.4113440e-04
-2.9177230e-04
1.6517230e-04
-5.1179900e-04
-5.2405890e-04
-1.8869730e-04
-7.3938870e-04
-5.2521810e-04
-8.8286530e-04
-9.3496080e-04
-1.1128630e-03
-1.5764320e-03
-1.7703970e-03
-3.0503720e-03
-4.7270440e-03
-6.2337210e-03
-7.1903590e-03
-7.6691730e-03
-7.3083030e-03
-6.4179740e-03
-5.9091130e-03
-5.6002460e-03
-5.8457240e-03
-5.0077380e-03
-5.6471600e-03
-5.8332230e-03
-5.3465410e-03
-5.1395520e-03
-5.5536250e-03
-5.9739700e-03
-6.0104720e-03
-5.9788900e-03
-5.9574460e-03
-5.9590590e-03
-5.4907430e-03
-4.1333040e-03
-3.1388760e-03
-3.0556980e-03
-3.0677330e-03
-2.3987220e-03
-8.6064980e-04
-2.0524530e-04
1.0230950e-03
2.9984240e-03
4.8502510e-03
5.5015510e-03
5.5374900e-03
5.6611810e-03
5.8637880e-03
5.4097010e-03
3.9602290e-03
3.2496690e-03
4.4134770e-03
5.4744640e-03
5.2167120e-03
5.7844290e-03
6.9265370e-03
7.9685890e-03
8.5967720e-03
8.5784380e-03
7.6246590e-03
6.5463800e-03
6.1522170e-03
6.0101630e-03
4.9663430e-03
3.1150570e-03
1.3589670e-03
-3.9985780e-04
-2.9457810e-03
-5.3762100e-03
-7.4139240e-03
-7.6378500e-03
-7.6116180e-03
-8.0837870e-03
-9.5908610e-03
-1.0456090e-02
-1.0807450e-02
-1.1103030e-02
-1.0800730e-02
-1.0015490e-02
-7.9477990e-03
-5.0347460e-03
-2.2309140e-03
3.3178090e-04
2.3574560e-03
3.9817680e-03
5.4262870e-03
5.5876430e-03
5.7347150e-03
5.8352890e-03
5.0188080e-03
3.0499340e-03
1.6371830e-03
5.0277870e-04
4.0632110e-04
3.2363110e-04
2.0268700e-04
4.2487450e-04
1.3122380e-03
1.4423890e-03
5.4143450e-04
1.1852990e-03
2.4524510e-03
3.1797210e-03
3.2832100e-03
3.4002850e-03
3.1635360e-03
2.1781220e-03
8.4723960e-04
6.2643600e-04
6.7077860e-04
7.1227620e-04
2.3195980e-04
-1.0800910e-03
-2.0131920e-03
-2.2143660e-03
-2.3862580e-03
-2.0180940e-03
-5.8674680e-04
1.3393990e-04
1.1899170e-03
2.4897480e-03
3.1779680e-03
4.7660060e-03
5.2118210e-03
5.3859130e-03
6.7385220e-03
7.9819300e-03
8.0307100e-03
7.9874600e-03
8.0932000e-03
8.2036770e-03
7.5685070e-03
5.8976720e-03
5.1194020e-03
3.6747220e-03
2.5461160e-03
1.5700750e-03
6.7947330e-04
-2.3774380e-05
-1.0845620e-04
-7.5634970e-05
3.1312910e-06
2.3431010e-06
-2.1670460e-04
-4.7768700e-04
-3.4762270e-05
1.5922760e-04
3.2674420e-04
-2.2740220e-04
-1.5862920e-03
-1.0194200e-03
8.3813270e-05
2.3104910e-04
3.0376030e-04
3.7562880e-04
-1.0977830e-04
-1.6537000e-03
-3.0814380e-03
-4.7019280e-03
-5.3211170e-03
-6.6355120e-03
-6.6316940e-03
-5.3970960e-03
-5.1970580e-03
-5.2632030e-03
-5.6843140e-03
-5.9961690e-03
-6.8552300e-03
-7.8437340e-03
-8.0019860e-03
-8.1471660e-03
-8.0827980e-03
-7.0551270e-03
-5.7079680e-03
-5.0822720e-03
-3.6009000e-03
-2.8340030e-03
-1.9867690e-03
-6.9230830e-04
-3.1407620e-05
3.7487830e-05
7.7583960e-05
9.0123590e-05
-7.2343790e-06
2.2195550e-05
8.6955650e-04
2.1878640e-03
2.8548460e-03
4.3446050e-03
5.3426350e-03
5.4513490e-03
5.4605730e-03
5.4575020e-03
5.3864760e-03
5.4438040e-03
6.1624390e-03
7.3888720e-03
8.1124650e-03
8.1243750e-03
7.9240930e-03
7.7550760e-03
7.9439080e-03
6.9899180e-03
5.9564320e-03
5.3097840e-03
3.6930090e-03
1.8394990e-03
2.1333020e-04
-1.2917430e-03
-2.7765960e-03
-2.8966620e-03
-2.1924870e-03
-1.7637260e-03
-2.7381790e-03
-2.9640150e-03
-4.2138660e-03
-5.5777420e-03
-5.6236240e-03
-4.9628720e-03
-4.1690170e-03
-3.3336520e-03
-2.4468230e-03
-6.0078320e-04
-3.2971000e-04
-3.0143590e-04
-2.9023820e-04
-2.3893690e-04
-2.0031070e-04
-3.4284860e-04
-7.0711820e-04
-4.6162310e-04
-2.6950200e-04
-2.7942220e-04
-2.9053430e-04
-2.8186100e-04
-1.8188940e-04
-1.4879430e-04
-8.0303210e-04
-2.0109960e-03
-1.4641920e-03
-5.7320700e-04
-2.9234760e-04
-2.9317250e-04
-2.6043610e-04
-2.8628500e-04
-2.9699680e-04
-1.4613370e-04
-1.3948010e-04
-9.7774100e-04
-2.2265840e-03
-1.8445660e-03
-4.2662570e-04
-4.0505920e-04
-7.1355030e-04
-6.3567080e-04
-3.2327680e-04
-4.0834540e-04
-4.4761390e-04
3.3260880e-04
1.8435600e-03
1.8287670e-03
1.0410440e-03
-1.6938790e-04
-1.5147870e-03
-2.8388870e-03
-2.9485460e-03
-2.9380980e-03
-3.3258690e-03
-4.2242970e-03
-4.8327950e-03
-4.9380210e-03
-3.6657600e-03
-3.1560050e-03
-3.2215810e-03
-3.0592330e-03
-1.7924550e-03
-4.4792180e-04
-2.6214510e-04
-1.9189320e-04
-5.1211030e-04
-1.5039020e-03
-2.3857500e-03
-2.9700140e-03
-3.0128950e-03
-3.0264400e-03
-3.0415350e-03
-3.0481230e-03
-3.0465470e-03
-3.0440730e-03
-3.0432330e-03
-3.0464980e-03
-3.0536060e-03
-3.0481590e-03
-3.0203620e-03
-3.0337090e-03
-3.1586380e-03
-3.1016510e-03
-2.1274840e-03
-8.1175710e-04
-3.7356420e-04
9.7287870e-04
2.1286300e-03
2.5650190e-03
3.9932970e-03
5.0103180e-03
5.1254460e-03
5.1135660e-03
5.0913430e-03
5.2781450e-03
5.8888850e-03
6.5205140e-03
7.0966320e-03
6.9774290e-03
5.4452870e-03
3.7050280e-03
2.0962700e-03
8.7723370e-04
1.9445980e-04
1.1889170e-03
2.3201200e-03
2.4250440e-03
2.1562250e-03
1.5969090e-03
6.8710940e-04
4.8461150e-04
1.3216140e-03
2.0453730e-03
2.3649590e-03
2.4629230e-03
2.5324890e-03
1.9676510e-03
6.5371210e-04
-1.5544020e-04
-3.7855870e-04
-1.1354680e-03
-2.0263280e-03
-2.9274260e-03
-3.0363130e-03
-3.0246020e-03
-3.0399650e-03
-3.1799880e-03
-3.1949770e-03
-2.2909420e-03
-7.2907710e-04
-4.0386030e-04
4.2003920e-04
1.1887630e-03
1.4176160e-03
2.4837460e-04
-4.2255980e-04
-4.2702170e-04
4.7216820e-04
1.7658340e-03
2.2307610e-03
2.3467990e-03
3.3874600e-03
4.7272690e-03
5.4185190e-03
7.0787460e-03
7.6778000e-03
7.6480340e-03
8.0200390e-03
9.0454830e-03
8.4984490e-03
7.8710470e-03
7.8327730e-03
7.8333740e-03
7.7936660e-03
7.8263260e-03
7.9765890e-03
7.7397300e-03
6.3495530e-03
5.3919950e-03
4.8779510e-03
3.3206660e-03
2.6064610e-03
2.6288130e-03
1.8923450e-03
1.2050550e-04
-1.6284180e-04
-3.6928490e-04
-1.7061860e-03
-2.8570470e-03
-2.9959880e-03
-3.8816120e-03
-5.3033880e-03
-6.2564150e-03
-7.9171750e-03
-8.4067430e-03
-9.4489840e-03
-1.0949990e-02
-1.1236690e-02
-1.1286870e-02
-1.1302110e-02
-1.1222050e-02
-1.1225720e-02
-1.1983140e-02
-1.3261040e-02
-1.3911730e-02
-1.3968800e-02
-1.3970510e-02
-1.3967470e-02
-1.4021640e-02
-1.4126800e-02
-1.3831520e-02
-1.2549810e-02
-1.1373710e-02
-9.8404900e-03
-7.6672040e-03
-5.4253950e-03
-3.6455220e-03
-2.0480570e-03
-6.1708000e-04
-4.4539480e-04
-4.1330040e-04
-3.9198230e-04
-3.7533630e-04
-3.7252540e-04
-3.7793850e-04
-3.8607760e-04
-3.7857420e-04
-3.4038480e-04
-3.5430670e-04
-5.8547430e-04
-8.0548810e-04
-3.9318130e-04
-3.4747040e-04
-4.8033240e-04
-4.8184950e-04
4.6677290e-04
1.9797480e-03
2.1890790e-03
2.5639620e-03
4.1104120e-03
4.9026960e-03
3.8729640e-03
2.7773580e-03
2.4911700e-03
2.4807480e-03
2.4840270e-03
2.4872380e-03
2.4097710e-03
2.2968710e-03
2.7530230e-03
4.2619320e-03
4.9627080e-03
5.6158950e-03
6.8706840e-03
7.2196130e-03
6.3408120e-03
5.2944660e-03
5.3364690e-03
5.1835350e-03
4.0337970e-03
2.8225240e-03
3.1256880e-03
4.5392710e-03
5.2719740e-03
6.5487000e-03
7.5354330e-03
8.1241230e-03
9.7869170e-03
1.0607660e-02
1.0748800e-02
1.0625160e-02
9.8496980e-03
8.9508200e-03
8.1090280e-03
7.9750750e-03
7.5043340e-03
6.5615570e-03
5.3094390e-03
5.2199250e-03
5.1025740e-03
4.6366640e-03
4.2726580e-03
3.8962690e-03
3.5623570e-03
3.0281930e-03
2.5512920e-03
2.4542710e-03
2.5207030e-03
2.5893180e-03
2.0960490e-03
8.6232490e-04
6.7129360e-04
-2.2737760e-05
-2.7431940e-06
-5.3974080e-04
-2.1645400e-03
-2.7468590e-03
-2.8035210e-03
-3.6255970e-03
-4.9261350e-03
-5.5285850e-03
-5.5903510e-03
-5.6253250e-03
-5.4410040e-03
-4.9092880e-03
-5.0160780e-03
-3.8577670e-03
-2.9301810e-03
-2.3762940e-03
-2.2996890e-03
-2.7060050e-03
-2.9199740e-03
-2.9378460e-03
-2.9241230e-03
-2.9249270e-03
-2.9900550e-03
-3.0575400e-03
-2.8021950e-03
-2.2956380e-03
-2.3174930e-03
-1.5686720e-03
-6.3855660e-04
-4.4482030e-04
-4.7773420e-04
3.6985020e-04
1.8997940e-03
2.2681470e-03
2.2787400e-03
2.2655380e-03
2.3508530e-03
2.5304850e-03
2.2835690e-03
9.8321640e-04
-7.4194760e-05
-3.3263010e-04
-1.1573200e-03
-1.8969540e-03
-2.4143320e-03
-2.8599050e-03
-2.8986930e-03
-2.9078410e-03
-2.9116860e-03
-2.9062680e-03
-2.8811270e-03
-2.8694310e-03
-2.8765090e-03
-2.8567380e-03
-2.8832440e-03
-2.8599780e-03
-2.8205950e-03
-2.8818900e-03
-3.0061410e-03
-2.4148680e-03
-8.0201750e-04
-3.0939380e-04
-2.2366040e-04
9.1443170e-04
2.3280690e-03
2.6505340e-03
3.3437140e-03
4.5953760e-03
5.2067940e-03
4.8575910e-03
4.3318550e-03
3.2437090e-03
2.6020620e-03
2.4767420e-03
2.4484270e-03
2.4663560e-03
2.4875420e-03
2.3355210e-03
1.9947380e-03
2.2218350e-03
2.3911210e-03
2.3822050e-03
2.3810170e-03
2.3617120e-03
2.3317070e-03
2.3826410e-03
2.3990520e-03
2.4068660e-03
2.4211140e-03
2.3059070e-03
1.8216680e-03
1.2004850e-03
4.2069130e-04
-3.8893560e-05
-2.4563510e-04
-1.4642070e-04
-2.0432770e-04
-8.3637940e-04
-1.4239770e-03
-1.0445180e-03
-8.3399010e-04
-1.3322380e-03
-1.9840880e-03
-2.2964470e-03
-2.9090690e-03
-4.0004720e-03
-4.4477340e-03
-4.6762950e-03
-5.0232190e-03
-5.2468300e-03
-5.3028310e-03
-5.8624630e-03
-6.3778800e-03
-5.6136560e-03
-5.2262670e-03
-5.1966410e-03
-4.7261080e-03
-3.7601520e-03
-3.0183590e-03
-2.5586020e-03
-1.6607900e-03
1.7652590e-04
1.5701000e-03
2.8753360e-03
3.6869690e-03
4.9158630e-03
4.5150820e-03
3.8936980e-03
3.7044330e-03
3.3326490e-03
3.3927660e-03
3.1755250e-03
1.9138470e-03
6.2456050e-04
4.8533790e-04
4.6683830e-04
3.6403330e-04
3.8561760e-04
1.0990460e-03
2.0558300e-03
2.6313790e-03
1.9232430e-03
1.4697290e-03
6.4866700e-04
2.2470480e-04
-1.0399380e-03
-2.4317670e-03
-3.7437580e-03
-4.8036880e-03
-5.7180410e-03
-7.0293620e-03
-7.6894890e-03
-7.7397970e-03
-7.7480760e-03
-7.7935300e-03
-7.8012600e-03
-7.5236140e-03
-6.9487680e-03
-6.6179790e-03
-5.3156960e-03
-5.0068840e-03
-5.0625150e-03
-5.3542670e-03
-5.1481480e-03
-4.9771790e-03
-4.3857290e-03
-3.3774570e-03
-2.5560370e-03
-2.3948620e-03
-2.0031330e-03
-5.2740660e-04
4.6542700e-04
5.1646610e-04
6.0021190e-04
1.2115920e-03
1.8619140e-03
1.8957410e-03
2.1356380e-03
2.8598700e-03
3.4481060e-03
4.7114050e-03
5.4967080e-03
6.0088190e-03
6.0648010e-03
6.1052100e-03
6.1987530e-03
6.1522400e-03
5.5690020e-03
4.9629540e-03
4.9686030e-03
4.6708530e-03
3.8024080e-03
3.5400970e-03
3.5482590e-03
3.2701520e-03
2.6953960e-03
2.8260740e-03
2.6982600e-03
2.6277460e-03
2.9934920e-03
3.5438200e-03
3.6834960e-03
3.4897820e-03
2.7034130e-03
2.1920090e-03
1.7835460e-03
1.6631840e-03
1.2839610e-03
1.0688220e-03
1.0094530e-03
2.6233230e-05
-1.8090690e-03
-3.2661710e-03
-3.2687380e-03
-3.2216360e-03
-4.0001870e-03
-4.3656630e-03
-4.3653710e-03
-4.4087350e-03
-4.4852000e-03
-4.1350360e-03
-3.0669170e-03
-2.5464070e-03
