0.01
9.9563700e-05
9.9628700e-04
1.2753240e-03
-4.0017450e-04
-2.9563590e-03
-1.5759130e-03
3.5646080e-03
6.2134920e-03
2.2932930e-03
-5.7148450e-03
-7.6993730e-03
-3.2761170e-03
3.6243280e-03
4.2746180e-03
4.1644660e-05
-3.0142370e-03
-2.1983520e-03
1.5266510e-03
3.9185250e-03
3.0271450e-03
-3.6153840e-05
-2.4438470e-03
-7.0410420e-04
2.6471840e-03
3.4057510e-03
-6.4718820e-05
-4.3849860e-03
-4.9230540e-03
-2.6043240e-03
1.8138660e-04
1.7762210e-03
7.0464510e-04
-6.3205670e-04
-2.6302210e-04
9.5208600e-04
1.7557210e-03
3.4511520e-03
-4.0934130e-04
-8.0481870e-03
-8.5148080e-03
-2.9558200e-03
2.8604180e-03
3.3648030e-03
-1.2322550e-03
-8.3036120e-03
-1.1106280e-02
-3.7387480e-03
4.4612940e-03
7.2499440e-03
5.9954120e-03
1.2966820e-03
-2.3013920e-03
1.1317620e-03
6.2334290e-03
9.9404820e-03
5.4727440e-03
-5.6711650e-04
-2.6274910e-03
1.7253400e-03
9.0812150e-03
1.3646980e-02
9.1776910e-03
-4.7131160e-04
-3.6287900e-03
1.6494860e-03
5.0678240e-03
1.8519600e-03
-4.7411840e-03
-4.8709680e-03
-1.2340420e-03
-4.5419960e-04
-2.3086620e-03
-1.4433120e-03
-3.4978570e-04
-2.6892630e-03
-7.1625640e-03
-7.9296800e-03
-4.0242510e-03
1.9742900e-03
3.7769850e-03
4.0233230e-03
3.7889880e-03
5.9508010e-03
5.9566090e-03
2.5181690e-03
-2.4575520e-03
-5.7852520e-03
-2.5649280e-03
1.5136940e-03
4.9014280e-03
1.2459650e-03
-6.6362900e-03
-7.3046540e-03
-4.5857430e-03
-3.9987550e-03
-2.8334230e-03
2.6140870e-03
9.2226150e-03
1.1777180e-02
8.6637670e-03
-1.4291950e-03
-1.1666070e-02
-1.3408300e-02
-1.2439620e-02
-9.2004900e-03
-5.3619670e-03
-3.6270590e-04
5.0446030e-03
7.6698780e-03
6.8262990e-03
6.4214760e-03
5.2240610e-03
5.3533770e-03
1.1189170e-02
1.8957270e-02
1.0164890e-02
-5.1295400e-03
-1.0684450e-02
-5.5172790e-04
1.3661130e-02
1.4911620e-02
-2.0462210e-03
-1.6575790e-02
-1.5433030e-02
2.0306230e-03
1.8162450e-02
1.3856270e-02
3.2341630e-03
3.0520540e-03
8.2736570e-03
1.0550960e-02
1.0617460e-02
3.6579070e-03
-1.2597230e-02
-2.0153820e-02
-1.4004100e-02
-8.5007390e-03
-5.5190820e-03
-1.4702590e-02
-3.5293570e-02
-4.2907390e-02
-3.3999620e-02
-3.2175750e-02
-3.5431240e-02
-4.1046780e-02
-4.1960420e-02
-3.9900990e-02
-3.8049000e-02
-2.8714920e-02
-2.0018760e-02
-2.3644280e-02
-2.4618820e-02
-1.1604780e-02
1.0547520e-02
2.4343120e-02
3.1120230e-02
2.3103170e-02
1.3581680e-02
9.0323570e-03
-7.3223350e-04
-1.2573840e-02
-2.0231660e-02
-4.6695120e-03
2.8744280e-02
4.4085280e-02
5.7280940e-02
7.6261030e-02
9.5904100e-02
1.1491270e-01
1.3824810e-01
1.6123110e-01
1.5134020e-01
9.5123670e-02
5.3884680e-02
3.2971760e-02
4.1089820e-03
-3.1290140e-02
-7.4214200e-02
-1.1683470e-01
-1.0752320e-01
-1.7954520e-02
1.9554360e-02
4.7657320e-02
6.0618520e-02
5.7624440e-03
-2.7920440e-02
-3.3056450e-02
-5.4218250e-02
-8.7279960e-02
-1.0374220e-01
-7.8286640e-02
-5.7782230e-02
-6.9547940e-02
-7.3627220e-02
-2.3347360e-02
3.2564870e-02
6.7444480e-02
9.6997060e-02
7.3414200e-02
2.2349740e-02
1.7031180e-02
8.2326510e-03
-1.3834150e-02
-4.1380690e-02
-6.0012750e-02
-4.5024300e-02
-1.2738790e-02
2.3553350e-03
1.5225250e-02
1.4391420e-02
-2.2028230e-02
-6.0304160e-02
-7.8458150e-02
-5.7195790e-02
1.4432130e-02
3.3895230e-02
4.3599680e-03
-3.1163840e-02
-2.6989050e-02
5.6803580e-03
3.3924880e-02
4.0382180e-02
3.4737830e-02
3.1450250e-02
3.8207150e-02
4.1774750e-02
3.8239480e-02
3.6745340e-02
3.8564510e-02
2.8745640e-02
-7.9692550e-03
-3.3040690e-02
-4.1638470e-02
-1.8352480e-02
-2.3111510e-03
-3.0633100e-02
-7.3830070e-02
-9.4512280e-02
-1.1574680e-01
-1.1910910e-01
-7.1825220e-02
-4.3425900e-02
-2.7309790e-02
-1.5170540e-02
-4.0681680e-02
-5.8735570e-02
-1.6979160e-02
3.6433410e-02
2.4674240e-02
-2.0359200e-02
-2.9298110e-02
3.4092230e-03
4.4940660e-02
6.1963290e-02
7.0859150e-02
6.7202770e-02
7.0295160e-02
7.9401240e-02
6.5896210e-02
3.7169840e-02
2.0592160e-02
1.7906160e-02
4.2798700e-02
5.2097020e-02
1.3703500e-02
-1.7858790e-02
-3.2934510e-02
-5.0432260e-02
-4.3181780e-02
-3.9370530e-03
7.4656000e-03
1.4677280e-02
3.0139580e-02
5.1256840e-02
7.1270440e-02
6.9117650e-02
3.5460500e-02
7.9173910e-03
8.0507810e-03
4.2870550e-02
7.4290570e-02
5.6000350e-02
1.8910530e-02
5.8407350e-03
1.7002640e-03
-2.9115030e-03
-1.8247690e-02
-4.8038440e-02
-7.0820730e-02
-8.9926140e-02
-6.8830780e-02
-5.0017330e-03
2.4562940e-02
2.1098720e-02
-3.7751360e-02
-6.7348730e-02
-4.8257960e-02
-5.1588930e-03
1.7714920e-02
1.5171490e-02
-5.9346060e-03
-1.2663950e-02
-1.4321830e-03
1.9534260e-02
4.0210730e-02
4.9058470e-02
3.3031300e-02
-3.6776650e-03
-1.7669680e-02
-3.2715130e-02
-3.9102600e-02
-1.4721740e-02
2.7460810e-03
-3.5299990e-04
-4.9026130e-03
-1.0744710e-02
-3.5075670e-02
-5.1138390e-02
-5.8866930e-02
-5.1085190e-02
-4.2522520e-02
-4.3971330e-02
-4.2214630e-02
-2.4897490e-02
-3.4273290e-03
1.0651610e-02
2.5788160e-02
2.9439350e-02
1.4439110e-02
7.4222580e-03
1.3597350e-02
1.6394810e-02
7.3351740e-03
-6.9440910e-03
-2.3577390e-03
2.9753750e-02
5.4511110e-02
6.7504840e-02
6.6969260e-02
4.5405270e-02
3.1265200e-02
2.6791770e-02
2.5388550e-02
3.0564450e-02
2.5257530e-02
1.3546650e-02
1.3383460e-03
1.6590290e-03
1.6608720e-02
3.0013930e-02
2.4604960e-02
2.4108840e-03
-1.2948390e-02
-1.0836180e-02
1.0150490e-02
3.0137410e-02
3.4003320e-02
2.5999870e-02
1.6906310e-02
7.5387620e-03
-1.1456060e-02
-2.5888820e-02
-3.4246910e-02
-3.0217800e-02
-2.5753150e-02
-1.3057300e-02
5.9567590e-03
-5.0526690e-03
-4.1373770e-02
-6.3585260e-02
-7.4027750e-02
-7.0928150e-02
-5.8269830e-02
-5.5306170e-02
-5.2428320e-02
-4.0125980e-02
-1.7964320e-02
-1.2805620e-03
6.0103420e-03
-3.7664710e-03
-5.0993410e-03
9.5878880e-03
3.3019650e-02
4.5899470e-02
5.2447550e-02
3.8290850e-02
1.3766270e-02
6.9761190e-03
2.4817090e-02
4.8670780e-02
2.6544220e-02
-2.5342440e-02
-4.4410460e-02
-2.5776720e-02
1.0692860e-02
1.7330460e-02
-2.0803220e-03
-1.8281320e-02
-2.7077520e-02
7.2261070e-03
4.5227780e-02
4.3600680e-02
1.7141280e-02
3.8381670e-03
4.3412200e-03
8.4460960e-03
1.0152290e-02
5.8310520e-03
7.1297730e-03
1.9236540e-02
3.4669180e-02
3.5365910e-02
2.4263000e-02
4.8447750e-03
-3.8825630e-03
-1.2712910e-02
-2.1964630e-02
-2.4272580e-02
-2.9724320e-02
-4.6708630e-02
-6.1406540e-02
-5.8760520e-02
-4.3265380e-02
-2.2581910e-02
-9.6740060e-03
-1.0167750e-03
4.2884790e-04
6.1102820e-03
2.0936670e-02
1.8501430e-02
1.5780440e-02
2.7347170e-02
4.4682690e-02
5.4412860e-02
5.6437860e-02
3.5921630e-02
8.4931890e-03
-4.9798160e-03
-1.0433570e-02
-3.0123960e-05
1.0911270e-03
-9.1939410e-03
-2.6463690e-02
-4.2535170e-02
-5.2378160e-02
-5.7074610e-02
-5.0281820e-02
-3.8861750e-02
-2.5757450e-02
-2.8040440e-02
-2.9607620e-02
-1.2796840e-02
8.5875790e-03
1.6693460e-02
3.8809640e-03
-1.8112920e-02
-2.4289920e-02
-1.2630500e-02
7.5821350e-03
5.0214680e-03
-7.1185170e-03
-7.9867490e-03
-2.3912890e-03
1.5759180e-02
2.8466980e-02
1.7645750e-02
5.5755620e-03
-2.2389140e-03
6.1621020e-03
1.6410640e-02
2.4621980e-02
2.1987850e-02
1.0955550e-02
-1.3456280e-04
1.1985900e-02
4.1954200e-02
4.3501620e-02
2.1182360e-02
1.2423620e-02
2.6330230e-02
5.2045140e-02
6.0875750e-02
3.7965120e-02
3.7444290e-03
-8.5036240e-03
-2.2598250e-02
-2.4157510e-02
-1.1716500e-03
4.9638960e-03
-9.0489830e-03
-2.5282200e-02
-3.1873480e-02
-3.0575100e-02
-2.7742950e-02
-2.7168210e-02
-1.6622170e-02
1.9076450e-03
1.3435960e-02
8.8344030e-03
-1.2796870e-02
-2.7544800e-02
-3.5192870e-02
-3.4839380e-02
-1.6517280e-02
-1.3884390e-03
5.0644560e-03
1.4984610e-02
1.9437420e-02
1.1651580e-02
4.2974590e-04
-6.3868030e-03
3.0837540e-03
1.7448760e-02
2.5314940e-02
1.8319540e-02
-1.0465150e-03
-5.6123980e-03
1.4263350e-02
3.1607980e-02
2.0535060e-02
-7.4349240e-03
-1.4346720e-02
1.5000300e-03
6.9297130e-03
9.1897400e-03
9.7797670e-03
1.3514380e-02
1.7271790e-02
1.6465380e-02
1.0030610e-02
4.0489450e-03
5.6896550e-03
1.5572170e-02
2.3286690e-02
1.5747190e-02
-1.1031670e-02
-3.5019070e-02
-3.3396480e-02
-8.0251380e-03
7.1191650e-03
1.8567710e-03
-1.0293730e-02
-2.2305460e-02
-2.6331690e-02
-2.7931210e-02
-2.6829050e-02
-1.3648640e-02
7.4449590e-03
1.9018060e-02
1.6736800e-02
8.7579030e-03
1.1296660e-02
1.6819780e-02
1.6255060e-02
8.6716860e-03
6.4178710e-03
9.2295230e-03
6.6818060e-03
-1.5807400e-03
-9.2109120e-03
-8.6616440e-03
-4.0640460e-03
-2.7873830e-04
-8.3341190e-04
-9.6133220e-03
-2.5477970e-02
-3.6371020e-02
-3.2645050e-02
-1.8993310e-02
1.8612710e-03
1.1268570e-02
4.6246040e-03
-9.2082150e-03
-1.0669330e-02
6.3047810e-04
1.1877670e-02
1.5385360e-02
8.2048840e-03
6.6887030e-04
7.0754570e-03
1.4252720e-02
1.0099520e-02
-5.7383450e-04
-1.1297410e-02
-1.7873250e-02
-2.2392240e-02
-2.2582670e-02
-2.2045880e-02
-1.8605880e-02
-6.4102850e-03
1.5870940e-03
1.7534170e-03
-2.3001730e-03
-1.2928240e-03
3.0885710e-03
4.4594520e-03
2.4686750e-03
3.1431410e-04
1.2342230e-03
4.6576890e-03
9.5737530e-03
1.5634620e-02
2.0113020e-02
2.0974880e-02
2.0041960e-02
1.1966910e-02
-3.2997620e-03
-1.0253650e-02
-6.8995650e-03
1.4567210e-03
1.0834670e-02
1.2441860e-02
3.9828580e-03
-1.8102160e-03
-3.8014010e-04
4.2541210e-03
9.0727940e-03
1.0790300e-02
7.0018000e-03
1.4302800e-03
-5.0862320e-04
1.4496390e-03
2.9968330e-03
4.9660950e-03
2.4250350e-03
-8.6632400e-03
-1.9928810e-02
-2.0553630e-02
-1.3696280e-02
-5.5442960e-03
2.8726850e-04
-7.0159020e-03
-1.6694000e-02
-1.6892280e-02
-5.6025590e-03
6.5536190e-03
1.2890450e-02
1.5154060e-02
1.3834890e-02
1.2999160e-02
1.1227350e-02
4.7430420e-03
-3.7166000e-03
-3.0628620e-03
2.2771940e-03
5.2542880e-03
2.7356180e-03
-5.0037240e-03
-1.4250410e-02
-1.1978570e-02
-3.8782550e-03
-5.8720710e-05
-2.5338040e-03
-4.9114080e-03
-4.4267970e-03
-5.6365660e-04
8.6531910e-03
1.8815020e-02
1.9079810e-02
1.6374110e-02
1.8692050e-02
2.3925400e-02
2.5868740e-02
1.7803020e-02
5.2873560e-03
1.0288750e-04
-1.2618630e-03
1.2339640e-03
-3.7513790e-03
-1.3401200e-02
-1.6026630e-02
-1.0437170e-02
-6.5770990e-03
-4.3232140e-03
-8.6147520e-03
-1.5270480e-02
-1.4313570e-02
-1.0393470e-02
-8.4054230e-03
-6.6529540e-03
-9.1512030e-03
-1.0781140e-02
-6.9001170e-03
-2.6485340e-03
-1.1937090e-04
-3.1241440e-03
-6.8783550e-03
-5.1497100e-03
-1.4181100e-03
-1.5315010e-03
-4.4957400e-03
-9.0929380e-03
-9.2140640e-03
-5.1369900e-03
-1.5345620e-03
-1.1710730e-03
-4.4924770e-03
-8.1995350e-03
-6.7647930e-03
-2.8402110e-04
4.0483070e-03
-2.4181630e-03
-1.5085230e-02
-1.3211040e-02
8.0479870e-04
1.5336370e-02
1.9879830e-02
9.9021840e-03
-7.6990130e-03
-2.6026150e-03
9.5699130e-03
1.3916580e-02
1.1048430e-02
5.7830000e-03
4.0713290e-03
8.6558130e-03
1.1289150e-02
8.1710660e-03
7.1138770e-03
1.1392420e-02
1.5814060e-02
1.4738980e-02
9.9889410e-03
4.6130460e-03
3.3183110e-03
5.1384650e-03
4.3230900e-03
4.2776760e-03
2.1608010e-03
-1.6565360e-03
-2.7676700e-03
-2.7573040e-03
-2.2492900e-04
7.7124100e-04
-4.2062450e-03
-9.4451010e-03
-1.1983790e-02
-1.4897710e-02
-1.3917890e-02
-1.1898720e-02
-8.3468630e-03
-6.8994560e-03
-7.3037190e-03
-8.9684470e-03
-1.1223240e-02
-1.1288310e-02
-1.0699980e-02
-1.0575780e-02
-9.7448820e-03
-3.1870210e-03
9.1141090e-03
1.1211580e-02
5.8537990e-03
3.2563600e-03
4.2893240e-03
7.2945060e-03
9.1949590e-03
9.9520590e-03
9.6395390e-03
7.9098460e-03
7.2144990e-03
5.9244750e-03
3.6095730e-03
-3.1195050e-04
-8.9621580e-05
2.6092150e-03
3.9827240e-03
1.4200660e-03
-7.5266170e-03
-1.2733340e-02
-1.0395250e-02
-8.8711230e-03
-1.1227590e-02
-1.2584230e-02
-1.0905160e-02
-1.0023010e-02
-9.5800770e-03
-9.3748040e-03
-3.9175810e-03
6.4005450e-03
1.4964890e-02
1.6538870e-02
9.6855080e-03
3.8692130e-03
6.3879910e-03
1.1690290e-02
1.6985910e-02
1.4330150e-02
2.5688220e-03
-4.4690870e-03
1.1661520e-03
2.6242730e-03
-9.8537640e-04
-5.7756350e-03
-8.0713820e-03
-5.3601280e-03
-2.3047960e-03
-6.5823700e-03
-1.6512500e-02
-2.1226520e-02
-1.6709880e-02
-1.9268830e-03
1.3918470e-02
1.2852010e-02
4.6405070e-03
5.0859380e-03
9.4115540e-03
1.2005970e-02
8.4275790e-03
5.0997860e-03
3.1203440e-03
5.7676320e-03
8.4092260e-03
1.2175800e-02
9.3762960e-03
3.0260950e-03
1.3148400e-03
-2.0489700e-03
-1.0567940e-02
-9.7973960e-03
-1.0539260e-04
1.0722040e-02
1.1357570e-02
4.4115930e-03
-4.1858950e-03
-1.6403530e-03
3.8012080e-03
5.0933270e-03
3.3363620e-03
1.1320770e-03
2.9153170e-03
1.0380290e-02
1.5268130e-02
1.0605000e-02
5.0387040e-04
-5.7589460e-03
-9.3127000e-05
3.7603100e-03
6.2939690e-03
2.0598120e-03
-5.4744610e-03
-6.7046730e-03
-4.4778400e-03
-1.3305320e-03
-2.1826220e-03
-2.7589920e-03
-1.5927980e-03
3.7975860e-03
7.2192300e-03
4.6584170e-03
-1.4151320e-04
-8.9692080e-04
1.2951730e-03
5.3750200e-03
7.7762190e-03
4.0412010e-03
-3.1125020e-03
-6.2183040e-03
-1.6523170e-03
8.5787530e-04
-8.4412100e-04
-7.1936750e-03
-1.4915920e-02
-1.7909450e-02
-1.5652510e-02
-1.4450660e-02
-1.4227030e-02
-1.6077680e-02
-1.4979810e-02
-9.5984850e-03
-1.2458100e-03
-1.0544250e-04
-8.4528760e-03
-1.8596370e-02
-2.0044160e-02
-1.4236760e-02
-5.6324190e-03
2.4300580e-04
-2.9373900e-04
6.1728650e-05
6.0346350e-03
9.7152640e-03
3.9056510e-03
-2.9118560e-03
-2.6075110e-03
2.6717970e-03
9.8120570e-03
1.2166230e-02
5.9658790e-03
-6.8327120e-04
1.6422370e-03
9.0761440e-03
1.3517450e-02
1.0493390e-02
6.9431420e-03
5.2754920e-03
6.7692420e-03
8.2130220e-03
7.3900770e-03
7.6004160e-03
6.3244360e-03
4.1163990e-03
2.3131880e-03
1.6714480e-03
1.2733200e-03
1.9193960e-03
2.5662590e-03
-1.0720610e-03
-4.6488120e-03
-7.7396330e-03
-9.8740290e-03
-1.1636520e-02
-1.6069230e-02
-1.7959410e-02
-1.6766640e-02
-1.6809710e-02
-1.3771870e-02
-1.1350890e-02
-1.1737120e-02
-1.1731640e-02
-1.0209270e-02
-5.2616630e-03
4.3987430e-04
6.3227060e-03
6.4043160e-03
1.4208000e-03
-1.0471880e-03
3.0462770e-03
6.2800430e-03
9.2372950e-03
9.4360180e-03
4.6973170e-03
-1.7376510e-03
-2.1154600e-03
1.2506650e-03
4.5387770e-03
6.0044640e-03
6.0332900e-03
3.2012670e-03
1.4870640e-03
2.8039410e-03
5.5114760e-03
7.9728050e-03
6.8360020e-03
2.0418340e-03
-1.0052300e-03
9.3364490e-04
3.8124640e-03
4.8301320e-03
4.1736100e-03
3.1484190e-03
-6.4625980e-04
-2.3458900e-03
-1.1519710e-03
-1.2148240e-03
-3.7569220e-03
-4.5211020e-03
-5.4716750e-03
-6.8739990e-03
-6.9536620e-03
-3.4804780e-03
4.1347200e-03
8.5376480e-03
6.8036760e-03
4.5820610e-03
4.2161240e-03
5.7993200e-03
6.0615780e-03
7.6205240e-03
8.5021510e-03
7.1757230e-03
5.2746990e-03
3.2786570e-03
3.7364100e-03
4.7026310e-03
6.1197220e-03
7.4735280e-03
3.9137230e-03
-1.9077840e-03
-3.7585070e-03
-3.1220550e-03
-1.2688220e-03
4.6478370e-04
9.7002260e-04
-6.2734890e-04
-2.3644750e-03
5.0749160e-04
3.7929670e-03
-3.8155280e-04
-4.6825900e-03
-4.1049890e-03
-2.1982050e-03
1.2227660e-03
3.6611600e-03
1.0824820e-03
-1.0155230e-03
1.0321610e-03
1.7244060e-03
-9.4895360e-04
-3.0087700e-03
-2.5385080e-03
-1.3370900e-03
1.4092170e-03
3.5753150e-03
2.6840250e-03
-7.4511100e-04
-2.1197280e-03
-8.6333800e-04
-1.1491270e-03
-1.2983970e-03
-1.9411330e-03
-9.1379130e-04
-7.4706450e-05
5.3161760e-04
7.5925680e-04
1.4671080e-03
3.5346560e-03
4.1473510e-03
2.7772460e-03
2.4043280e-03
3.2384640e-03
3.4365670e-03
3.0856240e-03
1.8522300e-03
1.2624040e-03
1.6563390e-03
2.5072730e-03
3.3723840e-03
3.9397730e-03
1.2348660e-03
-3.0406390e-03
-6.5077210e-03
-5.7013720e-03
-3.5783390e-03
-1.8075830e-03
-2.2802450e-03
-2.3618040e-03
-1.9030320e-03
-1.1066670e-03
1.3519820e-04
-1.6121470e-03
-3.7437950e-03
-4.7161650e-03
-7.1099590e-03
-7.1064100e-03
-6.2625320e-03
-4.0160380e-03
-9.6302010e-04
1.4760310e-04
-1.2552230e-03
4.7374750e-04
3.6583150e-03
6.5651430e-03
5.2001930e-03
1.3926040e-03
-1.7120520e-03
2.2310100e-04
1.2800370e-03
1.1923610e-04
-2.9149240e-04
-2.0655580e-04
4.0054740e-04
1.6863560e-03
9.2583130e-04
-5.9234130e-04
-1.0061400e-03
-1.5817340e-03
-1.8920500e-03
-1.7340900e-04
2.0366890e-03
1.6544700e-03
-1.7612400e-03
-4.4920560e-03
-5.3012340e-03
-3.3270640e-03
1.0155500e-03
1.0535500e-03
-3.6107230e-03
-6.5822400e-03
-4.7149670e-03
-4.2955640e-03
-5.8120720e-03
-7.6521780e-03
-6.8983560e-03
-4.7541020e-03
-3.1357510e-03
-7.7069470e-03
-1.0017380e-02
-7.7196420e-03
-5.0069700e-03
-2.0204410e-03
-2.8313300e-03
-3.8925610e-03
-5.5823570e-03
-4.1683160e-03
-1.5570320e-03
3.1138290e-04
1.2284570e-04
-2.4662740e-04
8.5931020e-04
1.5711430e-03
2.1394980e-03
2.6072020e-03
1.7669340e-03
4.7960390e-04
1.0768640e-03
3.3744860e-03
2.9819270e-03
1.9210510e-03
2.8605440e-04
2.1605890e-03
5.7151590e-03
8.2074040e-03
8.1012650e-03
6.4189880e-03
6.0709380e-03
6.7396830e-03
6.9177330e-03
4.9885140e-03
2.2583420e-03
2.9023110e-03
3.5029240e-03
2.1355780e-03
-1.5734200e-04
-2.3902420e-03
-2.4790300e-03
-1.7668890e-03
-1.8546620e-03
-3.5771360e-03
-4.2125430e-03
-2.0662310e-03
2.5571350e-03
6.2000310e-03
6.1961340e-03
4.9518310e-03
6.5884360e-03
7.4277130e-03
7.2109830e-03
7.1060270e-03
5.5234690e-03
4.6581300e-03
4.1093580e-03
2.3526800e-03
1.4099980e-03
6.9090240e-04
1.1448960e-03
-5.5455530e-04
-2.8091700e-03
-4.5665160e-03
-5.1356960e-03
-5.2141430e-03
-6.6258090e-03
-7.3450110e-03
-6.2723060e-03
-4.1982000e-03
-1.5989460e-03
-4.4804870e-04
-1.4178970e-03
-3.7821590e-03
-4.9940680e-03
-3.9785200e-03
-1.8422550e-03
-2.7069230e-04
-9.5372960e-04
-4.0703310e-03
-3.7995920e-03
-2.7245050e-04
3.3295250e-03
4.4568100e-03
2.2083810e-03
2.5215550e-04
2.3407900e-03
5.4878220e-03
8.5579880e-03
1.0165590e-02
7.8811910e-03
5.7190610e-03
5.0645200e-03
6.4362000e-03
7.6544200e-03
7.9543350e-03
3.6878790e-03
1.7235210e-03
3.1696830e-03
4.2440090e-03
2.9182970e-03
1.4651030e-04
-1.6240770e-03
-7.7445610e-04
-1.1825920e-03
2.4851500e-04
1.1486720e-03
4.0216160e-03
4.7566730e-03
3.3330060e-03
-2.0408460e-03
-4.4178490e-03
-1.2710770e-03
-1.4868780e-03
-2.2652560e-03
-3.2804230e-03
-4.0389490e-03
-4.1569900e-03
-4.2562730e-03
-2.7242290e-03
-3.5891670e-03
-3.7357320e-03
-3.2179030e-03
-3.6664010e-03
-5.8383340e-03
-5.8283610e-03
-6.1816400e-03
-5.5222710e-03
-3.7604420e-03
-1.0757530e-03
-2.1723950e-03
-7.0376470e-03
-9.7785920e-03
-7.6212030e-03
-4.6961320e-03
-4.9470870e-03
-6.1801740e-03
-7.7531130e-03
-7.6171430e-03
-6.3634660e-03
-4.2449570e-03
-2.4558290e-03
-3.8289050e-03
-5.8844310e-03
-5.8809570e-03
-5.8517990e-03
-4.0353040e-03
-3.0502570e-03
-2.9430260e-03
-2.5607410e-03
-2.7664870e-03
-1.7705530e-03
4.4311830e-04
8.3691630e-04
8.9440050e-04
1.4826190e-03
2.0792810e-03
3.5879620e-03
4.8590450e-03
3.3121830e-03
3.1672490e-03
3.1919040e-03
4.7953010e-03
4.3101430e-03
5.1217850e-03
6.0468490e-03
7.0507860e-03
6.1457690e-03
3.5161950e-03
1.7496470e-03
3.3482880e-03
6.1281590e-03
8.6682140e-03
8.1007130e-03
4.7518380e-03
2.4600750e-03
3.2344190e-03
3.3927570e-03
4.5507870e-03
6.0624100e-03
8.1785060e-03
8.3088760e-03
8.3898810e-03
7.4673190e-03
6.4093740e-03
5.6178870e-03
4.2001150e-03
3.5548580e-03
3.0459870e-03
3.0086070e-03
3.3662410e-03
3.0285350e-03
1.7142980e-03
3.7588310e-04
4.2023730e-05
-1.4841700e-04
1.2692950e-03
-4.9607050e-04
-8.9100330e-04
-1.7912620e-04
-1.7093070e-04
-3.2412490e-04
-7.0791060e-04
-1.1114600e-03
-4.0117030e-05
8.9005970e-04
1.2110390e-03
-4.7363360e-04
-9.4580920e-04
-6.9056920e-04
-2.1508070e-03
-3.8733950e-03
-5.0384750e-03
-3.6413610e-03
-2.3542990e-03
-2.2986500e-03
-4.7176000e-03
-6.4306320e-03
-7.4245280e-03
-6.8123390e-03
-6.7822470e-03
-6.8302980e-03
-6.2901610e-03
-5.6238620e-03
-5.9875670e-03
-5.5394610e-03
-4.6360180e-03
-5.2500700e-03
-4.6665440e-03
-4.8516490e-03
-5.0459450e-03
-5.1857970e-03
-3.6592080e-03
-3.1483930e-04
4.9823260e-04
-3.4660090e-03
-5.9415070e-03
-3.8735320e-03
7.2229070e-05
3.1890600e-03
2.2837890e-03
6.8839510e-04
7.5715530e-04
1.5321520e-03
2.2493920e-03
2.3875770e-03
2.9530950e-03
1.0655880e-03
2.9966710e-04
-1.1299050e-03
-1.2513470e-03
-1.7284410e-03
-3.4986260e-03
-4.5761750e-03
-3.4658150e-03
-3.1133150e-03
-1.5057260e-03
1.2192800e-05
5.1641890e-04
3.3593710e-04
2.4472380e-04
1.9573830e-03
5.6982880e-03
6.3323160e-03
2.9216140e-03
2.5746410e-03
4.7800800e-03
6.2371110e-03
5.7023510e-03
4.5598930e-03
2.0415610e-03
8.8810940e-04
1.7704330e-03
2.5572980e-03
3.0557020e-03
2.8015530e-03
4.2169830e-04
-9.9162480e-04
-3.1320310e-03
-3.9534930e-03
-2.6432870e-03
-1.3123790e-03
-1.0843810e-03
5.5110050e-04
2.7195140e-03
4.8910170e-03
4.5167140e-03
4.5510190e-03
5.5120330e-03
6.7594160e-03
5.7987720e-03
5.8814240e-03
8.2128970e-03
9.2251490e-03
5.2465240e-03
2.2136680e-03
3.5186660e-03
4.0489050e-03
3.9092050e-03
2.6573800e-03
1.2445990e-03
5.0284260e-04
-5.8327200e-05
5.5163840e-04
-4.3126680e-04
-5.8675480e-04
-3.1742450e-04
-1.6136250e-03
-2.1949390e-03
-1.1668860e-03
-1.4567520e-03
-2.4254160e-03
-2.3826870e-03
-8.1767850e-04
-1.5422910e-03
-1.5987270e-03
-2.0727280e-03
-3.8316570e-03
-4.1598730e-03
-3.5443070e-03
-4.6896620e-03
-4.0474140e-03
-6.5861880e-03
-7.7624370e-03
-8.8111760e-03
-7.9225320e-03
-6.4353590e-03
-7.7377470e-03
-1.0259860e-02
-9.0762110e-03
-7.6872820e-03
-4.5733030e-03
-6.9253970e-04
3.1531690e-04
-1.1941590e-03
-3.0348030e-03
-2.2860920e-03
9.7141140e-04
3.8174310e-03
5.1765660e-03
2.1226930e-03
1.0374340e-03
1.3320830e-03
1.7098690e-03
2.1229460e-03
2.9932780e-03
3.2089910e-03
2.2917290e-03
3.2954460e-03
4.6676350e-03
3.0265580e-03
1.7560080e-03
3.5407120e-04
-2.6596840e-04
2.4815080e-03
4.8051650e-03
3.6617920e-03
2.9048780e-03
1.9623270e-03
2.6510300e-03
2.3199140e-03
2.1970300e-03
2.5110690e-03
1.5705350e-03
3.5161160e-03
3.0976690e-03
1.1443070e-03
-2.6200330e-04
1.0606680e-03
1.1592090e-03
-4.2106890e-04
-2.2117840e-03
-1.1276650e-03
-1.1012340e-04
2.1384230e-04
1.0093610e-03
-1.6174690e-03
-2.8951810e-03
-2.0842480e-03
-1.0075900e-03
-1.8258120e-03
-3.7839500e-03
-4.0752220e-03
-4.1300430e-03
-2.5812540e-03
-2.0983090e-03
-2.1737790e-03
-2.3814010e-03
-3.5413400e-03
-2.4754420e-03
-2.2134780e-03
-1.7479410e-04
3.3026450e-05
-2.2947610e-03
-2.5959120e-03
-1.5146500e-03
-1.2366460e-03
1.9274000e-04
1.7511230e-03
2.1106770e-03
2.1154240e-03
2.1177350e-03
2.0166790e-03
2.1075450e-03
3.6669730e-03
2.3509330e-03
2.8904450e-04
-6.8231670e-04
-5.5714780e-04
-5.8118310e-04
2.3275650e-04
1.4010670e-03
-1.0029250e-04
-2.6656730e-03
-2.4649360e-03
-1.5208160e-03
-1.2044840e-03
-2.0528300e-03
-3.6815950e-03
-3.0132880e-03
-2.8181640e-03
-1.8566700e-03
7.6810380e-04
1.2461220e-03
1.6261030e-03
1.4529750e-03
1.3883630e-03
1.6561150e-03
1.0253500e-03
-4.4912480e-05
5.7630060e-04
-4.7063700e-04
-9.9338760e-04
-3.6024730e-04
-7.0500540e-05
1.0285970e-03
1.9538040e-03
1.8018840e-03
1.9217630e-03
3.2631740e-03
1.8400490e-03
1.8350770e-03
3.6138440e-03
4.0672980e-03
4.8836250e-03
3.8521130e-03
3.6685400e-03
2.5755000e-03
3.9570010e-03
4.4420310e-03
3.2817300e-03
3.2390930e-03
2.0342480e-03
1.7983460e-03
2.1126730e-03
2.1222960e-03
1.9613320e-03
1.0472150e-03
1.7928660e-04
-1.6673180e-03
-2.2551340e-03
-2.5646800e-03
-1.7651050e-03
-4.4599240e-04
-5.7261500e-05
-4.0309140e-04
-2.7156600e-03
-3.9220030e-03
-2.3579650e-03
-2.0224920e-03
-1.6169750e-03
-1.3304900e-03
-1.7129820e-03
-6.5076030e-04
3.1352700e-04
-1.0179910e-03
-1.9297410e-03
-1.1442380e-03
-1.5369110e-03
-1.4690290e-03
-1.3332940e-03
-1.6014140e-03
-2.5206110e-03
-3.1259130e-03
-3.3298700e-03
-3.0901720e-03
-1.6377870e-03
-8.3674870e-04
9.0003750e-04
1.8847200e-03
2.1527650e-03
2.5049510e-03
3.1004090e-03
3.3765360e-03
4.6823310e-03
3.0502660e-03
2.1013580e-03
3.1789930e-03
2.4001310e-03
9.2204930e-04
9.5952450e-05
5.4970520e-04
7.5185590e-04
1.6227660e-03
2.4675370e-03
1.9523410e-03
6.5257540e-04
1.7656130e-04
8.2889490e-04
-3.8279120e-04
-7.9329730e-04
-1.1749400e-03
-1.7117300e-03
-2.5132670e-03
-2.6134330e-03
-1.5502610e-03
-2.6095530e-03
-2.8546900e-03
-2.4845150e-03
-7.7544840e-04
1.0159000e-03
5.1063790e-04
-9.6657110e-04
-1.4515870e-03
-8.7382280e-04
-3.0054830e-04
9.3460460e-04
1.3487680e-03
3.1341420e-04
5.7975620e-05
-2.3986030e-04
-2.6037120e-04
7.5210570e-04
-6.6891000e-04
-1.5336390e-03
-1.0890330e-03
1.9037720e-05
-1.3130230e-03
-3.1483400e-03
-2.8755800e-03
-2.0977570e-03
-7.4464560e-04
1.7083440e-03
3.9332890e-03
3.2406510e-03
2.2069260e-03
2.7307460e-03
3.2734290e-03
3.2693380e-03
2.3504650e-03
8.2046050e-04
-4.4208970e-05
-1.8016700e-03
-3.0814030e-03
-2.9728500e-03
-4.4828980e-03
-5.3375810e-03
-5.2859750e-03
-4.3799180e-03
-4.0076790e-03
-3.5630640e-03
-2.0235570e-03
-6.9757460e-04
-1.4674100e-03
-1.9774720e-03
-5.8179260e-04
7.3847510e-04
-4.6991440e-04
-2.1966250e-03
-3.3950990e-03
-3.4513710e-03
-2.0100300e-03
-3.4695780e-03
-2.4384470e-03
-1.8601110e-03
-2.7265110e-03
-3.0305890e-03
-2.7494590e-03
-2.2123890e-03
-2.1307400e-03
-2.1607910e-04
7.4060740e-04
5.4464740e-04
-4.5118380e-04
-2.2047080e-03
-1.0264920e-03
8.6978740e-04
4.5673170e-04
7.8666970e-04
1.1891440e-03
2.3868280e-03
2.7967510e-03
2.5127810e-03
9.1872550e-04
1.1841690e-03
1.6270260e-03
2.7142820e-03
3.3917010e-03
4.5784370e-03
5.3427070e-03
4.2970790e-03
5.2982240e-03
4.4931150e-03
3.3808860e-03
4.6783450e-03
4.9262500e-03
5.7590580e-03
5.3117300e-03
4.0619540e-03
3.3366770e-03
2.6986340e-03
1.3473450e-03
1.1513070e-03
-2.6144980e-04
-7.9803530e-05
3.9706170e-04
-9.2813560e-04
-1.7457800e-03
-1.0207620e-03
-1.3717600e-03
-3.1555630e-05
2.5495840e-04
-7.3594800e-04
-5.8410260e-04
2.8835640e-04
1.2339140e-03
8.6320670e-04
5.1276430e-04
9.1868300e-04
4.3692220e-04
-1.9193910e-03
-3.7436320e-03
-3.5470630e-03
-3.1013230e-03
-2.0128110e-03
-2.3472270e-03
-2.7822760e-03
-8.1101880e-04
6.7175240e-04
-8.9117730e-04
-2.1637720e-03
-1.9968260e-03
-2.2754910e-03
-2.2473490e-03
-2.5609490e-03
-3.0339730e-03
-2.8190190e-03
-2.1549490e-03
-2.6480930e-03
-2.6691370e-03
-2.4963570e-03
-2.7087610e-03
-3.3631190e-03
-2.5864920e-03
-1.3854000e-04
1.1374760e-03
9.8085620e-04
1.1821510e-05
5.7474850e-04
1.8101000e-03
1.7116070e-03
5.7808850e-04
2.0947670e-03
2.2537950e-03
4.1822520e-03
4.2626600e-03
1.8853100e-03
2.3259550e-03
2.0926500e-03
3.3612820e-03
5.5988460e-03
6.3333570e-03
6.7086750e-03
4.7481020e-03
2.6613910e-03
1.2655180e-03
5.2832080e-04
5.4194780e-04
6.5344050e-04
1.3722720e-03
1.8122090e-03
1.6283000e-03
-8.1060480e-04
-6.7258580e-04
1.3971360e-03
1.9502380e-03
2.4026470e-03
1.9798690e-03
2.5931260e-03
1.0078810e-03
1.7011340e-03
2.0285560e-03
1.9024370e-03
1.5794800e-03
8.7908240e-04
-1.4363510e-05
-1.1562260e-03
-5.9881160e-04
-3.7520890e-04
-2.8246470e-03
-3.6142720e-03
-3.3631080e-03
-2.9065730e-03
-2.5045780e-03
-3.7499010e-03
-2.2002400e-03
-2.4364890e-03
-1.9373200e-03
-1.7694060e-03
-2.5941760e-03
-1.3324090e-03
-3.1838810e-03
-4.1678980e-03
-2.4703200e-03
-1.5452120e-03
-1.8564470e-03
-2.5871250e-03
-2.6071150e-03
-1.1816340e-03
-1.4842940e-03
-3.9287060e-03
-4.4583560e-03
-4.8159710e-03
-3.3658110e-03
-1.9604970e-03
-2.5512480e-03
-2.0402200e-03
6.1466520e-06
3.7657560e-04
7.9227640e-04
-1.8764980e-05
-1.5763590e-03
-3.9380890e-04
6.5721570e-04
1.3895530e-03
1.7506550e-03
1.9344420e-03
1.6980400e-03
1.4425920e-03
2.9297500e-04
6.8438790e-05
5.1968050e-04
1.2547200e-03
7.3692120e-04
4.2032300e-04
2.1550690e-04
1.6010990e-04
-9.7037310e-04
7.5325660e-04
1.6818870e-03
1.5742990e-03
1.7201140e-03
5.2802250e-04
7.9344410e-04
1.6561660e-03
1.0748740e-03
-9.6366090e-05
-5.4114130e-04
-5.8290360e-04
-3.5608330e-05
-1.4532640e-04
-1.0218350e-03
-2.0548110e-03
-8.6029960e-04
-2.7467160e-04
-5.5593070e-04
-2.5387200e-03
-2.9852400e-03
-2.3039590e-03
-6.0108010e-04
1.4055370e-04
-3.5328360e-04
-2.6779030e-04
1.1685660e-03
8.8345730e-04
1.9122570e-03
1.6492240e-03
4.3635370e-05
1.8936900e-03
2.5077120e-03
1.6984050e-03
1.6231630e-03
1.8273630e-03
1.9061530e-03
1.8601920e-03
1.7598620e-03
1.8064790e-03
2.2822400e-03
2.5350650e-03
8.6828930e-04
1.4995570e-04
1.0641040e-03
2.3659240e-03
1.5647190e-03
1.8983720e-03
1.9847210e-03
1.6240000e-03
2.7307440e-04
-6.1333130e-04
-1.2628630e-03
-1.8537640e-03
-8.7452490e-04
-6.6244620e-04
-1.6415610e-03
-1.6715280e-03
-8.4247030e-04
-9.3442950e-04
-2.0873010e-03
-3.2367500e-03
-3.9111900e-03
-3.7738020e-03
-3.1156870e-03
-2.2162740e-03
-2.3768540e-03
-2.2968450e-03
1.2139910e-04
2.1723110e-04
-1.2986290e-03
-8.1686440e-04
-1.7530070e-04
6.1400010e-04
2.5177870e-03
1.5885010e-03
2.2512990e-04
1.4352000e-03
1.3035210e-03
3.4783520e-03
3.2942270e-03
2.1217300e-03
1.6436390e-03
1.3695710e-03
7.2598540e-04
7.3521090e-04
1.9680480e-03
2.0354760e-03
7.4674770e-04
1.5648520e-03
7.4975870e-04
1.4662390e-03
1.6813890e-03
6.5281370e-04
7.5412290e-04
1.5505010e-03
1.7622470e-03
2.0647440e-03
1.2362310e-03
3.5014700e-04
7.8548340e-04
-2.0105570e-05
-8.1698060e-04
-8.4071940e-04
-1.7164500e-03
-2.2420020e-03
-1.7664710e-03
1.0359040e-03
1.3195000e-03
2.5663110e-04
-1.3859990e-03
-9.8250210e-04
-6.6935500e-04
5.1692400e-04
6.5267370e-04
-7.9206360e-04
-1.0097860e-03
-5.0803890e-04
7.9150270e-04
1.6391870e-03
1.9159950e-04
-2.3455780e-03
-1.4529300e-03
9.1402360e-04
2.2559450e-03
3.3691990e-03
2.8929430e-03
1.0623450e-03
1.5455760e-03
2.4811400e-03
1.9618000e-03
5.9072380e-04
1.7762730e-04
7.3692930e-04
2.3045740e-04
-5.4970600e-04
-1.6078310e-03
-3.2478620e-03
-1.8423340e-03
-1.6412390e-03
-1.3185610e-03
-4.1715590e-03
-4.8161270e-03
-4.3616370e-03
-3.2411020e-03
-3.4660740e-03
-4.5223650e-03
-4.6921760e-03
-3.9614530e-03
-1.0954300e-03
1.3721170e-03
2.2726750e-03
1.6076770e-03
4.5398430e-05
3.8341770e-05
1.0154450e-04
1.3781290e-03
1.9435500e-03
1.1926570e-03
-1.0455580e-03
-2.0544740e-03
-1.3012910e-03
-1.8751030e-03
-3.4719070e-03
-4.2101070e-03
-3.8369330e-03
-2.8331880e-03
-9.0134900e-04
-5.8061810e-04
