0.01
-1.2034430e-04
-3.3191200e-04
-5.4704980e-04
-5.8680880e-04
-3.1692200e-04
-1.2653140e-04
-6.8628830e-04
-1.3380860e-03
-1.4080950e-03
-9.9057510e-04
-7.8859710e-04
-9.2252250e-04
-7.5987670e-04
9.7072470e-05
2.6210130e-04
-7.8104530e-04
-1.0707240e-03
5.9240610e-05
-1.4969440e-04
-2.2223890e-03
-3.9336430e-03
-3.2960940e-03
-1.9858150e-03
-1.9123360e-03
-3.0029660e-03
-3.8237370e-03
-2.9623530e-03
-6.8092610e-04
2.2394350e-04
-1.3209550e-04
2.0422700e-03
5.2953470e-03
5.0231050e-03
2.2435840e-04
-2.8004110e-03
4.3692780e-04
6.1364420e-03
5.9620400e-03
5.0808110e-04
-3.1773010e-03
1.4170830e-03
7.2062880e-03
6.7183580e-03
4.4031720e-03
6.7727490e-03
9.6594460e-03
7.4947400e-03
2.2188100e-03
6.4555080e-04
4.9249840e-03
8.5469440e-03
7.5739120e-03
3.7018960e-03
6.1538330e-04
3.3296880e-03
9.6624090e-03
7.8569720e-03
-4.8868590e-04
-4.5038080e-03
-3.4281570e-03
-2.3866760e-03
-2.2964690e-03
-1.9683420e-03
-1.4595770e-03
-3.4670460e-03
-1.1169720e-02
-1.7635250e-02
-1.7030090e-02
-8.3485650e-03
-1.1986920e-03
-7.4289370e-04
-1.2146540e-03
2.3522640e-03
7.3740980e-03
8.7552490e-03
2.8055910e-03
-8.4737790e-03
-1.5841300e-02
-1.6486320e-02
-1.3437030e-02
-8.7085550e-03
-2.5198720e-03
4.1075970e-03
7.6306500e-03
3.6325190e-03
-2.2617500e-04
2.9280300e-03
7.8831820e-03
4.8424410e-03
-3.0406980e-03
-1.9240470e-03
1.1809170e-02
2.2926880e-02
2.2877220e-02
1.4525030e-02
6.2287150e-03
1.3651680e-03
-5.6616020e-03
-1.6741470e-02
-1.8403640e-02
-6.9666390e-03
3.9350740e-03
6.7740440e-03
6.1100340e-03
1.0720450e-02
1.8164050e-02
1.6735380e-02
7.3401300e-03
-4.7551350e-03
-1.1083530e-02
-1.0818860e-02
-8.9486600e-03
-9.5408050e-03
-8.3061710e-03
-2.5993400e-03
3.3229650e-03
3.9809770e-03
1.9903230e-03
1.7260430e-03
-4.4464830e-04
-7.2190480e-03
-1.6723110e-02
-2.0609320e-02
-1.6380320e-02
-1.1136960e-02
-1.1359770e-02
-1.4028520e-02
-1.2984740e-02
-7.4593690e-03
-3.3199080e-03
-3.6080940e-03
-4.4083370e-03
-4.2084280e-04
7.0459540e-03
1.3346080e-02
1.4382470e-02
1.3445640e-02
9.9920950e-03
2.0271300e-03
-6.2571420e-03
-1.0337730e-02
-9.9933350e-03
-1.4825030e-02
-2.1335310e-02
-1.8252870e-02
-7.7755120e-03
8.4380350e-04
5.6850920e-03
9.0686370e-03
8.5927420e-03
3.2025750e-03
-5.5781800e-03
-1.2647280e-02
-1.6098720e-02
-1.6246890e-02
-1.3667320e-02
-8.1693950e-03
-4.6382980e-06
9.6547970e-03
1.9407570e-02
2.7912040e-02
3.0745010e-02
2.4731430e-02
1.4444540e-02
8.8435090e-03
8.9084550e-03
9.4772770e-03
6.9729180e-03
6.5815300e-03
1.1677680e-02
2.1249970e-02
2.7639160e-02
2.8233260e-02
2.4521600e-02
1.8694830e-02
1.6115290e-02
1.6390460e-02
1.6908020e-02
1.7875940e-02
1.9367900e-02
1.5929120e-02
8.0121220e-03
-1.8304070e-04
-4.4749920e-03
-6.3022320e-03
-1.0310090e-02
-1.2015430e-02
-9.2100270e-03
-3.2672990e-03
4.5827650e-04
-2.4532400e-04
-4.9407910e-03
-1.2915470e-02
-1.9749170e-02
-2.1899150e-02
-2.1560190e-02
-2.1437710e-02
-2.1741350e-02
-1.9382320e-02
-1.6478840e-02
-1.6096460e-02
-1.6652040e-02
-1.3880940e-02
-9.5566880e-03
-6.9488860e-03
-1.0585690e-02
-1.8660500e-02
-2.2396910e-02
-1.9777250e-02
-1.6170130e-02
-1.6963870e-02
-1.6642300e-02
-7.4138550e-03
5.3375590e-03
8.7779430e-03
6.1916000e-03
9.4192890e-03
1.7816040e-02
2.2656360e-02
1.8125470e-02
1.0407480e-02
1.0027110e-02
1.5047530e-02
1.6335890e-02
1.3778740e-02
1.1340070e-02
1.0909690e-02
1.1408440e-02
8.1604130e-03
1.5215270e-03
-1.2858720e-04
5.9238790e-03
1.0262120e-02
9.8884770e-03
9.3290190e-03
1.2685290e-02
1.5980030e-02
1.3714010e-02
9.8323730e-03
7.9054690e-03
6.6641530e-03
2.9455050e-03
-5.2037970e-03
-1.4369270e-02
-2.3236920e-02
-2.7820780e-02
-2.6057340e-02
-2.3615280e-02
-2.3055150e-02
-2.0476760e-02
-1.2536170e-02
-5.3312020e-03
-2.8194530e-03
-4.3528620e-03
-3.9011380e-03
-1.3819600e-04
3.7716010e-04
-6.2377340e-03
-1.6918780e-02
-2.1989850e-02
-1.8417720e-02
-1.2191000e-02
-9.4694990e-03
-7.5397850e-03
-3.7754710e-03
1.8831820e-03
5.5972170e-03
4.2378080e-03
-3.3543650e-04
-3.9851470e-03
-4.2044070e-03
-2.7624140e-03
-3.0496280e-03
-4.1176630e-03
-3.4259360e-03
-1.2046420e-03
5.2341970e-05
-3.6373880e-04
-3.9261680e-05
2.2229160e-03
5.1598560e-03
6.5581720e-03
9.1511830e-03
1.4254810e-02
1.5500310e-02
1.1763190e-02
6.9810490e-03
5.5556040e-03
8.4151700e-03
1.1958260e-02
1.2609110e-02
1.0112570e-02
8.4561800e-03
7.8310090e-03
7.0301390e-03
3.1097640e-03
-1.4036960e-03
-3.3903800e-03
-3.6572500e-03
-3.8206510e-03
-2.9798520e-03
8.6346080e-04
6.3155970e-03
7.1586880e-03
2.7621120e-03
-9.9233980e-04
-3.3435200e-03
-5.2000130e-03
-8.4668080e-03
-1.1474310e-02
-9.8045940e-03
-5.2215900e-03
-3.7046500e-03
-8.5745480e-03
-1.2749590e-02
-9.6754610e-03
-6.6200910e-04
5.3401180e-03
5.1283140e-03
2.6310780e-03
-7.3058260e-04
-2.1184740e-03
-2.3397930e-03
-1.3298460e-03
1.2208890e-03
4.5318930e-03
7.0897620e-03
7.9503190e-03
8.9081870e-03
1.0402220e-02
1.1540720e-02
1.0715200e-02
8.0487830e-03
6.1931080e-03
6.3879400e-03
7.5750320e-03
8.9261920e-03
1.2698600e-02
1.5306950e-02
1.6188290e-02
1.8486540e-02
2.3780490e-02
3.0232440e-02
3.4588000e-02
3.6743800e-02
3.7577790e-02
3.8407070e-02
3.6673860e-02
3.1799290e-02
2.7195490e-02
2.6449020e-02
2.9719730e-02
3.2860710e-02
2.9958110e-02
2.3188240e-02
1.7650990e-02
8.3796370e-03
-3.1435760e-03
-1.8410200e-02
-3.3047710e-02
-4.3330040e-02
-4.7435590e-02
-4.6344790e-02
-4.4437600e-02
-4.0514820e-02
-3.5457180e-02
-3.5866050e-02
-4.0066400e-02
-4.4097300e-02
-4.2071220e-02
-3.3021720e-02
-2.2728090e-02
-1.3119810e-02
-7.1706010e-03
-5.2804450e-03
-4.5293130e-03
-1.5083630e-03
1.9486000e-04
-6.4965500e-03
-1.8304720e-02
-2.7858930e-02
-3.1072790e-02
-3.0622230e-02
-2.4602230e-02
-1.3515930e-02
-4.8890740e-03
-3.4112750e-03
-4.6439750e-03
-2.6302570e-03
3.6691720e-03
1.0667450e-02
1.5685540e-02
2.1046590e-02
3.1258080e-02
4.5715640e-02
5.8719210e-02
5.8657280e-02
4.4574070e-02
3.0828670e-02
3.4245310e-02
4.0360230e-02
2.8886390e-02
1.3897030e-03
-1.7291820e-02
-1.5803160e-02
-1.2962260e-02
-2.2839240e-02
-4.3080910e-02
-5.5928120e-02
-5.2197870e-02
-4.4508840e-02
-4.8220590e-02
-6.0048470e-02
-5.9709440e-02
-4.2195500e-02
-2.8172350e-02
-2.9043350e-02
-3.4813320e-02
-3.6408310e-02
-3.1255490e-02
-2.3385740e-02
-1.6862660e-02
-1.6294850e-02
-1.8479470e-02
-1.4957840e-02
-2.0054180e-03
7.6804990e-03
7.7927180e-03
2.7334400e-03
-1.4615310e-03
7.2092940e-04
5.4433540e-03
4.8562290e-03
-4.0995420e-04
-2.4709910e-04
7.8665550e-03
1.3143870e-02
1.2294930e-02
8.1914210e-03
7.1303750e-03
1.3528650e-02
2.7944620e-02
4.3830130e-02
5.3727810e-02
5.1046590e-02
3.9159530e-02
3.1096430e-02
3.2653630e-02
3.7259890e-02
3.0477360e-02
1.4541290e-02
1.0724920e-02
2.7685950e-02
5.2225480e-02
6.0725130e-02
5.0062770e-02
3.2383460e-02
2.2738200e-02
2.0192590e-02
1.4187130e-02
8.6581060e-03
1.6051890e-02
3.2701660e-02
3.8772830e-02
3.5481530e-02
3.2849860e-02
2.7272960e-02
1.6276820e-02
4.7241710e-03
-4.6890140e-03
-2.0335160e-02
-3.8683760e-02
-4.2871970e-02
-3.1307440e-02
-2.1627830e-02
-2.2683270e-02
-3.1285230e-02
-3.8232190e-02
-3.5736540e-02
-3.0127060e-02
-2.7449980e-02
-2.5379150e-02
-1.9629710e-02
-1.4571330e-02
-1.4098120e-02
-1.7865610e-02
-2.5941850e-02
-3.9015970e-02
-5.0730570e-02
-5.3886560e-02
-5.0292850e-02
-4.3569860e-02
-2.8666290e-02
-5.1237860e-03
1.2525450e-02
1.8263660e-02
1.5510100e-02
1.3024530e-02
1.3716740e-02
1.1932700e-02
7.6981900e-03
8.5126060e-03
1.4509830e-02
1.4276460e-02
8.3357230e-03
1.1499410e-02
2.3497010e-02
2.2946250e-02
2.3951410e-03
-1.6221830e-02
-1.4494140e-02
-4.8612700e-04
7.7620480e-03
1.3736610e-02
2.4631750e-02
3.6817260e-02
4.0350950e-02
3.5093100e-02
2.7776700e-02
2.8670340e-02
3.3995130e-02
3.4742080e-02
2.9154450e-02
2.1117240e-02
1.4114520e-02
7.3546570e-03
5.5100020e-04
-5.6646710e-03
-1.0174720e-02
-1.2027330e-02
-1.1071080e-02
-5.9008050e-03
2.0484390e-03
1.1285750e-02
1.8580400e-02
2.3992760e-02
2.3538970e-02
1.8947450e-02
1.2715090e-02
8.6196880e-03
5.3357530e-03
-4.8549020e-03
-2.2273920e-02
-3.2862310e-02
-3.4911730e-02
-3.1241110e-02
-3.0282710e-02
-3.3988090e-02
-3.7295200e-02
-4.0154190e-02
-4.4141650e-02
-4.8657700e-02
-4.9115220e-02
-4.4427160e-02
-3.5869510e-02
-2.5091580e-02
-1.3831280e-02
-3.4263020e-03
2.3490690e-03
1.7599730e-03
-5.1534100e-03
-1.8137040e-02
-3.0560680e-02
-3.7464280e-02
-3.9253270e-02
-3.9114130e-02
-4.1861500e-02
-4.6276160e-02
-4.6854640e-02
-3.9547880e-02
-2.9825030e-02
-2.3089100e-02
-1.3660630e-02
-5.0311520e-03
2.1299610e-03
6.3263350e-03
9.4699790e-03
1.3668290e-02
1.5997130e-02
1.4854680e-02
1.2299750e-02
9.7158440e-03
9.5433220e-03
2.2160160e-02
4.8211280e-02
7.5240490e-02
9.9609780e-02
1.1662320e-01
1.2359590e-01
1.2714960e-01
1.3038650e-01
1.3269090e-01
1.3494860e-01
1.4068740e-01
1.4814500e-01
1.5722000e-01
1.6737720e-01
1.7684470e-01
1.8584540e-01
1.7295470e-01
9.4213460e-02
-2.0254570e-02
-1.1943340e-01
-1.8328470e-01
-2.0690390e-01
-2.1461190e-01
-2.1953580e-01
-2.1485460e-01
-2.0896260e-01
-1.9175650e-01
-1.1629070e-01
-1.0120240e-02
4.8657420e-02
7.9076800e-03
-4.2338950e-02
-6.1439260e-02
-7.1213900e-02
-6.7342570e-02
-5.0167290e-02
-2.1217110e-02
5.0881720e-04
1.4059980e-03
-2.0507680e-02
-6.1231250e-02
-9.5397630e-02
-1.1044590e-01
-1.1461180e-01
-1.1224490e-01
-9.5897680e-02
-7.7154900e-02
-4.9688330e-02
-1.0834680e-02
2.0717450e-02
3.0923900e-02
2.1868030e-02
1.2457400e-02
1.7335750e-02
2.9022770e-02
4.0023130e-02
4.9529480e-02
5.2707460e-02
4.7092310e-02
3.4140760e-02
2.3220790e-02
1.9792940e-02
2.6704430e-02
4.1777180e-02
5.6837560e-02
6.5107460e-02
6.5311840e-02
6.0784000e-02
5.8392450e-02
6.1313780e-02
6.8184720e-02
7.2854520e-02
7.0357800e-02
6.0998510e-02
5.3709280e-02
5.4979000e-02
6.4108900e-02
7.2763560e-02
7.3413030e-02
6.4173920e-02
4.6570160e-02
2.1784150e-02
-2.3307830e-03
-2.2003960e-02
-3.5811940e-02
-4.1803940e-02
-4.4352790e-02
-4.6352430e-02
-4.9584920e-02
-5.3169780e-02
-5.3957800e-02
-5.3008440e-02
-4.8180580e-02
-3.5248150e-02
-1.7088980e-02
-1.1012290e-04
9.2324050e-03
1.6298700e-02
2.5930770e-02
4.1329880e-02
5.5453530e-02
6.1447080e-02
5.6278150e-02
3.3833550e-02
1.4356480e-02
5.0132650e-03
-4.2232200e-03
-2.0494420e-02
-4.4684720e-02
-5.8309330e-02
-7.1453700e-02
-7.9912590e-02
-8.1575900e-02
-7.8350110e-02
-6.9723280e-02
-5.9864710e-02
-5.0692570e-02
-4.3464170e-02
-3.9231170e-02
-3.6757460e-02
-3.3915610e-02
-2.8477780e-02
-1.9562890e-02
-9.3751540e-03
2.3324890e-03
1.3379830e-02
1.8427000e-02
1.7065990e-02
1.2462690e-02
1.0937530e-02
1.6962030e-02
2.8194790e-02
4.0452260e-02
5.1901190e-02
6.2189110e-02
6.8686280e-02
6.7843610e-02
6.0571670e-02
4.8725760e-02
3.6074340e-02
2.5462000e-02
1.7628350e-02
1.4680760e-02
1.4024620e-02
1.4303350e-02
1.4312040e-02
1.4075870e-02
1.4530980e-02
1.2829690e-02
8.7495970e-03
3.6256940e-03
-9.8189200e-04
-6.0128760e-03
-1.1248110e-02
-1.4820240e-02
-1.5357970e-02
-1.5776470e-02
-2.0239160e-02
-2.7535620e-02
-3.3040530e-02
-3.2608310e-02
-2.7043120e-02
-1.8239060e-02
-1.1237100e-02
-8.6263380e-03
-1.0176180e-02
-1.2426610e-02
-1.5135570e-02
-1.7849600e-02
-2.0354630e-02
-2.0651720e-02
-1.7840530e-02
-1.5186480e-02
-1.6302600e-02
-1.7315450e-02
-1.8696980e-02
-2.0029550e-02
-2.1293250e-02
-1.8200960e-02
-1.2806880e-02
-9.8826230e-03
-1.0512740e-02
-9.4153670e-03
-3.0865460e-03
5.9536290e-03
1.2874780e-02
1.7174480e-02
2.1444100e-02
2.8625540e-02
3.7731150e-02
4.6117960e-02
5.2956900e-02
6.0295850e-02
6.5693120e-02
6.3130900e-02
5.2995380e-02
4.1878970e-02
3.3295940e-02
2.9754210e-02
2.7571000e-02
2.2502820e-02
1.4390640e-02
5.6444250e-03
-3.0598520e-03
-1.2930490e-02
-2.4320610e-02
-3.5174150e-02
-4.2624240e-02
-4.6430540e-02
-4.7704330e-02
-4.5710220e-02
-4.4122830e-02
-4.3374020e-02
-4.1087520e-02
-3.8127370e-02
-3.8248500e-02
-4.1137770e-02
-4.6636910e-02
-5.1873470e-02
-5.5631100e-02
-5.7168690e-02
-5.5410360e-02
-5.1203220e-02
-4.5570340e-02
-3.5349980e-02
-2.1281940e-02
-5.4026830e-03
1.1713970e-02
2.5340690e-02
3.3826400e-02
3.7518660e-02
3.7694420e-02
3.3896860e-02
2.8930540e-02
2.2443010e-02
1.7290390e-02
1.4110720e-02
1.5105190e-02
1.7763000e-02
2.0819040e-02
2.1589310e-02
2.0933270e-02
1.9232270e-02
1.9673780e-02
2.2692170e-02
2.5643980e-02
2.5905950e-02
2.6797610e-02
3.0291780e-02
3.3448440e-02
3.3225670e-02
3.0007290e-02
2.6432810e-02
2.3764190e-02
1.9964190e-02
1.5631710e-02
1.1879200e-02
9.9221840e-03
6.6039050e-03
1.5060400e-03
-2.5491950e-03
-5.2272790e-03
-6.9185180e-03
-9.7504560e-03
-1.3019690e-02
-1.5537540e-02
-1.5704130e-02
-1.4431640e-02
-1.2554490e-02
-9.5450880e-03
-5.0488100e-03
2.1491700e-03
6.9470710e-03
1.0933610e-02
1.6425120e-02
1.9207960e-02
1.8408180e-02
1.5108910e-02
9.4169850e-03
4.1357100e-03
1.7745330e-04
-5.2868330e-03
-1.1258680e-02
-1.6630770e-02
-2.0454800e-02
-2.2464300e-02
-2.4732700e-02
-2.5883600e-02
-2.6355870e-02
-2.5412440e-02
-2.2643690e-02
-2.0378870e-02
-1.8246520e-02
-1.6843970e-02
-1.6119570e-02
-1.4681510e-02
-1.3560180e-02
-1.2387020e-02
-1.0670600e-02
-8.6606860e-03
-6.4098340e-03
-5.4386620e-03
-6.4206870e-03
-7.9041950e-03
-8.9810450e-03
-9.9257700e-03
-1.0945160e-02
-1.0911970e-02
-8.9375170e-03
-4.3208650e-03
4.4590460e-03
1.1751570e-02
1.6672940e-02
1.9574100e-02
2.3162800e-02
2.5517530e-02
2.8220790e-02
3.0942230e-02
3.4521310e-02
3.7533180e-02
3.9321660e-02
3.8401140e-02
3.5471940e-02
3.0585260e-02
2.4816630e-02
1.8752250e-02
9.6196050e-03
-5.6329290e-04
-8.7837700e-03
-1.4433180e-02
-1.6228390e-02
-1.5914700e-02
-1.5295430e-02
-1.5424490e-02
-1.7169730e-02
-1.6901220e-02
-1.5427940e-02
-1.3422400e-02
-1.2210080e-02
-1.0855120e-02
-8.3232050e-03
-3.1306140e-03
2.3285340e-03
5.9348330e-03
7.3574140e-03
7.0665040e-03
5.6255320e-03
5.3915480e-03
6.6123740e-03
7.7654450e-03
9.1948120e-03
9.4055840e-03
8.8147850e-03
5.4371050e-03
-1.5453840e-05
-5.4603170e-03
-1.1924280e-02
-1.8761240e-02
-2.4138460e-02
-2.8773480e-02
-3.0293260e-02
-2.8709560e-02
-2.5914300e-02
-2.2333150e-02
-1.7446360e-02
-1.1744260e-02
-5.8251460e-03
5.9543570e-06
4.7201910e-03
7.9166170e-03
1.0851320e-02
1.3129220e-02
1.2681170e-02
8.7515320e-03
3.9593220e-03
-1.1636880e-03
-4.9320240e-03
-8.0946800e-03
-1.0790910e-02
-1.2970670e-02
-1.4502330e-02
-1.5247520e-02
-1.4624890e-02
-1.3955830e-02
-1.2645700e-02
-1.0988800e-02
-8.9805560e-03
-6.9560490e-03
-3.9479290e-03
-1.8816000e-04
3.9220500e-03
7.9263650e-03
1.0853080e-02
1.2536970e-02
1.3584640e-02
1.4031550e-02
1.2776720e-02
1.0405930e-02
7.2418110e-03
6.4456460e-03
5.2994920e-03
4.0735300e-03
3.6209530e-03
4.4447520e-03
5.8486190e-03
6.8706820e-03
7.7116840e-03
8.1834670e-03
8.2581680e-03
7.6604520e-03
8.9382190e-03
8.7731260e-03
6.9941000e-03
5.7928560e-03
5.2331030e-03
5.4777270e-03
5.5544910e-03
6.0229320e-03
7.0850350e-03
9.2526570e-03
1.0433140e-02
1.1669190e-02
1.1286190e-02
9.3131560e-03
7.5892560e-03
6.3743640e-03
4.5973320e-03
2.9563090e-03
2.9569360e-03
3.1886850e-03
3.5560000e-03
3.9633930e-03
4.6927740e-03
5.7867470e-03
6.0452280e-03
5.7897990e-03
5.1044000e-03
3.1861430e-03
9.1241080e-04
-2.6005690e-03
-6.1350170e-03
-7.9519940e-03
-8.5288640e-03
-8.4247380e-03
-7.6744740e-03
-6.7220750e-03
-5.7522750e-03
-5.1567170e-03
-5.2687250e-03
-6.2931620e-03
-7.8495990e-03
-1.0198240e-02
-1.2478810e-02
-1.5035680e-02
-1.7063040e-02
-1.9103240e-02
-2.0425670e-02
-2.1249980e-02
-2.1629580e-02
-2.1126400e-02
-1.9066960e-02
-1.6943430e-02
-1.4224350e-02
-1.0477910e-02
-6.2423890e-03
-3.0493350e-03
-5.9910830e-04
1.6830590e-03
4.5131570e-03
7.0297390e-03
8.2279550e-03
9.5461120e-03
1.0762130e-02
1.2122470e-02
1.3066590e-02
1.3222710e-02
1.3481100e-02
1.3445030e-02
1.3430660e-02
1.3189540e-02
1.3094010e-02
1.4322010e-02
1.6113770e-02
1.7897480e-02
1.7831330e-02
1.6531380e-02
1.4378040e-02
1.1759860e-02
9.1793050e-03
6.8434690e-03
5.1283740e-03
3.6073270e-03
1.3076570e-04
-2.9206730e-03
-4.4932900e-03
-6.3276460e-03
-7.7908880e-03
-8.8207860e-03
-9.1648790e-03
-9.1445990e-03
-8.8871350e-03
-7.8091100e-03
-6.9169140e-03
-6.0981870e-03
-4.5375560e-03
-3.6086230e-03
-2.9614390e-03
-2.0483460e-03
-1.1067700e-03
-4.4952690e-04
2.0994790e-03
2.8964290e-03
1.8953960e-03
1.1869760e-03
5.2064230e-04
-8.0440780e-04
-1.9883830e-03
-3.2191190e-03
-3.8353210e-03
-6.0557190e-03
-8.0744240e-03
-9.2897110e-03
-1.0519650e-02
-1.2111860e-02
-1.3652920e-02
-1.4998080e-02
-1.5368550e-02
-1.5230730e-02
-1.4505100e-02
-1.3570200e-02
-1.2302570e-02
-1.0932520e-02
-1.0718140e-02
-1.1674880e-02
-1.1368060e-02
-9.7532210e-03
-7.0869110e-03
-3.5896410e-03
-2.7454080e-04
3.1484700e-03
6.8546670e-03
9.6394980e-03
1.1066020e-02
1.2189390e-02
1.2973320e-02
1.5085610e-02
1.5591670e-02
1.3966340e-02
1.3538170e-02
1.4095170e-02
1.4262120e-02
1.2895130e-02
1.0849360e-02
8.7930590e-03
6.2449290e-03
4.3239120e-03
2.2663810e-03
1.6957470e-04
-1.8651200e-03
-3.5087530e-03
-4.0036390e-03
-4.2249160e-03
-4.4655530e-03
-4.1597800e-03
-2.4462920e-03
-6.1795130e-04
1.1801640e-05
1.1156670e-03
3.4537660e-03
4.8097860e-03
5.8195450e-03
7.4712400e-03
6.7554070e-03
5.5640580e-03
4.4265100e-03
3.6251430e-03
2.8563060e-03
3.4652990e-03
4.4572410e-03
5.0402530e-03
4.9473610e-03
4.5292260e-03
5.3743000e-03
6.5276280e-03
7.1274160e-03
7.1544390e-03
6.5855960e-03
6.4217430e-03
5.0251870e-03
3.4404470e-03
2.0878870e-03
6.1412740e-04
5.7909340e-04
-3.3883050e-04
-2.1270230e-03
-3.3354000e-03
-3.5167450e-03
-2.8502390e-03
-1.5722320e-03
-3.7481010e-04
1.6805190e-03
4.4849280e-03
6.5673740e-03
8.4628830e-03
1.0708970e-02
1.2680720e-02
1.4886690e-02
1.5241930e-02
1.4221080e-02
1.3176080e-02
1.4241450e-02
1.4044370e-02
1.2551480e-02
1.0390680e-02
7.5775510e-03
4.7500290e-03
2.0804820e-03
-1.0018710e-03
-5.5253000e-03
-9.1448130e-03
-1.1812390e-02
-1.4145220e-02
-1.6832360e-02
-2.0545080e-02
-2.1410100e-02
-2.1617330e-02
-2.1998190e-02
-2.1788130e-02
-2.1137020e-02
-2.0597380e-02
-2.0247120e-02
-2.0416290e-02
-2.1081550e-02
-2.1941390e-02
-2.2224210e-02
-2.2999010e-02
-2.3373230e-02
-2.4248740e-02
-2.5393910e-02
-2.4896780e-02
-2.4385350e-02
-2.4832120e-02
-2.5711940e-02
-2.4939330e-02
-2.3461210e-02
-2.2141050e-02
-2.0373790e-02
-1.7713470e-02
-1.5209410e-02
-1.1028100e-02
-6.1687680e-03
-3.2698610e-03
-3.1068710e-04
3.1483440e-03
7.2833180e-03
1.0760900e-02
1.3120550e-02
1.6435560e-02
1.8456780e-02
1.9453600e-02
2.2181700e-02
2.3779610e-02
2.4399360e-02
2.4751170e-02
2.4600870e-02
2.3956130e-02
2.3391700e-02
2.2919110e-02
2.2324290e-02
2.0476270e-02
1.9362150e-02
1.9050890e-02
1.7813260e-02
1.4722220e-02
1.4465310e-02
1.4330570e-02
1.4301190e-02
1.4550260e-02
1.5281770e-02
1.6491180e-02
1.6659230e-02
1.6969760e-02
1.6207010e-02
1.5471070e-02
1.5358850e-02
1.3889010e-02
1.2895450e-02
1.1002140e-02
8.9226060e-03
7.5740530e-03
7.0456120e-03
5.8050800e-03
4.0830060e-03
1.4004380e-03
-6.8607880e-04
-2.5368890e-03
-4.8187870e-03
-7.4667130e-03
-9.7611780e-03
-1.0873740e-02
-1.2559600e-02
-1.4466220e-02
-1.5837570e-02
-1.6248950e-02
-1.6176110e-02
-1.5950510e-02
-1.5768030e-02
-1.5142980e-02
-1.4975180e-02
-1.3924170e-02
-1.1382180e-02
-9.1866810e-03
-7.1938260e-03
-4.8456390e-03
-2.2365040e-03
-5.8291120e-05
1.6454460e-03
2.3593630e-03
2.6033700e-03
2.2728170e-03
1.8378410e-03
1.7197250e-03
-7.9578350e-04
-4.7630040e-03
-6.2516000e-03
-7.0535920e-03
-8.3445780e-03
-9.0674620e-03
-9.2258250e-03
-9.5217860e-03
-9.9381710e-03
-9.7613810e-03
-1.0209770e-02
-1.0097570e-02
-9.7712090e-03
-8.5871720e-03
-7.9168550e-03
-6.3504370e-03
-4.6269110e-03
-3.5825670e-03
-1.5684930e-03
9.9835680e-04
3.1951500e-03
4.5349550e-03
6.5146280e-03
7.5933570e-03
8.8115920e-03
1.0232730e-02
1.0507200e-02
1.0580650e-02
1.1115210e-02
1.1476180e-02
1.1174130e-02
1.0318860e-02
9.3645070e-03
8.1493110e-03
6.4355870e-03
5.0731140e-03
2.5077180e-03
7.2411830e-04
-1.5449640e-04
-2.2530790e-03
-4.4599260e-03
-4.8079490e-03
-5.2326230e-03
-5.4026670e-03
-5.0312860e-03
-4.5645700e-03
-3.3821490e-03
-1.9209820e-03
-5.7814030e-04
1.5479590e-03
2.2099370e-03
2.0991170e-03
1.9487460e-03
2.0789590e-03
1.8690640e-03
2.1780450e-03
2.3372880e-03
2.8322590e-03
3.8665820e-03
4.7740950e-03
5.3923690e-03
5.4239710e-03
5.6008390e-03
4.6763620e-03
3.9837350e-03
3.1532300e-03
1.5779850e-03
2.9468600e-05
-8.1838840e-04
-1.4418630e-03
-1.2370300e-03
-1.1444980e-03
-1.0208490e-03
-3.6265240e-04
-2.7383080e-04
-9.5034970e-04
-9.3325850e-04
-1.4523230e-03
-1.9751590e-03
-3.5339930e-03
-5.3113500e-03
-7.1118570e-03
-8.4701670e-03
-8.7951740e-03
-8.5052430e-03
-7.7347620e-03
-8.0139020e-03
-6.7474230e-03
-4.3616300e-03
-3.3173350e-03
-2.8137720e-03
-2.3935430e-03
-1.1349610e-03
-5.6881140e-04
-3.4535940e-04
-1.8795080e-05
5.7274080e-04
9.9661980e-04
2.0540050e-03
3.0944580e-03
3.6536190e-03
3.0407460e-03
2.2624150e-03
1.6769430e-03
8.0056900e-04
-1.6556600e-04
-8.1059240e-04
-1.1695360e-03
-7.4870630e-04
-2.8544680e-04
-2.9346780e-04
-1.2651850e-04
7.1988770e-04
9.0446510e-04
4.7901710e-04
9.7077280e-04
1.9593010e-03
2.0935960e-03
2.4835820e-03
3.1940080e-03
4.7824630e-03
6.3532680e-03
7.3849220e-03
7.6985130e-03
8.3691140e-03
8.1519910e-03
8.3339470e-03
7.6992430e-03
7.1582410e-03
7.0768530e-03
5.4385540e-03
4.4868880e-03
3.4600610e-03
2.0832100e-03
5.7407940e-04
-1.1975940e-03
-3.1802070e-03
-4.1949180e-03
-4.5934350e-03
-5.4891120e-03
-6.2485900e-03
-6.4952600e-03
-6.7862470e-03
-7.7697710e-03
-8.1495510e-03
-7.6905840e-03
-7.3687210e-03
-7.9259510e-03
-7.7833850e-03
-6.6978000e-03
-6.7781200e-03
-6.5934520e-03
-6.6376740e-03
-5.5576230e-03
-3.2055200e-03
-1.7359250e-03
-9.0094610e-04
5.9775600e-04
1.6507190e-03
2.5623290e-03
2.3540680e-03
2.6373700e-03
3.1094290e-03
3.8580210e-03
3.4406090e-03
3.0536210e-03
2.6084860e-03
2.7334720e-03
3.1942870e-03
2.8781670e-03
3.7985520e-03
4.5527250e-03
5.7018900e-03
6.2442960e-03
5.9869870e-03
6.4268920e-03
6.6787310e-03
5.7907420e-03
5.0702640e-03
4.0806730e-03
4.6252960e-03
5.3315610e-03
5.2391610e-03
5.1759200e-03
5.4208540e-03
4.9261120e-03
2.9223860e-03
8.2461620e-04
2.5299930e-04
-4.8197950e-04
-1.8485530e-03
-4.1337250e-03
-6.0760400e-03
-7.4599250e-03
-8.2574300e-03
-8.9836200e-03
-9.9846690e-03
-1.1204350e-02
-1.1734580e-02
-1.1952390e-02
-1.2459640e-02
-1.3717110e-02
-1.3399540e-02
-1.3337500e-02
-1.2784030e-02
-1.1385360e-02
-9.6922830e-03
-8.2726990e-03
-7.1867550e-03
-6.2742550e-03
-4.9274050e-03
-3.6191950e-03
-2.7144800e-03
-1.7741600e-03
-4.1842470e-04
9.7177450e-04
1.3993240e-03
2.1869870e-03
3.2180550e-03
4.4083260e-03
5.2236170e-03
5.7327330e-03
6.7400930e-03
7.9728440e-03
8.3303040e-03
8.6777580e-03
8.9670930e-03
9.3612750e-03
9.7499910e-03
9.4306680e-03
8.9816990e-03
9.1935830e-03
9.1759890e-03
9.0450020e-03
9.3106570e-03
9.1222280e-03
7.4891020e-03
5.7229650e-03
5.9333470e-03
4.0118240e-03
2.7184290e-03
1.5170920e-03
5.8425780e-04
5.6622410e-04
1.9830830e-04
-2.1868010e-04
5.7817780e-04
1.0288890e-03
1.4425010e-03
1.8240430e-03
1.6468390e-03
7.4280380e-04
4.2746760e-04
-8.7276550e-04
-4.0610010e-04
-1.5232970e-04
3.0793030e-04
5.3408260e-04
9.2373040e-04
1.6760080e-03
2.2072520e-03
3.0846290e-03
3.4626290e-03
3.8673810e-03
4.1507420e-03
4.3777500e-03
4.8248320e-03
4.4503820e-03
3.3598530e-03
2.3743170e-03
1.4366620e-03
1.9635490e-04
-5.9125250e-04
-1.1039390e-03
-1.4136890e-03
-1.2138400e-03
-1.9435620e-03
-2.8744020e-03
-3.6287430e-03
-4.7319150e-03
-5.9169110e-03
-6.5265850e-03
-6.8460190e-03
-6.5781580e-03
-6.0278150e-03
-5.7899450e-03
-6.1333950e-03
-5.8795440e-03
-4.0770200e-03
-3.4048910e-03
-3.2601410e-03
-2.5400260e-03
-1.5186210e-03
-5.1275050e-04
-7.2719100e-04
-1.1100250e-03
-1.4419960e-03
-2.3179810e-03
-2.6222900e-03
-2.2488720e-03
-3.4660560e-03
-4.5430850e-03
-4.4865570e-03
-4.0591920e-03
-2.9782420e-03
-1.9513050e-03
-1.2468620e-03
-3.5881890e-04
2.2579280e-04
3.4472160e-04
-5.9686600e-05
2.5105130e-04
7.8813580e-04
9.4611580e-04
1.0969030e-03
7.1502890e-04
1.0917270e-03
6.8189750e-05
-1.2133810e-03
-2.3276210e-03
-3.5518130e-03
-3.8120560e-03
-4.7984380e-03
-5.3104440e-03
-4.8776790e-03
-4.3882530e-03
-3.0963030e-03
-2.8066400e-03
-1.2364570e-03
8.4174720e-05
9.3653820e-04
1.2315440e-03
1.3769870e-03
1.6727950e-03
1.2997860e-03
1.8525110e-03
1.3397710e-03
3.8380630e-04
1.1573240e-03
1.5000500e-03
1.4877920e-03
1.3172530e-03
1.7716190e-03
1.8019860e-03
1.1758940e-03
1.3107800e-03
1.6071960e-03
1.0922880e-03
8.1284310e-05
1.8112830e-04
4.4959440e-04
-1.3470070e-04
-7.3104600e-05
5.3783580e-04
1.0848260e-03
1.8990770e-03
2.8960320e-03
3.5489700e-03
3.4469950e-03
2.6525050e-03
2.1335810e-03
1.2557180e-03
1.6492490e-04
-4.8578740e-04
-6.8318980e-04
-6.6703380e-04
-1.0894520e-03
-1.7907900e-03
-2.4023040e-03
-2.8350450e-03
-3.0742220e-03
-3.1080320e-03
-3.3433750e-03
-3.1126940e-03
-3.7041080e-03
-4.4036350e-03
-4.8365870e-03
-4.3245120e-03
-4.3640230e-03
-3.8700120e-03
-3.0718990e-03
-2.4439230e-03
-2.1699810e-03
-1.9443240e-03
-6.7706330e-04
1.1561850e-03
1.7530790e-03
1.7525150e-03
4.1434140e-03
6.0610070e-03
6.7416150e-03
7.1054370e-03
8.0866180e-03
8.5517840e-03
8.7269260e-03
9.2041850e-03
8.5140100e-03
7.6802350e-03
7.0865380e-03
7.8711290e-03
6.9044250e-03
5.3354470e-03
4.5810040e-03
4.1195590e-03
3.5575370e-03
3.4491010e-03
2.6634120e-03
1.2745440e-03
7.8231170e-04
8.9670990e-04
7.1534320e-04
2.4907940e-04
4.8283720e-04
9.8642640e-04
1.4476600e-03
1.8108430e-03
2.1794460e-03
2.6836870e-03
2.8464930e-03
3.0921180e-03
3.4346270e-03
2.8653630e-03
3.2628200e-03
2.7813970e-03
1.6991460e-03
6.8935470e-04
-1.0032860e-03
-2.4641260e-03
-3.5432490e-03
-4.0422740e-03
-4.8424110e-03
-4.3492980e-03
-3.6177390e-03
-4.1399640e-03
-5.0423090e-03
-5.1464180e-03
-5.3406010e-03
-5.9663240e-03
-4.9985440e-03
-4.7184310e-03
-4.7254300e-03
-4.2904300e-03
-4.4295200e-03
-4.6022540e-03
-4.7336170e-03
-4.5036070e-03
-4.5673750e-03
-4.4763190e-03
-5.0650550e-03
-4.0226550e-03
-3.5677990e-03
-4.8100490e-03
-4.0650850e-03
-2.4155260e-03
-1.1453390e-03
1.1308300e-04
1.0524180e-03
1.7674320e-03
2.5983680e-03
2.8514070e-03
2.7088090e-03
1.9251130e-03
1.3538160e-03
1.6165340e-03
1.4879930e-03
8.0199920e-04
1.6631490e-03
2.4950470e-03
2.8186430e-03
3.4906360e-03
3.7400570e-03
3.7690940e-03
3.7747090e-03
3.3297730e-03
2.9155110e-03
3.1012140e-03
3.4048230e-03
3.0683760e-03
2.2136250e-03
2.5661730e-03
2.2004130e-03
1.3399190e-03
7.1301810e-04
-2.9615100e-04
-7.6167490e-04
-9.9996240e-04
-2.2815230e-03
-3.7620170e-03
-3.4877120e-03
-2.8657480e-03
-3.0255050e-03
-3.2255360e-03
-4.5176410e-03
-5.3867250e-03
-5.4941050e-03
-5.5659990e-03
-5.5132040e-03
-5.2297200e-03
-4.7241350e-03
-3.4762350e-03
-3.6447310e-03
-5.6284190e-03
-5.9756780e-03
-6.1013490e-03
-5.8353060e-03
-5.7287170e-03
-5.3373330e-03
-4.8892700e-03
-4.2540230e-03
-3.9022000e-03
-3.1470520e-03
-1.8952060e-03
-1.0434990e-03
-2.5783730e-04
1.7980200e-04
1.1461310e-03
1.3782610e-03
2.2104070e-03
2.4200910e-03
2.4115100e-03
3.0852980e-03
3.4378650e-03
3.7258910e-03
4.2035090e-03
4.9616150e-03
5.7150690e-03
6.2498360e-03
5.9322560e-03
6.1335320e-03
5.8155010e-03
5.5120450e-03
4.5257480e-03
4.9721820e-03
4.8416540e-03
3.9524460e-03
2.7232600e-03
7.6568100e-04
-1.2576180e-03
-1.1810260e-03
-9.6062980e-04
-1.5876310e-03
-1.9247000e-03
-1.7772780e-03
-1.3388300e-03
-8.4101350e-04
-1.9517690e-04
-1.2580420e-04
2.0646940e-04
7.6242680e-04
2.3596380e-03
3.3748790e-03
2.3373710e-03
2.0519910e-03
2.4306020e-03
2.9791490e-03
3.0426720e-03
2.8601430e-03
2.9894290e-03
2.7428030e-03
2.3880500e-03
2.0971220e-03
2.2646580e-03
2.2843230e-03
1.7715860e-03
1.5435420e-03
1.4388280e-03
1.1061060e-03
9.9187120e-04
8.1738730e-05
-5.2201010e-04
1.4372800e-04
-8.5131160e-05
-1.4204340e-04
-1.3636980e-04
1.7223650e-04
7.8410010e-04
1.5962820e-03
1.7058860e-03
1.4874270e-03
1.8880650e-03
2.0589530e-03
2.4342180e-03
2.0641540e-03
2.0909410e-03
2.5848770e-03
2.4922290e-03
1.8788550e-03
1.6429370e-03
2.7453600e-03
1.9777560e-03
1.1206290e-03
9.5326470e-04
3.0685550e-04
-8.0492700e-04
-1.9835970e-03
-3.1413760e-03
-4.6481170e-03
-5.8222440e-03
-6.9415940e-03
-7.4775100e-03
-8.5055090e-03
-1.0189700e-02
-1.0286910e-02
-1.0281790e-02
-1.0150220e-02
-9.9200450e-03
-9.1745090e-03
-8.3917480e-03
-7.5604210e-03
-6.6928430e-03
-5.7868510e-03
-4.2698330e-03
-3.2413750e-03
-2.2339520e-03
-1.2091470e-03
-4.8567400e-04
-2.0247810e-05
6.8263550e-04
1.5417860e-03
2.4215440e-03
2.9744750e-03
3.0480910e-03
3.4928570e-03
3.7925030e-03
3.4527510e-03
3.2265530e-03
3.3355590e-03
3.3151970e-03
2.9754270e-03
2.9610480e-03
2.9795450e-03
3.1430770e-03
3.4185190e-03
3.7507200e-03
4.0561660e-03
4.4388690e-03
4.1020590e-03
3.6363680e-03
4.4972430e-03
4.6832020e-03
4.7717550e-03
4.5630200e-03
4.3526380e-03
3.9631560e-03
3.4502570e-03
3.0417610e-03
2.6603360e-03
2.1167390e-03
1.7268970e-03
1.5899200e-03
1.0839650e-03
1.7046510e-04
-1.3502020e-04
-1.2012120e-04
-7.5577500e-05
-2.2417220e-04
-4.3810490e-04
-6.5589510e-04
-9.7646130e-04
-1.2856860e-03
-1.5844180e-03
-1.8931140e-03
-2.1062040e-03
-2.3315650e-03
-2.5845930e-03
-2.6747770e-03
-2.7628640e-03
-2.6885170e-03
-2.5182000e-03
-2.4633450e-03
-2.3179900e-03
-1.9842140e-03
-1.8174360e-03
-1.6939180e-03
-1.5347290e-03
-1.2441350e-03
-9.3474710e-04
-7.5902770e-04
-6.3833580e-04
-4.3413710e-04
-2.4595830e-04
-2.5713600e-04
-3.0077600e-04
-2.7420300e-04
-2.9524410e-04
-3.6915950e-04
-4.8624160e-04
-5.5680790e-04
-4.4884790e-04
-3.5811080e-04
-3.9928780e-04
-3.8078480e-04
-3.8098940e-04
-3.1802210e-04
-2.8470480e-04
-1.8892570e-04
