0.01
3.9877600e-04
5.0090370e-04
2.5999270e-05
-4.9404750e-04
-4.8300050e-04
8.6692160e-06
4.2414510e-04
2.2390600e-04
-6.7562510e-04
-1.3335280e-03
-1.1135660e-03
-4.3035190e-04
4.9316940e-05
-2.5241820e-05
-1.5198990e-04
3.1456000e-04
8.1384050e-04
5.5709140e-04
8.4327030e-05
2.5617630e-04
1.4803200e-03
2.5793010e-03
2.5554730e-03
1.4516480e-03
6.1479670e-04
8.4892810e-04
9.4315800e-04
-3.1118410e-04
-1.8498540e-03
-9.3643180e-04
1.7309770e-03
2.4648520e-03
1.9971320e-04
-2.9543680e-03
-3.5794650e-03
-5.7782740e-04
2.5892540e-03
1.9713000e-03
-2.3162760e-03
-5.8101530e-03
-5.5689380e-03
-2.1848480e-03
1.2895100e-03
2.2876700e-03
8.0914090e-05
-1.3569620e-03
-3.9030350e-04
4.6451640e-04
-1.0691250e-03
-3.5393210e-03
-4.4957450e-03
-3.2330290e-03
-9.1616180e-04
-5.5393110e-05
-1.0901130e-03
-1.6473360e-03
-2.6214260e-04
1.9949380e-03
3.4497800e-03
3.2850370e-03
2.2160190e-03
1.4036250e-03
9.4602700e-04
1.0603670e-03
2.2823710e-03
4.1127710e-03
4.6621010e-03
2.4229240e-03
-7.1772190e-04
-7.6895800e-04
2.6175520e-03
4.5846750e-03
2.9073930e-03
5.4310120e-04
6.7946740e-04
3.0080410e-03
3.5119630e-03
2.0936200e-03
1.3352790e-03
2.7317920e-03
3.1825650e-03
-1.6061950e-03
-1.0588100e-02
-1.5869060e-02
-1.1658060e-02
-2.1419130e-03
2.6417550e-03
3.3271270e-04
-3.9581550e-03
-4.5548890e-03
-3.4387420e-03
-4.5013000e-03
-6.5252530e-03
-5.4806320e-03
1.0788950e-03
7.9602550e-03
9.2912500e-03
6.9294240e-03
4.1365750e-03
2.3155470e-03
1.4772120e-03
2.6348000e-03
5.6450060e-03
7.8521880e-03
8.2668030e-03
7.4916400e-03
5.6085090e-03
3.5794120e-03
3.3581170e-03
5.6025330e-03
7.4873880e-03
5.5952860e-03
-3.9250370e-05
-5.1438340e-03
-5.7814350e-03
-2.6777510e-03
8.7679890e-04
1.0133400e-03
-2.9405500e-03
-8.9113210e-03
-1.3303440e-02
-1.3857300e-02
-8.1336100e-03
2.5029850e-03
1.1536380e-02
1.3663360e-02
7.1490420e-03
-2.8699670e-03
-9.1509960e-03
-9.2273540e-03
-5.0862140e-03
-2.0296260e-03
-8.3565880e-04
6.7540030e-04
3.3491680e-03
4.6897490e-03
3.7558270e-03
2.1191270e-03
8.4933850e-04
-4.6641340e-04
-1.3718900e-03
4.8754670e-04
5.3611840e-03
9.2874870e-03
1.1781400e-02
1.4177310e-02
1.6428190e-02
1.4967580e-02
7.5558310e-03
-2.8472240e-03
-1.1145730e-02
-1.5380060e-02
-1.7940230e-02
-2.0805420e-02
-2.2518090e-02
-1.8321890e-02
-6.1231690e-03
7.5639790e-03
1.2850780e-02
9.6678250e-03
5.1916680e-03
4.2481010e-03
5.1059230e-03
3.7605760e-03
7.6733670e-04
7.3466120e-04
4.4893760e-03
7.1227470e-03
2.9119320e-03
-8.7955720e-03
-1.9739280e-02
-2.3268710e-02
-1.5145250e-02
-2.1690390e-03
4.5846040e-03
-1.9258820e-03
-1.8805440e-02
-3.4100030e-02
-3.9266020e-02
-3.1739290e-02
-1.1397900e-02
1.6031780e-02
4.5308330e-02
6.7220410e-02
7.3645650e-02
5.7599600e-02
2.4272030e-02
-1.1094090e-02
-3.9466860e-02
-5.5439720e-02
-5.7713030e-02
-4.4596810e-02
-1.7912520e-02
1.0569990e-02
2.7852390e-02
2.5306520e-02
1.0193740e-03
-2.8545890e-02
-4.7048720e-02
-4.8739040e-02
-3.3851680e-02
-9.0454600e-03
1.4516000e-02
2.9841920e-02
3.5118590e-02
2.8803420e-02
1.2184770e-02
-7.4325460e-03
-2.3727900e-02
-3.1711890e-02
-2.7631320e-02
-1.2771060e-02
-8.5677970e-05
5.6329280e-04
-7.2245800e-03
-1.0055920e-02
5.3974700e-03
3.3220300e-02
5.4654700e-02
5.7466920e-02
3.7418600e-02
5.6310240e-03
-1.9268250e-02
-2.8493180e-02
-2.4118830e-02
-1.0799860e-02
9.6994810e-03
3.4373600e-02
5.3759450e-02
5.9041360e-02
4.9760410e-02
3.0091870e-02
1.2158340e-02
-2.1774890e-03
-1.8549780e-02
-4.2326920e-02
-6.4985590e-02
-6.9752000e-02
-4.6072600e-02
-2.0197970e-03
4.0175270e-02
6.7742070e-02
7.4452780e-02
5.3768320e-02
8.3048040e-03
-4.4146230e-02
-8.0376070e-02
-8.8505580e-02
-6.7489430e-02
-2.8718100e-02
9.7740500e-03
3.4685200e-02
4.3856410e-02
3.7465430e-02
1.8103150e-02
-4.5132030e-03
-1.9224070e-02
-1.6614160e-02
6.1348200e-03
3.6687970e-02
5.8688910e-02
6.0696210e-02
4.0852140e-02
1.2952980e-02
-8.7701120e-03
-1.8934900e-02
-1.9585380e-02
-1.6856160e-02
-1.4744480e-02
-1.2924780e-02
-8.7640300e-03
-1.2337330e-03
7.1473370e-03
1.3721690e-02
1.8095140e-02
2.3525670e-02
3.1451140e-02
3.8598630e-02
4.0321820e-02
3.0734850e-02
6.5100020e-03
-2.7703070e-02
-6.4131200e-02
-9.0909380e-02
-1.0155910e-01
-8.9543040e-02
-5.7858140e-02
-2.2429770e-02
-7.5752450e-04
-3.7212760e-03
-2.7194060e-02
-5.0192020e-02
-5.7918080e-02
-4.7831100e-02
-2.3662620e-02
7.5728030e-03
4.1331680e-02
6.9621440e-02
8.4823190e-02
7.7402330e-02
4.9931650e-02
2.3512530e-02
1.0901740e-02
1.2257580e-02
1.4333500e-02
4.9296340e-03
-1.5802450e-02
-3.6376960e-02
-4.4462600e-02
-3.2197910e-02
5.3705880e-04
4.1326670e-02
7.2939620e-02
8.5312440e-02
7.5118180e-02
4.1202650e-02
-2.8711950e-03
-4.1636060e-02
-6.2371480e-02
-5.4834510e-02
-2.2210440e-02
1.9119750e-02
5.0959060e-02
5.8999050e-02
3.5040560e-02
-1.5283930e-02
-6.3765490e-02
-8.9915470e-02
-8.6031800e-02
-5.6940170e-02
-1.7637300e-02
1.9873220e-02
4.5532990e-02
5.6631000e-02
4.8881110e-02
2.4234600e-02
-2.9757070e-03
-2.0141750e-02
-2.1131530e-02
-8.2520090e-03
6.8892100e-03
1.4226410e-02
8.4449770e-03
-1.0376760e-02
-3.3586940e-02
-4.9715040e-02
-5.2171300e-02
-4.1998120e-02
-2.5359350e-02
-7.6957870e-03
8.8257450e-03
2.2161370e-02
3.0714480e-02
3.5010440e-02
3.9174940e-02
4.6383980e-02
5.5118130e-02
6.2232030e-02
6.6336080e-02
6.6756730e-02
6.1066520e-02
4.6628360e-02
2.6783260e-02
1.0687790e-02
2.3124830e-03
-1.9751600e-03
-9.3741240e-03
-2.2090510e-02
-3.5497350e-02
-4.5354540e-02
-4.8851990e-02
-4.6848320e-02
-4.4436230e-02
-4.6806470e-02
-5.2381100e-02
-5.3903850e-02
-4.7789580e-02
-3.7088470e-02
-2.7897700e-02
-2.4239420e-02
-2.8512360e-02
-4.0010960e-02
-5.1537680e-02
-5.6200990e-02
-4.8823730e-02
-2.7079420e-02
5.8043160e-03
4.3248430e-02
7.5036570e-02
9.1504930e-02
9.0238490e-02
7.8560870e-02
6.7861540e-02
6.3009590e-02
5.6951420e-02
3.9716560e-02
1.1131260e-02
-2.0909860e-02
-4.6540890e-02
-6.2236700e-02
-6.9373800e-02
-6.9115500e-02
-6.3410910e-02
-5.6100040e-02
-4.8926740e-02
-3.8131760e-02
-1.8732690e-02
9.3200540e-03
3.7655890e-02
5.6758640e-02
6.1784890e-02
5.6496430e-02
4.9590780e-02
4.7655170e-02
5.2187430e-02
5.7859520e-02
6.2328260e-02
6.5012120e-02
6.2059790e-02
4.9018120e-02
2.4796130e-02
-5.2888730e-03
-2.9893450e-02
-4.3904900e-02
-4.7637270e-02
-4.6962420e-02
-4.8016800e-02
-5.2681430e-02
-5.6688870e-02
-5.4193120e-02
-4.2702140e-02
-2.5941180e-02
-1.1660340e-02
-2.4452510e-03
-1.0410970e-06
-4.3313040e-03
-1.0487280e-02
-1.3334130e-02
-1.3098580e-02
-1.2705450e-02
-1.3029100e-02
-9.4042420e-03
2.2231600e-03
1.7497300e-02
2.7388790e-02
3.0822520e-02
2.8501880e-02
2.1002410e-02
1.3445170e-02
7.2567840e-03
1.1256110e-03
-4.0669180e-03
-4.9184230e-03
2.1336990e-04
9.4658870e-03
1.7401000e-02
1.8628140e-02
1.0220120e-02
-3.5798570e-03
-1.3879890e-02
-1.2392200e-02
-2.6270350e-04
1.3269720e-02
2.2106180e-02
2.3103130e-02
1.7170420e-02
6.5851570e-03
-4.6152970e-03
-1.3805450e-02
-1.9906110e-02
-2.1499310e-02
-1.8262160e-02
-1.0043710e-02
1.5699850e-03
1.3969350e-02
2.2977150e-02
2.6812650e-02
2.5810530e-02
1.9368060e-02
8.5738820e-03
-3.2733780e-03
-1.2578840e-02
-1.6295810e-02
-1.4033240e-02
-8.1004910e-03
-3.3356510e-03
-3.3839030e-03
-9.7546680e-03
-1.9931700e-02
-3.0861190e-02
-3.9507330e-02
-4.2569570e-02
-3.9659520e-02
-3.0946410e-02
-1.7844250e-02
-4.7319820e-03
4.5108200e-03
8.4610160e-03
7.4758160e-03
4.5695840e-03
3.6578060e-03
7.0428040e-03
1.2514860e-02
1.7321920e-02
1.8621290e-02
1.5194740e-02
7.8224620e-03
-4.6058120e-04
-7.3371440e-03
-1.1931090e-02
-1.3195770e-02
-1.1645600e-02
-9.4507360e-03
-6.4780360e-03
-1.0293540e-03
6.2775780e-03
1.2906530e-02
1.5439380e-02
1.3646090e-02
1.0786990e-02
9.5536430e-03
1.0594270e-02
1.4946720e-02
2.2030780e-02
3.0139200e-02
3.6622440e-02
3.8598480e-02
3.3899860e-02
2.2179830e-02
6.5953040e-03
-1.0333910e-02
-2.4295360e-02
-3.3398190e-02
-3.7828220e-02
-3.8098620e-02
-3.5567780e-02
-3.0805500e-02
-2.4849230e-02
-1.9125760e-02
-1.5761220e-02
-1.4383240e-02
-1.4617020e-02
-1.3415350e-02
-7.2062750e-03
4.3195650e-03
1.8066490e-02
2.9565810e-02
3.6598970e-02
3.9698590e-02
4.1906360e-02
4.3266460e-02
4.3498960e-02
4.3272430e-02
4.0705510e-02
3.3577530e-02
2.1218280e-02
7.2388610e-03
-5.2923770e-03
-1.4182810e-02
-1.9664490e-02
-2.3762040e-02
-2.7940430e-02
-3.1954530e-02
-3.3965060e-02
-3.1823400e-02
-2.4699920e-02
-1.5072400e-02
-7.2200420e-03
-3.6411580e-03
-3.9088950e-03
-7.2120120e-03
-1.2291010e-02
-1.7446660e-02
-2.0071850e-02
-1.7972850e-02
-1.2038380e-02
-4.0240800e-03
2.9613640e-03
5.4437920e-03
2.0380190e-03
-5.7300790e-03
-1.4947160e-02
-2.2781990e-02
-2.8313410e-02
-3.1332620e-02
-3.1665010e-02
-2.8346610e-02
-2.0767690e-02
-9.8761630e-03
5.3807350e-04
7.6541150e-03
1.0912990e-02
1.1018590e-02
1.0227670e-02
1.0980260e-02
1.4305750e-02
1.9589310e-02
2.4231000e-02
2.5619390e-02
2.3861510e-02
2.0180930e-02
1.6343530e-02
1.2963870e-02
1.0028590e-02
7.1565780e-03
3.4173360e-03
-6.2227990e-04
-4.2987550e-03
-7.9192420e-03
-1.1716490e-02
-1.4458000e-02
-1.4137900e-02
-8.6103110e-03
2.3936890e-03
1.5030220e-02
2.3547330e-02
2.5097610e-02
1.9624860e-02
1.1140870e-02
4.1774160e-03
3.2405150e-04
9.3516430e-04
6.9576980e-03
1.6468450e-02
2.5316260e-02
2.9893320e-02
2.7427110e-02
1.7844000e-02
5.1842050e-03
-5.9350630e-03
-1.3414700e-02
-1.7159400e-02
-1.8151160e-02
-1.5429830e-02
-9.3269680e-03
-2.5586860e-03
3.4211340e-03
8.0438460e-03
1.1127940e-02
1.2262910e-02
1.0240510e-02
5.2697100e-03
-1.0221150e-03
-6.3863940e-03
-9.0555110e-03
-8.9442490e-03
-7.4443770e-03
-6.3655680e-03
-5.6779060e-03
-4.0696640e-03
-1.7221330e-03
1.0030790e-03
3.1890820e-03
4.1834780e-03
4.5019470e-03
5.2080570e-03
5.8164030e-03
5.4508260e-03
3.4422420e-03
4.0426170e-04
-2.4588700e-03
-4.6349470e-03
-6.8996820e-03
-9.7768230e-03
-1.2755280e-02
-1.4643970e-02
-1.4854550e-02
-1.3026710e-02
-9.6468830e-03
-6.2126330e-03
-4.5025040e-03
-5.6424220e-03
-6.9008670e-03
-6.0459730e-03
-2.6333080e-03
1.9113590e-03
4.9852940e-03
5.3847870e-03
3.0772520e-03
3.1573880e-05
-1.1676960e-03
7.6038810e-04
4.9876630e-03
8.6804480e-03
9.7491330e-03
6.8940450e-03
1.5957230e-03
-3.3193040e-03
-5.5630910e-03
-4.9478670e-03
-2.0550210e-03
9.7333090e-04
1.5679710e-03
-1.1380770e-03
-5.2996310e-03
-8.5869740e-03
-9.3127830e-03
-8.0473770e-03
-5.4026170e-03
-2.5316060e-03
-4.0512610e-05
2.2867160e-03
5.0336550e-03
8.1420560e-03
1.0492660e-02
1.1887450e-02
1.2164380e-02
1.0461860e-02
7.9041400e-03
6.2259880e-03
6.3779730e-03
6.9151990e-03
7.2606510e-03
6.2399120e-03
4.0862050e-03
8.1444900e-04
-3.0942890e-03
-6.8515360e-03
-9.9159990e-03
-1.1682310e-02
-1.2239510e-02
-1.2359900e-02
-1.1351280e-02
-8.6309250e-03
-6.7302170e-03
-6.0398860e-03
-5.6970920e-03
-4.4780200e-03
-2.3300740e-03
-7.8679110e-04
5.2121440e-04
2.3797910e-03
4.9667080e-03
7.5152760e-03
9.7994690e-03
9.9312650e-03
6.6193700e-03
6.9328580e-04
-5.1712090e-03
-8.7374600e-03
-9.2074700e-03
-7.4319260e-03
-4.3280140e-03
-1.3741200e-03
-9.5656760e-05
3.3805900e-06
1.4645610e-04
6.1201810e-04
8.4116040e-04
1.7943320e-03
2.7229600e-03
2.7300520e-03
1.3409190e-03
-1.8665970e-04
-5.0398960e-04
7.4760820e-04
3.0317420e-03
5.2497530e-03
6.1274290e-03
3.8278500e-03
-2.2680930e-04
-2.3561680e-03
-2.4952450e-03
-4.9576410e-04
1.9131570e-03
3.4872870e-03
2.8364280e-03
-1.0452700e-03
-7.1943920e-03
-1.3414940e-02
-1.8632820e-02
-2.2741110e-02
-2.3484290e-02
-1.9860940e-02
-1.3331330e-02
-6.6667170e-03
-1.5752050e-03
1.6789530e-03
3.1511040e-03
3.2687970e-03
2.6793680e-03
2.1332930e-03
1.7332900e-03
2.3570320e-03
4.6351350e-03
6.4692660e-03
6.6385860e-03
5.4239760e-03
4.1117570e-03
3.9011110e-03
3.8278250e-03
3.6058950e-03
3.3986060e-03
2.9353190e-03
2.2654840e-03
1.6110840e-03
1.6258770e-03
2.2821260e-03
3.6011120e-03
5.4795900e-03
7.3592870e-03
8.7174480e-03
8.8824310e-03
7.6794710e-03
5.2293220e-03
2.4837880e-03
5.1479770e-04
-3.5270140e-04
9.0248510e-05
1.6083230e-03
4.0664910e-03
7.4520170e-03
1.0919010e-02
1.4193500e-02
1.7177530e-02
1.9870210e-02
2.1688090e-02
2.2396550e-02
2.2376170e-02
2.2950600e-02
2.3335400e-02
2.2436840e-02
2.0258430e-02
1.6405940e-02
1.0899510e-02
4.2764680e-03
-2.5478180e-03
-8.4717290e-03
-1.3566420e-02
-1.7359010e-02
-1.9699210e-02
-2.0699750e-02
-2.1218780e-02
-2.0684960e-02
-1.9284850e-02
-1.8767440e-02
-1.9668780e-02
-1.9653110e-02
-1.7999180e-02
-1.5732160e-02
-1.3228020e-02
-1.0160470e-02
-7.1461850e-03
-5.7398020e-03
-5.6182510e-03
-6.8671250e-03
-7.8693410e-03
-8.4717930e-03
-9.2756070e-03
-1.0929840e-02
-1.2268400e-02
-1.3470420e-02
-1.5102960e-02
-1.6645590e-02
-1.7675480e-02
-1.7394540e-02
-1.6113620e-02
-1.4523650e-02
-1.1961600e-02
-8.1145700e-03
-3.7316430e-03
8.6291270e-04
5.8075530e-03
1.0332480e-02
1.4179140e-02
1.6870400e-02
1.8501300e-02
1.8995160e-02
1.8335350e-02
1.7256060e-02
1.6843740e-02
1.6022620e-02
1.4966760e-02
1.3936320e-02
1.2761990e-02
1.1976370e-02
1.1152760e-02
1.0472560e-02
9.9798560e-03
9.6631030e-03
8.4479110e-03
6.0169730e-03
3.6160750e-03
2.3753890e-03
2.0564300e-03
9.2226890e-04
-3.5240250e-04
-1.4755270e-03
-1.6821480e-03
-1.2369630e-03
-6.5559940e-04
-5.1634350e-04
-2.0401050e-03
-4.7371980e-03
-6.6875440e-03
-7.3778470e-03
-7.1504710e-03
-6.9826240e-03
-8.1635390e-03
-1.0573260e-02
-1.3057000e-02
-1.4805480e-02
-1.5308590e-02
-1.5006190e-02
-1.4036420e-02
-1.3018840e-02
-1.1856740e-02
-1.0578340e-02
-9.2276640e-03
-8.0979980e-03
-7.2580840e-03
-6.6834770e-03
-6.0768960e-03
-5.0681650e-03
-3.4937150e-03
-1.9011690e-03
-4.6325060e-04
3.7893280e-04
1.1797070e-03
2.6189630e-03
4.2114590e-03
4.5520840e-03
4.0475360e-03
3.8804290e-03
3.9716720e-03
3.9689340e-03
4.2787610e-03
5.4125910e-03
7.2204960e-03
9.3190940e-03
1.1214670e-02
1.2490300e-02
1.2827970e-02
1.3003580e-02
1.4352760e-02
1.6006100e-02
1.7389890e-02
1.8463220e-02
1.9399790e-02
1.9966440e-02
1.9702510e-02
1.8816190e-02
1.7001830e-02
1.4513580e-02
1.2394200e-02
1.0215170e-02
7.3373560e-03
4.5450520e-03
1.7117200e-03
-1.8891900e-03
-5.3748840e-03
-8.6354000e-03
-1.2621330e-02
-1.7323270e-02
-2.1549550e-02
-2.4947020e-02
-2.6915730e-02
-2.7615700e-02
-2.7166350e-02
-2.6112300e-02
-2.4380780e-02
-2.1054970e-02
-1.6177040e-02
-1.0700930e-02
-5.5162690e-03
-1.0312750e-03
2.1009320e-03
3.7322370e-03
4.2332330e-03
3.1236550e-03
1.6285000e-03
1.1784400e-03
2.0835440e-03
4.4399700e-03
7.5601670e-03
1.0243040e-02
1.1451530e-02
1.1727320e-02
1.1085550e-02
1.0664560e-02
1.1764130e-02
1.3331940e-02
1.3969050e-02
1.4626670e-02
1.7555720e-02
2.0270760e-02
2.1825040e-02
2.2779250e-02
2.4202560e-02
2.5241520e-02
2.5286760e-02
2.4125980e-02
2.1917350e-02
1.8497650e-02
1.4269850e-02
1.0416990e-02
7.5349410e-03
5.5478530e-03
4.1705540e-03
3.1673270e-03
2.4283670e-03
1.2054650e-03
-4.8827720e-04
-3.3072980e-03
-6.7106250e-03
-1.0746640e-02
-1.5742100e-02
-2.0905190e-02
-2.5309380e-02
-2.7774750e-02
-2.8811250e-02
-2.8765990e-02
-2.8067900e-02
-2.7131050e-02
-2.6052780e-02
-2.4923840e-02
-2.4308460e-02
-2.4113050e-02
-2.4358810e-02
-2.4569460e-02
-2.3340990e-02
-2.1940450e-02
-2.0216230e-02
-1.7108750e-02
-1.3353430e-02
-8.9744820e-03
-4.0978580e-03
7.9465470e-04
5.4662020e-03
9.5211920e-03
1.2495340e-02
1.3875370e-02
1.3839170e-02
1.3241840e-02
1.2967050e-02
1.3545740e-02
1.4656290e-02
1.5892930e-02
1.6793950e-02
1.7000160e-02
1.5655350e-02
1.2238280e-02
8.2044500e-03
5.1917760e-03
3.6970530e-03
4.0661060e-03
5.2061860e-03
5.8955770e-03
6.0332120e-03
6.2929810e-03
6.5930540e-03
6.1630230e-03
4.7716370e-03
3.8728130e-03
3.7753240e-03
3.8878040e-03
5.1577450e-03
7.8341030e-03
9.5047800e-03
1.0005840e-02
9.2976080e-03
7.9176790e-03
6.2662240e-03
4.1862870e-03
2.4255020e-03
9.3926770e-04
-5.0911410e-04
-2.3666330e-03
-4.8141150e-03
-6.8187810e-03
-8.2192130e-03
-9.9944410e-03
-1.2246890e-02
-1.3175980e-02
-1.3086180e-02
-1.2952320e-02
-1.2952570e-02
-1.2510370e-02
-1.2256530e-02
-1.2254700e-02
-1.1508580e-02
-1.0222810e-02
-9.4669160e-03
-8.2759800e-03
-5.6438080e-03
-2.7151580e-03
-2.9191940e-04
1.0650560e-03
1.5781210e-03
2.2156270e-03
2.7056590e-03
3.3326350e-03
3.8421930e-03
4.5687980e-03
5.3964180e-03
5.9578820e-03
6.5581390e-03
7.3904740e-03
8.1710030e-03
8.2870090e-03
7.6358960e-03
7.1196370e-03
6.5292870e-03
6.7288330e-03
7.1852930e-03
7.5576160e-03
7.6124110e-03
6.8952760e-03
5.1127250e-03
2.8259580e-03
1.1026210e-03
-4.5442000e-04
-1.1434340e-03
-7.1841840e-04
-1.8815690e-04
-9.3809310e-05
-1.0972630e-03
-2.9825540e-03
-5.2005740e-03
-6.5823150e-03
-7.5155950e-03
-8.0073210e-03
-7.8262650e-03
-6.8209320e-03
-5.4207180e-03
-4.8445620e-03
-4.7230210e-03
-4.9454770e-03
-5.5340080e-03
-5.7495280e-03
-5.7050220e-03
-5.7130610e-03
-5.6587210e-03
-5.2000700e-03
-4.4454790e-03
-3.9946660e-03
-3.9421760e-03
-4.2423190e-03
-5.0448860e-03
-5.5813070e-03
-6.0350650e-03
-6.3021010e-03
-6.4152920e-03
-5.1906330e-03
-4.1423570e-03
-3.3877540e-03
-2.4329370e-03
-1.0392280e-03
8.6092450e-05
5.7114420e-04
4.9692380e-04
-3.0453750e-05
-7.0782530e-04
-8.6621430e-04
-7.3281680e-04
-9.7307740e-05
4.3769290e-04
5.6231420e-04
3.4008480e-04
4.0569440e-06
-3.9854870e-04
-8.3205110e-04
-1.7207580e-03
-3.2033470e-03
-5.0500870e-03
-6.8847940e-03
-7.9355700e-03
-8.0896370e-03
-8.2575470e-03
-7.6143190e-03
-6.3436770e-03
-5.6392560e-03
-4.8081460e-03
-3.3443830e-03
-2.3192210e-03
-1.2348410e-03
7.3725590e-05
1.0611840e-03
1.9896160e-03
3.4748830e-03
5.5381770e-03
8.3545760e-03
9.6908530e-03
9.8078740e-03
1.0060660e-02
1.0186210e-02
1.0054290e-02
9.2946060e-03
8.8264310e-03
8.7777930e-03
8.0467950e-03
6.5221690e-03
5.1315330e-03
4.3245960e-03
3.5044360e-03
2.7274600e-03
2.5963560e-03
2.7710010e-03
3.0284080e-03
2.5847150e-03
1.3003720e-03
-1.2723210e-04
-6.1394420e-04
-2.7635750e-04
5.6674590e-04
1.8043410e-03
2.7026770e-03
3.3926100e-03
3.2510630e-03
2.3896590e-03
1.8546120e-03
1.3274660e-03
7.9713110e-04
3.4585140e-04
-3.1423240e-04
-9.7827300e-04
-1.6552250e-03
-2.0686240e-03
-1.9935100e-03
-1.2338810e-03
-2.7247640e-04
-7.9250080e-04
-1.5605590e-03
-1.9802790e-03
-2.1237980e-03
-2.3414720e-03
-2.2367390e-03
-1.9630010e-03
-1.4075820e-03
-3.0811350e-04
8.7943070e-04
1.7063280e-03
2.0949570e-03
2.9369170e-03
4.7539970e-03
6.5401970e-03
7.4754120e-03
8.2206900e-03
8.5285270e-03
8.4137420e-03
8.0874090e-03
7.6365770e-03
7.2256940e-03
6.0182070e-03
4.8040390e-03
4.0478910e-03
2.9636130e-03
1.9371880e-03
1.3062900e-03
8.8308960e-04
9.0591200e-04
7.6766590e-04
-3.6972670e-04
-2.3101540e-03
-4.1914960e-03
-5.7097890e-03
-6.6016010e-03
-6.6010870e-03
-6.2822600e-03
-5.8133020e-03
-5.3233180e-03
-4.2328350e-03
-3.3392640e-03
-2.9522240e-03
-2.8782920e-03
-2.3630620e-03
-1.1987320e-03
-5.1471680e-04
-3.8595560e-04
5.1147490e-04
1.4696880e-03
8.3765600e-04
3.4940620e-04
6.7753140e-04
1.2033690e-03
1.5504210e-03
1.7817750e-03
1.4982740e-03
1.3647970e-03
1.7297860e-03
2.1326620e-03
1.7366210e-03
1.1685460e-05
-1.2564770e-03
-8.5426210e-04
-5.8472280e-04
-3.7280450e-04
2.3533780e-04
5.6423420e-04
5.4953380e-04
8.8599950e-05
-2.5269280e-05
3.4585690e-04
1.7069780e-04
-7.0171170e-05
-2.5707260e-04
-7.3007970e-04
-8.1732070e-04
-6.1694000e-04
-3.5338880e-04
-9.9941630e-06
2.7121230e-04
-1.2454930e-04
-9.1635360e-04
-1.6887900e-03
-2.3831440e-03
-2.6846720e-03
-2.8925240e-03
-3.0497560e-03
-2.8373730e-03
-2.6610100e-03
-2.7155450e-03
-2.9488460e-03
-3.1686030e-03
-3.2986610e-03
-3.3363260e-03
-4.2885480e-03
-5.2422050e-03
-5.8857950e-03
-5.6873880e-03
-5.0390430e-03
-4.8828460e-03
-5.2475330e-03
-4.9790080e-03
-4.2086100e-03
-3.4509940e-03
-2.7000310e-03
-1.9284030e-03
-1.1753180e-03
-3.7782130e-04
-4.7472770e-05
-1.0145570e-04
-3.9572000e-04
-6.3820560e-04
3.6208720e-04
1.5057590e-03
1.9793550e-03
2.2465140e-03
2.9887990e-03
3.7138520e-03
4.2820200e-03
4.5261780e-03
4.8357120e-03
5.0276910e-03
4.7521950e-03
4.0311460e-03
3.0588320e-03
2.3558730e-03
1.8101860e-03
1.8000100e-03
2.2094440e-03
2.1470430e-03
2.3309250e-03
2.5687970e-03
2.5301090e-03
2.3584250e-03
2.5729910e-03
2.7534330e-03
2.4171070e-03
1.8155910e-03
5.9320610e-04
3.1834810e-04
5.5012320e-04
9.8719540e-04
1.0898020e-03
8.5906240e-04
3.2757260e-04
-2.7610130e-04
-1.1460960e-03
-1.4130670e-03
-9.2412680e-04
-7.9887310e-04
-1.1203770e-03
-1.0402440e-03
-9.4964580e-04
-7.8723420e-04
-6.4459000e-04
-9.0234600e-04
-1.3504540e-03
-1.6252420e-03
-1.8541400e-03
-1.9825780e-03
-2.2247000e-03
-2.1289950e-03
-1.1424030e-03
-4.8634560e-04
-1.5178880e-04
1.5288310e-04
6.4720710e-04
8.0180930e-04
9.2348430e-04
1.2185110e-03
1.4138020e-03
1.8257390e-03
2.1296220e-03
2.2999850e-03
2.5700220e-03
2.4598920e-03
2.1221410e-03
1.9447200e-03
1.5870080e-03
6.5290120e-04
7.7849220e-05
-5.2234580e-04
-1.0071830e-03
-1.3403420e-03
-2.4100710e-03
-3.1407410e-03
-3.2055670e-03
-2.5774790e-03
-1.4698360e-03
-7.9349820e-04
-9.4802680e-04
-1.0064840e-03
-7.6963680e-04
-5.5315830e-04
-4.1464710e-04
3.5102930e-04
1.3504480e-03
3.0849960e-03
5.1011990e-03
5.4652120e-03
4.7886380e-03
4.1414320e-03
3.3915490e-03
2.9069880e-03
2.8689490e-03
3.0619360e-03
3.1849760e-03
3.1360110e-03
3.1061470e-03
3.0554200e-03
2.0159110e-03
1.2342530e-03
1.5541640e-03
1.7381100e-03
8.0040210e-04
1.0616180e-04
-6.7120650e-04
-1.5185920e-03
-1.9903070e-03
-2.0053090e-03
-1.7239240e-03
-9.8625630e-04
-2.6299060e-04
2.7250840e-04
3.7134620e-04
-2.8584390e-04
-1.4714160e-03
-2.2017190e-03
-2.5041960e-03
-2.8504660e-03
-3.1498180e-03
-3.2979660e-03
-3.1020980e-03
-3.1927340e-03
-3.8745530e-03
-4.4699350e-03
-4.9604670e-03
-5.3703240e-03
-5.3574280e-03
-4.3925980e-03
-3.2062760e-03
-1.7431740e-03
-5.3922630e-04
-1.1810700e-04
-1.2793380e-04
-3.3360990e-04
-4.9819050e-04
-5.6487840e-04
-5.4863320e-04
-1.5307370e-03
-2.1439590e-03
-1.0782000e-03
6.5106870e-04
1.8598250e-03
2.5548920e-03
2.6845650e-03
2.1971930e-03
1.7057040e-03
1.4238760e-03
1.4659980e-03
1.4177500e-03
1.7953840e-03
2.8187730e-03
3.0754480e-03
2.4825220e-03
9.4523410e-04
-8.9606230e-04
-2.6962520e-03
-3.6221860e-03
-4.2074550e-03
-4.7785500e-03
-4.6787080e-03
-4.5483820e-03
-4.9282010e-03
-5.4695720e-03
-5.4083420e-03
-5.0602620e-03
-5.2198810e-03
-4.9643670e-03
-4.4052550e-03
-3.8675230e-03
-3.7805120e-03
-4.0335590e-03
-4.4929270e-03
-4.3404400e-03
-3.9477380e-03
-3.5775490e-03
-3.2275190e-03
-2.4411550e-03
-1.7431090e-03
-1.3870370e-03
-6.0711380e-04
2.4371790e-04
1.4359440e-03
3.0051240e-03
4.5769110e-03
5.9385510e-03
6.7780410e-03
7.7107970e-03
7.5569140e-03
7.4408090e-03
7.7266720e-03
8.2539540e-03
8.7769070e-03
9.0456650e-03
8.2893820e-03
7.2815390e-03
6.4769120e-03
5.6445460e-03
4.0816520e-03
2.1148840e-03
7.5193560e-05
-6.6615280e-04
-7.3102750e-04
-7.1955140e-04
-4.8838730e-04
-5.4846910e-04
-8.3099720e-04
-1.1758030e-03
-1.1510220e-03
-1.4868320e-03
-1.4419600e-03
-1.1543960e-03
-6.2245040e-04
-3.2405300e-04
2.7805100e-04
8.6508790e-04
1.2637890e-03
1.4951160e-03
1.8327600e-03
2.2347290e-03
2.2829420e-03
1.6539590e-03
7.0585240e-04
4.8677260e-04
8.7854540e-04
1.0491470e-03
6.0251920e-04
7.5804340e-05
3.4557490e-04
5.0595590e-04
3.1849550e-04
-1.1489720e-04
-4.0046110e-04
-7.8836920e-04
-1.2290750e-03
-1.7892000e-03
-1.2316060e-03
-4.5415080e-06
3.2718390e-04
4.8373910e-04
5.9650310e-04
1.6909260e-05
-1.0271530e-03
-1.9115330e-03
-2.8319380e-03
-2.6370770e-03
-1.3632250e-03
9.6285100e-05
1.1001520e-03
1.1797580e-03
1.0937830e-03
9.1111030e-04
3.3420790e-04
-5.7223350e-04
-9.4839600e-04
-7.9859380e-04
-7.7215840e-04
-3.5129120e-04
-4.1023690e-04
-9.3551970e-04
-1.1329830e-03
-6.5787720e-04
-1.6345310e-04
2.5071660e-04
3.4286740e-04
6.7387270e-04
8.9950160e-04
-3.6045560e-04
-1.3126240e-03
-1.7149140e-03
-1.6822960e-03
-1.1826210e-03
-9.8428160e-04
-1.2050130e-03
-1.6578740e-03
-2.5429660e-03
-2.9680000e-03
-3.0907830e-03
-2.8934680e-03
-2.4209410e-03
-2.3360870e-03
-2.2290410e-03
-2.0001890e-03
-1.6492130e-03
-1.4394070e-03
-1.1281630e-03
2.7738720e-04
1.4865720e-03
1.3274630e-03
7.0120240e-04
1.6423690e-04
1.2408030e-04
-9.7126850e-05
-1.2880850e-03
-2.2180000e-03
-3.2813450e-03
-4.1756540e-03
-4.0767560e-03
-3.5414620e-03
-3.1711040e-03
-3.1667510e-03
-2.7464450e-03
-3.0799080e-03
-3.6211950e-03
-3.7732500e-03
-3.4243050e-03
-2.6073390e-03
-1.5923610e-03
-4.2294190e-04
3.5518790e-04
6.6153920e-04
1.9817370e-04
-2.6740090e-04
-8.0370790e-04
-1.4486850e-03
-1.3822430e-03
-1.0164570e-03
-3.1745740e-04
7.6751720e-04
2.2245940e-03
3.4324060e-03
4.0604840e-03
4.5721120e-03
4.8548170e-03
4.7202720e-03
4.5780610e-03
4.3890120e-03
4.2542470e-03
4.6517700e-03
5.3144560e-03
6.0789120e-03
6.6474800e-03
6.8212090e-03
6.8156960e-03
6.5239510e-03
6.1021100e-03
6.3628820e-03
7.1042600e-03
7.0333470e-03
6.3057670e-03
5.5739510e-03
5.4302320e-03
5.2800610e-03
5.2980900e-03
5.3971740e-03
4.6729750e-03
3.1801210e-03
1.6006000e-03
3.2833390e-04
-1.3138420e-03
-2.6159290e-03
-2.5851870e-03
-2.9838180e-03
-3.5657060e-03
-4.2030520e-03
-4.7589010e-03
-4.7422580e-03
-4.3394600e-03
-4.2160740e-03
-4.5898620e-03
-4.7930470e-03
-4.6211540e-03
-4.5081770e-03
-4.3044640e-03
-3.8810600e-03
-3.2500640e-03
-2.1850820e-03
-1.3592760e-03
-2.6155260e-04
4.7676740e-04
7.4647340e-04
9.6297140e-04
9.0264440e-04
1.3049920e-04
-5.3663320e-04
-1.2985120e-03
-2.4890270e-03
-3.4247920e-03
-3.8039100e-03
-3.6015340e-03
-2.8147480e-03
-2.3580520e-03
-2.0153100e-03
-2.2577500e-03
-2.6901750e-03
-3.0679440e-03
-2.7507840e-03
-2.2360530e-03
-2.4576530e-03
-2.8670030e-03
-3.5074760e-03
-3.8242690e-03
-3.7255140e-03
-3.2617690e-03
-2.6607320e-03
-2.0353360e-03
-1.6568750e-03
-1.7360580e-03
-2.2526990e-03
-2.8825020e-03
-2.7923670e-03
-2.2173100e-03
-1.6964890e-03
-1.1205370e-03
-2.0254440e-04
1.3012650e-03
2.7346740e-03
3.8279690e-03
4.7270770e-03
5.4357730e-03
5.7735540e-03
6.0922870e-03
6.8156400e-03
7.7340580e-03
8.2407690e-03
8.7759240e-03
9.2477860e-03
9.4349290e-03
8.7743380e-03
7.5146030e-03
6.2766050e-03
5.4152740e-03
4.7048540e-03
4.5434160e-03
4.5209770e-03
4.2761490e-03
4.1418200e-03
3.7493970e-03
3.7244490e-03
3.3522940e-03
2.8851820e-03
2.0946660e-03
1.2509710e-03
6.2840140e-04
-1.3099040e-04
-6.8840190e-04
-9.4837810e-04
-1.0311000e-03
-1.6809580e-03
-2.6471910e-03
-3.3197430e-03
-3.6550060e-03
-4.0858880e-03
-4.7062170e-03
-5.3549670e-03
-6.1944400e-03
-6.7234450e-03
-6.2214950e-03
-5.4943050e-03
-5.8092150e-03
-5.6995470e-03
-4.3529570e-03
-2.8989120e-03
-2.3350850e-03
-1.9118220e-03
-1.1188380e-03
-3.8837680e-04
-2.6544630e-04
-5.1633740e-04
-1.0624770e-03
-2.0512750e-03
-3.3522280e-03
-4.9096870e-03
-5.4297770e-03
-4.8561600e-03
-3.6063270e-03
-2.5107410e-03
-1.7072000e-03
-1.4141730e-03
-1.5302270e-03
-1.6651230e-03
-2.0865280e-03
-3.0933200e-03
-3.7826360e-03
-4.2386680e-03
-3.8589170e-03
-2.3110130e-03
-7.5402740e-04
4.9065200e-04
1.2754490e-03
1.6766870e-03
1.8092150e-03
1.5754000e-03
1.3583640e-03
1.7768760e-03
2.6883270e-03
4.6497060e-03
6.8249430e-03
7.8813500e-03
7.7861790e-03
7.1223250e-03
5.8125970e-03
4.4213450e-03
2.9533630e-03
1.4211450e-03
1.7238160e-04
-3.6367110e-04
-6.6261050e-04
-6.5382400e-04
-1.5808380e-03
-2.9929700e-03
-3.5450890e-03
-3.9568790e-03
-3.9703230e-03
-3.6547500e-03
-3.3740160e-03
-2.7762730e-03
-2.2928610e-03
-1.6866010e-03
-7.7310170e-04
1.6035390e-04
5.3844290e-04
4.5366490e-04
1.4551940e-04
-1.6495580e-04
-6.8677680e-04
-7.4796750e-04
-8.4697730e-04
-7.1962820e-04
-5.8085290e-04
-7.1316940e-05
4.2033750e-04
1.2251720e-03
2.5473480e-03
3.7917620e-03
4.8074040e-03
5.7013030e-03
6.1701580e-03
6.4224250e-03
6.3972040e-03
5.8783020e-03
4.8519550e-03
3.5008750e-03
2.1546460e-03
9.3889540e-04
-2.3947020e-04
-9.2018080e-04
-8.3737200e-04
-9.9620430e-04
-1.0581040e-03
-1.3426340e-03
-1.9628660e-03
-2.5229360e-03
-3.1789870e-03
-4.0764220e-03
-4.9500880e-03
-5.4608260e-03
-4.6617540e-03
-4.0607600e-03
-4.3708030e-03
-4.3893970e-03
-3.3724360e-03
-2.2762160e-03
-1.0965870e-03
-5.6837380e-04
-6.3993180e-04
-8.7768810e-04
-1.2261800e-03
-1.2162500e-03
-8.9891150e-04
-3.6386360e-04
4.9109510e-04
1.1436310e-03
1.4167550e-03
1.7611400e-03
1.7166500e-03
9.8836920e-04
6.4858550e-04
7.6436170e-04
1.3762460e-03
2.3282570e-03
3.2510650e-03
3.7152600e-03
3.2683440e-03
2.7211910e-03
1.7745430e-03
5.3429210e-04
-1.9160540e-04
3.2286000e-04
1.4033800e-03
1.2552180e-03
7.0732530e-04
1.0627630e-04
-8.8498480e-04
-1.9687840e-03
-2.6326040e-03
-2.4196290e-03
-1.6181830e-03
-1.5895960e-03
-2.1413060e-03
-2.1170330e-03
-1.6766880e-03
-1.6725510e-03
-2.1121770e-03
-2.5611280e-03
-2.6138420e-03
-2.1265800e-03
-1.6789440e-03
-1.5802320e-03
-1.6310820e-03
-1.3841030e-03
-7.1859780e-04
-1.8991990e-04
-3.2039780e-04
-8.3867240e-04
-1.2173690e-03
-1.2765820e-03
-8.4858520e-04
-6.6156800e-04
-4.9448860e-04
-6.9983120e-05
6.0188210e-05
2.8308360e-04
4.7064720e-04
8.1660440e-04
1.1808960e-03
1.5805390e-03
2.2310070e-03
2.4050720e-03
1.9810860e-03
1.3227970e-03
1.0193230e-03
8.9061110e-04
8.3856720e-04
8.0875540e-04
7.5578340e-04
5.6772330e-04
2.6518080e-04
2.3588610e-05
6.5854640e-05
-1.3593520e-05
-4.9711790e-05
-7.1760230e-05
-8.1152680e-05
-3.4264980e-05
7.5412740e-05
1.9396220e-04
3.0794160e-04
2.7777970e-04
2.1806250e-04
4.4866640e-04
7.3080410e-04
6.8115670e-04
6.6111800e-04
6.8957310e-04
7.1408280e-04
6.3574420e-04
4.8897140e-04
3.4364580e-04
1.7731160e-04
6.2254980e-05
4.2290250e-05
7.9237700e-05
8.0621720e-05
4.8708440e-05
-2.9218720e-05
-2.6556730e-05
1.0326670e-05
6.2689660e-05
1.2752020e-04
1.7208730e-04
2.1798050e-04
2.7218520e-04
3.2306130e-04
3.5737540e-04
3.6466390e-04
3.5976230e-04
3.3420340e-04
