0.01
-8.5995700e-03
-1.3257810e-02
-1.2631080e-02
-7.8773820e-03
-2.0982350e-03
1.7974120e-03
3.1780760e-03
4.9036790e-03
6.6417470e-03
7.3999600e-03
7.7198090e-03
7.7805630e-03
7.3266640e-03
6.7907890e-03
4.8192830e-03
1.3296430e-03
-6.8244650e-04
9.1098880e-05
1.0411750e-03
5.5606240e-04
2.8915640e-05
1.2019580e-03
2.7435460e-03
3.6978140e-03
4.5422370e-03
4.7345540e-03
3.8123950e-03
1.0974220e-03
-2.7292030e-03
-3.9639090e-03
3.0489800e-03
1.8142500e-02
3.7910680e-02
6.0043170e-02
7.9475110e-02
8.8362590e-02
7.9162960e-02
4.9867020e-02
5.7693580e-03
-3.5709250e-02
-5.8477260e-02
-6.0498420e-02
-5.0550090e-02
-3.8649370e-02
-3.3235100e-02
-3.6880060e-02
-4.2933230e-02
-4.6686480e-02
-4.7200250e-02
-3.9415730e-02
-1.9922030e-02
3.3078940e-03
1.8388820e-02
2.4271630e-02
2.8969020e-02
3.7773120e-02
5.0923430e-02
6.3531990e-02
7.0339770e-02
6.4190310e-02
4.1739120e-02
7.4542520e-03
-2.6821110e-02
-4.5261190e-02
-4.1487590e-02
-2.8526790e-02
-2.6115930e-02
-4.0021390e-02
-5.7402910e-02
-6.2194490e-02
-4.4181610e-02
-4.6126950e-03
3.7933660e-02
6.0686820e-02
5.2426090e-02
1.7135750e-02
-2.8211690e-02
-6.5518410e-02
-8.2588840e-02
-7.9683650e-02
-6.3641460e-02
-3.9326740e-02
-1.1221350e-02
1.3841130e-02
2.9633680e-02
3.6466340e-02
3.4925390e-02
2.4436440e-02
1.0811050e-02
2.9375540e-03
2.2924170e-03
7.7725040e-03
1.7823970e-02
2.8672430e-02
3.4211750e-02
3.3156290e-02
2.9132970e-02
2.4032790e-02
1.8644840e-02
1.2190260e-02
2.9245570e-03
-1.3689220e-02
-3.8280180e-02
-6.3640270e-02
-8.1268520e-02
-8.6611040e-02
-8.3088610e-02
-7.6759360e-02
-6.7866630e-02
-5.4789040e-02
-3.7890090e-02
-2.1029120e-02
-8.0833930e-03
-2.9873190e-03
-6.8487460e-03
-1.1895930e-02
-8.8031760e-03
9.2715230e-03
3.7946050e-02
6.5617160e-02
8.5566190e-02
9.5827390e-02
9.2647150e-02
7.6649160e-02
5.5933040e-02
3.6480910e-02
1.8919750e-02
3.2782900e-03
-7.2181130e-03
-1.2571610e-02
-1.5522260e-02
-1.6573890e-02
-1.6542040e-02
-2.0033810e-02
-3.3585300e-02
-5.5571180e-02
-7.3637460e-02
-7.8343450e-02
-6.6747830e-02
-3.9495170e-02
-6.2230470e-04
3.8482100e-02
6.2717050e-02
6.8630280e-02
5.9323280e-02
4.5852490e-02
4.1300960e-02
5.0388790e-02
6.3736250e-02
7.0320840e-02
6.8728380e-02
6.7031290e-02
6.8929080e-02
7.0567380e-02
6.7681830e-02
5.7337980e-02
3.5761000e-02
2.6764040e-03
-3.4454860e-02
-6.7007480e-02
-9.1828060e-02
-1.0801510e-01
-1.1281270e-01
-1.0447240e-01
-8.6495210e-02
-6.0043590e-02
-2.6895060e-02
7.8753060e-03
3.6700740e-02
5.3366130e-02
5.8975780e-02
5.5019550e-02
3.9254260e-02
1.2188900e-02
-1.5955750e-02
-3.2409500e-02
-2.9699480e-02
-1.1103610e-02
1.4446410e-02
3.3744710e-02
3.6846430e-02
2.2504400e-02
-3.4004850e-04
-1.9818970e-02
-2.8755440e-02
-2.4829850e-02
-1.4969440e-02
-1.0207820e-02
-1.6956980e-02
-3.2614860e-02
-4.8896810e-02
-5.8564950e-02
-5.8186140e-02
-4.8993940e-02
-3.6969280e-02
-2.6510300e-02
-1.9060130e-02
-1.3954360e-02
-1.0251130e-02
-9.2025860e-03
-9.6266360e-03
-7.3840570e-03
-4.6285140e-04
1.0866540e-02
2.8820240e-02
5.3560460e-02
7.4695770e-02
8.0505200e-02
7.0091380e-02
4.8418500e-02
2.0823280e-02
-5.5297320e-03
-2.1156480e-02
-2.1522900e-02
-1.2278530e-02
-9.5541460e-04
6.9963740e-03
8.2463060e-03
6.7777070e-04
-1.4594220e-02
-3.1298230e-02
-4.2128950e-02
-4.4086520e-02
-3.9567130e-02
-3.4421700e-02
-3.1562360e-02
-2.8867390e-02
-2.1461890e-02
-1.0541180e-02
1.4409950e-04
9.3022740e-03
1.5132120e-02
1.6220430e-02
1.3347530e-02
1.0806760e-02
1.2375960e-02
1.9273920e-02
2.8601940e-02
3.6307520e-02
3.7706790e-02
2.9027580e-02
1.2349250e-02
-4.8046670e-03
-1.6989330e-02
-2.2541590e-02
-1.9502990e-02
-9.1026560e-03
1.7649990e-03
6.8949930e-03
6.2034830e-03
2.7499610e-03
1.2782040e-03
3.5991490e-03
9.8865770e-03
1.8266740e-02
2.5822890e-02
2.8157030e-02
2.0238990e-02
2.0650460e-03
-1.7599630e-02
-2.9587600e-02
-3.2045370e-02
-2.5870490e-02
-1.2992350e-02
-3.0625070e-04
5.8858030e-03
1.4134820e-03
-8.7900530e-03
-1.8767220e-02
-2.4291550e-02
-2.5467370e-02
-2.4574340e-02
-2.2904510e-02
-2.1523750e-02
-1.7433250e-02
-7.0191660e-03
1.0244330e-02
2.6789110e-02
3.5982510e-02
3.7133560e-02
3.3804610e-02
2.8928570e-02
2.3418990e-02
1.8251130e-02
1.6201210e-02
1.9798550e-02
2.9386640e-02
4.5040060e-02
6.0386300e-02
6.6292400e-02
5.6031280e-02
3.1003200e-02
2.7604560e-03
-1.6523440e-02
-2.3471900e-02
-2.2544810e-02
-1.8385160e-02
-1.4166560e-02
-1.1612070e-02
-1.3050950e-02
-1.9871790e-02
-2.6383660e-02
-2.6694810e-02
-1.7843850e-02
-4.9129260e-03
4.7991010e-03
7.3991890e-03
4.6509230e-03
-1.7876670e-03
-7.4295310e-03
-7.3854370e-03
-1.9762100e-03
3.9090740e-03
5.6420830e-03
5.7826940e-03
7.0989660e-03
7.8195490e-03
8.0580210e-03
8.1701190e-03
6.5390190e-03
-7.8279350e-04
-1.6723790e-02
-3.9701180e-02
-6.2827540e-02
-7.6633890e-02
-7.3977500e-02
-5.4199220e-02
-2.8191230e-02
-1.0851920e-02
-5.8819240e-03
-7.0610200e-03
-9.2155980e-03
-9.4828630e-03
-3.3142610e-03
1.1047740e-02
3.0442690e-02
4.9177850e-02
6.2583780e-02
6.9670420e-02
7.2888670e-02
7.2022710e-02
6.6200040e-02
5.4503610e-02
3.8606400e-02
2.4205810e-02
1.4996270e-02
7.6558320e-03
-4.3065010e-03
-2.3205110e-02
-4.3888790e-02
-5.7727570e-02
-6.3930690e-02
-6.3367840e-02
-5.7623810e-02
-4.7862220e-02
-3.7158620e-02
-2.8740000e-02
-2.0151620e-02
-7.6482350e-03
6.8375970e-03
1.7887130e-02
2.2631640e-02
2.3214940e-02
2.3848440e-02
2.7027390e-02
3.3121620e-02
3.7883180e-02
3.9580210e-02
3.7870470e-02
3.3458860e-02
2.7044380e-02
1.8370450e-02
6.4439450e-03
-1.1134470e-02
-3.2954950e-02
-5.2559400e-02
-6.2230410e-02
-5.8558350e-02
-4.2919050e-02
-1.8568900e-02
6.3554820e-03
2.2575660e-02
2.8744390e-02
3.1376650e-02
3.5672760e-02
4.1353840e-02
4.3969750e-02
4.0936800e-02
3.2433790e-02
2.1481550e-02
1.1392620e-02
2.6773280e-03
-3.7937220e-03
-7.4403070e-03
-7.1579720e-03
-4.0951650e-03
1.0637120e-03
6.1574390e-03
6.7630470e-03
5.9666620e-04
-1.3448310e-02
-3.1615930e-02
-4.6372380e-02
-5.2267940e-02
-4.9054660e-02
-4.2442980e-02
-3.7299050e-02
-3.4579300e-02
-3.1205000e-02
-2.3745930e-02
-1.0505920e-02
9.5697320e-03
3.0772100e-02
4.5007910e-02
4.7627360e-02
3.9230370e-02
2.5928360e-02
1.4133170e-02
7.1230040e-03
3.9226470e-03
2.3429690e-03
7.9658400e-04
-9.9272280e-05
-1.8709680e-03
-4.5656060e-03
-7.3181000e-03
-9.1288240e-03
-9.6322640e-03
-9.5480340e-03
-9.7999900e-03
-1.0887640e-02
-1.1266950e-02
-1.1456810e-02
-1.0988720e-02
-9.5885400e-03
-8.8997110e-03
-8.9623240e-03
-1.0028670e-02
-1.2018980e-02
-1.3759390e-02
-1.5068360e-02
-1.5446540e-02
-1.2524520e-02
-5.9076580e-03
2.9050910e-03
9.3546200e-03
1.3265660e-02
1.5304360e-02
1.6010910e-02
1.6472810e-02
1.6835140e-02
1.8077070e-02
2.1026990e-02
2.3369420e-02
2.1425050e-02
1.3155550e-02
1.0049450e-03
-8.4130300e-03
-1.0737570e-02
-5.2762250e-03
5.3885060e-03
1.4191370e-02
1.7082270e-02
1.3766160e-02
8.1892400e-03
4.5100970e-03
4.7327560e-03
7.6760040e-03
1.0745680e-02
1.0721270e-02
8.4671320e-03
5.0135400e-03
2.3070420e-03
2.4300500e-03
4.8899650e-03
7.2532690e-03
7.3750890e-03
4.8716960e-03
1.4629220e-04
-4.5198000e-03
-7.6604450e-03
-1.0916580e-02
-1.4261980e-02
-1.7432000e-02
-1.9244190e-02
-1.9374520e-02
-1.7886450e-02
-1.5827250e-02
-1.2741820e-02
-8.2087680e-03
-2.5522790e-03
3.0014850e-03
5.8465730e-03
5.0278630e-03
1.1410680e-03
-3.2539790e-03
-5.6019610e-03
-6.1541260e-03
-5.6241350e-03
-3.4404640e-03
-9.0923450e-04
1.7375270e-03
3.8628570e-03
4.4838970e-03
4.9409990e-03
6.2415690e-03
7.3646720e-03
7.7582830e-03
6.8104520e-03
3.2830040e-03
-1.6919470e-03
-6.1475580e-03
-8.3575530e-03
-8.7636960e-03
-8.3984330e-03
-6.9308050e-03
-4.0742980e-03
-4.5509120e-04
2.7406820e-03
4.4127300e-03
4.5443260e-03
3.6642710e-03
2.0604220e-03
-6.3164830e-04
-5.0536250e-03
-1.0309680e-02
-1.3620200e-02
-1.4076760e-02
-1.2786070e-02
-1.1130480e-02
-9.9083720e-03
-9.9861580e-03
-1.1081220e-02
-1.1872960e-02
-1.3419170e-02
-1.4267260e-02
-1.2930530e-02
-9.5190690e-03
-4.9958300e-03
-1.8332260e-03
-1.6785720e-03
-3.6851130e-03
-5.4202350e-03
-3.9922060e-03
1.3038640e-03
7.8054280e-03
1.3025740e-02
1.6062690e-02
1.7378340e-02
1.7692920e-02
1.6533100e-02
1.5358560e-02
1.5455300e-02
1.6797290e-02
1.8077640e-02
1.7858260e-02
1.5765850e-02
1.2706280e-02
9.1217070e-03
4.2424220e-03
-1.6074830e-03
-7.8628440e-03
-1.3402270e-02
-1.5555610e-02
-1.4632650e-02
-1.2256020e-02
-8.6674090e-03
-5.2436870e-03
-3.7932110e-03
-3.4868790e-03
-2.6158450e-03
-9.1791200e-04
1.3201200e-03
3.1391990e-03
4.1789450e-03
4.1127970e-03
4.5800350e-03
4.7500470e-03
3.8974590e-03
1.6936190e-03
-2.8825890e-04
-1.1648880e-03
-1.0621620e-03
-7.1227240e-04
8.3641600e-04
3.0014150e-03
5.7827560e-03
8.3906280e-03
9.6847930e-03
9.5070120e-03
8.1599220e-03
7.2616480e-03
7.1324340e-03
6.2895520e-03
4.3630820e-03
1.8402460e-03
-7.2386040e-04
-2.6884290e-03
-3.5625740e-03
-3.6269460e-03
-3.6532940e-03
-3.8027550e-03
-3.8938050e-03
-2.9631620e-03
-4.6054590e-04
2.0508870e-03
4.3033530e-03
6.2817740e-03
7.2635390e-03
7.7487410e-03
6.7077490e-03
4.2225610e-03
2.3755310e-03
2.0249950e-03
2.2691400e-03
2.2803620e-03
1.6256830e-03
-2.0545150e-03
-8.4004780e-03
-1.3907200e-02
-1.7089950e-02
-1.8345030e-02
-1.7672850e-02
-1.6076800e-02
-1.3287300e-02
-9.2617130e-03
-5.4440520e-03
-3.7633890e-03
-4.7940540e-03
-8.3724490e-03
-1.1147330e-02
-1.1824730e-02
-1.0876160e-02
-8.9055330e-03
-6.2066000e-03
-3.0157670e-03
-2.9050130e-04
1.2886510e-03
1.6092660e-03
1.1000950e-03
-3.8501440e-04
-1.2819050e-03
-1.1582250e-03
7.1446290e-04
3.2904660e-03
4.8848240e-03
6.3164410e-03
7.5189070e-03
8.3570040e-03
9.2625070e-03
9.5235100e-03
8.3378020e-03
7.2701680e-03
6.4374880e-03
5.3678860e-03
5.4359230e-03
4.3536500e-03
2.6986350e-03
1.6449070e-03
1.6167470e-03
2.9756730e-03
5.0941540e-03
6.6117340e-03
6.9400410e-03
7.0181610e-03
7.1369760e-03
7.0556260e-03
6.1132140e-03
4.5528950e-03
2.5366610e-03
1.9652410e-04
-7.6938320e-04
-7.5973610e-04
-1.2836640e-03
-3.3156020e-03
-5.3959200e-03
-5.9829500e-03
-4.4922380e-03
-2.5594910e-03
-4.3048130e-04
1.7808000e-03
3.6589200e-03
4.8003700e-03
4.8363890e-03
3.1485390e-03
1.6422620e-03
1.8780670e-04
-8.1290600e-04
-9.4854000e-04
-1.5123340e-03
-3.0156230e-03
-4.5424060e-03
-6.1334070e-03
-6.5247190e-03
-6.5791160e-03
-5.9834310e-03
-4.7027130e-03
-3.7320450e-03
-1.7515840e-03
9.2241550e-04
3.7551340e-03
6.0920320e-03
7.0301410e-03
7.0059870e-03
5.9479640e-03
4.7678580e-03
4.4671860e-03
3.5887540e-03
2.1770870e-03
8.4300750e-04
-4.0327250e-04
4.5679290e-04
3.3219250e-03
5.6817110e-03
6.0616420e-03
5.8510030e-03
4.6213360e-03
4.0237970e-03
3.9375180e-03
3.9860210e-03
3.1195130e-03
2.0752970e-03
1.7457760e-03
1.7818980e-03
1.5961950e-03
6.4269010e-04
-3.8515680e-04
-8.9510470e-04
-1.4130520e-03
-2.7880760e-03
-4.9875630e-03
-7.3656130e-03
-8.9142630e-03
-8.3097680e-03
-6.4703840e-03
-3.9482180e-03
-1.9218940e-03
-7.1621450e-04
1.7939990e-04
-9.8885580e-05
4.5177890e-04
7.9566010e-04
1.4411770e-03
8.6572330e-04
-3.4283130e-04
-9.7546170e-04
-1.1050770e-03
-1.0640510e-03
-9.5695280e-04
-1.0453790e-03
-1.8976110e-03
-3.1519950e-03
-3.8413010e-03
-3.8341350e-03
-2.8737600e-03
-1.1448620e-03
8.4168620e-04
2.8682790e-03
4.0756270e-03
4.2026070e-03
4.3274040e-03
4.9736410e-03
5.8138030e-03
6.6205280e-03
7.5194970e-03
9.0927320e-03
9.8584900e-03
1.0474700e-02
1.0357710e-02
9.2265990e-03
7.2494420e-03
4.9632110e-03
3.0034400e-03
1.6365880e-03
5.7965240e-04
-7.1924480e-04
-6.1369660e-04
5.6160930e-04
6.5866010e-04
-4.9194860e-04
-1.1747700e-03
-2.4105590e-03
-3.9042950e-03
-5.4533950e-03
-6.6308760e-03
-8.2344200e-03
-9.7878580e-03
-1.1311780e-02
-1.1804150e-02
-1.1931900e-02
-1.2055960e-02
-1.1918390e-02
-1.0962090e-02
-9.7527790e-03
-9.0345020e-03
-6.8551930e-03
-3.4078270e-03
4.5399270e-04
4.1767140e-03
7.7386190e-03
1.0347840e-02
1.2149630e-02
1.3031940e-02
1.2792750e-02
1.2085280e-02
1.1490700e-02
1.0518070e-02
9.7955960e-03
8.6191480e-03
6.5271540e-03
3.4849330e-03
5.4359720e-04
-1.0115550e-04
7.5621980e-04
6.9847880e-05
-8.0988650e-04
-2.2890910e-04
1.2341630e-03
1.6684350e-03
2.4966250e-03
3.4204800e-03
3.4401160e-03
1.1506590e-03
-2.6576410e-03
-6.8175250e-03
-9.8563050e-03
-1.0195480e-02
-9.3730290e-03
-9.1958520e-03
-8.7659550e-03
-8.0339580e-03
-6.8967150e-03
-6.1975810e-03
-4.9956110e-03
-4.1301130e-03
-3.9074890e-03
-3.0383910e-03
-1.0208960e-03
9.7267630e-04
1.6974350e-03
1.7880300e-03
1.6586610e-03
1.3229940e-03
1.2218300e-03
9.7972590e-04
1.9842160e-04
5.3455190e-04
1.2860610e-03
1.7982730e-03
3.4938320e-03
6.3667760e-03
8.9843980e-03
9.6363440e-03
9.1217230e-03
7.3145870e-03
5.0714910e-03
2.9004340e-03
8.3705560e-04
-1.5348080e-03
-4.2126430e-03
-5.8924400e-03
-6.0328490e-03
-6.0580230e-03
-7.2126920e-03
-9.6282180e-03
-1.1342780e-02
-1.1819700e-02
-1.1843960e-02
-1.0833670e-02
-8.8699270e-03
-7.4463860e-03
-6.7756310e-03
-6.1490180e-03
-6.0327480e-03
-6.2783720e-03
-6.4094300e-03
-6.5173920e-03
-5.9641400e-03
-4.2030630e-03
-2.3072900e-03
-1.0584280e-03
4.4036980e-04
2.1444010e-03
4.3147080e-03
6.5073700e-03
8.7312880e-03
9.9898050e-03
9.9944270e-03
1.0147180e-02
9.8967520e-03
1.0009980e-02
9.7644600e-03
8.2488080e-03
6.0496630e-03
3.5784430e-03
1.5987980e-03
2.0930140e-05
-1.0116110e-03
-2.5349470e-03
-3.4559270e-03
-3.6263410e-03
-3.6107470e-03
-3.4412600e-03
-3.2688810e-03
-3.5704960e-03
-3.2977640e-03
-2.5285780e-03
-1.8429360e-03
-1.2495920e-03
-2.0596940e-03
-2.3799400e-03
-1.3060510e-03
-2.6145590e-04
1.3759420e-03
1.7059640e-03
1.7785640e-03
1.7792270e-03
1.7603280e-03
1.7669480e-03
1.8954790e-03
1.9932570e-03
1.3799930e-03
-2.1507340e-04
-6.5582810e-04
4.6304690e-04
1.6490360e-03
2.9367920e-03
4.2679530e-03
4.4252560e-03
4.4130750e-03
4.9761870e-03
6.4727350e-03
6.9150350e-03
6.2059810e-03
4.8815160e-03
2.7125310e-03
9.9755860e-04
-4.0374170e-04
-1.4206420e-03
-3.1071230e-03
-3.8518300e-03
-4.4396960e-03
-4.2174390e-03
-4.2404190e-03
-5.1233080e-03
-6.0254140e-03
-6.3458460e-03
-7.0003870e-03
-7.3492220e-03
-7.1560890e-03
-7.9727740e-03
-9.6481660e-03
-1.1718220e-02
-1.3338450e-02
-1.3263410e-02
-1.2199820e-02
-1.1480230e-02
-9.7372280e-03
-7.8089290e-03
-6.0535750e-03
-4.1866430e-03
-2.8805950e-03
-1.2576850e-03
1.3626770e-04
7.3285710e-04
1.6873140e-03
2.8900250e-03
4.2947380e-03
4.7588950e-03
4.9132550e-03
4.3677170e-03
2.8852760e-03
2.3919050e-03
3.3292920e-03
4.3176840e-03
4.7406930e-03
4.8104000e-03
3.8317950e-03
1.6175320e-03
-1.0600780e-04
-9.7555830e-04
-2.3021800e-03
-3.2677870e-03
-3.7634590e-03
-4.1662250e-03
-3.5231240e-03
-1.8291820e-03
7.4217770e-05
9.7926790e-04
1.2954500e-03
1.5983920e-03
2.4259860e-03
3.8970390e-03
4.6166330e-03
4.9898600e-03
5.7113920e-03
6.1096270e-03
6.4274780e-03
6.9798160e-03
7.2145140e-03
8.0848050e-03
9.1834700e-03
9.7859800e-03
9.9295320e-03
1.0046250e-02
1.0077730e-02
9.5023870e-03
8.1384860e-03
7.0546060e-03
5.3856690e-03
3.3957010e-03
1.1476510e-03
3.4130900e-05
-8.7137800e-04
-2.6757590e-03
-3.2618240e-03
-2.9465110e-03
-2.1878200e-03
-8.0478890e-04
1.1173310e-03
1.8490970e-03
2.0001170e-03
2.0005310e-03
1.8695790e-03
1.8238550e-03
2.5978930e-03
4.2009880e-03
4.6205600e-03
4.4984720e-03
3.6321110e-03
2.3892220e-03
1.9831220e-03
2.0033490e-03
1.9769440e-03
1.1888300e-03
-5.8800530e-04
-3.3454020e-03
-6.9925570e-03
-1.0229080e-02
-1.2801600e-02
-1.4041760e-02
-1.4349220e-02
-1.4491050e-02
-1.4586490e-02
-1.4013290e-02
-1.2676590e-02
-1.2339890e-02
-1.3324820e-02
-1.4179200e-02
-1.4406160e-02
-1.4573380e-02
-1.4237700e-02
-1.2601230e-02
-1.0655540e-02
-9.5618270e-03
-8.8687610e-03
-7.1583860e-03
-4.6431080e-03
-1.5247890e-03
7.1629730e-04
2.6061720e-03
4.2487700e-03
5.2522940e-03
6.1867010e-03
6.2546850e-03
6.9140270e-03
7.2968080e-03
7.4492580e-03
7.3759730e-03
6.5014630e-03
4.8599030e-03
3.2246180e-03
2.3016680e-03
1.5863140e-03
4.7654350e-05
-1.5110010e-03
-3.1110870e-03
-3.3243220e-03
-3.2938170e-03
-3.8638450e-03
-5.5866500e-03
-7.4619820e-03
-8.8136160e-03
-8.6281190e-03
-7.3414260e-03
-5.7858820e-03
-5.0500320e-03
-5.2047930e-03
-5.1264460e-03
-5.2787840e-03
-4.3947680e-03
-2.7236050e-03
-9.6050260e-04
-1.2098240e-04
2.9466550e-04
8.4851580e-05
-2.1093620e-04
4.0236130e-04
1.5135540e-03
1.8878600e-03
2.5940620e-03
3.1453540e-03
3.5837680e-03
4.2319580e-03
5.3753970e-03
5.4747420e-03
4.5176660e-03
4.2358060e-03
4.3786150e-03
4.0470460e-03
4.6671520e-03
6.3377530e-03
7.8433890e-03
8.3431130e-03
7.6744790e-03
6.4661690e-03
4.1725720e-03
1.9057500e-03
-4.9215950e-05
-1.2749100e-03
-2.4242470e-03
-2.1363660e-03
-1.4592470e-03
-6.3796180e-04
7.3298470e-04
2.0715020e-03
3.6866070e-03
4.4094110e-03
3.9761710e-03
3.3784000e-03
2.8093120e-03
1.9319210e-03
7.3036350e-04
-3.7688580e-04
-5.0914460e-04
2.2089270e-05
2.4953740e-04
-6.3504320e-04
-2.2527330e-03
-3.3110250e-03
-3.4587040e-03
-2.8774500e-03
-1.8412840e-03
-1.3844000e-03
-2.8228710e-03
-5.2312160e-03
-8.2420810e-03
-1.0523610e-02
-1.1320510e-02
-9.7927590e-03
-7.0303060e-03
-4.0698880e-03
-8.4005530e-04
1.6809480e-03
3.6746800e-03
5.5657900e-03
6.7951130e-03
7.2022960e-03
7.2925220e-03
7.3063410e-03
7.1937160e-03
6.9776830e-03
7.1225260e-03
7.1586430e-03
6.2605940e-03
5.3829370e-03
5.4336400e-03
6.7150250e-03
7.1852080e-03
7.2839870e-03
7.4061940e-03
7.3386990e-03
6.3780950e-03
4.8823400e-03
4.0987800e-03
3.8964740e-03
4.9390060e-03
6.2099110e-03
7.6324810e-03
9.3225910e-03
1.1008740e-02
1.2422830e-02
1.1781710e-02
1.0166780e-02
8.6536810e-03
7.5043600e-03
7.3322130e-03
7.5673500e-03
7.8557760e-03
7.2265370e-03
5.7582490e-03
4.2132540e-03
3.2210690e-03
2.5719220e-03
9.9353520e-04
-1.1310450e-03
-3.2058160e-03
-5.0043230e-03
-5.7402180e-03
-5.2400670e-03
-4.8025940e-03
-3.9265480e-03
-3.0179500e-03
-2.3776900e-03
-2.4668150e-03
-2.5416430e-03
-2.2197560e-03
-2.7842900e-03
-3.9727940e-03
-4.8606840e-03
-5.0587090e-03
-4.1253710e-03
-1.8532190e-03
-8.7168300e-05
3.7731950e-04
5.7525690e-04
8.6050590e-04
7.5086630e-04
7.5450360e-04
1.4890490e-03
2.4921730e-03
3.6226640e-03
3.8499950e-03
3.0371150e-03
1.1108350e-03
-2.4234500e-04
-3.1203590e-04
-5.6085830e-04
-6.9818140e-04
-7.7458980e-04
-8.9468220e-04
-8.1973680e-04
6.8428290e-05
1.5248760e-03
2.7665710e-03
4.0564050e-03
4.6981620e-03
5.9627860e-03
7.1346800e-03
6.9896840e-03
5.2904840e-03
3.1840420e-03
5.9104680e-04
-1.8428610e-03
-4.5717810e-03
-8.1011120e-03
-1.0620350e-02
-1.1854770e-02
-1.2257310e-02
-1.1406680e-02
-9.3871940e-03
-7.3462050e-03
-6.2487910e-03
-4.7722760e-03
-2.9404540e-03
-1.6624030e-03
-6.0244530e-04
7.0383380e-04
1.7282620e-03
2.1509960e-03
2.2104450e-03
2.0211130e-03
2.0454920e-03
1.4953840e-03
5.9145050e-06
-1.4666710e-03
-3.1083160e-03
-3.9110870e-03
-4.7614970e-03
-4.7433970e-03
-4.0440980e-03
-3.4938750e-03
-3.6442200e-03
-4.7885650e-03
-6.0457530e-03
-6.5461280e-03
-6.9513490e-03
-7.5137120e-03
-9.2408700e-03
-1.0861560e-02
-1.1539830e-02
-1.1657750e-02
-1.1086040e-02
-9.6542870e-03
-8.4231470e-03
-6.9486810e-03
-6.1095570e-03
-4.8176680e-03
-3.5117360e-03
-3.2289430e-03
-3.6088730e-03
-4.7509560e-03
-5.8774170e-03
-6.6707760e-03
-6.6284070e-03
-5.9479570e-03
-5.9013870e-03
-5.8464210e-03
-4.9581180e-03
-3.1113270e-03
-1.3822290e-03
9.9732980e-04
3.4666410e-03
4.9715800e-03
5.8025990e-03
6.7885450e-03
7.1551800e-03
7.7091720e-03
8.6476410e-03
9.3327760e-03
8.9523680e-03
8.4080410e-03
7.2402400e-03
5.8203950e-03
4.7172540e-03
3.7849150e-03
2.8597270e-03
1.7843500e-03
9.1274630e-04
4.3048660e-04
3.7483010e-04
3.7971560e-04
3.4903730e-04
3.5132780e-04
3.7701210e-04
3.5210650e-04
3.1326120e-04
3.1028540e-04
4.7793790e-04
7.6312550e-04
4.6408680e-04
3.7322770e-04
3.6276160e-04
3.4684250e-04
2.6212670e-04
2.9765370e-04
8.9951920e-04
1.7603350e-03
2.5648270e-03
3.3590520e-03
4.9630820e-03
7.4536370e-03
9.7219850e-03
1.1020150e-02
1.2288250e-02
1.3298190e-02
1.3592960e-02
1.3622540e-02
1.3569740e-02
1.3554150e-02
1.3559640e-02
1.3561820e-02
1.3553770e-02
1.3554330e-02
1.3602840e-02
1.3724270e-02
1.3634600e-02
1.2671430e-02
1.0890160e-02
9.0968280e-03
8.0003460e-03
6.5699570e-03
6.0864420e-03
5.9796980e-03
4.8533690e-03
3.8782920e-03
3.4283620e-03
4.0319470e-03
4.2866040e-03
4.1891010e-03
4.0537560e-03
2.7544820e-03
1.1392070e-03
3.0057220e-04
-2.1166810e-04
-1.0245850e-03
-1.7159400e-03
-3.1679270e-03
-4.8242860e-03
-4.9876430e-03
-4.5017170e-03
-4.3895040e-03
-4.7208230e-03
-4.4038960e-03
-4.9470090e-03
-4.7767860e-03
-3.9950820e-03
-3.1628060e-03
-2.9989260e-03
-3.0171600e-03
-3.1162720e-03
-3.2405520e-03
-2.9477860e-03
-1.8151750e-03
-7.4565760e-04
-5.8628360e-04
-1.0237580e-03
-1.3430920e-03
-1.8554910e-03
-2.3887390e-03
-2.6851520e-03
-3.4330950e-03
-5.2995300e-03
-7.1975790e-03
-8.5555520e-03
-9.5032990e-03
-9.6776410e-03
-9.1420090e-03
-8.5650550e-03
-8.4633760e-03
-7.9422350e-03
-6.6746260e-03
-5.1342690e-03
-3.5580040e-03
-2.6831790e-03
-1.9907690e-03
-2.3169100e-03
-3.3691650e-03
-4.8601920e-03
-5.4527520e-03
-5.5450580e-03
-5.0423690e-03
-3.8191190e-03
-2.8495580e-03
-2.8233610e-03
-3.7617370e-03
-4.9958980e-03
-5.4928530e-03
-5.3844630e-03
-5.4171580e-03
-6.6155460e-03
-8.8327890e-03
-1.0374910e-02
-1.0929230e-02
-1.0608360e-02
-1.0339960e-02
-1.1006440e-02
-1.0656430e-02
-9.4421610e-03
-8.6860510e-03
-7.5581670e-03
-5.7317090e-03
-4.4079050e-03
-4.3120590e-03
-4.1128570e-03
-3.4766120e-03
-3.0232360e-03
-1.7726730e-03
1.8290530e-04
1.8614420e-03
2.1992880e-03
2.1612610e-03
2.4489710e-03
3.6002640e-03
5.0182380e-03
6.6846350e-03
7.5017670e-03
7.6490120e-03
7.6775830e-03
7.6546350e-03
7.5640710e-03
7.5875210e-03
7.8965440e-03
8.0407040e-03
6.7899370e-03
5.0374780e-03
3.5131020e-03
2.3866290e-03
2.1515280e-03
2.1180600e-03
2.1653210e-03
2.1236670e-03
1.3285840e-03
-2.1051000e-04
-1.4444190e-03
-2.9579740e-03
-3.2397220e-03
-3.3976200e-03
-3.6711580e-03
-3.7707890e-03
-3.4635420e-03
-3.2073950e-03
-2.9653460e-03
-3.3924700e-03
-3.4031180e-03
-2.4444470e-03
-7.5882580e-04
7.1668910e-04
1.7168810e-03
1.8751050e-03
1.7923310e-03
1.8951750e-03
2.7735180e-03
3.8894780e-03
3.8391310e-03
2.8904130e-03
2.1187260e-03
9.4423860e-04
-4.7197450e-04
-3.1553910e-04
8.9570310e-04
1.3730250e-03
1.6570130e-03
2.3637470e-03
3.8815760e-03
5.8159110e-03
7.2562490e-03
7.5108390e-03
7.4107280e-03
7.2463050e-03
6.6939640e-03
6.0171540e-03
5.8989330e-03
6.9615080e-03
7.2877010e-03
7.0119780e-03
6.5190850e-03
6.0783530e-03
5.9817350e-03
5.9723860e-03
6.0036610e-03
5.8523300e-03
5.2527250e-03
4.5310400e-03
3.1356780e-03
2.1751970e-03
2.5240640e-03
2.8801610e-03
2.0295420e-03
6.9394400e-04
-4.8804580e-04
-5.7590640e-04
-7.9503310e-04
-1.9114370e-03
-3.2182400e-03
-3.8782680e-03
-4.1842110e-03
-3.5916010e-03
-3.4104780e-03
-3.4740920e-03
-4.1229140e-03
-5.0174490e-03
-5.9452810e-03
-6.2502420e-03
-6.2824450e-03
-5.8399480e-03
-5.3353440e-03
-6.0502950e-03
-7.0015340e-03
-8.2886620e-03
-8.9812190e-03
-8.8996550e-03
-8.1131470e-03
-7.5443430e-03
-7.8909150e-03
-8.8250900e-03
-8.9474830e-03
-7.9893450e-03
-6.6965890e-03
-6.3135390e-03
-5.6722230e-03
-4.8536700e-03
-4.2173040e-03
-3.7673880e-03
-3.6926820e-03
-3.7164720e-03
-3.1335400e-03
-1.6485280e-03
-7.1313920e-04
4.5142890e-04
1.4630190e-03
1.8387240e-03
2.0347750e-03
2.0203980e-03
1.1524310e-03
-3.7848010e-04
-1.0258540e-03
-7.4682300e-04
-3.7967960e-04
-6.7862180e-04
-7.2496150e-04
-7.6792510e-04
-9.6818230e-04
-1.1906100e-03
-8.6291650e-04
-7.5738490e-04
-7.5810950e-04
-8.8656700e-04
-8.6668410e-04
-7.9352580e-05
1.2788990e-03
1.5591650e-03
1.4735890e-03
1.1773900e-03
1.0309650e-03
1.5613810e-03
2.1585230e-03
2.2728430e-03
2.1330070e-03
1.6158500e-03
2.4293520e-04
-1.7431590e-04
3.3632250e-04
2.4688970e-04
2.0967190e-04
3.8780000e-04
5.3118790e-04
1.3412780e-03
2.5676190e-03
3.7388320e-03
3.9879540e-03
3.9677590e-03
3.8293910e-03
4.5465140e-03
4.5550770e-03
3.9181100e-03
3.2369400e-03
2.5817860e-03
2.1055070e-03
1.5833400e-03
6.9654880e-04
5.7261410e-04
7.3347910e-04
4.9162500e-04
-1.2245240e-03
-3.9215180e-03
-5.3767830e-03
-4.6279420e-03
-4.5622640e-03
-5.5837770e-03
-6.1854700e-03
-6.2955490e-03
-6.3210580e-03
-6.2452940e-03
-5.9577050e-03
-5.8444980e-03
-6.3338920e-03
-6.4601330e-03
-5.7037850e-03
-3.7410760e-03
-2.3676470e-03
-1.5372750e-03
-1.0484100e-03
-8.6146830e-04
-7.9461760e-04
-7.0677680e-04
-7.6044970e-04
-1.4055820e-03
-2.5000190e-03
-3.5407050e-03
-4.8560080e-03
-5.3354140e-03
-4.8571170e-03
-4.9034330e-03
-5.5847710e-03
-6.2484200e-03
-6.2272490e-03
-5.6397160e-03
-5.0091070e-03
-4.3701720e-03
-3.4093920e-03
-2.2648670e-03
-1.7832230e-03
-2.0443860e-03
-2.4289030e-03
-3.2385260e-03
-3.5216540e-03
-3.4602910e-03
-3.5243930e-03
-4.3142040e-03
-5.4697220e-03
-5.8019340e-03
-5.2927180e-03
-4.3903340e-03
-2.9652540e-03
-1.4955980e-03
-1.9065700e-04
2.0495850e-03
4.2282360e-03
5.9845320e-03
7.1249470e-03
7.8879460e-03
8.3140140e-03
7.7460700e-03
6.9893260e-03
5.7750140e-03
5.0136290e-03
4.1127230e-03
2.9201540e-03
1.8545250e-03
8.5708820e-04
5.5230570e-04
1.1213650e-03
2.2457090e-03
3.1693030e-03
3.9502560e-03
4.0013960e-03
2.6186580e-03
2.0231490e-03
1.9250020e-03
1.9420710e-03
1.9637000e-03
1.9299100e-03
1.8167940e-03
1.9159180e-03
2.9040040e-03
4.7772670e-03
6.6630910e-03
7.1980690e-03
7.1602990e-03
7.3360450e-03
8.3757770e-03
9.6675690e-03
9.9103440e-03
8.5121810e-03
6.2465980e-03
4.2505360e-03
2.3315450e-03
1.1626800e-03
1.0416150e-03
9.3179330e-04
1.0210900e-04
-1.1508350e-03
-1.9988800e-03
-2.1425960e-03
-2.1477380e-03
-2.1703310e-03
-2.2467620e-03
-2.2211090e-03
-1.7596350e-03
-1.0490220e-03
-6.3552770e-04
4.6485770e-05
1.6234500e-05
-6.6771090e-04
-8.4789250e-04
-9.2964040e-04
-9.3181240e-04
-6.5944540e-04
-1.6166750e-04
-4.8628620e-04
-8.8904310e-04
-9.2993990e-04
-9.0856550e-04
-8.6396790e-04
-7.0028610e-04
-4.6779370e-04
-7.2610640e-08
1.0140270e-03
1.7051270e-03
2.8627810e-03
4.3666210e-03
5.1859100e-03
5.1655500e-03
4.7950390e-03
4.2116820e-03
2.8661590e-03
2.0523520e-03
8.6475310e-04
-4.3501860e-04
-7.0492330e-04
-9.0850160e-04
-1.0755650e-03
-5.5298330e-04
-1.7408460e-04
3.2677500e-04
1.4591610e-03
2.4047340e-03
3.1313230e-03
3.7736410e-03
4.4038600e-03
5.0474790e-03
5.8110450e-03
6.6320260e-03
6.7945520e-03
5.5393460e-03
4.5618750e-03
4.4149470e-03
4.5947550e-03
4.7331760e-03
4.4217940e-03
4.3118190e-03
4.1572600e-03
4.0762190e-03
4.5287280e-03
5.7240710e-03
6.0066960e-03
5.0972090e-03
4.2980570e-03
3.5636240e-03
3.2405750e-03
4.0627600e-03
3.8065200e-03
3.1003620e-03
2.4344310e-03
1.7337960e-03
1.6768930e-03
1.7967420e-03
1.5856480e-03
4.0313490e-04
-7.6719900e-04
-9.7047640e-04
-9.5090710e-04
-8.6695450e-04
-1.0488910e-03
-1.9003840e-03
-2.8356180e-03
-3.3666020e-03
-3.5519820e-03
-2.9144560e-03
-2.4439210e-03
-2.4007040e-03
-2.1402790e-03
-1.7678900e-03
-1.7233590e-03
-1.6829470e-03
-1.5312820e-03
-1.4215470e-03
-1.1294940e-03
-1.9222700e-03
-3.1660500e-03
-3.7809130e-03
-3.4378350e-03
-2.8802570e-03
-2.5767080e-03
-3.5066670e-03
-3.9077470e-03
-4.0885900e-03
-4.0941400e-03
-3.5170520e-03
-2.6119450e-03
-3.2506470e-03
-4.0309510e-03
-4.1188630e-03
-3.4553000e-03
-2.2830310e-03
-1.2684580e-03
-4.4562910e-04
-2.3294400e-04
-1.0978760e-04
4.8383570e-04
1.2498930e-03
1.6286030e-03
1.5711030e-03
1.4991760e-03
1.5309070e-03
1.6126400e-03
2.7797270e-03
3.3348530e-03
1.8496050e-03
-5.6732010e-06
-1.1496790e-03
-1.7281380e-03
-1.8500570e-03
-1.3130730e-03
-1.1724600e-03
-1.1947830e-03
-1.3345400e-03
-1.2028030e-03
-1.2974500e-04
1.2741700e-03
1.6537010e-03
1.7531690e-03
1.1868120e-03
-3.8405680e-06
-7.9618430e-04
-9.5288270e-04
-9.4687930e-04
-8.7308010e-04
-8.1840750e-04
-1.0171640e-03
-1.6771670e-03
-1.8293000e-03
-1.3870190e-03
-9.4099610e-04
-8.2355300e-04
-7.8548550e-04
-8.0728460e-04
-8.3043580e-04
-7.7206310e-04
-6.6066800e-04
-1.0518560e-03
-2.5297870e-03
-3.6380520e-03
-4.0391420e-03
-3.7634970e-03
-3.6886000e-03
-3.6820850e-03
-3.6855830e-03
-3.6810340e-03
-3.7062810e-03
-3.7692160e-03
-3.7839300e-03
-3.7703030e-03
-3.7553180e-03
-3.8064570e-03
-3.8844770e-03
-3.5919920e-03
-2.4618400e-03
-9.5619880e-04
6.3839420e-04
1.5175210e-03
2.4625050e-03
3.3110530e-03
3.6317960e-03
4.1858360e-03
4.4638990e-03
4.8078040e-03
4.5803430e-03
4.2144870e-03
4.0165870e-03
4.2949900e-03
4.3872370e-03
4.8123060e-03
5.3917910e-03
5.0684200e-03
5.2564020e-03
6.2234390e-03
6.9286880e-03
7.7298760e-03
8.9442140e-03
9.6690640e-03
9.7918060e-03
9.8010510e-03
9.8425130e-03
9.9087950e-03
9.7796220e-03
9.2552290e-03
8.9998060e-03
9.3264260e-03
9.7352460e-03
9.8582820e-03
9.8890660e-03
9.6518210e-03
9.1338370e-03
9.0035610e-03
9.5765320e-03
9.9352850e-03
9.5952630e-03
8.3115740e-03
7.3632980e-03
6.9251560e-03
6.3175910e-03
6.0092290e-03
5.0875950e-03
3.4119480e-03
2.2666210e-03
1.8886830e-03
1.8404870e-03
1.8970150e-03
1.9210700e-03
1.4950680e-03
3.5946180e-04
-6.9616750e-04
-2.0913860e-03
-3.0572050e-03
-3.0839390e-03
-3.1254520e-03
-3.7882120e-03
-4.8742300e-03
-5.0360020e-03
-4.3466270e-03
-3.9086750e-03
-3.6559210e-03
-3.5682370e-03
-3.2408170e-03
-2.9261000e-03
-2.7442730e-03
-2.5765830e-03
-2.6876100e-03
-3.0771910e-03
-3.4291950e-03
-4.0750850e-03
-5.1991980e-03
-5.7400280e-03
-5.7584620e-03
-5.8344250e-03
-6.1677070e-03
-6.3033700e-03
-6.4850610e-03
-6.6253810e-03
-7.3081790e-03
-8.1360320e-03
-8.5407570e-03
-8.2796710e-03
-8.4718770e-03
-7.6884620e-03
-6.7132610e-03
-6.3004380e-03
-6.1668430e-03
-6.4588440e-03
-7.4227680e-03
-8.1076210e-03
-7.6597020e-03
-6.5233220e-03
-6.2730010e-03
-6.2075140e-03
-6.3828700e-03
-6.8630120e-03
-6.8663070e-03
-6.1763660e-03
