0.01
2.3102460e-03
1.7419550e-03
-1.7919770e-04
-2.5928880e-03
-4.1816580e-03
-3.6388050e-03
-9.1114940e-04
1.9285170e-03
3.2151600e-03
2.0885020e-03
-4.6748970e-04
-2.4818400e-03
-2.5058980e-03
-3.2058280e-04
2.4024280e-03
4.0071470e-03
4.0216320e-03
2.5329030e-03
3.5855120e-04
-1.3608370e-03
-1.8062980e-03
-9.1185140e-04
4.6612830e-04
1.6142290e-03
2.2893850e-03
1.9622610e-03
5.8313260e-04
-9.9505530e-04
-2.7095890e-03
-4.1815390e-03
-4.5968890e-03
-3.4595910e-03
-1.2498470e-03
6.3051530e-04
9.4772640e-04
-3.5064200e-04
-2.3785250e-03
-3.5575850e-03
-3.0560570e-03
-5.0118050e-04
2.9094630e-03
5.2902630e-03
5.8992240e-03
4.2352740e-03
1.5298590e-03
-4.9632630e-04
-9.2314270e-04
-5.9085930e-04
-2.1273700e-04
5.9326330e-07
9.6959920e-05
-1.2156750e-04
-6.8799460e-05
7.1856590e-04
1.9541270e-03
2.2960760e-03
2.9456080e-04
-2.6458270e-03
-4.4483370e-03
-3.5932750e-03
-1.0714120e-03
7.8762290e-04
8.1790710e-04
-9.9119760e-04
-2.3858720e-03
-1.8710920e-03
-2.5822790e-04
1.0358830e-03
1.0868480e-03
1.3070620e-04
-7.7143170e-04
-1.1665710e-03
-1.0895230e-03
-9.0962710e-04
-1.1343700e-03
-1.6539560e-03
-2.2022540e-03
-2.1551360e-03
-1.1463480e-03
1.7717990e-04
1.4897300e-03
3.8471810e-03
6.0270560e-03
6.3049340e-03
5.2842840e-03
3.0927080e-03
-2.9731060e-04
-3.1661600e-03
-4.8008480e-03
-4.5195680e-03
-3.8051400e-03
-2.8773740e-03
-2.6190320e-03
-4.0424630e-03
-5.7591710e-03
-4.6202610e-03
-5.9724850e-04
3.5288190e-03
5.8664260e-03
6.4282920e-03
6.5330330e-03
6.4824680e-03
6.0258740e-03
4.2915780e-03
-2.3069600e-04
-6.9052770e-03
-1.1764990e-02
-1.1394850e-02
-6.1145080e-03
1.2751520e-03
5.9904540e-03
5.8758390e-03
4.5261240e-03
5.3614260e-03
1.0579740e-02
1.9609190e-02
2.7358130e-02
3.0371650e-02
2.9006520e-02
2.3190510e-02
1.2147540e-02
-3.0506400e-03
-1.7525180e-02
-2.5237500e-02
-2.3940030e-02
-1.7148290e-02
-7.8050030e-03
1.1064250e-03
4.0677670e-03
-1.6541690e-03
-1.2518410e-02
-2.0930540e-02
-2.0510680e-02
-1.3563450e-02
-3.6454530e-03
5.9108110e-03
1.4316820e-02
2.3994000e-02
3.8531520e-02
5.8919820e-02
7.9419710e-02
9.2701520e-02
8.9840090e-02
6.1986630e-02
9.4549510e-03
-5.2602700e-02
-1.0231000e-01
-1.2604370e-01
-1.2127160e-01
-8.8291040e-02
-3.5368310e-02
2.1557700e-02
6.8841020e-02
1.0428110e-01
1.3121680e-01
1.5115820e-01
1.6150510e-01
1.5926330e-01
1.4859720e-01
1.3086740e-01
9.8071680e-02
3.7894020e-02
-4.2978960e-02
-1.1611420e-01
-1.6211490e-01
-1.7730700e-01
-1.6721880e-01
-1.4755200e-01
-1.3705310e-01
-1.4414730e-01
-1.5539700e-01
-1.5321900e-01
-1.3671160e-01
-1.1505530e-01
-9.3186800e-02
-7.1977440e-02
-5.0918160e-02
-2.5330800e-02
1.4096580e-02
6.6055450e-02
1.0679090e-01
1.1190150e-01
8.4419780e-02
4.8013570e-02
1.9095830e-02
4.0547000e-03
7.9715570e-03
2.6376370e-02
4.1762280e-02
4.1963990e-02
2.8644600e-02
1.3879860e-02
9.5451810e-03
1.5536080e-02
2.1170780e-02
1.4845920e-02
-6.1052960e-03
-3.0810340e-02
-4.2992200e-02
-3.9450540e-02
-2.9889110e-02
-2.2994450e-02
-2.0168360e-02
-1.9122670e-02
-1.8464630e-02
-1.5620360e-02
-9.1814000e-03
8.1530340e-04
1.3388640e-02
2.5431160e-02
3.1807240e-02
3.2695040e-02
2.8622700e-02
1.7742700e-02
3.8127210e-03
-2.6310080e-03
3.1964430e-03
1.4046060e-02
2.1076810e-02
1.8111480e-02
6.0369570e-03
-7.6992950e-03
-1.6017630e-02
-1.7266070e-02
-1.3386140e-02
-5.1926200e-03
1.1246610e-03
-7.3886990e-04
-6.7887250e-03
-9.5941260e-03
-2.9953380e-03
1.2091850e-02
2.5701960e-02
2.9832910e-02
2.5943160e-02
2.0774520e-02
1.7125040e-02
1.6419100e-02
1.7538870e-02
1.9995650e-02
2.2872700e-02
2.5577650e-02
2.5889140e-02
2.0098250e-02
7.9859740e-03
-6.9662300e-03
-1.6314910e-02
-1.2131590e-02
6.9700140e-03
3.2325250e-02
4.8370780e-02
4.4942970e-02
2.3029550e-02
-5.2300650e-03
-2.4520340e-02
-2.5934190e-02
-1.3255800e-02
8.5239990e-04
7.1258190e-03
2.2877840e-03
-1.1466010e-02
-2.9516080e-02
-4.4219240e-02
-5.0791530e-02
-4.7073670e-02
-3.4982870e-02
-1.9574080e-02
-6.3015880e-03
3.6244550e-03
1.0074290e-02
1.1159770e-02
7.3012450e-03
1.0073620e-03
-3.7568080e-03
-5.3247810e-03
-3.5590550e-03
1.5641210e-03
6.2517350e-03
7.6261050e-03
6.0342780e-03
3.2691410e-03
2.2802270e-03
9.0165440e-03
2.1899790e-02
3.4798010e-02
4.2772290e-02
4.2403320e-02
3.1751650e-02
1.1251320e-02
-1.2480080e-02
-3.1540520e-02
-4.1128590e-02
-3.9409390e-02
-2.6817200e-02
-8.9912710e-03
4.8501920e-03
8.0700720e-03
4.4258570e-04
-1.2366230e-02
-2.3316230e-02
-2.6768320e-02
-2.1839950e-02
-9.2967360e-03
7.2916360e-03
2.1690680e-02
2.9112840e-02
2.8140450e-02
2.0248590e-02
5.8431320e-03
-1.0303230e-02
-2.1766580e-02
-2.6731320e-02
-2.7636850e-02
-2.5706510e-02
-2.0745030e-02
-1.5948530e-02
-1.1156920e-02
-3.4428030e-03
6.3904100e-03
1.4152810e-02
1.8380470e-02
1.8582140e-02
1.5566630e-02
1.0555150e-02
7.0115400e-03
5.9350720e-03
4.7371470e-03
1.8421550e-03
-3.0052130e-03
-7.9257580e-03
-1.0108060e-02
-9.6528750e-03
-7.7977480e-03
-3.6861950e-03
1.7559240e-03
7.4649650e-03
1.1868000e-02
1.4770300e-02
1.5881460e-02
1.4803980e-02
1.1863170e-02
8.4488330e-03
6.2466490e-03
5.2575030e-03
4.2335360e-03
3.6954120e-03
3.3737240e-03
2.5365910e-03
2.5699260e-03
3.4462490e-03
4.3336190e-03
4.3371230e-03
3.6032660e-03
2.2858960e-03
-5.8041640e-04
-3.8351310e-03
-6.6175650e-03
-7.9468050e-03
-7.3861760e-03
-5.6595610e-03
-3.7716740e-03
-2.3988820e-03
-1.4089870e-03
1.5873140e-04
3.7788260e-03
6.7721010e-03
7.1821190e-03
8.4072020e-03
1.0004200e-02
1.0092300e-02
1.0172590e-02
1.0998510e-02
1.1264900e-02
9.7561020e-03
8.5927900e-03
7.2966330e-03
3.4283310e-03
-4.6153460e-04
-2.9626390e-03
-5.8230480e-03
-9.5115070e-03
-1.2636910e-02
-1.5265600e-02
-1.7807170e-02
-1.8895510e-02
-1.8951570e-02
-1.9506230e-02
-2.1202880e-02
-2.2169820e-02
-2.1100640e-02
-1.7146840e-02
-1.0025310e-02
-7.5665620e-04
7.2531540e-03
1.1991660e-02
1.4330960e-02
1.5407370e-02
1.4547940e-02
1.1649990e-02
8.9668030e-03
7.8684050e-03
5.9642000e-03
4.0753790e-03
3.8760290e-03
4.6946240e-03
3.8961020e-03
3.8779570e-03
6.0637620e-03
9.5897890e-03
1.3167310e-02
1.4223170e-02
1.3657520e-02
1.1838490e-02
6.9877080e-03
-9.8758160e-04
-8.3150690e-03
-1.2730440e-02
-1.5232990e-02
-1.6289410e-02
-1.4558550e-02
-1.2590790e-02
-1.1400620e-02
-1.0763600e-02
-9.2670450e-03
-7.3846890e-03
-5.7101320e-03
-4.3852910e-03
-3.6877120e-03
-4.2805750e-03
-5.4219520e-03
-6.2010570e-03
-6.4693480e-03
-5.8444050e-03
-4.2528430e-03
-1.1035290e-03
1.7360020e-03
1.4186870e-03
4.1066500e-04
1.2139740e-03
3.2456890e-03
7.0188720e-03
1.1638090e-02
1.6718860e-02
2.1686160e-02
2.3903120e-02
2.3280980e-02
2.1539940e-02
1.9595030e-02
1.8339210e-02
1.8490050e-02
2.0344190e-02
2.1090430e-02
1.9834570e-02
1.7320520e-02
1.4013930e-02
9.6196900e-03
5.4739750e-03
3.0702140e-03
2.1177870e-03
9.9033260e-04
-3.1709260e-04
-2.6459650e-03
-5.7484990e-03
-9.7087230e-03
-1.2263530e-02
-1.2218730e-02
-1.1140030e-02
-1.0008860e-02
-9.3109660e-03
-1.0236280e-02
-1.4624950e-02
-2.0257090e-02
-2.4236010e-02
-2.3517200e-02
-1.9238820e-02
-1.4588650e-02
-9.9466610e-03
-6.1651060e-03
-4.5364580e-03
-5.3016670e-03
-7.4120440e-03
-8.6002570e-03
-1.0060080e-02
-1.2424220e-02
-1.4258240e-02
-1.4756050e-02
-1.5166170e-02
-1.5902030e-02
-1.5998830e-02
-1.5120320e-02
-1.4291410e-02
-1.4010320e-02
-1.3162850e-02
-1.0111580e-02
-4.1039520e-03
1.8625530e-03
6.1305430e-03
9.1541230e-03
1.1192870e-02
1.1763990e-02
1.1754320e-02
1.1493230e-02
9.6582410e-03
7.6603380e-03
6.2355560e-03
6.2988240e-03
7.2783930e-03
8.2798230e-03
8.7290370e-03
9.3875720e-03
9.3399080e-03
7.6423040e-03
5.1371610e-03
4.1240370e-03
3.7015470e-03
3.3639370e-03
3.5589910e-03
3.7954070e-03
3.2097720e-03
2.0609450e-03
-1.5538680e-04
-2.2391720e-03
-3.7231760e-03
-4.3382750e-03
-4.3162560e-03
-2.1732450e-03
1.5953660e-03
4.9566920e-03
6.7969000e-03
7.3272810e-03
7.2652790e-03
5.9831970e-03
4.0767710e-03
3.1158780e-03
2.6969900e-03
2.7019270e-03
2.6141270e-03
2.0492270e-03
1.5620430e-04
-6.5865060e-04
-9.1012570e-04
-1.0655850e-03
-2.7955460e-03
-4.7093510e-03
-5.7135460e-03
-6.1414380e-03
-7.1651600e-03
-8.1736460e-03
-7.5565950e-03
-6.5452250e-03
-6.4987310e-03
-6.6107820e-03
-6.3045480e-03
-5.3725320e-03
-4.8082130e-03
-4.6436630e-03
-3.7668610e-03
-2.5266190e-03
-1.6640880e-03
-1.9979210e-03
-3.1659620e-03
-3.8370650e-03
-5.6041330e-03
-8.1798680e-03
-9.5366320e-03
-9.8797210e-03
-8.9230470e-03
-6.6960450e-03
-4.5950100e-03
-2.9093450e-03
-2.7679580e-04
2.2129710e-03
3.6046070e-03
3.8756560e-03
4.7728740e-03
6.4308780e-03
6.8593310e-03
6.9491070e-03
6.6013580e-03
5.8388750e-03
5.5670870e-03
5.6109430e-03
6.1139870e-03
6.9817180e-03
8.4490240e-03
9.3060350e-03
8.1880300e-03
6.6926910e-03
5.4601670e-03
4.7493570e-03
4.0147000e-03
2.9236800e-03
2.3304530e-03
2.1338440e-03
2.1797000e-03
3.0647410e-04
-2.4504440e-03
-4.9912590e-03
-6.2766880e-03
-7.0583560e-03
-8.1806550e-03
-8.4893500e-03
-7.3903910e-03
-5.4373020e-03
-3.2053860e-03
2.4299540e-04
4.2271450e-03
8.2883150e-03
1.1446820e-02
1.2831700e-02
1.2550620e-02
1.1387160e-02
1.0764510e-02
1.0717180e-02
9.0671920e-03
6.9229820e-03
4.3864860e-03
1.8368090e-03
-7.0767070e-04
-3.4635460e-03
-5.0792820e-03
-5.3125720e-03
-4.4477790e-03
-3.4577270e-03
-2.5952810e-03
-3.7176090e-04
2.1167660e-03
3.2823420e-03
3.5080480e-03
4.5030580e-03
4.9651420e-03
5.0231340e-03
4.9068910e-03
4.9796350e-03
5.7866530e-03
6.9359920e-03
6.9491530e-03
7.4422330e-03
7.8768870e-03
7.7614970e-03
6.6593790e-03
5.7443980e-03
4.3189310e-03
2.0344670e-03
2.2667730e-04
-4.0904590e-04
-3.9851200e-04
-3.9154330e-04
-9.9232210e-04
-2.2999570e-03
-2.9135210e-03
-4.4538710e-03
-7.9452760e-03
-1.2593510e-02
-1.5336800e-02
-1.6217910e-02
-1.7100860e-02
-1.7114920e-02
-1.6233570e-02
-1.3941060e-02
-1.2361980e-02
-1.1585140e-02
-1.0835380e-02
-9.5760040e-03
-7.4093330e-03
-4.7958590e-03
-3.2010500e-03
-1.2942200e-03
9.9030390e-04
3.7372860e-03
5.9094670e-03
6.7541910e-03
6.4582110e-03
5.9110890e-03
6.2088360e-03
6.3287350e-03
6.2827690e-03
5.8296030e-03
5.1954610e-03
4.6193540e-03
3.4049960e-03
1.8704050e-03
5.0852260e-04
5.5612250e-04
2.0930710e-03
2.5168290e-03
2.5443220e-03
3.5971290e-03
5.7742760e-03
9.1160420e-03
1.1265410e-02
1.2287000e-02
1.2198840e-02
1.2526230e-02
1.2775190e-02
1.0643070e-02
7.0291120e-03
3.1314610e-03
1.4258250e-03
1.1060770e-04
-2.1182540e-03
-4.2178080e-03
-5.8682580e-03
-5.7030700e-03
-6.1506520e-03
-7.6869160e-03
-8.4939380e-03
-8.1424350e-03
-6.6518540e-03
-5.3114220e-03
-3.6217350e-03
-2.0576160e-03
4.6116470e-04
2.2202360e-03
2.5273040e-03
1.3343450e-03
-1.0562450e-03
-2.5300760e-03
-2.5624850e-03
-2.3084750e-03
-2.1816470e-03
-1.9969210e-03
-1.5525730e-03
-8.6062430e-04
6.8866710e-05
7.7467670e-04
-9.0550970e-05
-1.4417310e-03
-2.4905630e-03
-2.6259260e-03
-2.6425010e-03
-3.2123800e-03
-4.0573430e-03
-4.2285860e-03
-2.4326590e-03
-1.2856890e-03
-2.3194450e-03
-2.8370890e-03
-2.9743870e-03
-2.4695050e-03
-1.3947160e-03
-1.6504810e-03
-3.1454420e-03
-5.5138150e-03
-7.0631960e-03
-7.7712310e-03
-9.3569190e-03
-1.1479230e-02
-1.2170080e-02
-1.1177290e-02
-1.0886370e-02
-1.1032170e-02
-1.0594530e-02
-8.2756510e-03
-5.0527420e-03
-3.0271450e-03
-1.9378100e-03
-1.7976570e-04
1.9866270e-03
4.3256510e-03
5.5266630e-03
5.6586880e-03
5.7002500e-03
6.1134170e-03
6.7006690e-03
6.1556480e-03
4.9833460e-03
4.0922970e-03
3.7946880e-03
4.1961080e-03
3.1784100e-03
1.3796640e-03
4.6139770e-06
-9.7659600e-04
-1.9870920e-04
1.2231680e-03
2.6623470e-03
3.9642670e-03
6.9046220e-03
1.1174520e-02
1.5990800e-02
1.9487620e-02
2.1606710e-02
2.2479870e-02
2.3713030e-02
2.4769840e-02
2.3080820e-02
2.0304840e-02
1.7283200e-02
1.4277140e-02
1.0919170e-02
8.0215930e-03
4.3222380e-03
-3.0243150e-04
-3.9370460e-03
-6.3385490e-03
-7.3657490e-03
-8.4234810e-03
-9.3582720e-03
-1.0464560e-02
-1.1895930e-02
-1.2112650e-02
-1.2556190e-02
-1.3723450e-02
-1.4086370e-02
-1.3180420e-02
-1.1118300e-02
-9.4948110e-03
-9.2404480e-03
-9.6254550e-03
-9.2394590e-03
-7.9716950e-03
-6.9501540e-03
-6.7297630e-03
-6.7019750e-03
-6.7617970e-03
-6.8138690e-03
-6.5128920e-03
-5.5782470e-03
-5.2078460e-03
-4.6577930e-03
-4.0159800e-03
-2.8354560e-03
-1.4576110e-03
-1.2133160e-03
-1.3361290e-03
-1.4210810e-03
-6.0003390e-04
1.1171760e-03
1.5475930e-03
1.1644500e-03
-1.0519220e-04
2.9544510e-05
1.4930010e-03
1.6714280e-03
3.4634420e-04
-1.9716370e-03
-2.5935050e-03
-1.7852070e-03
-1.8278610e-03
-2.1375960e-03
-2.0415930e-03
-1.3453440e-03
5.0695450e-04
1.6221840e-03
2.0087660e-03
2.4794250e-03
2.5103470e-03
4.0117840e-03
4.9396410e-03
4.6736210e-03
4.5571750e-03
4.9419810e-03
5.7329390e-03
5.6043250e-03
4.8186210e-03
4.5353380e-03
4.5187570e-03
4.6490940e-03
4.6000820e-03
3.6767740e-03
2.0134500e-03
5.2623850e-04
-1.7317020e-04
4.5940850e-04
5.0690560e-04
-7.4297350e-04
-1.2772850e-03
-1.7580830e-03
-2.2761660e-03
-3.0254230e-03
-3.6477980e-03
-4.1225780e-03
-4.5596300e-03
-4.0260820e-03
-3.9197820e-03
-4.0011850e-03
-4.1810480e-03
-4.8281060e-03
-3.8735920e-03
-1.9362020e-03
-1.2702450e-03
-1.4124420e-03
-1.0883850e-03
-2.5001180e-04
1.3738180e-03
1.8986260e-03
1.9159290e-03
1.6238580e-03
1.4634840e-03
2.0103960e-03
2.4332820e-03
2.0334110e-03
1.0084990e-03
-2.8425660e-04
-8.4571660e-04
-1.2987510e-03
-3.0380180e-03
-4.7312630e-03
-5.7477400e-03
-5.2943230e-03
-4.2826490e-03
-3.8372260e-03
-3.6426770e-03
-3.5513760e-03
-3.4714310e-03
-2.5604810e-03
-1.1335660e-03
-7.3102080e-04
-7.7924130e-04
-7.0738620e-04
9.2211050e-05
1.1750980e-03
1.3276780e-03
8.9902530e-04
-1.8908940e-04
-7.2190940e-04
-1.0997360e-04
1.1712440e-03
2.0556840e-03
2.2730950e-03
3.3038350e-03
4.9587540e-03
6.6825750e-03
8.1511670e-03
9.3045920e-03
8.4168300e-03
7.5515050e-03
8.4784830e-03
9.8749800e-03
1.0096790e-02
1.0046750e-02
1.0150110e-02
1.0674390e-02
1.0917270e-02
9.7477770e-03
7.6414980e-03
5.7640930e-03
4.4911900e-03
3.9428440e-03
3.7736390e-03
2.6416430e-03
1.7973650e-03
1.0774440e-03
-1.5183740e-04
-9.1131250e-04
-8.7945240e-04
-1.0203840e-03
-7.1762310e-04
-7.9510770e-04
-7.8428600e-04
2.7715890e-05
1.3653860e-03
6.0292110e-04
-1.6256600e-03
-3.2384160e-03
-4.3208360e-03
-5.3940910e-03
-6.5126410e-03
-8.4259720e-03
-1.0220640e-02
-1.1006570e-02
-1.0320280e-02
-1.0348210e-02
-1.0458920e-02
-1.0508960e-02
-9.8538090e-03
-7.9598850e-03
-5.1110750e-03
-3.5493330e-03
-3.2238440e-03
-3.4934200e-03
-3.3990820e-03
-1.9586440e-03
-1.4088100e-03
-2.7346370e-03
-3.9574790e-03
-5.1513960e-03
-6.0481840e-03
-6.3103270e-03
-6.3714690e-03
-6.4033950e-03
-6.2963280e-03
-5.6923960e-03
-3.3176770e-03
-1.5225850e-03
-9.3084920e-04
-2.8730660e-04
7.2195000e-04
1.7983160e-03
3.0683940e-03
4.4728570e-03
5.5530430e-03
5.6126980e-03
5.0547800e-03
4.4136320e-03
2.8487750e-03
2.2337910e-03
3.6482510e-03
3.0856940e-03
1.3762060e-03
2.9515990e-04
4.5693290e-04
1.7593340e-03
2.0496230e-03
1.0829800e-03
-1.3002200e-04
8.1406260e-05
3.6281610e-04
5.6995990e-04
1.4396800e-03
1.0943170e-03
-1.4717360e-04
-2.2789080e-04
3.0138720e-04
4.1528580e-04
1.0570470e-03
2.0483510e-03
3.1556620e-03
4.5306360e-03
5.9777570e-03
6.9682370e-03
6.8900830e-03
6.7583580e-03
7.1349990e-03
7.4923940e-03
7.2871280e-03
6.0978340e-03
4.8956700e-03
4.9711560e-03
6.3267610e-03
6.9521030e-03
6.0992100e-03
5.1368820e-03
4.3944010e-03
3.0992250e-03
2.1538970e-03
1.3144530e-03
-9.6117850e-05
-1.4307820e-03
-2.2800300e-03
-4.0158000e-03
-5.5410000e-03
-5.5252440e-03
-5.5643610e-03
-6.3101940e-03
-6.8531790e-03
-7.8743080e-03
-7.8561090e-03
-6.7546000e-03
-6.2779130e-03
-6.3284810e-03
-6.6687790e-03
-7.7605400e-03
-8.4285600e-03
-7.3399000e-03
-6.2786830e-03
-6.2119960e-03
-6.2989780e-03
-5.5073080e-03
-3.3772410e-03
-1.6786600e-03
-1.1942160e-03
-1.1898080e-03
-1.1669710e-03
-1.0441650e-03
-3.9477110e-04
6.0019490e-04
6.2333850e-04
-4.3579970e-04
-7.2360020e-04
-2.8974750e-04
1.1020970e-03
1.6185470e-03
1.2049220e-03
1.0061480e-03
3.5312460e-04
1.2922250e-03
3.2786420e-03
4.6231520e-03
5.0935440e-03
5.9539120e-03
6.8550920e-03
8.1799270e-03
1.0009720e-02
1.0489050e-02
9.9205500e-03
9.8919880e-03
9.7337010e-03
9.2181390e-03
9.9833130e-03
1.1048580e-02
1.1234960e-02
1.1031250e-02
1.1561820e-02
1.0779580e-02
9.6907550e-03
9.5133480e-03
9.5412180e-03
8.0380720e-03
5.6184240e-03
3.6134800e-03
2.5146590e-03
1.2523670e-03
-1.1971710e-03
-3.3533810e-03
-4.6267580e-03
-4.9693170e-03
-5.4711910e-03
-4.7223870e-03
-3.6689510e-03
-3.6570490e-03
-3.3107930e-03
-3.2181730e-03
-3.1619370e-03
-3.1260720e-03
-3.1814750e-03
-3.4175130e-03
-3.5446760e-03
-3.2752100e-03
-3.2232310e-03
-2.9651240e-03
-2.8576540e-03
-3.2193630e-03
-3.2607460e-03
-3.2359800e-03
-3.2340110e-03
-3.4449000e-03
-3.8333460e-03
-4.1960500e-03
-4.1909800e-03
-3.2206800e-03
-2.9608410e-03
-3.1484080e-03
-3.0536420e-03
-3.5014730e-03
-5.0480070e-03
-5.7047780e-03
-4.4164050e-03
-3.7769360e-03
-4.7752800e-03
-5.7281820e-03
-6.0804580e-03
-6.3739870e-03
-6.0094500e-03
-5.7724490e-03
-5.9997530e-03
-7.2357680e-03
-8.2025020e-03
-8.1074160e-03
-6.4888140e-03
-5.3650350e-03
-4.4911580e-03
-3.2500960e-03
-1.7832680e-03
-7.3883590e-04
3.6897510e-04
2.6069830e-03
4.2606940e-03
4.6977180e-03
5.1794950e-03
7.2866610e-03
9.7845100e-03
1.0571290e-02
9.8109790e-03
7.8954660e-03
6.2738250e-03
5.3903810e-03
4.8665520e-03
3.9325680e-03
3.0226780e-03
2.2888830e-03
2.1019330e-03
2.7410380e-03
2.7947020e-03
2.1343080e-03
1.0103560e-03
-3.1736050e-05
1.2928570e-04
1.2665780e-04
-7.4370990e-04
-2.1904350e-03
-2.7259730e-03
-1.3951640e-03
3.7753700e-05
1.3732220e-04
-9.6562680e-05
-1.1596420e-05
-2.9942620e-04
-3.2114100e-05
1.4486480e-03
2.2578720e-03
1.2938580e-03
-6.7393050e-05
-6.7887800e-04
-1.0323880e-03
-1.7492830e-03
-3.9401100e-03
-5.4522120e-03
-5.7774320e-03
-5.6551010e-03
-5.0818260e-03
-4.7827030e-03
-5.2038040e-03
-5.1009570e-03
-4.9673860e-03
-3.7177890e-03
-3.1514610e-03
-3.0420760e-03
-3.0137690e-03
-3.0106570e-03
-3.0110970e-03
-3.0206550e-03
-3.0111740e-03
-2.9852990e-03
-2.9705420e-03
-3.0386270e-03
-2.9622740e-03
-2.3809360e-03
-1.5679410e-03
-9.1965640e-04
-8.1528680e-04
-1.3333310e-03
-5.4975530e-04
-2.2171530e-04
-1.2569290e-04
-7.5161480e-05
-1.3811610e-04
-4.6750250e-04
-6.4078460e-04
3.0750340e-04
1.3785590e-03
1.0167260e-03
1.7911380e-04
1.0760550e-04
8.1097060e-04
1.4268430e-03
2.2313340e-03
2.5762550e-03
2.4947720e-03
1.9652310e-03
1.6825620e-03
2.0116340e-03
2.4601700e-03
2.6418360e-03
2.6820130e-03
2.2538970e-03
1.4991610e-03
2.3424410e-03
4.3796800e-03
3.9770630e-03
2.8016570e-03
2.5355290e-03
2.5925690e-03
2.7647930e-03
2.4886790e-03
1.1145750e-03
-3.8349340e-04
-7.9451450e-04
-4.2847400e-04
-8.0004750e-04
-2.3011900e-03
-2.7899000e-03
-1.7665190e-03
3.4247230e-04
1.6932410e-03
1.9665540e-03
2.2264320e-03
2.8608270e-03
4.2208730e-03
5.3394360e-03
5.5491950e-03
5.5565110e-03
5.4883520e-03
5.5272720e-03
6.0097100e-03
6.9268150e-03
6.6610260e-03
6.0495010e-03
5.8663970e-03
5.1317630e-03
4.1000300e-03
4.5229480e-03
5.2110520e-03
4.9366450e-03
3.7652400e-03
2.2278730e-03
6.4021450e-04
6.0011850e-04
8.3483570e-04
-2.2459030e-04
-1.8801390e-03
-2.6158790e-03
-3.7073300e-03
-4.6000890e-03
-4.9619610e-03
-4.7021700e-03
-5.3064990e-03
-6.3901670e-03
-7.4395910e-03
-8.0229480e-03
-7.3047680e-03
-5.6520590e-03
-5.3261690e-03
-5.4214600e-03
-5.4638280e-03
-4.7107950e-03
-3.1137410e-03
-2.6283370e-03
-2.5778290e-03
-2.5687800e-03
-2.3886260e-03
-2.0074100e-03
-2.0093720e-03
-2.1012580e-03
-1.4966980e-03
-1.4108330e-03
-2.2284280e-03
-2.3474470e-03
-2.0651490e-03
-1.6118260e-03
-1.7261950e-03
-1.9820600e-03
-1.7830830e-03
-1.7764100e-03
-1.6134660e-03
-1.3780630e-03
-1.1083840e-03
-2.9062380e-04
5.8283360e-04
7.0888270e-04
6.3386320e-04
8.6996020e-04
1.8759710e-03
2.9127960e-03
3.0580300e-03
1.6041550e-03
1.0518270e-03
1.9318250e-03
3.1510080e-03
3.6665910e-03
3.1652090e-03
1.7181490e-03
1.0997740e-03
9.7801120e-04
1.9706370e-04
-1.2002750e-03
-1.7168250e-03
-1.9601480e-03
-2.1929080e-03
-2.0886000e-03
-2.6084420e-03
-2.8617300e-03
-3.1806750e-03
-4.2665560e-03
-4.4836110e-03
-4.3421690e-03
-4.0386960e-03
-4.4497400e-03
-4.9690710e-03
-5.2338660e-03
-4.6169160e-03
-4.4941590e-03
-4.5482690e-03
-4.8221440e-03
-5.0413310e-03
-5.6575460e-03
-5.0114630e-03
-4.1118790e-03
-3.7325940e-03
-4.3864440e-03
-4.1128800e-03
-3.0250630e-03
-2.1012660e-03
-1.3200440e-03
2.4333370e-04
1.0259540e-03
1.0225660e-03
6.3879020e-04
7.3984150e-04
2.4203460e-03
3.6372230e-03
3.8036950e-03
3.8162560e-03
4.0554310e-03
4.5949200e-03
5.0775690e-03
6.2745230e-03
6.5825700e-03
6.4149630e-03
6.0117050e-03
4.9419500e-03
5.0179350e-03
6.2933900e-03
6.2363880e-03
5.1079200e-03
4.3062910e-03
3.7633920e-03
3.6089700e-03
4.3108840e-03
4.8744500e-03
4.4710300e-03
4.1802730e-03
4.1227690e-03
4.1507870e-03
4.2723760e-03
4.2547430e-03
3.5048140e-03
2.1398700e-03
1.6419530e-03
1.5671820e-03
1.6211380e-03
1.7254230e-03
1.7733240e-03
1.7386470e-03
1.5175720e-03
1.2406330e-03
8.5930250e-04
5.3240280e-04
-3.3626370e-04
-3.1094180e-04
-1.2015010e-04
-8.9239170e-04
-1.2093670e-03
-8.3738430e-04
-1.1067360e-03
-2.2866260e-03
-3.3667240e-03
-3.5792300e-03
-3.1627320e-03
-2.3361860e-03
-2.2333600e-03
-2.2356950e-03
-1.8711590e-03
-9.6441570e-04
-2.6383500e-04
4.3150330e-04
1.1997020e-03
9.3531700e-04
9.7937080e-04
9.9594050e-04
1.8466130e-03
2.9671230e-03
3.6623650e-03
3.1458220e-03
2.8779900e-03
2.4707160e-03
2.3672120e-03
3.5342170e-03
5.1474100e-03
6.1368460e-03
6.2009570e-03
5.9929540e-03
5.7539570e-03
5.1775770e-03
5.0509970e-03
5.0420860e-03
5.1504730e-03
5.1427850e-03
4.4514740e-03
3.1823450e-03
2.5549470e-03
2.9659430e-03
3.0737440e-03
2.3400540e-03
1.3908060e-03
4.8051120e-04
-2.2463670e-04
-2.5138620e-04
-3.4285430e-04
-1.1174500e-03
-2.4998710e-03
-3.0264680e-03
-3.3399420e-03
-3.6473720e-03
-3.2269630e-03
-2.3976300e-03
-1.7230410e-03
-2.5818260e-03
-2.9657730e-03
-3.1227550e-03
-3.4131460e-03
-3.4287340e-03
-3.0833310e-03
-3.0230310e-03
-3.4230600e-03
-4.4549540e-03
-5.3391850e-03
-5.3040240e-03
-4.1492580e-03
-3.2639060e-03
-3.1004630e-03
-3.0873900e-03
-3.0757020e-03
-3.0436860e-03
-3.0389680e-03
-3.0546540e-03
-3.0241140e-03
-3.0043030e-03
-3.0153680e-03
-3.0394430e-03
-3.0530070e-03
-2.9809040e-03
-2.9025420e-03
-2.9060450e-03
-2.9098860e-03
-2.9028150e-03
-2.8820300e-03
-2.9077360e-03
-2.9607130e-03
-2.9474680e-03
-2.7066850e-03
-2.5516570e-03
-2.8996350e-03
-2.9743160e-03
-2.9507930e-03
-2.7292800e-03
-2.2838250e-03
-1.7821320e-03
-1.2635970e-03
-1.8113250e-03
-1.3169770e-03
-5.4943870e-04
-3.1171730e-04
-3.0666540e-04
-2.9800480e-04
-1.0667330e-04
6.1242690e-05
-1.1688840e-04
7.3194450e-05
-7.0220290e-05
-8.9282620e-05
4.1890510e-05
-2.9899050e-04
-3.3411720e-04
-3.0760220e-04
-4.1386800e-04
-8.0699020e-04
-9.3912020e-04
-4.1317420e-04
-1.8558540e-04
-2.6760170e-04
-8.6270640e-05
-2.1122010e-04
-2.6980830e-04
3.6087160e-04
6.7729990e-04
-2.7305290e-04
-2.6868210e-04
5.2714390e-04
1.0132140e-03
1.6169990e-04
-3.2120130e-04
-4.2714610e-04
-3.9459220e-04
-3.6502270e-04
-3.7266040e-04
-3.7797080e-04
-3.7332550e-04
-3.6798440e-04
-3.8180290e-04
-4.2452520e-04
-4.4371490e-04
-4.6503730e-04
-4.5334380e-04
-4.5959460e-04
-5.3104900e-04
-5.7299270e-04
-2.6877660e-04
4.4936960e-04
2.8279740e-04
-2.5875630e-04
7.4668990e-04
1.6694010e-03
2.1434830e-03
2.0834720e-03
2.1089410e-03
2.8623280e-03
4.0544890e-03
4.7477220e-03
4.9171010e-03
4.8691310e-03
4.7553260e-03
5.0051910e-03
6.0443430e-03
6.6473180e-03
5.4088590e-03
5.0041270e-03
4.9309400e-03
4.9306200e-03
4.9153040e-03
4.9615830e-03
5.0599980e-03
4.7965390e-03
3.7576020e-03
2.7829300e-03
1.4471790e-03
8.7634490e-04
1.8975880e-03
2.2873680e-03
1.9245780e-03
9.6535020e-04
9.0097680e-04
1.7855970e-03
1.1210310e-03
-1.7059160e-04
-1.2057870e-03
-2.0625990e-03
-1.6667330e-03
-1.1530130e-03
-8.7123150e-04
-8.1625570e-04
-8.2182100e-04
-1.3923570e-03
-1.2300490e-03
-6.2573650e-04
-5.0200980e-04
-4.8732520e-04
-4.8699710e-04
-4.7053020e-04
-4.8362370e-04
-5.5612520e-04
-5.8180090e-04
-4.4774300e-04
-4.9246520e-04
-1.4074050e-03
-2.9075020e-03
-2.9311160e-03
-1.6872330e-03
-1.1383790e-03
-9.6248240e-04
-9.1177910e-04
-1.5810220e-03
-1.8955070e-03
-1.0306280e-03
-9.5152220e-04
-1.1844930e-03
-1.2816900e-03
-1.1888200e-03
-1.3913540e-03
-1.0913250e-03
-1.0468400e-03
-1.0136790e-03
-8.6399620e-04
-7.8641960e-04
-1.4989340e-03
-2.9256220e-03
-2.9743480e-03
-2.0848710e-03
-1.0974360e-03
-1.0063480e-03
-2.4343780e-03
-3.1081690e-03
-1.8634060e-03
-8.3510780e-04
-6.9664220e-04
-6.8703260e-04
-6.1536680e-04
-5.4939880e-04
-5.6905800e-04
-7.2175550e-04
-7.0053990e-04
1.4216060e-04
1.4847860e-03
9.4753710e-04
3.0130290e-04
1.1912440e-03
1.2780220e-03
1.4097160e-03
1.6956370e-04
-6.0231490e-04
-7.3835500e-04
-7.0509770e-04
-5.1479410e-04
-3.0333310e-04
-6.7601050e-04
-1.0949870e-03
-1.5327910e-03
-9.9707120e-04
-6.9876540e-04
-1.1398160e-03
-2.1671300e-03
-1.8679020e-03
-5.9723200e-04
9.6328450e-04
1.6728540e-03
1.0395860e-03
2.4710450e-04
-4.7525730e-04
-6.1306490e-04
-5.0103200e-04
-6.0206950e-05
9.3338560e-05
-3.6398360e-04
-3.2235340e-04
-6.1385720e-04
-1.5709560e-03
-1.8028560e-03
-3.1015500e-04
3.2731850e-04
-2.7673900e-04
9.2665660e-06
1.1733610e-03
2.1282570e-03
2.3251240e-03
2.3924030e-03
2.4037510e-03
2.3955660e-03
2.3680040e-03
2.3864200e-03
2.5541500e-03
2.8425100e-03
2.5480920e-03
2.4497330e-03
2.4185370e-03
2.4159930e-03
2.4212670e-03
2.4457780e-03
2.4486630e-03
2.3010410e-03
2.0174520e-03
2.2462070e-03
2.2903140e-03
2.6315710e-03
3.4250230e-03
3.7250050e-03
2.6070190e-03
1.5872980e-03
9.7301210e-04
1.3676690e-03
1.9813410e-03
1.1883230e-03
-8.2400910e-05
-3.7150580e-04
-7.2853110e-04
-1.8184100e-03
-2.7667740e-03
-2.6587280e-03
-2.6169340e-03
-3.2116410e-03
-3.7913170e-03
-4.4198080e-03
-4.6513810e-03
-4.0779800e-03
-3.9105080e-03
-4.0257180e-03
-4.3811230e-03
-4.7880850e-03
-4.2023430e-03
-2.8048230e-03
-2.0333170e-03
-2.7044680e-03
-2.6777530e-03
-2.5968960e-03
-2.6113970e-03
-1.9429120e-03
-8.4052510e-04
-5.5318090e-04
-5.6760230e-04
-8.3969680e-04
-7.7778550e-04
-4.4858850e-04
-1.8377160e-04
9.8042250e-05
-2.2499300e-04
-3.3669710e-04
-5.6380270e-04
-7.8325310e-04
-3.1179950e-04
2.3270160e-05
-2.5733960e-04
-3.5230780e-04
-4.0240120e-04
-3.9884890e-04
-2.4996880e-04
1.5091220e-05
-1.4521780e-04
-2.7228640e-04
-1.0197450e-03
-1.9864830e-03
-9.8848060e-04
9.7961010e-05
2.2726190e-04
2.1671360e-04
1.5843220e-03
1.5386310e-03
1.0774550e-04
4.8144770e-05
1.6482420e-03
2.4580660e-03
2.2043010e-03
2.1667140e-03
2.0914650e-03
1.8913390e-03
1.8908610e-03
2.1555090e-03
1.3605570e-03
3.5786350e-04
5.2414750e-04
1.1150380e-03
2.0232370e-03
2.8890440e-03
3.3081060e-03
2.9068320e-03
2.4539120e-03
2.2340940e-03
2.2228240e-03
2.3615030e-03
2.3928170e-03
1.6270230e-03
6.1957900e-05
-1.5710640e-04
3.0345540e-04
5.8432530e-04
4.4037720e-04
2.2536900e-04
-8.3290430e-05
6.0892410e-06
-2.0757010e-04
-5.1291920e-05
-2.2031860e-04
-4.1098640e-04
-4.4836620e-04
-5.0157860e-04
-5.2201410e-04
-2.6204290e-04
2.9153960e-04
3.9824090e-04
-2.3603450e-04
-5.5065730e-04
-1.5951500e-04
-8.4642820e-05
-3.1629280e-04
-3.8405320e-04
1.3613780e-04
2.4845970e-04
-1.0532010e-03
-2.6128320e-03
-3.0815350e-03
-2.7528760e-03
-2.3208130e-03
-2.4528690e-03
-3.2495010e-03
-3.5376200e-03
-3.1775770e-03
-3.2683980e-03
-3.8972370e-03
-4.2595780e-03
-3.4733760e-03
-3.5675160e-03
-3.5698620e-03
-3.2402100e-03
-2.7434220e-03
-2.2997190e-03
-2.4775180e-03
-3.1173810e-03
-2.6657060e-03
-1.4417770e-03
-6.0502110e-04
-6.9944220e-04
-1.1284560e-03
-1.0718590e-03
-1.5332030e-03
-1.6009250e-03
-9.0682920e-04
-4.9965710e-04
-4.1685920e-04
-4.8492390e-04
-6.1103790e-04
-3.5616060e-04
8.1746150e-04
1.8936140e-03
1.8637310e-03
1.8523360e-03
2.0895240e-03
2.0348620e-03
2.1580180e-03
2.8984760e-03
3.6736200e-03
2.7910490e-03
2.1634970e-03
2.0529480e-03
2.6503720e-03
3.7783150e-03
3.8359690e-03
2.6707950e-03
2.0791180e-03
7.1041390e-04
-2.7785310e-04
6.8563520e-04
1.9202120e-03
2.2469290e-03
2.0879450e-03
1.0610680e-03
6.7253500e-05
3.4934170e-04
9.9826540e-04
1.1893520e-03
1.1033430e-03
1.0275730e-03
9.1603030e-04
1.5978010e-03
2.1337760e-03
2.3581200e-03
2.1042820e-03
9.1294150e-04
-1.7140950e-04
-2.1195350e-04
-9.3103610e-05
-3.1979090e-04
3.3710990e-06
3.2586940e-04
-3.8209540e-04
-1.9093520e-04
9.4309870e-04
1.7210030e-03
1.7295780e-03
1.8947660e-03
1.7192480e-03
1.6148890e-03
2.1572250e-03
2.2634780e-03
2.2614590e-03
2.2130580e-03
2.1717740e-03
2.1919780e-03
2.2536930e-03
2.1836840e-03
1.6660390e-03
9.8519560e-04
6.1032570e-04
-3.4620870e-04
-5.6619670e-04
-2.7890170e-04
5.1112630e-04
6.2026490e-04
-4.5697800e-05
-1.6665540e-03
-2.5353560e-03
-1.7068480e-03
-6.3046260e-04
-4.1915050e-04
-4.0207230e-04
-4.9904940e-04
-6.8555370e-04
-5.6215610e-04
-5.1281240e-04
-6.2159870e-04
-2.0148140e-04
-9.2472620e-05
-2.6795670e-04
-4.1609580e-04
-3.6431220e-04
3.9543410e-04
1.4469980e-03
1.5683080e-03
3.2716970e-04
3.1881840e-04
1.3913850e-03
1.1578830e-03
8.4622930e-05
-1.4265930e-04
-2.9235250e-04
-3.7353000e-04
1.6700370e-04
1.5860060e-03
2.1498450e-03
1.6869860e-03
1.2565690e-03
1.5109660e-04
3.5417430e-04
1.6339020e-03
1.5364290e-03
2.9461480e-04
-6.0777880e-04
-1.5862350e-03
-1.0031350e-03
-2.8611060e-04
-2.4704480e-05
-1.8032180e-04
-1.2246020e-03
-2.0785960e-03
-1.0414380e-03
-3.0936360e-04
-7.6833260e-05
3.7635730e-07
-6.6751950e-04
-2.2543490e-03
-2.5046410e-03
-1.2636430e-03
-1.0725100e-03
-2.3721760e-03
-2.5149890e-03
-2.9437870e-03
-2.3973550e-03
-9.5553680e-04
-8.7343900e-04
-2.3676470e-03
-2.9254440e-03
-2.6548240e-03
-1.4861990e-03
