0.01
1.9860280e-03
3.3593410e-03
5.8070850e-03
7.1196440e-03
5.7907640e-03
4.8937270e-03
4.2408570e-03
2.0570820e-03
1.7324130e-03
1.3697300e-03
-8.6082840e-05
-2.0079220e-04
-1.3107220e-04
-3.3745310e-04
-1.8012000e-03
-3.5228870e-03
-5.9474440e-03
-8.2324360e-03
-8.7188060e-03
-8.7876560e-03
-6.7779830e-03
-3.9001030e-03
-6.8557010e-04
4.2088410e-03
6.7342530e-03
6.8150600e-03
8.3113420e-03
7.9246420e-03
7.6076430e-03
7.1605990e-03
7.5993720e-03
5.0178410e-03
-2.1846590e-04
-3.9431530e-03
-5.5020180e-03
-5.3299080e-03
-3.3248420e-03
-2.8242520e-03
-4.1051260e-03
-6.0469740e-03
-8.7327610e-03
-1.2229770e-02
-1.5185230e-02
-1.6718760e-02
-1.7005690e-02
-1.4888770e-02
-1.0739300e-02
-3.6616230e-03
5.8895490e-03
1.0522280e-02
8.8033310e-03
7.9848510e-03
8.7048620e-03
1.0981990e-02
1.1675070e-02
1.0788720e-02
8.4085240e-03
2.9883450e-03
-1.7946180e-04
9.6303330e-05
2.2994010e-03
2.8614240e-03
2.5561650e-03
3.8678410e-04
1.0357200e-05
1.1200470e-04
9.5496590e-06
-2.4881620e-03
-7.7911920e-03
-1.1636920e-02
-1.2618430e-02
-1.0582160e-02
-7.2439850e-03
-2.7951370e-03
4.9746430e-03
1.1656300e-02
1.4464890e-02
1.3202060e-02
7.8312580e-03
8.2416520e-04
-2.6542960e-03
-6.3266320e-03
-7.9424120e-03
-7.8855440e-03
-8.0138480e-03
-7.7461550e-03
-5.6082650e-03
-5.1877270e-03
-5.2718900e-03
-3.3209320e-03
-1.5695580e-04
2.7437110e-03
3.1611070e-03
3.1547500e-03
3.0527360e-03
4.3771720e-03
6.0831690e-03
8.5686590e-03
8.4278940e-03
4.0652720e-03
1.3874820e-03
-1.9350360e-03
-7.6758180e-03
-1.1396290e-02
-1.3639630e-02
-1.1871640e-02
-8.5543940e-03
-2.7217010e-03
3.2420580e-04
2.2222900e-04
2.3330450e-03
5.2509180e-03
8.1914330e-03
8.9371610e-03
8.9296380e-03
9.0919200e-03
7.0138740e-03
6.0141320e-03
6.9490050e-03
8.7674540e-03
3.8193210e-03
9.2855790e-04
-1.1070150e-03
-4.0103320e-03
-5.0204230e-03
-7.2185160e-03
-7.5822210e-03
-7.7339570e-03
-9.8877900e-03
-1.0494050e-02
-9.7683500e-03
-7.7306410e-03
-5.6304010e-03
-2.8100850e-03
-7.4273570e-04
1.3227960e-03
4.1114010e-03
7.6537620e-03
1.0623310e-02
1.2257230e-02
1.1482450e-02
9.2145300e-03
4.4707070e-03
-1.4715370e-03
-4.4789390e-03
-4.4988230e-03
-4.6060560e-03
-3.6306360e-03
-2.0410520e-03
-1.9568430e-03
-3.9765580e-03
-6.3444380e-03
-9.2472220e-03
-1.0102380e-02
-9.7958450e-03
-7.8063870e-03
-5.0301490e-03
-1.4982610e-03
2.2960070e-03
6.4384320e-03
1.3273980e-02
1.7705950e-02
1.6818670e-02
1.4154550e-02
1.0260390e-02
6.8159880e-03
2.5484440e-03
6.0647610e-04
3.3605780e-04
1.6313970e-07
-8.0031780e-04
-3.2808950e-03
-6.1119950e-03
-7.8344870e-03
-9.2784870e-03
-9.3589520e-03
-8.0460580e-03
-6.1008600e-03
-3.2076890e-03
1.1693390e-03
2.4842640e-03
6.3357070e-03
1.0367400e-02
9.4599500e-03
8.0904670e-03
6.0718460e-03
3.8304090e-03
2.5339100e-03
1.9675130e-03
-7.8684310e-04
-3.4703960e-03
-6.6779750e-03
-1.0858330e-02
-1.3872850e-02
-1.4132900e-02
-1.1189840e-02
-5.9276610e-03
8.1002870e-04
6.9553500e-03
1.0476730e-02
1.1664900e-02
1.4144450e-02
1.6236110e-02
1.4534540e-02
1.0844680e-02
5.1461310e-03
3.4856630e-04
-3.2501980e-04
-3.0493810e-04
-3.7374500e-04
-2.1326230e-04
-1.0734810e-03
-3.5153470e-03
-5.6118980e-03
-5.9509120e-03
-5.9079510e-03
-6.0275740e-03
-5.5441720e-03
-3.5272920e-03
-1.6730380e-03
-3.6490830e-04
1.8960510e-03
2.4962880e-03
4.0300310e-03
5.3519860e-03
5.3415870e-03
5.3571750e-03
5.2725670e-03
5.2541090e-03
5.3789250e-03
4.0200460e-03
1.6853660e-03
-2.9885730e-04
-2.6496170e-04
-1.8486420e-03
-3.1462510e-03
-3.1583350e-03
-3.1302130e-03
-3.1360680e-03
-5.3156070e-03
-7.9670090e-03
-1.1629880e-02
-1.4217210e-02
-1.4366170e-02
-1.1344820e-02
-7.2529700e-03
-2.9148930e-03
4.7905070e-04
5.4945510e-03
1.0888980e-02
1.3674500e-02
1.3890150e-02
1.1134880e-02
8.1384220e-03
6.6012520e-03
7.9537220e-03
8.5755720e-03
7.4657100e-03
4.3401870e-03
4.0266620e-04
3.0791770e-05
1.6367510e-03
6.2897430e-04
-6.1364080e-04
-2.5490310e-03
-2.7560240e-03
-3.4919930e-03
-5.3251290e-03
-6.2374510e-03
-8.1630150e-03
-1.0201450e-02
-1.1248720e-02
-1.1215700e-02
-1.1456500e-02
-1.0239810e-02
-6.8904030e-03
-1.7709840e-03
5.9897130e-03
1.2310100e-02
1.4082520e-02
1.2517140e-02
1.1106340e-02
9.2244050e-03
8.2013040e-03
9.8204720e-03
1.1117630e-02
1.1189380e-02
1.0467550e-02
7.0938520e-03
2.3505000e-04
-8.4025780e-03
-1.5095040e-02
-1.8170640e-02
-2.1294590e-02
-2.2484050e-02
-1.9353530e-02
-1.6455540e-02
-1.2981370e-02
-9.6408520e-03
-5.3022830e-03
-7.8715480e-04
2.2718250e-03
2.6750180e-03
2.6975220e-03
4.8170710e-03
8.8753820e-03
1.0808560e-02
1.2055900e-02
1.4020500e-02
1.2616240e-02
1.0890840e-02
8.3663790e-03
7.9732150e-03
8.5129380e-03
6.9742560e-03
3.7240380e-03
-1.5974130e-03
-1.8082150e-03
2.6463960e-04
2.9243810e-03
5.5857200e-03
6.2291060e-03
3.6040740e-03
-1.7367740e-03
-7.4664830e-03
-1.3063020e-02
-1.3096410e-02
-8.4283170e-03
-4.7844480e-03
-4.1266490e-03
-6.2020770e-03
-8.3161220e-03
-1.0489120e-02
-1.1181560e-02
-8.8150420e-03
-4.1488480e-03
4.8665260e-04
2.4355840e-03
4.5942490e-03
5.3222460e-03
5.2857780e-03
5.9422680e-03
6.0415900e-03
5.1643110e-03
3.1895400e-03
6.9728220e-04
-5.3330500e-04
7.9354090e-04
2.3023320e-03
2.8902350e-03
5.0995660e-03
5.4402070e-03
3.8108780e-03
4.4343110e-04
-3.3736150e-03
-5.7616460e-03
-6.1193730e-03
-4.9419590e-03
-3.2901680e-03
-3.0761300e-03
-4.8748780e-03
-6.1588280e-03
-7.9830840e-03
-9.9002910e-03
-1.1451190e-02
-9.1320080e-03
-5.8851620e-03
-2.4668260e-03
5.3561350e-04
3.3862580e-03
5.2991340e-03
7.4656360e-03
8.1166360e-03
8.0828480e-03
8.1367260e-03
8.0540450e-03
8.2056700e-03
1.0327390e-02
1.0778420e-02
8.8398950e-03
7.0525920e-03
5.3653920e-03
2.9566120e-03
-2.0600060e-03
-7.9383790e-03
-1.1387850e-02
-1.1686070e-02
-1.0636970e-02
-8.6174100e-03
-5.3146700e-03
-2.1355000e-03
-8.2163160e-04
-3.3437800e-03
-6.0020920e-03
-9.7574130e-03
-1.3228780e-02
-1.2881810e-02
-7.7656150e-03
8.2418000e-04
1.0994380e-02
1.5609430e-02
1.4273840e-02
1.0358920e-02
8.2726170e-03
8.0692260e-03
8.1940030e-03
7.7943420e-03
5.6856260e-03
5.1015720e-03
2.5515470e-03
1.9336130e-05
-1.2763330e-03
-2.8949550e-03
-4.6498880e-03
-5.9942520e-03
-6.5327300e-03
-6.8269950e-03
-8.1097060e-03
-8.9156360e-03
-8.0380860e-03
-6.0238140e-03
-2.9117770e-03
9.3663520e-04
4.3736350e-03
5.4221650e-03
3.7204790e-03
6.4371920e-04
-1.8500810e-03
-3.2183200e-03
-1.1215060e-03
2.9259230e-03
5.2916380e-03
3.7697850e-03
-1.5792330e-03
-6.6862620e-03
-8.8965220e-03
-1.1167800e-02
-1.1572080e-02
-9.2392420e-03
-6.0576140e-03
-2.3411260e-03
1.2732710e-03
2.5710220e-03
4.7665550e-03
5.2683690e-03
5.2886530e-03
5.1722600e-03
4.1645690e-03
5.0150160e-03
5.2782460e-03
5.2230150e-03
5.4197790e-03
4.0998410e-03
2.5610650e-03
2.2491320e-03
6.9742300e-04
2.1856060e-03
5.2843930e-03
8.5500990e-03
9.6079610e-03
7.0166830e-03
3.3865620e-03
2.3592170e-04
-1.6012890e-03
-3.2239500e-03
-1.5543470e-03
-3.4198600e-04
-1.0886200e-03
-3.0284910e-03
-3.2096570e-03
-2.0971950e-03
-1.4441170e-03
-2.5487090e-03
-4.2954890e-03
-7.4642390e-03
-9.2984230e-03
-9.9676220e-03
-8.1016840e-03
-4.7454670e-03
-2.4509610e-03
-4.8892390e-04
-3.2576040e-04
-4.6274150e-04
5.3756020e-05
2.1453440e-03
2.2928940e-03
3.2589050e-03
5.2438720e-03
5.2372510e-03
6.8976370e-03
7.7978340e-03
6.3002570e-03
5.5478640e-03
3.9290960e-03
5.5710300e-04
-6.1497200e-04
-2.4002530e-03
-3.6791090e-03
-5.6229820e-03
-7.7971520e-03
-8.8078970e-03
-1.0258700e-02
-1.1341410e-02
-8.7084440e-03
-5.4426780e-03
-3.2854750e-03
-1.8972110e-03
-4.2563450e-05
1.6121900e-03
5.0872310e-03
5.7255320e-03
5.6890450e-03
5.8080990e-03
4.2171780e-03
2.9299340e-03
2.9097680e-03
2.9540580e-03
2.8382660e-03
1.4149770e-04
-3.8091340e-03
-7.3496780e-03
-9.5803740e-03
-1.0968990e-02
-1.1106530e-02
-9.8097980e-03
-7.8220380e-03
-5.0783470e-03
-4.5715440e-04
3.1371040e-03
7.1885560e-03
8.9209220e-03
8.3558080e-03
5.9751800e-03
3.7734930e-03
3.0141840e-03
5.6777430e-03
1.1263430e-02
1.4214390e-02
1.5751210e-02
1.5235920e-02
1.2935600e-02
9.8931240e-03
6.3753070e-03
3.4462210e-03
1.3126500e-03
9.8284450e-04
-9.7040890e-04
-2.3480970e-03
-5.8211700e-03
-7.7513390e-03
-1.0579150e-02
-1.2472420e-02
-1.0407650e-02
-7.6103120e-03
-4.9538250e-03
-3.5604570e-03
-1.8911000e-03
-1.8747080e-03
-1.6866590e-03
2.2148590e-04
1.3547190e-03
3.6577960e-03
6.0434040e-03
8.8861420e-03
1.1429210e-02
1.3765690e-02
1.6062640e-02
1.7759530e-02
1.7844410e-02
1.8051240e-02
1.6156530e-02
1.1927450e-02
7.8657370e-03
4.9891090e-03
3.4118470e-03
1.2923070e-03
1.0614610e-03
1.0598020e-03
1.2276430e-03
-3.5188560e-04
-3.8218000e-03
-7.6889990e-03
-1.1361760e-02
-1.2843040e-02
-1.2832070e-02
-1.0650420e-02
-7.2787810e-03
-4.4813570e-03
-1.6898150e-03
1.1513110e-03
3.9304280e-03
6.2225880e-03
6.9659930e-03
7.8351860e-03
7.8683580e-03
5.7155670e-03
4.0689760e-03
1.9398480e-03
1.4215520e-03
2.8613000e-03
5.6494290e-03
8.5778850e-03
1.0049290e-02
1.1797340e-02
1.1182120e-02
9.4528510e-03
7.4352650e-03
4.3318140e-03
7.8292640e-04
-2.2028440e-03
-5.0918990e-03
-7.5855610e-03
-7.7561280e-03
-6.9561250e-03
-8.6629170e-03
-9.8447850e-03
-9.2723440e-03
-6.0722170e-03
-2.3974750e-03
2.0863130e-03
7.7822040e-03
1.2206560e-02
1.4444290e-02
1.3191880e-02
7.1463930e-03
-1.7590370e-04
-7.4207830e-03
-1.3054200e-02
-1.5315390e-02
-1.5107910e-02
-1.4718950e-02
-2.0442950e-02
-2.8678200e-02
-3.1901940e-02
-3.4024800e-02
-3.4707000e-02
-3.4631570e-02
-3.6836770e-02
-3.9608930e-02
-4.0278130e-02
-3.7396960e-02
-3.0916870e-02
-2.0666820e-02
-1.2274320e-02
-6.2512160e-03
-2.1716920e-03
3.2218030e-03
1.0625150e-02
1.9481100e-02
2.6686600e-02
3.2980060e-02
3.9100590e-02
3.8473620e-02
3.3748440e-02
3.2467750e-02
2.9575310e-02
2.5360650e-02
2.4748830e-02
2.3431270e-02
1.8818170e-02
9.8297570e-03
-2.0046900e-03
-1.4345860e-02
-2.5807510e-02
-3.5225900e-02
-4.1904710e-02
-4.5005300e-02
-4.6993910e-02
-4.2802860e-02
-3.4621920e-02
-2.3192920e-02
-1.3089100e-02
-8.4070320e-03
-5.5920640e-03
-1.6275310e-03
2.5827030e-03
9.1969000e-03
1.9535520e-02
3.2233430e-02
4.4244110e-02
5.2314210e-02
5.3216440e-02
5.2730970e-02
5.3159930e-02
5.1112660e-02
3.5037520e-02
1.8641860e-02
8.3695110e-03
3.2146820e-03
2.2527080e-04
1.8432600e-03
-3.3368420e-04
-5.9394270e-03
-1.3028390e-02
-2.2079510e-02
-3.0518710e-02
-3.6898320e-02
-3.9481050e-02
-3.9480180e-02
-3.9678330e-02
-3.7834050e-02
-3.1102880e-02
-2.0028050e-02
-3.2386340e-03
1.2522460e-02
1.3544750e-02
1.1138100e-02
1.0451440e-02
5.4888530e-03
1.8167950e-04
-2.4957470e-03
-2.8313680e-03
-2.7931810e-03
-2.8077910e-03
-2.5773550e-03
-3.4807530e-03
-8.3301760e-03
-1.1731240e-02
-1.6532930e-02
-1.7572640e-02
-1.4393030e-02
-1.5494340e-02
-8.4013780e-03
9.6989440e-03
2.5939450e-02
4.0930780e-02
4.6236440e-02
5.0799050e-02
5.2332450e-02
5.4341790e-02
5.4479040e-02
4.5770080e-02
4.4702290e-02
3.9053670e-02
2.7411700e-02
2.3902440e-02
2.8927550e-02
3.0871190e-02
2.5747400e-02
1.6229720e-02
3.2812990e-03
-1.3853400e-02
-3.7866980e-02
-5.6393230e-02
-6.2124260e-02
-5.7394420e-02
-5.3167020e-02
-4.9058130e-02
-4.4445630e-02
-4.5147410e-02
-5.0426740e-02
-5.6081740e-02
-5.6315260e-02
-5.5739900e-02
-5.6761610e-02
-5.4562090e-02
-5.7723520e-02
-5.3675150e-02
-4.0838430e-02
-1.5148790e-02
2.2554110e-02
4.8235550e-02
6.3677700e-02
8.5154780e-02
1.1790530e-01
1.1917770e-01
1.1028280e-01
1.0441770e-01
9.1696820e-02
6.4690970e-02
2.8265340e-02
5.6586890e-03
-2.4812520e-03
-4.2012710e-03
-2.0898890e-03
-6.3888780e-03
-2.2145170e-02
-4.8990690e-02
-8.7045120e-02
-1.1910940e-01
-1.2376830e-01
-1.0062630e-01
-7.0132770e-02
-4.7096080e-02
-4.0610310e-02
-3.5954260e-02
-2.3608910e-02
-6.4350720e-03
1.9821790e-02
4.6326830e-02
6.2585110e-02
6.4608080e-02
6.9460840e-02
6.8356210e-02
5.9034340e-02
4.5814010e-02
3.5263710e-02
2.7832110e-02
2.0138270e-02
1.1273470e-02
9.8767000e-03
2.4958490e-02
5.2757110e-02
5.3192070e-02
3.0752510e-02
9.4279540e-05
-2.6503270e-02
-3.8350460e-02
-4.0359620e-02
-3.5094330e-02
-1.8424500e-02
-3.6324730e-04
1.1196730e-02
2.0551500e-02
2.2385060e-02
1.6719860e-02
3.6092360e-03
-1.4233110e-02
-2.9968390e-02
-3.0399060e-02
-3.1286510e-02
-3.9201360e-02
-4.7275080e-02
-5.1485550e-02
-4.9888750e-02
-4.8393310e-02
-4.5549790e-02
-3.2956930e-02
-7.0252370e-03
1.7238740e-02
2.1055870e-02
1.1537330e-03
-2.5479020e-02
-3.2663470e-02
-1.3797680e-02
7.2653870e-03
1.9923290e-02
2.6506450e-02
3.1596110e-02
3.0591800e-02
4.8235500e-02
6.9029440e-02
4.7912190e-02
3.1247290e-02
1.9091790e-02
1.2007740e-02
7.9986950e-03
3.9562470e-03
-1.2738580e-03
-8.2193630e-03
-1.6997070e-02
-2.5646660e-02
-3.3543100e-02
-3.7098620e-02
-3.2698470e-02
-2.0768880e-02
-4.3511780e-03
8.1095710e-03
1.1571680e-02
6.0199820e-03
3.9595630e-03
1.5979320e-02
2.5202320e-02
3.8666770e-02
5.3631490e-02
7.0305450e-02
7.8194610e-02
7.1204890e-02
5.0188650e-02
2.6658080e-02
4.0501960e-03
-1.7762270e-02
-3.5171650e-02
-5.0640360e-02
-6.5200990e-02
-6.9345630e-02
-7.4779810e-02
-7.7200910e-02
-6.7620480e-02
-6.4585360e-02
-6.1666120e-02
-5.2705660e-02
-4.3030580e-02
-3.8236150e-02
-3.0909380e-02
-1.6154300e-02
2.3495720e-03
1.6285000e-02
2.8616570e-02
4.1430800e-02
4.0861220e-02
3.6990320e-02
3.8267740e-02
4.1754420e-02
4.4208770e-02
4.0575750e-02
2.9824880e-02
1.3776110e-02
2.1082870e-03
-6.2340440e-03
-1.2430690e-02
-1.7713570e-02
-2.8382920e-02
-3.9859280e-02
-4.3764830e-02
-4.8723800e-02
-5.1686170e-02
-5.1897390e-02
-5.0260190e-02
-4.6367990e-02
-3.7501200e-02
-2.5835100e-02
-5.0362900e-03
1.6427190e-02
3.1010350e-02
3.8703920e-02
3.9057340e-02
3.6713310e-02
3.2751180e-02
2.8025710e-02
2.9602020e-02
3.5156220e-02
3.6186270e-02
3.4036750e-02
3.5538430e-02
3.1160710e-02
2.0032750e-02
1.0073810e-02
2.1569380e-03
-2.1083800e-03
-3.6338090e-03
-6.5273600e-03
-9.9540110e-03
-9.4044400e-03
-6.2512730e-03
-4.1793850e-03
-5.4257800e-03
-7.0477440e-03
-3.9444300e-03
-2.6101240e-04
3.3646740e-04
2.6018320e-03
2.6079310e-03
-5.6673610e-04
-6.0163280e-03
-1.0574800e-02
-1.0338770e-02
-5.0601970e-03
1.0087650e-03
5.4978760e-03
1.3385980e-03
-6.0782480e-03
-1.2357980e-02
-1.6070940e-02
-1.3262630e-02
-6.6202500e-03
3.9809750e-03
1.7928820e-02
3.2516880e-02
4.3758090e-02
5.1546300e-02
5.2552840e-02
4.7477020e-02
3.8404840e-02
2.7157500e-02
1.6025690e-02
7.9376960e-03
3.5944970e-03
5.6798980e-03
7.6137560e-03
-2.7873020e-04
-1.3250200e-02
-2.3950250e-02
-2.7703790e-02
-2.5777010e-02
-2.0102790e-02
-1.2581540e-02
-6.7787900e-03
-6.5082380e-03
-8.7661630e-03
-1.0603280e-02
-9.7736910e-03
-8.2281170e-03
-6.3833850e-03
-1.1023070e-03
4.6720760e-03
9.4857320e-03
1.1683590e-02
1.1829790e-02
9.6324640e-03
1.0377350e-02
1.5945350e-02
1.7881690e-02
1.3458010e-02
7.8765420e-03
2.1229580e-03
-2.5690940e-03
-6.4089730e-03
-7.6221710e-03
-5.2997230e-03
-6.1066420e-03
-7.5704170e-03
-9.9153850e-03
-1.3438210e-02
-1.8266100e-02
-2.2607100e-02
-1.9955280e-02
-1.6082110e-02
-1.4313490e-02
-8.3855910e-03
4.4609910e-03
8.3735560e-03
6.0534150e-03
4.3596370e-03
-3.9488970e-04
-6.6721260e-03
-7.8076110e-03
-4.8678310e-03
-4.0636600e-04
4.8370080e-03
6.2668480e-03
4.1521690e-03
1.6095430e-03
-1.6882730e-03
-7.5404550e-03
-1.0844470e-02
-8.4581170e-03
-2.3304570e-03
5.8511470e-03
1.3501330e-02
1.7136980e-02
1.6229140e-02
1.4148290e-02
1.1918130e-02
4.3958140e-03
-6.7066740e-03
-1.2554250e-02
-1.3735930e-02
-1.4796900e-02
-1.2074660e-02
-1.1043890e-02
-1.8480630e-02
-2.6259010e-02
-3.2325250e-02
-3.6791160e-02
-4.1078580e-02
-3.8879520e-02
-2.9112100e-02
-1.6401130e-02
-1.4922910e-03
1.1459950e-02
8.1982880e-03
-5.5578750e-03
-1.2537890e-02
-1.2398520e-02
-7.9420330e-03
-7.7853810e-04
7.7760170e-03
1.4503350e-02
2.1704300e-02
3.1035310e-02
3.4406680e-02
3.2805050e-02
2.9401960e-02
2.5070640e-02
2.0471800e-02
1.7792160e-02
1.7463160e-02
1.7441510e-02
1.7539780e-02
1.6733530e-02
1.4115520e-02
7.4968700e-03
-3.4593660e-04
-2.9397220e-03
-2.2311130e-03
-2.3097700e-03
-6.5475610e-03
-9.9015180e-03
-5.0629190e-03
-3.0492720e-04
4.2058410e-03
5.0245880e-03
3.5970690e-03
1.0052480e-03
-2.2702140e-03
-2.5492360e-03
-1.7385320e-03
-3.1064500e-04
7.8385790e-04
-4.8490650e-04
-4.0279470e-03
-7.4688880e-03
-1.0228670e-02
-1.0213750e-02
-6.9823710e-03
-1.6649910e-03
2.4770300e-03
5.7260840e-03
6.2421760e-03
6.3184930e-03
4.8106800e-03
1.9936010e-03
6.4582210e-04
-1.4135810e-03
-2.5594510e-03
-4.7575510e-03
-4.6424970e-03
-2.6727280e-03
-1.5807820e-03
-2.6289860e-03
-7.3594580e-03
-1.1002110e-02
-1.3480040e-02
-1.2566020e-02
-8.6394870e-03
-7.0760060e-03
-4.3182790e-03
-1.4707080e-03
3.3973260e-03
1.0489560e-02
1.9102850e-02
2.5145240e-02
2.6127600e-02
2.2243170e-02
1.4690900e-02
8.7469800e-03
8.2579610e-03
3.8304110e-03
-7.1040900e-03
-1.3595650e-02
-2.0713870e-02
-1.7816040e-02
-1.3839500e-02
-1.1708150e-02
-5.3759890e-03
8.6702830e-04
4.5054650e-03
3.7799740e-03
3.4686480e-03
3.3686520e-03
3.8147190e-03
5.3296580e-03
4.3386610e-03
4.0667150e-03
5.4693700e-03
1.0975800e-02
1.6916290e-02
1.9759260e-02
1.7424750e-02
1.4499890e-02
9.4571430e-03
4.4519770e-03
5.8515020e-03
6.3422700e-03
3.2898930e-03
-6.5009070e-03
-2.0199530e-02
-3.3756880e-02
-4.3360270e-02
-4.5799140e-02
-4.4600540e-02
-4.2509640e-02
-3.6803260e-02
-3.0136930e-02
-2.5764890e-02
-2.4863230e-02
-2.2716420e-02
-1.7457530e-02
-9.6629080e-03
4.4212420e-04
1.1147350e-02
1.9258800e-02
2.4762310e-02
2.8534790e-02
3.3137730e-02
3.4766800e-02
3.5687050e-02
3.3737530e-02
3.1718370e-02
2.7288160e-02
2.2187880e-02
1.5888080e-02
8.3098150e-03
2.1772430e-03
-2.8738530e-03
-6.2893960e-03
-8.7153490e-03
-9.8060540e-03
-1.1489770e-02
-1.2549700e-02
-1.0278200e-02
-9.2755120e-03
-9.8870670e-03
-8.4033990e-03
-7.1408980e-03
-5.4954000e-03
-4.1755090e-03
-3.4481020e-03
9.7045760e-05
3.4900110e-03
5.0888860e-03
8.2189120e-03
1.3618070e-02
1.8843070e-02
2.1218930e-02
2.3720270e-02
2.3536400e-02
2.1611790e-02
1.7982220e-02
1.1878510e-02
6.6178450e-03
1.0825000e-03
-3.1497530e-03
-4.3955100e-03
-6.2887420e-03
-6.5274130e-03
-8.4709370e-03
-1.1717200e-02
-1.5622970e-02
-2.1066400e-02
-2.4376160e-02
-2.6785290e-02
-2.8659450e-02
-2.6162990e-02
-2.1268390e-02
-1.4647010e-02
-8.6667400e-03
-3.1135900e-03
-4.7647670e-04
-4.9118710e-04
-2.3147180e-03
-5.7902340e-03
-8.6033760e-03
-9.3078860e-03
-8.7924990e-03
-7.2832840e-03
-7.8119380e-03
-9.1531810e-03
-1.1198690e-02
-1.2333120e-02
-1.4532100e-02
-1.4421410e-02
-1.2257790e-02
-9.7930210e-03
-6.9657600e-03
-4.1127720e-03
-3.6614800e-03
-2.8287840e-03
8.0817970e-04
4.2925740e-03
6.3691720e-03
8.4364630e-03
1.1311690e-02
1.4738530e-02
1.7710210e-02
2.0968150e-02
2.2753540e-02
2.3881440e-02
2.1179060e-02
1.6158680e-02
9.7576830e-03
5.6069280e-03
6.1124910e-03
7.5101730e-03
7.7368160e-03
9.2343410e-03
9.9196120e-03
9.5500550e-03
7.8283350e-03
3.8483340e-03
1.7897100e-06
-7.8082620e-04
-2.0651100e-04
1.8573120e-03
2.2828520e-03
2.8701310e-03
2.3855590e-03
-4.8381280e-04
-3.1866860e-03
-1.2727480e-03
-6.4714050e-04
-7.4761560e-04
1.5460010e-03
4.4486080e-03
5.0139310e-03
2.7437750e-03
6.7071940e-05
-3.5221780e-03
-7.0379350e-03
-9.0433660e-03
-9.0651970e-03
-6.9155360e-03
-6.2102210e-03
-6.3224040e-03
-8.2686710e-03
-9.9259020e-03
-1.1829000e-02
-1.0346740e-02
-8.5557120e-03
-6.5466020e-03
-4.7202160e-03
-2.5084030e-03
1.0193670e-03
3.7697180e-03
8.3450540e-03
1.4399620e-02
2.0167350e-02
2.3583660e-02
2.1543360e-02
1.6171860e-02
1.0769840e-02
7.4173360e-03
2.3870480e-03
-3.2114060e-03
-8.8417060e-03
-1.4055430e-02
-1.5709480e-02
-1.3993780e-02
-1.1998840e-02
-7.4759610e-03
-4.6403520e-04
6.2204600e-03
7.1789870e-03
8.5428490e-03
9.4710290e-03
1.2666270e-02
1.6186240e-02
1.8095400e-02
2.0024400e-02
1.8703090e-02
1.6417730e-02
1.4646380e-02
1.2473800e-02
1.2107340e-02
1.0936200e-02
9.1391210e-03
6.4731980e-03
2.6212280e-03
-3.1603120e-03
-8.2329960e-03
-1.2080460e-02
-1.3172750e-02
-1.3208790e-02
-1.3091130e-02
-1.3829180e-02
-1.5727270e-02
-1.6024280e-02
-1.5965600e-02
-1.4352520e-02
-1.2666590e-02
-1.0035870e-02
-7.7866520e-03
-7.4772860e-03
-7.6564300e-03
-7.0232130e-03
-6.0896190e-03
-6.8509660e-03
-6.6176080e-03
-3.6193210e-03
8.5260910e-04
5.8183650e-03
1.0784040e-02
1.2147410e-02
1.0488690e-02
5.4489110e-03
4.7508370e-05
-2.0101380e-03
1.5780450e-03
8.3769040e-03
1.1935740e-02
1.4580790e-02
1.7234570e-02
1.7807550e-02
1.9315070e-02
1.8323770e-02
1.6862050e-02
1.3286880e-02
6.2792720e-03
-1.6053600e-04
-5.6223680e-03
-1.0602510e-02
-1.5476060e-02
-2.1051510e-02
-2.2760520e-02
-2.2446880e-02
-2.1016650e-02
-1.8424700e-02
-1.5746050e-02
-1.2286800e-02
-6.9553270e-03
-3.0263440e-03
1.0725750e-03
3.5688970e-03
3.3230840e-04
-6.7604430e-03
-1.5479350e-02
-1.9508220e-02
-1.8039570e-02
-1.2794110e-02
-6.7193820e-03
3.4295240e-04
3.4280240e-03
5.2206320e-03
5.7551010e-03
7.3912460e-03
9.3552160e-03
9.4127910e-03
9.4186930e-03
7.2887690e-03
4.1679850e-03
5.1753540e-04
-4.0025290e-03
-6.8488380e-03
-8.5750270e-03
-9.9476820e-03
-1.0288080e-02
-1.0407300e-02
-7.4360690e-03
-3.8421790e-03
-2.0269050e-03
-4.7208450e-04
4.3034990e-03
1.0602760e-02
1.6979730e-02
1.7794510e-02
1.7948430e-02
1.7318920e-02
1.5087890e-02
1.4996410e-02
1.5150260e-02
1.4602600e-02
1.2004380e-02
7.1887850e-03
1.4756990e-03
-3.7544250e-03
-8.3575710e-03
-1.3131920e-02
-1.5950800e-02
-1.5360390e-02
-1.2926120e-02
-1.0183740e-02
-7.0475590e-03
-2.5397200e-03
1.0969620e-03
4.9220780e-03
7.0523610e-03
1.0644570e-02
1.2614940e-02
1.4553690e-02
1.3505080e-02
1.2525230e-02
1.1832030e-02
9.6630200e-03
9.3141730e-03
8.8694120e-03
8.4255670e-03
9.6275580e-03
8.5483730e-03
4.4527040e-03
-1.0689010e-03
-6.9613100e-03
-1.4027390e-02
-2.0830050e-02
-2.4592120e-02
-2.6945620e-02
-2.6658620e-02
-2.2861640e-02
-1.5048680e-02
-7.8615820e-03
-2.2994970e-03
3.2810300e-03
9.7900550e-03
1.4373720e-02
1.4988880e-02
1.5290820e-02
1.6554750e-02
1.6122990e-02
1.5039930e-02
1.5035070e-02
1.2306110e-02
7.6189360e-03
4.7747100e-03
2.0407120e-03
-9.1409290e-04
-3.6936590e-03
-4.9609660e-03
-8.4843290e-03
-1.0078340e-02
-1.0225640e-02
-8.2197430e-03
-5.2519400e-03
-4.4976060e-03
-4.5373670e-03
-4.4823090e-03
-3.3668690e-03
-1.8755290e-03
-1.4745690e-03
-1.6492130e-03
-3.7874990e-04
2.6170990e-03
3.9317240e-03
4.5848910e-03
6.9990410e-03
6.4086420e-03
4.1211930e-03
1.3077560e-03
-3.4944640e-03
-4.7608280e-03
-4.7750160e-03
-4.3903410e-03
-5.2239110e-03
-4.2875360e-03
-2.0148640e-03
-1.4255060e-03
-2.2068450e-03
-4.3107140e-03
-6.3430870e-03
-8.6335320e-03
-9.8966410e-03
-7.6075310e-03
-4.4231120e-03
-1.5041290e-03
6.3102290e-04
1.3361310e-03
3.5091560e-03
3.9551990e-03
3.9156060e-03
3.9498770e-03
3.8966920e-03
4.0584060e-03
3.5383520e-03
6.4603870e-04
-1.3726000e-03
-3.7471640e-03
-4.2598120e-03
-2.0866630e-03
-4.0073180e-04
2.4178270e-03
4.2446870e-03
5.5800310e-03
7.0222790e-03
9.2509370e-03
9.5926030e-03
1.0998890e-02
1.2535320e-02
1.2658210e-02
1.0755630e-02
7.3704030e-03
3.0632250e-03
-3.3249730e-03
-7.5011880e-03
-1.1868690e-02
-1.5640650e-02
-1.8180120e-02
-1.8352770e-02
-1.5942350e-02
-1.2903930e-02
-1.2775070e-02
-1.4943390e-02
-1.7322780e-02
-1.9549470e-02
-2.1118870e-02
-1.9145900e-02
-1.7766660e-02
-1.5248080e-02
-1.3786850e-02
-1.2815020e-02
-1.2534350e-02
-9.9398020e-03
-6.1451430e-03
-1.3189540e-03
3.6452340e-03
8.1731880e-03
1.2250310e-02
1.7706950e-02
2.2332560e-02
2.3645590e-02
2.3752980e-02
2.2156020e-02
2.0809240e-02
2.0901830e-02
2.0930510e-02
1.9652860e-02
1.7774040e-02
1.3243490e-02
7.8277160e-03
4.1482550e-03
1.7722190e-03
8.1027220e-04
-1.7604140e-03
-3.9265000e-03
-6.6363360e-03
-1.0237240e-02
-1.3887680e-02
-1.5782780e-02
-1.6055540e-02
-1.4228360e-02
-8.9956240e-03
-3.4042000e-03
2.4730630e-03
6.6560700e-03
7.0883110e-03
7.0379270e-03
8.6120130e-03
9.3135750e-03
1.0181220e-02
8.8771590e-03
7.4945760e-03
6.4298590e-03
2.3375710e-03
-2.9728320e-03
-6.3662030e-03
-9.5225580e-03
-1.2942630e-02
-1.7158710e-02
-2.2796630e-02
-2.5973800e-02
-2.3638460e-02
-1.9298130e-02
-1.6341770e-02
-1.4820670e-02
-1.4394600e-02
-1.4500340e-02
-1.3171090e-02
-9.6883910e-03
-6.4866070e-03
-3.1039840e-03
1.9282720e-04
2.7151230e-03
6.1910950e-03
9.3423640e-03
1.3108280e-02
1.6346750e-02
1.9103910e-02
1.9005420e-02
1.5390180e-02
1.2567260e-02
9.7636640e-03
5.7651860e-03
2.9019100e-03
2.5132490e-03
2.3798390e-03
3.8679620e-03
5.5081860e-03
7.9808160e-03
1.0506820e-02
1.2388070e-02
1.4052420e-02
1.2989550e-02
1.1986580e-02
1.1853070e-02
1.0284840e-02
8.2329480e-03
5.8181010e-03
3.3635930e-03
8.3807030e-04
6.4408610e-04
-4.0250440e-04
-6.9755650e-04
-5.0791630e-04
-7.9282650e-04
-1.8796710e-03
-1.8858800e-03
-1.8022140e-03
-1.7799780e-03
-1.8579960e-03
-1.4906610e-03
6.3872840e-04
2.3562700e-03
5.1723480e-03
7.7299620e-03
9.1859950e-03
9.6642540e-03
9.3885840e-03
7.3359140e-03
4.9529090e-03
1.8504700e-03
-1.7494350e-03
-5.5380460e-03
-9.7719070e-03
-1.4102680e-02
-1.5959010e-02
-1.7160610e-02
-1.6101250e-02
-1.5698210e-02
-1.5698360e-02
-1.5797960e-02
-1.5451980e-02
-1.3407600e-02
-1.2174000e-02
-9.9705110e-03
-7.5084360e-03
-4.6397590e-03
-1.9583630e-03
8.6381690e-04
3.8275990e-03
6.2863940e-03
6.9154270e-03
9.1875830e-03
9.5653120e-03
9.9252940e-03
1.1173070e-02
1.2600210e-02
1.4712940e-02
1.5491620e-02
1.6620610e-02
1.5733030e-02
1.4056160e-02
1.1280370e-02
8.4745330e-03
6.4331760e-03
3.6284860e-03
9.6838680e-04
-1.2189200e-03
-3.0652110e-03
-4.6613430e-03
-6.1976440e-03
-6.9390670e-03
-5.7416730e-03
-4.3302580e-03
-2.1475440e-03
-1.6170640e-03
-1.9317710e-03
-3.9518800e-03
-5.7924830e-03
-7.2507610e-03
-8.0999760e-03
-8.1344990e-03
-7.9121810e-03
-8.2491860e-03
-7.9700620e-03
-8.3635700e-03
-7.3867870e-03
-7.0977240e-03
-5.7104800e-03
-3.6437980e-03
-1.8813240e-03
6.9544620e-04
2.4649300e-03
4.3064120e-03
6.3306050e-03
7.0082050e-03
8.5455560e-03
9.5693650e-03
9.7769960e-03
8.3985400e-03
6.9890590e-03
6.7129540e-03
4.6529860e-03
2.8024660e-03
1.4667970e-03
-6.3048870e-04
-2.7464640e-03
-5.5362000e-03
-7.5312470e-03
-1.0048100e-02
-1.2226110e-02
-1.2967760e-02
-1.4121740e-02
-1.3905040e-02
-1.2589780e-02
-1.0193990e-02
-7.2394080e-03
-4.4295360e-03
-1.4933760e-03
8.9799010e-04
2.7578660e-03
4.0962380e-03
4.4329600e-03
5.6526220e-03
5.3401180e-03
4.1925420e-03
4.3363030e-03
3.0389880e-03
2.4702340e-04
-2.0161600e-03
-5.2727440e-03
-8.2551550e-03
-9.5379490e-03
-1.0972040e-02
-1.2488470e-02
-1.2645690e-02
-1.1221710e-02
-9.8008620e-03
-8.3299200e-03
-6.9685220e-03
-5.5891790e-03
-3.8328380e-03
-2.4923260e-03
1.9777540e-04
1.9599550e-03
2.9678600e-03
4.1096570e-03
4.5912390e-03
3.4648950e-03
3.0081970e-03
4.1215480e-03
4.5090020e-03
4.4885420e-03
4.4231030e-03
5.0499570e-03
5.7001190e-03
5.6098510e-03
6.9544900e-03
8.3510640e-03
8.9806370e-03
1.0406120e-02
1.1568600e-02
1.2703650e-02
1.3101350e-02
1.3080640e-02
1.3092110e-02
1.3076410e-02
1.3227240e-02
1.2857760e-02
1.1603880e-02
1.0279820e-02
8.7795900e-03
7.4992140e-03
6.0447740e-03
4.9496980e-03
3.9356140e-03
3.2067310e-03
2.2159600e-03
2.2179140e-03
1.2705000e-03
5.7784960e-04
-4.2216540e-04
-9.0437880e-04
-1.8858530e-03
-3.0320220e-03
-3.1862590e-03
-3.4989390e-03
-4.5431640e-03
-4.9086110e-03
-5.8456450e-03
-6.9989270e-03
-7.1631150e-03
-5.7324070e-03
-3.0715110e-03
-1.1965130e-03
9.0599430e-04
1.3616790e-03
8.3551380e-04
-7.8841690e-05
-3.7747520e-05
9.0090530e-07
6.3460690e-05
6.2640350e-05
9.4059310e-05
1.6466150e-04
2.4066320e-04
2.6807800e-04
2.6803630e-04
2.7550590e-04
8.1976300e-04
7.4466870e-04
4.6581010e-04
5.2277480e-04
-5.9933510e-04
-3.7800380e-04
1.6572830e-04
3.9739830e-04
7.6958470e-04
7.3809810e-04
9.1792390e-04
4.3407470e-04
-5.0470800e-04
-5.3663030e-04
-1.6393300e-03
-1.8018400e-03
-2.2592770e-03
-3.1564670e-03
-3.5708980e-03
-4.5410140e-03
-4.5391300e-03
-3.5386440e-03
-2.8061380e-03
-1.9040520e-03
-1.8721660e-03
-7.7478590e-04
-5.3954210e-04
-1.3540280e-04
1.3806980e-03
2.3337480e-03
3.4108830e-03
4.8165650e-03
5.0935130e-03
3.9621270e-03
2.5406610e-03
1.2014000e-03
-6.9849450e-04
-2.4547610e-03
-3.4256030e-03
-4.5265720e-03
-4.8371320e-03
-4.7812240e-03
-4.8707390e-03
-4.3699760e-03
-3.3911070e-03
-3.4542420e-03
-2.9610570e-03
-1.9936890e-03
-2.0653530e-03
-1.5281420e-03
-1.0053410e-03
-1.2401490e-03
-1.2940950e-03
-1.9259110e-03
-1.9344640e-03
-1.9323720e-03
-1.8589730e-03
-1.2374620e-03
-8.3754860e-04
-5.6183400e-04
4.2016650e-04
1.2050600e-03
1.9630890e-03
2.3262500e-03
3.7347110e-03
4.4156860e-03
4.3848340e-03
4.2168870e-03
3.2035290e-03
2.8326240e-03
1.7615090e-03
6.2577330e-04
-2.0174060e-04
-8.9318330e-04
-1.4580860e-03
-2.1459430e-03
-2.1506490e-03
-2.0889450e-03
-2.1509100e-03
-3.0190700e-03
-3.2155640e-03
-3.0211870e-03
-2.5787550e-03
-2.0382490e-03
-9.5940260e-04
-7.6869830e-04
-7.0534350e-04
-1.1877040e-03
-1.8199550e-03
-1.7494100e-03
-1.8556590e-03
-2.1513850e-03
-1.7465780e-03
-1.3249300e-03
-5.8013700e-04
-6.2764550e-04
-2.5230530e-04
5.6420850e-04
1.7098810e-04
-5.1440480e-04
-8.3330550e-04
-1.4876310e-03
-2.2079050e-03
-2.3591600e-03
-2.2746250e-03
-2.2217080e-03
-2.1318910e-03
-2.0780670e-03
-2.6421820e-03
-3.0760170e-03
-3.5016570e-03
-3.6379190e-03
-4.3814090e-03
-4.7950720e-03
-4.6595620e-03
-4.1639950e-03
-3.4707750e-03
-2.9964020e-03
-2.3342480e-03
-1.9494230e-03
-1.0615400e-03
-1.6863880e-04
4.4011720e-04
1.0192150e-03
1.4995080e-03
1.9983050e-03
2.0177090e-03
2.5331660e-03
2.1049940e-03
1.9459970e-03
1.6957300e-03
1.1962120e-03
6.8459440e-04
9.6091940e-05
6.5765660e-06
-2.3921580e-04
1.4588120e-04
2.5175170e-04
2.8045380e-04
4.6196680e-04
9.2442470e-04
1.3394040e-03
1.8966470e-03
2.1885460e-03
2.5134960e-03
