0.01
-3.9328490e-04
-7.5575220e-03
-7.7071850e-03
-4.4445160e-03
-5.9865180e-03
-1.2043740e-02
-1.3604520e-02
-8.1360480e-03
-3.7243470e-03
-4.2626170e-03
-4.8363760e-03
9.1896360e-04
9.6692100e-03
1.2415580e-02
7.9600380e-03
3.3659220e-03
7.6938710e-04
-2.8049030e-03
-8.7895050e-03
-1.5121030e-02
-1.8708090e-02
-1.3429250e-02
-9.5888470e-04
8.8662710e-03
1.0771950e-02
1.4201630e-02
1.8015190e-02
1.5116340e-02
4.8853720e-03
-6.7304190e-03
-1.2824670e-02
-1.2319090e-02
-6.2139590e-03
-5.7674180e-04
5.0293670e-03
1.2150670e-02
1.3704180e-02
1.3884960e-03
-1.1116680e-02
-1.2060650e-02
-7.5938120e-03
-4.0915930e-03
-1.8302690e-03
4.2905010e-03
1.4392000e-02
2.4049170e-02
2.3466470e-02
1.6677360e-02
4.9797940e-03
-6.1017350e-03
-1.9929540e-02
-3.1195940e-02
-3.2048650e-02
-1.8485580e-02
1.1650520e-03
1.2868510e-02
1.9831800e-02
2.7823980e-02
3.5418190e-02
3.1695230e-02
1.5494210e-02
-7.2739110e-03
-2.4904310e-02
-2.7280810e-02
-2.2410670e-02
-1.5307590e-02
-6.7114370e-03
5.8334080e-03
1.7224650e-02
1.9492080e-02
1.2809520e-02
2.5998200e-03
-8.7012330e-03
-2.3556460e-02
-3.4826070e-02
-3.7241410e-02
-2.8629280e-02
-1.3106510e-02
2.1301040e-03
7.9907480e-03
6.2298680e-03
2.2689600e-03
-1.5692290e-03
-3.1672620e-03
-2.6597950e-03
3.1715680e-03
1.6851380e-02
3.0531570e-02
3.7932120e-02
3.6892810e-02
3.0600180e-02
2.1534270e-02
3.6714710e-03
-1.8372890e-02
-3.0192690e-02
-2.6842130e-02
-1.2792810e-02
3.4013680e-03
1.6419080e-02
2.5505460e-02
3.0087420e-02
2.7936750e-02
1.6360160e-02
3.3068800e-04
-1.5928180e-02
-2.9569410e-02
-3.8268660e-02
-3.6735690e-02
-2.5263800e-02
-1.1292280e-02
-3.5350270e-03
1.7225620e-03
6.6832730e-03
9.6546990e-03
1.1008990e-02
1.0198160e-02
4.3915840e-03
-2.0500120e-04
3.4713200e-03
7.6588850e-03
9.8037780e-03
9.2598030e-03
3.1410350e-03
-1.3200260e-03
-5.2039650e-03
-9.4268200e-03
-9.4163320e-03
-5.1474260e-03
-1.9467640e-03
-1.0126270e-03
5.7937590e-04
6.5091100e-04
-1.4931060e-03
-7.8293830e-03
-1.4966000e-02
-2.2324940e-02
-2.6585660e-02
-2.3132060e-02
-1.5857210e-02
-1.2879430e-02
-5.8398020e-03
1.2920500e-03
6.2746360e-03
1.1785460e-02
1.3417850e-02
1.3147910e-02
1.0234950e-02
6.2536100e-03
2.5212810e-03
-2.0227190e-03
-4.1900750e-03
-6.9950570e-03
-1.0636600e-02
-1.1710200e-02
-7.9356090e-03
-1.0213500e-03
7.3171500e-03
1.6378120e-02
2.2085480e-02
2.5464640e-02
2.9229880e-02
2.7689590e-02
2.1476580e-02
1.5030710e-02
9.9067270e-03
5.9966840e-03
3.0972680e-04
-6.9792940e-03
-1.2964040e-02
-1.3604210e-02
-8.8876560e-03
-5.1316480e-03
-3.1703010e-03
-8.1029780e-04
4.0437660e-03
8.6206960e-03
7.1343580e-03
-2.2422160e-03
-1.1721430e-02
-1.6004200e-02
-1.3320880e-02
-8.6336740e-03
-3.2653930e-03
3.2993650e-03
1.0551320e-02
1.4226080e-02
1.2748040e-02
6.0368490e-03
1.2053230e-03
1.5766830e-03
3.5978450e-03
2.2075650e-03
-1.5036190e-03
-5.1114990e-03
-9.3393260e-03
-1.6048300e-02
-2.2752940e-02
-2.4759020e-02
-2.1448230e-02
-1.4838290e-02
-8.9304750e-03
-7.4097400e-03
-6.5836040e-03
-4.4187770e-03
-3.0898080e-03
-2.7909690e-03
-6.9244410e-04
5.0940510e-03
1.2496880e-02
1.5718600e-02
1.2445590e-02
5.5494080e-03
2.0519970e-03
5.1681410e-03
1.0202360e-02
1.1727470e-02
1.2190690e-02
1.6207980e-02
2.3516410e-02
2.5588530e-02
2.1936320e-02
1.4348760e-02
3.5995720e-03
-4.2402010e-03
-1.0158940e-02
-1.4199240e-02
-1.3551620e-02
-7.5606730e-03
-1.0493360e-03
3.0622570e-03
2.2540920e-03
1.2038790e-04
-4.3529260e-04
-2.7316890e-03
-8.2834420e-03
-1.2509670e-02
-1.5314320e-02
-1.2505650e-02
-3.9940090e-03
6.2519990e-03
1.7601280e-02
2.2647330e-02
1.7964330e-02
5.9107950e-03
-9.2972850e-03
-2.2103130e-02
-2.6355640e-02
-2.1998730e-02
-1.4898430e-02
-6.5965340e-03
4.0534510e-03
1.0263450e-02
9.9241910e-03
3.4929260e-03
-8.8581710e-03
-2.1479850e-02
-3.3914360e-02
-3.8269670e-02
-3.1371340e-02
-1.8055460e-02
-1.9108110e-03
1.2307910e-02
2.1597150e-02
2.6238680e-02
2.6622590e-02
2.1294410e-02
1.3073970e-02
3.8529010e-03
-2.4119090e-03
-4.6859380e-03
-6.0702700e-03
-6.8768180e-03
-5.8069190e-03
-4.7543250e-03
-5.5033640e-03
-5.0433300e-03
-2.9902230e-03
4.0183950e-03
1.1459620e-02
1.5777440e-02
1.9417290e-02
2.0389010e-02
2.0564840e-02
2.0415710e-02
1.7611500e-02
9.9495380e-03
1.4148940e-03
-6.6777490e-03
-1.2538520e-02
-1.9759600e-02
-2.6127660e-02
-2.8878590e-02
-2.7926620e-02
-2.1838910e-02
-1.2025700e-02
-4.2269500e-03
2.5024390e-03
9.6059470e-03
1.4205150e-02
1.3481300e-02
9.4307100e-03
2.5659240e-03
-1.7911150e-03
-4.3490060e-03
-6.6234640e-03
-1.3287060e-02
-2.3712230e-02
-3.2186180e-02
-3.9838990e-02
-4.7463210e-02
-4.8917640e-02
-4.3940900e-02
-3.4030170e-02
-2.3566940e-02
-1.8662960e-02
-2.0074040e-02
-2.4560960e-02
-2.4408750e-02
-1.8167530e-02
-1.1084620e-02
-1.1713340e-03
1.2949840e-02
3.3172130e-02
4.9755020e-02
6.0877150e-02
6.0045470e-02
4.8259200e-02
3.1574080e-02
1.3157040e-02
-1.5961470e-03
-6.7402460e-03
-1.5509290e-03
1.0063890e-02
1.8058990e-02
1.8892870e-02
1.1927800e-02
-2.4003020e-03
-1.7286810e-02
-3.1697610e-02
-4.2819780e-02
-4.4402430e-02
-4.1161090e-02
-3.1483560e-02
-1.6072310e-02
6.8313090e-03
3.1169960e-02
5.0422940e-02
6.0482830e-02
6.0390870e-02
5.1068880e-02
3.7926760e-02
2.5000960e-02
1.3823370e-02
1.5623310e-03
-1.0218850e-02
-2.0267930e-02
-2.8363850e-02
-3.9550060e-02
-5.2698070e-02
-6.4057460e-02
-6.5899600e-02
-6.4490820e-02
-6.2149810e-02
-5.9289270e-02
-4.5760490e-02
-6.8497510e-03
4.2897980e-02
7.4012180e-02
8.3668460e-02
8.0541690e-02
7.5821870e-02
7.2544150e-02
6.7300800e-02
5.7379380e-02
5.0587370e-02
5.0847880e-02
5.1222800e-02
4.8748870e-02
3.9416550e-02
1.9304890e-02
2.7012980e-04
-8.2314890e-03
-7.8529910e-03
-1.0123110e-02
-1.8841930e-02
-2.2596640e-02
-1.1681990e-02
7.4213380e-03
2.0378350e-02
2.2594450e-02
2.1702070e-02
2.5509950e-02
2.9188440e-02
2.6464430e-02
2.4327380e-02
2.9208570e-02
3.6048290e-02
4.4368550e-02
5.4476660e-02
6.0150400e-02
6.5776840e-02
6.7020610e-02
5.2925840e-02
2.7198470e-02
2.2614560e-03
-2.8352980e-02
-5.4649030e-02
-7.2462860e-02
-7.1820420e-02
-5.1776880e-02
-2.9185930e-02
-1.8152600e-02
-9.4270630e-03
2.0400850e-03
6.5389760e-03
-8.3718650e-03
-3.7826330e-02
-5.7109030e-02
-5.2026310e-02
-3.4549910e-02
-1.3175160e-02
5.1694530e-03
1.9494550e-02
3.1953410e-02
4.2102850e-02
4.1867160e-02
2.0017130e-02
-1.5068620e-02
-3.4626280e-02
-3.1014820e-02
-1.7442940e-02
-8.1848530e-03
3.4589960e-03
2.4500730e-02
4.7210960e-02
5.8838410e-02
4.5054040e-02
1.0999250e-02
-2.0047710e-02
-3.7549320e-02
-4.5363340e-02
-5.2642870e-02
-5.8970580e-02
-5.5525440e-02
-4.2367870e-02
-2.6373930e-02
-1.6005220e-02
-2.0553410e-02
-3.4377160e-02
-3.9620730e-02
-3.1485630e-02
-1.8991870e-02
-8.6318780e-03
-3.3728400e-04
7.4525030e-03
9.6629810e-03
5.4670330e-03
-3.1311680e-03
-9.4534350e-03
-9.0381490e-03
-5.4069290e-03
-5.8884650e-04
3.7542710e-03
1.1028800e-02
2.0949450e-02
2.8926840e-02
3.0655700e-02
2.1519290e-02
2.9669340e-03
-4.7479140e-03
-4.1192600e-03
3.1782250e-03
1.3813720e-02
1.9877540e-02
2.6596390e-02
3.2707980e-02
3.4333220e-02
3.0841480e-02
1.9585520e-02
-1.2224460e-04
-2.1419510e-02
-4.6638040e-02
-6.3256230e-02
-6.8982500e-02
-5.9871910e-02
-4.1202930e-02
-1.8659430e-02
-3.8824080e-03
3.7437360e-03
4.9391130e-03
4.1579070e-04
-5.6663880e-03
-8.2304000e-03
-1.0208240e-02
-1.5134780e-02
-2.2429120e-02
-2.6352490e-02
-2.0988680e-02
-1.3264370e-02
-1.1958550e-02
-2.1003800e-02
-3.5243470e-02
-4.1297350e-02
-3.5371130e-02
-1.7985590e-02
-3.7665950e-04
8.3505690e-03
1.0349320e-02
1.2551210e-02
1.5541300e-02
1.3498770e-02
4.9903660e-03
-7.0148720e-03
-1.5019230e-02
-1.5560820e-02
-8.3855310e-03
-6.2152260e-04
5.1329830e-03
1.2400660e-02
2.2311170e-02
3.5243740e-02
4.3958960e-02
4.8127490e-02
5.0844500e-02
5.4882530e-02
6.4518940e-02
7.3719920e-02
7.7732780e-02
7.2321150e-02
5.8576720e-02
4.5452270e-02
3.2753060e-02
1.4013470e-02
-1.3158080e-02
-3.4993530e-02
-4.4177330e-02
-4.5904590e-02
-3.8905840e-02
-2.8356300e-02
-2.1948280e-02
-1.3106560e-02
-6.0856290e-03
-4.0706500e-03
-9.2402180e-03
-2.6291960e-02
-4.5374040e-02
-5.7439890e-02
-5.6453930e-02
-4.4814660e-02
-3.2170090e-02
3.4438330e-04
3.3004710e-02
6.0633210e-02
7.8705550e-02
8.4068600e-02
7.8417870e-02
6.1263880e-02
4.5018560e-02
2.4285610e-02
-3.8715210e-04
-2.3194470e-02
-3.4246750e-02
-2.3577710e-02
4.9310660e-03
1.6073060e-02
1.1036160e-02
-3.5770590e-03
-2.9713030e-02
-6.6266340e-02
-9.7927590e-02
-1.3641080e-01
-1.7965230e-01
-2.3930410e-01
-3.1132290e-01
-2.7537740e-01
-7.4508820e-02
1.2203980e-01
2.4938220e-01
3.1488920e-01
3.1212690e-01
2.1551050e-01
6.1946090e-02
-3.9195970e-02
-8.8787550e-02
-9.9259960e-02
-7.8867540e-02
-7.1625870e-02
-8.6957580e-02
-7.7871490e-02
-3.5917360e-02
2.7254020e-02
7.6254920e-02
9.5716360e-02
6.8235770e-02
-1.4018300e-02
-1.1209690e-01
-1.4424860e-01
-1.3046880e-01
-7.6397090e-02
-7.3299090e-04
7.1560430e-02
1.1590810e-01
1.2689250e-01
1.0598820e-01
6.5688660e-02
2.8259030e-02
6.7784110e-03
5.8595460e-03
1.5661880e-02
4.4030460e-02
8.0747400e-02
1.0525390e-01
1.0678570e-01
7.3563930e-02
1.0264080e-02
-7.2573580e-02
-1.2254820e-01
-1.5710280e-01
-1.6036480e-01
-1.3835790e-01
-9.3121900e-02
-5.2328150e-02
-2.1686250e-02
-2.2490470e-03
5.1146650e-03
-1.3987730e-03
-2.1162630e-02
-4.2729900e-02
-5.4667500e-02
-5.3953650e-02
-4.1062010e-02
-1.7501480e-02
9.4225900e-03
2.5930380e-02
3.9519180e-02
4.6822700e-02
4.1154600e-02
2.5069300e-02
4.5813690e-03
-1.8323050e-02
-3.2337880e-02
-3.8808030e-02
-3.2637330e-02
-1.3966020e-02
1.0593920e-02
3.6546160e-02
4.6799860e-02
4.3894400e-02
3.5617820e-02
2.7468430e-02
1.9462790e-02
1.8612780e-02
2.3850280e-02
3.3782510e-02
4.9944930e-02
6.9976940e-02
8.8371560e-02
1.0374480e-01
1.1226530e-01
1.1604780e-01
1.1194740e-01
9.6108390e-02
7.1021080e-02
4.2821090e-02
1.5802460e-02
-1.1827570e-03
-1.0105060e-02
-1.8304000e-02
-2.6599190e-02
-3.7476170e-02
-5.3631760e-02
-7.0626260e-02
-8.3369010e-02
-8.8074420e-02
-8.3246260e-02
-7.3623140e-02
-6.2224870e-02
-5.1853680e-02
-4.5665610e-02
-3.9054090e-02
-2.9625360e-02
-2.3105220e-02
-1.6525610e-02
-6.0496330e-03
3.1268650e-03
9.0835270e-03
1.3498950e-02
1.4870970e-02
1.2286270e-02
5.2675180e-03
1.1412900e-03
5.7344800e-03
1.5279800e-02
2.4951070e-02
3.1951600e-02
3.3126780e-02
2.7779400e-02
2.1447920e-02
1.7926360e-02
1.8311390e-02
2.5159780e-02
3.4430310e-02
4.7000590e-02
6.0876590e-02
7.4419200e-02
8.5352110e-02
8.8161830e-02
7.9428710e-02
6.2561920e-02
4.5297500e-02
3.1640900e-02
2.2210300e-02
1.3793060e-02
1.3741760e-02
1.9180810e-02
2.3216740e-02
1.9616740e-02
1.2272850e-02
3.1301160e-03
-1.0351740e-02
-2.3923390e-02
-3.7278740e-02
-4.1525610e-02
-3.9309080e-02
-3.7017640e-02
-3.7045270e-02
-3.4853860e-02
-2.9408760e-02
-2.5852790e-02
-2.8368660e-02
-3.8028620e-02
-4.9610610e-02
-5.9158140e-02
-6.6360970e-02
-7.1209410e-02
-7.3864910e-02
-7.5464980e-02
-7.4055930e-02
-7.0206910e-02
-6.7977520e-02
-6.6298210e-02
-6.9018870e-02
-6.8911290e-02
-5.8589740e-02
-4.0976180e-02
-2.0128820e-02
2.1794220e-03
2.2895140e-02
3.9894790e-02
5.4481430e-02
6.4568960e-02
7.2550530e-02
7.9258830e-02
8.5202960e-02
8.7240450e-02
8.6694780e-02
8.4791200e-02
8.3756010e-02
8.1243970e-02
7.5910140e-02
7.1915150e-02
6.7559290e-02
6.3949980e-02
5.9356680e-02
5.1998060e-02
4.0208150e-02
2.8317540e-02
1.8860020e-02
9.3289580e-03
-1.4728340e-03
-1.5395950e-02
-3.1261030e-02
-4.6781760e-02
-5.7320290e-02
-6.1367130e-02
-5.8776340e-02
-5.3064310e-02
-4.2679190e-02
-2.9938320e-02
-1.6712040e-02
-4.9177840e-03
-5.9464540e-04
-1.3659910e-03
-6.5694650e-03
-1.3209530e-02
-1.6048220e-02
-1.7052820e-02
-1.6655720e-02
-1.6831090e-02
-1.8240050e-02
-1.7954370e-02
-2.0502790e-02
-2.8668210e-02
-3.9718490e-02
-5.1215510e-02
-6.0028940e-02
-6.6005530e-02
-6.8009890e-02
-6.7377730e-02
-6.3057970e-02
-5.3786100e-02
-4.4222370e-02
-3.3997030e-02
-2.1705240e-02
-9.4580770e-03
1.9177320e-03
1.4150300e-02
2.7265810e-02
3.8904030e-02
4.5193780e-02
4.7747520e-02
4.6156190e-02
3.9554230e-02
2.8093270e-02
1.6602910e-02
5.4424100e-03
-7.1008070e-03
-1.4206070e-02
-1.6917720e-02
-1.6684560e-02
-1.5146750e-02
-1.0524920e-02
-3.1340860e-03
5.3806270e-03
1.5466120e-02
2.6008930e-02
3.5932000e-02
4.2681320e-02
4.6305770e-02
4.6019240e-02
4.2437000e-02
3.7824440e-02
3.3412970e-02
2.5800220e-02
1.5901320e-02
7.1767160e-03
-1.4547400e-03
-4.7155730e-03
-5.1582380e-03
-6.9901590e-03
-7.0287380e-03
-7.5895380e-03
-1.0084610e-02
-1.3431920e-02
-1.9060570e-02
-2.4285820e-02
-2.6726920e-02
-2.8519250e-02
-2.7253550e-02
-2.3379260e-02
-2.1011110e-02
-1.9936680e-02
-1.8620240e-02
-2.0762270e-02
-2.6233070e-02
-2.9686000e-02
-3.2004810e-02
-3.1628990e-02
-2.6964800e-02
-2.0099510e-02
-1.1418330e-02
-6.9900900e-03
-6.7939170e-03
-8.7075960e-03
-1.2429320e-02
-1.6616220e-02
-1.9419510e-02
-2.1457840e-02
-2.1815470e-02
-1.8201330e-02
-8.1104580e-03
4.6630320e-03
1.5904380e-02
2.1124320e-02
2.0445520e-02
1.3086640e-02
1.5846430e-04
-1.2310840e-02
-1.9960270e-02
-2.6009010e-02
-2.3817740e-02
-1.7405630e-02
-6.5695670e-03
7.1053990e-03
1.9589550e-02
2.5619730e-02
2.6518130e-02
2.5987150e-02
2.4654020e-02
2.0577380e-02
1.9220280e-02
2.1820080e-02
2.5111060e-02
2.8400190e-02
3.2475680e-02
3.7185800e-02
3.9701320e-02
4.4244620e-02
4.8677110e-02
5.3135350e-02
5.8711990e-02
6.0152010e-02
5.8474880e-02
5.3615950e-02
4.3429270e-02
3.0240830e-02
1.4309030e-02
-1.8160150e-03
-1.4327580e-02
-2.6860920e-02
-3.4455760e-02
-3.9058470e-02
-4.0564010e-02
-3.9384380e-02
-3.6401960e-02
-3.1784470e-02
-2.7936850e-02
-2.2962930e-02
-1.6673870e-02
-1.1353510e-02
-5.2821220e-03
-9.5560190e-04
3.8610470e-03
8.8003350e-03
1.2791140e-02
1.5375760e-02
1.7710230e-02
1.8875310e-02
1.7369940e-02
1.2975700e-02
5.5025270e-03
-2.3733370e-03
-1.0045220e-02
-1.6434830e-02
-1.9869570e-02
-2.1345390e-02
-2.1038060e-02
-1.9624090e-02
-1.6895170e-02
-1.5417150e-02
-1.0937850e-02
-6.1252380e-03
-2.3342110e-03
2.1455670e-03
7.0585620e-03
1.2115750e-02
1.7119170e-02
2.0345090e-02
2.1547030e-02
2.0952870e-02
1.8326070e-02
1.2910500e-02
5.8923740e-03
-1.3703840e-04
-3.4898360e-03
-3.9145370e-03
-3.1734100e-03
-1.0132390e-03
1.8311440e-03
3.3813160e-03
4.1184430e-03
4.4302530e-03
3.4890350e-03
2.9865300e-03
3.2611850e-03
3.7289390e-03
4.2158650e-03
2.3141100e-03
2.7996300e-04
-1.4061280e-03
-2.2241300e-03
-3.8473450e-03
-5.9377350e-03
-8.6453000e-03
-1.0138980e-02
-1.0934780e-02
-1.2096550e-02
-1.3113140e-02
-1.3252900e-02
-1.2839880e-02
-1.0489870e-02
-8.3115890e-03
-6.1642180e-03
-2.7337080e-03
8.8916600e-04
3.4296880e-03
4.1429010e-03
3.9013450e-03
2.6685740e-03
3.3741570e-04
-1.1053650e-03
-1.5178560e-03
-1.4576240e-03
-7.3110460e-04
6.1926950e-04
7.7251200e-04
-1.4400500e-03
-4.7003980e-03
-6.2168230e-03
-9.4104310e-03
-1.2480690e-02
-1.6171000e-02
-2.0176390e-02
-2.1324100e-02
-2.1410240e-02
-2.1497770e-02
-2.2322720e-02
-2.3287530e-02
-2.4621170e-02
-2.5509910e-02
-2.5750560e-02
-2.5586910e-02
-2.3992340e-02
-2.1471430e-02
-1.7099670e-02
-1.2654520e-02
-9.6792140e-03
-6.9916230e-03
-2.2368880e-03
1.4829120e-03
2.5030610e-03
2.5974220e-03
1.6804910e-03
9.5141570e-04
1.1222940e-03
1.2599620e-03
1.7100530e-03
3.4386020e-03
3.9451140e-03
4.7531810e-03
5.9499300e-03
7.6487920e-03
1.1600330e-02
1.4722910e-02
1.7036400e-02
1.9899090e-02
2.0498940e-02
2.1267410e-02
2.2810500e-02
2.1762740e-02
2.0124440e-02
1.6589950e-02
1.1158850e-02
7.9098840e-03
3.9826310e-03
1.8209730e-03
9.1319840e-04
2.5842180e-05
-2.2113920e-04
-1.6563490e-03
-3.3923910e-03
-3.9092550e-03
-4.6825620e-03
-5.1165840e-03
-4.2752040e-03
-3.0743260e-03
-2.5153510e-03
-6.3590930e-04
2.2188710e-03
6.1339990e-03
1.0709520e-02
1.2760290e-02
1.4325410e-02
1.6966200e-02
1.9481010e-02
2.0865820e-02
2.1552680e-02
2.1772340e-02
2.1231600e-02
1.9783890e-02
1.7955840e-02
1.5445530e-02
1.1624210e-02
6.4524140e-03
1.4916090e-03
-5.7560510e-03
-1.3725700e-02
-1.9962900e-02
-2.3844110e-02
-2.4455040e-02
-2.2333280e-02
-2.0500160e-02
-1.7182060e-02
-1.1715730e-02
-7.4246420e-03
-5.0697460e-03
-3.9086690e-03
-3.5486400e-03
-4.9814500e-03
-6.6947180e-03
-7.9943850e-03
-9.3799960e-03
-1.1620500e-02
-1.4449710e-02
-1.6194650e-02
-1.7133830e-02
-1.8899410e-02
-1.8236280e-02
-1.7878260e-02
-1.6954760e-02
-1.4377790e-02
-1.3293550e-02
-1.1575470e-02
-8.7929970e-03
-5.7949160e-03
-2.1219900e-03
1.1739860e-03
3.8697230e-03
6.3261580e-03
8.1482330e-03
8.9195330e-03
9.3277200e-03
7.0483930e-03
4.9234450e-03
2.9270430e-03
2.2487860e-03
1.3232610e-03
1.6376540e-03
3.6866270e-03
5.9265990e-03
8.8858320e-03
9.1476250e-03
7.7406790e-03
7.5941010e-03
7.6239010e-03
6.4964750e-03
4.2356880e-03
1.8401460e-03
-1.8924640e-03
-4.5110590e-03
-6.2999760e-03
-8.3952750e-03
-1.0080600e-02
-8.8081780e-03
-6.2803630e-03
-4.2799740e-03
-3.8367750e-03
-2.4315670e-03
-8.5512860e-04
-8.5392600e-04
5.1891540e-04
-5.8194930e-04
-3.2124180e-03
-4.4415720e-03
-5.1927010e-03
-6.9585400e-03
-9.2982260e-03
-1.0901490e-02
-1.2323740e-02
-1.3012790e-02
-1.3322480e-02
-1.2509830e-02
-1.0650400e-02
-8.6211930e-03
-5.9018270e-03
-3.8522710e-03
-1.2358190e-03
2.9571810e-03
9.1985210e-03
1.5064150e-02
2.0506400e-02
2.4075610e-02
2.6213890e-02
2.9295010e-02
3.1148810e-02
3.1638440e-02
3.1211130e-02
3.0270320e-02
2.9279420e-02
2.8647930e-02
2.7776900e-02
2.7860120e-02
2.8743940e-02
3.0630330e-02
3.0765370e-02
2.9841310e-02
2.8864320e-02
2.8833850e-02
2.8798780e-02
2.8283510e-02
2.6783640e-02
2.5348990e-02
2.4872430e-02
2.3539510e-02
2.2243380e-02
2.1991310e-02
2.4563270e-02
2.5535640e-02
2.4750980e-02
2.4409610e-02
2.3994780e-02
2.3100320e-02
2.0237200e-02
1.6181940e-02
1.1780540e-02
7.1683390e-03
1.5393460e-03
-1.2148640e-03
-3.2523980e-03
-5.1198430e-03
-6.2852610e-03
-9.0855710e-03
-1.2176100e-02
-1.5194680e-02
-1.9506010e-02
-2.2630040e-02
-2.5234190e-02
-2.8467070e-02
-3.0654860e-02
-3.1764240e-02
-3.1540850e-02
-3.0656370e-02
-2.9802630e-02
-2.8920420e-02
-2.6988330e-02
-2.4833960e-02
-2.3364030e-02
-1.9960380e-02
-1.6267970e-02
-1.4570240e-02
-1.3353610e-02
-1.1990430e-02
-1.1487840e-02
-1.0977900e-02
-1.0862380e-02
-1.0863270e-02
-9.5538650e-03
-7.8343180e-03
-6.9847260e-03
-5.2797560e-03
-3.4240800e-03
-9.3959830e-04
5.3132110e-04
-7.2484980e-04
-1.9302970e-03
-1.9094260e-03
-1.4609030e-03
1.3946380e-04
1.7789840e-03
4.4570460e-03
9.7977930e-03
1.3358600e-02
1.6019660e-02
1.9105370e-02
2.1191340e-02
2.2957000e-02
2.3401710e-02
2.2954770e-02
2.1293510e-02
1.9867690e-02
1.9663740e-02
2.0180820e-02
1.9802640e-02
1.8070220e-02
1.5618470e-02
1.2113440e-02
7.4729440e-03
2.8955900e-03
-1.5474510e-03
-5.9268170e-03
-1.0344930e-02
-1.3059600e-02
-1.4677380e-02
-1.4866420e-02
-1.4247220e-02
-1.4120610e-02
-1.1233400e-02
-1.1256480e-02
-1.1323490e-02
-1.0067700e-02
-8.5011620e-03
-5.9716730e-03
-3.9033020e-03
-1.8711730e-03
-2.5587930e-04
8.2106790e-05
-4.4334840e-04
-1.2966330e-03
-2.5594700e-03
-3.4920420e-03
-3.8536050e-03
-5.1936820e-03
-6.6412990e-03
-6.8340630e-03
-7.6635400e-03
-8.9595390e-03
-1.0346210e-02
-1.2146810e-02
-1.4640160e-02
-1.7357500e-02
-1.9126630e-02
-1.9913950e-02
-2.0039470e-02
-1.9238790e-02
-1.7508190e-02
-1.4857390e-02
-1.3355140e-02
-1.0417620e-02
-6.8083610e-03
-5.3889690e-03
-3.0712880e-03
-2.8925100e-03
-1.4178220e-03
1.9066890e-03
5.6333860e-03
1.0099520e-02
1.4226130e-02
1.7822270e-02
2.0240270e-02
2.1446140e-02
2.0557890e-02
1.8355930e-02
1.5360940e-02
1.1739910e-02
7.4090450e-03
4.4209140e-03
1.0484740e-03
-2.2236740e-03
-3.7054150e-03
-5.4074140e-03
-6.4605260e-03
-8.5403370e-03
-1.2621060e-02
-1.6581090e-02
-1.9897050e-02
-2.0939180e-02
-2.1528260e-02
-2.1938660e-02
-2.1285350e-02
-1.9323240e-02
-1.6565290e-02
-1.3956130e-02
-1.0735370e-02
-9.0768300e-03
-7.4047840e-03
-5.6281130e-03
-5.0324470e-03
-4.3524190e-03
-3.1909110e-03
-3.0576890e-03
-1.7462470e-03
-1.3169060e-03
-2.1818760e-03
-2.4377700e-03
-2.9767780e-03
-3.5637080e-03
-3.5649650e-03
-2.8940830e-03
-3.0401170e-03
-3.3312010e-03
-3.5553440e-03
-3.2258040e-03
-1.7408470e-03
-1.2934730e-03
-9.3309710e-04
-6.8188230e-04
-7.8001790e-04
-6.9081450e-04
7.6486340e-04
2.1556890e-03
2.9936840e-03
1.5944870e-03
9.7270300e-05
-1.7014840e-04
-8.4025280e-04
-1.8478530e-03
-2.0203220e-03
-2.1851510e-03
-2.2026280e-03
-1.2027940e-03
-1.8442020e-04
1.2220960e-03
1.9499330e-03
2.4091190e-03
3.5126850e-03
4.3005790e-03
4.4568810e-03
6.2665840e-03
8.5829650e-03
1.0367890e-02
1.3611780e-02
1.4330100e-02
1.4551090e-02
1.5261670e-02
1.5809640e-02
1.5618750e-02
1.4658550e-02
1.3930230e-02
1.3107520e-02
1.1740830e-02
1.1031580e-02
9.8866850e-03
8.4367420e-03
6.4555630e-03
5.6082640e-03
5.5131890e-03
5.0877580e-03
6.4439790e-03
8.7763020e-03
1.1526960e-02
1.4197840e-02
1.4662790e-02
1.4923720e-02
1.6275310e-02
1.7581130e-02
1.7820550e-02
1.7739100e-02
1.6206630e-02
1.3684550e-02
1.0017090e-02
6.1206430e-03
2.0503920e-03
-1.5241180e-03
-4.8945890e-03
-6.8828210e-03
-9.0920520e-03
-1.2465870e-02
-1.2994270e-02
-1.3526600e-02
-1.4771060e-02
-1.5442350e-02
-1.5675400e-02
-1.5913180e-02
-1.5994320e-02
-1.7480270e-02
-1.7066140e-02
-1.5995420e-02
-1.5041250e-02
-1.4465370e-02
-1.3565300e-02
-1.2334330e-02
-9.6563950e-03
-6.5333130e-03
-6.6675790e-03
-7.7898320e-03
-7.6204140e-03
-8.2507230e-03
-9.6230970e-03
-8.6426240e-03
-8.8243560e-03
-8.9538400e-03
-6.8396160e-03
-4.3892050e-03
-3.6071890e-03
-2.1531060e-03
-2.7269580e-04
2.8577400e-03
4.9450990e-03
5.4775890e-03
6.4799760e-03
6.6101730e-03
6.8996100e-03
7.3200420e-03
5.8774280e-03
4.8476250e-03
5.2872360e-03
5.1344470e-03
4.5284950e-03
5.3982950e-03
6.6851710e-03
6.4272500e-03
5.1588940e-03
4.0701290e-03
3.8394500e-03
3.9447780e-03
4.9437210e-03
6.6808220e-03
7.4335610e-03
6.5463420e-03
6.4244840e-03
6.3445010e-03
5.4582370e-03
4.1973360e-03
3.3698320e-03
2.3029000e-03
2.4639740e-04
-1.7965420e-03
-3.4638570e-03
-4.4999550e-03
-5.0984100e-03
-5.1786290e-03
-5.8753910e-03
-6.5896080e-03
-7.4926910e-03
-8.0640070e-03
-8.8468670e-03
-8.8019840e-03
-9.5344060e-03
-1.0291740e-02
-1.1652920e-02
-1.2553600e-02
-1.2103050e-02
-1.2576410e-02
-1.2543970e-02
-1.2352110e-02
-1.2362690e-02
-1.2601220e-02
-1.2099330e-02
-1.0265900e-02
-8.9806620e-03
-6.3375270e-03
-5.3471730e-03
-6.6039690e-03
-6.5171910e-03
-6.7082350e-03
-6.3811140e-03
-5.4044640e-03
-4.5210750e-03
-3.0916620e-03
-1.2952290e-03
-6.3668070e-04
-6.4376510e-04
-1.3273870e-03
-1.7014770e-03
-2.0557110e-03
-1.9729170e-03
-2.0224490e-03
-1.3786340e-03
1.1177540e-03
2.4933290e-03
3.9768350e-03
3.1674690e-03
1.6337150e-03
1.1856540e-03
1.2900070e-03
1.2006400e-03
1.9556770e-03
2.7979620e-03
2.5206680e-03
1.3846290e-03
4.4946420e-04
6.1729850e-05
-9.2400670e-04
-7.7840370e-04
6.7787350e-04
2.1504230e-03
2.4738690e-03
4.7576400e-03
6.7342740e-03
7.2484970e-03
9.7480640e-03
9.8982720e-03
9.7433400e-03
1.0841630e-02
1.2085250e-02
1.2809020e-02
1.2478820e-02
1.1793670e-02
1.0849830e-02
9.0317920e-03
7.5013390e-03
6.5842920e-03
5.5884820e-03
5.9953800e-03
6.1781810e-03
5.8500870e-03
5.1702720e-03
5.4317550e-03
5.3230650e-03
5.0166420e-03
5.9346040e-03
5.0694800e-03
4.9056570e-03
5.7700810e-03
6.7637830e-03
7.8657720e-03
8.7516750e-03
8.6037080e-03
8.1576100e-03
7.1112180e-03
5.5785060e-03
4.7283120e-03
3.2156010e-03
1.5908630e-03
2.6839270e-04
-1.0747940e-03
-1.9458070e-03
-1.8986710e-03
-1.9501080e-03
-2.3334320e-03
-1.8434580e-03
-3.4597170e-03
-4.5699850e-03
-4.1053990e-03
-3.0198060e-03
-1.4652660e-03
1.2383490e-03
4.8531880e-03
7.8011000e-03
9.8399390e-03
1.1367830e-02
1.2415400e-02
1.1984090e-02
1.0644280e-02
8.2796990e-03
6.1576200e-03
4.0357780e-03
2.4309100e-03
2.4313830e-03
2.8452920e-03
3.5540870e-03
1.4580240e-03
-6.3146220e-04
-1.8375090e-03
-3.6086420e-03
-5.7433250e-03
-7.7139970e-03
-9.0726730e-03
-1.0498830e-02
-1.1655360e-02
-1.2042120e-02
-1.2928650e-02
-1.3600740e-02
-1.3833260e-02
-1.3123800e-02
-1.2802480e-02
-1.3950400e-02
-1.3193660e-02
-1.1694330e-02
-1.1770980e-02
-1.2709420e-02
-1.4230570e-02
-1.5077680e-02
-1.5397000e-02
-1.6231810e-02
-1.5927550e-02
-1.5718790e-02
-1.5157080e-02
-1.4547600e-02
-1.3499580e-02
-1.2425340e-02
-1.0505020e-02
-6.5335540e-03
-3.1640560e-03
-1.1911260e-03
1.3922130e-03
3.6067060e-03
5.4392020e-03
8.5940440e-03
1.0210480e-02
1.2627770e-02
1.4247760e-02
1.4045970e-02
1.4221100e-02
1.4308430e-02
1.4648420e-02
1.4706900e-02
1.4587320e-02
1.5150840e-02
1.6276800e-02
1.6466860e-02
1.6506370e-02
1.6733630e-02
1.6806750e-02
1.6736040e-02
1.5341150e-02
1.2975300e-02
1.1621830e-02
1.1143670e-02
8.9012770e-03
6.6497610e-03
4.1609600e-03
2.3540170e-03
9.2401970e-04
3.4287370e-04
1.1521680e-03
2.9783340e-03
2.6091030e-03
1.9287660e-03
2.5019600e-03
2.3048670e-03
1.4568430e-03
1.0089560e-03
1.7260500e-03
1.3665830e-03
9.6371220e-04
5.5056770e-04
8.9815800e-04
2.0447160e-03
2.7040380e-03
4.0030660e-03
2.8450970e-03
1.9080690e-03
1.7218990e-03
6.5619380e-04
1.3001790e-04
2.4523040e-04
9.3735160e-04
1.4607470e-03
6.5632770e-04
1.5971000e-03
2.8599260e-03
2.1985100e-03
1.6704840e-03
1.7712360e-03
1.1214580e-03
5.4102430e-04
2.0301890e-03
3.9304810e-03
5.6763510e-03
7.6951370e-03
6.8537470e-03
6.0208280e-03
4.7930880e-03
3.3506650e-03
2.2184530e-03
6.0973040e-04
-5.0891510e-04
-1.5847690e-03
-2.3781980e-03
-3.3530170e-03
-4.8357000e-03
-6.1219710e-03
-7.1756990e-03
-7.7556070e-03
-9.4856120e-03
-1.0782630e-02
-1.0654260e-02
-1.0310410e-02
-9.2055960e-03
-7.8696910e-03
-8.7871310e-03
-8.3512080e-03
-7.0394800e-03
-6.0693730e-03
-5.8873240e-03
-4.7505390e-03
-3.8727180e-03
-4.8977360e-03
-5.6641200e-03
-5.7648650e-03
-6.0132380e-03
-6.3059350e-03
-6.5392800e-03
-6.6115520e-03
-7.4173600e-03
-8.6585230e-03
-9.2447440e-03
-9.3693130e-03
-9.9290450e-03
-8.3733820e-03
-8.3707460e-03
-9.0431410e-03
-9.1143360e-03
-9.6630320e-03
-1.0127640e-02
-1.0494110e-02
-1.0432530e-02
-9.5003110e-03
-7.4538360e-03
-4.7889050e-03
-1.8423120e-03
1.4104330e-03
4.1161540e-03
6.7163730e-03
9.0538790e-03
9.6138770e-03
1.0382210e-02
1.3200800e-02
1.4539560e-02
1.5873320e-02
1.4987140e-02
1.3719490e-02
1.2925210e-02
1.1405160e-02
1.0057680e-02
8.5404080e-03
7.6596140e-03
6.6706910e-03
6.0857470e-03
6.5448330e-03
6.4064900e-03
6.6473840e-03
6.5672330e-03
6.3185220e-03
5.3757940e-03
4.1424380e-03
3.6874680e-03
2.6324600e-03
1.7352890e-03
3.2975150e-03
3.0788540e-03
1.0684040e-03
4.7699640e-04
-3.6210160e-04
-1.7865770e-03
-3.8666740e-03
-6.1619690e-03
-7.6920550e-03
-8.8293680e-03
-9.6660230e-03
-9.9511960e-03
-9.9540330e-03
-1.0006420e-02
-1.0442870e-02
-1.1035420e-02
-1.2214840e-02
-1.2681490e-02
-1.1279010e-02
-1.0410970e-02
-8.4458720e-03
-7.5164320e-03
-7.1496720e-03
-5.3638590e-03
-3.5668820e-03
-2.5416790e-03
-1.5032700e-03
-1.2736920e-03
-1.7938470e-03
-2.0397080e-03
-1.7213500e-03
-1.6231000e-03
-1.8092650e-03
-1.5606980e-03
-1.5522650e-03
-1.8860950e-03
-2.7523900e-03
-3.1943330e-03
-3.0083760e-03
-3.2281480e-03
-3.9120210e-03
-5.2022580e-03
-5.9188930e-03
-5.9084410e-03
-5.5816780e-03
-5.5360260e-03
-4.0106620e-03
-2.7356990e-03
-1.0806310e-03
1.5469960e-03
3.7655530e-03
5.0695570e-03
6.7799930e-03
6.0568500e-03
4.4889720e-03
3.9912350e-03
1.9403340e-03
9.8186670e-04
1.7996630e-03
1.2535070e-03
1.7579240e-03
2.2527510e-03
1.9880420e-03
1.6788820e-03
1.7547870e-03
1.2712260e-03
6.4405450e-04
-5.0506840e-05
-3.7967110e-04
-6.5587060e-04
-6.6455160e-04
-2.0478410e-04
1.5512570e-03
2.9223100e-04
-1.1747920e-03
-1.4590990e-03
-3.2044260e-03
-4.1439760e-03
-4.6560910e-03
-5.1684190e-03
-3.6721160e-03
-3.6255500e-03
-3.3436140e-03
-1.3556680e-03
1.0830540e-03
3.0797620e-03
4.4287370e-03
5.2161800e-03
6.2333620e-03
7.4470820e-03
7.4023550e-03
6.7325600e-03
5.9939420e-03
5.2047370e-03
5.2079050e-03
4.8675320e-03
3.9026120e-03
3.9552230e-03
3.9828520e-03
3.9199890e-03
4.6783010e-03
3.9598510e-03
1.6801600e-03
8.7366230e-04
7.0512370e-04
-5.7913370e-04
-1.7970290e-03
-3.3543530e-03
-4.5896670e-03
-5.7083450e-03
-5.2712200e-03
-3.2593560e-03
-1.7594900e-03
-1.4896680e-04
1.8425850e-03
2.8332550e-03
2.2712250e-03
1.6451740e-03
2.1944620e-03
1.7917030e-03
1.6501040e-03
4.7564180e-04
-1.5507860e-03
-1.8528780e-03
-1.5807190e-03
-1.2458010e-03
-3.4790080e-04
6.7118530e-04
1.3765110e-03
2.9085210e-03
3.4024440e-03
3.2843240e-03
3.3501030e-03
3.8376220e-03
4.3960490e-03
4.5375050e-03
3.9850800e-03
4.0806900e-03
5.9863970e-03
6.7499370e-03
7.7320430e-03
7.4688370e-03
5.6382850e-03
4.7179270e-03
3.9071550e-03
3.9558600e-03
3.9025230e-03
4.7215640e-03
5.2314010e-03
5.0318350e-03
5.2709100e-03
5.5036710e-03
5.1297260e-03
3.8967880e-03
3.1100650e-03
2.4783350e-03
1.1743150e-03
2.6821530e-04
1.0999230e-03
1.4190240e-03
1.8757050e-03
3.7060480e-03
2.8829780e-03
9.7762790e-04
-2.1967420e-04
-1.1616910e-03
-2.1810210e-03
-2.9922900e-03
-3.7374490e-03
-4.4231870e-03
-4.7211810e-03
-5.0741640e-03
-5.6552270e-03
-5.4850100e-03
-5.2228050e-03
-5.2711080e-03
-5.5915660e-03
-6.3463650e-03
-5.2489930e-03
-4.1570280e-03
-2.5361670e-03
-1.4310590e-03
-1.2618420e-03
-1.6737610e-04
8.2618360e-05
4.6322120e-04
9.1067850e-04
1.2820590e-03
1.1744850e-03
1.2602420e-03
1.3983010e-03
1.5324240e-03
1.6447460e-03
1.9180220e-03
2.0418640e-03
2.0984460e-03
1.4352130e-03
6.4335850e-04
2.1501940e-04
-3.8938230e-04
-1.1233100e-03
-2.2076520e-03
-3.3120520e-03
-4.1204960e-03
-4.7453640e-03
-5.6276710e-03
-5.6986130e-03
-6.6494490e-03
-7.6365680e-03
-8.4727890e-03
-7.9631400e-03
-7.8958630e-03
-7.6688190e-03
-7.1757020e-03
-6.5186730e-03
-6.2498210e-03
-6.1330700e-03
-5.8479680e-03
-5.2965230e-03
-4.9631380e-03
-4.6641500e-03
