0.01
-2.4006380e-04
-2.5499310e-04
-2.9211670e-04
-3.4220290e-04
-3.5447820e-04
-3.1758820e-04
-2.8291370e-04
-2.9532170e-04
-2.4180350e-04
1.0389430e-04
7.2196170e-04
1.0672260e-03
7.1421290e-04
-4.3085910e-05
-5.7457330e-04
-8.4205150e-04
-9.2062650e-04
-9.4029180e-04
-1.1255370e-03
-1.3722720e-03
-1.7023910e-03
-1.2929910e-03
9.0588450e-04
2.1209810e-03
1.3497590e-03
1.2170360e-03
2.9837780e-03
2.6856230e-03
-3.3373120e-03
-6.5165100e-03
-4.1606320e-03
-3.5723960e-04
3.9809410e-03
6.5529890e-03
1.7428960e-03
-6.9306250e-03
-8.1402170e-03
-3.3182010e-03
2.1512220e-03
2.9507980e-03
9.6062560e-04
-4.0585970e-03
-7.8935450e-03
-3.6065700e-03
8.5488490e-03
1.3180540e-02
2.2335100e-03
-1.3983180e-02
-1.2813140e-02
-2.8689470e-03
5.8574070e-03
7.3496870e-03
-3.2718280e-03
-1.4850500e-02
-1.5001780e-02
-1.7206000e-03
1.3182990e-02
1.6003630e-02
1.4221970e-02
8.6747290e-03
-1.8999890e-03
-8.8776160e-03
-6.6109250e-03
1.9276770e-03
6.7545850e-03
8.5339740e-03
9.4939830e-03
6.0408410e-03
-3.4117180e-03
-7.4553950e-03
-1.0375920e-04
4.3802430e-03
-3.5538420e-03
-2.2529390e-02
-2.7203100e-02
-2.0599820e-02
1.5377890e-02
4.2834400e-02
3.3604670e-02
-1.0089210e-02
-4.5301100e-02
-3.9543730e-02
-3.5489440e-03
2.7335430e-02
3.0874730e-02
1.2619730e-02
-9.8211810e-03
-1.8843360e-02
-9.2866410e-03
2.0336600e-02
3.7481980e-02
3.6369640e-02
2.8430580e-02
2.3505220e-02
1.3691600e-02
-5.0007920e-03
-1.7460090e-02
-1.0266690e-02
1.0018880e-02
1.9807810e-02
2.2399490e-03
-3.4602390e-02
-4.9905540e-02
-3.6042530e-02
-1.7154360e-02
-6.1512610e-03
5.1500060e-03
1.0727790e-02
-1.5212350e-03
-2.2135670e-02
-2.1327570e-02
6.9033440e-03
2.5729570e-02
1.8089050e-02
4.2768180e-03
7.7577140e-03
1.9062610e-02
2.1861820e-02
7.6248580e-03
-1.7668560e-02
-2.4301370e-02
1.4214330e-03
3.9388960e-02
4.8673810e-02
2.3482970e-02
-1.9614160e-02
-4.1006790e-02
-2.9629420e-02
5.0626430e-04
-1.9263900e-04
-2.1800930e-02
-2.5047960e-02
-3.6490040e-03
2.0418970e-02
2.6438990e-02
1.4656480e-02
-1.3656920e-02
-3.0904040e-02
-1.3165670e-02
1.1715680e-02
6.1954660e-03
-2.5481520e-02
-5.0720320e-02
-5.1168150e-02
-3.8246220e-02
-1.6715670e-02
1.2344380e-02
3.0977960e-02
3.9112400e-02
5.0023160e-02
5.5393240e-02
4.3452070e-02
1.1395300e-02
-1.5922600e-02
-2.0754960e-02
-9.4658590e-03
-1.9984720e-03
-4.4845960e-03
-1.8853810e-02
-3.5600350e-02
-3.3897710e-02
-1.1572130e-02
1.2652250e-02
2.0254100e-02
2.3744950e-02
2.7935150e-02
2.3419150e-02
6.0471300e-03
-4.7399960e-03
-1.3388750e-03
1.3149100e-02
2.6697140e-02
2.1915980e-02
-2.0302700e-04
-1.9046990e-02
-3.1095640e-02
-3.7303850e-02
-3.3890150e-02
-2.3526960e-02
-1.2990700e-02
-8.6382760e-04
1.3610830e-02
2.1434170e-02
2.0654370e-02
1.8706320e-02
1.7102960e-02
7.6947600e-03
-1.2626460e-02
-3.0673450e-02
-3.3970910e-02
-2.5578530e-02
-1.4283630e-02
-6.4285610e-04
1.7803570e-02
2.8732810e-02
3.2952600e-02
3.0146010e-02
2.6418940e-02
2.2071130e-02
1.4790410e-02
4.5480040e-03
-7.7845540e-03
-1.3786740e-02
-1.3747080e-02
-1.3080170e-02
-1.1952880e-02
-1.1568550e-02
-7.1220830e-03
3.5996040e-03
1.0743070e-02
5.5945970e-03
-5.0951180e-03
-1.1974820e-02
-7.7008820e-03
5.5893380e-03
1.3633330e-02
1.1672190e-02
1.2796720e-03
-2.8771970e-03
1.2144830e-02
2.7228190e-02
2.8565110e-02
1.9452610e-02
-3.8027580e-03
-1.6120760e-02
-1.2893080e-02
-7.3407400e-03
-1.0639380e-02
-1.7194810e-02
-1.9866170e-02
-6.4148390e-03
7.5171140e-03
6.0168660e-03
-7.5691210e-03
-1.5555780e-02
3.6335620e-03
2.6589530e-02
3.4410480e-02
3.4858400e-02
2.1567900e-02
-6.9908930e-05
-1.2518880e-02
-1.4232280e-02
-1.3970340e-02
-1.9720020e-02
-3.7174980e-02
-5.2919200e-02
-5.2669020e-02
-3.7680840e-02
-2.0735870e-02
-1.0077400e-02
3.0525070e-03
1.9916660e-02
3.0450420e-02
3.7045250e-02
3.7730770e-02
2.9440490e-02
1.0675370e-02
-8.8226220e-03
-1.8452720e-02
-2.0813840e-02
-1.7452520e-02
-7.3548800e-03
2.2432290e-04
1.6800010e-03
1.7259430e-03
1.2823360e-02
3.4611460e-02
5.4694390e-02
6.1868420e-02
6.2471350e-02
5.6169850e-02
3.8071830e-02
5.4343530e-03
-3.2265970e-02
-6.4780220e-02
-7.9864810e-02
-7.8032490e-02
-6.2603480e-02
-4.1486310e-02
-1.8017730e-02
-1.5967470e-03
-1.4535280e-03
-7.2900210e-03
-6.6844430e-03
2.4573500e-03
1.5638550e-02
2.5444740e-02
2.4805320e-02
-7.5142810e-04
-3.5392050e-02
-4.6952380e-02
-4.4063300e-02
-3.5341570e-02
-2.4179880e-02
-1.6424170e-02
-1.4780750e-02
-1.8272220e-02
-1.8947990e-02
-1.2428350e-02
7.0669160e-03
3.1241350e-02
4.4311330e-02
4.6101510e-02
3.8362310e-02
2.6429640e-02
2.4272970e-02
3.3397220e-02
4.7531020e-02
5.3933350e-02
4.9611490e-02
3.8936060e-02
3.0713640e-02
1.8349000e-02
4.2391020e-03
-5.7448480e-03
-1.0465030e-02
-1.2262760e-02
-1.0311390e-02
-3.5538280e-03
9.7907430e-03
2.4008750e-02
3.4003430e-02
3.7348180e-02
3.1623960e-02
1.7812770e-02
2.9168750e-03
-8.0151530e-03
-1.8072550e-02
-2.6592420e-02
-3.0105760e-02
-3.2310500e-02
-3.6243200e-02
-4.3500570e-02
-4.9447930e-02
-4.3848700e-02
-2.2713530e-02
2.8941460e-03
1.4843530e-02
1.2373950e-02
-1.5430890e-02
-5.1747070e-02
-8.4968930e-02
-1.1556340e-01
-1.3038810e-01
-1.3264440e-01
-1.1763480e-01
-7.8187820e-02
-2.5009020e-02
2.2873280e-02
6.9668570e-02
1.1077830e-01
1.4952300e-01
1.7438350e-01
1.7701400e-01
1.6053370e-01
1.1943930e-01
7.4863340e-02
3.3879490e-02
-1.2058160e-03
-3.6225140e-02
-6.9587340e-02
-8.9180760e-02
-9.3608310e-02
-8.3844330e-02
-6.2508570e-02
-3.7423420e-02
-1.2636020e-02
1.2650840e-02
3.6372750e-02
4.8876580e-02
5.0875130e-02
4.4432520e-02
3.0284080e-02
1.0792810e-02
-8.9218560e-03
-2.2625970e-02
-2.7593770e-02
-2.6639460e-02
-2.1158310e-02
-1.4522680e-02
-7.1095780e-03
1.5853860e-04
2.9111380e-03
9.8426150e-04
-7.5700850e-05
5.0012000e-03
1.0779690e-02
1.0728700e-02
3.4633290e-03
-6.3180510e-03
-1.6854410e-02
-2.7741380e-02
-3.3420930e-02
-3.7874180e-02
-3.5644370e-02
-2.6003930e-02
-1.1075610e-02
2.3450570e-03
1.2106410e-02
1.6376610e-02
1.4563920e-02
9.5539830e-03
6.3760570e-03
1.0592500e-02
2.0716610e-02
2.7678160e-02
3.0274060e-02
3.1805240e-02
3.2607540e-02
3.0763500e-02
2.5778140e-02
1.9078940e-02
1.4229010e-02
1.1472240e-02
9.8495290e-03
8.8142870e-03
6.7746360e-03
9.5562850e-04
-7.1207500e-03
-9.2310410e-03
-1.3438950e-03
1.2777460e-02
2.1301790e-02
2.3483000e-02
1.8222460e-02
6.8874050e-03
-3.8623250e-03
-1.3331370e-02
-2.6030990e-02
-4.0169660e-02
-4.8971460e-02
-4.9991700e-02
-4.2033230e-02
-2.7745080e-02
-1.2919760e-02
-6.7278910e-03
-8.0203310e-03
-1.5685540e-02
-2.3223980e-02
-2.4093590e-02
-2.3061100e-02
-2.2128450e-02
-2.0927160e-02
-1.8862030e-02
-1.3971080e-02
-9.5115440e-03
-6.3798340e-03
-4.4831120e-03
-4.2096910e-03
-2.4230310e-03
9.4345550e-04
5.5873010e-03
1.2117130e-02
1.8817070e-02
2.3621820e-02
2.0892750e-02
1.4750350e-02
1.1023510e-02
1.1061280e-02
1.2549650e-02
1.1910580e-02
7.6654500e-03
2.7506330e-04
-4.2513390e-03
-3.4226450e-03
4.8450470e-04
2.4166210e-03
3.1610650e-03
2.1829430e-03
-1.8403520e-03
-5.2240150e-03
-6.5399510e-03
-5.5492340e-03
-4.0458500e-04
1.0189790e-02
2.5271430e-02
3.9586660e-02
4.6571330e-02
4.7574780e-02
4.4867140e-02
4.1840560e-02
4.1501830e-02
3.8479320e-02
3.1135430e-02
1.0143920e-02
-2.1523710e-02
-5.1105290e-02
-6.6549860e-02
-6.9139090e-02
-6.3474920e-02
-5.4017520e-02
-4.0971380e-02
-2.3340470e-02
-3.2013080e-03
1.3975730e-02
2.8774290e-02
3.8479140e-02
4.0489150e-02
3.7379150e-02
3.1419520e-02
2.7893650e-02
2.6966490e-02
2.5003240e-02
1.4723740e-02
-6.8470330e-03
-2.3216180e-02
-2.9478790e-02
-2.7258200e-02
-2.1212040e-02
-1.4287660e-02
-1.0831710e-02
-8.2745820e-03
-4.6208140e-03
-8.2044750e-04
2.5890500e-03
7.3783010e-03
1.4875360e-02
2.6275100e-02
3.7423410e-02
4.5108670e-02
4.9129670e-02
4.7985900e-02
4.0632160e-02
3.1593630e-02
1.8035450e-02
4.2015400e-03
-9.4303450e-03
-2.2634000e-02
-3.1781740e-02
-3.6235140e-02
-3.9350230e-02
-3.9947670e-02
-3.5628170e-02
-2.7780350e-02
-2.1004190e-02
-1.8612190e-02
-1.9670520e-02
-1.8580810e-02
-1.5113060e-02
-1.2499270e-02
-1.2857370e-02
-1.5942550e-02
-1.8912950e-02
-1.9563620e-02
-1.8389060e-02
-1.2584020e-02
-7.2697330e-03
-4.5437790e-03
-1.3607790e-03
3.1810490e-03
9.8014030e-03
1.9170610e-02
2.6515470e-02
2.8105590e-02
2.3996800e-02
1.3850140e-02
8.0210430e-04
-6.9226810e-03
-1.1095940e-02
-1.2743830e-02
-9.5638730e-03
-4.3426490e-03
-1.2519450e-03
-1.4043580e-03
-2.3180320e-03
-8.9597110e-04
1.9081510e-03
3.3736640e-03
3.9115860e-03
2.1341030e-03
2.0714700e-04
-2.5404570e-04
5.4821160e-04
4.8826460e-04
-4.3272500e-04
-1.9656070e-03
-4.8880640e-03
-7.8527900e-03
-1.0626950e-02
-1.0737750e-02
-1.0496760e-02
-1.0128890e-02
-9.2365380e-03
-8.2819200e-03
-7.4299750e-03
-5.8751350e-03
-4.7279520e-03
-2.1565590e-03
3.1457130e-03
8.7248580e-03
1.3822470e-02
1.5998190e-02
1.7065190e-02
1.8652180e-02
1.9746100e-02
1.9225770e-02
1.3226920e-02
2.9198900e-03
-7.2931990e-03
-1.2896830e-02
-1.4361070e-02
-1.3210360e-02
-1.1151850e-02
-9.9680740e-03
-7.5081650e-03
-1.3903920e-03
8.9044500e-03
1.8957670e-02
2.5078830e-02
2.8462250e-02
2.9751530e-02
3.0938820e-02
3.0634350e-02
2.7333930e-02
2.2230230e-02
1.9852210e-02
1.8281640e-02
1.7227390e-02
1.3976540e-02
7.6185110e-03
-2.3722770e-03
-1.3116380e-02
-2.0941190e-02
-2.7302890e-02
-3.2415310e-02
-3.6588630e-02
-3.9504390e-02
-4.2426070e-02
-4.6500060e-02
-4.8313730e-02
-4.6878470e-02
-4.3442690e-02
-3.8140960e-02
-2.9758580e-02
-2.1428990e-02
-1.4599490e-02
-6.5833520e-03
3.5673710e-03
1.3045150e-02
2.1354760e-02
2.6482800e-02
2.8980360e-02
3.0419450e-02
3.0055290e-02
2.9694210e-02
2.6187170e-02
1.8590020e-02
1.2782290e-02
7.4115250e-03
2.3827990e-03
-5.4883620e-04
-1.4284860e-03
-1.8105350e-03
-4.5501090e-04
2.1582030e-03
3.4281180e-03
4.6851880e-03
7.5193010e-03
1.0765410e-02
1.3696570e-02
1.7417210e-02
2.0264450e-02
2.2117920e-02
2.1636700e-02
1.8840810e-02
1.5050130e-02
9.5045150e-03
1.3358070e-03
-3.8092490e-03
-6.9814600e-03
-8.9558430e-03
-9.9105180e-03
-1.0321500e-02
-1.1780480e-02
-1.3211610e-02
-1.4770130e-02
-1.5526740e-02
-1.6679890e-02
-1.8510210e-02
-1.9978990e-02
-1.9849540e-02
-1.7651900e-02
-1.3824470e-02
-8.2469260e-03
-1.8339530e-03
2.7706580e-03
5.5822340e-03
8.0425730e-03
8.8434700e-03
1.0478680e-02
1.1329510e-02
1.0632190e-02
1.0266240e-02
9.7762140e-03
8.8155790e-03
8.4746780e-03
7.8376580e-03
7.1316570e-03
5.1834970e-03
3.0728870e-03
1.4889140e-03
1.9820130e-04
-1.1682290e-03
-2.6442080e-03
-3.9728270e-03
-5.0863150e-03
-4.8663190e-03
-6.1129060e-03
-8.3186760e-03
-1.0588230e-02
-1.0527780e-02
-8.8659300e-03
-5.8905420e-03
-3.7281440e-03
-1.4002000e-03
2.6291180e-03
6.7180330e-03
1.0566400e-02
1.2549570e-02
1.4145660e-02
1.5732890e-02
1.4793680e-02
1.3358100e-02
1.1591360e-02
8.8210150e-03
5.5203280e-03
3.4137970e-03
1.3322770e-03
-7.8922710e-04
-3.6862030e-03
-6.2600390e-03
-8.7716490e-03
-9.4742200e-03
-1.1743980e-02
-1.2820920e-02
-1.3545180e-02
-1.4749000e-02
-1.4374600e-02
-1.2003100e-02
-9.1003980e-03
-6.4227030e-03
-4.5910550e-03
-2.3156630e-03
-6.7045520e-04
1.8162130e-03
3.8453670e-03
4.4366750e-03
2.7381560e-03
1.4315160e-03
3.2584450e-04
-5.2464210e-04
-3.8122310e-03
-7.2253310e-03
-1.0377830e-02
-1.3309050e-02
-1.2121000e-02
-8.0217080e-03
-3.4231270e-03
8.5770020e-04
4.2602050e-03
7.0035050e-03
1.0372990e-02
1.2313200e-02
1.2135500e-02
1.1276620e-02
1.1007660e-02
9.8157590e-03
8.2614520e-03
7.6823020e-03
7.5765400e-03
7.7837080e-03
7.9786560e-03
7.9816380e-03
7.9293550e-03
7.2370250e-03
7.7415320e-03
8.1477960e-03
8.5027510e-03
7.6921950e-03
4.8043480e-03
1.3957530e-03
-1.4306920e-03
-3.4458560e-03
-7.3958400e-03
-9.7026890e-03
-1.2579010e-02
-1.4728610e-02
-1.5893480e-02
-1.6731490e-02
-1.7087320e-02
-1.7936910e-02
-1.8767550e-02
-1.9055820e-02
-1.8012750e-02
-1.6497120e-02
-1.1695390e-02
-6.0533180e-03
-4.2612300e-04
3.2168110e-03
7.1746610e-03
1.0618160e-02
1.2444340e-02
1.3944130e-02
1.4097070e-02
1.3080140e-02
1.0329840e-02
7.4416150e-03
3.5820250e-03
-1.1324650e-04
-3.8404970e-03
-5.2996830e-03
-7.6056290e-03
-1.1304940e-02
-1.4311770e-02
-1.5562290e-02
-1.4930610e-02
-1.4216190e-02
-1.2109190e-02
-9.7589430e-03
-7.8697460e-03
-5.8834900e-03
-3.0363610e-03
-2.3136010e-04
2.9682760e-03
6.2895420e-03
1.0087270e-02
1.4202560e-02
1.5968740e-02
1.6602220e-02
1.7537070e-02
1.7759150e-02
1.7083730e-02
1.6171790e-02
1.6237730e-02
1.5883630e-02
1.5662230e-02
1.4495780e-02
1.3027290e-02
1.2141560e-02
1.1473670e-02
9.6089960e-03
9.1127330e-03
9.1628850e-03
8.7794810e-03
8.5180170e-03
7.0597680e-03
5.5135530e-03
3.3529730e-03
1.3651900e-03
-1.0942520e-03
-3.8688110e-03
-6.0565790e-03
-6.7170430e-03
-7.9251540e-03
-8.3276070e-03
-8.4031350e-03
-8.3075280e-03
-7.6092340e-03
-6.7113540e-03
-5.3473000e-03
-3.8984300e-03
-2.6059850e-03
-2.4809880e-03
-3.3519440e-03
-4.9110140e-03
-4.9166580e-03
-5.3506210e-03
-5.7532670e-03
-6.9868280e-03
-8.8927340e-03
-1.0290010e-02
-1.1053030e-02
-1.1019920e-02
-1.0610660e-02
-9.0325080e-03
-6.9456090e-03
-4.2763640e-03
-1.7701190e-03
-1.5079800e-03
-7.8415600e-04
-1.7711050e-04
-6.1184150e-04
-2.4424890e-04
-2.2792520e-04
4.4092510e-04
1.3316820e-03
2.7197590e-03
4.0836360e-03
6.2158460e-03
7.3352100e-03
8.1997780e-03
7.8437020e-03
7.4320570e-03
6.9512810e-03
5.9958840e-03
4.2969610e-03
1.7882990e-03
-1.1786470e-03
-3.5519910e-03
-4.1816220e-03
-4.1670960e-03
-3.8157030e-03
-1.8387120e-03
-5.0738030e-04
1.2587060e-03
3.1675160e-03
4.8052640e-03
5.7219700e-03
6.2882110e-03
7.1946110e-03
6.6978130e-03
5.6021860e-03
5.3933760e-03
3.5278750e-03
3.7165400e-04
-5.0073570e-04
-1.9817900e-03
-3.0896910e-03
-3.5877230e-03
-4.6099380e-03
-5.0938960e-03
-5.6556540e-03
-5.8708300e-03
-6.6268440e-03
-6.8951900e-03
-5.9519700e-03
-5.1424220e-03
-5.3572100e-03
-6.9616190e-03
-7.6979990e-03
-8.7067720e-03
-1.0423170e-02
-1.1632810e-02
-1.1653650e-02
-1.1850080e-02
-1.0375450e-02
-8.2271190e-03
-5.9386310e-03
-2.4413850e-03
4.2215830e-04
3.2184670e-03
5.2473030e-03
5.4925080e-03
6.2722220e-03
7.0629790e-03
8.4270740e-03
9.8414650e-03
1.1065600e-02
1.1673630e-02
1.1637370e-02
1.1282990e-02
1.0065320e-02
9.1808470e-03
8.1988690e-03
7.5386800e-03
5.6048920e-03
3.0302350e-03
5.9561700e-04
-3.2347600e-03
-6.3504460e-03
-7.0631810e-03
-7.3842890e-03
-6.8129170e-03
-7.0997350e-03
-7.2596130e-03
-5.7866840e-03
-4.6963280e-03
-4.1586960e-03
-4.0935890e-03
-3.6197730e-03
-5.2382550e-03
-5.4516480e-03
-5.7817990e-03
-6.9809130e-03
-7.4491410e-03
-6.4948820e-03
-5.2187860e-03
-3.4642570e-03
-2.0060130e-03
-1.8938900e-04
1.8975990e-03
4.0742470e-03
6.0962850e-03
6.2733520e-03
5.1371920e-03
4.0694010e-03
2.9867540e-03
2.3325410e-03
1.9024770e-03
1.2999320e-03
2.1906480e-03
3.7445030e-03
5.1064480e-03
7.3802430e-03
9.0776480e-03
1.0272700e-02
1.1115470e-02
1.0512470e-02
8.9108920e-03
8.4578640e-03
7.1615490e-03
4.3690840e-03
2.0519710e-03
8.9112110e-04
-2.0890330e-04
-2.4192750e-03
-3.5978280e-03
-4.4988480e-03
-5.6366470e-03
-6.0071720e-03
-6.8440210e-03
-7.3143150e-03
-6.6896600e-03
-6.6714260e-03
-6.8571700e-03
-4.4264360e-03
-2.5408910e-03
-1.0666960e-03
-7.9347420e-04
-8.6050380e-04
-1.2841830e-03
-1.6502210e-03
-2.6626120e-03
-3.7411050e-03
-4.0232710e-03
-4.1176300e-03
-2.7633630e-03
-1.0118780e-03
-5.1540940e-04
3.2058590e-04
1.5787630e-03
2.1663720e-03
2.8178570e-03
3.8794560e-03
4.1949970e-03
4.6464020e-03
4.3162740e-03
3.8410050e-03
4.3141090e-03
4.4134180e-03
5.1361420e-03
4.2593850e-03
3.8291380e-03
4.1393470e-03
4.2059220e-03
3.6370840e-03
2.5770260e-03
1.5720970e-03
-1.8971130e-04
-3.5076480e-03
-4.7210120e-03
-5.3898780e-03
-6.6534710e-03
-7.0129570e-03
-6.9638250e-03
-6.6857070e-03
-6.8624250e-03
-6.5584190e-03
-7.0385180e-03
-7.1320580e-03
-7.0464530e-03
-6.3637350e-03
-5.5529160e-03
-6.3012540e-03
-6.3597780e-03
-5.5941890e-03
-4.7038560e-03
-4.0515530e-03
-3.2710540e-03
-2.3756720e-03
-1.8563900e-03
4.2550870e-04
2.1943150e-03
3.8855540e-03
6.0714310e-03
7.0971030e-03
8.6378660e-03
9.6453080e-03
9.4428900e-03
9.5877640e-03
1.0101990e-02
1.0750010e-02
1.0834530e-02
9.9690980e-03
1.0159370e-02
1.0787330e-02
1.1499470e-02
1.1931230e-02
1.2159280e-02
1.1908280e-02
1.0191720e-02
9.0199550e-03
7.6589650e-03
4.8368580e-03
2.2308090e-03
1.2191420e-03
-4.0999500e-05
-1.7008280e-03
-1.8312250e-03
-2.1529970e-03
-2.0762880e-03
-2.1575710e-03
-2.0688290e-03
-2.0545030e-03
-1.8751510e-03
-1.7160130e-03
-1.8533060e-03
-2.5449860e-03
-2.6670940e-03
-3.6075660e-03
-4.7489290e-03
-5.0384780e-03
-5.1958780e-03
-6.5759110e-03
-8.6886810e-03
-9.2380840e-03
-9.2141500e-03
-9.4768720e-03
-9.9370760e-03
-9.8552410e-03
-9.1662040e-03
-8.5580250e-03
-7.7935890e-03
-6.9811430e-03
-6.4316120e-03
-4.8596280e-03
-2.4434160e-03
-1.6147720e-03
-1.4203750e-03
1.4400650e-04
1.3557360e-03
1.7557830e-03
9.5346680e-04
-1.1655930e-05
-5.9345490e-05
-5.8315010e-04
-1.9663580e-03
-9.3739750e-04
-2.0751670e-04
2.9975770e-04
1.0442210e-03
1.7758910e-03
1.0858420e-03
1.1013730e-04
1.3656520e-03
4.0586160e-03
3.0950550e-03
4.0379930e-03
5.1965830e-03
5.7341180e-03
6.7864870e-03
7.3552770e-03
8.4977990e-03
9.9228320e-03
1.0119060e-02
9.9090490e-03
9.5621680e-03
7.7800690e-03
5.7311180e-03
3.0925620e-03
1.3677870e-03
4.4427720e-04
-5.6965780e-04
-2.5804120e-03
-3.7507820e-03
-3.4524840e-03
-3.6283440e-03
-4.0998880e-03
-3.9975010e-03
-3.2560910e-03
-2.8060000e-03
-2.9488460e-03
-3.0018700e-03
-2.9385260e-03
-3.7030550e-03
-3.8223520e-03
-2.8053990e-03
-3.2806220e-03
-3.7815790e-03
-3.7507310e-03
-3.3586840e-03
-3.5429570e-03
-3.7272740e-03
-3.5276210e-03
-3.5618590e-03
-2.9001570e-03
-2.1833270e-03
-2.2278560e-03
-1.8567640e-03
-8.0569110e-04
-4.4707160e-04
1.7245670e-04
1.5776530e-04
2.0619890e-04
3.5628530e-04
3.0734640e-04
4.9655500e-04
6.1200920e-04
6.4470020e-04
1.0147300e-03
1.5293080e-03
1.7779950e-03
2.6278560e-03
2.8511120e-03
3.3353610e-03
3.1626280e-03
3.1829990e-03
3.3153900e-03
4.0754220e-03
4.1665770e-03
3.1597320e-03
1.6272530e-03
1.1413640e-03
-7.7655130e-05
-2.0017710e-03
-2.1303330e-03
-2.5410260e-03
-3.0005660e-03
-3.4735480e-03
-3.1592230e-03
-2.6085550e-03
-2.0392710e-03
-1.3764970e-03
-9.9186450e-04
-2.2362130e-04
1.1461200e-03
1.5749070e-03
5.3928010e-04
-4.7415850e-04
-4.4569680e-04
-1.5618170e-03
-2.0648660e-03
-2.4884000e-03
-2.0692000e-03
-1.4373600e-03
-1.0776660e-03
-1.7683070e-03
-2.3679200e-03
-1.3976890e-03
-1.1385220e-03
-6.6277320e-04
-4.7064440e-05
6.2738220e-04
1.1764980e-03
1.3506350e-03
1.9556360e-03
1.7958190e-03
8.5687610e-04
9.0877950e-04
8.4803520e-04
3.0238780e-04
1.9108590e-05
-2.9983800e-04
1.9544980e-05
2.6682730e-04
2.8882380e-04
7.1782220e-04
1.5284110e-03
2.5584490e-03
3.0972130e-03
2.9001270e-03
2.7055790e-03
2.1927080e-03
2.3596750e-04
-1.4050130e-03
-1.2923280e-03
-2.1726340e-03
-2.5198230e-03
-2.5466240e-03
-2.5343610e-03
-2.6504730e-03
-1.8792150e-03
-8.7803790e-04
4.4218020e-04
8.7755570e-04
1.7514940e-03
3.6049950e-03
4.0430030e-03
4.4370730e-03
4.9830700e-03
5.4998540e-03
5.1622410e-03
5.2856090e-03
5.6876880e-03
6.3732310e-03
6.5772960e-03
5.6643590e-03
5.1048980e-03
5.1642720e-03
5.2723580e-03
5.3136580e-03
4.9544810e-03
4.4338010e-03
3.3533500e-03
2.6510360e-03
1.0984410e-03
-1.6913000e-03
-3.3286290e-03
-4.4764410e-03
-6.7665750e-03
-7.9967420e-03
-8.0951520e-03
-8.6693150e-03
-8.7668220e-03
-8.9406970e-03
-7.7243610e-03
-6.1095960e-03
-5.4649990e-03
-4.6086830e-03
-3.9702490e-03
-3.2433990e-03
-2.1583470e-03
-2.2532470e-03
-2.7924860e-03
-2.8363400e-03
-1.4005460e-03
-6.2760270e-04
-4.4261820e-04
-6.3435430e-04
-1.1731430e-03
-1.9907410e-03
-2.5091290e-03
-3.2596840e-03
-3.6710330e-03
-3.2383210e-03
-2.2674690e-03
-4.5405850e-04
5.2186720e-04
7.8086130e-04
2.2014660e-03
3.0996080e-03
4.0226480e-03
4.0593330e-03
4.2756150e-03
4.3667010e-03
3.9388340e-03
2.4913310e-03
1.1521490e-03
-4.2694350e-04
-2.2921330e-03
-3.9141230e-03
-5.1946130e-03
-5.8206860e-03
-6.3556670e-03
-7.1065240e-03
-7.1592860e-03
-6.6905770e-03
-7.0794590e-03
-6.0181290e-03
-4.6674790e-03
-3.4890680e-03
-1.6436740e-03
-4.4305680e-04
9.8465110e-04
2.1061390e-03
3.0639840e-03
2.7237940e-03
3.0809930e-03
4.0707470e-03
4.9891490e-03
5.8721610e-03
6.1249230e-03
6.5694660e-03
5.7206120e-03
4.2137250e-03
4.5985180e-03
3.9354240e-03
2.2553240e-03
1.0049730e-03
5.6969690e-05
-1.3228510e-03
-2.3004910e-03
-3.9066500e-03
-3.4018450e-03
-3.5328810e-03
-2.3954290e-03
9.0240360e-05
6.6231140e-04
1.0640650e-03
2.0477230e-03
2.8787300e-03
4.6368330e-03
5.0521020e-03
5.3890390e-03
4.8315790e-03
3.8615360e-03
4.2568910e-03
3.3384900e-03
2.6972430e-03
2.4054430e-03
1.1789640e-03
1.0943630e-03
1.2898470e-03
1.7286910e-03
1.8255100e-03
1.6896600e-03
1.9077290e-03
2.1785350e-03
2.3397020e-03
1.6942670e-03
1.5224970e-03
1.7813170e-03
2.2808100e-03
2.3039680e-03
2.3385340e-03
1.8196190e-03
1.1878690e-03
1.0199010e-03
4.5780210e-05
-3.4958350e-04
-1.5789980e-04
-6.8479900e-04
-1.3061660e-03
-2.8134630e-03
-4.2945930e-03
-3.6205770e-03
-4.4526660e-03
-5.2729820e-03
-5.8567380e-03
-6.0328320e-03
-5.7679640e-03
-5.5947180e-03
-4.6109220e-03
-3.8648710e-03
-2.8568340e-03
-5.0281130e-04
1.8138540e-03
2.9242330e-03
3.9595630e-03
5.8528760e-03
5.8899790e-03
6.8037630e-03
5.9768240e-03
5.5262740e-03
4.2667950e-03
3.7228360e-03
3.1053540e-03
2.3033340e-03
1.3891800e-03
1.0971670e-03
6.5365320e-04
3.5656600e-04
5.0615070e-04
-2.5117570e-04
-1.4180130e-03
-1.8361850e-03
-2.2201590e-03
-3.2267720e-03
-3.7886350e-03
-4.0093840e-03
-4.1422170e-03
-3.6078400e-03
-3.2495440e-03
-2.9058720e-03
-2.7345140e-03
-2.7947850e-03
-2.4203820e-03
-1.8198130e-03
-2.7452630e-03
-2.7146040e-03
-2.8279120e-03
-3.2291840e-03
-2.4183440e-03
-2.7265890e-03
-2.2677120e-03
-2.9865110e-04
1.6782290e-05
1.1664760e-04
1.3325590e-03
1.2196220e-03
1.3807360e-03
6.9146970e-04
5.6182030e-04
2.8934510e-04
-1.0470290e-04
5.3499120e-04
1.8729520e-03
2.3423270e-03
1.4825480e-03
1.4216280e-03
2.2281280e-03
3.6065790e-03
4.3381260e-03
3.4621900e-03
2.4029060e-03
1.2442260e-03
1.0169960e-03
2.0600310e-04
-6.4336590e-04
-9.3598510e-04
-1.4789800e-03
-2.0653240e-03
-1.4814760e-03
-4.7264510e-04
7.8301970e-04
1.2570880e-03
1.0043440e-03
1.3170540e-03
1.9860110e-03
1.8117520e-03
2.3265170e-03
1.6589370e-03
1.5348020e-03
1.9570580e-03
1.0897660e-03
8.9292790e-04
1.1142720e-03
1.2591150e-03
-2.8977060e-04
-8.9766030e-04
-1.0922810e-03
-1.5218200e-03
-1.8892690e-03
-2.6773690e-03
-3.7040510e-03
-1.9758130e-03
-4.0938000e-04
-1.5492090e-04
-1.0188800e-04
2.0866100e-04
-4.9484040e-04
-8.9790980e-04
-1.7967550e-03
-2.0203640e-03
-2.2727670e-03
-3.0757410e-03
-2.6478440e-03
-1.7236080e-03
-2.5177380e-03
-1.6050300e-03
-2.9088820e-04
-1.9494290e-04
-4.1057490e-05
1.0360040e-04
2.9569050e-04
-2.8104680e-04
-6.4965130e-04
-8.9424960e-04
-1.8385780e-03
-2.3213490e-03
-2.9988570e-03
-3.4869650e-03
-3.2441320e-03
-3.6871890e-03
-3.5860190e-03
-3.0508450e-03
-2.7674780e-03
-3.2552590e-03
-2.2937800e-03
-1.6530210e-03
-2.0264330e-03
-1.6916250e-03
-1.4214580e-03
-1.2652690e-03
-8.7796300e-04
-8.9574850e-04
-9.9737240e-04
-7.4598660e-04
-3.2969810e-04
3.2459610e-04
9.6182230e-04
4.7426240e-04
1.3916270e-03
1.6597130e-03
1.5050220e-03
2.8828520e-03
3.9537590e-03
3.8356660e-03
3.7362230e-03
4.7869720e-03
4.9058760e-03
4.7228810e-03
4.9898560e-03
4.5829980e-03
4.8142370e-03
4.5175140e-03
4.8824360e-03
4.4322170e-03
2.7333770e-03
1.8632410e-03
1.4598020e-03
8.6169220e-04
5.0948700e-04
-2.2545010e-04
-6.3208840e-04
-5.8935080e-04
-1.9052130e-04
1.2493970e-04
1.0278320e-03
1.3976880e-03
1.6347660e-03
2.0233120e-03
2.5009380e-03
2.8154450e-03
2.0242070e-03
2.0437440e-03
2.0015880e-03
3.6589610e-04
6.0629180e-04
2.6364120e-04
5.9649880e-04
9.9342090e-04
8.4385020e-04
1.4092580e-03
1.9089670e-03
1.4829010e-03
1.6364010e-03
1.4868430e-03
1.3499070e-03
5.8008340e-04
2.6974990e-04
-3.0061720e-04
-1.3238900e-03
-2.8349460e-03
-4.1948160e-03
-4.1779270e-03
-4.0844470e-03
-3.8034430e-03
-3.5839020e-03
-3.4703030e-03
-2.3188600e-03
-2.9882820e-03
-3.0882460e-03
-3.1657680e-03
-2.9846010e-03
-3.3850810e-03
-2.0562340e-03
-1.8989410e-03
-2.7073730e-03
-2.9754970e-03
-2.8942310e-03
-2.6938930e-03
-2.0234040e-03
-1.7906110e-03
-2.3251480e-03
-1.7574830e-03
-2.0914960e-03
-2.0267630e-03
-1.4070820e-03
-7.2259280e-04
-4.9160090e-04
-2.1148550e-04
6.8972330e-04
6.0693280e-04
2.6318250e-04
1.0061570e-03
1.2681330e-03
8.9921630e-04
4.4793790e-04
6.6347610e-04
5.0648710e-05
-6.7301550e-04
-8.4524200e-04
-1.4369340e-03
-2.0332920e-03
-1.2490080e-03
-1.0208920e-03
-7.4280810e-04
-1.1193890e-03
-7.2183610e-04
-5.8913550e-04
3.0826970e-04
6.1494240e-04
3.7634360e-04
1.0372570e-03
2.5065890e-03
3.0297250e-03
3.8605650e-03
3.8683760e-03
5.1324110e-03
5.3531980e-03
5.7692600e-03
6.0482640e-03
5.8408840e-03
4.9374590e-03
4.5271130e-03
4.4598890e-03
3.4458680e-03
1.8059230e-03
1.1726670e-03
2.7179960e-04
-3.5275730e-04
-2.0571430e-03
-1.7062930e-03
-1.3508880e-03
-8.5433120e-04
-8.4580470e-04
1.4390480e-04
8.4392840e-04
1.6471870e-03
2.8155940e-03
2.9306040e-03
2.7504240e-03
1.8518110e-03
1.3147390e-03
1.4687740e-04
-4.8867580e-04
-1.1507640e-03
-1.5457780e-03
-2.3745910e-03
-3.1386570e-03
-2.8179810e-03
-3.0185490e-03
-2.1419430e-03
-2.5768670e-03
-3.0988460e-03
-3.4882240e-03
-3.6536840e-03
-3.7035970e-03
-3.7656290e-03
-4.0891350e-03
-4.1848060e-03
-3.9700840e-03
-4.3145420e-03
-4.5792040e-03
-3.4635080e-03
-2.3580080e-03
-1.1798200e-03
-5.3597490e-04
-5.1911670e-05
1.5411400e-04
-7.7322640e-05
7.1394240e-05
-1.1327720e-04
-1.1204190e-05
-3.4643710e-04
1.5024720e-03
1.4619160e-03
1.7148590e-03
1.7735420e-03
1.5819580e-03
1.5032330e-03
2.1691960e-03
2.5499960e-03
2.5316000e-03
2.3476990e-03
2.8848850e-03
4.1777410e-03
3.6064570e-03
3.2126570e-03
2.7445240e-03
2.3208930e-03
2.1755880e-03
2.4765130e-03
2.6452530e-03
2.7085890e-03
1.6444850e-03
-1.7712560e-03
-4.1558820e-03
-2.4442790e-03
7.8403470e-04
2.7363980e-03
1.2606720e-03
-1.2704660e-03
-2.5145860e-03
-1.3152010e-03
9.3588150e-04
1.9623140e-03
6.2240750e-04
-1.1983780e-03
-2.6893910e-03
-3.0958830e-03
-2.0522980e-03
-9.0831570e-04
-9.5582710e-04
-8.8978240e-05
1.8035330e-03
2.6772770e-03
3.4384720e-03
3.0302170e-03
2.2025820e-03
1.8474910e-03
1.5679870e-03
1.0274010e-03
4.3358070e-04
7.2068270e-04
6.4513010e-04
4.5303420e-04
-1.6054470e-04
3.2111520e-04
9.8114780e-04
8.7227270e-04
2.0681780e-03
2.3432430e-03
2.0772020e-03
2.7959000e-03
1.9562090e-03
1.7384150e-03
1.7445920e-03
2.0137560e-03
1.7702660e-03
1.5394640e-03
1.4212990e-03
1.0829400e-03
1.0834430e-03
1.0873160e-03
4.4866120e-04
-5.8423690e-04
-1.4320580e-03
-2.7619290e-03
-3.2678780e-03
-3.6525000e-03
-4.3819030e-03
-3.7105350e-03
-3.4988990e-03
-3.1230160e-03
-3.0610960e-03
-2.9697410e-03
-2.8130210e-03
-3.2303610e-03
-2.8571440e-03
-2.2249810e-03
-1.9386690e-03
-3.0922540e-03
-4.3215940e-03
-4.1250900e-03
-3.7907230e-03
-4.1882940e-03
-4.7666170e-03
-6.1030230e-03
-6.6349880e-03
-7.1173430e-03
-6.9263430e-03
-6.8681600e-03
-7.0960270e-03
-6.8609550e-03
-5.0086510e-03
-3.7479460e-03
-4.0559390e-03
-3.2890070e-03
-2.8304510e-03
-2.7369240e-03
-1.5119250e-03
-5.4862620e-04
2.1231230e-04
1.2153950e-03
2.0138670e-03
3.2095670e-03
4.3351070e-03
5.1457550e-03
5.7173070e-03
6.6123570e-03
6.8391840e-03
5.9167470e-03
5.2745950e-03
4.9044520e-03
4.6325160e-03
4.0630440e-03
2.5628070e-03
1.8487920e-03
9.5462540e-04
7.3319950e-04
2.2952900e-04
-1.6514160e-04
5.7665660e-04
1.4442710e-03
1.4302740e-03
1.5308870e-03
1.7640250e-03
1.9713650e-03
2.1151980e-03
2.6176330e-03
2.2772820e-03
2.1212300e-03
9.2689060e-04
2.0536670e-03
2.1789220e-03
2.0882890e-03
2.2384260e-03
1.9866790e-03
2.1056160e-03
2.5502920e-03
2.0576440e-03
2.0893480e-03
1.7245570e-03
2.1449260e-03
2.0118840e-03
2.0174970e-03
6.4192170e-04
6.5742210e-04
3.5549620e-04
-9.2333630e-04
-9.6933090e-04
-5.5658880e-05
6.9472410e-06
-2.1553900e-04
-2.6701370e-04
-7.2195410e-04
-9.5685310e-04
-1.0713290e-03
-1.4362970e-03
-1.3758390e-03
-1.5662680e-03
-1.3238510e-03
-1.4223590e-03
-1.1931880e-03
-9.4468940e-04
-5.7048220e-04
-3.8058660e-04
2.0865180e-04
4.6748020e-04
9.9832250e-04
1.1504460e-03
4.5217590e-05
-8.4741370e-04
-1.1681490e-03
-1.0018960e-03
-4.1649110e-04
-1.1428880e-03
-1.3717940e-03
-1.4558170e-03
-1.1339610e-03
-1.1131920e-03
-1.8404710e-03
-1.6778130e-03
-9.9254380e-04
1.5696450e-05
-5.8275010e-04
-7.5104360e-04
-7.4745470e-04
-7.3906930e-04
-1.6595900e-04
-4.8565740e-04
-7.5150040e-04
2.8617450e-04
6.7345730e-04
1.1788840e-03
1.3522510e-03
9.4256110e-04
5.2981090e-04
4.0523170e-04
6.3806820e-04
6.6026160e-04
5.1769060e-04
9.7953350e-04
1.3042930e-03
1.0256030e-03
7.6155320e-04
7.6609830e-04
5.5437440e-05
-3.3857090e-05
-4.8060320e-04
-1.3537440e-03
-1.3180120e-03
-9.5981450e-04
-1.0442440e-03
-6.8330000e-04
8.3742320e-05
3.7812330e-04
5.6179520e-05
-1.5104980e-04
1.9267650e-04
4.0168040e-04
7.6518020e-04
5.2776140e-04
4.0074530e-04
2.2868290e-04
8.1380450e-04
8.3176580e-04
2.8469500e-04
-2.6290550e-04
-3.2972840e-04
-2.3054870e-04
-8.1978280e-04
-1.0121770e-03
-2.3604560e-04
-3.0512670e-05
-6.6925900e-05
5.0934840e-05
2.6097270e-04
3.8621910e-04
2.9341030e-04
4.1631860e-04
8.6611710e-05
-1.5646160e-04
-1.0675500e-04
1.9551630e-04
-2.5146780e-05
-1.1119270e-04
-3.3996020e-04
-4.0315710e-04
-3.4002960e-04
-3.1488520e-04
-9.3290600e-05
2.3545260e-04
3.1478280e-04
4.5724310e-04
5.4071690e-04
4.9163920e-04
4.5456340e-04
3.6850710e-04
3.4203790e-04
3.0436180e-04
1.4010240e-04
3.5794570e-05
-1.2280960e-04
-3.3257000e-04
-3.8785390e-04
-3.8272220e-04
-3.0417120e-04
