0.01
-4.7083400e-04
-1.5040950e-03
-1.2141750e-03
-5.8404670e-05
5.0707070e-04
1.0200370e-03
7.9917260e-04
-2.9409490e-04
-3.6910200e-04
5.7327650e-04
1.1208990e-03
-8.7996840e-04
-1.5820830e-03
1.0764900e-03
3.5780820e-03
3.3631700e-03
-3.4023710e-04
-3.2119440e-03
-1.5562420e-03
1.5604940e-03
2.0528890e-03
-9.9149530e-04
-8.4148810e-04
4.0681440e-03
5.9044340e-03
2.6281500e-03
-1.7405870e-03
-3.8799250e-03
-3.3772620e-03
-2.0450350e-03
-3.1354920e-03
-5.0305140e-03
-3.8531400e-03
-1.9353000e-03
-7.1659380e-04
-2.2280990e-03
-3.4086450e-03
-3.3676330e-03
-4.2725600e-03
-3.8454710e-03
-2.2978800e-03
-2.6301470e-03
-2.7162580e-03
5.2968440e-04
4.6369280e-03
5.6708340e-03
7.3806800e-03
5.3755160e-03
2.9233710e-03
3.2565560e-03
3.7898610e-03
1.0230010e-02
8.5664120e-03
2.0206890e-03
1.4106760e-03
9.0120640e-04
3.6324510e-04
-8.3588200e-04
-3.9024580e-03
-5.6527500e-03
-7.5366010e-03
-6.7787990e-03
-1.5981110e-03
-9.1617110e-03
-1.3291400e-02
-5.1385290e-03
5.9491880e-03
9.8901860e-03
7.8889580e-04
-1.5826130e-02
-1.5345660e-02
-5.4318550e-05
1.3383880e-02
1.1951800e-02
8.1159620e-03
1.6581690e-02
1.9875210e-02
6.3487310e-03
-4.3533320e-03
-1.0661680e-02
-4.9432930e-03
6.7139940e-03
1.0926290e-02
9.9849170e-03
-2.9135770e-04
-7.8103550e-03
-1.6704920e-02
-3.1092480e-02
-3.0781690e-02
-7.2127040e-03
8.9368760e-03
9.1984230e-03
-5.2722520e-03
-1.4699000e-02
-6.6608860e-03
7.2226660e-03
1.5500720e-02
1.4529040e-02
1.4286590e-02
6.4428950e-03
2.3012110e-03
1.5186520e-02
8.6717820e-03
-3.3081990e-03
-2.1154870e-03
2.6628230e-03
2.1158530e-02
1.9084900e-02
-8.0051850e-03
-1.9473010e-02
-2.0960810e-02
-1.2525370e-02
-5.5015820e-03
-1.5382230e-02
-1.6927730e-02
-2.9717960e-03
1.4557370e-02
2.3746630e-02
5.1446100e-03
-2.4868530e-02
-1.5734540e-02
1.0379530e-02
2.9440790e-02
3.5790730e-02
1.7532820e-02
-5.5496080e-03
-1.0890530e-02
-2.1542590e-02
-1.4885700e-02
-6.7060650e-03
1.8752580e-03
1.9787900e-02
1.5105030e-02
4.8463100e-03
-9.6859540e-03
-2.3092380e-02
-2.2494360e-02
-8.9412300e-03
7.4343030e-03
8.0260000e-03
-1.1672990e-02
-2.9368830e-02
-1.0542050e-02
2.0208400e-02
2.7376090e-02
1.5712580e-02
6.2421410e-04
5.4501590e-03
2.7390640e-02
1.9719990e-02
-1.1799770e-02
-2.9510090e-02
-7.4157710e-03
1.3578020e-02
-3.4890660e-03
-2.8277600e-03
1.1274640e-02
8.4681600e-03
-2.6938580e-03
-2.2943250e-03
-1.3092010e-02
-2.9298190e-02
-2.2379730e-02
3.6562770e-03
1.2099380e-02
-8.9273760e-03
-1.8231420e-03
1.2395740e-02
1.5548050e-02
-5.5003390e-03
-2.7758400e-02
-5.6168660e-03
3.0470050e-02
3.2457320e-02
8.6961110e-03
2.0700760e-03
-6.6027790e-04
3.5698190e-03
-6.7049580e-04
-2.0921390e-02
-2.4112700e-02
-1.2143470e-02
6.9754270e-03
2.4910820e-02
8.7485260e-03
-2.0734310e-02
-2.6171020e-02
-8.7350350e-04
3.2006940e-02
3.8962990e-02
1.6002040e-02
2.6261510e-03
-1.7020670e-02
-2.3585930e-02
-1.5866410e-02
-1.8798330e-02
1.7129730e-02
3.5593450e-02
1.2160560e-02
-8.8313230e-03
-2.8588830e-02
-2.2773720e-02
6.1028880e-03
2.3361180e-02
1.5140110e-03
-3.0919840e-02
-2.6416730e-02
9.1078630e-03
3.1708290e-02
8.0142370e-03
-9.3846290e-03
-7.7596520e-03
-5.6071680e-03
-4.5357300e-03
5.2117820e-03
7.0179020e-03
-7.4203210e-03
-2.1044450e-02
-1.5892030e-02
1.9157230e-05
1.5738030e-02
2.2084740e-02
6.9352760e-03
4.7789820e-05
1.0940930e-02
2.1739900e-02
2.4839980e-02
-1.3407910e-04
-5.8278440e-03
1.2476790e-02
1.9852100e-02
9.8735450e-03
1.2104160e-03
3.0782140e-03
1.7808090e-03
-3.2662370e-02
-6.2755880e-02
-4.8865580e-02
-9.6483880e-03
8.7561460e-03
-4.0032760e-03
-1.2996290e-02
-6.2827000e-03
6.4269320e-03
1.9436690e-02
3.0320400e-02
1.8230180e-02
3.6252660e-04
1.2830690e-02
3.3104670e-02
4.8149230e-02
2.8985580e-02
-5.8931100e-03
-4.8367660e-03
3.5559030e-03
-2.9209110e-03
-2.8111410e-02
-5.4252320e-02
-5.5458890e-02
-3.5515410e-02
-1.9208100e-02
-2.2705400e-02
-3.9007010e-02
-5.6882380e-02
-5.4460470e-02
-3.5293490e-02
-9.5387630e-03
1.5172820e-02
3.8913500e-02
5.3016420e-02
4.0690990e-02
4.4689700e-02
6.3735080e-02
6.6262740e-02
6.7230600e-02
7.1937650e-02
6.3734410e-02
6.0414300e-02
6.7362210e-02
6.8378830e-02
5.2150300e-02
2.2203080e-02
-1.4039460e-02
-5.9559850e-02
-9.4577350e-02
-1.1286370e-01
-9.6321030e-02
-3.8700230e-02
2.7947840e-02
6.3528840e-02
6.8352940e-02
5.5819900e-02
4.6714090e-02
6.3445630e-02
7.6276820e-02
7.3285100e-02
7.5667170e-02
8.6709750e-02
8.9315060e-02
4.3702880e-02
-3.1895950e-02
-9.8791850e-02
-1.4178290e-01
-1.5073840e-01
-1.1341610e-01
-4.7083690e-02
1.1561560e-03
5.8058440e-03
-1.9935200e-02
-5.2162430e-02
-8.9631760e-02
-1.1571520e-01
-1.3154090e-01
-1.3286630e-01
-8.8580180e-02
-7.1345900e-03
4.6801930e-02
3.8033780e-02
5.5687780e-03
-3.5715200e-02
-6.9581800e-02
-6.7442120e-02
-4.1272980e-02
-2.3522870e-02
-1.2097610e-02
1.1952490e-02
3.8481080e-02
5.9525710e-02
7.1254250e-02
5.2378170e-02
-1.0081930e-02
-6.3498680e-02
-7.2615480e-02
-3.0197960e-02
3.3531300e-02
7.2777340e-02
8.8941060e-02
8.5985260e-02
4.1213350e-02
2.0113600e-03
1.0706110e-02
4.9660970e-02
7.5827650e-02
7.5968680e-02
6.6988570e-02
5.1387730e-02
1.7338100e-02
-5.9100700e-02
-1.4348610e-01
-1.8163420e-01
-1.5373760e-01
-4.7694080e-02
7.6177850e-02
1.2205480e-01
8.6441220e-02
5.1756980e-02
2.9097250e-02
-1.7682280e-02
-8.6210540e-02
-1.1226080e-01
-6.3295400e-02
4.0029370e-02
1.2599190e-01
1.3544620e-01
9.1843840e-02
4.0445270e-02
-1.3806520e-02
-5.4489460e-02
-5.7754790e-02
-1.7439270e-02
6.3012380e-02
1.1857420e-01
8.5740080e-02
-7.7825070e-04
-8.0997940e-02
-1.2603630e-01
-1.2950530e-01
-8.9531560e-02
-4.5800400e-03
8.0795810e-02
1.0845700e-01
6.7567730e-02
-2.2197160e-02
-9.2992020e-02
-9.6669910e-02
-5.4847980e-02
9.9243920e-03
6.7385020e-02
8.5503680e-02
7.1916610e-02
4.7582590e-02
5.6942910e-03
-4.9610540e-02
-8.2925750e-02
-5.4021030e-02
9.8515030e-03
5.0098170e-02
2.9853890e-02
-1.7116290e-02
-5.5345820e-02
-8.1639510e-02
-8.6321180e-02
-7.2554950e-02
-4.2308990e-02
1.5604200e-02
8.2745730e-02
1.1883610e-01
1.2933730e-01
1.1276560e-01
5.3131730e-02
-2.0841520e-02
-5.6171620e-02
-2.9859630e-02
3.6620880e-02
7.5519240e-02
5.9838940e-02
1.1916730e-02
-2.4253360e-02
-3.4905770e-02
-3.3988250e-02
-1.1748060e-02
1.3397200e-02
2.2813360e-02
1.8549390e-02
1.0333890e-02
-6.7917800e-03
-1.8395850e-02
-1.7829820e-02
-2.4858510e-03
6.6430350e-03
3.1443780e-03
9.1476420e-03
2.1847860e-02
1.4329540e-02
-1.5245230e-02
-4.2410060e-02
-5.2374010e-02
-3.8607530e-02
-1.5576490e-02
-5.1904920e-03
6.5706420e-03
2.7025840e-02
3.3760420e-02
1.2795310e-02
-8.3864060e-03
-7.2468730e-03
4.1027030e-03
9.9186370e-03
2.3561960e-03
-1.3365300e-02
-1.8414280e-02
-3.5836880e-02
-6.1882230e-02
-7.8953170e-02
-7.9708970e-02
-6.8523160e-02
-3.9867080e-02
-5.7984580e-03
2.6074060e-02
4.4332720e-02
4.5514480e-02
3.4594410e-02
2.7779150e-02
3.4049840e-02
3.5312470e-02
1.5845520e-02
-1.6169800e-02
-3.4978070e-02
-3.7113420e-02
-2.9504300e-02
-1.7373460e-02
-7.0962400e-04
2.2170330e-02
3.3416580e-02
2.1185130e-02
-4.7248440e-03
-2.5567160e-02
-2.8341400e-02
-2.2240430e-02
-1.5925290e-02
-1.1307090e-02
7.0072800e-03
4.2663310e-02
6.8623640e-02
7.0869230e-02
4.3493730e-02
6.4373350e-03
-2.2379370e-02
-3.9489420e-02
-3.6838580e-02
-1.0154270e-02
2.0012390e-02
3.1494860e-02
2.4212400e-02
1.9399710e-03
-3.0187280e-02
-5.1380530e-02
-5.4513240e-02
-4.9602680e-02
-3.2182710e-02
-7.2985710e-03
8.8282500e-04
-1.1623520e-03
-8.6041370e-04
4.2599770e-03
1.1146120e-02
1.2702550e-02
1.4164200e-02
2.7179240e-02
4.4267980e-02
4.3511410e-02
2.3300480e-02
1.1589420e-02
1.2753980e-02
1.2641240e-02
2.2022780e-03
-1.4174610e-02
-2.7056640e-02
-2.8149340e-02
-1.8499860e-02
-3.2006100e-03
1.0414010e-03
-9.5670560e-03
-1.8053030e-02
-1.9006890e-02
-7.8261540e-03
1.0990210e-02
2.2981950e-02
2.3401240e-02
1.3419070e-02
7.3133160e-03
1.2691420e-02
1.5711600e-02
1.8782330e-02
2.1934310e-02
2.5872830e-02
3.4788740e-02
3.4520040e-02
1.3966050e-02
-1.3082910e-02
-2.5277290e-02
-2.0425920e-02
-8.1425510e-03
7.9795840e-03
2.4720990e-02
3.3408530e-02
2.8611950e-02
2.0762520e-02
1.9102340e-02
1.9365020e-02
1.1420180e-02
8.6852960e-03
1.7688380e-02
2.4945450e-02
1.9644930e-02
-1.8030320e-04
-2.2287830e-02
-3.5725390e-02
-4.5452720e-02
-4.9798550e-02
-3.4316880e-02
-4.3650490e-03
8.4662290e-03
-3.2440140e-03
-1.4859510e-02
-1.3503700e-02
-1.3928970e-02
-2.0739750e-02
-2.4553750e-02
-2.0271120e-02
-1.2426700e-02
-4.0774980e-03
-4.0175230e-03
-1.7158260e-02
-3.4346880e-02
-4.0008260e-02
-2.7246290e-02
-6.4785330e-03
1.3074340e-02
3.0199260e-02
3.7584180e-02
3.4027540e-02
2.0104610e-02
5.3221320e-04
-1.1574790e-02
-1.6253390e-03
1.4977760e-02
1.2540760e-02
-3.1173760e-03
-1.9831570e-02
-2.6155670e-02
-2.2943230e-02
-1.8413960e-02
-2.2398140e-02
-2.8803780e-02
-2.5195290e-02
-1.2280230e-02
-1.7069040e-03
1.3919760e-03
-1.0301020e-03
-1.1312180e-03
1.6913940e-03
3.1924020e-03
1.9678520e-03
4.7700950e-03
8.2499090e-03
6.0902470e-03
3.6752210e-03
3.7710130e-03
4.8158470e-03
1.7805320e-03
-7.8034650e-03
-1.4862900e-02
-1.0536700e-02
-6.7726190e-03
-1.1514690e-02
-1.3061470e-02
-9.6727520e-03
-3.1740010e-03
4.1677140e-03
7.1643180e-03
5.9233810e-03
9.0827490e-03
1.8997050e-02
2.2429130e-02
1.7280890e-02
1.7116640e-02
2.4014700e-02
2.9482640e-02
2.6315950e-02
1.6577240e-02
9.6572120e-03
1.1344540e-02
1.5287680e-02
1.5348270e-02
1.2634150e-02
3.3764430e-03
-5.5711660e-03
-7.8367330e-03
-6.3347690e-03
-4.2127560e-03
-6.1133840e-03
-7.4870870e-03
-2.2204420e-03
3.5988480e-03
8.2591880e-03
1.3839630e-02
1.4952050e-02
1.2863840e-02
9.0040010e-03
6.1031380e-03
4.7814520e-03
2.9516730e-03
-3.6193830e-04
-3.5669040e-03
-5.3647230e-03
-8.0514060e-03
-1.1195280e-02
-1.1028190e-02
-6.8118030e-03
-4.8331870e-03
-6.7376460e-03
-9.4733800e-03
-9.4859650e-03
-8.2193910e-03
-7.7943680e-03
-5.3642470e-03
-1.4277070e-03
9.8250470e-04
2.8654780e-03
6.8840260e-03
1.0086050e-02
1.0071690e-02
8.7436310e-03
1.1170150e-02
1.8416120e-02
1.9493010e-02
1.0566080e-02
2.2406600e-03
4.1898220e-04
4.3747870e-03
8.9400510e-03
1.0051610e-02
9.2708660e-03
5.8322890e-03
-3.3777340e-03
-1.6636940e-02
-2.4873370e-02
-2.0164570e-02
-7.0998280e-03
3.2710500e-03
8.7129380e-03
1.1468900e-02
9.3419110e-03
-2.7397550e-03
-1.4931810e-02
-1.7556270e-02
-1.4619720e-02
-1.0386510e-02
-1.0005690e-02
-1.2562160e-02
-8.2798170e-03
2.5126720e-04
5.5362330e-03
5.6422390e-03
2.6104780e-03
3.9250870e-03
7.7409230e-03
8.9607590e-03
7.0655140e-03
2.8642710e-03
4.1258320e-04
2.4444590e-03
2.9545630e-03
3.1394920e-04
1.8047530e-03
6.8209910e-03
1.1071240e-02
9.0021160e-03
-5.9615890e-05
-8.0936400e-03
-1.1367030e-02
-1.1275930e-02
-9.9063080e-03
-5.8358990e-03
-4.1106900e-03
-9.8571870e-03
-1.5833860e-02
-2.0969060e-02
-2.2906110e-02
-1.7217120e-02
-6.6201200e-03
6.8290680e-04
1.2339460e-03
4.3875920e-04
-2.4374350e-04
-2.1650020e-03
-4.0961090e-03
-3.3358860e-03
4.4350570e-03
1.7016540e-02
2.4954760e-02
1.8632840e-02
2.4523520e-03
-8.4393580e-03
-8.7711650e-03
-2.6352580e-03
4.6803490e-03
8.7019300e-03
7.7853720e-03
3.1514210e-03
-3.2219420e-03
-9.5524900e-03
-1.1395490e-02
-8.6548470e-03
-1.6256940e-03
7.4198260e-03
1.3061970e-02
1.2601260e-02
4.4921260e-03
-3.8916390e-03
-5.0039890e-03
-2.0820770e-03
-1.7936630e-03
-3.6551060e-03
-2.7329260e-03
-2.6549850e-05
3.6433710e-04
-5.0929360e-04
-1.0793330e-03
8.1869560e-04
4.4718470e-03
7.7926360e-03
6.6520270e-03
8.8510840e-04
-4.6102260e-03
-4.9882220e-03
3.9611940e-03
1.1726080e-02
9.7981020e-03
6.5368230e-03
5.6175990e-03
3.6592190e-03
-8.1567840e-04
-3.8654370e-03
-3.1186150e-03
-4.6489890e-03
-1.0491930e-02
-1.1584730e-02
-6.2563250e-03
-2.5000290e-03
-1.6141050e-03
8.5026300e-04
4.1250470e-03
4.6193630e-03
-5.4188440e-04
-7.6648740e-03
-9.8995420e-03
-8.4088290e-03
-7.8027770e-03
-8.9679960e-03
-8.5368010e-03
-6.7241240e-03
-6.3310360e-03
-8.6623450e-03
-1.2172140e-02
-1.2579360e-02
-7.0912000e-03
-9.1951870e-04
2.1990140e-03
3.6472340e-03
3.1638230e-03
1.9911350e-03
1.9325950e-03
1.9068190e-03
1.7088730e-03
3.3194620e-03
5.2889160e-03
4.5212410e-03
4.0535290e-04
-1.1629510e-03
3.6759470e-03
8.1222800e-03
4.1068760e-03
-6.6899250e-03
-1.3352190e-02
-1.1672090e-02
-5.9020540e-03
-2.1658720e-03
-7.5139230e-04
2.4447070e-03
7.1786370e-03
8.4693250e-03
6.5296430e-03
3.9053680e-03
2.9101130e-03
3.8201780e-03
5.5797920e-03
5.9767740e-03
3.4653930e-03
1.6230520e-03
4.6557830e-04
-2.5015660e-03
-2.7599500e-03
-3.7936710e-04
2.5888680e-03
4.6297980e-03
4.6731380e-03
4.0918020e-03
3.3980910e-03
1.4167100e-03
6.0399920e-04
4.2854550e-03
9.3057000e-03
1.2654750e-02
1.4382430e-02
1.2755360e-02
8.1174410e-03
4.3653000e-03
3.3891400e-03
4.4029210e-03
4.0991770e-03
-2.1059660e-03
-1.0340620e-02
-1.3379160e-02
-1.2413410e-02
-8.5809370e-03
-8.5811440e-04
7.5911370e-03
1.1731050e-02
6.8494530e-03
-3.6631410e-03
-8.0724040e-03
-2.4373680e-03
6.2318550e-03
9.9953240e-03
8.7592250e-03
7.2426340e-03
3.5118760e-03
-3.6952780e-03
-7.0817820e-03
-1.5026490e-03
6.5397210e-03
8.3183950e-03
4.0132570e-03
8.6486300e-05
-1.7966540e-04
1.4932690e-03
2.1093610e-03
5.3497300e-04
-2.6167140e-03
-5.4563610e-03
-6.1060150e-03
-3.4491640e-03
-2.1322430e-03
-6.1250830e-03
-1.3806030e-02
-2.0573450e-02
-1.7129540e-02
-4.2537650e-03
7.2917630e-03
1.2172390e-02
1.1915460e-02
1.0277780e-02
1.0061990e-02
1.2354760e-02
1.6192830e-02
1.7679850e-02
1.4991200e-02
1.0894800e-02
4.9195060e-03
-4.1659270e-03
-1.2004170e-02
-1.3258180e-02
-8.1914020e-03
2.3035140e-04
7.2096190e-03
6.9863690e-03
2.8671930e-04
-7.9367520e-03
-1.3027110e-02
-1.2107740e-02
-1.0394960e-02
-1.2836810e-02
-1.4915930e-02
-1.3313510e-02
-1.1317260e-02
-9.6369850e-03
-7.3054270e-03
-3.9926540e-03
-2.6428370e-05
4.0310210e-05
-2.3394470e-03
-1.9305320e-03
-1.9325560e-04
1.1024710e-03
2.9456740e-03
3.9286280e-03
4.2308980e-03
3.1908590e-03
3.0333850e-04
-2.7280260e-03
-5.3543430e-03
-7.4048890e-03
-6.0762160e-03
-2.3103990e-03
1.0807610e-03
4.1907110e-03
7.0524360e-03
6.2846100e-03
-6.0096490e-04
-8.1585630e-03
-9.3854580e-03
-3.4738180e-03
3.9432170e-03
7.2090980e-03
6.4430190e-03
4.0231160e-03
8.9914540e-04
-4.2872450e-04
1.6109870e-03
6.0090540e-03
1.0033970e-02
9.9506550e-03
5.3799520e-03
1.1809860e-03
7.4682440e-04
3.8125700e-03
5.8832570e-03
3.3892360e-03
-8.0477830e-04
-2.5275230e-03
-2.5901160e-03
-3.3984940e-03
-4.5488990e-03
-4.0212180e-03
-2.1411700e-03
-1.0345660e-03
-1.3707560e-03
-2.5309690e-04
2.7007310e-03
3.8724110e-03
8.0909130e-04
-3.9003200e-03
-5.6946450e-03
-3.1348810e-03
5.0016170e-04
2.1317950e-03
2.3057070e-03
1.9366580e-03
2.3015910e-03
1.8868440e-03
-1.5360960e-04
-2.0297990e-03
-2.0454820e-03
1.1031510e-04
3.4834540e-03
4.6303570e-03
2.8585020e-03
-5.9731370e-04
-4.1709160e-03
-4.7029160e-03
-2.7856460e-03
-1.3243980e-03
7.8363050e-05
3.0697150e-03
5.9994950e-03
6.4959670e-03
5.9268980e-03
6.1711120e-03
6.2079080e-03
5.8281830e-03
6.2272450e-03
7.0083520e-03
7.5867440e-03
6.5211900e-03
1.7170300e-03
-4.0900470e-03
-6.9146290e-03
-6.8144760e-03
-4.8694850e-03
-1.1263440e-03
2.8757430e-03
3.8080930e-03
2.4272840e-05
-6.7227290e-03
-1.2819630e-02
-1.5994150e-02
-1.6354840e-02
-1.4381570e-02
-1.0552430e-02
-7.3332460e-03
-6.3135320e-03
-8.1150670e-03
-1.1008200e-02
-1.1532980e-02
-8.7287020e-03
-4.7758780e-03
-1.8390400e-03
2.9071130e-04
3.0080110e-03
5.3603690e-03
5.2073710e-03
3.3536290e-03
1.4530480e-03
8.2951370e-04
7.4363940e-04
9.7353800e-04
1.6219930e-03
1.5217240e-03
1.4263070e-04
-3.1929120e-04
3.8507300e-04
-1.9746890e-04
-1.1814910e-03
-7.9948360e-04
-3.3955850e-04
8.0160400e-04
2.0331160e-03
5.9323620e-04
-2.1192190e-03
-2.9243820e-03
-2.2916370e-03
-1.5140120e-03
-1.1336920e-03
-4.6549450e-06
3.2050940e-03
7.5217380e-03
1.0533930e-02
1.0677850e-02
7.7072810e-03
4.7302510e-03
4.4432760e-03
5.8403980e-03
6.3841480e-03
4.7305870e-03
3.8434150e-03
5.1723670e-03
7.4475760e-03
7.7186560e-03
4.9717110e-03
2.7481110e-03
3.7857780e-03
6.0467980e-03
6.4762770e-03
5.3128310e-03
4.2085660e-03
4.4520730e-03
4.7600300e-03
3.5284510e-03
6.3762690e-04
-2.2496350e-03
-4.0045820e-03
-4.1935860e-03
-2.9855290e-03
-1.3071640e-03
3.7925810e-04
1.4740770e-03
1.9171850e-03
1.1600580e-03
-4.2746790e-04
-2.1858430e-03
-3.3907900e-03
-2.1341560e-03
1.2739730e-03
3.7576760e-03
3.5029550e-03
1.1031290e-03
-2.2739620e-03
-3.6281450e-03
-1.8326190e-03
1.2804750e-03
2.7707630e-03
1.6369570e-03
-1.0967780e-05
-7.8233610e-04
-2.7096010e-03
-7.1139590e-03
-1.0851760e-02
-1.0891190e-02
-7.0717390e-03
-3.7886550e-03
-3.8701660e-03
-3.3788390e-03
-1.2584360e-03
-6.9079480e-04
-1.7682910e-03
-3.2060480e-03
-4.2783850e-03
-3.3948320e-03
-2.0604730e-03
-2.5858160e-03
-3.4024710e-03
-4.1458060e-03
-4.5799410e-03
-4.0853800e-03
-2.2926990e-03
4.1903810e-05
2.1915900e-03
3.1316460e-03
2.1349500e-03
1.0767450e-03
1.6034040e-03
2.9952060e-03
2.8400360e-03
1.1653250e-03
3.6206200e-06
-2.9264810e-05
-5.5111960e-04
-2.2621250e-03
-3.9582260e-03
-4.5079680e-03
-2.4530280e-03
6.8495140e-04
2.2884650e-03
2.6465460e-03
2.1224080e-03
1.1006670e-03
7.9007340e-04
1.2793290e-03
2.3849630e-03
4.2689310e-03
5.4712200e-03
6.1476350e-03
7.2552080e-03
6.2593880e-03
2.6554270e-03
-8.7840710e-04
-2.8610130e-03
-2.9093770e-03
-2.3195860e-03
-3.1806910e-03
-4.5361030e-03
-4.4640060e-03
-3.4530910e-03
-3.5392680e-03
-4.7157660e-03
-5.6051130e-03
-5.2371950e-03
-4.0065440e-03
-2.9251670e-03
-1.9843310e-03
-4.8808910e-04
1.5904200e-03
2.5207910e-03
1.9545710e-03
7.7661130e-04
4.9504780e-04
2.2462190e-03
4.6863100e-03
6.4101340e-03
7.0688230e-03
5.8140860e-03
2.7315920e-03
-2.1404480e-04
-1.1860920e-03
-9.7410920e-04
-7.6771170e-04
-4.7279340e-04
5.1472470e-04
2.0756960e-03
3.0949580e-03
3.0456680e-03
3.0127650e-03
3.7080850e-03
4.7931680e-03
5.3349160e-03
5.3296350e-03
5.4766390e-03
5.3859560e-03
4.1136480e-03
2.1360880e-03
2.3671290e-04
-1.0624370e-03
3.0701680e-06
3.0703670e-03
4.7318680e-03
3.6123280e-03
6.4841950e-04
-3.1421990e-03
-6.6840150e-03
-8.5749790e-03
-7.9223750e-03
-5.7096700e-03
-3.1109370e-03
-1.2946530e-03
-9.7563300e-04
-2.4560450e-03
-5.8311610e-03
-9.3401610e-03
-9.9567810e-03
-6.7762840e-03
-1.8246210e-03
1.6126880e-03
2.6050490e-03
2.4158940e-03
1.7921330e-03
1.2010670e-03
6.5022960e-04
1.1900630e-03
2.9301580e-03
2.8783460e-03
-2.7913050e-04
-3.9944780e-03
-5.4096750e-03
-3.6192050e-03
-8.2837840e-04
-1.3714550e-04
-4.4723750e-04
-3.1066610e-04
-5.9662930e-04
-1.2905270e-03
-1.4636520e-03
-9.7563730e-04
5.0727620e-04
2.8619460e-03
4.6699620e-03
3.9025050e-03
1.7544240e-04
-2.8992650e-03
-2.1443990e-03
9.9907700e-04
3.1304560e-03
3.7879270e-03
3.8897530e-03
3.3891680e-03
1.8272970e-03
-1.8592850e-05
-1.1578050e-03
-1.8572940e-03
-2.1892580e-03
-1.1481810e-03
5.5575330e-04
1.2170080e-03
6.8812700e-04
2.7547650e-04
5.3385760e-04
8.4038370e-04
-2.6180240e-04
-2.2181020e-03
-3.1312950e-03
-2.4075040e-03
-1.0090060e-03
-9.1201680e-04
-2.5506730e-03
-4.1040680e-03
-4.6612120e-03
-4.1984990e-03
-3.3196950e-03
-2.5949540e-03
-1.5518160e-03
-2.9528770e-04
4.1809820e-04
3.5640780e-04
-3.0475700e-04
-1.2539030e-04
1.5994580e-03
3.8722010e-03
5.4289610e-03
5.6291460e-03
5.2408200e-03
4.5343610e-03
2.2123210e-03
-1.3872120e-03
-4.1465030e-03
-4.6100470e-03
-2.4943690e-03
2.9681920e-04
1.3482320e-03
2.7434140e-04
-1.7865550e-03
-2.9627140e-03
-2.8669360e-03
-1.9426620e-03
-4.4528820e-04
1.1752340e-03
2.0084440e-03
1.2251100e-03
-8.1538910e-04
-2.4157800e-03
-2.0476060e-03
1.5079810e-05
1.8242950e-03
1.9195140e-03
1.5747160e-03
1.4068220e-03
-2.0102790e-04
-3.2601270e-03
-5.1554770e-03
-4.2975180e-03
-2.0137700e-03
-1.3557410e-04
1.7172130e-03
3.7542070e-03
4.0574500e-03
2.0490010e-03
-2.7669810e-05
1.9040480e-04
2.5091830e-03
4.2176910e-03
4.2900080e-03
4.4644140e-03
4.9312210e-03
4.9692870e-03
4.1629970e-03
2.5710270e-03
1.8490440e-03
2.9849780e-03
4.3770860e-03
4.6933950e-03
4.1034440e-03
2.9398950e-03
1.7933960e-03
1.0802640e-03
9.9023870e-04
1.1371940e-03
8.9049580e-04
1.5687390e-04
-1.1236120e-03
-2.3714600e-03
-2.9196140e-03
-2.3406210e-03
-1.4034070e-03
-9.3205570e-04
-5.9167410e-04
-7.9137810e-05
9.5388360e-04
2.1900450e-03
2.0626630e-03
2.7975240e-04
-1.9393660e-03
-3.7163890e-03
-3.3434740e-03
-3.7840370e-04
2.4679130e-03
2.5531240e-03
4.6826320e-04
-1.7466710e-03
-3.3331130e-03
-3.9833550e-03
-2.9615850e-03
-9.4088820e-04
3.7249310e-04
3.6050670e-04
-5.7092810e-04
-2.3676930e-03
-3.9320840e-03
-4.0248110e-03
-2.8032420e-03
-1.6280760e-03
-1.4082350e-03
-1.3888060e-03
-7.9976380e-04
-1.1621730e-03
-3.4846740e-03
-5.4956910e-03
-4.7341540e-03
-1.7550750e-03
1.1360120e-03
2.6692360e-03
2.7189790e-03
1.8907730e-03
5.9295790e-04
-6.6873290e-04
-1.2156680e-03
-8.2860740e-04
4.3147470e-04
1.8837040e-03
2.4749020e-03
1.0207160e-03
-1.8614440e-03
-3.9670900e-03
-3.9967310e-03
-2.4823740e-03
-1.3501790e-03
-1.1375090e-03
-7.2923960e-04
3.3892470e-04
1.6954640e-03
2.3249500e-03
2.0015110e-03
1.8523950e-03
2.5063960e-03
2.9821630e-03
2.1802490e-03
8.8710860e-04
4.3823460e-04
3.6207940e-04
-4.8530520e-04
-1.1999520e-03
-8.5835570e-04
-4.0622170e-04
-1.0005380e-03
-2.2675900e-03
-2.7613780e-03
-2.0529170e-03
-1.5256260e-03
-1.9501060e-03
-2.3522150e-03
-2.6104680e-03
-2.5946060e-03
-2.1086640e-03
-1.6541530e-03
-5.2932840e-04
1.0359630e-03
1.9018360e-03
2.7301470e-03
4.3599640e-03
6.1699440e-03
7.1734720e-03
7.1989130e-03
6.0953980e-03
4.3381090e-03
2.7526210e-03
1.8334720e-03
1.4630830e-03
1.0382990e-03
1.1362870e-03
1.9590390e-03
1.8774480e-03
2.9915710e-04
-1.1259440e-03
-1.4156030e-03
-1.4569350e-03
-1.6723160e-03
-1.2562510e-03
-3.3774680e-04
-1.0262330e-04
-6.6639750e-04
-8.9099060e-04
-2.8407610e-04
-1.8673070e-04
-1.1931790e-03
-1.6966580e-03
-7.9340050e-04
1.0687670e-03
2.1806410e-03
1.3356900e-03
-5.0250250e-04
-2.3375840e-03
-3.5907960e-03
-4.0028600e-03
-3.7652880e-03
-3.1999650e-03
-2.8759700e-03
-3.1227800e-03
-3.2045810e-03
-2.4819120e-03
-1.6505690e-03
-1.0877800e-03
-1.8037070e-04
1.4004160e-03
2.7863350e-03
3.6384270e-03
4.1102840e-03
3.4482110e-03
1.5158610e-03
-3.1364740e-04
-1.0511840e-03
-7.7078440e-04
-3.2723420e-04
-4.2212480e-04
-1.0174610e-03
-1.7656570e-03
-1.9044260e-03
-8.4266540e-04
-2.1279630e-05
-8.0332600e-04
-2.1445720e-03
-2.7047390e-03
-2.3094860e-03
-1.4283350e-03
-3.2742810e-04
7.4605840e-04
1.6740820e-03
2.4511180e-03
3.0726200e-03
2.9662760e-03
1.7582670e-03
9.6457040e-05
-7.3067250e-04
-3.6614540e-04
6.6343230e-04
1.7718060e-03
2.3163610e-03
1.8735440e-03
4.9599290e-04
-1.1938570e-03
-2.1535020e-03
-2.3161930e-03
-2.1243120e-03
-1.7429190e-03
-1.8843050e-03
-2.8724530e-03
-3.4604470e-03
-2.9628510e-03
-2.2636080e-03
-1.6644770e-03
-5.4389810e-04
8.7534790e-04
1.2934630e-03
5.0867640e-04
-2.9332730e-04
-5.2732750e-04
-2.6244580e-04
6.1300680e-04
1.7668120e-03
2.8082410e-03
3.7334770e-03
4.3784240e-03
4.4380690e-03
3.8953610e-03
3.2839200e-03
2.9469580e-03
2.8985910e-03
2.9484930e-03
2.5710170e-03
1.5834220e-03
5.3930440e-04
2.9583610e-04
1.0878660e-03
1.9063080e-03
2.0292470e-03
1.6975870e-03
1.4279610e-03
1.2525700e-03
9.4972500e-04
8.1800020e-04
1.3276510e-03
1.9926390e-03
1.9412160e-03
1.1383570e-03
4.4390120e-04
5.8983200e-04
1.0835040e-03
5.1012000e-04
-1.3456190e-03
-2.7290180e-03
-2.2453450e-03
-6.7532530e-04
3.1996060e-04
-3.1359260e-04
-1.5477970e-03
-2.1650620e-03
-2.2029790e-03
-1.8164590e-03
-1.1460160e-03
-2.2797120e-04
8.0102440e-04
1.3910590e-03
1.1105330e-03
1.3252590e-04
-6.5836970e-04
-5.9716740e-04
-8.6120100e-05
1.7254910e-05
-3.3043390e-04
-5.9011070e-04
-7.5657780e-04
-1.1947510e-03
-1.5641560e-03
-1.4946730e-03
-8.3281400e-04
2.6990360e-04
7.7412700e-04
-2.7280780e-04
-2.1912330e-03
-3.2319510e-03
-2.8756390e-03
-1.6547930e-03
-4.1367980e-04
9.2364620e-05
-3.1086880e-04
-1.4544820e-03
-2.5971230e-03
-3.3323940e-03
-3.7030650e-03
-3.2917660e-03
-2.4131080e-03
-1.9994670e-03
-2.5436440e-03
-3.7014000e-03
-4.3956920e-03
-3.6000160e-03
-1.9996390e-03
-9.8226720e-04
-6.0566290e-04
-1.8333790e-04
5.8116500e-04
1.3942150e-03
2.2681640e-03
2.9833620e-03
3.2243030e-03
2.9309090e-03
1.9997430e-03
1.1496410e-03
1.6322610e-03
3.0649710e-03
3.5221030e-03
2.3982950e-03
9.7072130e-04
2.0177270e-04
-1.7668530e-04
-4.3852290e-04
-4.0283920e-04
4.0287260e-05
5.9812540e-04
7.0126160e-04
2.7735420e-04
-3.4068150e-04
-7.3319680e-04
-1.2059050e-03
-2.1572470e-03
-3.0679110e-03
-3.1706680e-03
-2.4239980e-03
-1.3190310e-03
-2.7884730e-04
4.6431840e-04
1.3927300e-03
2.8214030e-03
4.0366290e-03
4.4657800e-03
4.1422100e-03
3.4913570e-03
2.8557840e-03
2.2180680e-03
1.7963290e-03
1.7313120e-03
1.7885080e-03
1.7419700e-03
1.3062700e-03
3.8237500e-04
-5.5195980e-04
-1.0620210e-03
-1.1355320e-03
-8.8267210e-04
-8.6389220e-04
-1.5451420e-03
-2.6915480e-03
-3.8442960e-03
-4.6406570e-03
-4.7380610e-03
-3.8738440e-03
-2.4491020e-03
-1.3180300e-03
-9.5429250e-04
-8.2758830e-04
-6.0474590e-04
-3.3621540e-04
2.1692010e-04
1.0637590e-03
2.0811100e-03
3.0424310e-03
3.5155110e-03
3.1307640e-03
2.4379540e-03
2.1368210e-03
2.1679110e-03
2.1092780e-03
1.7454690e-03
1.1917270e-03
7.4350260e-04
5.6001890e-04
6.3595110e-04
7.5693860e-04
4.4428840e-04
-1.3848380e-04
-3.6299390e-04
-4.4531620e-04
-7.3325050e-04
-1.1233400e-03
-1.5079440e-03
-1.8133140e-03
-2.1635130e-03
-2.6487430e-03
-2.7361140e-03
-2.3630030e-03
-2.0580840e-03
-2.1765850e-03
-2.1870430e-03
-1.6905760e-03
-6.8267400e-04
3.3924720e-04
1.2230770e-03
1.7656970e-03
1.6958900e-03
1.4870890e-03
1.3190040e-03
1.0991690e-03
1.0615460e-03
1.2786220e-03
1.2323080e-03
3.8995320e-04
-9.7158430e-04
-2.2084280e-03
-2.8643830e-03
-2.8119160e-03
-2.3217980e-03
-1.3948040e-03
-2.9648900e-04
3.2687080e-04
3.9363310e-04
1.6732140e-04
1.2059090e-04
3.2423820e-04
8.6546740e-04
1.8937400e-03
2.8116190e-03
2.9798790e-03
2.2640190e-03
1.0840590e-03
3.7550660e-04
-7.1542280e-05
-5.1323950e-04
-4.5057810e-04
-5.6356150e-05
-1.5891860e-05
-5.7628380e-04
-1.0060940e-03
-5.0554670e-04
3.0357540e-04
6.3510960e-04
6.6914280e-04
1.0308830e-03
1.5245880e-03
1.8290000e-03
1.8969800e-03
1.5613650e-03
1.1424450e-03
8.8879290e-04
1.0407940e-03
1.3828230e-03
1.1184110e-03
-9.5535410e-05
-1.7654240e-03
-3.0612790e-03
-3.2531210e-03
-2.4520030e-03
-1.6091670e-03
-1.1181670e-03
-7.1029000e-04
1.4233340e-05
9.9285090e-04
1.4439130e-03
1.1173850e-03
5.4054520e-04
2.8827950e-04
4.5615780e-04
5.1761190e-04
1.2671900e-04
-4.3989280e-04
-1.2069730e-03
-1.9414630e-03
-2.4386590e-03
-2.8284490e-03
-2.9771610e-03
-2.9159930e-03
-2.6901130e-03
-2.2929870e-03
-1.6901980e-03
-1.0840750e-03
-9.9321620e-04
-9.7809800e-04
-2.9064190e-04
8.1595010e-04
1.5654730e-03
1.3386770e-03
6.0851280e-04
7.0636410e-04
1.9613420e-03
3.2300880e-03
3.7073170e-03
3.6583750e-03
3.4571490e-03
3.0245090e-03
2.5191180e-03
2.3145080e-03
2.5425630e-03
2.9289550e-03
3.1668870e-03
2.7222570e-03
1.6965820e-03
8.2620150e-04
8.1389610e-04
1.2367710e-03
1.3560370e-03
9.8233240e-04
1.9121760e-04
-6.3356570e-04
-9.4977240e-04
-8.3465840e-04
-7.0285570e-04
-6.4627210e-04
-8.1219180e-04
-1.4989390e-03
-2.6820710e-03
-3.8655610e-03
-4.5911440e-03
-4.8885910e-03
-5.1126470e-03
-5.3139060e-03
-5.3155450e-03
-4.9796670e-03
-4.0929960e-03
-3.0643830e-03
-2.2405380e-03
-1.6875820e-03
-1.5910840e-03
-1.7885650e-03
-1.9095850e-03
-1.3695680e-03
1.3674660e-04
2.0079170e-03
3.3003730e-03
3.5297000e-03
3.0574850e-03
2.6665630e-03
2.7286170e-03
3.1299290e-03
3.6977750e-03
4.0699140e-03
3.6008070e-03
2.1831460e-03
2.4647820e-04
-1.3536870e-03
-1.5386780e-03
-4.9378340e-04
6.3138200e-04
1.4538550e-03
1.7676280e-03
1.4961370e-03
9.4110750e-04
-3.9535600e-05
-9.9399640e-04
-1.3262320e-03
-6.0503340e-04
9.4317500e-04
2.1597640e-03
2.4062990e-03
2.2853250e-03
2.4976350e-03
2.8759580e-03
3.1865700e-03
3.4342560e-03
3.4192190e-03
2.9302040e-03
1.8763630e-03
6.7253400e-04
-2.6634050e-04
-9.5091450e-04
-1.6287790e-03
-2.2618830e-03
-2.5613100e-03
-2.6239300e-03
-2.7409700e-03
-3.4006340e-03
-4.6885250e-03
-5.7793320e-03
-5.8842230e-03
-5.0911220e-03
-4.0321370e-03
-3.2503380e-03
-2.8817720e-03
-2.5744850e-03
-1.8125400e-03
-7.3419410e-04
2.6315010e-04
9.1187780e-04
1.4260880e-03
2.0202660e-03
2.4827810e-03
2.5784380e-03
2.2017520e-03
1.5206660e-03
1.0627090e-03
8.9232350e-04
1.2876520e-03
1.7399100e-03
1.4412840e-03
6.5931180e-04
5.0328450e-05
-1.8452490e-05
1.0686320e-04
2.4680300e-04
5.5655130e-04
1.0916360e-03
1.3955330e-03
1.1633530e-03
9.1494120e-04
1.0088570e-03
1.2062610e-03
7.8087130e-04
-1.9994320e-04
-9.0563280e-04
-7.9037470e-04
-1.9450540e-04
1.5540050e-04
2.7540210e-04
3.2041340e-04
5.5536700e-04
8.3331440e-04
5.1268360e-04
-6.6940130e-05
-3.2187190e-04
-7.3427690e-05
2.8309050e-04
4.1943920e-04
4.2109430e-04
2.2396710e-04
-1.7729880e-04
-3.5956140e-04
6.2411240e-05
7.8011620e-04
1.1160520e-03
8.2699650e-04
2.9050800e-04
-6.6385110e-05
-2.0112510e-04
-2.8435760e-04
-3.3964820e-04
-1.4749970e-04
2.6618420e-04
3.9505370e-04
1.0986910e-04
-2.1826730e-04
-5.0811110e-04
-5.4682570e-04
-4.4303790e-04
-6.0939400e-04
-1.1948000e-03
-1.8319150e-03
-2.1472670e-03
-2.0349270e-03
-1.6446760e-03
-1.1450080e-03
-6.1754770e-04
-3.1585660e-04
-2.3434410e-04
6.3082900e-05
4.9189700e-04
5.4028550e-04
5.3052820e-05
-3.9386130e-04
-3.4600920e-04
1.7516260e-04
5.0650810e-04
4.2943510e-04
3.7501230e-04
5.1271790e-04
6.7928530e-04
7.4217210e-04
5.3997630e-04
1.8697310e-04
-1.3678200e-04
-5.0197670e-04
-1.0915160e-03
-1.5815060e-03
-1.2472120e-03
-2.9765790e-04
7.2185810e-04
