0.01
-1.9385230e-04
-5.5765040e-04
-4.7875580e-04
3.9339550e-06
5.1380950e-04
1.2198830e-03
1.8033650e-03
1.8192520e-03
9.7934930e-04
2.8225560e-04
-3.2434020e-05
-3.5839340e-04
-1.3648390e-03
-2.3409760e-03
-2.6498330e-03
-2.9890110e-03
-2.9187950e-03
-2.7349190e-03
-2.5685990e-03
-2.4272850e-03
-1.6230660e-03
-6.4538110e-04
4.2302290e-04
1.8679190e-03
3.7156320e-03
5.2806380e-03
5.8622710e-03
5.0576600e-03
3.4096960e-03
2.2867970e-03
1.7874850e-03
1.0830490e-03
5.3758460e-04
9.9905010e-05
-4.7238580e-04
-1.5352570e-03
-2.3610560e-03
-1.2005180e-03
7.3721160e-04
1.4403850e-03
1.2895330e-03
8.3662410e-04
1.4023210e-06
-1.0323630e-03
-1.5829650e-03
-1.4167590e-03
-1.0777280e-03
-1.3383100e-03
-1.8950960e-03
-3.5261660e-03
-5.3355120e-03
-5.4180710e-03
-4.2251290e-03
-2.9483620e-03
-1.6757770e-03
-4.2313290e-04
2.4728130e-04
-2.8743360e-04
1.1196820e-04
1.2812570e-03
3.1355100e-03
4.5649400e-03
4.4737570e-03
2.9784340e-03
7.0531880e-04
-4.3983930e-04
4.0872760e-04
2.1802900e-03
2.9944440e-03
2.2241950e-03
1.0059020e-04
-1.6715650e-03
-2.8448510e-03
-1.9793340e-03
3.3666820e-04
1.8073540e-03
1.1402340e-03
-3.3887450e-04
-1.6887450e-03
-2.4632590e-03
-1.5094490e-03
-1.6269390e-04
4.9114010e-04
1.3978020e-03
1.4429940e-03
2.1084600e-04
-9.4188130e-05
5.1916180e-04
1.6461790e-03
1.1425350e-03
-2.9788080e-04
-9.6281020e-04
-7.1772950e-04
1.1885530e-04
1.8253250e-03
1.0997710e-03
-1.7196770e-03
-2.8795320e-03
-2.3092780e-03
-1.4074610e-03
-1.2135800e-03
-1.0565920e-03
-6.1652370e-04
-4.6889910e-04
3.0826430e-04
1.3198010e-03
2.3734270e-03
2.8287310e-03
1.8779710e-03
3.2561780e-04
-5.0635350e-04
-1.0096390e-03
-1.8984160e-03
-1.9622090e-03
-1.4390210e-03
-1.6887500e-03
-3.3613340e-03
-3.5566840e-03
-1.3755720e-03
1.2568670e-03
2.6476440e-03
2.3044530e-03
1.8329540e-03
1.9619920e-03
3.0748670e-03
4.6475310e-03
6.7904960e-03
8.0157030e-03
5.7325310e-03
2.4594940e-03
1.9983620e-04
-1.3796910e-03
-3.4282260e-03
-4.4585540e-03
-3.4469040e-03
-1.6804680e-03
-1.3294600e-03
-1.5862850e-03
-1.4384110e-03
-5.8493740e-04
-8.1843710e-05
2.9015380e-04
1.1009030e-03
1.4100020e-03
1.9415680e-03
1.8386710e-03
5.8778010e-04
-5.8270670e-04
-2.5495760e-03
-4.3406040e-03
-5.2056020e-03
-4.4740920e-03
-3.7301840e-03
-3.5819860e-03
-3.1146250e-03
-2.9727130e-03
-2.9273740e-03
-1.7887420e-03
8.8902390e-04
4.2441460e-03
4.5616030e-03
2.4392900e-03
1.3858780e-03
2.5754850e-03
4.3456050e-03
3.7942800e-03
9.5823500e-04
-1.4334720e-03
-3.6728040e-03
-3.9333160e-03
-2.2590580e-03
-5.4697130e-04
8.3970070e-04
9.2404230e-04
-4.6464000e-05
-3.8070180e-04
1.2182520e-03
3.7737700e-03
6.1325330e-03
6.9845850e-03
6.0291740e-03
2.2123900e-03
-2.1326100e-03
-3.5163220e-03
-2.9346560e-03
-2.4866760e-03
-2.2747360e-03
-2.0169180e-03
-3.2294900e-03
-4.0047910e-03
-2.1002710e-03
1.9425430e-03
5.2456720e-03
6.7201510e-03
5.4626950e-03
2.6653390e-03
7.4627580e-04
5.0667490e-04
4.3259440e-04
-3.4335460e-04
-1.4903830e-03
-3.1846080e-03
-4.2945550e-03
-4.3497650e-03
-3.3276900e-03
-2.1139120e-03
-1.5352930e-03
-1.0969630e-03
-1.3483930e-03
-8.9871280e-04
2.9530850e-04
1.0540630e-03
1.4212810e-03
3.4467430e-04
-1.4150780e-03
-2.7138470e-03
-1.6934630e-03
9.2774510e-04
3.3250470e-03
2.5690160e-03
-2.3107910e-04
-1.5505190e-03
-9.2519700e-04
9.5369190e-04
2.3569590e-03
2.5465620e-03
2.3707550e-03
2.0304250e-03
1.9441050e-03
2.4932980e-03
3.9721190e-03
5.8048030e-03
6.0361770e-03
3.6716410e-03
-2.9898350e-04
-3.1671420e-03
-2.8292970e-03
-1.4862120e-03
-1.4583430e-03
-2.1825630e-03
-2.8275590e-03
-3.4502740e-03
-3.5332800e-03
-2.9575720e-03
-1.4925950e-03
2.8230480e-04
2.0161450e-03
4.3099220e-03
6.3601420e-03
6.8343690e-03
4.6691870e-03
2.2357120e-03
7.5003040e-04
-2.3518160e-04
-1.5214670e-03
-3.6401720e-03
-4.2621190e-03
-3.4186850e-03
-2.3959950e-03
-1.0971410e-03
-2.4792490e-04
-1.5255060e-04
-1.2466520e-03
-3.1619110e-03
-3.8138110e-03
-2.5038660e-03
-1.3102770e-04
1.8686420e-03
2.7631950e-03
2.5555120e-03
6.9035260e-04
-1.8034770e-03
-4.2087940e-03
-5.5837300e-03
-5.0611920e-03
-2.5771080e-03
2.4182100e-04
1.8450220e-03
1.1779950e-03
5.7672890e-04
5.8588760e-04
1.0253280e-03
1.9473000e-03
3.5394390e-03
4.5022280e-03
3.2004700e-03
1.5598070e-03
1.2059230e-03
1.7365740e-03
1.6808540e-03
1.9589230e-03
3.5700930e-03
4.0738420e-03
2.2542300e-03
2.4927880e-04
-6.0810980e-04
-4.2057630e-05
5.2244020e-04
6.6320700e-04
5.4948240e-04
8.0068160e-04
2.1200860e-03
2.4794860e-03
4.9685620e-04
-2.0357200e-03
-4.4626270e-03
-6.2311890e-03
-6.6244540e-03
-4.3992110e-03
-6.2283950e-04
2.0368700e-03
2.2386770e-03
7.4775410e-04
1.1457640e-04
2.0134690e-03
3.8928670e-03
4.2182960e-03
4.5878790e-03
3.7798440e-03
1.7334240e-03
-2.4575380e-04
-3.2566470e-04
3.8455290e-04
-1.1317800e-03
-4.0507600e-03
-7.0468920e-03
-7.7543020e-03
-5.0071930e-03
-3.9412250e-04
5.0679400e-03
8.3357640e-03
8.2902580e-03
5.7608130e-03
2.8086250e-03
9.0807320e-04
6.5214850e-04
6.8152520e-04
-7.1478100e-04
-3.5718030e-03
-6.0311630e-03
-6.9939980e-03
-6.2188270e-03
-3.9602500e-03
-1.0812970e-03
2.4314300e-03
5.7341780e-03
6.5517560e-03
5.2449480e-03
2.9616110e-03
1.7669340e-03
3.4259910e-03
5.4326800e-03
4.9991960e-03
1.0247090e-03
-3.9107460e-03
-7.3896610e-03
-9.4417320e-03
-1.1707720e-02
-1.5280850e-02
-2.1185220e-02
-2.8963630e-02
-3.7856140e-02
-4.6125330e-02
-5.1588220e-02
-5.3866150e-02
-5.3568630e-02
-5.0363400e-02
-4.4264680e-02
-3.6097230e-02
-2.7315560e-02
-1.8552550e-02
-8.3942790e-03
4.6059150e-03
1.9403340e-02
3.3469830e-02
4.5588930e-02
5.4057000e-02
5.8809090e-02
6.0068060e-02
6.0678400e-02
6.2607440e-02
6.5107130e-02
6.6122870e-02
6.3167240e-02
5.5040540e-02
4.3152810e-02
3.4320730e-02
3.3615830e-02
3.1786620e-02
2.3431140e-02
1.3231530e-02
4.3974170e-03
-2.9731250e-03
-9.9608640e-03
-1.6081710e-02
-2.3199570e-02
-3.0754480e-02
-3.5931180e-02
-3.6792610e-02
-3.7877770e-02
-4.1011150e-02
-4.2391050e-02
-3.6887060e-02
-2.7121750e-02
-1.7947350e-02
-5.0237570e-03
1.0684760e-02
2.4944830e-02
3.6556910e-02
4.6122420e-02
5.2633190e-02
5.6815200e-02
5.5949590e-02
4.9849030e-02
3.4764880e-02
1.1020910e-02
-1.3000260e-02
-3.4620260e-02
-5.8563420e-02
-7.9920720e-02
-9.6387090e-02
-1.0995200e-01
-1.1318390e-01
-1.0655030e-01
-9.1526660e-02
-6.7817470e-02
-3.9115860e-02
-1.0873380e-02
1.4151120e-02
3.6927330e-02
5.6822420e-02
7.0324210e-02
7.8552460e-02
8.0367120e-02
7.5676500e-02
6.3436290e-02
5.0898920e-02
3.7464710e-02
2.5167530e-02
2.0409420e-02
1.5616800e-02
3.7179910e-03
-1.4952390e-02
-3.5370960e-02
-4.7839100e-02
-5.0894930e-02
-5.1930570e-02
-5.3040840e-02
-5.5749530e-02
-5.5294010e-02
-4.2907670e-02
-2.3966190e-02
-8.4828520e-03
1.0073610e-03
8.6156630e-03
1.8402970e-02
3.2200870e-02
4.7300320e-02
5.7572020e-02
6.0599210e-02
6.0004570e-02
5.9390110e-02
5.9187010e-02
5.1627230e-02
3.4532670e-02
1.3799580e-02
-3.9380740e-03
-1.6630060e-02
-2.8103250e-02
-3.7638560e-02
-4.1574840e-02
-4.3351680e-02
-4.4491870e-02
-4.2626830e-02
-3.7768860e-02
-3.1786170e-02
-2.3748640e-02
-1.1877660e-02
-3.8471910e-04
5.8900820e-03
9.1204660e-03
1.0450420e-02
8.6324590e-03
5.3958300e-03
2.0419640e-03
1.4759920e-03
5.0525400e-03
1.1789080e-02
1.9409690e-02
2.5662000e-02
2.9842200e-02
3.0645650e-02
2.8835660e-02
2.5475930e-02
1.9044910e-02
1.0090220e-02
5.3618330e-04
-1.0253580e-02
-2.2056450e-02
-3.4905940e-02
-4.7096640e-02
-5.4137670e-02
-5.4508460e-02
-4.8946370e-02
-3.9802390e-02
-3.0471470e-02
-2.1441320e-02
-1.1988440e-02
-2.1582060e-03
6.5329820e-03
1.5410200e-02
2.5028890e-02
2.9653360e-02
2.7410110e-02
2.1743130e-02
1.6664920e-02
1.2345230e-02
8.5656900e-03
6.7851830e-03
7.1077760e-03
9.4334400e-03
1.4125340e-02
1.8327910e-02
1.9363860e-02
1.8457280e-02
1.8887210e-02
2.1410140e-02
2.2344360e-02
2.0102370e-02
1.4550260e-02
6.1849400e-03
-1.8569860e-03
-5.6874300e-03
-7.2570400e-03
-8.8078030e-03
-8.9782520e-03
-8.5236070e-03
-9.0085530e-03
-8.6247090e-03
-3.4261620e-03
7.4063570e-03
1.7872370e-02
2.3428230e-02
2.4182450e-02
2.1881720e-02
1.8945010e-02
1.6143000e-02
1.1975040e-02
5.1823640e-03
-3.4912270e-03
-1.1815360e-02
-2.0139140e-02
-2.8365200e-02
-3.5075720e-02
-3.9076920e-02
-3.6264030e-02
-2.6742810e-02
-1.5660720e-02
-7.0190830e-03
-2.1984940e-03
-6.8157970e-04
1.3139890e-03
5.0789210e-03
1.0249470e-02
1.1917820e-02
6.9165080e-03
-2.4306330e-03
-1.3503860e-02
-2.2752680e-02
-2.8269110e-02
-2.9640210e-02
-2.7350170e-02
-2.3709300e-02
-2.1949280e-02
-2.1307300e-02
-1.6376000e-02
-5.8754470e-03
6.5078270e-03
1.6958790e-02
2.4358070e-02
2.9487720e-02
3.2894050e-02
3.5060830e-02
3.5502920e-02
3.5976860e-02
3.6103400e-02
3.3517550e-02
2.6034790e-02
1.3445500e-02
-7.2383730e-05
-1.1322440e-02
-1.9305900e-02
-2.6202020e-02
-3.2596090e-02
-3.5521760e-02
-3.3106360e-02
-2.7561350e-02
-2.4428880e-02
-2.3236340e-02
-1.9106500e-02
-1.1231500e-02
-2.0672950e-03
7.3999330e-03
1.6285630e-02
2.3403330e-02
2.8779140e-02
3.2204770e-02
3.2507650e-02
2.8178530e-02
1.9340790e-02
1.0612380e-02
4.4632470e-03
-3.3877840e-04
-3.0727580e-03
-4.2008060e-03
-3.6999020e-03
-8.8341220e-04
2.2140860e-03
4.0257070e-03
4.7247170e-03
3.2981670e-03
2.5475930e-03
4.0096070e-03
6.4886720e-03
7.2726460e-03
4.7982050e-03
-4.1555830e-04
-5.5882860e-03
-9.8138410e-03
-1.2083120e-02
-1.2168990e-02
-1.0764000e-02
-8.3884300e-03
-5.3110550e-03
-2.0411470e-03
1.0163260e-03
4.3433720e-03
8.5129420e-03
1.3700170e-02
1.8357360e-02
1.9752230e-02
1.8377200e-02
1.3642390e-02
5.7709060e-03
-2.2958220e-03
-9.9350860e-03
-1.7284540e-02
-2.4295490e-02
-3.0066930e-02
-3.2629340e-02
-3.1908300e-02
-2.7560820e-02
-2.0353150e-02
-1.1427600e-02
-3.0822520e-03
5.2050820e-03
1.5325460e-02
2.4272090e-02
2.8736600e-02
2.7602550e-02
2.2109970e-02
1.2881990e-02
1.8472990e-03
-8.1324940e-03
-1.6319070e-02
-2.1010160e-02
-2.0080710e-02
-1.4878780e-02
-9.0854540e-03
-5.5130410e-03
-3.4264720e-03
-3.7537710e-05
4.1887720e-03
7.5232150e-03
1.0210750e-02
1.2026550e-02
1.1714290e-02
1.0440720e-02
9.8968590e-03
9.5255680e-03
8.8263290e-03
6.7443830e-03
3.7412670e-03
6.1014990e-04
-2.3273700e-03
-5.4057600e-03
-7.3300120e-03
-6.7692080e-03
-6.0989040e-03
-6.6033120e-03
-7.7287130e-03
-7.6394840e-03
-6.1981140e-03
-5.7214120e-03
-6.7648610e-03
-7.6492990e-03
-7.6841970e-03
-7.6460680e-03
-6.5982250e-03
-4.0659300e-03
-1.8221760e-03
-7.5507440e-04
-1.0351580e-03
-1.8406830e-03
-1.3997780e-03
1.0050530e-03
4.4071640e-03
7.0095590e-03
7.4932280e-03
7.1369200e-03
7.1999650e-03
6.2162130e-03
3.9148950e-03
2.7158830e-04
-4.8381720e-03
-9.4592090e-03
-1.2088920e-02
-1.2252300e-02
-1.1567810e-02
-1.1880680e-02
-1.0621810e-02
-6.9288420e-03
-2.0382630e-03
3.7139190e-03
8.9250070e-03
1.2194500e-02
1.3709630e-02
1.4295500e-02
1.4833600e-02
1.5357480e-02
1.3952060e-02
9.9263960e-03
4.4047660e-03
-7.9566660e-04
-3.9777810e-03
-6.6191850e-03
-1.0232920e-02
-1.3073500e-02
-1.3746240e-02
-1.3455790e-02
-1.2394170e-02
-9.8179500e-03
-6.7351600e-03
-2.9787450e-03
1.8184520e-03
8.1722340e-03
1.4009690e-02
1.6352870e-02
1.5629170e-02
1.2346580e-02
7.1558210e-03
9.5907160e-04
-4.3311740e-03
-6.1835650e-03
-4.2853350e-03
-4.9309660e-04
3.1102210e-03
6.3166920e-03
9.7923720e-03
1.3550730e-02
1.5718880e-02
1.5505690e-02
1.3088160e-02
9.3747360e-03
5.4312490e-03
3.9806280e-04
-5.2044490e-03
-8.8520430e-03
-1.0263990e-02
-1.0822950e-02
-1.2567790e-02
-1.4828760e-02
-1.6157040e-02
-1.5018190e-02
-1.1704690e-02
-6.4003450e-03
2.4049160e-04
7.2983830e-03
1.4406580e-02
2.0351240e-02
2.5360380e-02
2.9267870e-02
2.9748270e-02
2.5688870e-02
1.8411030e-02
9.4333030e-03
1.0206340e-04
-8.8216600e-03
-1.6252920e-02
-2.0781290e-02
-2.2565510e-02
-2.3722370e-02
-2.4597950e-02
-2.4622210e-02
-2.3695890e-02
-2.2269080e-02
-1.9928360e-02
-1.6555110e-02
-1.1263220e-02
-2.8421540e-03
7.4230040e-03
1.6573150e-02
2.2140900e-02
2.2476760e-02
1.9597270e-02
1.5730640e-02
1.0974060e-02
6.4286500e-03
3.4149800e-03
1.9020550e-03
1.0300340e-03
8.0862930e-04
1.3996240e-03
2.5248650e-03
3.7719640e-03
4.6574010e-03
4.8191160e-03
4.8093940e-03
4.5354760e-03
3.5760740e-03
2.0450830e-03
1.3792390e-03
2.4425970e-03
5.0757080e-03
7.1092910e-03
6.4959890e-03
4.3656390e-03
3.0509710e-03
3.8588090e-03
5.5913820e-03
6.8544160e-03
6.9103700e-03
4.4548000e-03
-1.9816260e-04
-4.6482880e-03
-7.5271900e-03
-8.3969490e-03
-8.2109530e-03
-7.4722240e-03
-7.3860140e-03
-8.2165170e-03
-9.5551980e-03
-1.1026530e-02
-1.2200330e-02
-1.2751940e-02
-1.2263510e-02
-1.1342990e-02
-1.1235640e-02
-1.2244510e-02
-1.3584510e-02
-1.3534200e-02
-1.0864740e-02
-5.8641590e-03
-3.8511320e-04
3.8391340e-03
6.8777490e-03
9.0593800e-03
9.2086980e-03
7.5696320e-03
5.0759780e-03
2.5540510e-03
1.1553390e-03
7.0702280e-04
1.5155890e-04
-1.2444720e-03
-3.3191770e-03
-5.7367120e-03
-8.1555500e-03
-1.0017430e-02
-9.4025550e-03
-6.0319370e-03
-1.2045200e-03
3.2270160e-03
5.7624380e-03
6.4287700e-03
6.7255520e-03
6.9954670e-03
7.7589820e-03
9.2492390e-03
1.0827020e-02
1.1293940e-02
1.0308490e-02
8.6482280e-03
7.1025940e-03
4.9709880e-03
2.6996840e-03
2.3061160e-03
3.0618690e-03
3.1962640e-03
1.6080220e-03
-1.0660920e-03
-3.2533830e-03
-4.7167210e-03
-5.3699630e-03
-5.7136480e-03
-6.1088050e-03
-6.2758030e-03
-5.8444100e-03
-5.7845500e-03
-6.9792350e-03
-8.1787930e-03
-8.6909950e-03
-8.6357460e-03
-7.7435230e-03
-5.4651800e-03
-2.5523050e-03
4.8656860e-04
3.9424380e-03
7.1640840e-03
9.3765920e-03
1.0433760e-02
9.9878350e-03
8.6610020e-03
7.4838160e-03
6.6530720e-03
6.3784000e-03
6.2698250e-03
5.9266080e-03
5.4655240e-03
4.5860420e-03
2.6432650e-03
-6.9615180e-05
-2.1499930e-03
-3.1499980e-03
-2.9659090e-03
-2.4197750e-03
-1.9235250e-03
-1.8595770e-03
-1.3762690e-03
6.1045360e-04
2.9953720e-03
3.1551060e-03
8.5413740e-04
-2.0538680e-03
-5.1352720e-03
-8.3927770e-03
-1.0352410e-02
-1.0526680e-02
-9.7493890e-03
-8.2032890e-03
-5.7092970e-03
-3.4823200e-03
-2.3110520e-03
-1.3885400e-03
-7.4097910e-04
1.0545000e-04
6.8467930e-04
5.7613390e-04
-2.2427370e-04
-1.3490670e-03
-2.6640670e-03
-4.0194710e-03
-5.2232010e-03
-5.3682110e-03
-3.7869170e-03
-1.1075270e-03
1.0432940e-03
2.6193000e-03
4.0603550e-03
5.5670300e-03
6.9681170e-03
7.5402820e-03
7.0854550e-03
6.0867310e-03
5.0561300e-03
4.8223000e-03
5.6003610e-03
6.6227020e-03
6.9823730e-03
7.0597950e-03
7.6310160e-03
8.9289090e-03
1.0538190e-02
1.1386490e-02
9.7700220e-03
6.2223420e-03
1.4411640e-03
-2.9374760e-03
-5.9961520e-03
-7.5361100e-03
-7.5922010e-03
-7.0936280e-03
-6.2527030e-03
-5.3279970e-03
-4.2352280e-03
-2.3737670e-03
-1.2201360e-03
-1.7714770e-03
-3.8699210e-03
-6.8955480e-03
-9.8013980e-03
-1.0694650e-02
-9.8281280e-03
-8.3440260e-03
-7.2263830e-03
-6.5723330e-03
-6.2081540e-03
-6.2352660e-03
-6.0923440e-03
-5.4356260e-03
-4.8008900e-03
-3.5431030e-03
-1.9195860e-03
-3.4910240e-04
1.1292900e-03
2.5909150e-03
3.0311190e-03
1.7856280e-03
7.2905460e-04
9.4582670e-04
1.1146220e-03
1.2056250e-03
1.5535050e-03
1.9812750e-03
2.0157360e-03
1.1924460e-03
1.6173790e-04
-7.2962990e-04
-1.1343240e-03
-7.9822230e-04
2.2828190e-05
1.0567450e-03
2.9561590e-03
5.8415770e-03
7.9462090e-03
8.0802390e-03
6.8465680e-03
4.5529720e-03
2.2342760e-03
1.2074020e-04
-1.9194370e-03
-3.1324210e-03
-3.4284650e-03
-3.9347440e-03
-3.8814120e-03
-2.9571770e-03
-1.5180760e-03
4.7005100e-04
2.3477780e-03
3.0893430e-03
2.9530220e-03
1.7920120e-03
5.5714060e-04
1.1423290e-04
1.0359500e-03
2.9141220e-03
4.4753210e-03
4.6035100e-03
3.5026040e-03
1.3042690e-03
-4.1302560e-04
-9.1833800e-04
-9.0637420e-04
-8.7641940e-04
-1.0376260e-03
-1.3831960e-03
-1.3766090e-03
-1.5145560e-03
-1.8705810e-03
-1.9063510e-03
-1.9102950e-03
-1.5964390e-03
-6.8358450e-04
5.7701670e-04
2.2452190e-03
3.7597220e-03
4.8962410e-03
5.4442350e-03
5.3545730e-03
4.4457050e-03
2.9839460e-03
1.0794750e-03
-3.0604000e-04
-4.9389610e-04
-4.8475220e-04
-7.0314110e-06
5.1584630e-04
5.2734780e-04
4.6785990e-04
6.2943500e-04
9.9309780e-04
9.8165220e-04
1.0534150e-03
1.8608800e-03
3.2506800e-03
4.3370650e-03
4.2285060e-03
3.0814090e-03
1.6012170e-03
-3.5749600e-04
-2.2185200e-03
-3.6893380e-03
-4.8494610e-03
-5.7307200e-03
-5.7592030e-03
-5.4192390e-03
-4.9415790e-03
-3.9966170e-03
-3.0065190e-03
-1.9953870e-03
-1.1561330e-03
-6.7882850e-04
2.1799420e-04
1.5082120e-03
2.8681900e-03
3.4486270e-03
3.3015320e-03
2.6347700e-03
1.9039800e-03
1.5168030e-03
2.3355000e-03
3.2989020e-03
3.4108660e-03
1.9764800e-03
-4.0129820e-04
-2.3370780e-03
-2.9295780e-03
-2.2837810e-03
-1.1085490e-03
-1.3668620e-04
1.2766820e-03
2.9674250e-03
4.2228610e-03
4.2943150e-03
3.5252390e-03
1.9314140e-03
-3.7269390e-04
-2.4100620e-03
-3.9193610e-03
-4.4851110e-03
-4.3696290e-03
-3.8425940e-03
-3.4778380e-03
-3.7889690e-03
-4.0674310e-03
-4.5130370e-03
-5.3512090e-03
-6.0746160e-03
-6.2926900e-03
-5.8644340e-03
-5.3828590e-03
-4.1467840e-03
-2.3965460e-03
-2.3713480e-04
2.0899850e-03
4.1953660e-03
6.1870560e-03
7.6954390e-03
8.2769390e-03
8.4755490e-03
7.9190900e-03
7.3990510e-03
7.1872630e-03
6.3344850e-03
4.3978430e-03
1.5648420e-03
-9.6981580e-04
-2.4961450e-03
-3.2792580e-03
-4.0094530e-03
-5.4759780e-03
-6.8779140e-03
-7.4549630e-03
-7.3557880e-03
-6.3945550e-03
-5.1074390e-03
-3.6222830e-03
-1.4562070e-03
2.2640550e-04
1.3247020e-03
1.9613490e-03
2.3513620e-03
2.6102180e-03
2.3364160e-03
1.3467600e-03
-5.4876250e-05
-9.7052490e-04
-7.1745530e-04
3.9223230e-04
2.2610820e-03
3.6991660e-03
3.7703090e-03
2.9004400e-03
1.6608310e-03
9.5601730e-04
1.2600840e-03
2.3617450e-03
3.8487130e-03
5.1948450e-03
5.9289970e-03
6.1281920e-03
5.4695820e-03
4.8504750e-03
4.1001120e-03
2.9458950e-03
1.9251380e-03
5.9133220e-04
-4.9292080e-04
-8.3665830e-04
-5.7748420e-04
-7.0507470e-04
-1.0706200e-03
-1.0526160e-03
-1.4720280e-03
-2.5540370e-03
-3.7161750e-03
-4.9236970e-03
-5.4822680e-03
-5.5223120e-03
-5.0404430e-03
-4.0668280e-03
-3.5064230e-03
-3.1808320e-03
-3.3581780e-03
-3.5236730e-03
-3.8481560e-03
-4.3536590e-03
-4.8319570e-03
-5.2923270e-03
-5.9305530e-03
-6.4511640e-03
-6.4863930e-03
-6.0242100e-03
-5.3524570e-03
-4.6903380e-03
-4.3603080e-03
-3.7678000e-03
-3.0019180e-03
-1.2554860e-03
7.6628580e-04
2.6394310e-03
3.9793520e-03
4.7452200e-03
5.3777140e-03
5.7467610e-03
5.7780440e-03
5.7568330e-03
5.4672850e-03
5.1386970e-03
4.5050600e-03
4.1559290e-03
3.5337410e-03
3.1781760e-03
2.8510190e-03
3.1307180e-03
3.7484280e-03
4.7133410e-03
5.7428550e-03
6.2564490e-03
6.2563960e-03
6.2780280e-03
6.1587980e-03
5.7292550e-03
5.1162120e-03
3.8301620e-03
2.3144380e-03
9.2302640e-04
7.5295850e-05
-2.0755020e-04
-6.3628630e-04
-1.1412960e-03
-1.9901230e-03
-2.5735820e-03
-2.4540280e-03
-1.6274040e-03
-6.8476900e-04
4.5091540e-04
1.8251700e-03
2.3698330e-03
2.3635550e-03
2.3648270e-03
2.0650720e-03
1.4427030e-03
4.9100520e-04
-5.4338850e-04
-1.3880660e-03
-1.5661240e-03
-1.5672280e-03
-1.1180550e-03
-4.6004480e-04
-7.7431620e-05
-5.9161070e-05
-4.1118900e-04
-9.0423730e-04
-1.3641210e-03
-1.9896310e-03
-2.5164950e-03
-2.5573430e-03
-1.8682450e-03
-7.0849320e-04
-6.2455610e-05
-6.2458340e-05
-9.2590790e-05
-8.4129070e-05
2.7855860e-04
4.7321440e-04
-6.9484160e-06
-6.7953000e-04
-1.0370630e-03
-1.0489100e-03
-1.0469830e-03
-1.0244390e-03
-1.1135760e-03
-1.6111150e-03
-2.3539040e-03
-2.5348690e-03
-2.1755210e-03
-1.6601680e-03
-1.1439000e-03
-1.1425880e-03
-1.4979420e-03
-1.5691770e-03
-1.4104280e-03
-7.4327040e-04
-1.0210490e-04
5.2989550e-04
1.2399400e-03
1.7540430e-03
2.2466520e-03
2.7408800e-03
2.9016340e-03
2.8825910e-03
2.5941900e-03
1.9725700e-03
6.8148920e-04
-7.7904570e-04
-2.6540610e-03
-4.9370820e-03
-7.1377360e-03
-8.3497890e-03
-8.8300550e-03
-8.5670390e-03
-7.8181650e-03
-6.3944060e-03
-4.8873700e-03
-3.5014670e-03
-2.6099030e-03
-2.4997590e-03
-2.3861720e-03
-1.6957310e-03
-1.0271450e-03
-5.5136220e-04
-1.7844200e-04
1.2624970e-05
-4.4535490e-04
-1.4313430e-03
-2.4461540e-03
-2.9610550e-03
-2.9874450e-03
-2.6620850e-03
-1.7081050e-03
-5.7923970e-04
4.0437310e-04
1.0619650e-03
1.3869370e-03
1.8416040e-03
2.8463820e-03
4.0632750e-03
4.7453280e-03
4.9050020e-03
4.4006290e-03
3.5852410e-03
2.9561010e-03
2.0233280e-03
1.0086130e-03
1.6032290e-05
-5.1709340e-04
-8.4429850e-04
-1.0061170e-03
-1.3352650e-03
-1.4941610e-03
-1.4851790e-03
-1.4660180e-03
-1.4785800e-03
-1.7866680e-03
-2.0929550e-03
-2.4673710e-03
-2.3949890e-03
-1.5903940e-03
-2.3356290e-04
1.2527740e-03
2.0998650e-03
2.3128840e-03
1.8901140e-03
1.3450100e-03
6.0505600e-04
5.5205900e-04
9.5358000e-04
1.3076660e-03
1.4337280e-03
1.8688560e-03
2.5103960e-03
3.3467590e-03
4.0080380e-03
4.3485510e-03
4.7140430e-03
5.2456850e-03
5.3024880e-03
4.7896660e-03
3.9593050e-03
3.3585520e-03
2.4182710e-03
1.0412490e-03
-2.1873580e-04
-8.8210620e-04
-7.0758330e-04
-2.8017750e-05
8.0473180e-04
1.0245760e-03
8.8873800e-04
6.3692180e-05
-9.2521050e-04
-1.5767650e-03
-2.2764770e-03
-2.7693740e-03
-3.1048270e-03
-3.2917130e-03
-2.6743620e-03
-1.9984710e-03
-7.7339120e-04
5.6649120e-04
2.0768010e-03
2.9403010e-03
3.4449190e-03
3.0170590e-03
1.9874280e-03
1.1044570e-03
9.4124390e-04
1.2910980e-03
1.8223630e-03
2.3147640e-03
2.1102510e-03
1.8917700e-03
2.0974070e-03
2.3286340e-03
1.8960280e-03
1.3928890e-03
5.2504760e-04
-3.2603170e-04
-6.1291190e-04
-1.0482580e-03
-1.5410480e-03
-2.0727180e-03
-2.4534080e-03
-2.1399790e-03
-1.5226270e-03
-9.0796810e-04
-6.9856980e-05
5.0954290e-04
7.2722900e-04
4.1123570e-04
-3.7786730e-05
-1.0109720e-03
-2.6981410e-03
-3.9212760e-03
-4.4433870e-03
-3.9832120e-03
-3.0112530e-03
-2.0371660e-03
-7.4513120e-04
7.7509950e-04
2.1683360e-03
2.7239680e-03
2.3867210e-03
1.5007330e-03
6.2344390e-04
4.0144510e-04
8.9658680e-04
2.2035790e-03
3.3822000e-03
4.2652000e-03
4.3532660e-03
3.3716120e-03
2.0315050e-03
1.0130270e-03
2.4798410e-05
-4.6863030e-04
-9.2441610e-04
-1.8522300e-03
-2.9912590e-03
-4.3171410e-03
-5.3682300e-03
-5.8782660e-03
-5.5730960e-03
-4.9397520e-03
-4.0228900e-03
-2.9302540e-03
-1.4687590e-03
2.3104400e-04
1.7745420e-03
2.7802400e-03
2.9558150e-03
2.6187250e-03
1.6610760e-03
5.0972330e-04
-3.6088420e-04
-8.4672610e-04
-1.0239070e-03
-1.2225280e-03
-1.0330140e-03
-6.6936270e-04
-3.8099800e-04
-6.4418840e-05
3.2899330e-04
8.3182840e-04
6.7469550e-04
3.5878000e-05
-9.2945920e-04
-1.9097820e-03
-2.5812170e-03
-2.9340230e-03
-2.9430690e-03
-2.9815180e-03
-2.8706260e-03
-2.0695980e-03
-1.0544650e-03
1.2771210e-04
1.2666040e-03
2.0483130e-03
2.4175350e-03
2.4544240e-03
1.9999040e-03
1.3452110e-03
6.2610850e-04
1.1111710e-04
-5.2133810e-05
-2.8608410e-05
3.2024260e-04
4.5464390e-04
5.3853070e-04
1.0280360e-03
1.7708600e-03
2.2939060e-03
2.4211330e-03
2.4189400e-03
2.4343610e-03
2.1064150e-03
1.4871930e-03
8.8203290e-04
4.5315840e-05
-9.5456370e-04
-1.5853590e-03
-2.0489890e-03
-2.5728080e-03
-2.9692230e-03
-2.9438060e-03
-2.7335690e-03
-2.9198240e-03
-3.0068000e-03
-2.8885920e-03
-2.0867770e-03
-7.6724560e-04
7.7046050e-04
2.1250070e-03
2.4321530e-03
2.4338200e-03
2.2967660e-03
1.6460800e-03
9.7357970e-04
4.1018260e-05
-6.4834610e-04
-1.3039210e-03
-1.6546030e-03
-1.8799430e-03
-1.4840490e-03
-4.8409760e-04
8.5375460e-04
1.8572030e-03
2.8397050e-03
3.7128120e-03
4.2438880e-03
4.2725360e-03
3.8312610e-03
2.8725070e-03
1.4302250e-03
-5.4617920e-05
-1.8451790e-03
-3.5196040e-03
-4.8713950e-03
-5.4482060e-03
-5.3627120e-03
-4.4197450e-03
-3.0380470e-03
-1.8223550e-03
-1.0305450e-03
-5.6501400e-04
-2.2546520e-04
3.9108040e-04
1.0147350e-03
1.5223930e-03
1.9080230e-03
1.9197980e-03
1.5929350e-03
1.3015910e-03
9.2435410e-04
7.0258000e-04
8.8377650e-04
9.6854250e-04
1.1480080e-03
9.5944150e-04
9.1532520e-04
9.2935990e-04
9.2242000e-04
9.3780810e-04
9.2538040e-04
6.2184360e-04
3.2037440e-04
-3.3509740e-04
-1.0244240e-03
-1.5060750e-03
-1.5119180e-03
-1.5177980e-03
-1.5171780e-03
-1.2020540e-03
-9.3405240e-04
-4.8617480e-04
3.4644070e-04
1.3542680e-03
2.3403940e-03
2.9745980e-03
3.4324670e-03
3.9662430e-03
4.3629580e-03
3.9350220e-03
3.2518260e-03
2.5800090e-03
2.2583720e-03
1.9266260e-03
1.8598520e-03
2.0237210e-03
2.3682110e-03
2.4151550e-03
2.3878960e-03
2.0698590e-03
1.8115460e-03
1.3450680e-03
4.8180020e-04
-6.1140460e-05
-3.7748390e-04
-6.6061330e-04
-1.0143320e-03
-1.3799420e-03
-1.5281160e-03
-1.5156250e-03
-1.5138940e-03
-1.5171570e-03
-1.5239240e-03
-1.5097730e-03
-1.5022320e-03
-1.8431530e-03
-2.3501220e-03
-2.8299280e-03
-3.3225530e-03
-3.8334110e-03
-3.9888990e-03
-3.6407480e-03
-3.1230050e-03
-2.6258110e-03
-2.4978880e-03
-2.5039060e-03
-2.1823990e-03
-1.9026250e-03
-1.4550190e-03
-6.7367200e-04
4.8960360e-04
2.0511730e-03
3.1094310e-03
3.7070260e-03
3.8622180e-03
3.8689190e-03
3.4276060e-03
2.8001230e-03
1.9788130e-03
9.9324220e-04
-2.0291310e-05
-8.7655690e-04
-1.3858350e-03
-1.8280220e-03
-2.1648150e-03
-2.3885750e-03
-1.9468710e-03
-1.4003760e-03
-1.0468490e-03
-1.0393760e-03
-1.0274330e-03
-1.0288720e-03
-1.3701080e-03
-1.5323740e-03
-1.5119820e-03
-1.5159300e-03
-1.5199110e-03
-1.4838410e-03
-1.6342390e-03
-1.9818220e-03
-2.0310730e-03
-2.0069180e-03
-1.6670490e-03
-1.4984730e-03
-1.5116280e-03
-1.5492770e-03
-1.4244480e-03
-9.4022840e-04
-5.6712690e-04
-2.1204560e-04
2.8749030e-04
7.4575070e-04
1.3411190e-03
2.3420660e-03
3.2283520e-03
3.4276650e-03
2.9769370e-03
1.8617190e-03
5.0944790e-04
-4.9550970e-04
-1.1415690e-03
-1.5108700e-03
-1.5237590e-03
-1.2109430e-03
-8.9260480e-04
-5.6973950e-04
-5.5961720e-04
-2.0589810e-04
3.0139330e-04
4.0219550e-04
8.5214910e-04
1.8390160e-03
2.5163520e-03
2.8823560e-03
2.8944090e-03
2.5453670e-03
2.3834270e-03
2.3669760e-03
2.5187140e-03
2.8646120e-03
2.9100700e-03
2.8808300e-03
2.5930160e-03
2.2675930e-03
1.6166300e-03
1.3044360e-03
8.5791130e-04
3.7764680e-04
-1.5087610e-04
-8.6612770e-04
-1.0533940e-03
-1.0220090e-03
-9.9180030e-04
-1.1435900e-03
-1.4813070e-03
-1.5289530e-03
-1.5042730e-03
-1.1757020e-03
-1.0060830e-03
-1.0075740e-03
-1.3211010e-03
-1.9719370e-03
-2.4767860e-03
-2.5149190e-03
-2.3537070e-03
-2.0272470e-03
-1.6836110e-03
-7.7471570e-04
5.0944050e-04
1.8389640e-03
2.5713320e-03
2.7602910e-03
2.4189240e-03
2.4302430e-03
2.3376770e-03
1.5228510e-03
5.2109710e-04
-4.9488880e-04
-1.3249200e-03
-1.6188360e-03
-1.9463780e-03
-2.3384500e-03
-2.4954130e-03
-2.1750620e-03
-1.5297160e-03
-6.7732780e-04
-1.6073190e-04
-6.1296150e-05
1.1157480e-04
3.1878690e-04
2.2437410e-05
-1.5491610e-04
-4.9013870e-04
-8.6597820e-04
-1.0461410e-03
-9.2508290e-04
-4.2444270e-04
2.6023060e-04
9.2317090e-04
1.7668300e-03
2.2909200e-03
2.4467020e-03
2.3423960e-03
1.8682010e-03
9.9006960e-04
4.5898020e-04
4.5129760e-04
4.8349790e-04
4.9050650e-04
4.1913190e-05
-5.7804160e-04
-1.4301960e-03
-2.3213930e-03
-2.5127380e-03
-2.0260010e-03
-1.3739160e-03
-7.0951930e-04
-4.8265250e-05
7.6433710e-04
1.4426360e-03
1.9383860e-03
1.9337030e-03
1.9278890e-03
2.2831090e-03
2.4417390e-03
2.4450590e-03
2.4278050e-03
2.1032500e-03
1.9567250e-03
1.5294990e-03
8.8045310e-04
6.8518070e-05
-6.0714940e-04
-1.3206060e-03
-1.5202100e-03
-1.0557590e-03
-3.8360330e-04
2.9748460e-04
6.0633570e-04
9.3954110e-04
1.3157550e-03
1.5037600e-03
1.3675430e-03
8.8172540e-04
4.8906940e-04
1.5146570e-04
-1.4939520e-05
-3.3332800e-04
-5.0255140e-04
-7.9946430e-04
-1.1100950e-03
-1.4434160e-03
-1.4679420e-03
-1.4545420e-03
-1.4602420e-03
-1.4596310e-03
-1.4502160e-03
-1.4711200e-03
-1.4646060e-03
-1.1233330e-03
-9.5918560e-04
-9.8237270e-04
-9.8329560e-04
-9.4171500e-04
-1.0903040e-03
-1.4458170e-03
-1.4576600e-03
-1.4333880e-03
-1.7823130e-03
-2.2776990e-03
-2.7657480e-03
-3.3043050e-03
-3.3474930e-03
-2.5148200e-03
-1.4841320e-03
-6.6102730e-04
-2.8914200e-05
5.8097590e-04
1.0619550e-03
1.5990750e-03
1.9656220e-03
1.6668270e-03
1.3636800e-03
9.3663340e-04
4.2780180e-04
-4.0700910e-04
-1.0543490e-03
-1.5510930e-03
-1.9201790e-03
-1.9439710e-03
-1.9272020e-03
-1.9218570e-03
-1.9682180e-03
-1.8530500e-03
-1.0510120e-03
-5.4418450e-05
9.6794920e-04
1.8018540e-03
2.0844850e-03
2.5286440e-03
3.0671020e-03
3.4348330e-03
3.4825000e-03
3.3451580e-03
2.8954920e-03
2.3993140e-03
1.5491150e-03
6.8809930e-04
3.9902470e-05
-4.5079490e-04
-7.7730110e-04
-1.1112950e-03
-1.3280010e-03
-8.6957270e-04
-4.8275490e-04
-1.2430290e-04
3.4461120e-04
6.5402010e-04
9.5332760e-04
1.1059300e-03
1.5777620e-03
1.9806700e-03
2.3201740e-03
2.4736080e-03
2.8124070e-03
3.0012100e-03
2.6721730e-03
1.7042620e-03
5.7127470e-04
-3.9926580e-04
-1.0620570e-03
-1.4420060e-03
-1.3324860e-03
-9.6739100e-04
-6.0153180e-04
-4.5360730e-04
-4.2914030e-04
-5.7447310e-04
-9.4391530e-04
-9.6563740e-04
-6.2887240e-04
-3.4101360e-04
5.9381360e-06
3.8177830e-04
5.0463160e-04
6.2529530e-04
9.8619030e-04
1.3315750e-03
1.6269650e-03
1.9651400e-03
2.0230580e-03
1.9037540e-03
1.4123360e-03
7.1348730e-04
6.8245250e-05
-5.7258570e-04
-9.0692800e-04
-1.0707550e-03
-1.4066120e-03
-1.4341010e-03
-1.4499950e-03
-1.3485320e-03
-8.5192180e-04
-4.2630690e-04
-5.6672270e-04
-9.7088710e-04
-8.4084580e-04
-4.6245870e-04
-4.5728590e-04
-4.7013280e-04
-1.5094510e-04
1.7410450e-04
4.8795000e-04
5.2020440e-04
8.5591990e-04
1.0336560e-03
9.9369440e-04
9.9773500e-04
1.3504630e-03
1.5161220e-03
1.4931730e-03
1.4899610e-03
1.5266300e-03
1.4017510e-03
9.4414730e-04
4.2501950e-04
-2.9399100e-04
-8.2797320e-04
-9.6373090e-04
-9.1960260e-04
-1.0558320e-03
-1.4131450e-03
-1.7434060e-03
-2.0577620e-03
-2.4070920e-03
-2.0933980e-03
-1.5823830e-03
-1.0935090e-03
-6.0290400e-04
-4.5671690e-04
-4.7340040e-04
-4.3711320e-04
-5.8143050e-04
-9.3775330e-04
-9.9220780e-04
-8.5066720e-04
-4.9455280e-04
