0.01
1.8850680e-02
2.3389870e-02
2.5456740e-02
2.2320760e-02
1.8829790e-02
1.7532090e-02
1.0209570e-02
-4.8023050e-03
-1.6583590e-02
-1.7002960e-02
-1.3386610e-02
-1.7800820e-02
-2.6040370e-02
-2.8981680e-02
-2.6376590e-02
-2.4539260e-02
-2.5232110e-02
-2.0087300e-02
-6.8438710e-03
4.3627560e-03
6.1950280e-03
3.3012030e-03
3.3862690e-03
3.9927230e-03
1.0331280e-03
-2.6515240e-03
-4.9945320e-03
-6.7562110e-03
-1.0612870e-02
-1.5565650e-02
-1.6361730e-02
-1.1141790e-02
-5.2261850e-03
-9.2323760e-03
-2.2816390e-02
-3.3741440e-02
-3.0048560e-02
-1.3394500e-02
3.4733300e-03
1.0025330e-02
1.1785740e-02
1.8235470e-02
2.6875330e-02
2.7990170e-02
1.9035660e-02
6.0535560e-03
-2.8276580e-03
-6.5561960e-03
-7.2372240e-03
-3.2545030e-03
7.9953450e-03
2.2663640e-02
3.2765260e-02
3.4994740e-02
2.9152000e-02
1.6700490e-02
3.6198250e-03
-3.5829470e-03
-5.1147530e-03
-4.3355040e-03
4.6520280e-04
8.7627750e-03
1.4754130e-02
1.5525300e-02
1.3827400e-02
1.8242030e-02
3.3178280e-02
5.4094500e-02
7.5946650e-02
9.6125910e-02
1.1380210e-01
1.2469480e-01
1.2362650e-01
1.0695940e-01
7.2173420e-02
2.4414620e-02
-2.6747940e-02
-7.3831430e-02
-1.1336690e-01
-1.4421540e-01
-1.6353720e-01
-1.6689150e-01
-1.5779830e-01
-1.4378990e-01
-1.2613470e-01
-1.0281960e-01
-7.2920590e-02
-4.3064280e-02
-2.2780110e-02
-8.6406510e-03
1.0131040e-02
3.4979930e-02
5.9447870e-02
7.8962210e-02
9.2386460e-02
9.6572300e-02
8.5822740e-02
6.0813800e-02
3.3506790e-02
1.1889390e-02
-9.8997050e-03
-3.9157730e-02
-6.9470380e-02
-8.7131630e-02
-8.2152290e-02
-5.8028050e-02
-3.1157120e-02
-1.5669480e-02
-1.3777990e-02
-1.8260510e-02
-1.8502690e-02
-4.0070400e-03
2.5462150e-02
5.6557160e-02
7.3001850e-02
7.1494570e-02
5.7789310e-02
3.7573820e-02
1.1903130e-02
-1.6536660e-02
-3.9337990e-02
-4.8405990e-02
-4.0644420e-02
-2.0132900e-02
5.8103400e-03
2.6978210e-02
3.7506140e-02
3.2547560e-02
1.1871120e-02
-1.6628620e-02
-4.0264840e-02
-4.7498400e-02
-3.6010600e-02
-1.1172010e-02
1.5763880e-02
3.3395860e-02
3.7268770e-02
2.9392140e-02
1.2220140e-02
-9.1303480e-03
-2.4945120e-02
-3.0152070e-02
-2.3650420e-02
-4.8788800e-03
2.6202550e-02
5.9434520e-02
8.3426220e-02
9.4943940e-02
9.6767730e-02
8.8765200e-02
7.1944490e-02
4.7242080e-02
2.0251870e-02
-2.0349190e-03
-1.6609380e-02
-2.5690540e-02
-3.3767280e-02
-4.2971430e-02
-5.1999470e-02
-5.7146530e-02
-5.5652470e-02
-4.9554700e-02
-4.0725290e-02
-2.9213980e-02
-1.5497720e-02
-4.2067800e-03
-2.3363500e-03
-1.3534930e-02
-3.2133330e-02
-4.8847620e-02
-5.9246960e-02
-6.2421100e-02
-5.5529290e-02
-3.8357080e-02
-1.5625880e-02
3.1315210e-03
1.3444090e-02
1.5436110e-02
1.1440890e-02
3.4475280e-03
-6.7533270e-03
-1.7216000e-02
-2.4383050e-02
-2.7253140e-02
-2.7589450e-02
-2.8404640e-02
-2.9419500e-02
-2.6740270e-02
-1.9021200e-02
-6.7311870e-03
8.9359440e-03
2.4142350e-02
3.3695160e-02
3.3773520e-02
2.4512940e-02
1.2997080e-02
2.4371010e-03
-1.0132440e-02
-2.4893240e-02
-3.6850390e-02
-3.9917860e-02
-3.1466320e-02
-1.4382770e-02
4.3562150e-03
2.1340340e-02
3.5379870e-02
4.3402810e-02
4.3264270e-02
3.8076450e-02
3.4059130e-02
3.7444150e-02
4.7550090e-02
5.9142040e-02
7.0161410e-02
8.0562570e-02
8.7874720e-02
8.8609630e-02
7.9666040e-02
6.3776860e-02
4.5894020e-02
2.9665500e-02
1.6205230e-02
7.2570220e-03
1.1389850e-03
-6.2606490e-03
-1.8023180e-02
-3.6828210e-02
-6.2413930e-02
-8.9503080e-02
-1.1200480e-01
-1.2554140e-01
-1.2505230e-01
-1.0759190e-01
-7.5164040e-02
-3.3723410e-02
9.0301390e-03
4.6109110e-02
7.0854000e-02
7.9753960e-02
7.3721640e-02
5.7126050e-02
3.1784880e-02
-4.9854840e-03
-5.1149260e-02
-9.9663390e-02
-1.4170210e-01
-1.6865520e-01
-1.8007790e-01
-1.7774060e-01
-1.6424900e-01
-1.4327000e-01
-1.1799430e-01
-9.3697590e-02
-7.3782440e-02
-5.7357910e-02
-3.7534160e-02
-9.1020680e-03
2.7976760e-02
7.4057410e-02
1.2819130e-01
1.8542150e-01
2.3793850e-01
2.7344850e-01
2.8409950e-01
2.7832610e-01
2.6805470e-01
2.5984640e-01
2.5574950e-01
2.5485750e-01
2.5116690e-01
2.2499420e-01
1.5796790e-01
5.9825490e-02
-4.7947510e-02
-1.5887650e-01
-2.5646160e-01
-3.2101080e-01
-3.4874880e-01
-3.3197440e-01
-2.5361600e-01
-1.3771390e-01
-3.5917620e-02
2.6958720e-02
5.2785420e-02
4.3479260e-02
6.1739810e-03
-3.4493270e-02
-6.1345170e-02
-7.3506670e-02
-7.1631310e-02
-5.8345150e-02
-4.1315050e-02
-2.7856670e-02
-1.7813370e-02
-8.5335820e-03
-5.4375550e-04
3.5623380e-03
4.7316450e-03
1.8020110e-03
-7.5538450e-03
-1.8551860e-02
-2.2180410e-02
-1.5356080e-02
-2.1156210e-03
1.2871090e-02
2.7805630e-02
4.2546010e-02
5.6543760e-02
6.7492090e-02
7.2572870e-02
7.1148110e-02
6.6018500e-02
5.9903670e-02
5.5584700e-02
5.3864510e-02
5.5022530e-02
6.0585220e-02
7.0096300e-02
8.0769340e-02
9.0227930e-02
9.9042400e-02
1.0528840e-01
1.0789190e-01
1.0676870e-01
1.0005980e-01
8.6535470e-02
6.5287270e-02
3.5836760e-02
3.2917450e-04
-3.6902410e-02
-7.3956040e-02
-1.0819430e-01
-1.3593960e-01
-1.5513550e-01
-1.6472120e-01
-1.6424010e-01
-1.5496180e-01
-1.3882600e-01
-1.1956550e-01
-9.9087230e-02
-7.8630150e-02
-5.8387220e-02
-4.1642490e-02
-3.0651390e-02
-2.2254370e-02
-1.2361880e-02
-7.2424000e-04
1.0382100e-02
1.9090450e-02
2.4955510e-02
2.8535540e-02
3.1424320e-02
3.5599240e-02
4.2087930e-02
4.9701960e-02
5.6810580e-02
6.2577380e-02
6.7015640e-02
7.0795150e-02
7.2422770e-02
6.6743840e-02
5.1602440e-02
2.8216420e-02
1.8394420e-03
-2.1332420e-02
-3.7262430e-02
-4.5824260e-02
-4.8357800e-02
-4.4633830e-02
-3.5466790e-02
-2.1636980e-02
-3.9279840e-03
1.5556070e-02
3.4215260e-02
4.9595530e-02
5.8359900e-02
5.8177800e-02
4.7660240e-02
2.8274690e-02
3.0627340e-03
-2.6349060e-02
-5.4791990e-02
-7.6344810e-02
-9.0122730e-02
-9.7766530e-02
-1.0015410e-01
-9.6629730e-02
-8.7794920e-02
-7.4636610e-02
-5.9531050e-02
-4.4660680e-02
-3.1197700e-02
-1.8018740e-02
-6.2686910e-03
5.4650130e-03
1.7403800e-02
2.7920130e-02
3.6079500e-02
4.3106080e-02
5.0260820e-02
5.6328450e-02
6.2603010e-02
6.8871060e-02
7.4812510e-02
8.2323590e-02
9.1536700e-02
1.0045020e-01
1.0755200e-01
1.0934350e-01
1.0335760e-01
9.0937340e-02
7.5563950e-02
6.1529940e-02
5.0888110e-02
4.5516230e-02
4.5619870e-02
4.8838800e-02
5.3673140e-02
5.6882350e-02
5.3772440e-02
4.1636950e-02
2.1308730e-02
-4.8748780e-03
-3.6787890e-02
-6.9314140e-02
-9.4697730e-02
-1.1105240e-01
-1.1841490e-01
-1.1459630e-01
-1.0212970e-01
-8.4784770e-02
-6.6832760e-02
-5.0879020e-02
-3.5799650e-02
-2.1616860e-02
-1.0234880e-02
-2.4304830e-03
4.3681420e-03
8.0854820e-03
6.1551470e-03
-1.6777840e-03
-1.4124200e-02
-2.9786330e-02
-4.6711250e-02
-6.2175310e-02
-7.3596280e-02
-8.0540670e-02
-8.4418480e-02
-8.4264370e-02
-8.0947530e-02
-7.4267030e-02
-6.3260250e-02
-4.6705320e-02
-2.4450790e-02
-8.8097830e-05
2.2396730e-02
3.7694170e-02
4.4768110e-02
4.6739980e-02
4.4591530e-02
3.7676350e-02
2.6928390e-02
1.4529090e-02
2.3490650e-03
-5.8845820e-03
-8.6588420e-03
-7.4264690e-03
-3.1050930e-03
2.1686200e-03
6.1927940e-03
1.0419550e-02
1.2860650e-02
1.0060970e-02
-1.0577320e-03
-2.1107880e-02
-4.4432150e-02
-6.2705420e-02
-7.3781270e-02
-7.8122730e-02
-7.3565120e-02
-5.7238020e-02
-3.2077560e-02
-6.3181030e-03
1.2268250e-02
1.8947570e-02
1.0343320e-02
-8.8182560e-03
-3.1418640e-02
-5.2659240e-02
-6.8852950e-02
-7.8458210e-02
-8.3676970e-02
-8.6454550e-02
-8.5014840e-02
-7.1748410e-02
-4.2876260e-02
-6.3761640e-03
2.6076370e-02
4.9771260e-02
6.7980390e-02
8.0354300e-02
8.7569290e-02
9.1510460e-02
9.1595900e-02
8.9286300e-02
8.7893370e-02
8.8313740e-02
8.8903050e-02
8.9346610e-02
9.0362810e-02
9.0417840e-02
8.9585710e-02
8.5409500e-02
7.7523030e-02
6.6568730e-02
5.5011990e-02
4.5468980e-02
3.9996030e-02
3.8482720e-02
3.9686360e-02
4.2151040e-02
4.5279550e-02
4.7200390e-02
4.6708440e-02
4.1938100e-02
3.2762920e-02
1.8336090e-02
1.6294450e-04
-2.0333100e-02
-4.0435530e-02
-5.7383520e-02
-6.9298460e-02
-7.4916900e-02
-7.5142690e-02
-7.1263580e-02
-6.5469460e-02
-5.8925620e-02
-4.8962510e-02
-3.6327220e-02
-2.3757920e-02
-1.1235170e-02
1.5651290e-03
1.2135670e-02
1.7447850e-02
1.8026420e-02
1.3433330e-02
3.5261220e-03
-7.7018540e-03
-1.5470570e-02
-2.0589670e-02
-2.4098450e-02
-2.4948920e-02
-2.3458270e-02
-2.1542390e-02
-2.2036180e-02
-2.5987820e-02
-3.3799530e-02
-4.3962220e-02
-5.4248010e-02
-6.3423350e-02
-7.1093390e-02
-7.8076030e-02
-8.4476520e-02
-9.0626130e-02
-9.7635170e-02
-1.0322220e-01
-1.0630650e-01
-1.0602680e-01
-1.0013380e-01
-8.8647870e-02
-7.3717520e-02
-5.8177520e-02
-4.2634320e-02
-2.7582870e-02
-1.4237590e-02
-7.2167310e-04
1.2866330e-02
2.5608050e-02
3.7545890e-02
4.6617620e-02
5.1608150e-02
5.3061630e-02
5.2149170e-02
5.0550520e-02
4.9524140e-02
4.7323810e-02
4.2872680e-02
3.6171620e-02
2.6861670e-02
1.6760890e-02
8.7088390e-03
2.9539840e-03
-1.6134970e-03
-2.3614730e-03
2.8171410e-03
1.2298240e-02
2.4718330e-02
3.8427880e-02
5.0977400e-02
5.9116090e-02
6.1880680e-02
6.1036260e-02
5.7657210e-02
5.3734110e-02
5.1542340e-02
4.8780460e-02
4.3528860e-02
3.5113580e-02
2.4005760e-02
1.3334840e-02
6.6617180e-03
3.9173300e-03
5.5915890e-03
1.0549320e-02
1.6238570e-02
1.9952280e-02
2.2145240e-02
2.2889960e-02
2.2044040e-02
2.0684970e-02
2.0969270e-02
2.3047080e-02
2.6896610e-02
3.1292750e-02
3.5249490e-02
3.7275320e-02
3.7188290e-02
3.5672510e-02
3.2628340e-02
2.8207100e-02
2.0873510e-02
1.1643570e-02
2.6425550e-03
-5.0561040e-03
-9.9788930e-03
-1.3276170e-02
-1.4519000e-02
-1.1980180e-02
-5.3747360e-03
4.5933610e-03
1.5886950e-02
2.7669190e-02
3.6925110e-02
4.1972960e-02
4.4558700e-02
4.6314340e-02
4.6878490e-02
4.5929280e-02
4.3207180e-02
3.5851170e-02
2.3977340e-02
9.6223790e-03
-3.7084710e-03
-1.2738750e-02
-1.7659380e-02
-1.8408970e-02
-1.6079310e-02
-1.1061600e-02
-3.6132140e-03
2.6888640e-03
6.4033230e-03
8.6445600e-03
8.0966520e-03
5.2207970e-03
2.0053330e-03
-1.5937590e-03
-4.5933040e-03
-4.9768750e-03
-1.5333340e-03
6.0736430e-03
1.4049930e-02
2.0088230e-02
2.2283190e-02
1.7808170e-02
7.9955310e-03
-4.3702100e-03
-1.7267970e-02
-2.8732460e-02
-3.5713970e-02
-3.9111750e-02
-3.9662610e-02
-3.8775670e-02
-3.8426060e-02
-3.8584580e-02
-3.9294640e-02
-4.1773720e-02
-4.5688170e-02
-4.9553680e-02
-5.3193320e-02
-5.7007180e-02
-6.1005010e-02
-6.5161950e-02
-6.9344920e-02
-7.4763430e-02
-7.9960770e-02
-8.3112890e-02
-8.4398620e-02
-8.1405240e-02
-7.0778590e-02
-5.2323720e-02
-2.8877710e-02
-3.8838600e-03
1.9877980e-02
3.9343950e-02
5.2469490e-02
6.0613090e-02
6.3903510e-02
6.3578720e-02
6.1135950e-02
5.7748390e-02
5.4856220e-02
5.4408170e-02
5.5809740e-02
5.8121540e-02
6.0468230e-02
6.2453290e-02
6.2866170e-02
6.0794420e-02
5.5655420e-02
4.8262030e-02
3.9372250e-02
3.0850140e-02
2.4347000e-02
2.0278340e-02
1.8728190e-02
1.9125640e-02
2.0133280e-02
2.1057460e-02
2.1370540e-02
2.0062890e-02
1.8491670e-02
1.7550490e-02
1.7852270e-02
2.1464000e-02
2.7295640e-02
3.2518740e-02
3.5684730e-02
3.6053390e-02
3.2912200e-02
2.6086750e-02
1.5696560e-02
4.0957500e-03
-7.7849430e-03
-2.1327470e-02
-3.6270900e-02
-5.1895420e-02
-6.6581290e-02
-7.8142250e-02
-8.6816220e-02
-9.2060640e-02
-9.3506100e-02
-9.0773270e-02
-8.3118490e-02
-7.0475430e-02
-5.5168940e-02
-3.9588480e-02
-2.5967410e-02
-1.5231140e-02
-5.2385350e-03
3.9335960e-03
1.2637430e-02
2.0347350e-02
2.7825470e-02
3.5715120e-02
4.3545380e-02
4.8879130e-02
5.0330580e-02
4.7377710e-02
4.0042030e-02
3.0808310e-02
2.1497800e-02
1.4000690e-02
9.4459780e-03
9.1232120e-03
1.1413840e-02
1.4763700e-02
1.8912780e-02
2.1961200e-02
2.2828760e-02
2.2445500e-02
2.0474320e-02
1.7006760e-02
1.2187200e-02
5.4305390e-03
-3.9008740e-03
-1.7518990e-02
-3.4892250e-02
-5.2324110e-02
-6.8123900e-02
-8.1306500e-02
-9.1354470e-02
-9.6673530e-02
-9.7305020e-02
-9.4754940e-02
-9.0155950e-02
-8.4505650e-02
-7.8762350e-02
-7.2486390e-02
-6.5785480e-02
-5.8215700e-02
-4.9449310e-02
-3.9670760e-02
-2.8992560e-02
-1.6763990e-02
-2.3912140e-03
1.3383730e-02
2.8523280e-02
4.2004730e-02
5.2643550e-02
5.9689930e-02
6.4402340e-02
6.7031910e-02
6.8046180e-02
6.7506180e-02
6.7146490e-02
6.7687820e-02
6.9961900e-02
7.4217590e-02
7.9634270e-02
8.3628610e-02
8.4997610e-02
8.1522530e-02
7.2579120e-02
5.7653700e-02
3.7596570e-02
1.6758660e-02
1.4966100e-04
-1.1629000e-02
-1.8784510e-02
-2.2995530e-02
-2.7034790e-02
-3.3165930e-02
-4.1577660e-02
-5.3174310e-02
-6.7442140e-02
-8.3340810e-02
-9.7560590e-02
-1.0661980e-01
-1.0995190e-01
-1.0593180e-01
-9.5551220e-02
-8.0001290e-02
-6.1943840e-02
-4.6155000e-02
-3.3282450e-02
-2.2515500e-02
-1.4573030e-02
-9.0518910e-03
-5.2228000e-03
-3.3513340e-03
-4.7706580e-03
-8.0603930e-03
-1.3314060e-02
-2.0994230e-02
-3.0040620e-02
-3.9067810e-02
-4.4880340e-02
-4.6909370e-02
-4.3299500e-02
-3.4324520e-02
-2.1517200e-02
-4.9213910e-03
1.1745530e-02
2.4998170e-02
3.3004950e-02
3.6563660e-02
3.6283320e-02
3.2956410e-02
2.9731910e-02
2.8790400e-02
3.0096630e-02
3.3705440e-02
3.9239770e-02
4.5067100e-02
5.0686060e-02
5.6337830e-02
6.2088620e-02
6.7535990e-02
7.0084180e-02
6.9337970e-02
6.6796700e-02
6.3435940e-02
5.9885020e-02
5.8168100e-02
5.8616480e-02
5.9557090e-02
6.1167650e-02
6.2630040e-02
6.2165870e-02
5.7764080e-02
4.7894920e-02
3.1663940e-02
1.1641740e-02
-7.3307160e-03
-2.3099190e-02
-3.4645950e-02
-4.2673220e-02
-4.7141910e-02
-4.8453170e-02
-4.8441560e-02
-4.9031460e-02
-5.0317330e-02
-5.0163040e-02
-4.8788990e-02
-4.7502810e-02
-4.6055750e-02
-4.5819650e-02
-4.7913590e-02
-5.2831960e-02
-5.9694120e-02
-6.6216940e-02
-7.2045230e-02
-7.6064250e-02
-7.8018330e-02
-7.7161840e-02
-7.2364660e-02
-6.4148410e-02
-5.3341180e-02
-4.2062220e-02
-3.2474110e-02
-2.4272760e-02
-1.7437950e-02
-1.1633400e-02
-5.7467610e-03
1.5646230e-03
9.1379220e-03
1.6204740e-02
2.3011670e-02
3.0734610e-02
3.9048240e-02
4.6754820e-02
5.4216840e-02
6.0459660e-02
6.5761220e-02
6.8535960e-02
6.8425290e-02
6.7066010e-02
6.5949130e-02
6.5774590e-02
6.5163310e-02
6.4160450e-02
6.3625760e-02
6.2914500e-02
6.0448970e-02
5.5259300e-02
4.7922380e-02
3.9081580e-02
2.9880690e-02
2.2914160e-02
2.0000220e-02
1.9137120e-02
1.9520140e-02
2.0077180e-02
1.8791770e-02
1.3844680e-02
5.9625960e-03
-2.6711830e-03
-1.0488480e-02
-1.5079930e-02
-1.6378620e-02
-1.3618030e-02
-8.0646750e-03
-2.2836670e-03
3.1951070e-03
7.4052240e-03
9.6818920e-03
9.3341330e-03
7.8370070e-03
7.2516480e-03
9.1080410e-03
1.3097250e-02
1.9584740e-02
2.6573740e-02
3.3836850e-02
4.0131430e-02
4.4185250e-02
4.7309090e-02
4.9720490e-02
5.0987390e-02
5.1953100e-02
5.1228490e-02
4.7794690e-02
4.2520860e-02
3.5367470e-02
2.6250080e-02
1.4499950e-02
1.9735820e-03
-1.0564110e-02
-2.3345380e-02
-3.6000930e-02
-4.7701840e-02
-5.8992070e-02
-7.0403140e-02
-8.0884490e-02
-8.9368880e-02
-9.5827560e-02
-1.0045340e-01
-1.0250870e-01
-1.0169570e-01
-9.9188350e-02
-9.6367720e-02
-9.2982810e-02
-8.9382830e-02
-8.6594670e-02
-8.4285900e-02
-8.1316180e-02
-7.7043950e-02
-7.1563570e-02
-6.6443050e-02
-6.2203330e-02
-5.8239450e-02
-5.5200320e-02
-5.3496250e-02
-5.2564440e-02
-5.0758170e-02
-4.6767510e-02
-3.9488150e-02
-2.9293880e-02
-1.7502660e-02
-5.1894220e-03
7.5982900e-03
1.8964380e-02
3.0219430e-02
4.1379560e-02
5.2048250e-02
6.0948560e-02
6.8455800e-02
7.4820260e-02
7.8722340e-02
8.0480790e-02
8.0281560e-02
7.8194620e-02
7.4340450e-02
6.9833450e-02
6.4177380e-02
5.8105510e-02
5.3072500e-02
4.9306060e-02
4.5209380e-02
4.0068170e-02
3.3939400e-02
2.8765350e-02
2.3340760e-02
1.6775670e-02
1.0350770e-02
4.4004420e-03
-1.1759780e-03
-5.5207920e-03
-8.4383610e-03
-1.0745590e-02
-1.2732580e-02
-1.4129430e-02
-1.5134520e-02
-1.5611590e-02
-1.5614390e-02
-1.5207570e-02
-1.4737440e-02
-1.4231110e-02
-1.4562770e-02
-1.4943490e-02
-1.3226060e-02
-9.5193490e-03
-4.0789330e-03
1.6833960e-03
6.7596490e-03
1.0206730e-02
1.1942610e-02
1.0714590e-02
7.3360070e-03
3.8109380e-03
4.1158650e-04
-1.5928270e-03
-1.5316820e-03
4.3905510e-04
4.5845640e-03
1.0246720e-02
1.6007900e-02
2.1161740e-02
2.5546540e-02
2.9356240e-02
3.2261210e-02
3.3992520e-02
3.3987730e-02
3.2646080e-02
3.1001500e-02
2.7897150e-02
2.4495700e-02
2.2572350e-02
2.2362560e-02
2.4103510e-02
2.6968180e-02
2.8756070e-02
2.8674390e-02
2.7143460e-02
2.3823550e-02
1.7200830e-02
8.0696510e-03
-1.4655940e-03
-1.0534560e-02
-1.8280990e-02
-2.4599820e-02
-2.9335110e-02
-3.2538290e-02
-3.4046410e-02
-3.4525760e-02
-3.4163600e-02
-3.3896900e-02
-3.3501670e-02
-3.2447150e-02
-3.0181720e-02
-2.6639760e-02
-2.1245900e-02
-1.5384130e-02
-9.7227420e-03
-4.2781070e-03
-7.6246230e-04
6.2459420e-04
-3.3433490e-04
-3.6323870e-03
-7.9880050e-03
-1.2910800e-02
-1.7437400e-02
-2.1995460e-02
-2.5208450e-02
-2.7489050e-02
-2.9883620e-02
-3.3551230e-02
-3.7590000e-02
-4.2605510e-02
-4.7905710e-02
-5.2713730e-02
-5.6790910e-02
-5.9214760e-02
-5.9087330e-02
-5.5289000e-02
-4.8218290e-02
-4.0369600e-02
-3.1575220e-02
-2.2413550e-02
-1.3512730e-02
-6.6165890e-03
1.9599880e-04
8.2506730e-03
1.5979410e-02
2.2412890e-02
2.9589430e-02
3.6176940e-02
4.1818860e-02
4.7436760e-02
5.3228160e-02
5.8348050e-02
6.2027300e-02
6.6362380e-02
7.0558890e-02
7.4262960e-02
7.7203430e-02
7.8816380e-02
7.8920150e-02
7.7941630e-02
7.5397550e-02
7.2002090e-02
6.7903950e-02
6.2437760e-02
5.6941960e-02
5.2575970e-02
4.9372800e-02
4.7309570e-02
4.5457780e-02
4.4272910e-02
4.3024650e-02
4.0653050e-02
3.6503740e-02
3.0920580e-02
2.4430060e-02
1.6165300e-02
6.6060610e-03
-1.1283910e-03
-8.0659770e-03
-1.4223400e-02
-1.9916160e-02
-2.5602000e-02
-3.1606380e-02
-3.8503020e-02
-4.4764130e-02
-4.9980480e-02
-5.5483450e-02
-6.0284480e-02
-6.2636010e-02
-6.3618710e-02
-6.4357780e-02
-6.4916490e-02
-6.5315640e-02
-6.5347630e-02
-6.5303720e-02
-6.5593580e-02
-6.6503580e-02
-6.6825480e-02
-6.6428350e-02
-6.5506930e-02
-6.5483560e-02
-6.6069000e-02
-6.6599700e-02
-6.6726650e-02
-6.6684650e-02
-6.6673390e-02
-6.5995760e-02
-6.4992020e-02
-6.2991200e-02
-5.9107190e-02
-5.3533970e-02
-4.7174500e-02
-3.9174460e-02
-2.9976440e-02
-2.0710020e-02
-1.2464250e-02
-5.2475670e-03
7.8919550e-04
7.8788860e-03
1.5102380e-02
2.1950160e-02
3.0032760e-02
3.7781710e-02
4.4010380e-02
5.0124280e-02
5.5303740e-02
5.8917490e-02
6.0578040e-02
6.1564910e-02
6.1880610e-02
6.1144350e-02
5.9770130e-02
5.8745520e-02
5.7063200e-02
5.4818780e-02
5.2395920e-02
4.8597520e-02
4.4153370e-02
4.0095580e-02
3.7005150e-02
3.4015110e-02
3.0452520e-02
2.8637170e-02
2.7076790e-02
2.3647000e-02
1.9614300e-02
1.5437220e-02
1.0549550e-02
6.9012860e-03
4.8544430e-03
4.2984400e-03
4.7062370e-03
5.4625880e-03
6.3804170e-03
7.9548090e-03
9.0401260e-03
9.0493880e-03
8.7167260e-03
7.6933980e-03
5.7879490e-03
3.8370000e-03
2.8551310e-03
2.6160550e-03
1.4415670e-03
4.6787330e-04
4.6487700e-04
6.2955860e-04
1.1856840e-03
2.0903510e-03
3.0856120e-03
4.0145070e-03
4.6884310e-03
4.7627700e-03
4.7002710e-03
4.7302710e-03
4.7611570e-03
4.7516730e-03
4.7283810e-03
4.1033930e-03
2.5157370e-03
-2.8168820e-04
-4.1071790e-03
-7.9676010e-03
-1.1669190e-02
-1.5459260e-02
-1.8255120e-02
-2.1188080e-02
-2.4980730e-02
-2.8676380e-02
-3.2200160e-02
-3.6556840e-02
-4.1440720e-02
-4.6249730e-02
-5.0685200e-02
-5.4306000e-02
-5.6331230e-02
-5.6005510e-02
-5.4424860e-02
-5.1317940e-02
-4.6793470e-02
-4.3151330e-02
-4.0160820e-02
-3.8238160e-02
-3.7020200e-02
-3.6619490e-02
-3.6792320e-02
-3.7654240e-02
-3.8096000e-02
-3.7864560e-02
-3.6562840e-02
-3.5658070e-02
-3.5295950e-02
-3.5241710e-02
-3.4655160e-02
-3.3757480e-02
-3.2935740e-02
-3.0593020e-02
-2.6322340e-02
-2.0782970e-02
-1.4884010e-02
-7.4623000e-03
7.6654780e-04
9.1073270e-03
1.7168280e-02
2.4835820e-02
3.2632180e-02
4.0284360e-02
4.7349650e-02
5.3494740e-02
5.9062660e-02
6.3482720e-02
6.7272190e-02
7.1063960e-02
7.4816160e-02
7.7842700e-02
8.0073840e-02
8.0659140e-02
7.9736770e-02
7.8661730e-02
7.6691110e-02
7.3425860e-02
6.9538190e-02
6.5692750e-02
6.1932520e-02
5.7001850e-02
5.1180240e-02
4.4667080e-02
3.7277530e-02
3.1425950e-02
2.7107190e-02
2.2154810e-02
1.7150520e-02
1.3689540e-02
1.1052680e-02
8.2182200e-03
5.5356110e-03
2.7668780e-03
-4.4817760e-04
-3.4252530e-03
-6.1592530e-03
-7.7818180e-03
-8.2868630e-03
-9.4778680e-03
-1.1517090e-02
-1.2782570e-02
-1.4336190e-02
-1.6378920e-02
-1.9066530e-02
-2.1902930e-02
-2.3955860e-02
-2.5799380e-02
-2.7713230e-02
-2.9552120e-02
-3.1095410e-02
-3.3245050e-02
-3.5404630e-02
-3.7234160e-02
-3.7986360e-02
-3.8322940e-02
-3.7643410e-02
-3.5746100e-02
-3.3658450e-02
-3.1456860e-02
-2.9786850e-02
-2.8054120e-02
-2.5774230e-02
-2.4079520e-02
-2.2858980e-02
-2.0393310e-02
-1.6863350e-02
-1.3696410e-02
-1.0193330e-02
-6.4229940e-03
-3.0392810e-03
3.1184450e-04
4.1099870e-03
7.4485530e-03
1.0161020e-02
1.3195100e-02
1.6597070e-02
1.9745290e-02
2.1567200e-02
2.2373480e-02
2.3287560e-02
2.4358450e-02
2.5018410e-02
2.5492270e-02
2.5683320e-02
2.5197640e-02
2.4905370e-02
2.4675050e-02
2.2854080e-02
2.0577310e-02
1.8368860e-02
1.5643490e-02
1.2419370e-02
8.6541110e-03
5.2193170e-03
1.5797680e-03
-1.8917710e-03
-5.6108710e-03
-8.7544600e-03
-1.1533040e-02
-1.4115550e-02
-1.6090070e-02
-1.7836850e-02
-1.9325480e-02
-2.0500470e-02
-2.0764970e-02
-2.0643700e-02
-1.9906700e-02
-1.9184360e-02
-1.8695020e-02
-1.8281950e-02
-1.7827600e-02
-1.6800970e-02
-1.5702100e-02
-1.5177450e-02
-1.4162040e-02
-1.2029730e-02
-9.7056870e-03
-8.6453210e-03
-6.2800040e-03
-3.3473460e-03
-1.1333100e-03
3.7776730e-05
1.3153580e-03
2.0142870e-03
1.8198520e-03
2.8842870e-03
4.9571840e-03
6.5634880e-03
7.6284260e-03
8.5614110e-03
9.9354090e-03
1.0362330e-02
9.9087430e-03
8.8049080e-03
7.9893450e-03
8.0019670e-03
8.0616890e-03
7.4142870e-03
6.5529730e-03
5.8874260e-03
5.1530120e-03
4.5923910e-03
4.3341570e-03
4.7334670e-03
5.0916750e-03
5.0612460e-03
5.0016170e-03
5.0354000e-03
4.9653160e-03
4.0390470e-03
2.6550200e-03
1.7119680e-03
5.2422330e-04
-5.5090450e-04
-7.1518010e-04
-5.9000170e-04
-6.1709320e-04
-6.7298360e-04
-1.1965230e-03
-2.8439140e-03
-4.1672620e-03
-6.2620560e-03
-9.1810570e-03
-1.1657590e-02
-1.2695600e-02
-1.2972290e-02
-1.2556410e-02
-1.1680490e-02
-1.1079540e-02
-1.0938470e-02
-9.8505180e-03
-9.0526280e-03
-9.0982860e-03
-9.1583770e-03
-7.9731180e-03
-6.0094080e-03
-4.0400350e-03
-2.5122850e-03
-1.1538410e-03
2.6215750e-04
9.7653680e-04
1.6837020e-03
2.2613050e-03
2.3136130e-03
2.2411100e-03
2.3414990e-03
3.2303370e-03
4.6177140e-03
5.6937340e-03
7.3191960e-03
8.0802860e-03
7.9773010e-03
7.9049360e-03
7.0712480e-03
4.3641430e-03
8.4886590e-04
-2.1149590e-03
-4.8319520e-03
-7.6856670e-03
-1.0161840e-02
-1.1702430e-02
-1.2902950e-02
-1.3428800e-02
-1.3315490e-02
-1.2808350e-02
-1.2319360e-02
-1.1927000e-02
-1.0618540e-02
-8.6410390e-03
-6.2528550e-03
-3.4408830e-03
-6.3704050e-04
1.3869130e-03
3.5356370e-03
5.1312140e-03
6.2300160e-03
7.0504390e-03
7.2195910e-03
7.8981280e-03
8.9883290e-03
9.4795320e-03
9.3924090e-03
9.2569660e-03
8.5011610e-03
8.0541630e-03
8.4597970e-03
8.2445150e-03
7.9559990e-03
7.9747660e-03
8.0443390e-03
8.4700410e-03
9.2927640e-03
9.4956800e-03
9.7539580e-03
9.8794860e-03
9.9505740e-03
9.5597300e-03
9.2642000e-03
8.2528770e-03
5.8490540e-03
2.9671590e-03
7.2828220e-04
-1.0656280e-03
-3.5156840e-03
-6.5650080e-03
-8.9134470e-03
-1.0351950e-02
-1.2086830e-02
-1.3522790e-02
-1.4523600e-02
-1.4732370e-02
-1.3646990e-02
-1.2266830e-02
-1.1904380e-02
-1.1904240e-02
-1.0466500e-02
-9.0371340e-03
-8.9737860e-03
-8.6676360e-03
-7.7781450e-03
-7.0272270e-03
-6.3736360e-03
-6.2505650e-03
-5.6254470e-03
-3.7313240e-03
-1.6520590e-03
5.2562720e-04
2.8608610e-03
4.8853600e-03
6.2639050e-03
7.0350540e-03
7.4554880e-03
7.9172930e-03
7.1125410e-03
6.4534570e-03
7.5487220e-03
8.2324350e-03
8.5856560e-03
9.2726320e-03
9.6548700e-03
1.0493460e-02
1.0989490e-02
1.0944840e-02
1.0888780e-02
1.1588160e-02
1.3251400e-02
1.3979000e-02
1.5082720e-02
1.6495930e-02
1.6193200e-02
1.4268200e-02
1.2982160e-02
1.1391930e-02
8.9152500e-03
6.4996830e-03
4.6600670e-03
2.0229670e-03
-1.3848130e-03
-4.7198470e-03
-7.2421660e-03
-1.0318450e-02
-1.3462290e-02
-1.6216560e-02
-1.7607360e-02
-1.8100770e-02
-1.8867830e-02
-1.8716300e-02
-1.7597250e-02
-1.5724840e-02
-1.3862150e-02
-1.1115490e-02
-7.3297000e-03
-4.6226040e-03
-1.7573290e-03
1.3167240e-03
3.2712210e-03
3.7204250e-03
3.9947300e-03
4.9180910e-03
5.2526440e-03
5.4963650e-03
6.7464050e-03
7.9634120e-03
8.1080300e-03
8.3682370e-03
1.0036930e-02
1.0545680e-02
9.7744780e-03
8.4392970e-03
7.1497100e-03
6.2386570e-03
5.3461530e-03
5.0807000e-03
5.1542410e-03
5.1612050e-03
5.2024540e-03
6.0416760e-03
6.6296070e-03
5.7817110e-03
4.9178090e-03
4.1637200e-03
3.6504800e-03
2.8110980e-03
2.1900150e-03
1.7438080e-03
1.2788390e-03
9.2479700e-04
9.9796570e-04
1.8627570e-03
2.4013630e-03
2.3322120e-03
2.2593080e-03
1.8743590e-03
9.6067360e-04
-1.7036920e-04
-1.5316330e-03
-3.0102540e-03
-4.5038060e-03
-5.8404240e-03
-6.3202580e-03
-6.2518880e-03
-6.6821990e-03
-8.1319500e-03
-1.0152040e-02
-1.2060600e-02
-1.3853180e-02
-1.6149930e-02
-1.8585980e-02
-2.0945760e-02
-2.3428130e-02
-2.6275600e-02
-2.8701720e-02
-3.0245500e-02
-3.1934100e-02
-3.3316390e-02
-3.3481790e-02
-3.3227950e-02
-3.2454510e-02
-3.1525320e-02
-3.0234660e-02
-2.8302710e-02
-2.6390060e-02
-2.5169770e-02
-2.3331680e-02
-2.1127650e-02
-1.9451010e-02
-1.7264540e-02
-1.4567650e-02
-1.1674590e-02
-8.4322540e-03
-5.1124020e-03
-1.7842130e-03
1.1825020e-03
3.9751290e-03
6.7042600e-03
9.1268010e-03
1.1439250e-02
1.3436880e-02
1.5340090e-02
1.7228480e-02
1.8982100e-02
2.0193250e-02
2.1785080e-02
2.3083100e-02
2.4780930e-02
2.6796000e-02
2.8297030e-02
3.0103000e-02
3.2049260e-02
3.3591340e-02
3.4454690e-02
3.6004850e-02
3.6260000e-02
3.5581300e-02
3.4433240e-02
3.3673140e-02
3.2417540e-02
3.0537880e-02
3.0220010e-02
2.9218940e-02
2.7807350e-02
2.6556790e-02
2.4564340e-02
2.1727410e-02
1.9402580e-02
1.7583510e-02
1.5303820e-02
1.2419870e-02
9.6008060e-03
6.8221200e-03
4.0724960e-03
1.2448740e-03
-1.9084070e-03
-5.7203860e-03
-9.2644570e-03
-1.2752290e-02
-1.5922930e-02
-1.7666110e-02
-1.8433520e-02
-2.0039470e-02
-2.0801020e-02
-2.0646300e-02
-1.9985300e-02
-1.9073250e-02
-1.8105630e-02
-1.7714680e-02
-1.7233810e-02
-1.5917800e-02
-1.4933080e-02
-1.4758650e-02
-1.3434560e-02
-1.2045360e-02
-1.1942130e-02
-1.1476670e-02
-9.6909060e-03
-8.8076680e-03
-7.6428160e-03
-6.3748400e-03
-5.8839440e-03
-4.7186980e-03
-3.6808500e-03
-3.4236370e-03
-3.9105510e-03
-4.3788420e-03
-4.7883450e-03
-5.4116870e-03
-6.1946240e-03
-6.3365550e-03
-6.2309300e-03
-6.2437580e-03
-6.4240500e-03
-7.4225280e-03
-9.0006460e-03
-1.1100560e-02
-1.2074280e-02
-1.2152330e-02
-1.3778400e-02
-1.5041170e-02
-1.4871950e-02
-1.3748230e-02
-1.2412770e-02
-1.1057860e-02
-9.2667320e-03
-7.0920190e-03
-4.8560770e-03
-2.9864570e-03
-1.1920990e-03
7.3917810e-06
1.5714370e-03
2.2900190e-03
2.2953530e-03
3.5504820e-03
5.1646580e-03
6.6224730e-03
8.0320920e-03
9.8801800e-03
1.0878180e-02
1.1724850e-02
1.3375010e-02
1.4403900e-02
1.5849690e-02
1.6667020e-02
1.7474730e-02
1.8442550e-02
1.9304530e-02
1.9881680e-02
2.0724610e-02
2.1762950e-02
2.2237350e-02
2.2176700e-02
2.2512200e-02
2.2592250e-02
2.2217160e-02
2.2023570e-02
2.1633190e-02
2.1368180e-02
2.0227010e-02
1.9310030e-02
1.9325260e-02
1.9457860e-02
1.9297660e-02
1.7949240e-02
1.6323300e-02
1.4540070e-02
1.3629480e-02
1.3569640e-02
1.2316960e-02
1.0692650e-02
9.5499950e-03
8.3714670e-03
7.7262580e-03
6.8400960e-03
5.4469580e-03
4.7575490e-03
3.9583210e-03
2.6301550e-03
2.0427570e-03
1.6098190e-03
-1.5604490e-04
-2.3887350e-03
-4.6055790e-03
-6.1247350e-03
-7.7940580e-03
-9.6253680e-03
-1.1187790e-02
-1.3042250e-02
-1.4669550e-02
-1.6040740e-02
-1.7474520e-02
-1.8942560e-02
-2.0256740e-02
-2.0729130e-02
-2.0661640e-02
-2.0650040e-02
-2.0642200e-02
-1.9736310e-02
-1.8313400e-02
-1.7803790e-02
-1.7947910e-02
-1.7439160e-02
-1.5686860e-02
-1.4929680e-02
-1.5138640e-02
-1.5219360e-02
-1.4975530e-02
-1.4162070e-02
-1.4014980e-02
-1.3319100e-02
-1.2231890e-02
-1.1826200e-02
-1.0347570e-02
-9.2301410e-03
-9.2631680e-03
-9.4277050e-03
-9.2555230e-03
-8.3014580e-03
-6.9773720e-03
-6.4614650e-03
-6.5675390e-03
-6.5958010e-03
-6.5225060e-03
-6.5142590e-03
-6.5431790e-03
-6.5472620e-03
-6.5393000e-03
-6.5406260e-03
-6.5456940e-03
-6.5473480e-03
-6.4887360e-03
-5.6652550e-03
-4.2235480e-03
-3.5669570e-03
-3.6768080e-03
-3.7327080e-03
-3.6497430e-03
-3.6310560e-03
-3.9546390e-03
-4.8928220e-03
-4.4855600e-03
-3.6374570e-03
-4.0490330e-03
-4.0236500e-03
-3.6614420e-03
-3.6044480e-03
-3.6944980e-03
-3.7266320e-03
-4.4731490e-03
-5.9269660e-03
-6.6637660e-03
-6.5723650e-03
-6.5039100e-03
-6.5902570e-03
-6.6189020e-03
-6.5892430e-03
-6.5827880e-03
-6.5959050e-03
-6.5999770e-03
-6.5976460e-03
-6.5987920e-03
-6.6020140e-03
-6.6190820e-03
-7.0292800e-03
-6.9231790e-03
-7.1966240e-03
-7.3184810e-03
-6.5106890e-03
-5.4320110e-03
-5.1417040e-03
-5.0621700e-03
-4.5599450e-03
-3.9277200e-03
-3.6842040e-03
-3.7410470e-03
-3.5491170e-03
-2.6376010e-03
-2.0202750e-03
-1.2415780e-03
-2.3997340e-04
-1.2956500e-04
-8.6932800e-04
-3.8215450e-04
7.9362670e-04
1.7598630e-03
1.9747360e-03
1.9182960e-03
2.5609670e-03
3.5649850e-03
4.5068120e-03
4.7808050e-03
4.7117520e-03
4.7164850e-03
4.7603410e-03
4.9779790e-03
5.8985570e-03
6.4773310e-03
7.2350380e-03
7.6708800e-03
8.1867670e-03
9.5136090e-03
1.0548930e-02
1.1255570e-02
1.2790260e-02
1.3609570e-02
1.4471920e-02
1.5805840e-02
1.6863070e-02
1.7545020e-02
1.7768270e-02
1.8192480e-02
1.8754900e-02
1.9048970e-02
1.9016890e-02
1.9017170e-02
1.8536780e-02
1.7690570e-02
1.7526630e-02
1.7648510e-02
1.7109060e-02
