0.01
1.3369480e-03
5.0314970e-03
2.5241770e-03
-3.1756400e-03
-3.8997710e-03
-2.2894470e-04
2.4100500e-03
1.5999980e-03
7.3617500e-04
2.5935280e-03
1.2440260e-03
-1.9740850e-03
-2.3868030e-03
3.9718490e-03
2.1137950e-03
-2.5733830e-03
-3.4571970e-03
-3.7236270e-04
2.6818830e-03
-1.2876890e-04
-2.5210490e-03
2.2318910e-03
4.2015870e-03
-2.1174050e-03
-7.2010740e-03
-2.0742420e-03
2.6274820e-03
-4.6564320e-04
-1.2819760e-04
1.1818580e-03
4.3399970e-03
8.4103640e-04
-5.5540680e-04
1.9717310e-03
-2.0616490e-03
-8.2709220e-03
-8.4425990e-03
2.6046080e-03
6.8474690e-03
2.2194090e-03
7.0322100e-03
9.5411630e-03
-1.4945740e-03
-6.6796220e-03
-4.1576730e-03
8.5878460e-04
3.6134550e-04
5.0346980e-03
5.8735470e-03
-8.8138450e-03
-1.7347930e-02
-1.2889030e-02
-9.5602800e-04
1.1370400e-02
7.7089840e-03
9.6447010e-05
-4.3112890e-03
-3.8865640e-03
-1.2110790e-02
-7.2967220e-03
5.3686850e-03
1.2588850e-02
1.3208900e-02
3.8170590e-03
-3.2557450e-03
-1.5546850e-02
-1.5767320e-02
4.1519700e-03
3.5903010e-02
1.9111840e-02
-1.2741170e-02
-1.7237130e-02
-5.4201220e-03
-5.4559380e-03
6.2473780e-03
1.7152880e-02
1.6211120e-02
6.4069660e-03
4.2719300e-03
-4.1463070e-04
-1.9346960e-03
5.6885430e-03
-2.2593560e-02
-5.2545030e-02
-1.4591570e-02
2.8241460e-02
1.6941380e-02
-1.5765860e-02
-2.3781140e-02
-8.0450970e-03
-8.4748220e-03
1.1197660e-02
1.2585290e-02
2.1836790e-02
3.8066670e-02
1.0092000e-02
-3.2663590e-02
-2.7912450e-02
-1.7271260e-02
-2.0428060e-02
-8.3449350e-03
2.4831210e-02
2.8696750e-02
1.4766420e-02
5.6125970e-03
-3.8104410e-03
-1.0785370e-02
-1.5916620e-02
1.1213350e-02
3.3842670e-02
2.3623850e-02
9.5094690e-03
-1.2218560e-02
-1.3011980e-02
-1.9273410e-02
-2.7266890e-02
-3.6669910e-03
2.3868210e-02
2.9512000e-03
-1.7293320e-02
-2.4809010e-02
-3.0006890e-02
-4.8601530e-03
2.1911500e-02
2.6319990e-02
3.3868110e-02
2.7794950e-02
-1.0441200e-02
-2.6087030e-02
-1.7109670e-02
-5.2469370e-03
-4.7409110e-03
1.9590180e-02
1.6437150e-02
8.4114860e-03
1.1846910e-02
3.1740810e-03
-1.4934490e-02
-3.4812250e-02
-3.3440670e-02
-6.7725110e-03
2.7253840e-02
2.0504020e-02
1.0758200e-02
3.7913120e-04
-2.5736530e-02
-2.7049320e-02
1.2616630e-02
1.9871440e-02
6.7045160e-03
5.7146890e-03
1.6629120e-02
1.7178430e-02
-8.0507790e-03
-3.2962890e-02
-3.5827580e-02
-1.1874240e-02
2.5507510e-02
4.3024040e-02
3.3117810e-02
7.2177760e-03
-3.4037160e-02
-3.2238100e-02
-1.6582050e-03
3.7416290e-03
-1.1962610e-02
-1.0021880e-02
2.2993280e-02
3.6660430e-02
-8.2084390e-03
-2.8621550e-02
-1.0067560e-04
2.0812600e-02
2.4729860e-02
7.0599120e-03
-1.2048720e-02
-6.9211050e-03
-2.3354320e-03
-9.9309430e-03
-1.9352760e-02
-1.9623680e-02
4.7106050e-04
2.0221600e-02
1.7013850e-02
-1.1228550e-02
-2.0616130e-02
-1.1230080e-02
-1.0404720e-02
-4.0230890e-03
1.4182630e-02
5.9813210e-03
-1.0039130e-03
3.4409330e-03
-1.0028970e-02
-3.1946960e-02
-2.0151120e-02
1.2383310e-02
1.2549220e-02
1.5131890e-02
1.9342730e-02
1.6470720e-02
1.1869790e-02
7.4161680e-03
-8.5413260e-03
-2.1126560e-02
-2.0108610e-02
9.3114430e-03
3.6830560e-02
1.3415830e-02
-2.7067380e-02
-1.3887260e-02
1.9185720e-02
1.1813200e-02
-1.6236090e-02
-1.6702350e-02
6.3235680e-03
1.2438340e-02
9.7946830e-03
1.1929390e-02
-7.2933250e-03
-3.2741860e-02
-1.7237630e-02
2.3255420e-02
3.0167190e-02
7.7385500e-03
7.9163300e-03
2.3193220e-03
-8.1938340e-03
-4.7512950e-03
7.2765780e-03
1.5428310e-02
-7.5030200e-03
-1.3625570e-02
8.2201700e-04
1.4164770e-02
1.9067620e-02
1.7271690e-02
5.7746830e-03
6.2067220e-04
-1.3150950e-02
-7.5074850e-03
3.6516350e-03
7.5227840e-03
-8.1000520e-03
-2.6789060e-02
-2.2988980e-02
-1.2038840e-02
-1.3086160e-02
-8.0091240e-03
-6.0200750e-04
2.0944950e-03
-1.4005950e-02
-2.8603500e-02
-2.1188020e-02
-6.5933110e-04
2.5981820e-02
4.0476340e-02
4.3089550e-02
2.3996130e-02
-7.4713320e-03
-2.1097090e-02
-1.2449710e-03
1.4173430e-02
8.3892010e-03
-3.4667670e-03
-1.7356520e-02
-1.4950890e-02
-6.8392040e-03
-1.7753740e-02
-2.0820420e-02
8.0694810e-03
2.9892000e-02
1.2717150e-02
-2.3679700e-02
-3.1440470e-02
-1.1430240e-02
5.1811680e-03
1.1954880e-02
2.7936410e-02
3.5740870e-02
3.1719070e-02
2.6140940e-02
2.6549260e-02
2.6574720e-02
2.4577940e-02
1.0729000e-02
-2.8951850e-03
-2.0707810e-02
-4.3532490e-02
-4.3037860e-02
-3.4204320e-02
-2.3046540e-02
2.0455470e-03
2.4453740e-02
3.0975470e-02
2.0340950e-02
-5.1328410e-04
-1.6325330e-02
-1.0511640e-02
4.6131630e-03
-8.2783200e-03
-3.4655880e-02
-3.9306270e-02
-3.0847730e-02
-2.4689960e-02
-9.2831760e-03
3.3888560e-03
1.1319990e-02
5.3320680e-03
-1.0407690e-02
-2.5135680e-02
-2.8214620e-02
-1.8632000e-02
-5.6128380e-04
3.5244600e-02
7.2688530e-02
9.2790750e-02
8.4209500e-02
3.9596670e-02
-4.1044620e-03
-3.7656110e-02
-6.3903620e-02
-6.3581110e-02
-3.4585970e-02
2.2080220e-04
2.5367590e-02
2.9536550e-02
-1.9484150e-03
-4.1359170e-02
-5.9238600e-02
-4.9242640e-02
-1.9934410e-02
1.6418240e-02
4.1939690e-02
5.3748130e-02
4.6457960e-02
1.3590470e-02
-1.6790490e-02
-2.5681580e-02
-1.1279270e-02
3.1097510e-02
7.5409550e-02
9.2594090e-02
9.4747540e-02
9.3187660e-02
9.1674920e-02
8.8226920e-02
7.7837710e-02
7.7103720e-02
8.9064040e-02
9.5742360e-02
8.6138120e-02
5.1687290e-02
-7.6934890e-03
-8.2236380e-02
-1.3396490e-01
-1.5042120e-01
-1.4337190e-01
-1.2040790e-01
-9.1506140e-02
-5.3261590e-02
-4.4809790e-03
5.0866260e-02
1.1445990e-01
1.7535700e-01
1.9341720e-01
1.5671930e-01
8.8910100e-02
-2.2120700e-03
-1.0433540e-01
-1.9551700e-01
-2.4536380e-01
-2.4889410e-01
-2.1014570e-01
-1.1984190e-01
-1.6810510e-03
7.7479950e-02
7.3433710e-02
1.0189590e-02
-5.7658280e-02
-9.6716190e-02
-1.1828030e-01
-1.2215680e-01
-1.0382470e-01
-5.4632100e-02
1.9159460e-02
8.3167810e-02
8.4555040e-02
3.0364150e-02
-4.2171100e-02
-7.7105340e-02
-7.4931550e-02
-2.6454270e-02
4.9826010e-02
8.8071730e-02
7.5773370e-02
5.3429260e-02
4.1368220e-02
2.0395710e-02
-8.7905410e-03
-4.1605260e-02
-6.6143250e-02
-8.5641840e-02
-9.8761670e-02
-9.1455320e-02
-5.2236860e-02
3.9811330e-03
3.6256450e-02
3.3226320e-02
-7.5717240e-03
-5.1486530e-02
-4.9591160e-02
2.6994300e-02
1.0485720e-01
1.1443210e-01
4.9656250e-02
-9.0506840e-03
5.2992550e-03
6.9435130e-02
1.0332770e-01
9.7185080e-02
8.9701700e-02
8.3171600e-02
4.9404450e-02
-1.8831020e-02
-8.8567200e-02
-1.2145060e-01
-1.1122540e-01
-5.9022660e-02
1.8057320e-02
1.0011300e-01
1.5851510e-01
1.9844920e-01
1.8946110e-01
9.4174240e-02
-4.9199630e-02
-1.6657030e-01
-2.0031530e-01
-1.6178280e-01
-8.1881490e-02
-5.5146560e-03
2.0354490e-02
2.5486280e-02
3.0523730e-02
1.5887840e-02
-1.7059600e-02
-4.0360540e-02
-3.8778010e-02
-2.7909500e-03
5.3720570e-02
9.6698130e-02
9.0825820e-02
3.7111310e-02
-4.6465710e-04
2.0919980e-03
1.7992350e-02
2.1489100e-02
2.4285940e-02
3.6520040e-02
5.3000980e-02
5.1464100e-02
2.4403420e-02
-6.5364700e-03
-3.1301620e-02
-4.2615870e-02
-2.1653600e-02
1.9575410e-02
4.2776160e-02
2.7406710e-02
-6.5508950e-03
-3.7766710e-02
-5.5731770e-02
-6.3614250e-02
-6.2071440e-02
-5.1155940e-02
-3.3429370e-02
-1.5386130e-02
-3.0563670e-03
-6.4661790e-03
-1.6390670e-02
-1.4929780e-02
-1.9501270e-02
-3.4328560e-02
-3.7438640e-02
-7.1895340e-03
4.1941470e-02
7.0271600e-02
4.8907400e-02
-1.1541010e-03
-3.2868600e-02
-2.9425560e-02
-1.0725730e-02
1.1706420e-03
7.2423510e-03
2.6073050e-02
5.7336740e-02
8.4726120e-02
9.6459850e-02
7.3088170e-02
1.0981170e-02
-5.2283490e-02
-8.4077740e-02
-6.5702690e-02
-9.3450240e-03
5.2187920e-02
8.1778090e-02
5.4165820e-02
-5.2131110e-04
-3.5407450e-02
-4.5856690e-02
-4.6282270e-02
-4.6817770e-02
-3.4457120e-02
-1.1660140e-02
4.7546100e-03
-3.2468760e-03
-3.3305770e-02
-6.2108090e-02
-6.5560250e-02
-3.5161210e-02
1.2976090e-02
5.6635190e-02
8.1761830e-02
8.4159800e-02
7.5133880e-02
5.1816460e-02
9.9365360e-03
-3.1324880e-02
-5.6206280e-02
-6.0720050e-02
-4.5524890e-02
-1.0718900e-02
2.2494280e-02
3.3458250e-02
2.3005580e-02
-1.9256410e-03
-3.0417030e-02
-4.8391400e-02
-5.7414830e-02
-5.2212310e-02
-2.8396870e-02
-2.6673650e-03
8.8058330e-03
8.2470660e-03
-3.1610560e-03
-2.4199590e-02
-4.4265690e-02
-5.7170610e-02
-5.2935070e-02
-2.1112630e-02
2.6244260e-02
5.8818160e-02
5.7668580e-02
4.0470000e-02
3.1010440e-02
2.1123910e-02
6.1180450e-03
1.2937330e-03
1.0889110e-02
2.0211140e-02
2.2129770e-02
2.3049580e-02
2.3135480e-02
1.4202190e-02
5.2656330e-03
-8.3058370e-03
-1.9301990e-02
-1.4591620e-02
-7.1046480e-03
-4.8760660e-03
1.6520570e-03
1.1721690e-02
2.9130590e-02
4.9118970e-02
4.9834430e-02
3.5370700e-02
1.7677190e-02
-1.4288430e-03
-1.3928880e-02
-2.4709300e-02
-3.5984670e-02
-3.2249100e-02
-7.7896790e-03
1.7547590e-02
2.0766030e-02
1.8556240e-03
-1.4392790e-02
-9.2752990e-03
7.8373350e-03
1.5072340e-02
5.3289690e-03
-7.9914920e-03
-1.6129960e-02
-2.4960750e-02
-2.9979250e-02
-2.1380310e-02
-5.8891440e-03
3.6421130e-03
4.5964740e-03
8.7175110e-04
-3.5790920e-03
-4.2629020e-03
-2.1385870e-03
-1.8772290e-03
2.4964380e-03
8.6255010e-03
1.1213830e-02
5.8077610e-03
-7.0453550e-03
-1.5694590e-02
-1.1181480e-02
6.0670930e-03
2.0170030e-02
2.1774140e-02
9.3431160e-03
-1.1988140e-02
-2.6025540e-02
-3.1124300e-02
-2.7468180e-02
-1.0820560e-02
6.3687050e-03
1.1820030e-02
9.3639390e-03
4.8764780e-03
4.3974990e-03
7.2201550e-03
2.4805440e-03
-1.7162850e-03
3.4620220e-03
8.4795010e-03
7.3482670e-03
1.2144500e-03
-4.3872460e-03
-9.0540950e-03
-9.8676460e-03
-1.9050680e-03
9.4199360e-03
1.9003900e-02
2.6346300e-02
2.9779800e-02
2.3124790e-02
9.8081500e-03
-2.6853160e-03
-5.8985760e-03
2.4394760e-03
9.4916840e-03
1.0035180e-02
9.7838460e-03
9.1381870e-03
1.1934070e-02
2.0637520e-02
2.4141470e-02
1.8764480e-02
9.9595990e-03
3.8170940e-03
1.3601710e-03
-1.6258200e-03
-7.0465890e-03
-1.2992340e-02
-2.1347800e-02
-3.2866900e-02
-3.8948500e-02
-3.3218030e-02
-2.2581110e-02
-1.8790150e-02
-2.2978970e-02
-2.6383370e-02
-2.4077080e-02
-1.5761610e-02
-8.2842860e-03
-5.4221090e-03
-4.9469980e-03
-7.5160260e-03
-9.2076960e-03
-6.6501310e-03
-6.6433420e-03
-1.3315220e-02
-2.0241470e-02
-1.5292490e-02
9.8622610e-04
9.9445440e-03
3.6488280e-03
-7.5924720e-03
-1.4143520e-02
-1.1770560e-02
-2.2720320e-03
5.2479480e-03
4.9356590e-03
1.3846710e-03
4.0049830e-03
9.8614080e-03
1.3705830e-02
1.7255620e-02
2.2441290e-02
2.7830320e-02
2.6832110e-02
1.9582380e-02
1.3623960e-02
9.4040600e-03
1.0042950e-02
1.5479910e-02
2.1850590e-02
2.3445870e-02
1.5374320e-02
3.1898350e-03
-7.6806550e-03
-1.5857090e-02
-1.8205680e-02
-1.0771660e-02
1.0661910e-03
4.9212160e-03
-2.1994130e-03
-1.3165560e-02
-1.6767890e-02
-1.0311150e-02
-5.3895970e-03
-1.0092010e-02
-1.9173220e-02
-2.3265500e-02
-1.9036890e-02
-1.3461060e-02
-1.4407880e-02
-1.7372120e-02
-1.0931330e-02
1.0173600e-03
1.0734410e-02
1.5031530e-02
1.6396710e-02
1.5178830e-02
1.0108490e-02
4.1139320e-03
4.2937650e-04
-2.1150090e-03
6.4177760e-04
1.1603690e-02
2.5179700e-02
3.2255210e-02
2.9853670e-02
1.9282200e-02
7.3396280e-03
2.4720670e-03
2.7751710e-03
7.1093270e-03
1.4604420e-02
1.7526410e-02
1.4017320e-02
6.9372040e-03
4.7373260e-04
-3.4126840e-03
-7.0216550e-03
-8.7878450e-03
-9.7110780e-03
-8.4426110e-03
-5.5344600e-03
-9.1329460e-03
-2.1975550e-02
-3.7715040e-02
-4.5997770e-02
-3.7699300e-02
-1.4047030e-02
7.2745250e-03
1.5530790e-02
1.0707060e-02
4.4128620e-04
-6.7151030e-03
-4.9680700e-03
4.0286200e-03
1.3514340e-02
2.0834470e-02
2.5212550e-02
2.6459820e-02
2.5633400e-02
2.4555680e-02
2.0878000e-02
1.1594870e-02
2.7406170e-03
2.4233340e-03
1.1484750e-02
2.1594480e-02
2.1161830e-02
7.4290590e-03
-8.4522550e-03
-1.8194490e-02
-2.0479380e-02
-1.7306900e-02
-1.6816570e-02
-2.4036960e-02
-3.0161300e-02
-2.8874770e-02
-2.3669810e-02
-2.1500160e-02
-2.4455510e-02
-2.5966540e-02
-2.2528910e-02
-1.7789710e-02
-1.0889300e-02
-1.3440940e-03
5.6523670e-03
3.8145890e-03
-4.5418430e-03
-8.4629180e-03
-8.2066500e-04
1.5515890e-02
2.8791140e-02
3.1163910e-02
2.5786860e-02
1.8714150e-02
1.2868290e-02
8.0874230e-03
9.8707820e-04
-6.4362730e-03
-7.6293770e-03
5.2116430e-04
1.1793270e-02
1.4376150e-02
4.6639360e-03
-7.0465360e-03
-1.0451150e-02
-8.2443570e-03
-3.2845300e-03
1.1518040e-03
2.6754580e-03
3.2665450e-03
3.4913560e-03
4.9375960e-03
6.6194340e-03
5.6809490e-03
4.7114330e-03
8.0020870e-03
1.4547190e-02
1.7406980e-02
1.2116060e-02
3.4177940e-03
-7.3484880e-03
-1.8672960e-02
-2.4884630e-02
-2.0524020e-02
-6.6051120e-03
6.1280580e-03
8.8647400e-03
4.2098940e-03
-3.7926870e-03
-1.0652710e-02
-1.3469040e-02
-1.3191110e-02
-9.9909160e-03
-5.9099910e-03
-1.2603130e-03
3.9992810e-03
6.7939250e-03
5.8107470e-03
3.0164280e-03
1.5398900e-03
4.8273050e-03
1.1577750e-02
1.6197450e-02
1.4922220e-02
7.1592250e-03
-7.5804420e-04
-5.0033310e-03
-6.0826400e-03
-5.1874340e-03
-2.7843820e-03
-1.3536520e-03
-2.7752780e-03
-3.9857030e-03
-3.0509340e-03
-9.1171140e-04
1.1732550e-03
3.5009340e-03
4.8845890e-03
2.3025490e-03
-1.4865310e-03
-3.1015830e-03
-1.2541040e-03
1.7381530e-03
3.8866630e-03
3.9434760e-03
1.6266400e-03
-1.1998670e-03
-1.1108620e-03
5.2732880e-04
-2.0146250e-03
-6.9128690e-03
-1.0530340e-02
-1.2608220e-02
-1.3082660e-02
-1.1313960e-02
-5.7400690e-03
3.3249430e-03
8.3192100e-03
4.9203580e-03
-3.5775720e-04
-2.5962220e-03
-2.5817120e-03
-3.4250450e-03
-2.0036850e-03
3.0905240e-03
8.8608780e-03
1.0777780e-02
7.5437390e-03
2.4899110e-03
-2.0704090e-03
-4.7130100e-03
-4.2543630e-03
-1.3026210e-03
1.6638880e-03
2.2139000e-03
-2.5388790e-04
-4.1765760e-03
-8.4716430e-03
-1.1832970e-02
-1.2395490e-02
-1.1179030e-02
-7.4997950e-03
-1.4109660e-04
5.5176900e-03
4.7850510e-03
-5.0804400e-05
-1.9437190e-03
1.2828270e-03
5.4429990e-03
6.0116750e-03
5.3006830e-03
6.9424310e-03
7.7392060e-03
4.5581710e-03
-6.3080020e-04
-3.6655100e-03
-1.8936800e-03
1.1663440e-03
2.8511850e-03
3.1978920e-03
2.3423310e-03
4.0611320e-03
8.9945530e-03
1.3526450e-02
1.5571610e-02
1.3624070e-02
1.1030060e-02
1.1117850e-02
1.1192720e-02
8.2436680e-03
4.0934640e-03
1.3889710e-03
1.1634030e-03
5.5327200e-03
1.2021930e-02
1.3833970e-02
8.7351490e-03
1.3905750e-03
-3.6213640e-03
-6.3079930e-03
-7.9873060e-03
-8.6614130e-03
-7.9069910e-03
-6.9245400e-03
-8.1417420e-03
-9.8794540e-03
-1.2564480e-02
-1.6771230e-02
-1.8507660e-02
-1.4830200e-02
-7.4445050e-03
-3.0023330e-03
-6.6882300e-03
-1.2837750e-02
-1.3181140e-02
-7.3627950e-03
-9.3131850e-04
3.6232060e-03
7.0948990e-03
8.3658440e-03
5.5592100e-03
-6.1153500e-04
-5.7832870e-03
-7.2030300e-03
-7.4243650e-03
-5.6888790e-03
-3.5715150e-04
3.9390350e-03
4.0138770e-03
-4.1394450e-04
-5.9145870e-03
-6.9110970e-03
-2.6266090e-03
3.3580960e-03
8.1281510e-03
9.9219540e-03
9.2048140e-03
7.8682890e-03
5.9966300e-03
2.2586280e-03
-2.8426430e-03
-4.9413630e-03
-1.0947600e-03
3.8651690e-03
4.5201420e-03
1.6824340e-03
-8.1653680e-04
-1.6966440e-03
-6.0901820e-04
2.6467980e-03
6.2177500e-03
9.4899440e-03
1.2309790e-02
1.2689420e-02
1.0244460e-02
7.6069600e-03
7.4664260e-03
1.0448650e-02
1.3134890e-02
1.0756010e-02
5.4128420e-03
6.8944650e-04
-2.9954160e-03
-4.5578180e-03
-3.4719330e-03
-6.6223420e-04
1.9750700e-03
4.2724510e-03
5.4835630e-03
3.6135340e-03
-5.9456350e-04
-4.6884390e-03
-6.1332510e-03
-5.7166590e-03
-6.2065760e-03
-6.1986030e-03
-5.2674770e-03
-3.7015520e-03
-2.1133580e-03
-2.1460600e-03
-3.4556050e-03
-4.9268300e-03
-4.8096000e-03
-2.6135390e-03
1.2927430e-03
4.3917030e-03
5.6934570e-03
6.6014940e-03
5.7759230e-03
3.3553270e-03
1.3987410e-03
8.4503770e-05
-4.6047050e-04
-2.7529120e-04
-1.6883610e-03
-4.2778790e-03
-5.3199730e-03
-4.5195550e-03
-4.4961440e-03
-5.3668380e-03
-5.5165390e-03
-3.9410320e-03
-1.4158600e-03
-1.2694480e-03
-4.3347530e-03
-7.2570350e-03
-8.2234170e-03
-9.0824740e-03
-1.0725730e-02
-1.1511510e-02
-9.1056580e-03
-4.0277000e-03
-1.8682610e-04
-4.1414270e-04
-4.9253220e-03
-1.0179780e-02
-1.2014490e-02
-1.0407900e-02
-6.4680390e-03
-2.4736340e-03
-1.1772210e-03
-2.8575140e-03
-5.5611770e-03
-5.7163140e-03
-3.1406590e-03
-7.4564360e-04
1.1905010e-03
2.6606270e-03
3.0358340e-03
2.1318960e-03
7.7707730e-04
4.8745470e-04
8.4560050e-04
1.4789260e-03
2.4206410e-03
4.8922890e-03
8.7940760e-03
1.0098860e-02
6.5922560e-03
1.1561440e-03
-2.9979990e-03
-4.9280490e-03
-4.3313300e-03
-2.4733000e-03
8.8499750e-04
5.2841460e-03
8.1777650e-03
7.9467410e-03
5.5251610e-03
3.0138210e-03
2.5020690e-03
3.3995010e-03
3.5021830e-03
2.2301710e-03
-3.1934240e-04
-3.4379400e-03
-6.0694190e-03
-6.8029200e-03
-5.4487970e-03
-3.3911460e-03
-1.5759450e-03
2.4088520e-04
3.0360610e-03
6.5790830e-03
9.2990830e-03
9.2144470e-03
5.7469380e-03
2.0422970e-03
4.8959020e-04
5.4951260e-05
5.5810520e-04
1.3901450e-03
2.8375260e-03
4.3199770e-03
4.3411260e-03
2.7376370e-03
2.7299810e-04
-1.2119440e-03
-3.4729670e-04
2.0435390e-03
4.1507680e-03
4.6635570e-03
3.8964360e-03
3.7316710e-03
4.7341140e-03
5.6220080e-03
4.1413450e-03
1.4027840e-03
-6.2006910e-04
-1.5483930e-03
-1.7231280e-04
3.5781310e-03
6.3273050e-03
5.2337230e-03
1.5320560e-03
-2.4179520e-03
-4.7153170e-03
-6.0017520e-03
-7.0755790e-03
-7.2467000e-03
-7.3367830e-03
-7.0807100e-03
-5.5420410e-03
-2.3832140e-03
1.0387310e-03
2.6459330e-03
1.7543630e-03
5.0347770e-04
4.6659430e-04
9.7993130e-04
3.1865540e-03
6.6207380e-03
8.8303730e-03
8.3401320e-03
5.4560060e-03
1.2492140e-03
-1.2780610e-03
-6.3251150e-04
1.0885580e-03
1.5256080e-03
8.1092560e-05
-2.4940450e-03
-5.0285960e-03
-5.6453650e-03
-4.0674000e-03
-2.4467880e-03
-1.0741770e-03
1.0342800e-03
3.4508720e-03
3.8231070e-03
9.9830400e-04
-2.8363090e-03
-4.8621280e-03
-3.9319320e-03
-1.1366460e-03
1.8120070e-03
3.0261320e-03
1.5327100e-03
-1.3483380e-03
-3.2742690e-03
-4.2483200e-03
-3.3620050e-03
-8.1653680e-04
1.4599830e-03
1.9324400e-03
1.9030080e-04
-2.1899200e-03
-3.7520530e-03
-3.1986460e-03
-4.8413180e-04
2.5285510e-03
3.9770250e-03
3.8836250e-03
2.5447110e-03
2.7466270e-04
-1.7642610e-03
-1.2137380e-03
1.6255660e-03
3.5929590e-03
3.2849790e-03
1.8716170e-03
-2.1356890e-04
-2.6181060e-03
-3.0632180e-03
-1.1079530e-03
8.2660420e-04
1.5862720e-03
1.8107320e-03
1.7934470e-03
6.7823380e-04
-1.5832670e-03
-2.4820210e-03
-4.9045090e-04
2.7610290e-03
3.6268010e-03
1.3150400e-03
-9.8330720e-04
-8.1551560e-04
8.4391470e-04
1.5089370e-03
-1.5702270e-04
-3.2672730e-03
-4.8185850e-03
-4.0979660e-03
-2.2451250e-03
1.8290430e-04
2.9268750e-03
4.5560430e-03
4.4039500e-03
3.3749130e-03
3.2021340e-03
4.0232370e-03
3.5466990e-03
1.1698400e-03
-1.5603810e-03
-3.1350760e-03
-3.5725120e-03
-3.5882720e-03
-3.3410230e-03
-2.9699880e-03
-3.5481560e-03
-5.3403410e-03
-7.4202580e-03
-8.9926740e-03
-9.3912480e-03
-8.5162970e-03
-6.9717850e-03
-6.6544860e-03
-8.0511300e-03
-9.2480470e-03
-7.4530940e-03
-3.0919710e-03
1.6464960e-03
4.9226200e-03
6.3399730e-03
6.8398940e-03
6.8852360e-03
5.7248960e-03
3.9262320e-03
4.1093390e-03
6.0760090e-03
7.0369210e-03
5.6340340e-03
2.7014490e-03
-6.4901590e-04
-3.2110660e-03
-4.6435180e-03
-5.4105380e-03
-4.9542960e-03
-3.2597740e-03
-2.1048180e-03
-1.7034520e-03
-1.3291770e-03
-1.7415300e-04
1.1864920e-03
9.6243230e-04
-4.1765880e-04
-9.5040100e-05
2.2732930e-03
2.8320340e-03
4.9179450e-04
-1.5248290e-03
-1.8101190e-03
-1.4357860e-03
-9.8128790e-04
1.2893590e-04
2.6076250e-03
4.9617830e-03
4.6802850e-03
1.8878200e-03
-1.3633770e-03
-3.5703660e-03
-4.4237030e-03
-4.3089530e-03
-3.8017900e-03
-3.2573460e-03
-2.3840790e-03
-1.4033080e-03
-6.8271470e-04
-9.1400030e-05
5.4853530e-04
8.6802810e-04
2.6326600e-04
-8.6567910e-04
-1.0529790e-03
7.6689940e-05
2.0541560e-03
4.0613710e-03
5.0476250e-03
5.0801980e-03
3.9697200e-03
2.2721060e-03
2.5690960e-03
5.8768460e-03
9.0741900e-03
9.1871740e-03
6.4015560e-03
2.5180210e-03
-6.5373260e-04
-2.3292830e-03
-2.5951620e-03
-2.7548910e-03
-3.9467570e-03
-4.4065560e-03
-3.1848680e-03
-1.4353560e-03
-4.5597150e-04
-5.4020480e-04
-2.8518280e-04
9.1520210e-04
2.5722850e-03
4.8665040e-03
6.8484550e-03
7.8467780e-03
7.6348200e-03
6.8327680e-03
5.2108590e-03
2.7509220e-03
1.1001950e-03
5.1106740e-04
4.1471760e-04
6.2802970e-04
3.9011080e-04
-3.4230980e-04
-1.5060100e-03
-3.3329520e-03
-4.4558760e-03
-3.2404920e-03
-2.4549090e-04
3.1089590e-03
4.8419760e-03
3.4377820e-03
9.6316070e-04
1.1933640e-04
1.1127800e-03
2.1171910e-03
1.1312780e-03
-1.4706930e-03
-3.2865190e-03
-3.2317720e-03
-2.3289470e-03
-1.6846640e-03
-4.8137210e-04
7.6031390e-04
1.0181370e-03
4.4455200e-05
-1.3860360e-03
-1.6952860e-03
-1.4804330e-03
-1.9193710e-03
-2.4941880e-03
-2.6538030e-03
-2.2258800e-03
-2.0781360e-03
-2.5541250e-03
-2.7238880e-03
-1.7651840e-03
8.5151470e-04
3.0472040e-03
2.0473710e-03
-1.1488510e-03
-3.3610940e-03
-3.5022100e-03
-2.6313580e-03
-2.3728860e-03
-2.6937190e-03
-3.4248440e-03
-4.6368980e-03
-6.2772590e-03
-7.9419650e-03
-8.2577960e-03
-6.8182540e-03
-4.5229810e-03
-2.3975510e-03
-1.2143330e-03
-7.0166050e-04
-5.9355950e-04
-5.1125360e-04
2.6290670e-04
1.9402070e-03
3.9198640e-03
5.1580020e-03
5.6626570e-03
6.5472680e-03
7.4180100e-03
7.0481660e-03
4.3008010e-03
3.4790740e-04
-2.0988880e-03
-2.0298830e-03
-6.1737850e-04
2.2345230e-04
-6.9282350e-05
-1.2002940e-03
-2.8607110e-03
-3.7430800e-03
-2.6967180e-03
-2.6209540e-04
2.1620030e-03
3.2393810e-03
2.7222240e-03
9.3085360e-04
-1.3446210e-03
-2.8309770e-03
-2.6547900e-03
-1.9154460e-03
-1.3703970e-03
-1.0550340e-03
-7.5929380e-04
-1.6996520e-04
7.5573290e-04
2.0423550e-03
3.3887050e-03
3.9860410e-03
3.8205420e-03
3.2682530e-03
2.1748790e-03
8.4737520e-04
-4.4943700e-04
-1.1572300e-03
-1.4199300e-03
-1.7766630e-03
-1.6295810e-03
-8.6552910e-04
-1.0363870e-04
-2.7648560e-04
-1.3321020e-03
-2.2419280e-03
-2.1068960e-03
-9.5998130e-04
1.3778470e-04
9.5703510e-04
1.3272330e-03
7.7448360e-04
-6.6364760e-04
-1.7091540e-03
-1.6269480e-03
-8.1361030e-04
5.6517530e-04
1.8233960e-03
2.2621140e-03
2.6605100e-03
3.3181210e-03
2.9941430e-03
1.6942520e-03
4.9717080e-04
-1.5772810e-05
6.3378090e-04
1.4735970e-03
1.6306990e-03
1.6080330e-03
1.0994000e-03
3.7922840e-04
3.1504320e-04
1.4663720e-04
-8.0013890e-04
-2.9127270e-03
-5.6971180e-03
-7.7189120e-03
-8.2547860e-03
-7.5231250e-03
-6.6095190e-03
-6.0754390e-03
-4.9523660e-03
-3.4688930e-03
-2.3833520e-03
-1.1607870e-03
5.9835800e-04
2.8190210e-03
4.7427010e-03
5.6571630e-03
6.1408680e-03
6.0702630e-03
5.0776680e-03
4.3626990e-03
3.9990600e-03
3.1722540e-03
2.0772890e-03
1.6378920e-03
1.9581060e-03
2.1321960e-03
9.7028840e-04
-1.1514440e-03
-2.8235780e-03
-3.7386680e-03
-3.4136870e-03
-1.9624650e-03
-6.5271060e-04
-4.1948590e-04
-1.2380110e-03
-2.1911150e-03
-2.6787370e-03
-2.1476580e-03
-7.7981520e-04
4.4538500e-04
1.2188010e-03
1.7191240e-03
1.8596380e-03
1.8107980e-03
1.8289700e-03
2.3755550e-03
3.8095690e-03
5.3149420e-03
5.7855170e-03
4.8840070e-03
3.0706720e-03
1.6963300e-03
2.1493970e-03
3.5653590e-03
4.2603100e-03
3.2567780e-03
9.0644250e-04
-9.7503290e-04
-1.7943030e-03
-1.8275450e-03
-1.1775480e-03
9.7175400e-06
1.5217690e-03
2.4608240e-03
2.0393320e-03
4.1738880e-04
-1.3517070e-03
-2.0256930e-03
-1.8671530e-03
-9.8474540e-04
5.3535330e-04
1.8764620e-03
2.4095780e-03
2.1663270e-03
1.2707250e-03
2.6286780e-04
-2.7916420e-04
-7.9465810e-05
5.5928180e-04
1.0937840e-03
1.3114500e-03
1.3697750e-03
1.3617490e-03
7.0546830e-04
-7.3377360e-04
-1.7162050e-03
-1.3245120e-03
-3.1426310e-04
2.7736330e-04
-3.4357140e-04
-1.8835240e-03
-3.5789800e-03
-4.6774800e-03
-4.6769240e-03
-3.4293670e-03
-1.6553960e-03
-7.8951270e-04
-1.5141290e-03
-2.3501200e-03
-2.3819980e-03
-2.0844380e-03
-1.3252380e-03
1.3519100e-04
2.0515880e-03
3.0595330e-03
2.4791890e-03
4.1969680e-04
-1.9488730e-03
-3.0952820e-03
-2.8127710e-03
-1.9838230e-03
-1.1316870e-03
-5.5898920e-04
-9.3100900e-05
3.7460840e-04
7.5101910e-04
1.1705260e-03
1.7016210e-03
2.2640310e-03
2.9829800e-03
3.5889850e-03
3.4646810e-03
2.8894450e-03
2.5466740e-03
2.5858950e-03
2.7734850e-03
2.8175370e-03
2.7445720e-03
2.6476200e-03
1.8042090e-03
5.0127320e-04
-8.9934780e-04
-3.0228340e-03
-5.3721860e-03
-6.5609470e-03
-6.5124610e-03
-5.8296900e-03
-4.7396990e-03
-4.3695950e-03
-5.2938300e-03
-5.6893930e-03
-4.4046450e-03
-2.7484450e-03
-1.4584090e-03
-6.6393620e-04
-1.1856650e-04
9.8462350e-04
1.9185270e-03
1.5959860e-03
5.8686580e-04
3.1620980e-04
1.1190750e-03
1.4694210e-03
7.2109490e-04
-1.2704860e-04
-5.5127920e-04
-1.0933990e-03
-1.9723750e-03
-2.3756220e-03
-1.6875060e-03
-6.7178830e-04
-2.8594490e-04
-8.4946770e-04
-1.8206390e-03
-2.3057590e-03
-2.2110540e-03
-1.1314850e-03
8.0047430e-04
2.2168860e-03
2.2839010e-03
1.5303560e-03
9.2995720e-04
6.1933840e-04
2.6676980e-04
5.2334450e-05
3.5533950e-04
5.4711060e-04
-1.8886830e-05
-6.0839540e-04
-7.8658270e-04
-8.6926090e-04
-7.6277950e-04
-4.2968770e-04
-3.7470550e-04
-7.6954870e-04
-1.4295250e-03
-2.2082840e-03
-2.5491840e-03
-2.1863970e-03
-8.4632510e-04
1.1520360e-03
2.3583510e-03
1.8105660e-03
3.4813880e-04
-5.6471180e-04
-3.6325880e-04
7.6303130e-04
2.4605900e-03
4.3036270e-03
5.2041910e-03
4.7327880e-03
3.3409850e-03
2.0226920e-03
1.5441090e-03
1.5663730e-03
1.2354710e-03
8.2595620e-04
9.3078900e-04
1.0985570e-03
6.5160630e-04
1.1574740e-04
2.5428910e-04
6.6840390e-04
3.9369720e-04
-6.8557550e-04
-1.8786730e-03
-3.3212590e-03
-4.8559080e-03
-5.8485380e-03
-5.9570640e-03
-5.1690780e-03
-4.1980250e-03
-3.1680900e-03
-1.7864020e-03
-6.9798950e-04
-3.2202110e-04
-5.7993980e-06
6.8381100e-04
1.4120170e-03
1.7921580e-03
2.2224110e-03
2.9846930e-03
3.7644750e-03
4.1854880e-03
4.0256890e-03
3.5315540e-03
3.2019040e-03
3.1560370e-03
2.8725370e-03
2.2247860e-03
2.0084150e-03
2.2693000e-03
1.9419310e-03
5.9924360e-04
-6.0398000e-04
-3.1006650e-04
1.1781440e-03
2.6190540e-03
2.8399740e-03
2.0371420e-03
1.2046820e-03
8.5493880e-04
7.3723710e-04
1.0450520e-03
1.6341270e-03
1.6546190e-03
1.1833000e-03
1.0144280e-03
1.6130350e-03
3.0469560e-03
4.6879810e-03
5.2673610e-03
4.5465660e-03
3.0523500e-03
1.3593250e-03
2.8302440e-04
2.2668310e-04
7.0756370e-04
1.5913300e-03
1.9686330e-03
7.6816300e-04
-1.4605390e-03
-3.8979660e-03
-5.9999870e-03
-6.9593210e-03
-6.3139820e-03
-4.8013670e-03
-3.8758320e-03
-3.8737200e-03
-4.2524330e-03
-4.7540590e-03
-5.0663560e-03
-4.6279990e-03
-2.7324370e-03
-1.7296790e-04
1.5844470e-03
2.5536600e-03
2.8936450e-03
2.6535320e-03
2.1381970e-03
1.1955230e-03
-1.0431460e-04
-1.1869430e-03
-1.3916860e-03
-8.0770000e-04
-2.8777140e-04
-4.9688720e-04
-1.4605910e-03
-2.1877060e-03
-1.9760270e-03
-1.4668270e-03
-1.2420130e-03
-1.2728970e-03
-1.2238570e-03
-7.7849760e-04
-1.7371240e-04
5.4958830e-05
-1.3148030e-04
-2.6664130e-04
8.2285390e-05
5.2678310e-04
9.9388060e-04
1.4188530e-03
1.4917220e-03
9.6496420e-04
-1.8290210e-04
-1.2627790e-03
-1.8599610e-03
-2.2894380e-03
-2.9920590e-03
-3.5055940e-03
-3.4035100e-03
-2.7205590e-03
-1.9534610e-03
-1.5877470e-03
-1.8500190e-03
-2.8933810e-03
-3.9244740e-03
-4.2253800e-03
-3.8718110e-03
-3.1287750e-03
-2.0914380e-03
-8.5930410e-04
2.7939740e-04
8.2736150e-04
9.5615950e-04
1.1235610e-03
1.7239760e-03
2.6199800e-03
3.4251810e-03
3.7693720e-03
3.4357120e-03
2.9407050e-03
2.8062600e-03
3.3330700e-03
4.4450350e-03
5.4771940e-03
5.5173180e-03
4.5648340e-03
2.9194970e-03
9.4246070e-04
-5.9451350e-04
-9.0670420e-04
-5.4532200e-05
9.0789210e-04
1.1501660e-03
6.9659440e-04
-9.3412420e-05
-1.0031940e-03
-1.6221610e-03
-1.5423680e-03
-8.6206060e-04
5.4697820e-05
9.1777060e-04
1.3916950e-03
1.5116760e-03
1.3052680e-03
8.1325590e-04
5.7836060e-04
8.4209760e-04
1.7168340e-03
2.5184540e-03
2.3940650e-03
1.8271710e-03
1.4517120e-03
9.3755300e-04
2.9665870e-04
-2.8025760e-04
-4.3789650e-04
-1.6854530e-05
4.1629620e-04
4.6394810e-04
2.1678080e-04
-4.9820900e-04
-1.2691570e-03
-1.3838690e-03
-1.0407030e-03
-4.7444180e-04
-9.5125830e-05
-6.4192290e-05
-2.8881190e-04
-6.8067490e-04
-1.1941210e-03
-1.5542830e-03
-1.5929130e-03
-1.6358420e-03
-1.7845980e-03
-2.0599110e-03
-2.7219440e-03
-3.6181540e-03
-4.3708570e-03
-4.6272410e-03
-4.5410530e-03
-4.2787290e-03
-3.2825080e-03
-1.4759480e-03
2.1284600e-05
4.4691670e-04
2.9034610e-04
2.8335640e-04
6.4619080e-04
1.3317810e-03
2.2844980e-03
3.3592850e-03
4.0242940e-03
3.8801140e-03
3.1919580e-03
2.7229430e-03
2.7718200e-03
2.9380980e-03
2.7001040e-03
1.7755220e-03
5.6950260e-04
-5.8688490e-04
-1.8416360e-03
-2.7762260e-03
-3.0529760e-03
-2.6498870e-03
-1.4301100e-03
4.7434380e-05
9.6814610e-04
1.0569840e-03
3.9249490e-04
-1.0479040e-04
2.0448170e-04
9.0332500e-04
1.2626600e-03
1.2778110e-03
1.4413680e-03
1.5628820e-03
1.2000580e-03
3.7733210e-04
-4.3716970e-04
-8.8226960e-04
-1.1319430e-03
-1.4001960e-03
-1.7301840e-03
-1.8088220e-03
-1.4800330e-03
-9.6065600e-04
-8.0048590e-04
-1.1957130e-03
-1.8390850e-03
-1.9966060e-03
-1.4016530e-03
-1.4236140e-03
-2.1370340e-03
-1.6300410e-03
2.7553650e-05
9.6949780e-04
5.3557040e-04
-2.1358830e-04
-4.8532480e-04
-1.0431250e-03
-1.7013230e-03
-9.7560350e-04
7.8192040e-04
1.5659410e-03
7.6926800e-04
3.2027290e-04
1.4333510e-03
2.8976080e-03
3.3684760e-03
3.2952820e-03
3.6027210e-03
3.5875770e-03
2.5661360e-03
2.0449140e-03
2.0329120e-03
2.1129970e-03
1.8185300e-03
1.6121630e-03
2.0306120e-03
1.1814140e-03
-4.6819620e-04
-1.2268270e-03
-5.1552020e-04
4.3661820e-04
1.6325530e-04
-7.2142290e-04
-5.0197470e-04
-2.6308690e-04
-9.9192220e-04
-1.5206710e-03
-7.1928030e-04
2.7792430e-04
7.0534020e-04
6.0047330e-04
7.1270130e-04
9.3175260e-04
4.3390930e-04
-3.7297160e-05
-3.8315120e-04
-1.3176610e-03
-1.9444440e-03
-1.7911340e-03
-1.7281180e-03
-1.1080470e-03
-5.5086110e-04
-8.8764850e-04
-1.5105470e-03
-1.8352610e-03
-1.8294060e-03
