0.01
1.6500400e-03
2.7227760e-03
3.2780080e-03
2.8197720e-03
1.3959820e-03
-5.8215780e-04
-2.6818890e-03
-3.8435230e-03
-3.1590520e-03
-8.2595560e-04
2.4323030e-03
5.4257430e-03
6.6240330e-03
5.4859800e-03
3.5628430e-03
2.8541820e-03
3.9084400e-03
5.5190810e-03
5.1087090e-03
1.3549920e-03
-3.7756730e-03
-7.1259900e-03
-7.3401890e-03
-5.7610280e-03
-3.3391990e-03
1.1282790e-03
7.9704590e-03
1.3793740e-02
1.3127800e-02
3.6517490e-03
-8.5838230e-03
-1.5303780e-02
-1.3843930e-02
-5.1618970e-03
5.5489600e-03
8.6234360e-03
3.2314430e-04
-1.2799730e-02
-1.9770350e-02
-1.2402550e-02
8.6377170e-03
3.2928530e-02
4.8207430e-02
4.5960870e-02
2.1745270e-02
-1.6473940e-02
-4.9302270e-02
-5.5497920e-02
-2.9003520e-02
1.2911680e-02
4.4421700e-02
4.6930300e-02
1.7498740e-02
-2.0734430e-02
-4.7531720e-02
-4.8187880e-02
-2.3782520e-02
7.5413300e-03
2.8321800e-02
3.0024230e-02
1.3289030e-02
-9.2009970e-03
-2.4190110e-02
-2.5821800e-02
-1.5419900e-02
9.1763050e-04
1.5373460e-02
2.2246500e-02
2.0627740e-02
1.0868070e-02
-7.5682460e-04
-3.1569750e-03
5.5288360e-03
1.8453930e-02
2.3355620e-02
1.4797540e-02
-4.1234140e-04
-1.0459880e-02
-1.1331600e-02
-5.5364840e-03
2.0634420e-03
6.1453570e-03
4.8465950e-03
7.5969590e-04
-3.9646320e-03
-8.2699380e-03
-1.1050060e-02
-1.1993440e-02
-1.0827290e-02
-7.3763890e-03
-2.0264750e-03
3.0519760e-03
5.2639100e-03
4.5766940e-03
3.5479410e-03
3.4725960e-03
4.4348880e-03
5.9713640e-03
7.4983990e-03
8.6257150e-03
9.9245820e-03
1.1475560e-02
1.2727090e-02
1.2842240e-02
1.1146880e-02
6.8163550e-03
2.3241080e-03
-3.7558820e-04
-3.0571150e-03
-8.0881380e-03
-1.4494380e-02
-1.9676570e-02
-2.1143370e-02
-1.7445310e-02
-8.3149710e-03
3.0301280e-03
1.2975960e-02
1.8706970e-02
1.6984200e-02
4.5419130e-03
-1.3998580e-02
-2.1512820e-02
-7.6278230e-03
1.5689020e-02
2.9473410e-02
2.5441240e-02
8.0129890e-03
-7.1149820e-03
-1.1182000e-02
-1.8620160e-03
1.5326050e-02
2.8214980e-02
2.9186250e-02
1.8312980e-02
2.7138950e-03
-8.3338460e-03
-1.0323390e-02
-4.0212990e-03
4.1522010e-03
5.3885510e-03
-5.9620530e-03
-2.4986010e-02
-3.6822870e-02
-3.3161540e-02
-1.5958060e-02
6.3568460e-03
2.2439690e-02
2.4071290e-02
1.0381910e-02
-9.0277580e-03
-2.2212350e-02
-2.3064860e-02
-1.4194840e-02
-1.0893870e-03
1.1717740e-02
2.1142420e-02
2.4102420e-02
1.6687730e-02
-3.0754100e-03
-2.9801280e-02
-4.5204190e-02
-3.9796030e-02
-1.6088090e-02
1.3474780e-02
2.8450800e-02
1.8207780e-02
-5.0329630e-03
-2.1662070e-02
-2.3004760e-02
-9.3141260e-03
1.1792100e-02
2.5893800e-02
2.5524190e-02
1.4844810e-02
-5.7880640e-04
-9.2777700e-03
-6.7653330e-03
-2.3781520e-04
3.8348770e-03
3.4033780e-03
1.6521810e-03
2.1975270e-03
6.4899130e-03
1.2233340e-02
1.4723900e-02
1.3805620e-02
1.1318550e-02
7.8639310e-03
3.9316740e-03
-3.0377010e-03
-1.2340270e-02
-1.8939470e-02
-2.0594730e-02
-1.7432690e-02
-1.0774850e-02
-2.5895460e-03
8.1035370e-03
2.1162890e-02
3.4166980e-02
4.2099110e-02
4.2674500e-02
3.5151690e-02
2.0531130e-02
1.5931810e-04
-2.0337990e-02
-3.2514170e-02
-3.2278120e-02
-2.3713510e-02
-1.5431040e-02
-1.4062520e-02
-1.9805280e-02
-2.8105750e-02
-3.2561300e-02
-3.0041340e-02
-2.3683260e-02
-1.8134480e-02
-1.5596720e-02
-1.3863180e-02
-8.0778250e-03
3.0651420e-03
1.5744800e-02
2.6906360e-02
3.2124800e-02
2.8155600e-02
1.4539520e-02
-2.0892200e-03
-7.5368520e-03
7.8067800e-03
4.2623150e-02
7.9577440e-02
1.0394410e-01
1.0396080e-01
7.6935390e-02
3.4968050e-02
-7.0509070e-03
-4.2538370e-02
-6.1495390e-02
-6.0720890e-02
-4.9408620e-02
-4.6351430e-02
-6.5596720e-02
-1.0534920e-01
-1.4942800e-01
-1.7726700e-01
-1.7789150e-01
-1.5146930e-01
-1.0593980e-01
-6.9416620e-02
-5.1979960e-02
-5.4556370e-02
-6.5796120e-02
-7.1473520e-02
-6.6540200e-02
-5.6352420e-02
-5.4121420e-02
-6.9795280e-02
-1.0393850e-01
-1.4662380e-01
-1.8719240e-01
-2.1726800e-01
-2.1481320e-01
-1.6033690e-01
-5.1664120e-02
7.0774600e-02
1.7380530e-01
2.3868070e-01
2.5736600e-01
2.3376990e-01
1.8819560e-01
1.4641190e-01
1.1829800e-01
1.0599320e-01
1.0630660e-01
1.0775400e-01
1.0519550e-01
1.0084790e-01
9.8118350e-02
1.0314020e-01
1.2062500e-01
1.4489530e-01
1.6014250e-01
1.4832870e-01
1.0034290e-01
2.8869110e-02
-3.5001960e-02
-6.9875480e-02
-8.4379460e-02
-8.3314080e-02
-7.7897860e-02
-7.8975020e-02
-8.4795460e-02
-8.1328670e-02
-4.8635170e-02
1.5827400e-02
9.1424780e-02
1.4932850e-01
1.7048490e-01
1.4142210e-01
7.6958460e-02
-1.2960130e-03
-6.1958570e-02
-7.7162170e-02
-4.2553440e-02
4.8392680e-03
4.3412730e-02
7.5300560e-02
8.2022110e-02
4.3752410e-02
-1.5977510e-02
-4.5954360e-02
-4.9796240e-02
-3.5246160e-02
-4.3321610e-03
2.5910980e-02
3.4429320e-02
2.5022400e-02
-3.5680970e-03
-4.8954850e-02
-9.9979020e-02
-1.3943750e-01
-1.5744470e-01
-1.4124820e-01
-8.7592610e-02
-1.5621540e-02
5.7533240e-02
1.0925110e-01
1.1762460e-01
6.7276980e-02
-1.2780190e-02
-7.1992040e-02
-9.5403670e-02
-8.0854400e-02
-3.1437370e-02
3.4967270e-02
1.0520950e-01
1.6414750e-01
1.9213540e-01
1.7317640e-01
1.0814880e-01
1.8676320e-02
-7.0602480e-02
-1.3958070e-01
-1.7508570e-01
-1.7286260e-01
-1.2772730e-01
-5.7085530e-02
9.1997820e-03
5.1305840e-02
6.2696580e-02
4.8666850e-02
1.1383400e-02
-4.0054300e-02
-9.1209570e-02
-1.3123870e-01
-1.4888930e-01
-1.3944970e-01
-1.0630210e-01
-6.5356470e-02
-3.3233570e-02
-2.2779220e-02
-3.6331330e-02
-6.3675660e-02
-8.0431000e-02
-6.7944730e-02
-2.1200730e-02
5.0825020e-02
1.3194900e-01
2.0139850e-01
2.3813650e-01
2.2115010e-01
1.4874560e-01
5.1664040e-02
-4.8361340e-02
-1.4574040e-01
-2.1412960e-01
-2.3995010e-01
-2.2060370e-01
-1.6521460e-01
-9.5188150e-02
-4.7404680e-02
-3.5090560e-02
-4.6569390e-02
-6.1601380e-02
-5.9217360e-02
-3.6889710e-02
-9.3643000e-03
5.1481990e-03
-7.2384060e-03
-4.3753900e-02
-8.0700920e-02
-1.0786930e-01
-1.2081640e-01
-1.2161950e-01
-1.1708080e-01
-1.0999670e-01
-9.0682930e-02
-4.9747160e-02
8.0712540e-03
6.5053410e-02
1.1008500e-01
1.3647530e-01
1.3812470e-01
1.1484680e-01
7.8318270e-02
4.5079340e-02
3.4847970e-02
5.7917860e-02
1.0820270e-01
1.7410370e-01
2.2968260e-01
2.5307160e-01
2.3151690e-01
1.7446790e-01
1.2319890e-01
1.1925700e-01
1.7417380e-01
2.4774350e-01
2.9966220e-01
3.0514800e-01
2.4105210e-01
1.2136250e-01
-1.1156510e-02
-1.4778620e-01
-2.3165710e-01
-2.3742550e-01
-1.7019320e-01
-6.4483520e-02
3.0291180e-02
8.0717150e-02
8.1713720e-02
1.6490580e-02
-6.8021340e-02
-9.4499320e-02
-6.2025310e-02
-4.4266510e-04
4.8961720e-02
4.1381150e-02
-2.9497020e-02
-1.0767290e-01
-1.5073040e-01
-1.4412600e-01
-8.4456180e-02
3.7671650e-03
8.1665710e-02
1.1813520e-01
1.0593830e-01
5.3500750e-02
-1.6541140e-02
-7.4281880e-02
-1.0160880e-01
-9.5017390e-02
-6.0948330e-02
-1.6621250e-02
2.1374090e-02
4.3770400e-02
4.8486550e-02
3.7150680e-02
1.1927330e-02
-1.7085040e-02
-4.2403520e-02
-5.7860210e-02
-5.7135250e-02
-3.6389300e-02
-1.1472960e-03
3.2645940e-02
5.2480880e-02
5.4221520e-02
3.6506950e-02
3.7915680e-03
-2.7638770e-02
-4.8969170e-02
-4.8281580e-02
-2.7787390e-02
1.3147840e-03
2.5098470e-02
3.8586290e-02
4.0929420e-02
2.8859810e-02
3.8454050e-03
-2.3434190e-02
-4.2293560e-02
-4.8759820e-02
-4.3291990e-02
-2.8949550e-02
-1.0568320e-02
7.9939140e-03
2.6948200e-02
4.4601890e-02
5.7613250e-02
6.1462900e-02
5.2389240e-02
3.0349940e-02
2.9469120e-03
-2.1803900e-02
-3.7211880e-02
-4.1509910e-02
-3.5800430e-02
-2.2448300e-02
-5.4451430e-03
9.5659100e-03
1.8594930e-02
2.2626050e-02
2.4057210e-02
2.2886000e-02
1.5341430e-02
2.3448420e-03
-9.2977540e-03
-1.7148850e-02
-2.2725240e-02
-2.4579550e-02
-2.2272550e-02
-1.9250370e-02
-1.9970840e-02
-2.5980700e-02
-3.4012300e-02
-3.8763250e-02
-3.6640190e-02
-2.8030000e-02
-1.5927960e-02
-4.9269790e-03
7.2101420e-04
3.1921810e-04
-4.9348090e-03
-1.2151610e-02
-1.7930920e-02
-2.0178160e-02
-1.9109680e-02
-1.6372490e-02
-1.3472990e-02
-1.2492100e-02
-1.5399350e-02
-2.0762660e-02
-2.5705810e-02
-2.8009790e-02
-2.7093160e-02
-2.4241720e-02
-2.2807080e-02
-2.5065610e-02
-3.1367240e-02
-3.9120570e-02
-4.3925690e-02
-4.1448320e-02
-2.9972130e-02
-9.2778080e-03
1.6957540e-02
4.3286300e-02
6.4172770e-02
7.5527070e-02
7.1550380e-02
5.1731050e-02
2.6243700e-02
7.0273760e-03
1.6268410e-03
1.1192720e-02
3.1269350e-02
5.2986300e-02
7.0156360e-02
7.8114400e-02
7.6395970e-02
6.6698610e-02
5.6573420e-02
5.2924480e-02
5.5489050e-02
6.0006680e-02
6.0793850e-02
5.3651900e-02
3.8268030e-02
1.9446900e-02
6.3700380e-05
-1.8545530e-02
-3.2259130e-02
-3.9220740e-02
-4.0679470e-02
-4.0631720e-02
-4.1143430e-02
-4.2385950e-02
-4.4352790e-02
-4.6074840e-02
-4.5710750e-02
-4.1994360e-02
-3.6351220e-02
-3.3625070e-02
-3.6680790e-02
-4.3919080e-02
-5.1237280e-02
-5.5874950e-02
-5.6529460e-02
-5.2362070e-02
-4.3678310e-02
-3.2714520e-02
-2.2341760e-02
-1.3439780e-02
-5.5794700e-03
8.6742860e-04
5.9315730e-03
1.0612920e-02
1.6954760e-02
2.5689450e-02
3.4246820e-02
3.8822610e-02
3.7121260e-02
2.8424970e-02
1.4879750e-02
7.4913660e-04
-1.1323260e-02
-1.8580450e-02
-1.8790810e-02
-1.1765550e-02
-6.8061100e-04
1.1146330e-02
2.2390450e-02
3.1785480e-02
3.7416810e-02
3.7881750e-02
3.3691970e-02
2.6741670e-02
2.0099870e-02
1.6392230e-02
1.6959510e-02
1.9579000e-02
2.0361860e-02
1.6145770e-02
7.0593660e-03
-4.2908550e-03
-1.2577470e-02
-1.5679250e-02
-1.5152710e-02
-1.3648720e-02
-1.1894250e-02
-9.4676720e-03
-5.9273820e-03
-7.5877410e-04
5.5003520e-03
1.1519390e-02
1.5363980e-02
1.6255320e-02
1.4636430e-02
1.2359200e-02
1.1904850e-02
1.4769410e-02
1.9215630e-02
2.1547390e-02
1.8213670e-02
8.2258160e-03
-5.6742740e-03
-1.8339840e-02
-2.6514790e-02
-3.0722290e-02
-3.2359280e-02
-3.2519180e-02
-3.1087250e-02
-2.7756430e-02
-2.2241360e-02
-1.4289450e-02
-4.9755680e-03
2.4510100e-03
7.3869740e-03
1.0545570e-02
1.0630300e-02
7.1416970e-03
2.2163600e-03
-9.8458060e-04
-4.1880800e-04
4.1048540e-03
1.1210360e-02
1.7548730e-02
2.0783830e-02
1.9918130e-02
1.3922990e-02
3.5883840e-03
-7.9613620e-03
-1.5777040e-02
-1.6026780e-02
-1.0720950e-02
-4.2055500e-03
-1.0692280e-03
-3.6106330e-03
-1.0432660e-02
-1.8306320e-02
-2.3809410e-02
-2.5252160e-02
-2.2375510e-02
-1.6151810e-02
-8.6786650e-03
-1.1639970e-03
5.5639770e-03
1.1161590e-02
1.5202550e-02
1.7488190e-02
1.8343010e-02
1.8390950e-02
1.8693360e-02
1.9533370e-02
2.0356740e-02
1.9789130e-02
1.6722260e-02
1.1390330e-02
4.6915160e-03
-9.8938660e-04
-3.8437880e-03
-4.5890580e-03
-4.2094120e-03
-3.9810420e-03
-6.0058770e-03
-1.1830780e-02
-2.0849060e-02
-2.9324200e-02
-3.3511370e-02
-3.3423080e-02
-3.0616780e-02
-2.5417690e-02
-1.8946280e-02
-1.2782510e-02
-9.3393810e-03
-9.8044950e-03
-1.4270720e-02
-2.1426160e-02
-2.8615550e-02
-3.2498430e-02
-3.2175540e-02
-2.9020580e-02
-2.3565370e-02
-1.7532860e-02
-1.3260010e-02
-1.0878980e-02
-9.7286580e-03
-7.9838810e-03
-3.5686060e-03
3.4592590e-03
1.1675550e-02
2.0811250e-02
2.9569940e-02
3.7003570e-02
4.1294790e-02
4.3005620e-02
4.3433990e-02
4.3568380e-02
4.3938890e-02
4.4596970e-02
4.5207470e-02
4.5350260e-02
4.3858610e-02
4.0141990e-02
3.4313710e-02
2.7833990e-02
2.3217550e-02
2.1039550e-02
2.0828210e-02
2.1426000e-02
2.2045100e-02
2.2315600e-02
2.1933400e-02
2.1449370e-02
2.0855300e-02
1.9370590e-02
1.6974180e-02
1.4978700e-02
1.4764800e-02
1.7346980e-02
2.1795250e-02
2.6625850e-02
2.9906010e-02
2.8988680e-02
2.2037710e-02
9.1423830e-03
-5.2868460e-03
-1.7238030e-02
-2.4227930e-02
-2.7105500e-02
-2.7385710e-02
-2.6944820e-02
-2.7970130e-02
-2.9692180e-02
-3.2118030e-02
-3.5323430e-02
-3.7366980e-02
-3.5847840e-02
-3.0258250e-02
-2.3135010e-02
-1.7268520e-02
-1.4772890e-02
-1.6397430e-02
-2.0939460e-02
-2.5478340e-02
-2.6775560e-02
-2.4324610e-02
-1.9665770e-02
-1.5530520e-02
-1.5462340e-02
-2.0320830e-02
-2.8270630e-02
-3.5390240e-02
-3.7521730e-02
-3.3919340e-02
-2.7454040e-02
-2.1472520e-02
-1.9078040e-02
-2.1805940e-02
-2.8163070e-02
-3.4588570e-02
-3.7389440e-02
-3.5399860e-02
-2.9736700e-02
-2.2714500e-02
-1.6552850e-02
-1.2490780e-02
-9.2715640e-03
-4.8403910e-03
1.5139110e-03
9.3841680e-03
1.8443530e-02
2.7369890e-02
3.4340240e-02
3.7299540e-02
3.4573300e-02
2.7735950e-02
2.0502200e-02
1.6932470e-02
1.7482840e-02
2.0225490e-02
2.1980820e-02
1.9272990e-02
1.0502050e-02
-2.2854920e-03
-1.4337450e-02
-1.9934030e-02
-1.7164870e-02
-6.8683210e-03
7.0562610e-03
2.0046480e-02
2.8814680e-02
3.2806940e-02
3.3412390e-02
3.2990350e-02
3.4407630e-02
3.7735820e-02
4.2212000e-02
4.4676850e-02
4.0242030e-02
2.5589870e-02
3.6772980e-03
-1.9107680e-02
-3.6429190e-02
-4.4614980e-02
-4.4332370e-02
-3.9360330e-02
-3.3827950e-02
-3.0384920e-02
-2.8994390e-02
-2.7399800e-02
-2.3357540e-02
-1.7353360e-02
-1.0454320e-02
-4.0618140e-03
1.2812850e-03
6.3525360e-03
1.1588360e-02
1.6832010e-02
2.1629540e-02
2.3217720e-02
2.0126520e-02
1.2764240e-02
3.4726850e-03
-4.2225200e-03
-7.8004880e-03
-7.1298120e-03
-3.1783570e-03
2.6134470e-03
8.6572030e-03
1.3599180e-02
1.7477510e-02
2.0292920e-02
2.1103780e-02
1.7872540e-02
1.1007390e-02
4.3555240e-03
1.3910450e-03
2.9781960e-03
8.0980130e-03
1.3159970e-02
1.3151130e-02
5.2249880e-03
-8.6644180e-03
-2.1349670e-02
-2.6203270e-02
-2.1861010e-02
-1.0440490e-02
1.3983730e-03
5.7876510e-03
-2.2652560e-03
-1.9498390e-02
-3.4324910e-02
-3.9262790e-02
-3.3428250e-02
-2.0347260e-02
-6.7326060e-03
-4.2861480e-04
-2.7854730e-03
-1.2247180e-02
-2.1929200e-02
-2.4126280e-02
-1.6816910e-02
-2.7229730e-03
1.1818760e-02
2.0856130e-02
2.3509700e-02
2.2493060e-02
1.9967840e-02
1.6357970e-02
1.1348950e-02
3.6634490e-03
-6.0690510e-03
-1.4903910e-02
-2.1111040e-02
-2.3621360e-02
-2.3203790e-02
-2.0501470e-02
-1.6441640e-02
-1.2569820e-02
-9.0524870e-03
-5.0262830e-03
1.6058070e-03
1.0893080e-02
2.0690830e-02
2.7953310e-02
3.0481740e-02
2.7783330e-02
2.2375950e-02
1.7604150e-02
1.4760920e-02
1.2253590e-02
8.8240800e-03
4.8532890e-03
1.6687920e-03
-4.5412370e-04
-2.3762280e-03
-4.4960950e-03
-6.5725070e-03
-7.4454790e-03
-6.6935420e-03
-5.7754020e-03
-5.7717850e-03
-5.8727510e-03
-4.7485010e-03
-2.7742580e-03
-1.7122460e-03
-2.7042430e-03
-6.7855630e-03
-1.3067020e-02
-1.9457020e-02
-2.4044680e-02
-2.4422290e-02
-1.8894420e-02
-8.4703440e-03
1.6538180e-03
4.7418820e-03
-1.6153380e-03
-1.4543750e-02
-2.6188020e-02
-3.0262620e-02
-2.1674610e-02
-7.7904810e-04
2.2800320e-02
3.7387550e-02
3.8216420e-02
2.7115520e-02
9.9052930e-03
-4.8576290e-03
-1.4606970e-02
-1.8745590e-02
-1.9850590e-02
-2.0785220e-02
-2.2482150e-02
-2.4942070e-02
-2.7052290e-02
-2.7692480e-02
-2.5670900e-02
-2.0604970e-02
-1.3594960e-02
-6.3897920e-03
-5.7211630e-04
3.9704950e-03
9.5685240e-03
1.7714350e-02
2.6073900e-02
3.0358820e-02
2.8578160e-02
2.2618500e-02
1.7718800e-02
1.8851290e-02
2.6211620e-02
3.4675470e-02
3.6631110e-02
2.6312800e-02
4.3734810e-03
-1.8979250e-02
-3.1720460e-02
-2.6175400e-02
-2.9864120e-03
2.4866500e-02
4.2424460e-02
4.2898940e-02
2.5356300e-02
-2.3647850e-03
-2.6123750e-02
-3.5810940e-02
-3.0832930e-02
-1.6241450e-02
-1.7899570e-03
4.5921120e-03
7.8110260e-04
-1.0581060e-02
-2.2712990e-02
-2.9062300e-02
-2.8798040e-02
-2.5196490e-02
-2.0621160e-02
-1.5140520e-02
-9.4666530e-03
-3.2495480e-03
3.6967150e-03
1.0550770e-02
1.5930410e-02
1.7238140e-02
1.3750750e-02
8.1588410e-03
4.0823630e-03
3.5109660e-03
6.3886960e-03
1.0030470e-02
1.0912880e-02
8.1415300e-03
4.1510180e-03
1.5154520e-03
1.2710240e-03
2.4016780e-03
2.3925200e-03
-3.7470320e-04
-5.4015700e-03
-1.0002380e-02
-1.0662290e-02
-5.6909200e-03
1.6710930e-03
6.6245680e-03
5.6760980e-03
-6.0244060e-04
-7.6380540e-03
-9.5687210e-03
-2.2551850e-03
1.3056640e-02
2.9439620e-02
3.8011410e-02
3.4797590e-02
1.9553620e-02
-1.6480760e-03
-1.7684600e-02
-2.2596630e-02
-1.6017900e-02
-3.5072010e-03
5.5721840e-03
6.6168300e-03
1.1410840e-03
-6.5630640e-03
-1.2004350e-02
-1.2881450e-02
-1.0987770e-02
-9.9490960e-03
-1.2133800e-02
-1.7370120e-02
-2.2686290e-02
-2.4442870e-02
-1.8795700e-02
-6.3655680e-03
6.8114110e-03
1.4149650e-02
1.2562100e-02
2.7875740e-03
-9.5167370e-03
-1.6833810e-02
-1.6014950e-02
-8.3851740e-03
1.6509030e-03
9.5092270e-03
1.2546260e-02
1.1088780e-02
6.8393600e-03
2.7712440e-03
1.6366060e-03
2.4927080e-03
3.6870830e-03
4.2827370e-03
3.7221740e-03
2.1394470e-03
-5.0181790e-04
-4.0709380e-03
-7.6645360e-03
-1.1183780e-02
-1.4974600e-02
-1.8427300e-02
-1.9686990e-02
-1.6961130e-02
-1.0091200e-02
-1.0541480e-03
7.5286870e-03
1.2639160e-02
1.3586950e-02
1.1315490e-02
7.5159090e-03
4.1090840e-03
1.5985090e-03
1.2460380e-04
-8.4133930e-04
-2.2753990e-03
-4.4765140e-03
-5.5428890e-03
-3.4613860e-03
1.9388540e-03
7.8932110e-03
1.1136710e-02
8.5117070e-03
7.5466190e-04
-8.4461540e-03
-1.4763280e-02
-1.6587110e-02
-1.4361720e-02
-1.0015410e-02
-5.7054750e-03
-3.5800290e-03
-4.8253110e-03
-8.1091050e-03
-1.0370110e-02
-9.2827360e-03
-4.7996760e-03
7.0197740e-04
4.1814100e-03
4.2748980e-03
1.9701810e-03
-2.7664790e-04
2.4122080e-04
5.0120290e-03
1.2920710e-02
2.0552830e-02
2.4611730e-02
2.4394760e-02
2.1885760e-02
1.9151820e-02
1.6755120e-02
1.4464670e-02
1.2031980e-02
9.3580140e-03
7.5008430e-03
7.9902800e-03
1.0274130e-02
1.3205950e-02
1.5321870e-02
1.5151630e-02
1.1504320e-02
4.1560990e-03
-3.9606300e-03
-9.7443150e-03
-9.4438100e-03
-3.0932150e-03
6.9690850e-03
1.7450750e-02
2.4955280e-02
2.7917630e-02
2.7734030e-02
2.6069390e-02
2.3101690e-02
1.8675950e-02
1.2940110e-02
6.8003530e-03
1.7293350e-03
-2.2838140e-03
-5.0021410e-03
-6.4170240e-03
-6.8494610e-03
-7.0536290e-03
-7.2962600e-03
-7.2637710e-03
-6.5817320e-03
-4.6859250e-03
-7.1278030e-04
5.6972360e-03
1.3384850e-02
2.0049900e-02
2.3872690e-02
2.4754030e-02
2.3287270e-02
2.1198930e-02
2.0765100e-02
2.2678720e-02
2.6291750e-02
2.9710640e-02
3.0447230e-02
2.7056850e-02
1.9632640e-02
1.0318360e-02
1.7614260e-03
-3.8675510e-03
-5.7478730e-03
-4.7212920e-03
-2.4205040e-03
-1.0233150e-03
-1.2958100e-03
-2.4504950e-03
-3.4338300e-03
-3.5168590e-03
-3.5465310e-03
-4.5242780e-03
-5.8518160e-03
-6.5834500e-03
-6.6589540e-03
-6.7037680e-03
-7.1630340e-03
-7.9021090e-03
-8.2339640e-03
-8.2854170e-03
-8.3397380e-03
-8.3082830e-03
-8.5938600e-03
-9.5575730e-03
-1.1461420e-02
-1.5215300e-02
-2.0464360e-02
-2.5094970e-02
-2.7189040e-02
-2.6537660e-02
-2.4145310e-02
-2.1674090e-02
-2.1088720e-02
-2.3537210e-02
-2.8349390e-02
-3.2947290e-02
-3.4334480e-02
-3.0873120e-02
-2.3256010e-02
-1.3827160e-02
-4.9028630e-03
2.0755300e-03
6.5453920e-03
8.6486060e-03
8.8764040e-03
8.0315380e-03
6.3476480e-03
4.3970930e-03
2.9038110e-03
2.6654160e-03
3.6480470e-03
4.9047000e-03
5.2562600e-03
4.2990490e-03
2.4913290e-03
1.3700530e-03
1.9187020e-03
4.3178140e-03
7.8233160e-03
1.1296090e-02
1.3299650e-02
1.2925710e-02
1.1199890e-02
9.1035480e-03
7.1730930e-03
6.0471110e-03
5.3784370e-03
4.8563000e-03
4.1315110e-03
3.3008500e-03
2.8653040e-03
2.5733780e-03
2.8060390e-03
4.1218000e-03
5.3435940e-03
4.9301950e-03
2.4143760e-03
-1.0118770e-03
-3.9755660e-03
-6.1489170e-03
-7.4015910e-03
-7.9775980e-03
-8.5280520e-03
-9.2438980e-03
-9.7761510e-03
-9.2017060e-03
-7.2256530e-03
-4.2167200e-03
-9.8975650e-04
1.5562480e-03
2.7118340e-03
2.4876550e-03
2.2406320e-03
3.6625230e-03
7.2434250e-03
1.1831060e-02
1.5748450e-02
1.8182620e-02
1.8524680e-02
1.6845970e-02
1.4408090e-02
1.3039810e-02
1.3432940e-02
1.5486030e-02
1.8429670e-02
2.0738200e-02
2.1372040e-02
2.0718780e-02
1.9826630e-02
1.8960770e-02
1.7427230e-02
1.4479950e-02
1.0825000e-02
7.4112580e-03
4.5273940e-03
3.0863880e-03
3.8482100e-03
5.8486230e-03
7.9310760e-03
8.7788680e-03
8.0672900e-03
5.5059840e-03
1.4886350e-03
-2.5196710e-03
-4.4390980e-03
-3.8626460e-03
-1.6671730e-03
9.1988530e-04
3.3109580e-03
4.7839410e-03
4.9653650e-03
4.1581020e-03
2.6320340e-03
1.0125000e-03
-3.8987250e-04
-1.1991410e-03
-1.4742180e-03
-1.4438130e-03
-1.9765620e-03
-3.4831980e-03
-5.5004330e-03
-7.1532240e-03
-7.8158110e-03
-6.9152250e-03
-4.8317570e-03
-2.5655200e-03
-1.3506120e-03
-2.2315580e-03
-4.7858210e-03
-7.3907740e-03
-8.7031910e-03
-8.1817690e-03
-5.4038880e-03
-9.6527180e-04
3.7474180e-03
6.5047410e-03
6.5991980e-03
4.7179930e-03
2.4495050e-03
1.1076540e-03
3.0377490e-04
-1.3833490e-03
-3.9855470e-03
-6.0814470e-03
-7.3214830e-03
-8.2025760e-03
-9.2513010e-03
-1.0353710e-02
-1.1794130e-02
-1.3641560e-02
-1.5520550e-02
-1.7190340e-02
-1.7953380e-02
-1.6643690e-02
-1.3353970e-02
-9.7282740e-03
-7.1340760e-03
-5.8922490e-03
-5.6579600e-03
-6.0540250e-03
-6.7567850e-03
-7.2165300e-03
-7.3623380e-03
-7.7012890e-03
-8.1831450e-03
-8.8258830e-03
-1.0135330e-02
-1.2055300e-02
-1.3632660e-02
-1.4935640e-02
-1.5586910e-02
-1.4995260e-02
-1.3539670e-02
-1.1315180e-02
-8.9077110e-03
-6.9003790e-03
-5.1372450e-03
-3.4373600e-03
-1.8298840e-03
-4.3080550e-04
9.2090930e-04
1.9954530e-03
2.6179230e-03
2.7244030e-03
2.4264790e-03
1.2092590e-03
-9.4222690e-04
-3.2187460e-03
-4.7836820e-03
-6.0267750e-03
-7.6754470e-03
-9.7897560e-03
-1.1237650e-02
-1.1875350e-02
-1.2388600e-02
-1.3201310e-02
-1.4759120e-02
-1.6833140e-02
-1.9038380e-02
-2.0455120e-02
-2.0527300e-02
-1.9081680e-02
-1.6103910e-02
-1.2053460e-02
-8.1154600e-03
-5.5613060e-03
-4.7009730e-03
-4.9301450e-03
-5.9905280e-03
-7.3579600e-03
-7.8735630e-03
-7.4010270e-03
-6.6488560e-03
-6.3333120e-03
-6.6074560e-03
-7.5709530e-03
-8.9046190e-03
-1.0037360e-02
-1.0247780e-02
-9.2758110e-03
-7.4582050e-03
-5.0545050e-03
-2.4083560e-03
-4.6567110e-04
1.7704190e-04
-2.0568960e-04
-1.4441890e-03
-3.0033040e-03
-4.3153650e-03
-5.1091850e-03
-5.3518600e-03
-5.3668220e-03
-5.8593620e-03
-7.3448540e-03
-9.6712250e-03
-1.2237820e-02
-1.4066460e-02
-1.4485010e-02
-1.3355210e-02
-1.1041300e-02
-8.6371020e-03
-6.7934530e-03
-4.9136460e-03
-2.7726940e-03
-6.4220840e-04
1.8799530e-03
4.6741960e-03
7.6047930e-03
1.0421810e-02
1.2159890e-02
1.1920780e-02
1.0399810e-02
8.4122030e-03
7.6305420e-03
8.7292020e-03
1.0755210e-02
1.3350340e-02
1.5919750e-02
1.7816970e-02
1.8659760e-02
1.8574560e-02
1.7436020e-02
1.6203540e-02
1.4832860e-02
1.3839260e-02
1.4035260e-02
1.4638400e-02
1.4531610e-02
1.3545680e-02
1.2473680e-02
1.1951580e-02
1.2216210e-02
1.3345020e-02
1.4970060e-02
1.6251200e-02
1.6882590e-02
1.6941790e-02
1.6417510e-02
1.6125410e-02
1.6262260e-02
1.6739550e-02
1.7298210e-02
1.7245560e-02
1.6798010e-02
1.6108620e-02
1.4998060e-02
1.3372960e-02
1.1292130e-02
8.9009250e-03
7.4042690e-03
6.7272450e-03
5.8944580e-03
5.0039360e-03
4.1217760e-03
3.1012920e-03
1.9917720e-03
5.9911550e-04
-8.2632940e-04
-1.9082130e-03
-2.9181460e-03
-4.5174000e-03
-6.6666670e-03
-8.7006910e-03
-9.6866310e-03
-1.0279850e-02
-1.0931690e-02
-1.1618360e-02
-1.2006860e-02
-1.1696200e-02
-1.0473350e-02
-8.0980780e-03
-4.6283900e-03
-6.2345810e-04
3.3081100e-03
6.1384850e-03
7.0908050e-03
6.7074010e-03
5.1564410e-03
3.4624710e-03
2.1870340e-03
1.5336250e-03
1.3524690e-03
1.4964630e-03
1.5079030e-03
1.0624770e-03
-9.3363880e-05
-1.8725910e-03
-3.5250560e-03
-3.9302000e-03
-3.3527760e-03
-2.0355890e-03
-8.3326300e-04
4.5002040e-05
5.1309170e-04
5.8984600e-04
4.3918650e-04
7.6126930e-04
1.7302250e-03
3.2591810e-03
5.6478380e-03
7.7241240e-03
9.1361130e-03
1.0224590e-02
1.0943410e-02
1.0969330e-02
1.0368180e-02
9.5247670e-03
9.0183030e-03
8.8373090e-03
8.9510330e-03
9.2758850e-03
9.4530240e-03
9.2704550e-03
8.6398750e-03
7.7906640e-03
6.9702010e-03
6.5993860e-03
6.6231620e-03
6.7689990e-03
7.4085120e-03
8.6850050e-03
9.9571410e-03
1.0442870e-02
9.5883840e-03
8.2685130e-03
7.6789090e-03
7.6476620e-03
7.6696010e-03
7.5058050e-03
7.6902260e-03
8.1758580e-03
8.5963670e-03
8.4445130e-03
8.0188690e-03
7.5947600e-03
7.1526080e-03
6.8754000e-03
6.7242390e-03
6.2523770e-03
5.2010300e-03
3.8771990e-03
2.7626390e-03
1.7981840e-03
1.3241170e-03
1.7755960e-03
2.1603310e-03
1.8896850e-03
1.6813890e-03
1.7635030e-03
2.0087450e-03
1.7378150e-03
5.6672070e-05
-1.6567210e-03
-2.3441350e-03
-2.3697380e-03
-2.6064340e-03
-3.2255040e-03
-4.3865840e-03
-6.2124070e-03
-8.2784660e-03
-1.0174010e-02
-1.1396110e-02
-1.2336550e-02
-1.2363910e-02
-1.1669540e-02
-1.1418010e-02
-1.1847520e-02
-1.2789900e-02
-1.4226800e-02
-1.5118360e-02
-1.5140190e-02
-1.4470480e-02
-1.3564010e-02
-1.2791400e-02
-1.1926530e-02
-1.1249310e-02
-1.0410820e-02
-8.9216390e-03
-7.3465240e-03
-5.9666120e-03
-5.1798400e-03
-4.9806400e-03
-5.0743460e-03
-5.5338990e-03
-5.6765920e-03
-5.2473880e-03
-4.2971090e-03
-3.4025880e-03
-3.1039910e-03
-3.2715370e-03
-3.5499190e-03
-3.8940550e-03
-4.2908970e-03
-5.0134540e-03
-6.0477920e-03
-7.1240420e-03
-8.0190380e-03
-8.6929860e-03
-8.7337420e-03
-7.9495840e-03
-7.6698740e-03
-8.8217900e-03
-1.0798950e-02
-1.2385540e-02
-1.3285690e-02
-1.3200220e-02
-1.2384760e-02
-1.1520040e-02
-1.0372730e-02
-8.9607120e-03
-7.7006660e-03
-7.0617080e-03
-6.6486580e-03
-5.3554170e-03
-2.8098650e-03
-4.7962370e-04
1.4869610e-03
3.1559620e-03
4.1754520e-03
4.7791120e-03
5.4281460e-03
6.4846490e-03
7.8883250e-03
8.6432560e-03
8.4611940e-03
8.0957390e-03
7.7330380e-03
7.1313480e-03
6.4696110e-03
6.1860150e-03
6.2511720e-03
6.2701550e-03
5.9402330e-03
4.7697480e-03
3.1825040e-03
1.6506380e-03
6.7278800e-04
4.3128830e-04
6.3209250e-04
1.0644700e-03
5.0512470e-04
-1.5549180e-03
-4.2040000e-03
-6.4077160e-03
-7.2063810e-03
-6.3075740e-03
-5.4643160e-03
-4.9592710e-03
-4.9352190e-03
-5.9071420e-03
-8.0500870e-03
-1.1288730e-02
-1.4379590e-02
-1.5893400e-02
-1.5681470e-02
-1.4978200e-02
-1.4408580e-02
-1.4289180e-02
-1.4595290e-02
-1.5620990e-02
-1.6907690e-02
-1.7511660e-02
-1.7068100e-02
-1.5216420e-02
-1.2985420e-02
-1.1551160e-02
-1.0565620e-02
-9.5921100e-03
-8.7578980e-03
-8.0369250e-03
-7.2466140e-03
-5.9865550e-03
-4.2683860e-03
-2.2719780e-03
2.5990720e-04
2.7436100e-03
4.5558020e-03
5.0771000e-03
4.7528340e-03
4.5727740e-03
4.9194520e-03
6.1710480e-03
8.6010070e-03
1.1044010e-02
1.2558680e-02
1.3008720e-02
1.2669610e-02
1.2457490e-02
1.3265090e-02
1.5373350e-02
1.8384850e-02
2.1176120e-02
2.2484970e-02
2.2314580e-02
2.1095560e-02
1.9385660e-02
1.8228600e-02
1.7966800e-02
1.8342050e-02
1.8763680e-02
1.8454810e-02
1.6555080e-02
1.4323660e-02
1.2938920e-02
1.2548910e-02
1.2945920e-02
1.3179420e-02
1.2084890e-02
9.4473870e-03
5.5352450e-03
1.5080990e-03
-1.6082960e-03
-2.5856930e-03
-9.7795380e-04
2.4711060e-03
6.0346600e-03
8.0003320e-03
7.8653440e-03
5.9688590e-03
3.4579880e-03
1.7494650e-03
9.9453400e-04
1.0705420e-03
1.5335220e-03
1.7854720e-03
1.8950060e-03
1.1463570e-03
-7.3696560e-04
-2.7883140e-03
-3.9060830e-03
-3.3496320e-03
-1.7472360e-03
-5.0406570e-05
1.2766300e-03
1.8471000e-03
1.5914250e-03
8.2656140e-04
-3.8778530e-04
-1.4336450e-03
-2.6545120e-03
-3.8782870e-03
-5.7519340e-03
-8.2273520e-03
-1.0651340e-02
-1.2060580e-02
-1.2309760e-02
-1.1681040e-02
-1.0153830e-02
-7.8134190e-03
-5.9363650e-03
-5.9595530e-03
-8.4887960e-03
-1.1650460e-02
-1.3350330e-02
-1.3291140e-02
-1.1365390e-02
-8.2929740e-03
-5.0080370e-03
-2.6679810e-03
-1.6016050e-03
-1.3861500e-03
-1.7618680e-03
-1.9973830e-03
-1.1088690e-03
5.4452460e-04
1.5665600e-03
1.4035290e-03
3.9650280e-04
-2.0782040e-04
1.4595140e-04
1.7992960e-03
4.6401330e-03
7.2966790e-03
8.4111310e-03
7.1993240e-03
4.6575430e-03
2.0594260e-03
8.4778700e-04
1.8902200e-03
4.0655480e-03
6.5022970e-03
7.8038060e-03
6.8363660e-03
3.8979460e-03
3.1618010e-04
-2.6656060e-03
-4.1322640e-03
-3.9565250e-03
-3.5063860e-03
-3.7903230e-03
-4.6656120e-03
-5.4278750e-03
-5.5094810e-03
-4.0110570e-03
-8.1811950e-04
2.7263140e-03
5.3906620e-03
6.9365970e-03
6.9831530e-03
5.7525130e-03
3.7829740e-03
1.5497690e-03
1.1250270e-06
-6.6943960e-05
2.1321310e-04
-4.8180960e-04
-2.3546360e-03
-5.3297520e-03
-8.8057500e-03
-1.1799960e-02
-1.3681740e-02
-1.4332080e-02
-1.3582950e-02
-1.0925540e-02
-7.5971620e-03
-5.4174780e-03
-4.8090430e-03
-5.3519900e-03
-5.8651760e-03
-5.7205080e-03
-5.2921220e-03
-4.7903340e-03
-4.7476310e-03
-5.2848770e-03
-6.0992030e-03
-6.4043610e-03
-6.5853130e-03
-7.1491840e-03
-8.2148030e-03
-9.1414190e-03
-9.0646240e-03
-7.7102480e-03
-5.0148610e-03
-1.9058810e-03
1.0768990e-03
3.2535620e-03
4.4476280e-03
5.1200240e-03
5.6164890e-03
6.5089650e-03
8.0654840e-03
9.7069740e-03
1.1134180e-02
1.1813040e-02
1.1114220e-02
9.3490510e-03
6.9858780e-03
5.2381350e-03
4.8530330e-03
5.9549270e-03
6.8335210e-03
5.9857270e-03
3.7554140e-03
1.1622020e-03
-7.8734310e-04
-1.5204530e-03
-8.5480380e-04
5.5657100e-04
2.2972320e-03
3.9623640e-03
4.0498380e-03
2.6425670e-03
6.0515810e-04
-6.0422480e-04
-1.3762930e-04
1.4420370e-03
3.0905850e-03
3.5261390e-03
2.5462970e-03
4.2750220e-04
-2.2140070e-03
-4.6940280e-03
-6.7420880e-03
-8.3877650e-03
-9.4438160e-03
-9.5635220e-03
-9.1320850e-03
-8.9338930e-03
-8.5582280e-03
-7.4195280e-03
-5.8909450e-03
-4.6677760e-03
-3.9268520e-03
-3.3353740e-03
-3.1048490e-03
-3.1417060e-03
-2.6171000e-03
-1.2629220e-03
1.6648920e-04
8.7454570e-04
1.3599330e-03
1.4116590e-03
1.2351620e-03
1.5377450e-03
2.1939950e-03
3.1787760e-03
4.5680600e-03
5.8725050e-03
6.6380280e-03
6.4978340e-03
5.1911800e-03
2.9921300e-03
1.5319750e-03
1.5823850e-03
2.9192580e-03
5.1299820e-03
7.3035320e-03
8.3114930e-03
7.9991740e-03
6.8225870e-03
5.2032820e-03
4.1825200e-03
3.7388930e-03
3.8954120e-03
5.0121060e-03
6.1024420e-03
6.8971800e-03
7.0193230e-03
6.3107120e-03
4.9663920e-03
3.8257610e-03
3.1202690e-03
3.1049950e-03
3.5346100e-03
4.0143360e-03
4.5272820e-03
4.6044040e-03
4.0829270e-03
3.4557560e-03
3.2298610e-03
3.5118470e-03
3.8654330e-03
4.1642770e-03
4.2261800e-03
3.8145450e-03
3.1615340e-03
2.8787850e-03
3.0695930e-03
3.3104270e-03
3.3701290e-03
3.1966330e-03
2.7797830e-03
2.3338630e-03
