0.01
1.0879460e-02
1.3734320e-02
1.4138830e-02
1.1511660e-02
6.5459160e-03
1.0006230e-03
-2.5994550e-03
-4.3584040e-03
-5.8064100e-03
-9.6594100e-03
-1.3910770e-02
-1.4287820e-02
-1.1210070e-02
-7.7023860e-03
-5.2769140e-03
-2.9057800e-03
1.3899080e-05
2.7843290e-03
6.5454440e-03
1.3229310e-02
2.0279260e-02
2.2759110e-02
1.7724420e-02
8.4244100e-03
1.1312580e-03
-2.8858810e-03
-4.4594190e-03
-5.0962640e-03
-5.4887930e-03
-6.9945120e-03
-1.0751480e-02
-1.5608350e-02
-1.4900580e-02
-5.0978280e-03
8.9886370e-03
2.0908940e-02
2.7275080e-02
2.9597530e-02
2.6466300e-02
1.6192850e-02
4.7822780e-03
-5.4280670e-03
-1.7366820e-02
-3.1353550e-02
-4.0796920e-02
-3.5405870e-02
-1.4161930e-02
9.9870630e-03
2.1913650e-02
1.8901520e-02
1.1316300e-02
7.9258830e-03
9.3078040e-03
1.1058110e-02
8.5296430e-03
4.2953790e-03
3.9883250e-03
3.9855240e-03
1.2933410e-04
-1.8648310e-03
8.8465490e-04
1.5284520e-03
-3.4380990e-03
-6.4662430e-03
2.0477340e-03
1.7742050e-02
2.5403350e-02
1.8035560e-02
1.6407620e-03
-1.6720650e-02
-3.2480520e-02
-3.8939820e-02
-3.1487320e-02
-1.3844210e-02
-8.8593760e-04
-3.1755030e-04
-8.7325580e-04
7.5485650e-03
1.6990740e-02
1.3647040e-02
-1.7858930e-03
-1.0966650e-02
-2.5504560e-03
1.2100610e-02
1.4332990e-02
3.3307990e-03
-9.2157530e-03
-1.6787840e-02
-2.1740210e-02
-2.5826940e-02
-2.0774890e-02
-9.8772740e-04
2.2464560e-02
3.2180580e-02
2.3626420e-02
6.3686460e-03
-7.6888750e-03
-1.4636850e-02
-1.8723660e-02
-2.1826060e-02
-2.0794730e-02
-1.4775120e-02
-5.0234670e-03
5.3979200e-03
1.1164160e-02
9.1213450e-03
-6.3856690e-04
-1.5036660e-02
-2.8757960e-02
-4.1278870e-02
-5.2821060e-02
-5.6729820e-02
-4.6327770e-02
-1.7173380e-02
2.7792180e-02
7.8475480e-02
1.2087900e-01
1.4462680e-01
1.4744220e-01
1.3334190e-01
1.0918990e-01
7.7964000e-02
3.8060940e-02
-7.2201830e-03
-4.9755730e-02
-8.0969770e-02
-9.5059610e-02
-9.1055820e-02
-7.3154550e-02
-5.2418150e-02
-3.3340030e-02
-1.6801280e-02
-7.4107620e-03
-9.3282460e-03
-1.7217520e-02
-1.9855020e-02
-1.7187930e-02
-1.5714470e-02
-1.4572780e-02
-5.2250880e-03
1.5979790e-02
3.9986590e-02
5.5796190e-02
6.0120640e-02
5.4986310e-02
4.0849800e-02
1.6813610e-02
-9.8985920e-03
-2.6481780e-02
-2.7638700e-02
-1.7352930e-02
-4.2672190e-03
5.5305440e-03
1.0092730e-02
1.0036920e-02
6.4295660e-03
-2.1849090e-03
-1.1088630e-02
-7.9813500e-03
1.0463040e-02
3.0200470e-02
3.3989120e-02
1.8199770e-02
-8.7385860e-03
-3.8057600e-02
-6.4317840e-02
-8.1643440e-02
-8.6175940e-02
-7.7399630e-02
-5.5656560e-02
-2.1901570e-02
1.8541610e-02
5.1414180e-02
6.5340350e-02
5.4678670e-02
2.5158360e-02
-7.2839450e-03
-2.8284270e-02
-2.9181690e-02
-8.9782890e-03
2.5578550e-02
6.0935160e-02
7.9811030e-02
7.2488660e-02
4.0457650e-02
-5.8461400e-03
-4.6377130e-02
-6.7071990e-02
-7.0674330e-02
-6.4523970e-02
-4.4662970e-02
-1.1107660e-02
2.2595690e-02
4.4953730e-02
5.3301190e-02
4.8577640e-02
3.2896960e-02
1.0891190e-02
-1.0452940e-02
-2.8599810e-02
-4.5788160e-02
-6.3116970e-02
-7.5618750e-02
-7.5880380e-02
-5.9336140e-02
-2.8570540e-02
7.3109740e-03
4.1416470e-02
6.8889130e-02
8.6369250e-02
9.3519340e-02
9.1059620e-02
8.3150190e-02
7.4900040e-02
6.5395930e-02
4.9883010e-02
2.7629740e-02
1.4266480e-03
-2.4185440e-02
-4.3918680e-02
-5.3590860e-02
-5.0672380e-02
-3.7261810e-02
-1.8695790e-02
-1.5204060e-03
6.0178650e-03
2.4046600e-03
-5.8580840e-03
-1.2108720e-02
-1.2329700e-02
-5.4706230e-03
5.5029870e-03
1.7432980e-02
2.6250890e-02
2.5002380e-02
9.9015040e-03
-1.3638530e-02
-3.5019860e-02
-4.8995400e-02
-5.6282860e-02
-5.8200910e-02
-5.6648800e-02
-5.4913220e-02
-5.7236460e-02
-6.3173780e-02
-7.0493840e-02
-7.6336030e-02
-7.7806340e-02
-7.6011470e-02
-7.3047040e-02
-6.8850090e-02
-6.2025560e-02
-5.2780670e-02
-4.2500300e-02
-3.5000320e-02
-3.1992500e-02
-3.1531140e-02
-3.0113880e-02
-2.7611940e-02
-2.1737920e-02
-6.8539530e-03
1.9531290e-02
5.2458020e-02
8.5556160e-02
1.1480010e-01
1.3799400e-01
1.5455840e-01
1.6249580e-01
1.6042840e-01
1.5010100e-01
1.3610680e-01
1.2176640e-01
1.0868090e-01
9.7567660e-02
8.6074880e-02
6.9827820e-02
4.4845770e-02
1.1870930e-02
-2.5689510e-02
-6.6109280e-02
-1.0554410e-01
-1.3953730e-01
-1.6394050e-01
-1.7339270e-01
-1.6196030e-01
-1.2828920e-01
-7.7163890e-02
-1.9059410e-02
3.2528450e-02
6.9023960e-02
9.3339230e-02
1.1185960e-01
1.2643880e-01
1.3559170e-01
1.3813600e-01
1.3371530e-01
1.2211560e-01
1.0186950e-01
7.0384000e-02
2.6737970e-02
-2.9436250e-02
-9.2296690e-02
-1.5021700e-01
-1.8928020e-01
-2.0394550e-01
-2.0396880e-01
-2.0202220e-01
-2.0108240e-01
-1.9498070e-01
-1.7900930e-01
-1.5081600e-01
-1.0862440e-01
-5.2649280e-02
1.4434540e-02
8.8536710e-02
1.5928460e-01
2.0629280e-01
2.2418160e-01
2.2008430e-01
1.9894520e-01
1.6010300e-01
1.1277470e-01
7.1486530e-02
4.2891570e-02
2.0891130e-02
3.3216280e-03
-1.8546990e-03
5.6618530e-03
1.0787560e-02
4.3877970e-03
-9.9014790e-03
-2.6830150e-02
-4.1615590e-02
-5.3964240e-02
-6.4633220e-02
-7.3047510e-02
-7.7317180e-02
-7.5179900e-02
-6.6486710e-02
-5.2764990e-02
-3.5484430e-02
-2.1651130e-02
-1.8715170e-02
-2.6537860e-02
-3.9822830e-02
-5.0754800e-02
-5.4319100e-02
-5.2565750e-02
-4.9424990e-02
-4.5853020e-02
-4.2309650e-02
-3.8527880e-02
-3.3957850e-02
-2.9076770e-02
-2.5641950e-02
-2.8254150e-02
-3.9815260e-02
-5.6830560e-02
-7.5088300e-02
-9.1870380e-02
-1.0669210e-01
-1.1954890e-01
-1.2923940e-01
-1.3276170e-01
-1.2637370e-01
-1.0606090e-01
-7.3680890e-02
-3.5675490e-02
-2.5199420e-03
1.9954340e-02
3.3426150e-02
4.1176480e-02
4.4593580e-02
4.3009280e-02
3.6584810e-02
2.5713060e-02
1.3929630e-02
3.9262280e-03
-4.2261120e-03
-1.0468890e-02
-1.4120640e-02
-1.3409850e-02
-6.7253630e-03
5.7227780e-03
2.2960780e-02
4.3166990e-02
6.2536480e-02
7.9715650e-02
9.3297030e-02
1.0120170e-01
1.0258100e-01
9.8629880e-02
9.3151550e-02
8.9295500e-02
8.8922450e-02
9.2093800e-02
9.7626860e-02
1.0371110e-01
1.0588200e-01
9.9550390e-02
8.3313460e-02
6.0761200e-02
3.8312270e-02
1.9524290e-02
5.8759600e-03
-2.1144280e-03
-6.9339400e-03
-9.3051310e-03
-1.0832680e-02
-1.0107890e-02
-5.0398020e-03
5.9249510e-03
2.0427010e-02
3.3458660e-02
4.3630850e-02
4.9679700e-02
5.0671960e-02
4.4483030e-02
2.9851450e-02
8.6845170e-03
-1.3425830e-02
-2.7710760e-02
-2.9522670e-02
-2.2906580e-02
-1.4523440e-02
-7.1344090e-03
1.6699810e-03
1.5078820e-02
3.0448520e-02
4.1913620e-02
4.4802240e-02
3.8097390e-02
2.5203660e-02
1.2941150e-02
6.2670050e-03
3.8541760e-03
4.3227320e-03
5.3444060e-03
5.4436960e-03
4.3510610e-03
1.4869200e-04
-9.4221590e-03
-2.6273310e-02
-4.6384360e-02
-6.6288720e-02
-8.3426920e-02
-9.6972700e-02
-1.0723720e-01
-1.1361790e-01
-1.1520890e-01
-1.1214420e-01
-1.0550180e-01
-9.6134900e-02
-8.5340310e-02
-7.6317340e-02
-7.0731220e-02
-6.7968190e-02
-6.5489330e-02
-6.0242740e-02
-4.9592690e-02
-3.1953470e-02
-8.3552980e-03
1.9453430e-02
4.8347930e-02
7.4278410e-02
9.1694050e-02
9.4819880e-02
8.2446220e-02
5.7095630e-02
2.6630630e-02
-9.2672080e-04
-2.3285870e-02
-3.7678850e-02
-4.1194030e-02
-3.2431880e-02
-1.2450170e-02
1.3184460e-02
3.6601040e-02
5.3483790e-02
6.3531800e-02
6.5422630e-02
5.7659550e-02
4.2453530e-02
2.6587440e-02
1.5772780e-02
1.1000920e-02
1.0835480e-02
1.3285530e-02
1.8216110e-02
2.5359990e-02
3.4127610e-02
4.2695780e-02
4.9492740e-02
5.3092510e-02
5.1981530e-02
4.6436750e-02
3.8820490e-02
3.1488040e-02
2.4230870e-02
1.7840680e-02
1.2121740e-02
7.1212280e-03
5.9469520e-03
1.0557510e-02
1.6834070e-02
2.0666980e-02
1.8135110e-02
8.9890250e-03
-2.3998570e-03
-1.1397270e-02
-1.6287660e-02
-1.7726550e-02
-1.7354070e-02
-1.3915040e-02
-4.5697070e-03
8.8669700e-03
2.0053420e-02
2.4736830e-02
2.4081860e-02
1.8660320e-02
1.0252930e-02
1.5588920e-03
-2.5415150e-03
2.7402640e-03
1.9504320e-02
4.4520270e-02
7.2613220e-02
1.0012520e-01
1.2345030e-01
1.4148440e-01
1.5575050e-01
1.6685010e-01
1.7477950e-01
1.7730590e-01
1.7172350e-01
1.5199150e-01
1.1284940e-01
5.9809340e-02
8.4800720e-03
-3.4212490e-02
-6.8098970e-02
-9.0377300e-02
-1.0054670e-01
-1.0336350e-01
-1.0500340e-01
-1.0728810e-01
-1.1156840e-01
-1.2001270e-01
-1.3166540e-01
-1.4467090e-01
-1.5734520e-01
-1.6773810e-01
-1.7312010e-01
-1.7080180e-01
-1.5939610e-01
-1.3996450e-01
-1.1890890e-01
-9.9388930e-02
-8.0295670e-02
-6.0410570e-02
-3.9865880e-02
-1.8868400e-02
1.1423160e-03
1.7467710e-02
3.1143980e-02
4.3401990e-02
5.5075500e-02
6.5292000e-02
7.2194450e-02
7.5788070e-02
7.7234130e-02
7.6659920e-02
7.1579980e-02
6.1776540e-02
5.0536190e-02
3.9347250e-02
2.9899760e-02
2.2432160e-02
1.7229270e-02
1.0927460e-02
2.6788340e-03
-4.3995760e-03
-9.9066290e-03
-1.3640870e-02
-1.2131630e-02
-3.8768870e-03
9.9418820e-03
2.6713250e-02
4.2928280e-02
5.3704000e-02
5.5518440e-02
4.9655820e-02
3.8954070e-02
2.5368980e-02
1.2252860e-02
2.8321450e-03
-1.7601870e-03
-1.4316420e-03
1.7843670e-03
4.6168150e-03
5.3410040e-03
6.1998780e-03
8.1377240e-03
1.0223960e-02
1.0911410e-02
9.6028530e-03
5.2240150e-03
-2.1740750e-03
-1.2917840e-02
-2.5825560e-02
-3.7887730e-02
-4.6566160e-02
-5.1317480e-02
-5.0907730e-02
-4.5982060e-02
-3.9112130e-02
-3.1291790e-02
-2.2224900e-02
-1.3611180e-02
-7.1266290e-03
-4.0333480e-03
-5.2643830e-03
-9.1764540e-03
-1.3643410e-02
-1.5306990e-02
-1.3298570e-02
-6.1914760e-03
4.4344460e-03
1.5392970e-02
2.4696130e-02
3.1163440e-02
3.4624080e-02
3.5671650e-02
3.3647870e-02
2.8028540e-02
1.8084630e-02
6.0284480e-03
-4.6723010e-03
-1.3663540e-02
-2.3149500e-02
-3.1187430e-02
-3.6952000e-02
-4.0349560e-02
-4.1022710e-02
-3.8824160e-02
-3.3672720e-02
-2.6702900e-02
-1.8522210e-02
-1.0932330e-02
-6.2253800e-03
-3.8625140e-03
-3.3395830e-03
-5.7103230e-03
-1.1995800e-02
-2.0901870e-02
-2.8459080e-02
-3.2045130e-02
-3.1257410e-02
-2.6445340e-02
-1.8444240e-02
-9.5082540e-03
-2.0709060e-03
1.7091080e-03
1.0454600e-03
-2.3592900e-03
-7.4534040e-03
-1.4319970e-02
-2.1579590e-02
-2.7601940e-02
-3.2571430e-02
-3.4887480e-02
-3.4829550e-02
-3.2842960e-02
-2.8056930e-02
-2.1991780e-02
-1.5664720e-02
-7.5157880e-03
1.6305000e-03
9.6456400e-03
1.5266170e-02
1.7057970e-02
1.4965840e-02
1.1048850e-02
8.8786180e-03
8.9722200e-03
9.3895890e-03
1.0471150e-02
1.2297570e-02
1.3924800e-02
1.1956900e-02
5.9094810e-03
-2.5102600e-03
-1.1746640e-02
-2.0928500e-02
-2.8602950e-02
-3.4394020e-02
-3.8480210e-02
-3.9376240e-02
-3.5987730e-02
-2.8041850e-02
-1.5796830e-02
-7.3301820e-04
1.5717820e-02
3.2132000e-02
4.6202600e-02
5.6935130e-02
6.3989230e-02
6.6393440e-02
6.3427900e-02
5.7229050e-02
4.8878860e-02
3.8507570e-02
2.7154130e-02
1.6723110e-02
9.1718950e-03
6.1730380e-03
5.3239770e-03
3.9989700e-03
1.5717930e-03
-2.7514550e-03
-8.4038610e-03
-1.3954270e-02
-1.8849900e-02
-2.1277500e-02
-1.9230530e-02
-1.3282410e-02
-5.0443380e-03
4.3598610e-03
1.3389450e-02
2.0102350e-02
2.3210750e-02
2.3658490e-02
2.3835240e-02
2.4313430e-02
2.3948550e-02
2.1358070e-02
1.7296010e-02
1.1620870e-02
3.2123760e-03
-8.2818330e-03
-2.1561050e-02
-3.2806610e-02
-3.8721030e-02
-3.9466540e-02
-3.6327590e-02
-2.9289790e-02
-2.0704800e-02
-1.4680360e-02
-1.4035130e-02
-1.8621250e-02
-2.7125490e-02
-3.8357930e-02
-5.0163510e-02
-6.1273780e-02
-7.0085350e-02
-7.3980180e-02
-7.3955300e-02
-7.2127830e-02
-6.9809950e-02
-6.6422690e-02
-6.1289250e-02
-5.3074380e-02
-4.0754440e-02
-2.6185400e-02
-1.0040880e-02
6.3622460e-03
2.1812990e-02
3.5142960e-02
4.6749070e-02
5.8537250e-02
7.1680600e-02
8.4273820e-02
9.5204900e-02
1.0333250e-01
1.0840010e-01
1.1035060e-01
1.1066940e-01
1.0923730e-01
1.0568020e-01
1.0141540e-01
9.6095910e-02
8.8012970e-02
7.6035900e-02
5.9769990e-02
4.0352700e-02
1.9654810e-02
-2.1710830e-03
-2.2155370e-02
-3.9278610e-02
-5.5133050e-02
-6.8014950e-02
-7.6194740e-02
-7.9525030e-02
-7.9297630e-02
-7.6278670e-02
-7.0020700e-02
-5.9803410e-02
-4.7961130e-02
-3.6739830e-02
-2.8289180e-02
-2.4043570e-02
-2.4668190e-02
-2.8387440e-02
-3.3783800e-02
-3.9019060e-02
-4.2880060e-02
-4.4813980e-02
-4.2650120e-02
-3.7647680e-02
-3.0830480e-02
-2.2978370e-02
-1.5172640e-02
-7.6122210e-03
-9.6526540e-05
6.9424940e-03
1.4209560e-02
2.0767540e-02
2.5724010e-02
3.0449280e-02
3.6184240e-02
4.1493350e-02
4.7160300e-02
5.4469770e-02
6.2543390e-02
7.0900160e-02
7.8358760e-02
8.4021050e-02
8.5189880e-02
8.0938450e-02
7.2082580e-02
6.1250220e-02
5.0676350e-02
4.2469570e-02
3.8535620e-02
3.9479900e-02
4.4330420e-02
5.0990950e-02
5.8925010e-02
6.6684330e-02
7.1451160e-02
7.3535400e-02
7.3954380e-02
7.2745290e-02
6.9154140e-02
6.2147950e-02
5.1083500e-02
3.7116970e-02
2.0633590e-02
2.0058490e-03
-1.7117440e-02
-3.5808740e-02
-5.3825730e-02
-7.0988740e-02
-8.6494620e-02
-9.8893550e-02
-1.0812330e-01
-1.1437050e-01
-1.1701110e-01
-1.1505680e-01
-1.0694140e-01
-9.2637240e-02
-7.5275440e-02
-5.8070650e-02
-4.2254100e-02
-2.8324090e-02
-1.5017760e-02
-3.2789560e-03
6.6619630e-03
1.7261690e-02
2.8236420e-02
3.8319450e-02
4.7609450e-02
5.4793510e-02
5.9213960e-02
6.0650660e-02
5.8110810e-02
5.3966700e-02
5.0130700e-02
4.7193330e-02
4.4445740e-02
4.1859850e-02
3.9482950e-02
3.5040140e-02
2.8897220e-02
2.1300730e-02
1.1368200e-02
-1.6991930e-04
-1.1838800e-02
-2.3760050e-02
-3.5942660e-02
-4.6830670e-02
-5.4400390e-02
-5.8535310e-02
-5.9592170e-02
-5.9456090e-02
-5.8922260e-02
-5.7792970e-02
-5.6956530e-02
-5.6994450e-02
-5.6855330e-02
-5.3827870e-02
-4.7178220e-02
-3.8419330e-02
-2.8893070e-02
-1.8208940e-02
-7.5356860e-03
9.1602140e-04
5.9154620e-03
6.7608790e-03
3.0263770e-03
-4.1632080e-03
-1.0714670e-02
-1.4448000e-02
-1.6063510e-02
-1.5504720e-02
-1.3619130e-02
-1.1352080e-02
-8.6469270e-03
-5.3906540e-03
-1.5735130e-03
3.2752070e-03
7.0234740e-03
7.8281290e-03
3.9788550e-03
-3.5550960e-03
-1.3507650e-02
-2.2330200e-02
-2.9931130e-02
-3.7694430e-02
-4.4995780e-02
-5.0888240e-02
-5.4963240e-02
-5.6593790e-02
-5.6623150e-02
-5.6623580e-02
-5.7962050e-02
-6.0348620e-02
-6.2507280e-02
-6.4906850e-02
-6.7418080e-02
-6.7794400e-02
-6.5047330e-02
-6.0408420e-02
-5.4174300e-02
-4.6126690e-02
-3.6555000e-02
-2.5545890e-02
-1.3296730e-02
-1.9397550e-04
1.2002120e-02
2.2702010e-02
3.2835270e-02
4.3600600e-02
5.4232550e-02
6.3285750e-02
6.9898260e-02
7.3679760e-02
7.5135270e-02
7.3858060e-02
7.0824730e-02
6.7047350e-02
6.3084730e-02
5.9062140e-02
5.5802390e-02
5.2164850e-02
4.8024290e-02
4.3353610e-02
3.7798140e-02
3.0826350e-02
2.2711330e-02
1.4458590e-02
6.5867580e-03
-1.9010680e-04
-5.1509640e-03
-8.2925230e-03
-8.9647010e-03
-6.2707920e-03
-9.8886960e-04
5.1809900e-03
1.2293720e-02
1.9360770e-02
2.6072450e-02
3.2717250e-02
3.8589620e-02
4.3083990e-02
4.6383580e-02
4.8668880e-02
4.9775140e-02
5.0580670e-02
5.0337970e-02
4.9728600e-02
4.8415540e-02
4.6165890e-02
4.3041190e-02
3.9859540e-02
3.7016600e-02
3.5428650e-02
3.5295400e-02
3.5706280e-02
3.7527590e-02
4.0809750e-02
4.3548270e-02
4.4190700e-02
4.3474260e-02
4.1333510e-02
3.7201690e-02
3.1544830e-02
2.6865830e-02
2.3933440e-02
2.1723170e-02
1.9714590e-02
1.7848610e-02
1.5471380e-02
1.1351730e-02
5.6480560e-03
-2.9413400e-04
-5.9914820e-03
-1.2824350e-02
-2.0558080e-02
-2.8376490e-02
-3.5645800e-02
-4.2819350e-02
-4.9107480e-02
-5.4532560e-02
-5.8771480e-02
-6.2881470e-02
-6.5249320e-02
-6.5395000e-02
-6.5276770e-02
-6.5946240e-02
-6.5944420e-02
-6.6065610e-02
-6.7346430e-02
-6.9640140e-02
-7.3064680e-02
-7.7739640e-02
-8.2204910e-02
-8.4877940e-02
-8.5404490e-02
-8.5017880e-02
-8.2841780e-02
-7.7184840e-02
-6.9167190e-02
-6.0313950e-02
-5.2185920e-02
-4.6073440e-02
-4.2726070e-02
-4.2115360e-02
-4.2509650e-02
-4.3618590e-02
-4.3824840e-02
-4.1977620e-02
-3.8284660e-02
-3.2547370e-02
-2.4896480e-02
-1.5959880e-02
-5.8937830e-03
4.7236730e-03
1.5298400e-02
2.6239820e-02
3.6447100e-02
4.3933710e-02
4.9401170e-02
5.2382610e-02
5.1684310e-02
4.7003620e-02
4.0235220e-02
3.4357180e-02
3.1170430e-02
3.1507820e-02
3.4601540e-02
3.9662000e-02
4.5328790e-02
5.0075240e-02
5.2512940e-02
5.1859820e-02
4.9965810e-02
4.8376320e-02
4.5339130e-02
4.1238000e-02
3.7856020e-02
3.5813680e-02
3.3721050e-02
3.0203880e-02
2.5698100e-02
1.9804310e-02
1.2750030e-02
5.0528700e-03
-4.1967770e-03
-1.5932030e-02
-2.7254480e-02
-3.6762810e-02
-4.4175670e-02
-4.9275660e-02
-5.0912890e-02
-4.9543740e-02
-4.6642610e-02
-4.2669220e-02
-3.7996450e-02
-3.2762820e-02
-2.7050620e-02
-2.0972000e-02
-1.4815630e-02
-9.6486720e-03
-5.2206950e-03
-3.3746320e-04
4.0435330e-03
8.1608760e-03
1.1766470e-02
1.5319350e-02
1.9417710e-02
2.3909380e-02
2.9049220e-02
3.4827230e-02
4.1358170e-02
4.7708140e-02
5.2791920e-02
5.7008930e-02
6.0147590e-02
6.1336370e-02
6.0203130e-02
5.7853300e-02
5.5887210e-02
5.5633360e-02
5.6571550e-02
5.5524350e-02
5.3158560e-02
5.1646230e-02
4.9542320e-02
4.6124200e-02
4.2384530e-02
3.9294170e-02
3.5992440e-02
3.2222390e-02
2.7519150e-02
2.1853250e-02
1.5984130e-02
1.0200140e-02
3.2798790e-03
-6.5751940e-03
-1.8469760e-02
-2.9921630e-02
-4.0739620e-02
-5.0819980e-02
-5.8671570e-02
-6.4364680e-02
-6.8301450e-02
-7.0598540e-02
-7.2088280e-02
-7.3382780e-02
-7.3792260e-02
-7.3602880e-02
-7.2485970e-02
-7.0212250e-02
-6.6126460e-02
-6.0357790e-02
-5.2564340e-02
-4.2824430e-02
-3.2806330e-02
-2.2675260e-02
-1.3252930e-02
-4.6243370e-03
3.4811860e-03
1.0424800e-02
1.6163170e-02
2.1058920e-02
2.5464930e-02
2.9099170e-02
3.2277430e-02
3.4887330e-02
3.7201180e-02
3.7697050e-02
3.5984830e-02
3.4064770e-02
3.1998780e-02
2.8286330e-02
2.4072920e-02
2.0551860e-02
1.6397560e-02
1.1846330e-02
7.0663860e-03
1.7884600e-03
-3.9398790e-03
-9.3100140e-03
-1.3461980e-02
-1.8035740e-02
-2.2247800e-02
-2.4543120e-02
-2.5229040e-02
-2.6573360e-02
-2.7654760e-02
-2.7420000e-02
-2.5706320e-02
-2.4460450e-02
-2.3215020e-02
-2.1470900e-02
-1.9408100e-02
-1.7294460e-02
-1.4107520e-02
-9.5723810e-03
-4.2642400e-03
2.0591290e-03
8.5159230e-03
1.4375240e-02
1.9665800e-02
2.3823470e-02
2.6530060e-02
2.7173660e-02
2.6971430e-02
2.6946320e-02
2.7070480e-02
2.7187570e-02
2.8513480e-02
3.0909200e-02
3.3639270e-02
3.6049640e-02
3.8036590e-02
3.8683450e-02
3.8120660e-02
3.5932410e-02
3.2903380e-02
2.9207810e-02
2.5336690e-02
2.0364750e-02
1.4297700e-02
7.0031240e-03
6.2085810e-05
-5.7595940e-03
-1.2087700e-02
-1.8648410e-02
-2.3301120e-02
-2.6563660e-02
-2.9237890e-02
-3.1727350e-02
-3.4119560e-02
-3.7088780e-02
-4.0256130e-02
-4.1997700e-02
-4.2845280e-02
-4.4229960e-02
-4.4971450e-02
-4.4904530e-02
-4.4751560e-02
-4.4792030e-02
-4.4855360e-02
-4.4879070e-02
-4.6008180e-02
-4.7930300e-02
-4.9989140e-02
-5.1907650e-02
-5.3288030e-02
-5.3528180e-02
-5.3363970e-02
-5.2887130e-02
-4.9626150e-02
-4.3803720e-02
-3.6704390e-02
-2.8227610e-02
-1.8968030e-02
-9.4292320e-03
-1.0335400e-04
8.6242440e-03
1.6332020e-02
2.2721020e-02
2.9150230e-02
3.5371930e-02
4.0966000e-02
4.6170000e-02
5.1345450e-02
5.6021390e-02
5.9194920e-02
6.1059450e-02
6.1418100e-02
5.9699790e-02
5.5360190e-02
4.8867280e-02
4.1093510e-02
3.2425890e-02
2.3324600e-02
1.3307620e-02
3.4087070e-03
-5.0485420e-03
-1.2914700e-02
-2.0812560e-02
-2.7932560e-02
-3.4332720e-02
-4.0144390e-02
-4.4000730e-02
-4.5620530e-02
-4.7615020e-02
-4.9979540e-02
-5.0816300e-02
-5.0562110e-02
-5.0410560e-02
-5.0534080e-02
-5.0593980e-02
-4.9833780e-02
-4.6971250e-02
-4.2272130e-02
-3.5517220e-02
-2.7117890e-02
-1.7640870e-02
-8.8021290e-03
-9.2364840e-04
6.4558560e-03
1.3155360e-02
1.9044160e-02
2.4707520e-02
3.0969800e-02
3.7752740e-02
4.5081180e-02
5.2713520e-02
6.0197940e-02
6.6363570e-02
7.0836670e-02
7.3327600e-02
7.5115530e-02
7.4967930e-02
7.2377130e-02
7.0176300e-02
6.8983550e-02
6.7823850e-02
6.7358050e-02
6.7420860e-02
6.7499470e-02
6.7463840e-02
6.7431720e-02
6.7422460e-02
6.6400640e-02
6.4470070e-02
6.2059450e-02
5.9256970e-02
5.5995480e-02
5.2102860e-02
4.7935440e-02
4.3733360e-02
3.8813910e-02
3.4444250e-02
3.0745580e-02
2.5427950e-02
2.0547080e-02
1.7217460e-02
1.4926330e-02
1.2985410e-02
1.0956080e-02
9.6546380e-03
8.1061230e-03
6.1607420e-03
3.5558440e-03
1.3102550e-03
-1.1302650e-03
-4.2401470e-03
-7.3266960e-03
-9.8146640e-03
-1.2018930e-02
-1.3970810e-02
-1.6358860e-02
-1.9189630e-02
-2.2083070e-02
-2.4937270e-02
-2.7788530e-02
-3.0638380e-02
-3.2872310e-02
-3.4462640e-02
-3.5747290e-02
-3.6124430e-02
-3.6014600e-02
-3.5965990e-02
-3.6022290e-02
-3.6189260e-02
-3.7691600e-02
-4.0071960e-02
-4.2468710e-02
-4.5442990e-02
-4.9187490e-02
-5.3809680e-02
-5.7668120e-02
-5.9713170e-02
-6.1583270e-02
-6.3735230e-02
-6.4836540e-02
-6.4831650e-02
-6.5289150e-02
-6.5459180e-02
-6.5304050e-02
-6.5201690e-02
-6.5796870e-02
-6.5564210e-02
-6.4783110e-02
-6.4552100e-02
-6.4362070e-02
-6.2864070e-02
-6.0686480e-02
-5.8109270e-02
-5.5622390e-02
-5.2319910e-02
-4.7351430e-02
-4.1479160e-02
-3.5682910e-02
-3.0030820e-02
-2.4364200e-02
-1.9253380e-02
-1.4187490e-02
-8.6006800e-03
-3.3803430e-03
1.6307780e-03
6.5611600e-03
1.1674660e-02
1.6631660e-02
2.1091850e-02
2.5966630e-02
3.0970670e-02
3.5474740e-02
4.0387060e-02
4.5815260e-02
5.0559080e-02
5.4089780e-02
5.7286230e-02
6.0408460e-02
6.3284670e-02
6.4787730e-02
6.5754920e-02
6.7143460e-02
6.8324220e-02
6.9846720e-02
7.0537730e-02
7.0796700e-02
7.1870690e-02
7.1562600e-02
7.0414950e-02
6.8852010e-02
6.7104560e-02
6.4688290e-02
6.1742540e-02
5.8795170e-02
5.6140310e-02
5.3451040e-02
5.0754250e-02
4.8054410e-02
4.4508970e-02
4.1140290e-02
3.9097250e-02
3.8323390e-02
3.6820630e-02
3.5786720e-02
3.4628210e-02
3.3303550e-02
3.1720750e-02
2.9149280e-02
2.6910830e-02
2.4699930e-02
2.1931910e-02
1.8911850e-02
1.6003050e-02
1.3211290e-02
1.0359290e-02
7.4204960e-03
4.1328430e-03
9.3514910e-04
-2.3090790e-03
-4.6649950e-03
-6.9105400e-03
-9.2940120e-03
-1.1415230e-02
-1.3974720e-02
-1.6146380e-02
-1.8048070e-02
-1.9962150e-02
-2.2603600e-02
-2.5617620e-02
-2.8506930e-02
-3.1295190e-02
-3.4558960e-02
-3.8394160e-02
-4.2567080e-02
-4.6971260e-02
-5.1223100e-02
-5.3871220e-02
-5.5744470e-02
-5.7907480e-02
-6.0036340e-02
-6.1602140e-02
-6.2877390e-02
-6.4240680e-02
-6.4678400e-02
-6.4532630e-02
-6.4457340e-02
-6.4208860e-02
-6.2679380e-02
-6.1591610e-02
-6.1578710e-02
-6.0739330e-02
-5.8043510e-02
-5.4803910e-02
-5.1222960e-02
-4.7075750e-02
-4.2554680e-02
-3.7743780e-02
-3.3237390e-02
-2.9015290e-02
-2.4880960e-02
-2.0985700e-02
-1.7305900e-02
-1.4097690e-02
-1.0949650e-02
-8.4483900e-03
-7.0385680e-03
-6.1093840e-03
-5.1730800e-03
-4.4112320e-03
-4.9352550e-03
-5.9331700e-03
-6.4813150e-03
-6.7849750e-03
-6.2222490e-03
-5.5502990e-03
-5.3910730e-03
-4.8204310e-03
-4.1812860e-03
-4.0585980e-03
-4.1704220e-03
-4.0466060e-03
-2.5437430e-03
-1.1886040e-03
-1.0696020e-03
-1.1844840e-03
2.7487420e-04
2.2872010e-03
4.0626370e-03
4.5815270e-03
4.7730550e-03
6.2858360e-03
8.4506130e-03
1.0667930e-02
1.3217860e-02
1.5844700e-02
1.8115090e-02
2.0355530e-02
2.1757780e-02
2.1897080e-02
2.1711650e-02
2.1735740e-02
2.1825680e-02
2.1827050e-02
2.1794770e-02
2.2118980e-02
2.3634300e-02
2.4835150e-02
2.5839270e-02
2.7137600e-02
2.7647660e-02
2.7534930e-02
2.7519260e-02
2.8681620e-02
3.0235030e-02
3.0630010e-02
3.0388740e-02
3.0392430e-02
3.1278750e-02
3.2717680e-02
3.3719940e-02
3.3763730e-02
3.3341040e-02
3.3242820e-02
3.2628650e-02
3.0899600e-02
2.9070320e-02
2.7309260e-02
2.5449600e-02
2.3421830e-02
2.0844950e-02
1.8620880e-02
1.6813070e-02
1.5317910e-02
1.3255240e-02
1.1082790e-02
1.0206060e-02
1.0340090e-02
1.0022750e-02
8.2853610e-03
6.1321400e-03
4.5386850e-03
2.7866870e-03
6.3124440e-05
-2.8818740e-03
-4.9232240e-03
-6.4902810e-03
-7.0136740e-03
-7.6316320e-03
-9.2066120e-03
-1.0249270e-02
-1.0656310e-02
-1.1741290e-02
-1.2661680e-02
-1.3477190e-02
-1.5062050e-02
-1.6844170e-02
-1.8943220e-02
-2.1309660e-02
-2.3486950e-02
-2.5400190e-02
-2.6810240e-02
-2.7200560e-02
-2.7873520e-02
-2.9195260e-02
-2.9937700e-02
-2.9881470e-02
-2.9737580e-02
-2.9782100e-02
-2.9844640e-02
-2.9831640e-02
-2.9804450e-02
-2.9693180e-02
-2.8524190e-02
-2.6567290e-02
-2.4538360e-02
-2.2553330e-02
-1.9950350e-02
-1.7079840e-02
-1.4914300e-02
-1.2692430e-02
-1.0290540e-02
-8.2307930e-03
-6.7715400e-03
-5.0481410e-03
-3.8276070e-03
-2.4221540e-03
4.7520520e-05
2.3586070e-03
4.0784080e-03
4.7881940e-03
5.6355580e-03
7.0868600e-03
8.9760350e-03
1.0897610e-02
1.3230580e-02
1.5524670e-02
1.7200390e-02
1.8681780e-02
1.9158270e-02
1.9154200e-02
2.0296470e-02
2.1922210e-02
2.3143740e-02
2.4288160e-02
2.5412770e-02
2.6981870e-02
2.7778250e-02
2.7791250e-02
2.8757010e-02
3.0321760e-02
3.0798810e-02
3.0984980e-02
3.2525290e-02
3.4719240e-02
3.6583290e-02
3.7697310e-02
3.8572540e-02
3.8798650e-02
3.7696200e-02
3.6405670e-02
3.5709400e-02
3.4397260e-02
3.2719960e-02
3.0542470e-02
2.8015550e-02
2.4920760e-02
2.1547070e-02
1.8069380e-02
1.4595100e-02
1.1512710e-02
8.3848350e-03
5.1195290e-03
2.1307760e-03
-9.5484560e-04
-4.5056890e-03
-7.0948020e-03
-8.9058750e-03
-1.0991330e-02
-1.2760340e-02
-1.4048420e-02
-1.5101080e-02
-1.5468190e-02
-1.5732470e-02
-1.7187090e-02
-1.8422810e-02
-1.9414060e-02
-2.0457170e-02
-2.1392060e-02
-2.3598300e-02
-2.6030820e-02
-2.7048660e-02
-2.7235770e-02
-2.8548240e-02
-2.9754850e-02
-2.9916370e-02
-3.0637360e-02
-3.2189420e-02
-3.3157220e-02
-3.4121790e-02
-3.5194350e-02
-3.5594970e-02
-3.5783240e-02
-3.6177740e-02
-3.6386790e-02
-3.5787120e-02
-3.5384780e-02
-3.5012790e-02
-3.3545020e-02
-3.2057790e-02
-3.0331090e-02
-2.8003410e-02
-2.5500260e-02
-2.2810570e-02
-2.0022960e-02
-1.7855910e-02
-1.5647010e-02
-1.3178120e-02
-1.1085480e-02
-9.3244080e-03
-7.1821380e-03
-5.0908250e-03
-3.4867430e-03
-1.7927170e-03
-8.2803720e-04
-4.9139070e-05
1.9931130e-03
5.5954650e-03
8.8767570e-03
1.0906880e-02
1.2986580e-02
1.5842400e-02
1.8539930e-02
2.0487100e-02
2.1870020e-02
2.3277380e-02
2.4705990e-02
2.5468860e-02
2.5768990e-02
2.5233020e-02
2.4432920e-02
2.2913340e-02
2.1913090e-02
2.0820050e-02
1.9473370e-02
1.9022530e-02
1.9175780e-02
1.9258010e-02
1.9187020e-02
1.9148640e-02
1.9173800e-02
1.9192120e-02
1.9185550e-02
1.9179140e-02
1.9182270e-02
1.9182110e-02
1.8758640e-02
1.7841340e-02
1.6754180e-02
1.5697980e-02
1.4181580e-02
1.3380800e-02
1.2866970e-02
1.1396900e-02
1.0451640e-02
1.0026060e-02
8.9315360e-03
7.3631430e-03
5.8569220e-03
4.3631650e-03
2.6529380e-03
1.3137640e-03
-2.1705020e-04
-9.8744010e-04
-1.0920490e-03
-2.2758010e-03
-3.5458600e-03
-3.0055250e-03
-2.1835690e-03
-2.3137820e-03
-3.2154830e-03
-3.4914050e-03
-3.6473580e-03
-3.7604310e-03
-3.4251630e-03
-2.8858300e-03
-2.3663890e-03
-1.7417050e-03
-1.0385850e-03
-1.4976930e-03
-3.2043840e-03
-4.6299680e-03
-6.1755640e-03
-8.0336690e-03
-9.9697000e-03
-1.1896970e-02
-1.3469350e-02
-1.4770620e-02
-1.5764030e-02
-1.6999200e-02
-1.8074830e-02
-1.8732630e-02
-1.9817960e-02
-2.0991710e-02
-2.2140120e-02
-2.3373420e-02
-2.4068840e-02
-2.5236550e-02
-2.6600830e-02
-2.6964070e-02
-2.6771290e-02
-2.6815810e-02
-2.7646210e-02
-2.7950510e-02
-2.7465960e-02
-2.6841990e-02
-2.6707140e-02
-2.6354240e-02
-2.5075660e-02
-2.3446200e-02
-2.2317260e-02
-2.1467710e-02
-2.0544700e-02
-1.9211170e-02
-1.8155110e-02
-1.7439400e-02
-1.5436760e-02
-1.2389860e-02
-9.8189340e-03
-7.8643180e-03
-5.4582490e-03
-3.3077970e-03
-1.5347460e-03
-7.1625090e-04
8.9311040e-05
1.4052380e-03
2.5126960e-03
3.7610500e-03
5.2292920e-03
6.1227720e-03
7.2054540e-03
8.6720350e-03
1.0168830e-02
1.1528000e-02
1.2237080e-02
1.2581660e-02
1.2336400e-02
1.2097520e-02
1.2107700e-02
1.2166940e-02
1.2159070e-02
1.2134580e-02
1.2205420e-02
1.2917280e-02
1.3565520e-02
1.3627590e-02
1.3805560e-02
1.4302970e-02
1.5253750e-02
1.6272450e-02
1.6550740e-02
1.6426400e-02
1.6458850e-02
1.7222010e-02
1.7891550e-02
1.8310110e-02
1.9051130e-02
1.9424570e-02
1.9382080e-02
1.9308990e-02
1.9335360e-02
1.9367620e-02
1.9360720e-02
1.9348040e-02
1.9349930e-02
1.9281200e-02
1.8829670e-02
1.8186420e-02
1.7088490e-02
1.5979880e-02
1.4404260e-02
1.3413840e-02
1.2635700e-02
1.1386780e-02
1.0240620e-02
9.3404590e-03
8.5070400e-03
8.9111550e-03
9.2666710e-03
8.2193190e-03
7.1166610e-03
6.5686930e-03
5.9123820e-03
5.2699320e-03
4.8564800e-03
4.8933500e-03
5.7044140e-03
6.3910150e-03
6.5026440e-03
7.0732420e-03
7.7299200e-03
7.8517110e-03
7.3810950e-03
6.5426570e-03
6.1799510e-03
5.5849140e-03
4.9217200e-03
4.1031460e-03
3.1768910e-03
2.2565500e-03
1.6215030e-03
8.9592270e-04
2.1651500e-04
-9.6184170e-04
-2.4442900e-03
-3.9055600e-03
-5.0452730e-03
-6.0136610e-03
-6.6874190e-03
-7.4668480e-03
-8.0397490e-03
-7.7587470e-03
-6.4804290e-03
-4.8395940e-03
-3.0369480e-03
-2.1054400e-03
-1.0001520e-03
1.1777830e-03
3.0683650e-03
3.6626090e-03
3.5141030e-03
3.4571450e-03
3.4786560e-03
2.7631570e-03
2.0356380e-03
1.5937230e-03
8.0138990e-04
6.9314410e-05
1.5755760e-04
-8.9788190e-04
-2.9191030e-03
-3.9790210e-03
-4.5404350e-03
-5.7793890e-03
-7.4096630e-03
-8.8780010e-03
-1.0201600e-02
-1.1217890e-02
-1.2089830e-02
-1.2408220e-02
-1.2357720e-02
-1.2316240e-02
-1.2350460e-02
-1.2371470e-02
-1.2360440e-02
-1.2351400e-02
-1.2311240e-02
-1.1675150e-02
-1.0978060e-02
-1.0843620e-02
-1.0349000e-02
-9.5658420e-03
-9.3380320e-03
-9.4624020e-03
-9.7352680e-03
-1.0574050e-02
-1.1632370e-02
-1.2360580e-02
-1.3007450e-02
-1.3654710e-02
-1.4054850e-02
-1.4829650e-02
-1.4909040e-02
-1.4742980e-02
-1.4127930e-02
-1.4123870e-02
-1.4049110e-02
-1.3203290e-02
-1.1814360e-02
-1.0396000e-02
-9.3641630e-03
-8.4655880e-03
-7.6767610e-03
-7.0107780e-03
-5.9356220e-03
-6.0666320e-03
-6.6760990e-03
-6.8054780e-03
-7.1638800e-03
-8.4024670e-03
-9.6271570e-03
-1.0589390e-02
-1.1135920e-02
-1.1903110e-02
-1.2557790e-02
-1.3357180e-02
-1.3800870e-02
-1.3798470e-02
-1.3570990e-02
-1.2809700e-02
-1.2152770e-02
