0.01
-3.0626310e-03
-5.2127350e-03
-2.8671180e-03
1.7157350e-03
2.6829130e-03
3.3870300e-04
-8.5857210e-04
2.3625860e-04
3.3848220e-04
-1.6206810e-03
-2.1109960e-03
2.1877630e-03
7.2463170e-03
6.8257640e-03
3.1826920e-03
-4.9949000e-04
-2.3246260e-03
-3.4908560e-03
-5.0783250e-03
-4.8676350e-03
-7.5298340e-07
5.5450430e-03
5.9130400e-03
1.3454620e-03
-2.4695060e-03
-1.9104940e-03
-2.3913060e-05
-1.8978800e-03
-3.8689560e-03
-3.0295690e-03
-8.4000610e-04
-1.0591640e-03
-2.5239760e-03
1.8257730e-03
9.1759120e-03
1.2004590e-02
9.6151210e-03
-2.6570400e-05
-1.2505670e-02
-1.2413220e-02
-6.4304860e-03
7.0042870e-03
1.8383710e-02
1.3359370e-02
-4.1858500e-03
-1.8033560e-02
-1.9678270e-02
-7.5563010e-03
2.7268720e-03
8.0308880e-03
1.0123400e-02
1.0199750e-02
2.4035480e-03
-1.2481510e-02
-2.0093570e-02
-1.0334850e-02
6.9316300e-03
1.6361880e-02
1.7103520e-02
9.8745990e-03
-8.0462330e-04
-7.3833120e-03
-5.2239790e-03
1.2848200e-03
5.2422900e-03
7.7683900e-04
-9.1283130e-03
-1.3449880e-02
-8.4552570e-03
-3.7628000e-03
6.5015410e-05
6.1223340e-03
1.6708300e-02
2.2691520e-02
1.1326450e-02
-7.7474540e-03
-1.9170800e-02
-1.6766990e-02
-5.6331800e-03
7.9449700e-03
1.7145270e-02
1.2204320e-02
6.5269500e-03
2.3004260e-03
-9.6657160e-03
-2.4650870e-02
-1.6754280e-02
3.2916460e-03
1.6829550e-02
8.3164340e-03
-3.5872520e-03
-5.1575410e-03
1.4063160e-03
4.2780830e-03
-3.0297950e-03
-1.2065790e-02
-1.5660390e-02
-6.5312250e-03
7.0082720e-03
1.1140700e-02
5.3921970e-03
2.2763100e-04
-1.5533770e-03
-2.9271190e-03
-2.2303850e-03
3.2888190e-03
7.8750920e-03
7.8109960e-03
4.1987940e-03
3.5545110e-03
7.2092600e-03
8.5589250e-03
5.7605710e-04
-8.4560140e-03
-1.0211990e-02
-1.1365080e-03
4.5056380e-03
8.5280140e-04
-6.6581620e-03
-9.3672560e-03
-6.8063760e-03
-2.4868780e-03
8.5620370e-04
4.0165700e-03
6.6959910e-03
4.6955760e-03
-4.5657040e-03
-1.5814610e-02
-1.8643500e-02
-1.7064100e-02
-1.0099520e-02
5.5314780e-03
2.0318950e-02
3.0838750e-02
2.6444130e-02
1.3062690e-02
-8.3093070e-03
-2.7355310e-02
-1.9637260e-02
-1.1173680e-03
1.6004980e-02
2.3007150e-02
2.0713340e-02
2.0157760e-03
-2.5378950e-02
-4.2477360e-02
-4.5473660e-02
-2.6917720e-02
-3.1475280e-04
2.4315320e-02
3.6587140e-02
2.3672140e-02
4.0086920e-03
-3.7900970e-03
9.9520380e-03
2.6073340e-02
2.5058030e-02
1.3513540e-02
-9.9328510e-04
-1.4535730e-02
-2.4641650e-02
-2.1976560e-02
-1.1511970e-02
4.3918330e-03
2.4356560e-02
3.1439880e-02
1.5850550e-02
-1.0891440e-02
-2.5619300e-02
-1.4715380e-02
8.3050750e-03
2.2299660e-02
2.3622330e-02
9.8868500e-03
-6.6621570e-03
-2.5937520e-02
-3.4281470e-02
-2.6513000e-02
-1.6573260e-02
-6.0134810e-03
-1.4341840e-03
-6.3262060e-03
-1.6650610e-02
-2.3380010e-02
-1.7133180e-02
3.1587390e-03
2.2866930e-02
4.6271210e-02
6.4719810e-02
5.0638580e-02
9.7674290e-03
-1.7347940e-02
-1.4690610e-02
7.1867010e-03
1.2308050e-02
-1.0654990e-03
-1.5725530e-02
-3.0191860e-02
-3.4459130e-02
-1.5453680e-02
6.3956670e-03
2.2193480e-02
2.0225400e-02
9.6365280e-03
6.3936460e-03
1.1413670e-02
4.1432800e-03
-1.0294800e-02
-2.1428400e-02
-2.5078220e-02
-2.6852000e-02
-3.7383790e-02
-4.9504390e-02
-4.8993280e-02
-2.6418520e-02
-5.1328160e-03
1.5985130e-02
3.8105460e-02
5.0566080e-02
4.3842850e-02
2.9657360e-02
2.0453620e-03
-2.6051800e-02
-3.5653920e-02
-1.4628760e-02
6.4954770e-03
1.8280600e-02
2.1296590e-02
1.4400200e-02
8.1758170e-03
1.6822850e-02
3.7058060e-02
5.2174970e-02
5.9287760e-02
4.4747450e-02
1.5852600e-02
-1.3733990e-02
-1.9400780e-02
1.2075160e-02
3.6191560e-02
2.5232190e-02
-1.0160430e-02
-4.2306990e-02
-7.7049920e-02
-1.1551650e-01
-1.3354540e-01
-1.0817400e-01
-8.2910590e-02
-6.5544010e-02
-4.6335440e-02
-1.0310660e-02
2.8298080e-02
6.4676350e-02
1.0431670e-01
1.4280080e-01
1.5928500e-01
1.4247480e-01
1.0722610e-01
5.9495430e-02
8.2624610e-03
-4.6898690e-02
-8.3604520e-02
-7.0013560e-02
-4.0213060e-02
-1.4036500e-02
8.0459910e-03
1.7592570e-03
-2.9397080e-02
-5.6910480e-02
-7.7790970e-02
-6.7895000e-02
-3.4525200e-02
-7.0436490e-03
2.5273580e-02
5.3099360e-02
4.6739950e-02
1.1883220e-02
-1.8202330e-02
-4.2208660e-02
-3.7777800e-02
-1.0506990e-02
1.1594170e-02
3.3058580e-02
4.1851040e-02
3.1160500e-02
2.1137130e-02
1.1882560e-02
6.3947910e-03
1.1751770e-02
1.6762060e-02
8.4629370e-03
-1.7024210e-02
-4.3229120e-02
-5.9779420e-02
-4.7364110e-02
-1.8403600e-02
5.9988960e-03
3.3882050e-02
5.6631010e-02
5.3051170e-02
3.2523880e-02
1.5840990e-02
2.3221750e-03
1.6878260e-03
9.3937500e-03
1.1138950e-02
2.0770750e-03
-1.2704130e-02
-2.5970670e-02
-4.0332460e-02
-4.9600730e-02
-4.4686790e-02
-3.6318810e-02
-2.9792960e-02
-1.8366790e-02
4.8511300e-04
1.5077270e-02
2.4632970e-02
2.7233890e-02
1.2159550e-02
-4.9969450e-03
-2.2128560e-02
-3.3877050e-02
-2.7784870e-02
-1.3893370e-02
-2.9886600e-03
8.7204060e-03
2.1457280e-02
3.4226140e-02
4.7413120e-02
6.2226440e-02
7.5572530e-02
7.6458580e-02
6.1655530e-02
4.8960750e-02
3.4374170e-02
1.0045570e-02
-1.8403650e-02
-4.0935850e-02
-5.4581180e-02
-6.8269100e-02
-7.9276360e-02
-7.5652130e-02
-5.5941020e-02
-3.2129960e-02
-1.4118470e-02
-7.1085720e-03
-9.6919280e-03
-1.0564850e-02
-3.6478800e-03
7.9472660e-03
2.1631800e-02
3.3593380e-02
4.0929570e-02
3.4767880e-02
2.2325430e-02
4.4692070e-03
-1.4772040e-02
-1.3354750e-02
4.9327100e-03
2.1900520e-02
3.4651440e-02
3.8221450e-02
3.4531840e-02
2.5446400e-02
8.7149580e-03
-9.4119990e-03
-2.4900410e-02
-3.2798620e-02
-3.2632800e-02
-2.6690210e-02
-2.4694620e-02
-2.6151450e-02
-2.6736470e-02
-2.0409050e-02
-5.8829260e-03
9.4580420e-03
2.4921340e-02
3.4386070e-02
2.7342470e-02
1.2945070e-02
-4.4361770e-03
-1.6549190e-02
-1.3365920e-02
-5.4500660e-03
3.2491300e-03
5.3237160e-03
-1.4261930e-03
-7.5902140e-03
-1.3879240e-02
-1.3839860e-02
-3.1373770e-03
8.1880870e-03
1.1220680e-02
3.1059310e-03
-1.2272260e-02
-2.6479280e-02
-3.0361060e-02
-1.6286140e-02
6.4404770e-03
2.7784470e-02
3.6007750e-02
3.4158650e-02
2.9695550e-02
2.6463080e-02
2.6115670e-02
2.3435960e-02
1.3206210e-02
-7.1746750e-03
-2.7848720e-02
-3.7633580e-02
-2.7209440e-02
-1.6354720e-02
-1.0061960e-02
-9.2616950e-03
-1.4970950e-02
-1.9476200e-02
-1.5930850e-02
-4.6632460e-03
4.5978790e-03
1.3506030e-02
2.4659410e-02
3.7542270e-02
4.3473710e-02
2.9291960e-02
6.1435120e-03
-1.5750240e-02
-3.8692320e-02
-4.9970410e-02
-3.6008650e-02
-2.1078430e-02
-6.5532540e-03
8.7462610e-03
1.3972920e-02
3.0906920e-03
-7.3153940e-03
-9.6386870e-03
3.3413080e-03
1.8958990e-02
3.2494490e-02
3.1683140e-02
1.0712540e-02
-9.2690180e-03
-2.3725430e-02
-2.4880400e-02
-5.2701260e-03
1.6559920e-02
3.8775080e-02
5.4247570e-02
4.5881950e-02
2.6121180e-02
9.9832840e-03
-2.2966800e-03
-5.5779030e-03
-8.3724310e-03
-1.7770030e-02
-3.0537370e-02
-3.6410630e-02
-3.6244300e-02
-3.1996230e-02
-2.8272540e-02
-2.2828370e-02
-1.3269780e-02
-8.7761810e-04
9.6128580e-03
2.1363680e-02
3.4420160e-02
4.2055240e-02
3.4052800e-02
1.6588810e-02
-9.6385400e-04
-5.4564230e-03
-4.3777380e-03
-1.5849150e-03
-1.6950270e-03
-5.7679270e-03
-1.2342930e-02
-2.1171300e-02
-3.0639070e-02
-3.4819570e-02
-2.5686250e-02
-1.2659810e-02
5.1630560e-04
1.5582400e-02
2.0560690e-02
-4.9196870e-04
-2.7957270e-02
-4.8241230e-02
-4.6849570e-02
-2.6546900e-02
-1.1355350e-02
4.9972030e-03
2.4642440e-02
4.0111060e-02
3.9505490e-02
3.0138060e-02
2.1251560e-02
1.6375190e-02
2.1557640e-02
2.8997940e-02
2.9894260e-02
2.5720500e-02
2.5334640e-02
3.0125950e-02
3.2758970e-02
2.2903340e-02
9.2086060e-03
-3.6892040e-03
-1.3901370e-02
-1.6034790e-02
-1.8168150e-02
-2.2416030e-02
-2.9475430e-02
-3.8820690e-02
-4.7453010e-02
-4.7808020e-02
-3.6917390e-02
-2.0556620e-02
-4.8011690e-03
3.0194110e-03
6.6915520e-03
3.5692770e-03
-7.2099680e-03
-1.7135860e-02
-2.0858910e-02
-1.4923310e-02
-3.5865030e-03
5.7972700e-03
1.5368980e-02
2.5731130e-02
3.7533820e-02
5.0038210e-02
5.6402080e-02
4.7401450e-02
3.3649030e-02
2.2026220e-02
1.2574990e-02
7.4164030e-03
7.8822080e-04
-8.8774470e-03
-2.0850260e-02
-3.3449850e-02
-4.4240640e-02
-4.3186530e-02
-2.9278810e-02
-1.7320860e-02
-4.6118940e-03
9.9450500e-03
1.9204210e-02
1.3544530e-02
3.0573710e-03
-6.5492690e-03
-1.5406060e-02
-1.5694900e-02
-5.8216220e-03
2.6822650e-03
1.0100210e-02
1.5725530e-02
1.7317570e-02
1.1428300e-02
6.2628950e-03
6.9613890e-03
1.3218870e-02
1.9559090e-02
2.2976460e-02
1.5730110e-02
2.3634720e-03
-9.4263110e-03
-2.2425660e-02
-3.2704700e-02
-3.1623190e-02
-2.2667160e-02
-9.8081250e-03
2.6799470e-03
1.0311220e-02
6.6663800e-03
-1.1214570e-02
-3.4963460e-02
-4.7467390e-02
-4.1041050e-02
-1.8719370e-02
-2.8371070e-03
6.4813510e-03
1.3301410e-02
1.1404230e-02
7.7823250e-03
4.7068530e-03
7.8546200e-04
-1.0094980e-03
3.3573370e-03
1.2549670e-02
2.0425360e-02
2.4178570e-02
2.2027750e-02
1.6742990e-02
1.1611460e-02
8.4382810e-03
1.0337570e-02
1.2272770e-02
1.2515570e-02
1.1131560e-02
1.2707060e-02
1.8065570e-02
2.0046060e-02
1.5885890e-02
7.0758730e-03
-3.3935850e-03
-1.1836850e-02
-1.6403760e-02
-1.9199670e-02
-2.1434120e-02
-1.7893420e-02
-9.0242790e-03
-4.3003580e-03
-4.7291530e-03
-5.6287470e-03
-1.8746970e-03
5.6510350e-03
9.8023580e-03
8.3182520e-03
3.8187680e-03
3.6395670e-03
1.0160100e-02
1.9233850e-02
2.4574660e-02
1.8713650e-02
3.6512910e-03
-1.0318290e-02
-2.5585820e-02
-3.9745550e-02
-4.2413840e-02
-3.3591780e-02
-2.3344620e-02
-1.5823000e-02
-1.4665940e-02
-1.1345090e-02
-2.5983000e-03
6.2632700e-03
9.9392830e-03
6.0750540e-03
-1.5186760e-03
-4.7339440e-03
1.1430680e-03
9.8207790e-03
1.3811620e-02
1.0624540e-02
5.8753140e-03
1.6361570e-03
-3.7782970e-03
-8.2710290e-03
-9.6780600e-03
-9.0530870e-03
-9.9415830e-03
-1.2630200e-02
-9.0459880e-03
1.4308270e-03
1.4320860e-02
2.9084880e-02
3.8735770e-02
3.8717350e-02
3.2033160e-02
2.3758480e-02
1.5035370e-02
7.8990740e-03
9.0055060e-03
1.5224450e-02
1.8239220e-02
1.4877000e-02
3.8907640e-03
-1.0717750e-02
-1.7963110e-02
-2.5683190e-02
-3.2710560e-02
-3.0306800e-02
-1.9798970e-02
-8.0680690e-03
-2.2827520e-03
-6.0391070e-03
-1.2712070e-02
-1.7425780e-02
-1.9417250e-02
-1.5329920e-02
-9.3295130e-03
-3.2062160e-03
4.5050660e-03
1.1333900e-02
1.6294010e-02
1.7671100e-02
1.6309030e-02
1.7631170e-02
2.1371900e-02
2.1552030e-02
1.2427740e-02
-5.8829110e-04
-1.2438750e-02
-1.9913300e-02
-2.4255920e-02
-2.2775190e-02
-2.0835220e-02
-2.0381440e-02
-1.7760970e-02
-7.6191850e-03
2.8786190e-03
1.2722260e-02
2.2313020e-02
3.0082710e-02
3.4403630e-02
3.5987040e-02
3.7044530e-02
3.6439690e-02
2.8222070e-02
1.2225730e-02
-4.3296200e-03
-1.6055630e-02
-2.0692190e-02
-2.0688060e-02
-2.3449670e-02
-3.4644690e-02
-4.9938620e-02
-5.6281930e-02
-5.1792570e-02
-4.0225530e-02
-2.3445820e-02
1.2876370e-03
1.7381630e-02
1.9533400e-02
9.8950620e-03
-1.3316480e-04
-8.2210850e-03
-1.1448230e-02
-6.0302320e-03
6.0763310e-03
1.8011340e-02
2.5252870e-02
2.8143420e-02
2.6858300e-02
2.4304670e-02
2.3126030e-02
2.1948930e-02
1.7761940e-02
9.6080850e-03
1.1267570e-03
-1.3689740e-03
3.2510460e-03
8.5379020e-03
1.1794000e-02
1.3243250e-02
1.3254190e-02
1.2090980e-02
8.1280550e-03
4.1022960e-03
8.4779080e-04
-3.6906650e-03
-1.1137030e-02
-1.8630630e-02
-2.3251810e-02
-2.1678110e-02
-1.5294730e-02
-1.0965730e-02
-1.0659080e-02
-1.2008570e-02
-1.3833090e-02
-1.4081800e-02
-1.1262390e-02
-1.0628720e-02
-1.4285830e-02
-1.8157300e-02
-1.9123490e-02
-1.2839800e-02
-1.4927290e-03
8.4409840e-03
1.6007680e-02
1.7911170e-02
1.5040530e-02
1.0594610e-02
8.8891750e-03
9.9347310e-03
1.1747960e-02
1.1104310e-02
7.5157060e-03
3.8042990e-03
2.0169880e-04
-3.3675500e-03
-4.3760750e-03
-1.3510680e-03
3.7480130e-03
8.8315270e-03
1.2945480e-02
1.4094380e-02
1.3070190e-02
1.1860930e-02
1.0793660e-02
8.4825200e-03
3.8566230e-03
-1.4702700e-03
-4.2322460e-03
-3.7764450e-03
-4.5554140e-03
-9.1790090e-03
-1.4878270e-02
-1.8750800e-02
-1.6948510e-02
-8.2656240e-03
1.0139680e-03
6.3168150e-03
6.9186590e-03
4.2396080e-03
4.0894930e-05
-4.2951940e-03
-8.0990300e-03
-1.1021350e-02
-1.0521920e-02
-7.1000700e-03
-3.1605390e-03
-7.2114740e-04
1.9153860e-03
2.5122320e-03
-1.3710220e-03
-6.9592580e-03
-1.1319520e-02
-1.3403420e-02
-1.1290670e-02
-7.3385640e-03
-5.0159650e-03
-2.7761700e-03
-2.5118240e-03
-4.0736560e-03
-4.9500920e-03
-3.5069450e-03
-1.4829640e-03
1.6505200e-03
4.2006500e-03
5.7493000e-03
7.6902520e-03
1.0088690e-02
1.3789840e-02
1.8542510e-02
2.1383900e-02
2.1323850e-02
1.7804340e-02
1.5353540e-02
1.5412880e-02
1.6196380e-02
1.6002370e-02
1.3852200e-02
8.9074600e-03
3.7686330e-03
-1.3723080e-03
-6.2705130e-03
-1.1518820e-02
-1.6531170e-02
-1.7381250e-02
-1.2544980e-02
-7.6808490e-03
-2.8189330e-03
1.0726550e-03
3.9821370e-03
5.6199780e-03
5.3893220e-03
3.4483900e-03
-3.6018980e-04
-4.3180710e-03
-9.6657330e-03
-1.5677010e-02
-2.0736530e-02
-2.4088930e-02
-2.4073760e-02
-2.0253890e-02
-1.4980830e-02
-7.1502190e-03
-3.7893050e-04
4.6132950e-03
9.1145540e-03
1.2494640e-02
1.4517760e-02
1.3580210e-02
9.7589130e-03
6.0694840e-03
1.2685850e-03
-3.9509610e-03
-7.8869020e-03
-8.4686620e-03
-3.1937080e-03
4.3567630e-03
1.1595530e-02
1.4727700e-02
1.2094640e-02
9.8094540e-03
8.8543610e-03
9.5501950e-03
1.0440900e-02
1.0449400e-02
7.3256520e-03
1.3380830e-03
-5.1050980e-03
-9.7093300e-03
-1.3582260e-02
-1.6291580e-02
-1.9185250e-02
-2.2728110e-02
-2.5944110e-02
-2.4577760e-02
-1.5903270e-02
-7.3991420e-03
4.4092190e-04
8.0058910e-03
1.4911560e-02
1.9906450e-02
2.2935470e-02
2.6592740e-02
2.8042980e-02
2.3160220e-02
1.4617590e-02
4.9190270e-03
-5.3552920e-03
-1.7377080e-02
-2.1378990e-02
-2.2357050e-02
-2.0864260e-02
-1.8937990e-02
-1.7420860e-02
-1.4751600e-02
-8.2633210e-03
2.8461540e-03
1.1884260e-02
1.7358250e-02
1.9621050e-02
1.6936800e-02
9.3595280e-03
1.5243450e-03
-2.1034270e-03
4.2955690e-04
4.6094450e-03
8.0195620e-03
9.9900150e-03
9.0189520e-03
2.7302840e-03
-7.2224870e-03
-1.5027300e-02
-1.6962570e-02
-1.4769540e-02
-7.6765740e-03
1.3138540e-04
7.2754350e-03
9.5399850e-03
9.7227010e-03
9.3946280e-03
8.9322680e-03
8.8859730e-03
9.3181190e-03
8.0341960e-03
4.2243310e-03
1.0844830e-03
-1.3666360e-03
-2.5492070e-03
-3.0994710e-05
3.2624000e-03
6.1995210e-03
6.7172000e-03
3.8446780e-03
4.1612700e-04
-2.7619680e-03
-3.4330070e-03
-3.0536710e-03
-2.3409950e-03
-1.8263370e-03
-3.1326290e-03
-6.7026800e-03
-1.0855250e-02
-1.1844130e-02
-1.0347510e-02
-8.1325280e-03
-5.5335910e-03
-2.0340700e-03
1.8050520e-03
4.4328930e-03
3.6909320e-03
3.2957050e-04
-3.2419080e-03
-8.4837440e-03
-1.2987410e-02
-1.3051540e-02
-1.0247510e-02
-7.4677900e-03
-4.1922330e-03
-6.1404850e-04
2.3566600e-03
2.9646070e-03
8.7199560e-04
8.3190810e-04
4.2572290e-03
8.9238530e-03
1.2737210e-02
1.4081180e-02
1.0682700e-02
4.3731570e-03
-1.1651660e-03
-7.4315840e-03
-1.3444920e-02
-1.5533930e-02
-1.3258120e-02
-1.1299930e-02
-7.9659000e-03
-3.0569370e-03
1.6564350e-03
5.5233820e-03
6.5375350e-03
3.4084200e-03
4.7071170e-04
-4.8728190e-04
2.0838390e-03
4.9195420e-03
7.6151090e-03
1.1375840e-02
1.4942670e-02
1.4851770e-02
1.0713910e-02
7.2350260e-03
4.5757270e-03
2.6765490e-03
1.3869040e-03
1.6393390e-03
1.1542910e-03
-1.8856530e-03
-5.1278750e-03
-7.0215230e-03
-7.3741900e-03
-7.8213170e-03
-8.2262100e-03
-8.8184820e-03
-1.0917320e-02
-1.4043680e-02
-1.4190260e-02
-1.0576210e-02
-7.1396960e-03
-3.3615910e-03
9.6751170e-04
5.7192710e-03
9.4050290e-03
9.7013570e-03
8.6150710e-03
9.3141050e-03
1.2413140e-02
1.5359000e-02
1.8007670e-02
2.1059560e-02
2.2955310e-02
2.1453220e-02
1.8621780e-02
1.5428980e-02
1.2002530e-02
9.5049330e-03
8.2863360e-03
6.9228440e-03
5.4358350e-03
3.8681430e-03
1.9410790e-03
-1.5694140e-03
-6.7791140e-03
-1.1719600e-02
-1.5331980e-02
-1.5966150e-02
-1.3007200e-02
-1.0255510e-02
-8.6082170e-03
-9.4421630e-03
-1.3385540e-02
-1.7672380e-02
-2.2706270e-02
-2.4899980e-02
-1.9694410e-02
-1.4125870e-02
-1.1831070e-02
-1.2684020e-02
-1.3786990e-02
-1.4518710e-02
-1.4514410e-02
-1.2846640e-02
-9.6707560e-03
-7.1257760e-03
-4.5121420e-03
-1.7005490e-03
6.9650300e-04
2.2864590e-03
3.8278370e-03
5.4386500e-03
7.2028590e-03
9.0071090e-03
9.7473400e-03
8.2406660e-03
6.4710710e-03
4.7096200e-03
3.9267530e-03
6.1186990e-03
9.4444140e-03
1.2199480e-02
1.5254170e-02
1.6670740e-02
1.3441560e-02
8.9530390e-03
5.4046880e-03
2.0702170e-03
-5.6230980e-04
-2.2978620e-03
-3.2440140e-03
-4.6784600e-03
-5.8996810e-03
-5.2009110e-03
-2.4670670e-03
8.6015180e-04
3.1074070e-03
2.2073680e-03
1.5587580e-04
-4.2455800e-05
2.4451280e-03
5.0962860e-03
7.4777210e-03
9.6940500e-03
1.1818850e-02
1.3848950e-02
1.5772890e-02
1.7851390e-02
1.8266100e-02
1.4492860e-02
9.5476840e-03
5.0664440e-03
2.6131700e-04
-4.1493400e-03
-6.6011210e-03
-7.8157380e-03
-8.4474780e-03
-8.6290240e-03
-8.8949420e-03
-9.0801850e-03
-8.8007250e-03
-7.4817710e-03
-5.9106020e-03
-6.2641450e-03
-7.2748090e-03
-7.0645210e-03
-6.7546850e-03
-7.2634770e-03
-8.3413950e-03
-8.9604580e-03
-7.4426400e-03
-3.4581480e-03
8.7076570e-04
5.8006170e-03
9.1937570e-03
7.6144330e-03
4.5264810e-03
2.0436000e-03
-6.7652210e-04
-2.6901430e-03
-2.6582310e-03
-1.3723450e-03
-6.6214500e-04
-1.4281860e-03
-2.7984020e-03
-4.3924030e-03
-5.0127490e-03
-3.1783860e-03
-4.6149990e-04
1.3311900e-03
-4.3588310e-04
-3.5604900e-03
-6.7674540e-03
-1.0321230e-02
-1.3072010e-02
-1.2360420e-02
-9.6167790e-03
-7.6666790e-03
-5.8178750e-03
-4.9340230e-03
-6.0482580e-03
-6.7513050e-03
-5.5610380e-03
-2.8183770e-03
8.4759930e-04
4.3712460e-03
5.4468560e-03
4.7093220e-03
4.7736140e-03
6.0268670e-03
8.4645070e-03
1.0769010e-02
1.3127520e-02
1.5294430e-02
1.6587670e-02
1.6089440e-02
1.4624710e-02
1.3611800e-02
1.3846250e-02
1.5519580e-02
1.7862220e-02
1.9183850e-02
1.5878810e-02
1.0767790e-02
6.5471350e-03
1.8438280e-03
-4.0719750e-03
-1.0447480e-02
-1.6469860e-02
-2.0527020e-02
-2.0818940e-02
-1.9527750e-02
-1.8784870e-02
-1.7741070e-02
-1.6437950e-02
-1.4856850e-02
-1.2096080e-02
-7.8656400e-03
-1.8341490e-03
4.6543030e-03
9.4717910e-03
1.1168920e-02
7.6754340e-03
3.1633950e-03
-4.5342580e-04
-2.8460530e-03
-8.9971820e-04
3.5954070e-03
6.0417470e-03
7.6046080e-03
9.1386900e-03
8.2671690e-03
5.8605560e-03
4.4659580e-03
2.3714420e-03
-7.5900960e-04
-2.4646210e-03
-2.0696990e-03
-1.8596490e-03
-1.2684820e-03
-2.8400320e-04
3.7493590e-04
8.8183580e-04
1.0373170e-03
7.5173950e-04
5.8472770e-04
5.0940760e-04
3.0395470e-04
9.8623010e-05
4.6542870e-04
1.5874360e-03
2.3813520e-03
1.4707170e-03
-1.2038610e-03
-3.4265350e-03
-5.2222480e-03
-7.0130430e-03
-8.4417430e-03
-8.9720490e-03
-8.9537590e-03
-7.2614040e-03
-4.7754580e-03
-3.3366170e-03
-2.2484400e-03
-1.0198490e-03
-2.8027280e-04
6.5523240e-05
4.6759300e-04
9.8589040e-04
1.6401710e-03
1.9041250e-03
7.9479570e-04
-1.0915640e-03
-2.3188900e-03
-2.6210820e-03
-1.4370200e-03
4.2255640e-04
-7.6684460e-05
-1.6416020e-03
-2.6103590e-03
-2.1751310e-03
-4.1568280e-04
1.3808410e-03
3.2700840e-03
4.6295200e-03
5.0013760e-03
4.6859180e-03
3.3555510e-03
1.4685180e-03
3.9591620e-04
-1.1573490e-05
1.1502770e-04
8.7701960e-04
1.3120680e-03
7.4649660e-04
-6.5078740e-04
-2.2624700e-03
-4.3358960e-03
-5.1149900e-03
-2.4422070e-03
9.4338550e-04
4.0651070e-03
6.5012980e-03
9.0181290e-03
1.0866900e-02
1.0790950e-02
9.0508980e-03
7.0734840e-03
5.4152240e-03
3.6900850e-03
2.8505760e-03
3.3582950e-03
3.1057310e-03
-2.6132540e-04
-5.3355100e-03
-7.9943320e-03
-7.7667270e-03
-5.3050610e-03
-1.7435330e-03
2.5109220e-03
6.1453740e-03
8.8545780e-03
9.4415480e-03
7.9296280e-03
6.8272640e-03
6.2042970e-03
5.4468410e-03
5.0332680e-03
5.4506750e-03
5.8974670e-03
4.9293420e-03
2.3648460e-03
1.3286430e-03
1.8991770e-03
2.7683580e-03
2.8932460e-03
1.6354410e-03
-1.6760910e-03
-5.7498530e-03
-8.5842640e-03
-1.1746560e-02
-1.5042980e-02
-1.8331050e-02
-2.1755010e-02
-2.5271070e-02
-2.7803110e-02
-2.7847920e-02
-2.6885340e-02
-2.4935190e-02
-2.1685840e-02
-1.8110620e-02
-1.4316080e-02
-1.1867070e-02
-1.0411120e-02
-8.4864190e-03
-6.2896720e-03
-2.9635870e-03
1.2134850e-03
4.8551620e-03
8.1301720e-03
1.1348550e-02
1.4365420e-02
1.7583100e-02
2.1046590e-02
2.3353490e-02
2.2119580e-02
1.8937090e-02
1.5619080e-02
1.2684320e-02
1.0377320e-02
9.5860350e-03
1.1040420e-02
1.2083900e-02
1.3086630e-02
1.4380340e-02
1.4809460e-02
1.3192920e-02
1.1498850e-02
1.0044280e-02
8.6565700e-03
7.2415050e-03
5.7766170e-03
4.3319430e-03
2.9118080e-03
1.4792220e-03
-2.5134410e-05
-1.6378640e-03
-3.5503430e-03
-5.9542140e-03
-8.4136970e-03
-1.0708540e-02
-1.2240010e-02
-1.2919930e-02
-1.2980200e-02
-1.1722800e-02
-1.0036800e-02
-7.0406450e-03
-3.1875550e-03
3.0507630e-04
3.5341560e-03
5.9763170e-03
6.9384780e-03
6.7072730e-03
5.7005410e-03
4.7371290e-03
3.5640170e-03
2.6104450e-03
2.4186270e-03
2.5161160e-03
2.6797230e-03
2.7223050e-03
1.4906980e-03
-1.4423310e-03
-4.3404090e-03
-7.6838970e-03
-1.1526040e-02
-1.4935950e-02
-1.7402850e-02
-1.8595520e-02
-1.8165670e-02
-1.7865530e-02
-1.6899700e-02
-1.4332690e-02
-1.1703940e-02
-9.3601940e-03
-6.7611380e-03
-3.9705190e-03
-1.6925900e-03
-7.4846200e-04
-3.5911570e-04
-2.8584080e-04
-5.5266250e-04
-1.2906520e-03
-3.2508260e-03
-5.0534870e-03
-4.6790610e-03
-2.8328250e-03
-1.3657570e-03
5.6400350e-04
2.7260580e-03
4.5478150e-03
5.9714400e-03
7.3639220e-03
8.5459210e-03
9.6098000e-03
1.0557090e-02
1.1400680e-02
1.2530320e-02
1.4307780e-02
1.6141970e-02
1.7337210e-02
1.7108340e-02
1.5533610e-02
1.3896080e-02
1.1867050e-02
9.3358900e-03
6.7089510e-03
4.9301520e-03
4.3488900e-03
4.9838460e-03
6.0324820e-03
6.3637160e-03
6.4986960e-03
6.4973860e-03
5.9887260e-03
4.8273440e-03
3.3235140e-03
2.0181600e-03
1.1662570e-03
1.1528120e-03
9.7003260e-04
2.8828910e-04
-6.7644750e-04
-2.8151420e-03
-7.0281930e-03
-1.1695570e-02
-1.5932900e-02
-1.8276870e-02
-1.9706620e-02
-2.0127460e-02
-1.8368720e-02
-1.5923270e-02
-1.2855840e-02
-1.0271280e-02
-7.8750450e-03
-5.4900980e-03
-3.5677410e-03
-2.2843570e-03
-7.7378780e-04
7.5648710e-04
7.5438850e-04
-1.4560650e-03
-4.0426990e-03
-6.8634570e-03
-9.2568870e-03
-1.0558870e-02
-9.4333880e-03
-5.7665590e-03
-2.5044420e-03
1.9858680e-04
2.6825290e-03
3.7787790e-03
2.0635890e-03
-2.2134110e-05
-1.3195300e-03
-1.8725640e-03
-1.8008220e-03
-7.0833770e-04
9.6287980e-04
2.6887980e-03
4.1763100e-03
5.5553410e-03
6.7325550e-03
7.9334990e-03
9.7966920e-03
1.2921250e-02
1.6065970e-02
1.7107960e-02
1.5186660e-02
1.2604790e-02
8.8968180e-03
5.2217470e-03
2.2856750e-03
1.7879760e-04
-1.7543250e-03
-1.5496070e-03
1.1391170e-03
2.4841330e-03
3.1575330e-03
4.1482680e-03
5.1720990e-03
6.1059170e-03
6.5332500e-03
6.2422720e-03
5.9685690e-03
5.4910320e-03
4.5483180e-03
3.5723260e-03
2.5385760e-03
1.3564050e-03
1.6699570e-04
-1.0374340e-03
-2.2851550e-03
-3.4199360e-03
-4.1122550e-03
-4.5288160e-03
-5.0363700e-03
-5.6657240e-03
-6.5030340e-03
-7.3547840e-03
-8.1159920e-03
-8.5859250e-03
-8.8673050e-03
-9.2491910e-03
-9.8504420e-03
-1.0651090e-02
-1.1284190e-02
-1.1654910e-02
-1.1809490e-02
-1.0930930e-02
-9.1822100e-03
-7.4161470e-03
-5.2494040e-03
-2.8989510e-03
-3.6846260e-04
1.7212990e-03
2.5668530e-03
2.0443880e-03
1.0015790e-03
2.0470150e-04
-7.2757560e-04
-1.6023670e-03
-1.4131850e-03
-3.8540970e-04
1.1479860e-03
2.7546990e-03
4.0954930e-03
5.2651600e-03
6.5130920e-03
7.7433730e-03
8.9410620e-03
1.0184130e-02
1.1461350e-02
1.2377210e-02
1.2331200e-02
1.1616050e-02
9.7590190e-03
7.5876510e-03
5.7554630e-03
3.9183130e-03
1.9580090e-03
-5.7618130e-05
-2.0215990e-03
-3.7969150e-03
-5.4279380e-03
-6.9903440e-03
-8.2895250e-03
-9.3400500e-03
-9.3669970e-03
-7.9570260e-03
-6.5180260e-03
-4.7635100e-03
-2.8335150e-03
-1.4804290e-03
-9.0355180e-04
-2.5099190e-04
5.0646350e-04
1.3091270e-03
2.1092510e-03
2.8316740e-03
3.0633830e-03
2.1422140e-03
2.1370300e-04
-1.1004930e-03
-1.4917880e-03
-1.6777860e-03
-1.4618670e-03
-8.8220210e-04
-3.9176640e-04
7.3599930e-05
3.7870030e-04
3.6078680e-04
3.4851020e-04
3.5713840e-04
3.3977250e-04
3.0799000e-04
3.1240940e-04
3.9128280e-04
4.7455990e-04
5.5394330e-04
6.4061860e-04
7.3300690e-04
8.2541530e-04
9.2717850e-04
1.0714370e-03
1.2707180e-03
1.5138440e-03
1.5088290e-03
7.8155660e-04
-2.7316520e-04
-1.3240480e-03
-2.4422270e-03
-2.9162520e-03
-1.9046810e-03
-6.5828990e-04
5.8126660e-04
2.0962920e-03
3.5474770e-03
4.3281660e-03
4.4749900e-03
4.7314740e-03
5.0192110e-03
5.4423450e-03
6.0547260e-03
6.3966690e-03
5.1073100e-03
2.2326320e-03
2.7774080e-04
-9.0714200e-04
-2.4501970e-03
-4.3157520e-03
-5.8158260e-03
-5.8089380e-03
-4.7460640e-03
-4.0571270e-03
-3.3124800e-03
-2.3455660e-03
-1.3134040e-03
-7.5939020e-04
-1.2605410e-03
-2.1477700e-03
-3.6488450e-03
-5.0777520e-03
-5.9494890e-03
-6.3907970e-03
-6.5542100e-03
-6.7237260e-03
-6.1823370e-03
-4.1458710e-03
-2.0483820e-03
-3.3836880e-04
8.8053640e-04
2.0948450e-03
3.3775080e-03
4.4918580e-03
5.1994940e-03
4.9715680e-03
4.1963090e-03
3.6121390e-03
2.9528660e-03
2.1109950e-03
1.2142600e-03
9.4951000e-04
1.9801590e-03
3.4062320e-03
4.2541420e-03
3.5012920e-03
2.5711830e-03
2.1166070e-03
2.1660030e-03
2.2065480e-03
2.1677830e-03
2.2376980e-03
2.6259430e-03
3.7487120e-03
4.7852040e-03
4.2710480e-03
3.1773320e-03
2.9319220e-03
2.8691320e-03
2.9003320e-03
2.5976610e-03
7.7634060e-04
-1.8952230e-03
-4.1426690e-03
-6.1914330e-03
-7.7891640e-03
-8.9633310e-03
-1.0080310e-02
-1.0166790e-02
-8.3751130e-03
-6.4924120e-03
-5.1112170e-03
-3.5944850e-03
-2.0825110e-03
-9.6881130e-04
-8.3017690e-05
6.5283370e-04
5.6549580e-04
-1.2318430e-04
-1.1220120e-03
-2.6042130e-03
-3.7091690e-03
-3.5918630e-03
-2.7745620e-03
-2.0893150e-03
-1.1595220e-03
-3.0834030e-04
-3.8245660e-05
-1.2347970e-04
-1.1687430e-04
-1.4487530e-04
-1.6490020e-04
-5.2959280e-05
1.3971920e-04
3.1839890e-04
4.3999780e-04
4.7006360e-04
5.8461030e-04
1.3091720e-03
2.7608980e-03
3.9451130e-03
4.9396810e-03
5.8991680e-03
6.4999120e-03
6.9810060e-03
7.5735870e-03
7.8702180e-03
7.3153910e-03
6.3879160e-03
5.6055970e-03
4.9005370e-03
4.3416040e-03
3.7673330e-03
3.1883200e-03
2.6471290e-03
2.1293980e-03
1.6110790e-03
1.1048020e-03
6.1042390e-04
9.5251600e-05
-4.0389250e-04
-7.1079860e-04
-7.3854430e-04
-7.8847040e-04
-7.2182610e-04
-3.8417260e-04
-3.1930760e-04
-1.1308710e-03
-2.3356800e-03
-4.2089250e-03
-5.7431380e-03
-6.3273340e-03
-6.5085230e-03
-5.7375350e-03
-4.6917360e-03
-3.4723560e-03
-2.1520230e-03
-1.5561670e-03
-2.1120400e-03
-2.4460460e-03
-2.2813890e-03
-2.1929780e-03
-2.5461820e-03
-3.1631570e-03
-3.2825040e-03
-2.4184670e-03
-1.3616310e-03
-5.6099770e-04
-4.4411720e-04
-9.3994860e-04
-1.2408150e-03
-1.3409260e-03
-1.2309600e-03
-7.4448440e-04
-1.3212020e-04
-3.7306450e-04
-1.0393640e-03
-1.4764040e-03
-1.9764600e-03
-2.5851410e-03
-2.7380030e-03
-1.7983960e-03
-6.4671080e-04
3.9922240e-04
1.2369860e-03
1.5605200e-03
1.8131230e-03
2.1292330e-03
2.4197740e-03
2.6391980e-03
2.7183800e-03
2.7250740e-03
2.7624560e-03
2.7949220e-03
2.8047050e-03
2.7878670e-03
2.7504060e-03
2.7685060e-03
3.0201620e-03
3.4432500e-03
3.8102020e-03
3.9284120e-03
3.6592350e-03
3.4556240e-03
3.4403420e-03
3.4877440e-03
3.4969110e-03
3.5641420e-03
3.6859320e-03
3.8186070e-03
4.0175280e-03
4.1111830e-03
3.4470710e-03
1.5027150e-03
-3.8634430e-04
-1.5980690e-03
-1.9295230e-03
-2.3434630e-03
-2.8597760e-03
-3.3957680e-03
-3.9369950e-03
-4.4773010e-03
-5.0459140e-03
-5.5110660e-03
-5.6964510e-03
-5.8069390e-03
-5.9638310e-03
-6.0952230e-03
-6.1714140e-03
-6.2676500e-03
-6.5610720e-03
-6.9723410e-03
-6.8278630e-03
-5.3901220e-03
-3.7614880e-03
-2.9013270e-03
-2.3814010e-03
-1.7396670e-03
-1.6017870e-03
-1.9143330e-03
-2.0409740e-03
-1.8206550e-03
-1.3799980e-03
-7.1515580e-04
8.6289660e-04
2.7306010e-03
4.0595080e-03
4.5191950e-03
4.9522790e-03
5.5361210e-03
6.4689760e-03
7.7402010e-03
8.5007430e-03
8.6961590e-03
8.9968460e-03
8.9472140e-03
8.0464810e-03
7.0898110e-03
6.2075070e-03
5.3313450e-03
4.4666650e-03
3.5637660e-03
2.6554130e-03
1.8956260e-03
1.4456160e-03
1.0403230e-03
6.0311490e-04
1.7435800e-04
-2.7676470e-04
-7.6108960e-04
-1.2471020e-03
-1.7466070e-03
-2.2272310e-03
-2.6086210e-03
-2.9151830e-03
-3.2580500e-03
-3.5423470e-03
-3.6288280e-03
-3.6229710e-03
-3.6628360e-03
-3.5842440e-03
-3.2561640e-03
-2.9081870e-03
-2.5736260e-03
-2.1170910e-03
-1.5786490e-03
-1.3029620e-03
-1.6696460e-03
-2.2322920e-03
-2.6953830e-03
-3.0515060e-03
-3.2383100e-03
-3.4513110e-03
-3.6435460e-03
-3.7182370e-03
-3.7334640e-03
-3.7497950e-03
-3.6661290e-03
-3.4917370e-03
-3.3163450e-03
-3.2638210e-03
-3.5082610e-03
-3.7919290e-03
-3.7606260e-03
-3.0061160e-03
-2.0443000e-03
-1.1810470e-03
-3.5895780e-04
3.2252380e-04
9.6559750e-04
1.6250580e-03
2.2583200e-03
2.8798360e-03
3.5413840e-03
4.2124160e-03
4.6556130e-03
4.6492560e-03
4.6373060e-03
4.6705190e-03
4.6780210e-03
4.6441830e-03
4.5920320e-03
4.6339920e-03
4.9324810e-03
5.3435110e-03
5.7446780e-03
6.1709880e-03
6.4225660e-03
6.2313730e-03
5.8862020e-03
5.3592030e-03
4.7086870e-03
3.9608200e-03
2.9461040e-03
1.8848840e-03
8.5193330e-04
-1.9641350e-04
-1.2665870e-03
-2.3269290e-03
-3.3111230e-03
-4.1892090e-03
-5.0630850e-03
-5.5949570e-03
-5.3612760e-03
-5.0920110e-03
-5.0416890e-03
-4.9491500e-03
-4.8020880e-03
-4.6472260e-03
-4.5076780e-03
-4.4213330e-03
-4.4054810e-03
-4.4078840e-03
-4.2945590e-03
-3.8010890e-03
-3.0935190e-03
-2.4029380e-03
-1.5193550e-03
-5.3450700e-04
3.9056830e-04
1.1116770e-03
1.6939770e-03
2.3915950e-03
3.3785330e-03
4.4452930e-03
4.8661690e-03
4.2786360e-03
3.5807290e-03
2.7498270e-03
1.8823850e-03
7.7761160e-04
-7.8467210e-04
-2.2462560e-03
-2.8853150e-03
-2.8216660e-03
-2.7166870e-03
