0.01
2.6425770e-03
3.9424620e-03
3.5622850e-03
2.2276710e-03
1.3358000e-03
1.2553830e-03
1.7797380e-03
2.1359440e-03
8.6711450e-04
-1.9779350e-03
-4.5136780e-03
-4.3429160e-03
-1.5230570e-03
1.4841360e-03
2.0492900e-03
8.4620670e-05
-2.1227220e-03
-2.3014030e-03
-5.4603430e-05
2.0437370e-03
1.4081560e-03
-1.2049940e-03
-2.9484210e-03
-2.1253540e-03
7.2459630e-04
4.0336980e-03
5.1110400e-03
2.8147640e-03
-1.1800260e-03
-4.1016230e-03
-3.9339440e-03
-1.1565150e-03
1.0823360e-03
8.2761410e-04
-1.5380450e-03
-3.8295510e-03
-3.1369550e-03
1.2355830e-03
6.1420210e-03
7.1972450e-03
3.5918490e-03
-1.3481170e-03
-4.6039200e-03
-4.0465080e-03
-1.9816030e-04
3.4748900e-03
2.9796180e-03
-1.8456580e-03
-6.7372750e-03
-7.1889950e-03
-3.0269890e-03
2.3138540e-03
4.4242150e-03
1.9994430e-03
-1.5771850e-03
-2.7786430e-03
-2.9200930e-04
3.4001340e-03
5.4892740e-03
5.1465570e-03
3.8693220e-03
2.7878480e-03
2.1803570e-03
2.9543780e-03
3.5584950e-03
2.0385100e-03
-1.1691180e-03
-4.5678900e-03
-5.0181600e-03
-1.5345770e-03
3.3453550e-03
5.6657560e-03
2.7907500e-03
-3.9791750e-03
-1.2061810e-02
-1.9188900e-02
-2.4094970e-02
-2.7052330e-02
-2.7478060e-02
-2.4643740e-02
-1.8132350e-02
-7.8127340e-03
4.9611170e-03
1.6643440e-02
2.3875310e-02
2.4897260e-02
1.9248190e-02
6.6930810e-03
-1.2966590e-02
-3.7320400e-02
-5.9977550e-02
-7.5762940e-02
-8.5391870e-02
-9.0618340e-02
-9.3429870e-02
-9.5971360e-02
-9.8645180e-02
-9.6367270e-02
-7.9637470e-02
-4.2000920e-02
1.1317060e-02
6.9445280e-02
1.1806690e-01
1.4564320e-01
1.5188390e-01
1.3596130e-01
9.8711780e-02
4.6285070e-02
-1.2577130e-02
-6.6834290e-02
-9.8793740e-02
-9.9885770e-02
-7.7005700e-02
-3.4120340e-02
2.7433820e-02
9.4427120e-02
1.5190090e-01
1.8921020e-01
1.9218100e-01
1.4200650e-01
4.5156890e-02
-5.3527490e-02
-1.0827930e-01
-1.0103460e-01
-4.9579180e-02
2.0044270e-02
7.6948750e-02
1.0412570e-01
1.0229700e-01
8.0668440e-02
4.7610980e-02
1.2491470e-02
-1.7182720e-02
-3.8996140e-02
-5.0696840e-02
-4.7990920e-02
-3.5788620e-02
-2.5845390e-02
-2.6122770e-02
-3.6733150e-02
-5.2835160e-02
-6.7419220e-02
-7.2001660e-02
-6.1982970e-02
-4.1352910e-02
-1.3683510e-02
1.7133240e-02
4.1357590e-02
5.0148460e-02
4.5157960e-02
3.0111940e-02
1.1305720e-02
-3.0589370e-03
-9.4506940e-03
-8.0205550e-03
-2.6247660e-03
3.3487200e-03
6.0536000e-03
4.1867680e-03
1.2760500e-03
2.2025840e-03
6.7448800e-03
1.1081690e-02
1.2081820e-02
9.0167270e-03
4.0759600e-03
-3.4476220e-03
-1.2988510e-02
-2.2675290e-02
-3.0002550e-02
-3.0691830e-02
-2.3855190e-02
-1.2455480e-02
5.8496110e-04
1.5018640e-02
3.0959520e-02
4.5161710e-02
5.3592160e-02
5.1228590e-02
3.7370200e-02
1.5636870e-02
-8.3383270e-03
-2.9300800e-02
-4.2430260e-02
-4.4175770e-02
-3.7091410e-02
-2.5825160e-02
-1.5633610e-02
-8.0881640e-03
-1.9709800e-03
4.6868310e-03
1.0562630e-02
1.1973470e-02
8.5938870e-03
4.0637350e-03
1.9170760e-03
3.1165150e-03
6.5141000e-03
9.5691580e-03
1.0410020e-02
8.9262120e-03
3.9694890e-03
-5.3197540e-03
-1.7921980e-02
-3.1208420e-02
-4.1450070e-02
-4.4618410e-02
-3.9050470e-02
-2.5549230e-02
-8.0145060e-03
6.8419750e-03
1.5290330e-02
1.7952720e-02
1.6133360e-02
1.0338110e-02
2.2495880e-03
-5.4950630e-03
-1.1567260e-02
-1.5572840e-02
-1.7991040e-02
-1.8633100e-02
-1.5941900e-02
-9.3605540e-03
3.3329080e-04
9.5306440e-03
1.6833440e-02
2.2312180e-02
2.6213740e-02
2.8495100e-02
2.9469290e-02
2.8211650e-02
2.1249140e-02
8.6947320e-03
-4.5393940e-03
-1.3122390e-02
-1.5022180e-02
-1.2217210e-02
-9.0572090e-03
-7.5794360e-03
-6.9000810e-03
-5.7008720e-03
-2.9919740e-03
9.7737200e-04
3.8745260e-03
5.0292920e-03
4.6946910e-03
4.2832260e-03
5.7637790e-03
1.0309360e-02
1.7294280e-02
2.3741730e-02
2.7771540e-02
2.7602600e-02
2.2219660e-02
1.1923090e-02
-5.8527840e-04
-1.2664490e-02
-2.2462770e-02
-2.9877220e-02
-3.4009100e-02
-3.6016580e-02
-3.5007260e-02
-3.1215590e-02
-2.4203130e-02
-1.7064750e-02
-1.1889560e-02
-7.8662440e-03
-4.3421640e-03
7.5208120e-05
5.4227810e-03
1.0228040e-02
1.3020680e-02
1.4454050e-02
1.5082770e-02
1.5078940e-02
1.4054030e-02
1.2138430e-02
7.3476780e-03
-2.3748410e-04
-8.2568450e-03
-1.3205800e-02
-1.3777120e-02
-1.0527200e-02
-4.5836500e-03
1.4130420e-03
6.0357310e-03
8.8123310e-03
1.0121100e-02
1.0344310e-02
1.0603790e-02
1.0909140e-02
9.9991080e-03
6.3657920e-03
8.7428510e-04
-4.8295010e-03
-9.9642270e-03
-1.2876120e-02
-1.3042470e-02
-1.1196230e-02
-8.0080750e-03
-4.0007970e-03
7.1698460e-04
5.2093540e-03
8.3769570e-03
9.3903950e-03
7.5037440e-03
4.1552180e-03
1.1680180e-03
4.8633800e-04
1.8358880e-03
2.8845030e-03
2.8280540e-03
1.8129700e-03
7.8504710e-04
1.5642900e-03
2.7748370e-03
4.1316100e-03
4.4716070e-03
2.5900660e-03
-3.4608790e-04
-4.9022300e-03
-9.8711290e-03
-1.2919160e-02
-1.3370180e-02
-1.1231720e-02
-5.9612410e-03
1.0891910e-03
7.7018430e-03
1.1499560e-02
1.1760100e-02
8.6425930e-03
3.6184530e-03
-2.2487060e-03
-7.4996950e-03
-1.0176080e-02
-9.3415790e-03
-6.7232260e-03
-3.8346100e-03
-1.6385870e-03
3.9643550e-04
2.7181580e-03
5.2739030e-03
7.3512450e-03
7.3907230e-03
5.6090750e-03
2.3445550e-03
-3.1812250e-03
-9.6218300e-03
-1.4171160e-02
-1.5466490e-02
-1.3746550e-02
-9.3455370e-03
-3.9117740e-03
1.7484720e-03
6.5220490e-03
1.0185280e-02
1.2435020e-02
1.3715620e-02
1.4779330e-02
1.6906640e-02
1.9401340e-02
2.1670980e-02
2.2357220e-02
2.1056020e-02
1.7109530e-02
9.7916170e-03
9.8696010e-04
-7.9324740e-03
-1.4141000e-02
-1.6580470e-02
-1.4515740e-02
-9.3097300e-03
-3.0911780e-03
1.1740100e-03
3.1039620e-03
2.4395320e-03
-3.0960680e-04
-4.3025200e-03
-8.0856180e-03
-1.0583460e-02
-1.1084410e-02
-1.0988830e-02
-1.0033090e-02
-7.9080050e-03
-4.3280670e-03
-7.7513070e-05
3.1833590e-03
4.9489100e-03
4.8820790e-03
2.2157790e-03
-3.6554700e-03
-1.1193500e-02
-1.8146990e-02
-2.3563610e-02
-2.6485610e-02
-2.6092070e-02
-2.3012340e-02
-1.8187510e-02
-1.1952980e-02
-5.1231160e-03
1.7558670e-03
8.0690710e-03
1.3503870e-02
1.7861880e-02
2.0418950e-02
2.1108040e-02
2.0141620e-02
1.6066460e-02
9.9866490e-03
3.4042410e-03
-2.1970410e-03
-5.8058300e-03
-7.3876610e-03
-6.4866530e-03
-3.9366540e-03
-3.4056550e-04
4.3981250e-03
9.1802360e-03
1.2797060e-02
1.5072350e-02
1.5771040e-02
1.5493030e-02
1.2744050e-02
7.5586860e-03
1.3253350e-03
-4.4570240e-03
-8.6777010e-03
-1.1553490e-02
-1.1966020e-02
-9.7890250e-03
-6.2644330e-03
-2.4487100e-03
-6.9647500e-04
-4.1173600e-04
-3.4711190e-04
-3.9403500e-04
-8.1920670e-04
-1.2220970e-03
-5.8860070e-04
1.6639610e-03
4.6696250e-03
7.1187930e-03
7.9429500e-03
7.2820710e-03
5.8968240e-03
4.5455690e-03
2.5621300e-03
1.7755380e-06
-2.2541930e-03
-4.0067560e-03
-6.3511580e-03
-8.2425180e-03
-9.9007970e-03
-1.0866680e-02
-1.0399850e-02
-8.6706890e-03
-5.6848430e-03
-1.2334780e-03
3.9910560e-03
8.8167800e-03
1.2058490e-02
1.2931680e-02
1.1515410e-02
7.9679930e-03
4.3817520e-03
2.3644240e-03
1.8653290e-03
2.1407320e-03
2.4159920e-03
2.7556970e-03
2.4850400e-03
1.0928820e-03
-2.0027370e-03
-5.7515090e-03
-7.9510770e-03
-6.9139520e-03
-3.1519110e-03
1.8550370e-03
7.1597570e-03
1.2189770e-02
1.6280410e-02
1.9209860e-02
2.0655060e-02
2.0325170e-02
1.8474750e-02
1.6239060e-02
1.3875610e-02
1.2189970e-02
1.1324720e-02
1.2255700e-02
1.2985490e-02
1.2503030e-02
1.0031940e-02
6.0347090e-03
1.4731760e-03
-3.0879300e-03
-7.3753200e-03
-1.0816740e-02
-1.2781100e-02
-1.3585490e-02
-1.3790830e-02
-1.3665830e-02
-1.2815840e-02
-1.1666930e-02
-1.1054790e-02
-1.0948400e-02
-1.1067990e-02
-1.1285380e-02
-1.0844360e-02
-8.5240300e-03
-4.8700220e-03
-1.2454200e-03
2.0081620e-03
4.2416850e-03
4.6628150e-03
3.2885590e-03
1.1003260e-03
-1.3941650e-03
-3.4589520e-03
-4.6071120e-03
-4.1194770e-03
-3.2522430e-03
-2.5927040e-03
-2.0097060e-03
-2.4121920e-03
-3.7564920e-03
-6.8606030e-03
-1.0996030e-02
-1.5745470e-02
-1.9802720e-02
-2.2295900e-02
-2.3546370e-02
-2.3400920e-02
-2.0521400e-02
-1.5178750e-02
-7.5751190e-03
2.0249140e-03
1.2419550e-02
2.1827530e-02
2.8787770e-02
3.1954450e-02
3.1231880e-02
2.7022320e-02
2.0182810e-02
1.2601850e-02
5.1687750e-03
-2.1278080e-03
-8.7401650e-03
-1.3461480e-02
-1.6834310e-02
-1.9675000e-02
-2.1368870e-02
-2.1484250e-02
-1.9904430e-02
-1.6476510e-02
-1.1676660e-02
-6.8898760e-03
-2.5905400e-03
7.7794160e-04
1.9935210e-03
8.1681100e-04
-1.4714380e-03
-4.5165700e-03
-7.4562810e-03
-9.5345030e-03
-1.0443980e-02
-1.0575290e-02
-9.7898770e-03
-8.1093500e-03
-5.1223520e-03
-1.1352380e-03
2.7897640e-03
5.8512910e-03
7.7036820e-03
8.1557450e-03
7.9942860e-03
7.3566800e-03
6.6543390e-03
5.3781800e-03
4.8217910e-03
4.7273570e-03
3.8754110e-03
2.0180190e-03
-9.6247670e-05
-1.8867090e-03
-2.9460060e-03
-2.5767480e-03
-1.7094090e-03
-5.5334870e-04
5.9031110e-04
1.5581860e-03
2.0677720e-03
2.0035030e-03
2.0442440e-03
3.1348430e-03
5.5127140e-03
8.2110390e-03
1.0859190e-02
1.2842740e-02
1.3829750e-02
1.3510710e-02
1.2186340e-02
9.4569870e-03
6.6573580e-03
4.0563210e-03
2.0359240e-03
4.8767860e-04
-4.5064610e-04
-1.8034540e-03
-3.5678760e-03
-5.8370600e-03
-7.9953470e-03
-1.0015560e-02
-1.1090840e-02
-1.1368420e-02
-1.0836500e-02
-8.6921370e-03
-5.4407490e-03
-1.9609290e-03
1.6594170e-03
5.1843100e-03
8.3266180e-03
1.0674050e-02
1.2145250e-02
1.2737870e-02
1.2320140e-02
1.0789850e-02
8.5400340e-03
5.2024370e-03
9.5438650e-04
-3.2522490e-03
-6.9406690e-03
-9.6669870e-03
-1.0996670e-02
-1.0563120e-02
-8.5467720e-03
-5.8785220e-03
-2.9295560e-03
-3.4820080e-05
2.8311840e-03
5.9311600e-03
8.7292010e-03
1.1044420e-02
1.2479460e-02
1.3734690e-02
1.4781430e-02
1.3623950e-02
1.1385160e-02
9.2813780e-03
7.3764470e-03
5.2613960e-03
2.8994180e-03
5.7164860e-04
-2.0462470e-03
-4.4532430e-03
-6.3459510e-03
-7.9196610e-03
-8.9724110e-03
-9.9944550e-03
-1.0569640e-02
-1.0880250e-02
-1.0928440e-02
-1.1461310e-02
-1.2532420e-02
-1.2557720e-02
-1.1794210e-02
-1.0321980e-02
-8.1822230e-03
-5.2808760e-03
-8.1515690e-04
4.6940200e-03
9.9133890e-03
1.3316910e-02
1.5483530e-02
1.7211680e-02
1.8360820e-02
1.8950740e-02
1.8314850e-02
1.7181560e-02
1.5295300e-02
1.3077780e-02
1.0429080e-02
7.0396810e-03
4.2516690e-03
2.0860260e-03
4.1041790e-04
-2.7061010e-04
-3.0137760e-04
-2.9782740e-04
-7.6576050e-04
-1.8568890e-03
-2.9085940e-03
-4.0516040e-03
-5.2780430e-03
-5.5066390e-03
-4.4493190e-03
-3.3231190e-03
-3.0155640e-03
-2.9008170e-03
-3.3016980e-03
-4.8694670e-03
-6.9691150e-03
-9.3599920e-03
-1.1718410e-02
-1.4157550e-02
-1.6032800e-02
-1.7410170e-02
-1.8255850e-02
-1.7431400e-02
-1.5656920e-02
-1.3763490e-02
-1.2160570e-02
-1.0917630e-02
-9.4923840e-03
-7.7164830e-03
-5.3684230e-03
-2.7502940e-03
-1.3226000e-04
2.4314050e-03
4.8788750e-03
7.2675910e-03
9.2763900e-03
1.0848000e-02
1.2129220e-02
1.3046890e-02
1.3653010e-02
1.3818780e-02
1.3382060e-02
1.3063580e-02
1.2233660e-02
1.0904800e-02
9.2287460e-03
6.4753650e-03
4.2557310e-03
2.6685140e-03
1.6232930e-03
5.7264460e-04
-1.3916440e-04
-1.2046930e-03
-2.6990290e-03
-4.1883980e-03
-5.7692140e-03
-7.4197490e-03
-8.3407390e-03
-8.5018780e-03
-8.1128220e-03
-7.9032050e-03
-7.8123380e-03
-6.5969670e-03
-4.8589350e-03
-3.5678360e-03
-2.9796790e-03
-2.6771250e-03
-2.4273780e-03
-2.2134450e-03
-1.6020880e-03
-8.6454510e-04
-3.0445030e-04
3.6642340e-04
1.0752210e-03
9.9279090e-04
3.5447980e-04
-6.1492010e-05
-3.6295600e-05
5.8223970e-04
1.7212980e-03
2.8668600e-03
4.3450130e-03
5.9702200e-03
7.2804670e-03
8.6460730e-03
1.0505910e-02
1.2228550e-02
1.2828950e-02
1.3225100e-02
1.3739480e-02
1.3737790e-02
1.2953890e-02
1.1587520e-02
9.7710980e-03
7.7760800e-03
5.5768910e-03
2.5657390e-03
-7.7462800e-04
-3.9689630e-03
-6.8356540e-03
-9.4343770e-03
-1.1581770e-02
-1.3156430e-02
-1.4365400e-02
-1.5710270e-02
-1.6732600e-02
-1.7812260e-02
-1.8212240e-02
-1.6661680e-02
-1.4343500e-02
-1.2373980e-02
-1.0447470e-02
-8.0461090e-03
-6.2418500e-03
-5.5530010e-03
-5.4609250e-03
-5.1167020e-03
-4.2081270e-03
-3.3661380e-03
-2.4353270e-03
-1.3453040e-03
-4.6862840e-04
3.4098290e-04
1.8011650e-03
2.4778620e-03
2.6109340e-03
2.8756910e-03
3.3536490e-03
3.8065330e-03
3.9533150e-03
3.9432630e-03
3.7755390e-03
3.5769440e-03
3.8200050e-03
3.8558760e-03
3.9445440e-03
4.4177460e-03
5.0990250e-03
5.2606990e-03
5.5967580e-03
6.2643320e-03
6.3718680e-03
6.0134960e-03
6.1826830e-03
7.0563290e-03
7.8131050e-03
7.9432400e-03
7.9327490e-03
8.0048350e-03
8.0842510e-03
7.6098800e-03
6.0837230e-03
3.9211540e-03
2.0026510e-03
5.9031770e-04
1.9110500e-04
-1.8964760e-04
-9.1243550e-04
-1.1843250e-03
-1.3556160e-03
-1.9407750e-03
-2.5226440e-03
-2.3492110e-03
-1.6614930e-03
-1.1946400e-03
-8.9755950e-04
-6.5764230e-04
3.6123090e-05
6.5729450e-04
1.4785230e-03
2.3786480e-03
2.6211490e-03
2.6373920e-03
2.7142890e-03
2.8562680e-03
2.5359760e-03
1.1417130e-03
-7.0807340e-04
-3.0649280e-03
-5.2885440e-03
-7.2771200e-03
-8.7419350e-03
-1.0099130e-02
-1.0452880e-02
-1.0565540e-02
-1.0610630e-02
-1.0261500e-02
-9.1527110e-03
-7.7612950e-03
-6.0382490e-03
-4.3144920e-03
-2.5306540e-03
-9.3682300e-04
4.6905720e-04
2.1766960e-03
2.8515170e-03
2.9116210e-03
4.1260020e-03
5.8895260e-03
7.2718970e-03
8.1050450e-03
8.7477020e-03
8.9646450e-03
8.6389440e-03
7.7395770e-03
6.0420970e-03
3.9538610e-03
1.8067310e-03
1.1521100e-03
1.3911180e-03
1.2695720e-03
6.1839690e-04
-4.4462700e-05
-7.9043640e-04
-1.3938550e-03
-1.8035450e-03
-2.0027150e-03
-2.3476160e-03
-2.5526100e-03
-2.1787310e-03
-1.7042580e-03
-1.3557360e-03
-1.3617590e-03
-1.8035880e-03
-2.6400980e-03
-3.6546170e-03
-4.9376980e-03
-6.3230070e-03
-7.4708540e-03
-7.9009670e-03
-7.9699440e-03
-7.9697340e-03
-7.9504390e-03
-7.7715370e-03
-7.4137380e-03
-7.2253320e-03
-6.9290690e-03
-6.7066430e-03
-6.3911890e-03
-5.4091450e-03
-4.2967460e-03
-3.3835240e-03
-2.1303710e-03
-5.1665330e-04
1.2988150e-03
2.5043080e-03
2.9020780e-03
2.9427820e-03
2.9623820e-03
3.0186060e-03
3.1341680e-03
3.2941830e-03
3.2392900e-03
2.7497130e-03
2.2312120e-03
2.1116430e-03
1.7683950e-03
1.2191050e-03
1.6019820e-03
2.4664690e-03
2.9475270e-03
2.9880240e-03
4.2178720e-03
5.9500500e-03
7.5926390e-03
8.6138650e-03
9.2682290e-03
9.4612430e-03
9.4629850e-03
8.9032220e-03
7.8259160e-03
6.2637670e-03
3.8945590e-03
1.3074330e-03
-1.0128740e-03
-2.8314680e-03
-4.5573830e-03
-5.9149630e-03
-6.9894350e-03
-7.7684870e-03
-8.4058190e-03
-9.0825580e-03
-9.8073110e-03
-1.0101570e-02
-9.5805610e-03
-8.6767970e-03
-7.8053800e-03
-6.1444080e-03
-3.5694580e-03
-1.1367670e-03
3.7815750e-04
1.3372590e-03
2.0984870e-03
2.6033220e-03
3.6765110e-03
5.1129350e-03
7.1237450e-03
9.3259750e-03
1.1527800e-02
1.3065440e-02
1.4121200e-02
1.4377790e-02
1.3923800e-02
1.2504710e-02
1.1094240e-02
9.4320840e-03
7.5241100e-03
5.9159300e-03
5.1958300e-03
4.7548840e-03
3.9539590e-03
3.3390660e-03
2.5383860e-03
2.3516030e-03
2.3634220e-03
2.4319940e-03
2.3020200e-03
1.6514090e-03
8.3077580e-04
-6.8607430e-05
-9.8821490e-04
-2.3174710e-03
-3.9142820e-03
-5.5621180e-03
-6.7335340e-03
-7.6730920e-03
-8.3017810e-03
-8.2628410e-03
-7.5629100e-03
-6.6677500e-03
-5.8493940e-03
-5.4299810e-03
-4.9112680e-03
-4.5063090e-03
-4.4320030e-03
-4.4254730e-03
-4.2889570e-03
-3.6818990e-03
-3.0236080e-03
-2.3600390e-03
-1.8761850e-03
-1.4395870e-03
-6.5304470e-04
-1.5747030e-04
4.7570410e-04
3.6514740e-04
-2.6187440e-04
-5.3032480e-06
6.6580210e-04
1.0720860e-03
1.7252130e-03
2.0910370e-03
2.2280800e-03
2.5424380e-03
2.6877480e-03
2.1466800e-03
9.2832770e-04
-2.1864640e-04
-2.5563030e-04
1.2412730e-04
5.9053920e-05
-3.0157640e-04
-4.7693210e-05
6.6469690e-04
8.4774280e-04
8.8895840e-04
9.3041450e-04
8.4969140e-04
2.6037980e-04
-6.9121380e-04
-1.9865150e-03
-2.9170350e-03
-3.0880590e-03
-3.0840760e-03
-3.1357850e-03
-3.0824890e-03
-2.4460820e-03
-1.5512380e-03
-6.9951600e-04
-4.9136200e-04
-3.8584390e-04
-4.0939670e-04
-9.0568820e-04
-1.7633280e-03
-1.7287130e-03
-1.0433530e-03
-7.4743890e-04
-1.3306900e-03
-1.4398750e-03
-7.2152210e-04
-5.1323610e-04
-5.0709430e-04
-5.4372000e-04
-4.7389770e-04
-4.3593820e-04
-6.8006620e-04
-1.2306020e-03
-1.0814730e-03
-4.3878750e-04
1.7362130e-04
9.7765860e-04
1.7745340e-03
2.0403710e-03
2.4681680e-03
2.8737950e-03
2.3321880e-03
1.7972160e-03
9.7649320e-04
7.8561070e-04
7.4491330e-04
7.4928520e-04
8.0220880e-04
8.0474850e-04
4.0343720e-04
-3.4431040e-04
-5.4691140e-04
-5.8242130e-04
-5.0482310e-04
-3.1350070e-04
-2.2750290e-04
-3.0355300e-04
1.4308350e-04
6.0767200e-04
8.2032960e-04
8.7733610e-04
8.9575610e-04
9.4643440e-04
1.0478480e-03
1.0503600e-03
8.0538250e-04
3.6344310e-04
4.4031060e-05
1.8112400e-05
4.9307490e-05
1.0577080e-04
1.2926730e-04
1.9718130e-04
3.2228990e-04
4.9286480e-04
4.9452200e-04
-4.6746790e-05
-8.5746870e-04
-1.7861850e-03
-2.3296820e-03
-2.3202980e-03
-2.4177580e-03
-2.9704480e-03
-3.2573430e-03
-3.0107030e-03
-2.7835670e-03
-2.7589390e-03
-2.7036590e-03
-2.2648130e-03
-1.5992910e-03
-1.8484050e-03
-2.5113340e-03
-3.2771590e-03
-3.7275800e-03
-3.7824150e-03
-3.8533260e-03
-3.8818560e-03
-3.4440470e-03
-2.2626120e-03
-1.3043750e-03
-1.0511000e-03
-1.0039120e-03
-9.3591490e-04
-9.1076510e-04
-1.0114690e-03
-9.7548080e-04
-1.8402910e-04
1.3675170e-03
3.2820930e-03
4.9684650e-03
5.7238140e-03
5.9111350e-03
5.6505280e-03
4.4719690e-03
2.7076580e-03
9.9226470e-04
-4.0006800e-04
-9.4678410e-04
-1.3280070e-03
-1.1395310e-03
-5.9663040e-04
9.3549730e-05
7.3799500e-04
1.1946390e-03
1.1981370e-03
8.5324240e-04
7.4410700e-04
6.6541960e-04
6.3251110e-04
8.8462200e-04
1.5278210e-03
1.5449600e-03
6.4140340e-04
-6.8059760e-06
-4.4250690e-04
-5.3693420e-04
-5.8345480e-04
-6.3274980e-04
-6.1643100e-04
-5.8532840e-04
-5.4776200e-04
-6.2817650e-04
-1.1574500e-03
-1.7999070e-03
-1.4642600e-03
-7.3956320e-04
-5.9958000e-04
-6.2381120e-04
-6.6297430e-04
-6.5738520e-04
-5.7385260e-04
-4.6464910e-04
-5.5457310e-04
-9.7563550e-04
-1.2573850e-03
-7.3115580e-04
-1.3659940e-04
7.7623860e-04
1.6806840e-03
2.5187830e-03
3.1709810e-03
3.5409760e-03
4.3268460e-03
5.1633650e-03
6.0991970e-03
7.1315570e-03
8.2485080e-03
9.2083360e-03
1.0009500e-02
1.0205820e-02
9.9845570e-03
9.2011330e-03
8.4096010e-03
7.6395350e-03
6.7452470e-03
5.4295920e-03
4.3915240e-03
3.0485490e-03
1.8029810e-03
1.1454980e-03
7.6953780e-04
-2.5108330e-04
-1.5501000e-03
-2.5701390e-03
-3.1966110e-03
-3.9173350e-03
-4.2292490e-03
-4.3314500e-03
-4.3621600e-03
-4.3035360e-03
-4.2406010e-03
-4.2808980e-03
-4.3925330e-03
-4.2882460e-03
-3.5748970e-03
-2.9509630e-03
-3.3858820e-03
-4.6316550e-03
-4.8891680e-03
-4.4629390e-03
-4.0456190e-03
-3.3419670e-03
-2.7369510e-03
-1.6756040e-03
-6.7168380e-04
-1.0854670e-04
4.7302440e-04
7.5612570e-04
3.4723390e-04
-1.6116620e-04
-2.5197160e-04
-2.3926980e-04
-2.2275840e-04
-2.3473160e-04
-2.5537420e-04
-2.3114910e-04
-2.1175350e-04
-1.9704240e-04
-1.9722330e-04
-2.2693340e-04
-2.6092610e-04
-2.1651590e-04
-1.8371810e-04
-1.8636020e-04
-1.6077570e-04
-7.9721760e-05
-8.9831850e-05
-5.1837010e-04
-1.2932380e-03
-1.4385430e-03
-1.4658430e-03
-1.8471560e-03
-2.5999740e-03
-2.8139580e-03
-2.8172210e-03
-2.6332190e-03
-2.3894780e-03
-2.5887400e-03
-2.7354240e-03
-3.2193370e-03
-3.9033130e-03
-4.0659750e-03
-4.1677140e-03
-3.9833330e-03
-3.0890670e-03
-2.0019460e-03
-1.5433700e-03
-1.3053970e-03
-6.2763930e-04
1.8225630e-04
1.2071160e-03
2.3046340e-03
3.1719550e-03
3.4361600e-03
3.3013110e-03
3.2249380e-03
3.3656010e-03
3.0247320e-03
2.7638690e-03
2.7370670e-03
2.5196440e-03
1.8738990e-03
1.3016330e-03
6.1465150e-04
-1.1053240e-05
-8.7656330e-04
-1.4821490e-03
-1.5316030e-03
-1.3570260e-03
-9.7704550e-04
-2.5508360e-04
2.2164370e-06
2.6901390e-05
1.7826390e-04
7.3270800e-04
1.3034750e-03
1.3945260e-03
1.3374790e-03
1.3297860e-03
1.6753740e-03
2.4042750e-03
2.7302650e-03
3.0663430e-03
3.7733890e-03
4.4035400e-03
5.2575940e-03
5.5382930e-03
5.3683500e-03
4.9228890e-03
4.5141450e-03
4.1282460e-03
3.6293190e-03
3.2420250e-03
3.1605910e-03
3.3191430e-03
3.1741160e-03
2.1151180e-03
8.9969830e-04
7.1378640e-04
6.3892610e-04
1.1743530e-04
-5.5658480e-04
-1.3412600e-03
-1.8878700e-03
-1.9679920e-03
-1.8192640e-03
-1.3100870e-03
-9.4294800e-04
-6.6817890e-04
-4.3927960e-04
2.5759880e-04
6.5141500e-04
3.1880700e-04
-3.5793380e-04
-7.7433840e-04
-1.4829470e-03
-1.9291250e-03
-2.0380750e-03
-2.1288060e-03
-2.0610740e-03
-1.5463780e-03
-8.5652490e-04
-7.5294350e-04
-1.1270720e-03
-1.8513970e-03
-2.7950210e-03
-4.1887670e-03
-4.7906160e-03
-4.8640990e-03
-4.5248320e-03
-3.8334710e-03
-3.5182860e-03
-3.1085520e-03
-2.3990070e-03
-2.3863160e-03
-3.0173440e-03
-3.4311620e-03
-4.0288270e-03
-4.6331940e-03
-4.7314440e-03
-4.7394450e-03
-4.8016630e-03
-4.8576580e-03
-4.5149070e-03
-3.4810570e-03
-2.4908350e-03
-1.8638750e-03
-1.1719340e-03
-9.1863920e-04
-5.0668020e-04
2.1093650e-04
6.1077740e-04
1.2302090e-03
1.7459370e-03
1.9214530e-03
2.1677860e-03
2.2583310e-03
1.9398570e-03
1.8914090e-03
1.9382100e-03
1.9967490e-03
1.8082340e-03
1.1757520e-03
6.9357790e-04
6.2572000e-04
6.1581690e-04
5.8222650e-04
5.6058270e-04
5.9925530e-04
6.3374560e-04
6.4385680e-04
6.5039170e-04
6.5340950e-04
6.3177700e-04
5.8791290e-04
5.7853320e-04
6.7060950e-04
1.1062540e-03
1.6110470e-03
1.5491550e-03
1.8866760e-03
2.0591730e-03
1.8581680e-03
9.1514310e-04
-1.7950750e-04
-7.8747450e-04
-1.2748120e-03
-1.6584060e-03
-1.9431300e-03
-1.9863470e-03
-1.9939120e-03
-2.0631920e-03
-2.1044600e-03
-1.7825150e-03
-9.7776120e-04
-6.6058910e-04
-9.7754910e-04
-1.1632360e-03
-2.7645620e-05
1.6932230e-03
2.8945450e-03
3.3056100e-03
3.3573600e-03
3.1038880e-03
2.3741420e-03
1.5873550e-03
6.2551730e-04
-5.1060950e-04
-1.5634340e-03
-2.1587260e-03
-2.5430310e-03
-2.4081010e-03
-2.0995900e-03
-2.0325180e-03
-1.7539620e-03
-1.0984320e-03
-6.4402530e-04
-5.5770890e-05
4.2156080e-04
6.3499380e-04
1.4873290e-03
2.6678830e-03
2.9875650e-03
2.2546690e-03
1.6103300e-03
1.2132670e-03
8.6414080e-04
3.7106770e-04
-4.0450950e-04
-2.8352760e-04
4.0071290e-04
6.1838210e-04
9.4037370e-04
1.8139950e-03
2.6674300e-03
3.2437650e-03
3.3193840e-03
3.3531840e-03
3.4387160e-03
3.3542040e-03
2.7282460e-03
2.0403180e-03
1.2909880e-03
8.0502570e-04
7.9840900e-04
8.3027460e-04
4.3529680e-04
-6.8702580e-04
-1.7224910e-03
-2.6320590e-03
-3.6211650e-03
-4.2744800e-03
-3.6154280e-03
-2.4073300e-03
-1.1082630e-03
2.4489620e-04
1.4310100e-03
2.2124710e-03
2.7619160e-03
2.5035500e-03
2.1134800e-03
2.0502630e-03
2.0550390e-03
2.0400820e-03
2.0274640e-03
2.1343360e-03
2.3776420e-03
2.3275280e-03
2.1225470e-03
2.1256060e-03
1.9213890e-03
1.1854470e-03
3.3201810e-04
-4.9891680e-04
-1.1373090e-03
-1.7761030e-03
-1.9158420e-03
-1.9708130e-03
-1.9583150e-03
-1.6173050e-03
-1.1660920e-03
-1.6805270e-03
-2.5126790e-03
-3.1649510e-03
-3.2537190e-03
-3.2824040e-03
-3.2900210e-03
-3.0559150e-03
-2.4228090e-03
-1.8326030e-03
-8.7049640e-04
-1.3606570e-05
1.9362150e-04
-1.1533620e-04
5.8916200e-04
1.2283480e-03
1.1905920e-03
7.5742560e-04
1.0014640e-03
1.7449690e-03
2.0760970e-03
2.1003830e-03
1.7049090e-03
9.8222930e-04
8.0232800e-04
7.9191740e-04
5.2462710e-04
-7.0770170e-05
-4.0284670e-04
1.8746540e-04
5.9926620e-04
2.3200130e-04
-2.2311730e-04
-6.4774280e-04
-6.6089050e-04
-6.3908990e-04
-7.2121630e-04
-7.5570040e-04
-3.9621620e-04
5.0704280e-04
1.3353740e-03
2.2183920e-03
3.0681830e-03
3.3088760e-03
3.3710960e-03
3.1290740e-03
2.4514620e-03
2.0333710e-03
1.8071750e-03
1.2498290e-03
8.2669070e-04
3.0695170e-04
-6.6203120e-04
-1.5073550e-03
-1.9586610e-03
-1.9974830e-03
-1.9939260e-03
-2.0637830e-03
-2.1306200e-03
-1.8824780e-03
-1.1446710e-03
-7.9820910e-04
-1.2219980e-03
-1.7240520e-03
-1.2854390e-03
-8.3546540e-04
-3.0162040e-04
4.1346820e-04
6.1473300e-04
6.3623380e-04
5.9781580e-04
5.6393460e-04
5.3580290e-04
5.4509200e-04
6.0374860e-04
6.6360870e-04
6.5605060e-04
4.4676860e-04
6.6333470e-05
-1.4593550e-05
-1.2704740e-04
-4.5780100e-04
-6.9746980e-04
-7.1745660e-04
-9.8755250e-04
-1.6785010e-03
-2.0339870e-03
-2.0381520e-03
-2.0158510e-03
-2.0554940e-03
-2.1078840e-03
-2.1642100e-03
-2.1488420e-03
-1.8660200e-03
-1.3474490e-03
-1.1904860e-03
-9.1006090e-04
-9.2672740e-04
-8.4293340e-04
-2.1865930e-04
7.0854220e-04
8.1338510e-04
5.8578340e-04
5.2155100e-04
5.2447300e-04
5.6134040e-04
6.0777850e-04
6.0905920e-04
5.9937980e-04
6.4902700e-04
7.2520370e-04
5.7523040e-04
-3.8802320e-05
-4.3787270e-04
4.6134810e-04
1.5505520e-03
1.6650240e-03
1.1328940e-03
1.3424230e-03
1.8676160e-03
1.5056580e-03
1.0416320e-03
1.3232080e-03
1.3538620e-03
8.8369790e-04
7.5679960e-04
7.6625990e-04
8.5762370e-04
9.3083890e-04
8.0747580e-04
2.3498080e-04
-3.4644200e-04
-3.8969540e-04
-3.4975600e-04
-4.7273970e-04
-1.0023320e-03
-1.5972350e-03
-1.6745700e-03
-1.5124510e-03
-1.4321340e-03
-1.0119590e-03
-6.2363210e-04
-1.1282700e-03
-1.7219460e-03
-1.7817520e-03
-1.7517450e-03
-2.0761410e-03
-2.8793350e-03
-3.2124360e-03
-2.8842430e-03
-2.2809190e-03
-2.5935370e-03
-3.0911330e-03
-3.2275910e-03
-3.2302680e-03
-3.2092900e-03
-3.1815010e-03
-3.2019170e-03
-3.2490050e-03
-3.2074590e-03
-2.8285900e-03
-2.0244970e-03
-1.5685680e-03
-1.3433210e-03
-4.0330160e-04
6.3830020e-04
1.0458880e-03
9.4987320e-04
1.8831450e-04
-4.5981450e-04
-2.7102610e-04
8.9046250e-04
2.1312320e-03
2.3162880e-03
2.4837870e-03
3.1364260e-03
3.7216700e-03
4.0256210e-03
4.2811680e-03
4.0393130e-03
3.9866160e-03
3.8177030e-03
3.2177440e-03
2.7199330e-03
2.6544990e-03
2.7186000e-03
2.7049690e-03
2.3015290e-03
1.5970160e-03
1.2245650e-03
5.8457150e-04
1.6021770e-04
4.7268430e-05
8.3749740e-05
1.4529930e-04
-4.1002300e-05
-7.0821180e-04
-1.3598270e-03
-1.9092260e-03
-2.0284990e-03
-1.6630750e-03
-1.4075960e-03
-1.3868770e-03
-1.1417980e-03
-4.1804600e-04
-7.8017920e-06
6.9625020e-05
3.1558790e-05
-1.1364250e-04
-2.9628400e-04
-1.7250670e-04
-7.5964290e-05
-6.3166160e-04
-1.0553490e-03
-4.3376250e-04
-1.8139650e-05
-2.8717920e-04
-9.7013850e-04
-8.4254660e-04
-1.8600890e-04
-8.5557140e-06
-3.7993450e-05
-1.4317200e-04
-6.2004680e-05
4.9956250e-04
1.1504180e-03
9.9653090e-04
3.5100120e-04
-4.5276820e-05
-6.3050080e-04
-1.5608730e-03
-2.4574230e-03
-2.8496430e-03
-2.6230170e-03
-1.6587160e-03
-5.3346990e-04
4.5573130e-04
1.5385420e-03
2.3094810e-03
3.0726670e-03
3.9533230e-03
4.1314220e-03
3.2893270e-03
2.5951050e-03
2.4024480e-03
2.3923590e-03
2.7183660e-03
3.4361210e-03
3.7249230e-03
3.6548050e-03
3.3952700e-03
2.1795410e-03
7.6014620e-04
7.1387600e-06
-2.9564150e-04
-5.9148660e-04
-5.7000960e-04
-4.0079560e-04
-2.1735010e-04
-1.4929880e-04
-1.0527950e-04
-9.8790760e-05
-1.6766740e-04
-2.0608450e-04
1.1936200e-04
9.3004700e-04
1.3021560e-03
1.0358680e-03
2.9667510e-04
-2.9255580e-05
-2.1170520e-05
9.6102360e-05
2.7906200e-05
-5.1953860e-04
-1.0888930e-03
-1.1804470e-03
-1.1588550e-03
-1.0550800e-03
-9.9896230e-04
-1.2681990e-03
-1.9092830e-03
-2.1640930e-03
-2.1889270e-03
-2.1353110e-03
-2.0397410e-03
-1.9804820e-03
-2.1556590e-03
-2.6418770e-03
-2.9097520e-03
-2.5572700e-03
-1.9366810e-03
-1.7919980e-03
-1.7707060e-03
-1.7537030e-03
-1.6975500e-03
-1.6609410e-03
-1.7137860e-03
-1.8525330e-03
-1.7369770e-03
-7.9473550e-04
5.1220560e-04
7.0967350e-04
5.2593570e-04
7.7884030e-04
9.3201020e-04
9.9911580e-04
6.8213200e-04
6.6949690e-06
-4.1038780e-04
-1.0033310e-03
-1.6265880e-03
-1.8242040e-03
-1.9084970e-03
-1.5232050e-03
-2.2112190e-04
8.1263910e-04
1.1481280e-03
1.0083990e-03
1.1513000e-03
1.8962100e-03
2.2247610e-03
2.2379030e-03
2.2789910e-03
2.6148880e-03
3.0586610e-03
3.4938100e-03
3.6191610e-03
3.5363330e-03
3.0523140e-03
2.4019280e-03
1.7295370e-03
8.2938180e-04
3.3372950e-05
-2.9351560e-04
-4.0318000e-04
-4.7904590e-04
-4.7073790e-04
-1.4328530e-04
4.3459020e-04
5.0150450e-04
4.9866400e-04
2.3132530e-04
5.2620020e-04
2.0300820e-04
-2.9703850e-04
-8.0872400e-05
6.1397370e-04
9.0214890e-04
9.3820720e-04
1.0669520e-03
1.3279370e-03
1.1378790e-03
6.7315660e-04
5.0060860e-04
3.9570200e-04
5.9292450e-04
6.3886050e-04
5.8428180e-06
-2.9415530e-04
-3.2373760e-04
-2.9799230e-04
-3.4553300e-04
-4.4857990e-04
-3.2113960e-04
3.1174830e-04
9.0862310e-04
6.7401560e-04
-2.1634950e-05
-2.7353350e-04
-4.6963210e-04
-1.0667670e-03
-1.4076360e-03
-9.8726270e-04
-5.3520430e-04
-3.9436690e-04
-4.3339550e-04
-3.5804540e-04
-5.4444900e-05
3.0232930e-04
1.2831900e-04
-2.3887260e-04
-3.1297880e-04
-3.1147060e-04
-2.9631810e-04
-2.9104480e-04
-3.0481570e-04
-3.5507010e-04
-3.9986850e-04
-3.8539320e-04
-3.1690390e-04
-2.5852220e-04
-2.8065400e-04
-5.5935130e-04
-1.0575220e-03
-1.4661100e-03
-1.6386180e-03
-1.7186750e-03
-1.7890770e-03
-1.5956230e-03
-8.8205350e-04
-4.4326390e-04
-9.8765150e-04
-1.5793180e-03
-1.6883400e-03
-1.6729560e-03
-1.6561550e-03
-1.6670310e-03
-1.6812190e-03
-1.6733580e-03
-1.6405770e-03
-1.6326170e-03
-1.7257750e-03
-1.8291450e-03
-1.4820370e-03
-2.9570720e-04
4.2411750e-04
1.8173840e-04
-1.0527840e-04
4.6018280e-04
9.4950510e-04
1.0179620e-03
1.0393690e-03
1.0255670e-03
1.0475480e-03
1.1136930e-03
1.1263490e-03
8.4575570e-04
2.5739670e-04
2.2942220e-04
5.4449630e-04
4.5475250e-04
7.1041020e-04
1.0056530e-03
1.0834850e-03
1.1410390e-03
1.0595590e-03
5.9805630e-04
1.9103090e-06
-2.7313930e-04
-7.7342630e-04
-1.1026840e-03
-8.1775240e-04
-1.1976920e-03
-1.5401220e-03
-1.5616730e-03
-1.5904880e-03
-1.9465070e-03
-2.5021550e-03
-2.7886360e-03
-2.3076560e-03
-1.7019940e-03
-1.6037450e-03
-1.6587550e-03
-1.5677670e-03
-9.8349670e-04
-4.8792590e-05
7.3992310e-04
9.7138790e-04
1.1167080e-03
1.7349500e-03
2.4266060e-03
2.5009700e-03
2.2173510e-03
1.9962030e-03
2.4431010e-03
2.9482250e-03
3.0587300e-03
2.7139260e-03
2.5293520e-03
2.5243500e-03
2.4984030e-03
