0.01
5.4095860e-03
5.6542410e-03
4.8707950e-03
2.6485340e-03
-5.4492160e-04
-3.5672080e-03
-5.2782390e-03
-5.4928180e-03
-3.9565680e-03
-5.9908360e-05
6.4413120e-03
1.3184460e-02
1.6695220e-02
1.5496390e-02
1.0478210e-02
4.6929310e-03
1.0165230e-03
-6.3181170e-04
-2.0932000e-03
-4.9725440e-03
-7.7440300e-03
-7.1473550e-03
-3.3865820e-03
1.7717430e-04
9.2442070e-04
1.0164880e-03
3.9599330e-03
8.1990430e-03
7.2068720e-03
-4.2135900e-03
-2.2828560e-02
-4.0733390e-02
-4.7402300e-02
-3.4104280e-02
-5.1293830e-03
2.0651160e-02
2.7952570e-02
1.3004730e-02
-1.4228520e-02
-3.6097200e-02
-4.0773410e-02
-2.5604300e-02
3.7711090e-03
3.1462360e-02
4.5639130e-02
3.9927970e-02
1.4031850e-02
-1.6569920e-02
-3.0955620e-02
-1.9602460e-02
9.8980130e-03
3.2970360e-02
2.8374930e-02
-4.0044950e-03
-3.7867680e-02
-5.1598250e-02
-4.1110290e-02
-1.5601570e-02
8.4616810e-03
2.4592090e-02
2.9555720e-02
2.2784090e-02
8.7696150e-03
-5.4718420e-03
-1.5550700e-02
-1.6263360e-02
-5.5134330e-03
1.5392430e-02
3.9472350e-02
5.1556850e-02
4.3530030e-02
2.4626370e-02
7.5232710e-03
-2.3387600e-03
-6.2987770e-03
-9.0410270e-03
-1.3085890e-02
-1.6640610e-02
-1.5517740e-02
-7.9342480e-03
4.1008330e-03
1.6147790e-02
2.2993090e-02
2.6022380e-02
2.8741640e-02
3.0234720e-02
2.3715710e-02
5.5350810e-03
-1.5182650e-02
-2.6911660e-02
-2.3426360e-02
-8.9044810e-03
4.2626160e-03
8.0798920e-03
3.4832000e-03
-4.3407040e-03
-8.2854740e-03
-5.6847490e-03
-7.1307050e-04
6.4696500e-04
-2.9593330e-03
-6.3327750e-03
-3.7454650e-03
4.2570640e-03
1.2104430e-02
1.4764830e-02
9.2356180e-03
-8.7876060e-04
-1.0258670e-02
-1.3422000e-02
-8.9909470e-03
-1.0526640e-03
5.2502510e-03
5.6003960e-03
-1.1559130e-03
-1.0011960e-02
-1.4572480e-02
-8.2599740e-03
8.4648510e-03
2.6501800e-02
3.3654760e-02
2.7180540e-02
1.1054410e-02
-1.6409680e-03
-3.8785870e-03
-2.7029730e-04
2.6820830e-04
-5.0122300e-03
-9.4319430e-03
-8.0722200e-03
-2.9005760e-03
-9.7479750e-04
-7.1330750e-03
-1.8320020e-02
-2.9682080e-02
-3.6976950e-02
-3.6311760e-02
-2.4934100e-02
-6.6722110e-03
9.3933930e-03
1.6017430e-02
1.4144260e-02
7.3326210e-03
-1.4402180e-03
-8.2425010e-03
-9.6717560e-03
-6.6448070e-03
-2.6730870e-03
-1.4597580e-04
1.1723950e-03
2.2617490e-03
2.3658300e-03
-1.2870880e-03
-8.7615630e-03
-1.6983380e-02
-1.6427630e-02
-2.3872980e-03
1.6921950e-02
2.3472780e-02
3.4751710e-03
-3.5270830e-02
-6.2747210e-02
-6.2888490e-02
-3.7964550e-02
-6.1185650e-03
1.4380730e-02
1.8599470e-02
1.2758990e-02
1.0070310e-02
2.2670280e-02
4.7047880e-02
6.3752490e-02
5.9664960e-02
3.9959910e-02
2.0295950e-02
1.0352310e-02
1.0931830e-02
1.5497400e-02
1.6604030e-02
1.0650450e-02
6.9330770e-05
-1.0027510e-02
-1.7950640e-02
-2.3077010e-02
-2.5478490e-02
-2.5641290e-02
-2.0695030e-02
-1.1798950e-02
-3.1807790e-03
-1.5462800e-03
-1.1403380e-02
-2.5761360e-02
-3.3208630e-02
-2.9630270e-02
-2.2012130e-02
-1.8304070e-02
-1.8896840e-02
-2.0048450e-02
-1.7175370e-02
-7.3712980e-03
8.4684670e-03
2.9154050e-02
5.2775890e-02
7.7243810e-02
9.3180350e-02
9.1558370e-02
6.8454120e-02
3.2890090e-02
7.1289520e-04
-1.7408220e-02
-2.1648500e-02
-1.8138190e-02
-1.3877910e-02
-1.5630250e-02
-2.4407890e-02
-3.4587340e-02
-3.5951180e-02
-2.0860100e-02
5.4978240e-03
2.7431930e-02
3.3336630e-02
2.0811440e-02
2.6000420e-03
-3.8863430e-03
8.0887490e-03
3.3920650e-02
5.5273990e-02
5.4556170e-02
2.8608050e-02
-1.0030520e-02
-3.5665770e-02
-3.1928670e-02
-2.9817190e-03
3.7367790e-02
6.7267190e-02
6.9740240e-02
4.2841640e-02
1.4355410e-03
-3.0288440e-02
-4.1318700e-02
-3.4462430e-02
-2.2309270e-02
-2.1777460e-02
-4.1997640e-02
-7.4957250e-02
-1.0548550e-01
-1.1537510e-01
-9.2434950e-02
-4.1523970e-02
1.7124950e-02
6.3354890e-02
8.4881300e-02
7.5096930e-02
3.5012730e-02
-2.0398400e-02
-7.2836120e-02
-1.0565340e-01
-1.1194470e-01
-9.9215300e-02
-7.7026430e-02
-5.3029170e-02
-2.8490320e-02
3.0463910e-04
3.3879510e-02
6.6715860e-02
8.1232590e-02
6.3993000e-02
1.5855740e-02
-3.8728590e-02
-7.0886900e-02
-6.9013440e-02
-3.7660980e-02
4.1475450e-03
3.8275400e-02
4.3739920e-02
6.1991490e-03
-5.5777300e-02
-1.0957210e-01
-1.4667850e-01
-1.6901750e-01
-1.7657310e-01
-1.6456650e-01
-1.2848480e-01
-7.6859740e-02
-3.1493310e-02
6.6931580e-03
4.6146690e-02
7.2587670e-02
7.6995190e-02
6.9026530e-02
5.9939490e-02
5.0558120e-02
3.5886450e-02
2.0224710e-02
2.1206080e-02
4.7656360e-02
9.8328050e-02
1.5950580e-01
2.1494530e-01
2.6124380e-01
2.8089870e-01
2.4429830e-01
1.4583580e-01
1.0435390e-02
-1.2047800e-01
-2.0612850e-01
-2.2956590e-01
-1.6487660e-01
-1.7721030e-02
1.3426830e-01
2.2806760e-01
2.3749590e-01
1.7620320e-01
6.9916770e-02
-1.2847870e-02
-6.8518070e-02
-9.9359790e-02
-1.0849400e-01
-1.1433460e-01
-1.2550580e-01
-1.3746720e-01
-1.3721020e-01
-1.1109190e-01
-6.5378460e-02
-2.8556530e-02
-2.3298330e-02
-5.6443630e-02
-1.1216590e-01
-1.4969500e-01
-1.3904480e-01
-7.2320990e-02
2.4031040e-02
1.0778670e-01
1.5750570e-01
1.7097340e-01
1.5451370e-01
1.1962610e-01
7.9312940e-02
4.0382990e-02
2.2662050e-02
3.1610330e-02
5.2256100e-02
7.9580290e-02
1.1012620e-01
1.2275580e-01
1.0501840e-01
6.4069450e-02
1.9264760e-02
-1.8128300e-02
-4.2429810e-02
-4.9466330e-02
-4.0289930e-02
-2.1960160e-02
-8.8655710e-03
-1.2032280e-02
-2.8647140e-02
-5.2803530e-02
-8.5754010e-02
-1.2169650e-01
-1.4891050e-01
-1.5979520e-01
-1.4647630e-01
-1.0587950e-01
-5.2922300e-02
-2.6354990e-03
3.3985000e-02
5.4190000e-02
5.7872350e-02
5.1312220e-02
3.8854590e-02
2.4789570e-02
1.3462180e-02
7.8756570e-03
5.8736830e-03
6.2081840e-03
1.0273760e-02
1.7987840e-02
1.9997480e-02
6.8591210e-03
-2.0123610e-02
-4.8118740e-02
-6.3877060e-02
-5.3668920e-02
-1.6777250e-02
2.9613790e-02
6.9116580e-02
8.5998080e-02
6.8458190e-02
2.2663190e-02
-2.4326080e-02
-5.1806530e-02
-4.8633670e-02
-1.4057410e-02
3.2803800e-02
6.7101010e-02
7.1971780e-02
4.3393730e-02
-3.4217000e-03
-3.9304460e-02
-4.4677360e-02
-1.2523700e-02
4.6003220e-02
1.1254070e-01
1.7210020e-01
2.1305100e-01
2.2502340e-01
1.8737320e-01
9.7391100e-02
-4.4499730e-04
-9.1752240e-02
-1.6385460e-01
-2.1750680e-01
-2.4928070e-01
-2.4673600e-01
-2.0570870e-01
-1.4858560e-01
-9.8200880e-02
-6.1689940e-02
-3.9760630e-02
-2.6780220e-02
-2.3909040e-02
-2.6206970e-02
-2.7946240e-02
-3.5187920e-02
-6.2995010e-02
-9.9973650e-02
-1.2280180e-01
-1.3089460e-01
-1.2390200e-01
-1.0690560e-01
-6.3128720e-02
2.0669060e-03
5.2886770e-02
8.5795140e-02
1.0581870e-01
1.0933020e-01
1.0268070e-01
9.5107060e-02
8.3538820e-02
6.9628660e-02
6.0711670e-02
5.7588630e-02
5.9989620e-02
6.5087660e-02
6.9557940e-02
6.8088410e-02
5.2442360e-02
3.0705970e-02
1.9147220e-02
1.8096800e-02
2.6201470e-02
3.8610040e-02
4.6364860e-02
3.9323060e-02
1.5518120e-02
-1.1441830e-02
-2.5236570e-02
-1.5406840e-02
1.8209140e-02
5.9794380e-02
9.0338460e-02
1.0320080e-01
9.7833810e-02
7.1424270e-02
3.0345330e-02
-1.6738900e-02
-6.4854010e-02
-1.0361990e-01
-1.2242230e-01
-1.1325870e-01
-8.1183130e-02
-4.1572080e-02
-5.8859620e-03
1.9403850e-02
3.1780690e-02
3.4265320e-02
3.1609240e-02
3.0875500e-02
3.5227450e-02
4.1798880e-02
4.6801600e-02
4.8039710e-02
4.0024600e-02
1.6805510e-02
-1.3071660e-02
-3.6854390e-02
-5.1459090e-02
-5.6300750e-02
-5.5246380e-02
-5.4211740e-02
-5.4701450e-02
-5.5564020e-02
-5.0623520e-02
-3.2800600e-02
-4.6246270e-04
4.1446290e-02
8.2331850e-02
1.0943090e-01
1.1297680e-01
8.6942160e-02
3.9510800e-02
-1.2547840e-02
-5.6660280e-02
-8.5435640e-02
-9.4865920e-02
-7.5227020e-02
-3.6796590e-02
-7.8380610e-04
2.2473040e-02
2.8702640e-02
1.7720730e-02
-3.5210690e-03
-2.1851890e-02
-2.8641730e-02
-2.0213790e-02
2.0785990e-03
2.7986510e-02
4.4210680e-02
4.7278420e-02
3.9036480e-02
2.5561630e-02
1.2234070e-02
2.8259000e-03
-3.9143940e-04
1.5224760e-03
7.0048760e-03
1.4386680e-02
2.2396950e-02
3.0514830e-02
3.7244180e-02
4.1419170e-02
4.1172090e-02
3.5604700e-02
2.6397330e-02
1.5208590e-02
3.4002450e-03
-9.8993780e-03
-2.6438850e-02
-4.4288240e-02
-5.8308260e-02
-6.3966680e-02
-5.5393710e-02
-3.5278170e-02
-1.3345140e-02
-3.2657240e-04
1.1943990e-03
-7.5413710e-03
-2.1574600e-02
-3.2144540e-02
-2.9848300e-02
-1.1385920e-02
1.7915150e-02
4.6319080e-02
6.3224240e-02
6.2913990e-02
4.5374520e-02
1.8363970e-02
-8.6140830e-03
-2.7954020e-02
-3.6360760e-02
-3.5371640e-02
-2.7727060e-02
-1.6189710e-02
-3.7517740e-03
8.3582880e-03
1.8910880e-02
2.6798580e-02
3.0539220e-02
2.8194660e-02
2.1766400e-02
1.8110850e-02
2.0946600e-02
2.8209250e-02
3.6023240e-02
3.8231630e-02
3.1571440e-02
1.6711910e-02
-1.9903730e-03
-1.8230520e-02
-2.9338980e-02
-3.3655100e-02
-2.9788570e-02
-2.0491900e-02
-9.5297850e-03
4.1596360e-04
8.9977060e-03
1.6287030e-02
2.1233500e-02
2.3610770e-02
2.2924860e-02
2.0631330e-02
1.9414480e-02
1.7456500e-02
1.3549670e-02
6.8601670e-03
-3.8820100e-03
-1.7935000e-02
-3.2820670e-02
-4.4144130e-02
-4.6597610e-02
-3.7115070e-02
-1.7854610e-02
4.3789990e-03
2.2324940e-02
3.3116840e-02
3.6102880e-02
2.9865720e-02
1.5200290e-02
-2.2435330e-03
-1.5472900e-02
-2.1516110e-02
-2.0475720e-02
-1.2035170e-02
-1.0463810e-04
9.9007970e-03
1.3287710e-02
8.3834070e-03
-3.1820970e-03
-1.6609110e-02
-2.7188070e-02
-3.1582810e-02
-2.8795540e-02
-2.2169350e-02
-1.3128770e-02
-4.2774540e-03
2.9538550e-03
8.1971840e-03
1.2352440e-02
1.6329760e-02
2.2038040e-02
2.9901680e-02
3.8269880e-02
4.4065510e-02
4.5508640e-02
4.1697090e-02
3.3653300e-02
2.5303140e-02
2.0666110e-02
2.1129800e-02
2.4311610e-02
2.6953480e-02
2.6640760e-02
2.1894570e-02
1.2343200e-02
2.1273070e-03
-3.6610980e-03
-3.5100540e-03
9.9855590e-04
7.1740720e-03
1.2694090e-02
1.5763960e-02
1.6695030e-02
1.6633200e-02
1.6866110e-02
1.6702470e-02
1.2970850e-02
3.3806050e-03
-1.0879670e-02
-2.5789320e-02
-3.8608530e-02
-4.9703240e-02
-5.8989980e-02
-6.4577900e-02
-6.4399710e-02
-5.9319390e-02
-5.2650820e-02
-4.6284900e-02
-4.2095000e-02
-4.1298740e-02
-4.4067330e-02
-4.9609330e-02
-5.5630720e-02
-5.8793100e-02
-5.6777170e-02
-5.0607570e-02
-4.2801640e-02
-3.6337840e-02
-3.2330300e-02
-2.9251680e-02
-2.4610020e-02
-1.6293810e-02
-4.5375760e-03
7.8873670e-03
1.8000770e-02
2.4083300e-02
2.5683270e-02
2.1836770e-02
1.3959190e-02
4.4763500e-03
-4.8390090e-03
-1.2470690e-02
-1.7999480e-02
-2.1131340e-02
-2.0871480e-02
-1.6505690e-02
-9.4200420e-03
-1.1917070e-03
7.2828260e-03
1.4825020e-02
1.9395330e-02
1.9233900e-02
1.7327160e-02
1.5560450e-02
1.4913800e-02
1.5408930e-02
1.6828210e-02
1.9788050e-02
2.3192940e-02
2.4635280e-02
2.1944910e-02
1.4225530e-02
4.1837280e-03
-3.6593100e-03
-8.2797570e-03
-8.6096690e-03
-4.1801250e-03
3.0650770e-03
8.9556980e-03
9.9730080e-03
6.9710740e-03
2.8400350e-03
-4.6839960e-04
-2.4478650e-03
-2.9486940e-03
-1.8408970e-03
6.7535140e-04
3.3525550e-03
5.0995370e-03
5.5836180e-03
4.5979010e-03
2.4076830e-03
-5.2772950e-04
-3.4598230e-03
-5.1126600e-03
-4.3464110e-03
-7.0495420e-04
5.1864170e-03
1.2293280e-02
1.7466010e-02
1.8704900e-02
1.5192060e-02
8.3512400e-03
1.5972710e-03
-2.1025650e-03
-1.2483010e-03
3.4277190e-03
9.8058820e-03
1.5312290e-02
1.7507060e-02
1.4603150e-02
7.4247360e-03
-1.1547760e-03
-8.7073510e-03
-1.4489010e-02
-1.9681880e-02
-2.5271670e-02
-3.0861580e-02
-3.6829500e-02
-4.2536840e-02
-4.6869430e-02
-4.7971510e-02
-4.6151550e-02
-4.2127050e-02
-3.6613780e-02
-3.1064170e-02
-2.6963740e-02
-2.4939670e-02
-2.4397290e-02
-2.4822010e-02
-2.4868100e-02
-2.4063650e-02
-2.1765210e-02
-1.7861310e-02
-1.2845290e-02
-8.3604520e-03
-6.0098310e-03
-6.2608860e-03
-8.7775700e-03
-1.2288980e-02
-1.5147710e-02
-1.5780220e-02
-1.3938550e-02
-9.7083970e-03
-3.6340770e-03
3.8441450e-03
1.0946250e-02
1.7221930e-02
2.2006140e-02
2.4928590e-02
2.6654670e-02
2.8016830e-02
3.0684980e-02
3.5698310e-02
4.2757500e-02
5.0107310e-02
5.5343910e-02
5.6879680e-02
5.3816270e-02
4.7086410e-02
3.8891310e-02
3.1448510e-02
2.5913220e-02
2.0987830e-02
1.5802180e-02
1.0367690e-02
4.7227130e-03
-9.2562260e-04
-6.1713550e-03
-1.0231440e-02
-1.1608500e-02
-9.5145490e-03
-4.9759000e-03
3.8495570e-04
4.9677480e-03
6.6662500e-03
4.3340240e-03
-1.6178000e-03
-7.4559950e-03
-8.3550700e-03
-3.1346890e-03
5.5593330e-03
1.3773850e-02
1.8533080e-02
1.9609500e-02
1.8666870e-02
1.8511740e-02
2.0528220e-02
2.3377850e-02
2.4694840e-02
2.2691080e-02
1.6879750e-02
1.0627170e-02
7.6137290e-03
7.6649070e-03
8.2973250e-03
7.2983460e-03
5.1001890e-03
1.8828890e-03
-3.2776240e-03
-1.1564000e-02
-2.2617640e-02
-3.3891010e-02
-4.2180490e-02
-4.5663420e-02
-4.4703050e-02
-4.0686460e-02
-3.4790020e-02
-2.8422740e-02
-2.2484270e-02
-1.6959200e-02
-1.1665350e-02
-6.2571130e-03
-2.2552630e-03
-5.0836900e-05
1.0709510e-03
2.3124120e-03
4.6718030e-03
6.7493780e-03
7.0042190e-03
5.9000120e-03
4.1071960e-03
1.6593490e-03
4.2290090e-04
2.2240130e-03
7.5490240e-03
1.5629510e-02
2.3958270e-02
2.9846680e-02
3.2413400e-02
3.2192600e-02
3.0656770e-02
2.9013380e-02
2.6815410e-02
2.3753420e-02
2.0303860e-02
1.6978340e-02
1.3942860e-02
1.1121210e-02
9.2054470e-03
8.6312280e-03
7.5359690e-03
4.8382840e-03
1.0266570e-03
-2.5461690e-03
-5.5665310e-03
-7.9390860e-03
-8.9648260e-03
-8.7344190e-03
-8.5772540e-03
-1.0173500e-02
-1.3542470e-02
-1.6746750e-02
-1.7330390e-02
-1.4114410e-02
-8.4907610e-03
-3.7568660e-03
-2.9488750e-03
-6.2137630e-03
-1.1867190e-02
-1.6523280e-02
-1.6561530e-02
-1.0945560e-02
-3.1266660e-03
1.5073900e-03
-1.0875610e-03
-1.0552430e-02
-2.2016840e-02
-3.0516240e-02
-3.2304370e-02
-2.7077740e-02
-1.9243110e-02
-1.5247950e-02
-1.7795080e-02
-2.4198780e-02
-2.9544500e-02
-2.8831230e-02
-2.1123850e-02
-9.1434640e-03
3.2187520e-03
1.3863060e-02
2.1740890e-02
2.6764890e-02
2.9248130e-02
2.8953840e-02
2.5289650e-02
1.7292080e-02
7.0614230e-03
1.2489670e-04
1.7007800e-03
1.1974220e-02
2.5261950e-02
3.2284750e-02
2.6856750e-02
1.0599360e-02
-8.6013870e-03
-2.3395680e-02
-2.4397080e-02
-1.0104410e-02
1.4283470e-02
3.7249550e-02
4.9682540e-02
4.6435860e-02
2.7873750e-02
2.6677410e-03
-1.7305740e-02
-2.6145430e-02
-2.1314960e-02
-5.9141820e-03
1.3075050e-02
2.5418620e-02
2.5528020e-02
1.3214200e-02
-4.2354600e-03
-1.6957280e-02
-1.7351180e-02
-3.7409780e-03
1.7918270e-02
3.6375180e-02
4.2865650e-02
3.6641080e-02
2.2275940e-02
7.6592010e-03
-5.0300960e-04
2.4060570e-04
7.2518410e-03
1.6519320e-02
2.4726860e-02
2.9690310e-02
3.0470050e-02
2.4602670e-02
1.0358200e-02
-9.2447500e-03
-2.8181290e-02
-4.0063290e-02
-3.8017900e-02
-2.1579480e-02
2.0003130e-03
2.1320270e-02
3.1378440e-02
2.8768940e-02
1.4932320e-02
-4.6477910e-03
-2.3525620e-02
-3.6310360e-02
-4.1255750e-02
-3.8217870e-02
-2.9797650e-02
-2.0948020e-02
-1.5708850e-02
-1.7152520e-02
-2.4844730e-02
-3.4884390e-02
-4.0509730e-02
-3.6734770e-02
-2.2588400e-02
-3.5320420e-03
1.3313680e-02
2.2840030e-02
2.1618870e-02
9.6827120e-03
-7.9358440e-03
-2.3618850e-02
-3.0737280e-02
-2.5685160e-02
-1.0462520e-02
6.8591450e-03
1.8286960e-02
2.1413970e-02
1.6814660e-02
9.2533200e-03
3.9698120e-03
2.8560930e-03
4.8808560e-03
6.6164950e-03
5.6522360e-03
1.1984350e-03
-5.4575450e-03
-1.2149280e-02
-1.7586680e-02
-2.1548330e-02
-2.3109930e-02
-2.1512970e-02
-1.7878940e-02
-1.2949220e-02
-7.8072050e-03
-3.7894000e-03
-1.2318720e-03
1.4089470e-03
5.7904980e-03
1.2266480e-02
1.9546340e-02
2.5061030e-02
2.4868330e-02
1.7446940e-02
5.7008500e-03
-5.3669610e-03
-1.1393710e-02
-8.8436340e-03
2.1810090e-03
1.7059480e-02
2.8128160e-02
3.0157320e-02
2.2640110e-02
8.6964100e-03
-6.6534200e-03
-1.8960530e-02
-2.4605910e-02
-2.3693590e-02
-1.6883250e-02
-5.9331500e-03
6.2603370e-03
1.5165240e-02
1.8384910e-02
1.4567870e-02
4.6476810e-03
-7.3042940e-03
-1.5635960e-02
-1.6955150e-02
-1.1106190e-02
-4.7776940e-04
8.8299070e-03
1.1276110e-02
5.0583980e-03
-6.7369190e-03
-1.8319180e-02
-2.4514060e-02
-2.3523930e-02
-1.7247710e-02
-8.8515350e-03
-8.6485880e-04
4.8897190e-03
6.0657980e-03
2.3686800e-03
-3.4361830e-03
-6.7798650e-03
-6.4017350e-03
-2.1778880e-03
4.4635100e-03
9.8326410e-03
1.1627370e-02
9.5084750e-03
4.3801060e-03
-2.2681630e-03
-8.1952300e-03
-1.1390700e-02
-1.0917240e-02
-7.3779690e-03
-1.4960780e-03
4.5347900e-03
9.7430660e-03
1.3863970e-02
1.6356230e-02
1.7374530e-02
1.7437610e-02
1.6571040e-02
1.5266120e-02
1.3513430e-02
1.1674480e-02
9.7016570e-03
6.9827730e-03
3.6816840e-03
9.3907840e-04
-3.5355190e-04
3.6971110e-04
3.2047340e-03
7.4121110e-03
1.0905570e-02
1.0574280e-02
4.8120480e-03
-5.6984720e-03
-1.7496320e-02
-2.5055060e-02
-2.3250080e-02
-1.1122390e-02
7.4148040e-03
2.5398380e-02
3.7865170e-02
4.1180180e-02
3.6833650e-02
2.9682890e-02
2.4945160e-02
2.4638640e-02
2.6536770e-02
2.6716060e-02
2.1944550e-02
1.1763140e-02
-9.6620530e-04
-1.0813360e-02
-1.3644190e-02
-8.2640960e-03
2.2739890e-03
1.1768950e-02
1.5714600e-02
1.2294030e-02
2.6556800e-03
-9.4217360e-03
-1.9086150e-02
-2.3541060e-02
-2.2590570e-02
-1.8148600e-02
-1.2558930e-02
-7.6599740e-03
-4.2186250e-03
-3.3684950e-03
-5.3264640e-03
-9.9456080e-03
-1.5491090e-02
-1.9387210e-02
-2.0713440e-02
-1.8820750e-02
-1.4108600e-02
-7.9293570e-03
-2.7317490e-03
9.9007710e-04
2.3917080e-03
2.5945690e-04
-4.5101400e-03
-9.8717790e-03
-1.3487570e-02
-1.3215680e-02
-9.9152560e-03
-6.1077570e-03
-3.9137170e-03
-4.6445760e-03
-8.1665990e-03
-1.2746420e-02
-1.7247210e-02
-2.0318340e-02
-2.1197760e-02
-1.9867610e-02
-1.6687340e-02
-1.3448720e-02
-1.1943100e-02
-1.2343830e-02
-1.3826140e-02
-1.5343230e-02
-1.6305560e-02
-1.6160950e-02
-1.4535760e-02
-1.1424590e-02
-7.4417290e-03
-4.4228760e-03
-3.7961980e-03
-5.9030900e-03
-9.2906340e-03
-1.1414950e-02
-1.0251560e-02
-4.8749300e-03
3.3714270e-03
1.1963900e-02
1.8783820e-02
2.2319870e-02
2.2129090e-02
1.9206190e-02
1.5696980e-02
1.2559800e-02
1.0400630e-02
9.8613830e-03
1.0929990e-02
1.2541570e-02
1.2879060e-02
1.0744520e-02
5.9909110e-03
-8.0207150e-05
-5.5477000e-03
-8.0673700e-03
-6.8635510e-03
-3.2384720e-03
4.1916020e-04
2.6777990e-03
3.1352240e-03
1.9612700e-03
4.4225460e-04
1.8717220e-04
2.2851250e-03
5.6010730e-03
8.2253780e-03
8.9904160e-03
7.3679000e-03
4.7560070e-03
2.6945650e-03
2.6355600e-03
4.3136340e-03
7.6149840e-03
1.1804910e-02
1.5804380e-02
1.8621680e-02
1.9637310e-02
1.8133070e-02
1.4279380e-02
8.5965930e-03
2.7617710e-03
-1.7869190e-03
-4.1558450e-03
-4.3833070e-03
-3.9955000e-03
-4.4712690e-03
-6.4233800e-03
-9.0261850e-03
-1.0774200e-02
-1.0636690e-02
-7.7372010e-03
-2.1765080e-03
4.1090400e-03
9.0439230e-03
1.1145670e-02
9.0567170e-03
3.5417330e-03
-3.7783500e-03
-1.1187190e-02
-1.7162620e-02
-2.1022380e-02
-2.1482500e-02
-1.8841540e-02
-1.4438080e-02
-1.0545750e-02
-8.5900170e-03
-9.1573200e-03
-1.1087450e-02
-1.1693730e-02
-9.8299900e-03
-5.9149730e-03
-4.8771840e-04
6.1545120e-03
1.2562980e-02
1.7162390e-02
2.0188940e-02
2.1183950e-02
2.0254180e-02
1.8111160e-02
1.6011980e-02
1.3812280e-02
1.0847820e-02
7.9620060e-03
6.1595710e-03
5.0321470e-03
4.4690580e-03
4.6785050e-03
5.9003000e-03
7.9406090e-03
1.0029230e-02
1.1440910e-02
1.1426860e-02
9.5662330e-03
6.2581720e-03
2.3423600e-03
-1.3070340e-03
-4.5646170e-03
-7.6025180e-03
-1.0152280e-02
-1.1870550e-02
-1.2596700e-02
-1.2336710e-02
-1.1160850e-02
-8.9543330e-03
-6.4566640e-03
-4.5611380e-03
-3.5034650e-03
-2.8489030e-03
-2.6735960e-03
-3.9746720e-03
-6.4893300e-03
-9.2103070e-03
-1.1672730e-02
-1.3190890e-02
-1.3540270e-02
-1.3077010e-02
-1.2883270e-02
-1.3615200e-02
-1.4349520e-02
-1.5066510e-02
-1.5436370e-02
-1.4533420e-02
-1.1768270e-02
-8.0238200e-03
-4.6783680e-03
-3.3938800e-03
-4.4144050e-03
-7.6277620e-03
-1.1330740e-02
-1.3076940e-02
-1.2044380e-02
-9.2906660e-03
-5.9070860e-03
-2.9173860e-03
-1.6416300e-03
-3.0594470e-03
-6.8164320e-03
-1.0985520e-02
-1.3687820e-02
-1.3971500e-02
-1.2080390e-02
-9.2799400e-03
-7.4540840e-03
-7.7020570e-03
-1.0388510e-02
-1.3985010e-02
-1.7374060e-02
-2.0430340e-02
-2.2270900e-02
-2.2885550e-02
-2.3231210e-02
-2.3478610e-02
-2.3093970e-02
-2.1037780e-02
-1.6788310e-02
-1.1300790e-02
-5.6800890e-03
-8.7803980e-04
2.5877040e-03
4.4429340e-03
5.1122610e-03
4.8926580e-03
3.9014000e-03
2.8430840e-03
2.3930200e-03
2.1635510e-03
2.2225960e-03
3.0743490e-03
4.4643570e-03
5.4466830e-03
4.8829180e-03
3.6325370e-03
3.1102920e-03
4.0593590e-03
6.8931350e-03
1.1238410e-02
1.6130640e-02
2.0507890e-02
2.3635750e-02
2.5483130e-02
2.5335700e-02
2.2773860e-02
1.9889600e-02
1.7796950e-02
1.6599410e-02
1.6070030e-02
1.5526900e-02
1.4302040e-02
1.1892990e-02
8.5903930e-03
5.4354980e-03
3.5736860e-03
2.7822060e-03
3.1263020e-03
3.8822900e-03
4.5491910e-03
5.3675050e-03
7.0755080e-03
9.6209060e-03
1.2036940e-02
1.4064730e-02
1.5498410e-02
1.5723870e-02
1.4864400e-02
1.3729220e-02
1.2213150e-02
1.0728680e-02
9.4327410e-03
8.4855660e-03
7.9638470e-03
7.5547350e-03
6.9457160e-03
6.5975050e-03
7.1822190e-03
9.0880710e-03
1.1667260e-02
1.3501900e-02
1.4125670e-02
1.4371510e-02
1.4163910e-02
1.3302080e-02
1.2015820e-02
1.0836460e-02
9.8439640e-03
8.6545400e-03
7.3271420e-03
5.5906070e-03
4.0763970e-03
3.5465470e-03
3.7734250e-03
4.4713160e-03
5.0307120e-03
5.7559940e-03
6.4585710e-03
6.7870740e-03
6.4890060e-03
5.5827190e-03
4.4625330e-03
3.5597890e-03
3.1779570e-03
3.4738120e-03
4.0726130e-03
4.1185910e-03
3.3636740e-03
1.7836760e-03
-2.8329210e-04
-2.4508470e-03
-4.0646310e-03
-4.6389750e-03
-4.2626000e-03
-3.4292720e-03
-2.6267490e-03
-1.8213790e-03
-1.2346520e-03
-6.6844760e-04
-1.5752460e-04
1.8451120e-04
2.0274270e-04
-1.5492470e-04
-1.1043320e-03
-2.2532450e-03
-3.0988430e-03
-3.6666750e-03
-3.9519300e-03
-4.0930990e-03
-4.6839480e-03
-5.7705500e-03
-7.0002540e-03
-7.8564730e-03
-8.2168490e-03
-8.7232310e-03
-9.1421590e-03
-8.5362100e-03
-7.0049280e-03
-4.2850240e-03
-8.7642140e-04
2.2759030e-03
4.3848470e-03
5.9553830e-03
7.5438790e-03
8.4180870e-03
8.0692190e-03
7.5205780e-03
7.2996670e-03
7.1949100e-03
6.8621960e-03
6.4433210e-03
6.2690810e-03
6.1003870e-03
5.5868660e-03
4.6415040e-03
3.6968640e-03
3.3123610e-03
3.0806400e-03
2.8898010e-03
3.0649350e-03
3.4646070e-03
3.3365870e-03
2.5136590e-03
1.4123840e-03
3.0260350e-04
-8.4959630e-04
-1.9539010e-03
-3.0303920e-03
-4.5634550e-03
-6.3177300e-03
-7.9517690e-03
-9.0700600e-03
-8.9399780e-03
-7.3539720e-03
-4.4866130e-03
-1.0945610e-03
2.0413200e-03
4.6284980e-03
6.4907920e-03
7.6952360e-03
8.0966850e-03
7.8425840e-03
7.9744830e-03
8.6741400e-03
9.0274110e-03
8.2989750e-03
6.6547570e-03
4.5339640e-03
2.4727120e-03
4.5315740e-04
-1.9211840e-03
-4.2487200e-03
-5.2538810e-03
-4.9054840e-03
-3.6375010e-03
-2.3394870e-03
-1.5558920e-03
-1.2053640e-03
-1.5858140e-03
-2.4276300e-03
-3.4637820e-03
-4.6724020e-03
-6.2017330e-03
-7.8366740e-03
-9.3645380e-03
-1.0528650e-02
-1.1243660e-02
-1.1273170e-02
-1.0819880e-02
-1.0505050e-02
-1.0616930e-02
-1.1157140e-02
-1.1973110e-02
-1.2721010e-02
-1.3183800e-02
-1.3044550e-02
-1.2791800e-02
-1.2604870e-02
-1.2552480e-02
-1.2827580e-02
-1.3011400e-02
-1.3128020e-02
-1.3597260e-02
-1.4393160e-02
-1.5270070e-02
-1.5868260e-02
-1.6329910e-02
-1.6610870e-02
-1.6384470e-02
-1.5418890e-02
-1.3974130e-02
-1.2323160e-02
-9.9340540e-03
-7.4603330e-03
-6.1315660e-03
-5.9086000e-03
-6.1171450e-03
-6.3445230e-03
-6.1212070e-03
-5.5252460e-03
-4.7383300e-03
-4.2321950e-03
-4.3099840e-03
-4.9497700e-03
-6.3710930e-03
-8.3298540e-03
-9.5264770e-03
-9.7575920e-03
-9.2039900e-03
-8.0082810e-03
-7.0766340e-03
-6.7830930e-03
-6.8504310e-03
-6.8909720e-03
-6.9537460e-03
-7.1697510e-03
-7.5106510e-03
-7.7722680e-03
-7.8651230e-03
-8.0430860e-03
-8.2117270e-03
-8.2640110e-03
-8.0311670e-03
-7.0920850e-03
-5.8393150e-03
-4.8496650e-03
-3.8701050e-03
-2.7001590e-03
-1.8769290e-03
-9.2722230e-04
1.2343220e-04
1.0163740e-03
1.5348790e-03
2.1547570e-03
2.9105760e-03
3.5181120e-03
4.3004820e-03
5.5895060e-03
7.0936260e-03
8.5931660e-03
9.6280770e-03
9.9167770e-03
1.0560400e-02
1.1921390e-02
1.2989500e-02
1.3604830e-02
1.3754660e-02
1.3321090e-02
1.3303250e-02
1.2948840e-02
1.2518610e-02
1.2255840e-02
1.2259930e-02
1.2542430e-02
1.2730910e-02
1.2050330e-02
1.0863820e-02
1.0061580e-02
9.5783200e-03
8.7207000e-03
6.9980150e-03
4.8196060e-03
3.1506780e-03
2.5241050e-03
2.4792020e-03
2.5769200e-03
2.2323560e-03
1.4369930e-03
4.8245940e-04
-5.0110250e-04
-8.2657890e-04
-5.5755070e-04
2.8591760e-04
1.5654110e-03
2.6018630e-03
3.4494970e-03
3.7161710e-03
3.0683700e-03
1.8081930e-03
-6.3986210e-05
-1.8947050e-03
-3.4794720e-03
-4.4267230e-03
-4.3634020e-03
-3.3358690e-03
-2.5481260e-03
-2.1021080e-03
-1.7078040e-03
-1.2376160e-03
-8.2067090e-04
-7.8834220e-04
-1.2711980e-03
-1.3640160e-03
-9.7316000e-04
-7.2740530e-04
-8.7185790e-04
-1.0380090e-03
-6.8751420e-04
2.4036590e-04
9.6684170e-04
1.1924010e-03
4.5650240e-04
-7.2145840e-04
-1.7556290e-03
-2.8803740e-03
-4.0680640e-03
-4.7403170e-03
-4.5945540e-03
-3.9150830e-03
-3.4813350e-03
-2.9524000e-03
-2.4775200e-03
-1.8128220e-03
-3.6604140e-04
1.9754030e-03
4.8455100e-03
8.0022760e-03
1.0394470e-02
1.1359040e-02
1.1578950e-02
1.1922270e-02
1.2274450e-02
1.2351750e-02
1.2365410e-02
1.2540730e-02
1.2375700e-02
1.1315060e-02
9.3752410e-03
7.5556440e-03
6.2061830e-03
6.0164070e-03
6.7494990e-03
8.1723780e-03
9.8960040e-03
1.1537900e-02
1.2875120e-02
1.3695170e-02
1.3898720e-02
1.3516410e-02
1.2997990e-02
1.2350270e-02
1.2109920e-02
1.2559070e-02
1.3075360e-02
1.2630300e-02
1.0948480e-02
8.7200960e-03
7.0800910e-03
6.2824030e-03
5.9812020e-03
6.8605210e-03
8.2160510e-03
9.2528140e-03
9.5643080e-03
8.4891610e-03
6.1694070e-03
3.5464160e-03
1.9846370e-03
1.6514730e-03
2.6711600e-03
4.1256330e-03
4.8099930e-03
4.1618100e-03
2.0095050e-03
-1.0766680e-03
-4.3155550e-03
-6.8270560e-03
-7.8966740e-03
-6.7010800e-03
-4.0853420e-03
-1.4940050e-03
-2.8586780e-04
-5.5844190e-04
-1.7630610e-03
-3.3452250e-03
-4.5235440e-03
-4.8449670e-03
-4.2729490e-03
-3.4540010e-03
-2.7994470e-03
-2.7899090e-03
-3.4241130e-03
-4.2486400e-03
-4.9459790e-03
-5.6386250e-03
-6.6174870e-03
-7.4882940e-03
-8.0139180e-03
-8.3301640e-03
-8.6702440e-03
-9.1530510e-03
-9.6522810e-03
-9.3651130e-03
-8.5705460e-03
-7.7938220e-03
-6.9549410e-03
-5.7932210e-03
-4.2680760e-03
-2.4781000e-03
-9.8988870e-04
3.4033540e-05
9.7877860e-04
2.4019780e-03
4.0542630e-03
5.1222090e-03
5.0715860e-03
4.5989380e-03
4.3067720e-03
4.4116790e-03
5.1843260e-03
6.6792290e-03
8.3333930e-03
9.3484300e-03
9.2475280e-03
7.4912930e-03
4.4981350e-03
1.4449370e-03
-5.4825940e-04
-6.9373510e-04
1.0075920e-03
3.2908210e-03
5.3702380e-03
6.4094270e-03
5.4543810e-03
2.6787980e-03
-7.5962770e-04
-4.0428810e-03
-6.9525550e-03
-8.8465740e-03
-9.7146010e-03
-1.0130450e-02
-1.0735300e-02
-1.1754300e-02
-1.2550550e-02
-1.2920490e-02
-1.2928040e-02
-1.2282120e-02
-1.0786170e-02
-9.0370210e-03
-7.6994350e-03
-7.6436050e-03
-8.7285690e-03
-9.3268290e-03
-9.5441760e-03
-9.8508000e-03
-1.0204230e-02
-1.0338560e-02
-1.0485950e-02
-1.0416430e-02
-1.0193570e-02
-9.9287070e-03
-9.1907660e-03
-7.4341290e-03
-4.8672050e-03
-2.5084780e-03
-8.8988770e-04
1.0619410e-03
3.4819310e-03
5.3077400e-03
6.0077950e-03
5.1476710e-03
3.2554840e-03
9.7157310e-04
-1.4801510e-03
-3.7594730e-03
-5.7438880e-03
-7.3572070e-03
-8.7552760e-03
-9.9914690e-03
-1.1162790e-02
-1.2476470e-02
-1.3205560e-02
-1.2816620e-02
-1.1371170e-02
-8.8944770e-03
-6.4831560e-03
-4.5142710e-03
-3.0292210e-03
-2.2772900e-03
-2.4445100e-03
-2.9226040e-03
-3.3322710e-03
-3.2458300e-03
-2.7086240e-03
-1.9412370e-03
-1.0908110e-03
-4.8639110e-04
-5.0514860e-05
2.6264370e-04
-2.0113990e-04
-1.2270730e-03
-1.9523120e-03
-1.6844890e-03
-8.0533150e-04
-1.9422070e-04
7.9085680e-05
2.1561940e-04
3.5245670e-04
4.5688760e-04
5.5687890e-04
9.7490580e-04
1.3521140e-03
1.7735890e-03
2.4636440e-03
2.1038030e-03
4.9786990e-04
-1.4323070e-03
-3.0019870e-03
-3.8538640e-03
-3.9573650e-03
-3.2875710e-03
-1.8159620e-03
-1.3083040e-04
1.1939850e-03
1.7001260e-03
1.4509370e-03
8.8439290e-04
5.2078270e-04
7.3976950e-04
1.7352880e-03
3.6274980e-03
6.0939130e-03
8.2386990e-03
9.3888830e-03
8.8597470e-03
6.7262910e-03
3.8520360e-03
1.2142360e-03
6.9496920e-05
7.0941670e-04
2.2890140e-03
4.0373740e-03
5.5621540e-03
6.3533490e-03
6.4312400e-03
6.1536230e-03
5.8860440e-03
5.7263950e-03
5.4124140e-03
4.5302440e-03
2.9905960e-03
1.3639250e-03
1.4561670e-03
3.3808760e-03
6.2776370e-03
9.1730520e-03
1.1070950e-02
1.1648360e-02
1.0876560e-02
8.7136910e-03
5.5719840e-03
2.3169150e-03
7.9310860e-04
1.7047130e-03
3.8502450e-03
5.9376080e-03
7.4075270e-03
8.0646960e-03
8.0726800e-03
7.0884230e-03
5.4951510e-03
4.0705460e-03
3.7522440e-03
4.0885430e-03
4.9891220e-03
5.6763060e-03
5.6652910e-03
4.6373440e-03
3.3011680e-03
2.8153320e-03
2.5436740e-03
2.0493590e-03
1.4159870e-03
7.2326790e-04
-5.3753020e-05
-8.8744080e-04
-1.6828020e-03
-2.5438830e-03
-3.3925020e-03
-3.8453700e-03
-3.5924690e-03
-2.9940150e-03
-2.6704680e-03
-2.8036840e-03
-3.3428220e-03
-4.4022270e-03
-5.8948150e-03
-7.2533050e-03
-8.1138790e-03
-8.1470510e-03
-7.5881670e-03
-6.8032620e-03
-5.5496300e-03
-4.4247180e-03
-4.2430660e-03
-4.7918510e-03
-5.4011940e-03
-5.6482090e-03
-5.4622640e-03
-4.7880990e-03
-3.9298610e-03
-3.1498590e-03
-2.6359130e-03
-2.3413210e-03
-2.5030260e-03
-3.5467030e-03
-4.8906120e-03
-5.9880560e-03
-6.2061320e-03
-5.7704230e-03
-4.8249630e-03
-3.3815010e-03
-1.5217170e-03
-2.2044610e-04
2.7049610e-04
2.2293960e-04
1.9262790e-05
-3.3203830e-04
-4.8223690e-04
-3.9311500e-04
-1.8151270e-04
2.0610910e-04
3.5971320e-04
5.5482930e-04
1.0934420e-03
1.9578470e-03
3.2081690e-03
4.5832650e-03
5.9033350e-03
6.7422620e-03
6.9825860e-03
6.6122640e-03
5.8008480e-03
4.7854730e-03
