0.01
-3.9618700e-04
-4.0648160e-04
-4.1048010e-04
-3.8984340e-04
-3.4358310e-04
-2.9534700e-04
-2.4293860e-04
-2.1139010e-04
-2.7735110e-04
-4.0802200e-04
-5.6486930e-04
-7.7286930e-04
-9.8251120e-04
-1.1334230e-03
-1.0271370e-03
-6.0067000e-04
-6.9763330e-05
1.8875490e-04
1.9699250e-04
1.7367720e-04
1.6818530e-04
6.4367780e-05
-4.6965680e-04
-1.3336610e-03
-1.6842590e-03
-1.3322480e-03
-1.2677380e-03
-1.4485180e-03
-1.1790840e-03
-7.3105140e-04
-3.9743340e-04
1.2563470e-03
3.4941380e-03
2.9363950e-03
8.5348610e-04
-3.5305480e-04
-2.0799500e-03
-2.5920230e-03
-1.0620670e-03
-1.6748330e-04
1.4073400e-04
1.4169830e-03
2.3605920e-03
1.9945100e-03
1.5482320e-03
-1.0025800e-03
-4.9631950e-03
-5.4018860e-03
-1.8897120e-03
2.6731690e-03
7.4990450e-03
1.0125740e-02
8.6471710e-03
7.0209800e-03
4.3392070e-03
-2.7113650e-03
-9.5788270e-03
-1.3551650e-02
-1.5386270e-02
-1.2517360e-02
-3.2990210e-03
5.0637990e-03
7.2544690e-03
6.3326560e-03
6.8909720e-03
6.9665560e-03
4.7331380e-03
1.4784960e-03
-3.2464800e-03
-7.4733890e-03
-1.0181510e-02
-1.1108530e-02
-8.3385200e-03
-1.8615330e-03
3.9929780e-03
8.2139630e-03
1.0947700e-02
1.0485510e-02
5.6496340e-03
2.2969970e-03
2.1346310e-03
3.7057130e-03
6.3406220e-03
9.4751590e-03
9.3751910e-03
6.3919030e-03
4.2281010e-03
1.6097630e-03
-4.8000930e-03
-1.3635700e-02
-1.8345190e-02
-1.3861470e-02
-2.9016860e-03
3.4961760e-03
1.3213690e-03
-6.4229960e-03
-1.4834410e-02
-1.6740160e-02
-1.0502820e-02
-3.3027470e-03
-2.3712630e-03
-9.9489460e-03
-1.7485320e-02
-1.4196680e-02
-3.2421310e-04
1.3331490e-02
1.8991370e-02
1.9327770e-02
1.9853750e-02
1.8166750e-02
1.1383690e-02
3.8316660e-03
-1.4473140e-04
1.7563090e-03
4.2471730e-03
2.2256030e-03
-3.5023020e-04
-5.5073240e-04
-4.4088200e-03
-1.2028640e-02
-1.5519000e-02
-1.2931730e-02
-8.7842440e-03
-6.9925520e-03
-1.0756630e-02
-1.4718370e-02
-8.8798480e-03
3.9186060e-03
8.9942560e-03
1.0427270e-02
1.7541860e-02
2.4405430e-02
2.5007470e-02
2.3521070e-02
1.5765900e-02
-2.1111030e-03
-1.6063350e-02
-1.7560520e-02
-1.0527540e-02
-6.6866020e-04
4.4336810e-03
1.8293290e-03
-1.8231330e-03
-9.3169630e-04
3.5879530e-03
6.0259110e-03
3.2538020e-03
-1.3508430e-03
-1.8658980e-03
3.9300590e-03
5.9095750e-03
-3.5294450e-03
-1.3364180e-02
-1.3193520e-02
1.4275150e-03
1.9151900e-02
2.3216800e-02
1.6551220e-02
6.0653320e-03
-2.0005140e-03
-4.4311560e-03
-5.4367960e-03
-4.1994180e-03
9.5579820e-04
5.5302380e-03
7.2712030e-03
7.3731110e-03
2.6575480e-03
-7.0682150e-03
-1.4678610e-02
-1.4564900e-02
-1.3634570e-02
-1.6094040e-02
-1.6884410e-02
-1.5800450e-02
-1.3525330e-02
-4.8772570e-03
4.4520670e-03
9.3901620e-03
1.5187520e-02
1.9325830e-02
1.4865630e-02
3.4194380e-03
-8.1775660e-03
-1.4843920e-02
-1.2302440e-02
1.3127340e-03
1.6533530e-02
2.4922520e-02
3.0200100e-02
2.8999550e-02
1.8539170e-02
3.2920980e-03
-1.3154410e-02
-2.8087320e-02
-3.4242830e-02
-3.3927060e-02
-2.9860670e-02
-2.1914250e-02
-1.2008620e-02
-2.3498680e-03
7.2238510e-03
1.6697300e-02
2.2520530e-02
2.1267050e-02
1.4561030e-02
6.6436150e-03
-9.0048040e-04
-8.4172850e-03
-1.5826000e-02
-1.7721580e-02
-1.2148340e-02
-1.5361680e-03
8.4171760e-03
1.3654350e-02
1.2877120e-02
8.5220680e-03
5.2038960e-03
1.8187420e-03
-3.0239410e-03
-6.0041780e-03
-7.5107590e-03
-7.8644890e-03
-5.3096500e-03
1.0986550e-03
8.0121760e-03
1.0835340e-02
9.9164350e-03
9.7110690e-03
1.3280590e-02
2.0012880e-02
2.0358470e-02
8.1035310e-03
-4.3457910e-03
-7.9530710e-03
-5.5522380e-03
4.2760760e-04
5.2899500e-03
3.1674920e-03
6.4207580e-05
6.9655400e-03
1.8926850e-02
2.0017200e-02
8.2206860e-03
-8.3953600e-03
-2.1467100e-02
-2.5102590e-02
-2.4767100e-02
-2.5358450e-02
-2.3995460e-02
-1.8656610e-02
-1.2418420e-02
-3.2941140e-03
8.9404360e-03
1.7063120e-02
1.5752050e-02
1.3847070e-02
1.5185630e-02
1.4531200e-02
9.3904360e-03
1.4596510e-03
-8.3635800e-03
-1.6160450e-02
-1.9359770e-02
-1.4710960e-02
2.3985180e-03
2.4191240e-02
4.0704790e-02
5.2264520e-02
6.3401210e-02
7.4160660e-02
7.7822810e-02
6.1508030e-02
2.1447200e-02
-3.6326560e-02
-8.6906030e-02
-1.1502380e-01
-1.1350300e-01
-8.5648210e-02
-4.6202490e-02
-1.3127090e-02
3.3175570e-03
8.3579180e-04
-1.5241790e-02
-2.9498190e-02
-2.8765800e-02
-7.4470220e-03
2.2433820e-02
4.3504510e-02
5.0454720e-02
3.9778980e-02
2.3803510e-02
1.3978680e-02
1.2780560e-02
1.8223300e-02
2.4440800e-02
2.6577930e-02
1.9995270e-02
4.8225300e-03
-1.6192060e-02
-3.4999000e-02
-4.8203270e-02
-5.4279510e-02
-5.3664010e-02
-4.6059640e-02
-2.8759240e-02
-1.8123530e-03
1.9155520e-02
2.2769190e-02
1.0843320e-02
-6.2371110e-03
-1.7652130e-02
-2.2051350e-02
-1.4814840e-02
2.9013870e-03
2.1027520e-02
2.9080600e-02
2.6971670e-02
1.7952280e-02
4.1126960e-03
-1.1783850e-02
-2.6529290e-02
-3.0964060e-02
-2.0108520e-02
-3.3467310e-04
1.6162570e-02
2.4363450e-02
1.5632850e-02
-7.6442860e-03
-2.6880600e-02
-3.7288150e-02
-4.3184660e-02
-4.2370320e-02
-2.9799850e-02
-3.4805320e-03
3.0732700e-02
6.0875480e-02
8.0515710e-02
8.7433470e-02
8.0018190e-02
6.2296610e-02
3.8236850e-02
1.1719160e-02
-1.8516460e-02
-4.2932270e-02
-5.5462090e-02
-5.7595890e-02
-5.1107160e-02
-3.9821570e-02
-2.3180100e-02
-2.1893740e-03
1.7494890e-02
2.8803360e-02
3.2037000e-02
2.7965170e-02
1.7161150e-02
3.1905020e-03
-1.2646930e-02
-2.6091270e-02
-3.2602790e-02
-3.0807260e-02
-2.0495020e-02
-2.4140370e-03
1.7865910e-02
3.2238690e-02
3.6730760e-02
2.8345900e-02
1.1703340e-02
-2.9485010e-03
-1.0605490e-02
-1.4297990e-02
-1.8661930e-02
-2.6020440e-02
-3.4201430e-02
-3.9577550e-02
-3.7591710e-02
-2.8029120e-02
-1.4812470e-02
-1.8316380e-03
1.1131780e-02
2.2992780e-02
3.4741030e-02
4.2599110e-02
4.7549310e-02
5.4104870e-02
5.8753490e-02
5.4324500e-02
4.2586050e-02
2.9572190e-02
1.5091580e-02
-3.4425400e-03
-2.5622780e-02
-4.7038270e-02
-6.2322520e-02
-6.6744490e-02
-5.9789900e-02
-4.0381060e-02
-1.7178150e-02
3.4472140e-03
1.8723260e-02
2.8263830e-02
3.8466960e-02
5.0605760e-02
6.1002960e-02
6.6836930e-02
6.2591880e-02
4.7083490e-02
2.2390120e-02
-4.1454510e-03
-2.5107290e-02
-3.5966450e-02
-3.7758210e-02
-3.3640880e-02
-2.7416330e-02
-2.3884090e-02
-2.3992680e-02
-2.7138990e-02
-3.0998920e-02
-3.4257850e-02
-3.5935460e-02
-3.3711860e-02
-2.8493340e-02
-2.4446220e-02
-2.1861840e-02
-1.8439890e-02
-1.1975060e-02
-2.2129230e-03
9.1841940e-03
1.9186640e-02
2.8282280e-02
3.4716080e-02
3.7607100e-02
3.8443900e-02
4.0863830e-02
3.7720640e-02
2.8173730e-02
2.0163510e-02
1.5775270e-02
1.3937400e-02
1.1730560e-02
5.7057720e-03
-5.4123270e-03
-1.7533280e-02
-2.5227970e-02
-2.8586260e-02
-2.5793770e-02
-1.7849030e-02
-8.8876290e-03
-4.6873490e-04
5.4127050e-03
9.7600110e-03
1.2928520e-02
1.7846610e-02
2.8053170e-02
4.4389030e-02
6.0886380e-02
7.1604420e-02
7.4739180e-02
6.9258740e-02
5.7442980e-02
4.3714430e-02
2.8195730e-02
8.1250530e-03
-1.8242970e-02
-4.9179840e-02
-8.1967650e-02
-1.1255880e-01
-1.3542040e-01
-1.4466350e-01
-1.4112940e-01
-1.2451000e-01
-9.7630470e-02
-6.3426160e-02
-2.4477620e-02
1.4213030e-02
5.0383610e-02
7.9052860e-02
1.0034170e-01
1.1224420e-01
1.0926710e-01
9.5516900e-02
6.9575580e-02
4.2779280e-02
1.8647840e-02
-1.0833170e-02
-3.9704880e-02
-6.1669880e-02
-6.9663780e-02
-6.2320340e-02
-4.6051270e-02
-2.7752130e-02
-1.1717490e-02
5.9721250e-04
7.3093960e-03
9.0298920e-03
9.7076320e-03
1.0323800e-02
1.1488210e-02
1.3603100e-02
1.2115330e-02
6.3149900e-03
1.4857140e-03
-3.8490540e-03
-7.3745500e-03
-7.0934930e-03
-4.2246890e-03
-1.4370300e-03
9.3348060e-04
1.4448230e-03
-1.3487620e-03
-6.6496300e-03
-1.0817420e-02
-1.2743730e-02
-1.2645490e-02
-8.3245160e-03
7.8753420e-04
7.3163740e-03
7.4892000e-03
2.2289760e-03
-5.5915670e-03
-1.1178610e-02
-1.6240030e-02
-1.7807710e-02
-1.3150890e-02
-2.1646760e-03
1.0393530e-02
1.9670240e-02
2.5821750e-02
2.9962150e-02
3.3557520e-02
3.2335570e-02
2.4377190e-02
1.3115310e-02
3.4571560e-04
-1.2589200e-02
-2.5185450e-02
-3.5649640e-02
-4.0289350e-02
-3.7257740e-02
-2.8089340e-02
-1.6612120e-02
-4.3509910e-03
6.7998230e-03
1.4805140e-02
2.0767750e-02
2.4565970e-02
2.7274210e-02
3.0382380e-02
3.2492390e-02
3.3325450e-02
3.1718590e-02
2.8113530e-02
2.0604740e-02
8.6478660e-03
-4.2748620e-03
-1.5050240e-02
-2.5951350e-02
-3.6653040e-02
-4.1740250e-02
-4.1750620e-02
-3.7852030e-02
-3.2759100e-02
-2.7958270e-02
-2.3290980e-02
-1.8913890e-02
-1.5420390e-02
-1.1311130e-02
-5.7743960e-03
7.7804760e-05
6.5551360e-03
1.1330060e-02
1.4838880e-02
1.6238410e-02
1.4977930e-02
1.2208970e-02
1.0032680e-02
8.4527410e-03
7.0718310e-03
5.5320760e-03
5.9816340e-03
6.7990030e-03
8.1988970e-03
8.8163110e-03
7.0236640e-03
4.0046380e-03
1.4156990e-03
-1.8846600e-03
-6.3758940e-03
-8.8912900e-03
-7.8809600e-03
-4.1749670e-03
1.5772700e-03
9.5037170e-03
1.8271150e-02
2.6210640e-02
3.0412980e-02
2.9996040e-02
2.5742010e-02
2.0017660e-02
1.4027420e-02
8.4959500e-03
3.7984570e-03
-1.9408190e-03
-9.4881540e-03
-1.6274080e-02
-2.1566830e-02
-2.5960730e-02
-2.9358630e-02
-3.1169310e-02
-3.0928280e-02
-2.9818430e-02
-2.7927330e-02
-2.4318290e-02
-2.0291100e-02
-1.5151410e-02
-8.6915820e-03
-2.9885660e-03
3.4242610e-03
1.2328590e-02
2.1317410e-02
2.8017580e-02
2.9871410e-02
2.7185660e-02
2.1765530e-02
1.4868730e-02
8.0155140e-03
1.6044750e-03
-4.9195250e-03
-1.1748460e-02
-1.5407130e-02
-1.7313540e-02
-1.7566030e-02
-1.4762460e-02
-9.7073150e-03
-3.9465780e-03
1.8829680e-03
5.2534070e-03
7.1465050e-03
9.6958340e-03
1.2756920e-02
1.4058050e-02
1.4964330e-02
1.5351010e-02
1.5362330e-02
1.5625420e-02
1.6146810e-02
1.6484040e-02
1.6734680e-02
1.7419100e-02
1.7268530e-02
1.6151040e-02
1.4673240e-02
1.0305710e-02
2.0065620e-03
-4.7945190e-03
-9.7988300e-03
-1.3715030e-02
-1.6632960e-02
-1.8577890e-02
-1.8939810e-02
-1.7737360e-02
-1.5177880e-02
-1.1332040e-02
-6.8363980e-03
-3.3626670e-04
6.3264640e-03
1.2885660e-02
1.6379660e-02
1.9496200e-02
2.2639020e-02
2.4041990e-02
2.3152740e-02
2.0004910e-02
1.5795320e-02
1.1270730e-02
7.8471390e-03
4.8210730e-03
1.8655200e-03
-1.7572320e-03
-4.5185200e-03
-7.3539330e-03
-1.1908710e-02
-1.6414140e-02
-1.9424170e-02
-1.9910550e-02
-1.9682230e-02
-1.8421980e-02
-1.6400130e-02
-1.3912070e-02
-1.1443230e-02
-9.4249710e-03
-8.5152800e-03
-7.8628060e-03
-7.9477780e-03
-8.2339590e-03
-7.7768690e-03
-6.4910010e-03
-4.3744260e-03
-8.5969140e-04
3.0134530e-03
5.1418210e-03
7.1460290e-03
8.4735270e-03
9.4203240e-03
1.0534800e-02
1.1742270e-02
1.2600630e-02
1.2743020e-02
1.2547990e-02
1.1379320e-02
1.0529230e-02
1.0212790e-02
8.9013410e-03
6.7523000e-03
4.9768650e-03
3.9938270e-03
1.7393440e-03
-2.2756690e-03
-5.6298870e-03
-8.3329920e-03
-1.0098970e-02
-1.0734970e-02
-1.0359880e-02
-8.5958660e-03
-6.9158270e-03
-6.8025940e-03
-7.5332960e-03
-8.6671650e-03
-9.9633020e-03
-9.1428490e-03
-7.9980000e-03
-6.5045230e-03
-5.2940080e-03
-3.9001880e-03
-3.3439540e-03
-4.8187860e-03
-6.3531100e-03
-7.0540330e-03
-7.3287050e-03
-7.1224890e-03
-6.5157040e-03
-6.1814450e-03
-5.1077010e-03
-2.9805420e-03
-1.3474610e-03
-3.2567100e-04
7.9592160e-04
1.5313300e-03
2.4317980e-03
3.0680170e-03
3.8437290e-03
5.0623400e-03
5.2148560e-03
4.6176330e-03
2.9672380e-03
7.2116720e-04
-6.9854600e-04
-1.8144300e-03
-3.1216690e-03
-3.0076100e-03
-2.0466890e-03
-1.5031960e-03
-7.3531990e-04
7.5845840e-04
2.6982630e-03
5.0466230e-03
6.4420440e-03
6.1015480e-03
5.9128260e-03
4.6625750e-03
2.4757340e-03
-6.9946800e-04
-4.0558830e-03
-6.1456700e-03
-6.3604570e-03
-5.0957190e-03
-3.8116140e-03
-2.6610220e-03
-1.7653680e-03
5.3236240e-04
2.5988500e-03
3.5698620e-03
3.6359350e-03
3.2855200e-03
2.6336970e-03
2.0342490e-03
1.8155510e-03
2.3389670e-03
3.6217900e-03
4.9943830e-03
5.9412410e-03
6.9461280e-03
8.2136900e-03
9.2550940e-03
9.9537690e-03
9.7958290e-03
8.3896160e-03
6.1351830e-03
2.8643390e-03
-5.5246430e-04
-3.5107890e-03
-6.2842400e-03
-8.6966020e-03
-1.0173450e-02
-1.0481920e-02
-1.0523900e-02
-9.6035350e-03
-8.3894530e-03
-7.7837370e-03
-6.8355510e-03
-4.8159720e-03
-1.4586880e-03
1.9123690e-03
4.9738970e-03
7.9548450e-03
1.1501540e-02
1.2877640e-02
1.2410650e-02
1.1925040e-02
1.0923510e-02
8.4091430e-03
6.4213890e-03
5.0408530e-03
2.8203850e-03
6.5778490e-04
-4.6560230e-04
-9.0281880e-04
-1.9428300e-03
-2.3052050e-03
4.1755970e-04
3.3713240e-03
4.7723350e-03
5.8587300e-03
6.5854670e-03
6.4862940e-03
4.7248690e-03
3.2565070e-03
1.7870780e-03
2.1265790e-04
-1.1157870e-03
-2.5764470e-03
-3.7109540e-03
-4.5968010e-03
-5.1781610e-03
-6.3313960e-03
-7.0821540e-03
-6.8376080e-03
-6.5754100e-03
-6.6831140e-03
-6.7270490e-03
-5.9642960e-03
-4.8667100e-03
-4.0463340e-03
-3.3832150e-03
-3.0531570e-03
-2.4547250e-03
-1.7180080e-03
-1.3187590e-03
-1.1287640e-03
-9.7326170e-04
-2.1863320e-04
1.4464940e-03
2.4576180e-03
1.5018510e-03
1.4364100e-03
2.9523270e-03
3.5420330e-03
2.2347360e-03
6.6207050e-04
-3.8798170e-04
-1.0883620e-03
-9.1689730e-04
-3.9076840e-04
9.3007820e-04
2.3236730e-03
3.6029240e-03
4.5564040e-03
4.2430520e-03
3.0081200e-03
2.4695600e-03
1.6224090e-03
4.9207760e-04
-1.1579090e-03
-2.6875590e-03
-4.1479690e-03
-5.0008920e-03
-5.7993960e-03
-5.2965170e-03
-4.1936660e-03
-3.6749700e-03
-3.7885720e-03
-3.5374800e-03
-2.8641000e-03
-2.8299580e-03
-3.1118250e-03
-3.2027250e-03
-3.3083900e-03
-2.6811240e-03
-1.7744370e-03
-9.1121810e-04
-8.3671260e-04
-1.0088860e-03
-1.2498590e-03
-1.2689890e-03
-1.6828540e-03
-1.7361850e-03
-2.2502820e-03
-2.7348140e-03
-2.8480310e-03
-2.8375690e-03
-2.3268320e-03
-1.7638490e-03
-4.5649190e-04
8.2881480e-04
1.8921690e-03
3.5719670e-03
4.2706880e-03
3.2734400e-03
2.5366820e-03
3.3096810e-03
3.9977740e-03
3.6798190e-03
3.2817520e-03
2.7985760e-03
2.3394290e-03
2.1552460e-03
1.0000650e-03
-2.5698150e-03
-4.7382660e-03
-3.2645220e-03
-2.6328260e-03
-3.8884310e-03
-4.2313620e-03
-3.1294450e-03
-2.3344740e-03
-2.0305140e-03
-1.7046260e-03
-1.7243220e-03
-2.6004620e-03
-3.0542350e-03
-3.0567780e-03
-3.6926360e-03
-5.0784540e-03
-5.3339640e-03
-5.4931590e-03
-4.9988920e-03
-4.0292490e-03
-1.7660680e-03
1.1116310e-03
2.8963530e-03
4.0076370e-03
4.3808240e-03
3.8615210e-03
2.8920950e-03
2.6787460e-03
2.5980050e-03
2.2229000e-03
1.8451250e-03
1.7590470e-03
1.7804450e-03
2.1594820e-03
1.7767410e-03
1.1614420e-03
9.4206850e-04
1.2870570e-03
1.4331700e-03
1.0133120e-03
8.8072940e-04
6.9422940e-05
4.9271980e-05
2.4984880e-03
4.5397150e-03
6.4566850e-03
8.2289030e-03
9.6665010e-03
1.0908980e-02
1.1126470e-02
1.0073510e-02
8.6694770e-03
9.2499760e-03
1.0369420e-02
9.8943880e-03
8.4109940e-03
7.2764580e-03
6.1110290e-03
4.7297170e-03
2.9985830e-03
9.9825170e-04
-8.0524880e-04
-2.4594960e-03
-3.8233740e-03
-4.5588940e-03
-5.1154180e-03
-5.9688580e-03
-6.6734500e-03
-6.8267150e-03
-6.9428480e-03
-5.7733600e-03
-4.8489100e-03
-4.7129390e-03
-4.8075160e-03
-5.5157920e-03
-5.1376820e-03
-4.4851250e-03
-3.6259700e-03
-2.2113930e-03
-7.1377740e-04
8.7633430e-05
2.0806890e-04
8.6065870e-04
1.1307850e-03
1.1917060e-03
8.0291990e-04
-5.7291040e-05
-7.5839190e-04
-1.4289100e-03
-2.2675060e-03
-4.0958830e-03
-4.9944750e-03
-4.8341380e-03
-4.1906160e-03
-2.8817030e-03
-1.6565340e-03
-7.7042010e-05
1.3578880e-03
2.7152670e-03
3.1784660e-03
2.9516680e-03
1.3786010e-03
1.3804120e-03
2.7116870e-03
2.5634350e-03
1.3424870e-03
6.4921260e-04
-7.3389960e-05
-9.4338750e-04
-1.7464180e-03
-2.3287360e-03
-2.3738470e-03
-1.6973430e-03
-1.9439140e-03
-1.2862950e-03
-2.6133200e-04
1.3032740e-03
3.1782740e-03
3.6842780e-03
5.3627810e-03
7.3429920e-03
7.8969110e-03
8.2999360e-03
8.6652710e-03
8.5287690e-03
7.6716730e-03
6.7440740e-03
5.7162050e-03
5.1875050e-03
5.1109720e-03
4.3228210e-03
3.6631780e-03
3.4363310e-03
2.3943820e-03
1.0999240e-03
-6.0975530e-04
-3.1710590e-03
-5.1670380e-03
-6.7030180e-03
-8.4584040e-03
-1.1536100e-02
-1.2833710e-02
-1.2908740e-02
-1.2754060e-02
-1.1954800e-02
-1.0101430e-02
-8.6999190e-03
-7.0527770e-03
-5.6230210e-03
-5.1734300e-03
-5.1523440e-03
-6.0054060e-03
-6.2563400e-03
-5.8846610e-03
-6.1630120e-03
-7.2033980e-03
-8.5396070e-03
-8.9006910e-03
-8.5708680e-03
-7.9118530e-03
-7.2498240e-03
-6.0609270e-03
-4.3637600e-03
-2.5085920e-03
-4.6829630e-04
1.2374310e-03
2.4689330e-03
3.1311750e-03
4.0310760e-03
4.7519240e-03
5.0115150e-03
5.2453980e-03
5.8881120e-03
5.9975220e-03
5.7290950e-03
4.4933780e-03
4.1791310e-03
3.9768410e-03
3.4675900e-03
3.5115930e-03
4.3143590e-03
5.4219350e-03
5.9538810e-03
6.6980940e-03
8.7036180e-03
9.9511780e-03
1.0120100e-02
1.1235890e-02
1.2210900e-02
1.2362480e-02
1.1379720e-02
9.7009290e-03
7.9866150e-03
6.2087500e-03
4.7071360e-03
2.2134760e-03
1.0888680e-04
-1.5527960e-03
-2.9939620e-03
-3.8443240e-03
-5.1708920e-03
-6.0958820e-03
-5.2918750e-03
-3.6924060e-03
-2.8311780e-03
-2.2465710e-03
-1.5584010e-03
-1.7858950e-03
-1.5076190e-03
-1.6593630e-03
-1.6182850e-03
-1.1904070e-03
-8.0090950e-04
-1.0442550e-04
2.1129030e-04
7.0434270e-04
4.6561530e-05
-1.4071410e-03
-2.9580510e-03
-4.4106490e-03
-5.1036170e-03
-6.3203400e-03
-6.9318700e-03
-8.1354810e-03
-8.4724480e-03
-8.2933740e-03
-7.4692850e-03
-5.6954680e-03
-3.4814160e-03
-1.3063860e-03
1.1031750e-03
3.0369260e-03
4.4042130e-03
5.1385210e-03
5.9626250e-03
5.9987760e-03
5.7069440e-03
5.6686270e-03
6.9223540e-03
6.7246720e-03
4.6057880e-03
3.6662350e-03
3.7107350e-03
3.6362310e-03
3.8482390e-03
4.3611570e-03
5.4689760e-03
5.4210270e-03
5.4532650e-03
5.2400700e-03
4.3099150e-03
3.5818430e-03
4.0150180e-03
4.4251290e-03
4.0192890e-03
3.2924540e-03
2.5273700e-03
2.2476800e-03
2.3714410e-03
2.2531960e-03
1.5182290e-03
8.9459100e-04
-1.6528760e-04
-9.8945710e-04
-2.2701920e-03
-3.4235830e-03
-4.5307120e-03
-5.7428060e-03
-6.5532610e-03
-7.8081350e-03
-8.5768160e-03
-8.4027900e-03
-8.2100610e-03
-8.7342730e-03
-8.7546350e-03
-7.8702270e-03
-7.0700280e-03
-6.8715140e-03
-6.9170770e-03
-7.2545430e-03
-7.6166350e-03
-7.7764380e-03
-7.6448780e-03
-7.2137380e-03
-6.8892690e-03
-6.1851470e-03
-5.1850030e-03
-3.4193130e-03
-1.5339680e-03
-1.0311370e-03
-2.0578060e-03
-2.4746210e-03
-2.7350780e-03
-2.6478470e-03
-2.6568720e-03
-3.1746670e-03
-3.2171080e-03
-2.8692930e-03
-2.4855030e-03
-1.7180280e-03
-1.1955760e-03
-6.0008660e-04
1.0184390e-03
2.3581180e-03
3.4825460e-03
3.5982960e-03
4.0903020e-03
4.8824350e-03
5.0663530e-03
5.6166410e-03
6.4947420e-03
6.6686730e-03
6.2435390e-03
6.2266300e-03
6.5961460e-03
7.1939860e-03
7.2724510e-03
7.4212910e-03
7.7049130e-03
7.7467520e-03
7.9858020e-03
7.8324580e-03
8.1149810e-03
8.4689460e-03
8.4697110e-03
7.8723940e-03
6.4707580e-03
5.3592380e-03
4.9435970e-03
4.4907760e-03
4.1314800e-03
4.3177930e-03
3.3218810e-03
2.7714460e-03
2.5712210e-03
2.6572210e-03
2.2093890e-03
2.2310690e-03
3.4579770e-03
3.2624280e-03
1.6759240e-03
9.1541620e-04
-2.1078730e-04
-9.8159630e-04
-2.1875200e-03
-3.2688170e-03
-4.3700910e-03
-5.4684140e-03
-6.3581800e-03
-7.6476740e-03
-8.6793980e-03
-9.3184170e-03
-8.2552590e-03
-6.5668210e-03
-5.7138120e-03
-6.2202110e-03
-6.0878230e-03
-6.5909210e-03
-7.2620610e-03
-7.2235150e-03
-6.6219630e-03
-6.0998200e-03
-5.2824720e-03
-4.1961250e-03
-3.4020760e-03
-2.4872130e-03
-1.2869140e-03
6.6736120e-05
1.0157290e-03
1.3630780e-03
1.4320490e-03
1.4401620e-03
1.5991970e-03
1.2707940e-03
6.1578970e-04
-5.0303640e-04
-1.5546190e-03
-1.8882520e-03
-1.8939150e-03
-1.0824250e-03
-2.2354900e-04
8.4515710e-04
3.1710990e-03
4.3923850e-03
5.3882020e-03
6.1009080e-03
5.7642430e-03
6.0081180e-03
6.1264290e-03
5.2289810e-03
3.4245930e-03
1.1714760e-03
3.3583970e-04
-2.6112190e-04
-2.0453540e-03
-3.7795660e-03
-4.7811000e-03
-5.1772930e-03
-5.5820000e-03
-6.5588750e-03
-7.2030490e-03
-7.3998570e-03
-6.4193980e-03
-5.4426770e-03
-5.4044690e-03
-5.2527800e-03
-5.2134360e-03
-5.3621480e-03
-6.1210690e-03
-6.0638700e-03
-4.8525470e-03
-4.5786160e-03
-4.4560720e-03
-4.4579310e-03
-4.1471070e-03
-3.5552630e-03
-2.2473050e-03
-2.0683060e-03
-1.7889970e-03
-1.3704450e-03
-1.1500610e-03
-1.1366660e-03
-5.7293620e-04
-1.3589140e-03
-1.9036660e-03
-1.4860570e-03
1.8342990e-04
4.0085580e-04
6.5930090e-04
1.2263970e-03
1.7209270e-03
2.0352620e-03
2.7076930e-03
2.9920480e-03
3.6642540e-03
4.2616030e-03
4.5505290e-03
5.1018170e-03
6.6246060e-03
8.4352170e-03
8.3167040e-03
8.1481770e-03
8.7174010e-03
9.2361640e-03
9.1365010e-03
9.6980360e-03
1.0506820e-02
9.9757980e-03
9.1738820e-03
8.8150200e-03
7.5498730e-03
6.3579010e-03
6.6948320e-03
6.4472370e-03
6.5894980e-03
6.8589850e-03
6.1507020e-03
5.6153800e-03
5.3194860e-03
4.8666140e-03
3.6783530e-03
2.6353940e-03
2.2316350e-03
2.0978440e-03
1.3246940e-03
7.2879650e-04
3.6899140e-04
-1.9347230e-04
-1.0651150e-03
-2.5210570e-03
-2.5397690e-03
-2.9532570e-03
-2.8060550e-03
-2.7018910e-03
-3.2743810e-03
-3.6691460e-03
-3.8930300e-03
-4.3859340e-03
-4.8709030e-03
-5.3943640e-03
-6.5601570e-03
-6.4789710e-03
-6.4879290e-03
-6.7251490e-03
-6.2787780e-03
-5.6134790e-03
-4.8824720e-03
-3.0345460e-03
-1.4485800e-03
-1.0730240e-03
-2.1508220e-03
-2.5965470e-03
-2.7027310e-03
-2.6312500e-03
-2.3234810e-03
-1.3579980e-03
-5.7818250e-04
1.4145360e-04
1.2370970e-04
-7.8896860e-05
-2.5059210e-04
-4.5875890e-04
5.6982890e-04
1.6115760e-03
1.4335360e-03
1.3842400e-03
1.2895170e-03
7.9249900e-04
-1.4992370e-04
-3.4618310e-04
-1.1422180e-03
-1.4222210e-03
-1.3939530e-03
-1.1616620e-03
-1.4719730e-03
-1.9659020e-03
-2.3512690e-03
-3.3073720e-03
-3.5657050e-03
-3.4253290e-03
-2.6976950e-03
-2.3126320e-03
-1.7866570e-03
-1.4091960e-03
-1.7699750e-04
5.9066160e-04
7.6664870e-04
1.2566040e-03
1.5652880e-03
1.1123950e-03
1.7540470e-03
2.5516580e-03
2.6709290e-03
2.6943760e-03
2.7103770e-03
2.5955990e-03
2.4015660e-03
2.0543420e-03
2.8253390e-03
3.9466090e-03
3.0333630e-03
2.9386010e-03
2.8492270e-03
2.7725660e-03
2.6915060e-03
2.5003520e-03
1.5362770e-03
1.5057770e-03
1.1774900e-03
9.3843290e-04
4.7191570e-04
-1.2688540e-03
-1.4419350e-03
-6.6379420e-04
5.6974360e-04
6.0796750e-04
-3.6488600e-04
-2.3729960e-04
4.5364510e-04
8.8933260e-04
1.2515210e-03
7.3441740e-04
3.2252710e-04
3.0488860e-04
4.6713970e-06
-6.5698770e-04
-2.1027860e-04
-2.0253740e-04
-1.2114840e-03
-9.8122760e-04
-9.8712710e-04
-8.1479260e-04
-6.6122350e-04
-1.5130490e-03
-2.7535360e-03
-3.4606660e-03
-3.3766670e-03
-3.4528250e-03
-4.0212390e-03
-3.2461380e-03
-3.7218530e-03
-4.4073050e-03
-4.7655640e-03
-4.9456010e-03
-4.2634090e-03
-4.7550770e-03
-5.3381760e-03
-5.9042220e-03
-4.5905250e-03
-3.5813570e-03
-3.7855960e-03
-4.6923900e-03
-4.5114490e-03
-3.9979210e-03
-2.3387280e-03
-1.2962200e-03
-4.3924850e-04
3.6346910e-04
1.4339370e-03
2.1302240e-03
2.3634170e-03
2.2896170e-03
3.0527280e-03
4.1421770e-03
4.3068210e-03
4.3229940e-03
4.1258350e-03
3.0100570e-03
1.5204130e-03
9.7423490e-04
7.6847450e-04
1.0461620e-03
2.4905040e-04
-8.8394680e-04
-7.0440190e-04
-4.4692230e-04
-6.2600160e-04
-4.6371720e-04
-7.0108060e-04
-6.6273030e-04
-5.3208480e-04
-4.4631470e-04
-4.8327280e-04
-1.0263810e-03
-8.3739390e-04
-1.9561460e-04
-2.9214800e-04
-4.7385980e-04
-1.1661150e-03
-1.0788410e-03
-4.8301260e-04
9.6581960e-05
2.8601750e-04
6.4646490e-04
9.0127870e-04
1.6274180e-03
2.2293620e-03
2.4447830e-03
3.7868840e-03
5.1862940e-03
4.6401010e-03
3.6126420e-03
3.8005730e-03
3.8562790e-03
3.2590390e-03
3.7099000e-03
3.6817350e-03
2.9098120e-03
3.1445260e-03
3.2857330e-03
3.2014150e-03
2.0287970e-03
9.5141200e-04
1.9929210e-03
1.5352940e-03
7.5791640e-04
6.2343300e-04
4.1409470e-04
-1.7313440e-04
-5.1918720e-04
-5.0137010e-04
-5.5325200e-04
1.0170450e-04
3.0727260e-04
5.5300450e-04
1.0680740e-03
3.9652390e-04
-4.3771690e-04
-1.0274400e-03
-1.5073200e-03
-2.2379010e-03
-2.5219790e-03
-2.9611280e-03
-3.7912820e-03
-3.8347420e-03
-2.8162560e-03
-2.4679710e-03
-1.7879000e-03
2.2074540e-04
8.5953180e-04
2.8126780e-04
7.7251430e-04
1.9667980e-03
1.7018910e-03
1.4901050e-03
1.3685530e-03
9.3030920e-04
4.7007140e-04
9.3360730e-04
1.5289260e-03
7.0228060e-04
4.4582380e-04
3.4859320e-04
7.2200700e-05
5.1369930e-04
7.0969510e-04
9.4411320e-04
8.1153570e-04
4.2826900e-04
-1.4925200e-04
-1.2140600e-03
-2.6796710e-03
-2.4480220e-03
-8.8950940e-04
-9.5396580e-04
-8.5854710e-04
-5.7077670e-04
-7.2365970e-04
-1.8838520e-04
-7.9970240e-04
-1.5225670e-03
-1.9844730e-03
-2.7575430e-03
-2.8429310e-03
-2.5472290e-03
-2.6586560e-03
-2.6196470e-03
-2.4667350e-03
-1.8342910e-03
-2.0442550e-03
-1.4713030e-03
-3.0299980e-04
1.2029940e-04
4.5739000e-04
-6.1180240e-06
-5.3317030e-05
7.0333420e-04
8.7440910e-05
-3.4961630e-04
-2.5623650e-04
1.4696120e-04
-3.1795010e-04
-1.0762850e-03
-9.2469890e-04
-3.9510490e-04
-1.2780450e-04
-3.2728220e-04
-4.9345350e-04
5.4899290e-04
1.2490330e-03
3.4440560e-04
-1.1081120e-03
-1.3248000e-03
-1.7880790e-03
-2.0065940e-03
-2.0151830e-03
-2.7473480e-03
-1.7433630e-03
-5.8767080e-04
-5.8632710e-04
-6.4663820e-04
-8.3023660e-04
2.6422890e-04
2.1335430e-03
4.2812910e-03
5.1503720e-03
5.0716080e-03
5.6156480e-03
5.7839300e-03
5.9403910e-03
6.1618300e-03
5.1414780e-03
5.0527950e-03
5.4643400e-03
5.8733260e-03
5.6068900e-03
6.0177490e-03
5.8732120e-03
4.6623710e-03
3.8104410e-03
3.0732530e-03
2.7773450e-03
1.7312510e-03
7.6845400e-04
3.5911180e-04
4.1134990e-04
-4.1777500e-04
-1.1060910e-03
-4.4396280e-04
6.4982670e-04
9.4697900e-04
4.7602570e-04
7.5927480e-04
1.5065150e-03
8.8655820e-04
5.2809210e-05
-8.3871660e-04
-1.1819230e-03
-1.0614940e-04
-3.0066360e-04
-2.3793180e-03
-4.1054470e-03
-4.0340520e-03
-3.9541300e-03
-4.2210720e-03
-3.8646950e-03
-2.9471190e-03
-2.7427230e-03
-2.6166090e-03
-2.4811920e-03
-2.3943850e-03
-4.0699780e-03
-4.4142510e-03
-3.6287010e-03
-3.2858090e-03
-2.9785700e-03
-3.4617850e-03
-4.4078900e-03
-4.7562860e-03
-3.8231140e-03
-2.3280060e-03
-1.9208540e-03
-1.3709000e-03
-1.0390170e-03
-6.6035720e-04
-1.2090460e-03
-1.7820530e-03
-2.0710960e-03
-2.2177520e-03
-1.3718090e-03
-1.4913940e-03
-2.8479100e-03
-3.5585230e-03
-2.5132100e-03
-1.6375070e-03
-9.3726060e-04
-1.8848210e-04
-2.2839460e-04
4.7625450e-05
1.4409260e-04
3.2025340e-04
7.5180070e-04
4.3377770e-04
-2.5658010e-04
1.6172180e-04
3.5993510e-04
2.3164560e-04
-4.5682570e-04
-8.9520140e-04
-1.1717300e-04
-7.9382650e-04
-1.6768000e-03
-1.9940980e-03
-2.4075470e-03
-2.5713520e-03
-2.3683030e-03
-6.5308910e-04
7.7010920e-04
1.4559450e-03
9.3588410e-04
6.1729390e-04
-2.6674610e-04
-1.4365480e-04
6.7534150e-04
4.6547550e-04
-1.5196450e-04
8.6791270e-05
-5.7920760e-05
5.8218160e-04
1.2584190e-03
1.9238400e-03
3.0088340e-03
3.7015110e-03
3.9082300e-03
3.8109200e-03
4.6014900e-03
5.2904040e-03
5.0690740e-03
4.9377740e-03
4.3025920e-03
4.8419740e-03
4.6785090e-03
3.7723920e-03
3.9656680e-03
3.4853600e-03
3.5668690e-03
3.9390440e-03
3.9321840e-03
3.5518300e-03
3.4931150e-03
3.7966680e-03
3.3287310e-03
2.6973040e-03
2.9390950e-03
3.0451780e-03
2.0184750e-03
1.5995250e-03
1.6055320e-03
2.2794120e-03
2.5204560e-03
1.2285310e-03
-4.2257060e-04
-9.3645550e-04
-6.6335580e-04
-5.1488170e-05
-9.5836310e-04
-1.8003360e-03
-9.7555720e-04
-4.7783650e-04
-6.4562210e-04
-9.9625680e-04
-2.4463650e-03
-2.9109810e-03
-1.7155380e-03
-7.8323650e-04
-1.2115080e-03
-1.3025250e-03
-7.2234910e-04
-5.1820280e-04
-5.7708080e-05
-3.8586810e-05
-1.6981760e-03
-2.3356900e-03
-2.8522130e-03
-2.5144840e-03
-2.6844490e-03
-2.9193160e-03
-3.4643880e-03
-3.7314440e-03
-3.9141970e-03
-3.6546180e-03
-4.2877070e-03
-4.0642330e-03
-3.3990500e-03
-3.5551540e-03
-3.7554260e-03
-3.3071940e-03
-2.4279420e-03
-2.6606850e-03
-3.3924990e-03
-3.9198060e-03
-3.0761750e-03
-2.9690800e-03
-2.4746500e-03
-2.6095380e-03
-3.5525300e-03
-3.5788780e-03
-3.0727240e-03
-1.9826780e-03
-1.7285200e-03
-2.9769470e-03
-3.7946230e-03
-3.0568550e-03
-2.2090080e-03
-1.5207760e-03
-8.8574150e-04
2.6681460e-04
1.2010070e-03
1.2375260e-03
1.3741250e-03
1.3429820e-03
-2.8226210e-04
5.7399810e-04
2.4780820e-03
2.2372560e-03
2.3486270e-03
2.4473440e-03
2.5216700e-03
2.4052910e-03
1.9514390e-03
2.7137910e-03
3.2349600e-03
2.8689540e-03
2.5938000e-03
3.2865790e-03
3.3022790e-03
3.4470100e-03
3.6905520e-03
4.1813620e-03
3.4634630e-03
3.0680470e-03
2.9639650e-03
1.6982110e-03
1.1936810e-03
1.5530430e-03
2.2447170e-03
2.4861870e-03
1.6552260e-03
1.5359040e-03
1.8014580e-03
2.1402090e-03
2.1503690e-03
1.8686520e-03
1.1121490e-03
8.1501490e-04
1.8927390e-04
1.5469740e-04
-5.4778250e-04
-9.1446480e-05
4.8475130e-04
4.0412200e-04
5.2693400e-06
-1.0685020e-03
-1.2473840e-03
-1.0552520e-03
-1.7686560e-03
-2.4125910e-03
-1.9230910e-03
-1.4774080e-03
-1.3987730e-03
-2.2149290e-03
-2.5354190e-03
-1.3379310e-03
-2.0869780e-04
-1.0662780e-03
-1.7994500e-03
-1.5861620e-03
-1.4449400e-03
-1.3640670e-03
-9.5664420e-04
-2.4269460e-04
5.1058550e-05
2.6115600e-04
5.1228190e-04
1.0582620e-03
1.1103620e-03
1.0251580e-03
1.0223870e-03
9.8574370e-04
2.6389230e-04
-1.1447880e-04
-8.6140240e-05
-8.1574500e-05
-4.8685350e-04
-5.5648920e-04
-2.5499140e-04
1.0400250e-04
-9.9065300e-05
-4.1005770e-04
-2.3800240e-04
-6.8436200e-05
-1.9464540e-04
-3.5917110e-04
-5.2483800e-04
-8.1464030e-04
-7.7814520e-04
-5.9555470e-04
-5.3016010e-04
-3.5983670e-04
1.5189300e-04
-2.4784740e-04
-1.9234310e-04
9.8793900e-05
7.5803870e-05
6.1519960e-05
2.2410860e-05
1.1961340e-05
-6.1837030e-05
3.7379900e-05
-7.2566590e-05
-3.4164660e-04
-9.2160700e-04
-7.9349680e-04
-3.4617100e-04
2.1880840e-05
2.5570970e-04
1.8534430e-04
1.7150300e-04
2.1224230e-04
2.8335970e-04
6.8935650e-04
7.1996410e-04
5.8373900e-04
5.6211410e-04
4.3010570e-04
3.0287020e-04
1.0289430e-04
-1.5964230e-04
-2.0523520e-04
-2.5127510e-04
-3.0421230e-04
-3.7814840e-04
-4.4632520e-04
-2.9717390e-04
