0.01
4.3122590e-03
5.8244400e-03
5.8284950e-03
4.5319220e-03
3.1735430e-03
3.0022970e-03
2.9903200e-03
2.0374710e-03
1.5139880e-03
1.5100990e-03
1.5463880e-03
2.3168070e-04
-8.6206880e-04
-2.3617360e-03
-4.7260260e-03
-6.2010280e-03
-6.2731300e-03
-4.4436680e-03
-2.0427030e-03
-1.1390110e-04
2.7779870e-03
5.3088710e-03
5.8718940e-03
7.2206950e-03
7.3569260e-03
7.4222930e-03
6.0972550e-03
4.1131920e-03
3.4495590e-03
2.0894000e-03
1.5317300e-04
-9.2794250e-04
-1.8040570e-03
-3.7273930e-03
-5.2429890e-03
-6.7728220e-03
-5.9682720e-03
-4.8991180e-03
-4.9032910e-03
-4.0632710e-03
-1.6441300e-03
2.1700200e-03
6.9937590e-03
9.6459080e-03
1.0377000e-02
9.5440730e-03
6.5656630e-03
4.5779090e-03
1.3445150e-03
-3.0694880e-03
-5.5694330e-03
-6.7447510e-03
-7.7249520e-03
-5.3597860e-03
-3.9577410e-03
-3.5049170e-03
-2.0099340e-03
-2.3242350e-03
-1.9913030e-03
3.3251890e-04
3.1988900e-03
5.6430650e-03
8.6320950e-03
9.3536370e-03
9.9127210e-03
9.3842410e-03
8.9236090e-03
6.2851140e-03
2.3209880e-03
-1.0479720e-03
-2.6879710e-03
-2.9604080e-03
-6.1350460e-04
3.1362490e-03
6.5522740e-03
9.5692210e-03
1.0699400e-02
9.8851930e-03
8.1055990e-03
5.6641710e-03
2.3152180e-03
-1.0482130e-03
-5.5088760e-03
-7.9423850e-03
-1.0805260e-02
-1.4369220e-02
-1.5554590e-02
-1.3273040e-02
-1.0840020e-02
-9.7314540e-03
-1.0141590e-02
-1.0306270e-02
-6.9803260e-03
-4.6059300e-03
-4.1375260e-04
4.1908760e-03
4.8372790e-03
7.6382790e-03
1.1655930e-02
1.0917340e-02
8.2644560e-03
4.0315320e-03
-2.4122810e-03
-4.6367030e-03
-4.7402060e-03
-2.9674620e-03
1.7142120e-03
6.1047120e-03
1.0019170e-02
1.2693950e-02
1.1980570e-02
1.1598290e-02
7.9575550e-03
5.3858870e-04
9.3373960e-04
1.5989720e-03
-6.6124410e-04
-1.6082440e-03
-2.7452790e-03
-3.3643630e-03
-1.9621600e-03
-2.9620660e-03
-2.2854890e-03
-1.7645090e-03
-3.2693700e-03
-1.3788820e-03
-3.9465610e-04
1.4218230e-05
3.7964350e-03
4.9824900e-03
5.8851920e-03
7.8407160e-03
8.0577790e-03
5.7052510e-03
3.8462170e-03
5.4635390e-04
-5.8456770e-03
-1.0448640e-02
-1.0334390e-02
-6.6801460e-03
4.6184510e-04
8.7727410e-03
1.5821140e-02
2.0142910e-02
1.6332920e-02
9.1297270e-03
3.2045130e-04
-7.2816370e-03
-1.1860040e-02
-1.2217200e-02
-7.5811410e-03
3.5679450e-05
6.0142000e-03
9.7874980e-03
9.9731210e-03
8.6555750e-03
4.1030590e-03
-3.1528100e-03
-6.4803710e-03
-7.5241270e-03
-8.9803580e-03
-1.0589770e-02
-7.9763900e-03
-5.0434750e-03
-1.7331350e-03
1.4754730e-03
1.7383610e-03
-1.6396370e-03
-3.9022370e-04
2.8006520e-03
4.3149440e-03
6.9548280e-03
3.8115890e-03
3.2086910e-04
-1.6925390e-04
-4.4067280e-03
-7.9164010e-03
-1.2642030e-02
-1.9303730e-02
-2.2438400e-02
-2.4721570e-02
-2.2798520e-02
-1.2474970e-02
-1.3137830e-03
9.4841200e-03
1.7355060e-02
1.7725440e-02
1.8979240e-02
2.2107590e-02
1.8979730e-02
1.3188280e-02
7.8852400e-03
4.2584930e-03
4.5902860e-03
2.4025240e-03
-4.1690200e-03
-1.0127200e-02
-1.3049210e-02
-1.1784890e-02
-8.3847440e-03
-8.2734550e-03
-3.7341830e-03
2.9893150e-03
8.5544180e-03
9.7923570e-03
8.8524840e-03
1.2057000e-02
1.4052070e-02
1.4356560e-02
1.1320110e-02
5.1253750e-03
-2.6678480e-03
-7.1378960e-03
-1.3749180e-02
-2.4003310e-02
-2.8924820e-02
-2.5989110e-02
-1.8449840e-02
-1.2584780e-02
-6.1268410e-03
-2.3320670e-04
3.3395870e-03
7.6733980e-03
1.1496460e-02
1.7420020e-02
2.0907250e-02
1.4578390e-02
2.6152070e-03
-5.7734600e-03
-5.9470240e-03
-9.2065920e-05
-2.3637820e-04
-3.9461300e-03
-5.9235580e-03
-1.1199970e-02
-1.3841000e-02
-1.3468340e-02
-1.1408460e-02
-9.3978650e-03
-6.2032070e-03
2.9236920e-03
1.0916670e-02
1.6611190e-02
2.4146760e-02
2.8380370e-02
2.8274090e-02
2.1071420e-02
1.0748110e-02
1.3932120e-03
-5.0783530e-03
-1.2398140e-02
-1.6876790e-02
-2.2904370e-02
-2.4938270e-02
-1.8587700e-02
-1.1155440e-02
-7.5347120e-03
-4.9981990e-03
-5.1030570e-03
-6.5947110e-03
-7.6264580e-03
-6.2320540e-03
-6.8774490e-03
-2.2971070e-03
4.9081420e-03
1.4081400e-02
2.4985330e-02
2.8349920e-02
2.9338480e-02
3.0493840e-02
2.8012700e-02
2.2906350e-02
1.1594240e-02
-8.2120050e-04
-9.7968350e-03
-1.8368230e-02
-3.1028950e-02
-4.0770490e-02
-4.1885750e-02
-3.7070840e-02
-2.8810500e-02
-2.0085960e-02
-1.2700840e-02
-4.4719490e-03
4.1752570e-03
1.4906990e-02
2.6162500e-02
3.5778250e-02
3.6030920e-02
2.9744660e-02
1.9721910e-02
6.6022780e-03
-5.9154520e-03
-1.7748440e-02
-3.0650940e-02
-3.7100100e-02
-3.6107230e-02
-3.1558350e-02
-2.4838170e-02
-1.8866620e-02
-1.3179770e-02
-4.7044800e-03
6.7283390e-03
2.3925070e-02
4.4768290e-02
6.0492440e-02
7.1593560e-02
7.8868700e-02
8.1603430e-02
8.0607890e-02
7.3412570e-02
5.6508160e-02
3.4677340e-02
5.2383380e-03
-2.4794640e-02
-4.9622480e-02
-6.7611510e-02
-8.5245470e-02
-9.9224160e-02
-1.0622030e-01
-1.0881330e-01
-9.9515010e-02
-8.3959350e-02
-6.2018800e-02
-2.9600300e-02
5.7931110e-03
4.0667500e-02
7.0417340e-02
9.6305760e-02
1.1571730e-01
1.1989400e-01
1.0923730e-01
9.1617300e-02
7.9665150e-02
5.9547920e-02
2.3702170e-02
-2.4682820e-02
-6.7358790e-02
-9.4606460e-02
-1.0679750e-01
-1.1384110e-01
-1.2838600e-01
-1.3060000e-01
-1.1690410e-01
-9.6524360e-02
-6.7344030e-02
-4.6880790e-02
-3.0580670e-02
-1.3226440e-02
9.4915640e-03
2.8694220e-02
4.3064830e-02
4.3003710e-02
4.7423130e-02
4.4187360e-02
3.5228600e-02
3.2139380e-02
3.7070750e-02
4.0475620e-02
4.2663050e-02
5.0269440e-02
5.7744340e-02
6.0446510e-02
5.6539610e-02
5.3872700e-02
5.6746820e-02
5.1730690e-02
3.3352380e-02
1.0915050e-02
-8.2889820e-03
-4.2792610e-02
-7.1183000e-02
-8.2286440e-02
-8.7282430e-02
-9.8007780e-02
-1.0280770e-01
-8.5965730e-02
-5.2588460e-02
-2.8827100e-02
-2.0527990e-02
-1.3089520e-02
2.1540360e-02
6.3196270e-02
9.7849350e-02
1.1869450e-01
1.0851560e-01
8.2144310e-02
5.1604470e-02
2.3129880e-02
1.1905310e-04
-1.3458730e-02
-3.2054530e-02
-4.4936780e-02
-6.2118230e-02
-8.0583240e-02
-8.2772350e-02
-6.6022730e-02
-3.7791180e-02
-1.0927010e-02
1.3614290e-02
3.1480710e-02
3.4372290e-02
2.9718810e-02
1.5424290e-02
-2.9425270e-03
-2.0658970e-02
-3.5535170e-02
-5.1834590e-02
-7.5380770e-02
-9.9072180e-02
-1.1353460e-01
-1.2069290e-01
-1.0631420e-01
-7.6254500e-02
-4.6018310e-02
-1.5258870e-02
2.4811060e-02
7.1123030e-02
1.2003640e-01
1.5129640e-01
1.5986370e-01
1.5287820e-01
1.3403030e-01
1.0954330e-01
9.3687390e-02
8.1594860e-02
4.6647840e-02
-6.3940200e-03
-4.2865000e-02
-6.5774320e-02
-8.4432990e-02
-9.4356390e-02
-8.4970500e-02
-6.2586200e-02
-3.4822240e-02
4.9199890e-04
3.7745070e-02
7.3069220e-02
1.1883230e-01
1.2102640e-01
1.0062030e-01
1.0082400e-01
8.8686040e-02
6.1418570e-02
2.1607920e-02
-2.9513380e-02
-7.9055020e-02
-1.1008110e-01
-1.3419030e-01
-1.3953620e-01
-1.4266750e-01
-1.3599070e-01
-1.1738360e-01
-8.7455120e-02
-5.7292010e-02
-3.4493610e-02
-2.0868560e-02
-6.5802750e-03
1.1401980e-02
2.7470120e-02
3.5678340e-02
4.2478380e-02
5.0343200e-02
6.1713250e-02
7.1373710e-02
7.5269400e-02
7.6385180e-02
7.5009850e-02
7.0936200e-02
6.6850910e-02
7.0885110e-02
7.4554280e-02
7.1640560e-02
6.2937140e-02
5.7121620e-02
4.5456250e-02
2.7291830e-02
8.6192330e-04
-3.8704160e-02
-8.6310100e-02
-1.2330150e-01
-1.5347300e-01
-1.6613310e-01
-1.5652380e-01
-1.2938350e-01
-9.3087040e-02
-4.1044150e-02
-1.3104950e-02
-4.2114120e-03
2.9875580e-02
6.1908400e-02
9.7809550e-02
1.2341930e-01
1.3392670e-01
1.3023130e-01
1.0228440e-01
6.2838620e-02
2.1263160e-02
-1.4110420e-02
-4.3369010e-02
-6.7777240e-02
-8.9596290e-02
-1.0151660e-01
-1.0190790e-01
-8.0015510e-02
-4.0671850e-02
-9.5127270e-03
2.0869290e-02
4.6735450e-02
6.3445580e-02
7.4854710e-02
8.4480680e-02
9.6195890e-02
1.0754820e-01
1.0187760e-01
8.1142820e-02
4.9186600e-02
1.1603740e-02
-3.1963460e-02
-7.8275210e-02
-1.1325870e-01
-1.2762660e-01
-1.2141080e-01
-9.9879980e-02
-6.5918880e-02
-2.0588250e-02
2.4967850e-02
4.6043610e-02
5.2458240e-02
8.4893150e-02
9.6901660e-02
9.8213410e-02
9.2636100e-02
6.6988390e-02
3.9395840e-02
1.2263240e-02
-7.7207590e-03
-2.5502700e-02
-4.5739240e-02
-5.5956680e-02
-6.4754590e-02
-6.2906680e-02
-4.9049510e-02
-3.0223920e-02
-1.5520050e-02
-3.0970720e-03
4.8833760e-03
1.1068520e-02
1.1427290e-02
9.7488090e-03
4.0910280e-03
-1.0304080e-02
-2.6487050e-02
-3.3639360e-02
-3.4197310e-02
-2.7091580e-02
-1.2050290e-02
6.5019590e-03
2.4054430e-02
4.0954940e-02
4.7286710e-02
4.6636110e-02
4.2573650e-02
3.7865140e-02
2.8906520e-02
2.0572810e-02
1.1375610e-02
1.3807760e-03
-6.5480420e-03
-1.1995670e-02
-1.6461980e-02
-2.3165680e-02
-1.8013080e-02
-8.1823660e-03
-7.7087980e-03
-7.8605980e-03
-3.2835300e-03
3.7727240e-03
5.9478240e-03
5.6868710e-03
7.6411080e-03
3.1757370e-03
-6.5463780e-03
-1.5048880e-02
-2.2406140e-02
-3.1237300e-02
-4.1928630e-02
-5.1644500e-02
-5.8086190e-02
-5.5061410e-02
-4.5600940e-02
-3.3419630e-02
-2.6620890e-02
-2.1823830e-02
-1.4474440e-02
-8.3333670e-04
1.9176670e-02
3.5816000e-02
4.1417620e-02
4.1766030e-02
4.0885770e-02
3.7273650e-02
3.1101290e-02
2.2319950e-02
1.7316920e-02
2.0887350e-02
2.3169800e-02
2.0048400e-02
1.6710840e-02
1.2646880e-02
7.9072920e-03
4.1337260e-03
-3.1503720e-04
-3.4379890e-03
-5.0566320e-03
-4.8278050e-03
1.6482660e-03
3.2962230e-03
2.8675360e-03
-1.6374520e-04
-5.0346200e-03
-1.7153610e-02
-3.3842560e-02
-4.5325330e-02
-5.4323560e-02
-6.0450060e-02
-5.8720090e-02
-5.3120050e-02
-4.6661630e-02
-3.0878560e-02
-5.1676900e-03
2.1302680e-02
4.7021290e-02
6.4831780e-02
7.3262600e-02
6.9183800e-02
6.1138870e-02
4.8353640e-02
3.0954360e-02
1.2334680e-02
-7.1528740e-04
-7.0437330e-03
-1.0422140e-02
-1.0632100e-02
-1.0753290e-02
-1.6066630e-02
-2.7266270e-02
-3.8469440e-02
-4.7392820e-02
-5.0867700e-02
-4.0513640e-02
-2.3517860e-02
-1.0260680e-02
3.4154040e-03
1.6103860e-02
3.0267400e-02
4.3738250e-02
5.4137270e-02
5.8924590e-02
6.1535350e-02
5.7154450e-02
5.1568090e-02
4.2759610e-02
2.7004760e-02
1.0628050e-02
-1.6767950e-03
-1.1452620e-02
-2.2413520e-02
-2.8830050e-02
-3.3318080e-02
-3.8197450e-02
-3.8897550e-02
-3.7457260e-02
-3.7461330e-02
-3.6099130e-02
-3.2059380e-02
-2.4966350e-02
-1.5611250e-02
-5.9126590e-03
9.4368390e-04
9.6603800e-03
2.2335570e-02
3.0389650e-02
3.0546630e-02
2.3878410e-02
1.5391270e-02
1.2983060e-02
1.5584110e-02
1.7714890e-02
1.5007520e-02
4.6137920e-03
-7.8438460e-03
-1.5251640e-02
-1.5130700e-02
-1.0815580e-02
-8.3440920e-03
-8.7167980e-03
-5.6908290e-03
3.1946940e-03
1.2385960e-02
1.4257850e-02
1.2806530e-02
1.5089860e-02
2.0208390e-02
2.5783820e-02
2.9011150e-02
2.8183200e-02
2.7183040e-02
2.4929590e-02
2.2138800e-02
1.7289120e-02
1.0904770e-02
4.3313980e-03
-5.6823790e-03
-1.7770390e-02
-2.8193770e-02
-3.7087190e-02
-4.4973890e-02
-5.1931910e-02
-5.8748410e-02
-6.6543580e-02
-7.1497940e-02
-6.4240860e-02
-4.9412570e-02
-3.4013650e-02
-1.5282040e-02
5.5421260e-03
2.7904260e-02
5.2534850e-02
7.8793310e-02
1.0096630e-01
1.0979950e-01
1.0505020e-01
8.7915570e-02
6.3990580e-02
3.4186690e-02
2.8873060e-03
-2.7479960e-02
-5.4682710e-02
-7.7636390e-02
-9.4846870e-02
-1.0004380e-01
-8.9789390e-02
-7.4226620e-02
-6.5151980e-02
-5.6899030e-02
-4.1963230e-02
-2.3295770e-02
-6.2949930e-03
9.2476150e-03
1.9542430e-02
2.4766970e-02
3.1006110e-02
3.7385670e-02
4.0877630e-02
3.5277120e-02
2.4944400e-02
1.6790190e-02
1.5426610e-02
1.3182310e-02
7.6422110e-03
-2.0706630e-03
-7.2326000e-03
-8.1093800e-03
-9.5208840e-03
-1.3509730e-02
-1.9829780e-02
-2.6342750e-02
-2.9085860e-02
-2.8268540e-02
-2.7089920e-02
-2.0625580e-02
-6.4930150e-03
1.0663060e-02
2.1960860e-02
2.4467670e-02
2.2928250e-02
1.7460270e-02
7.8287330e-03
-1.2808530e-03
-3.1431050e-03
-2.8909190e-03
-8.3842640e-03
-1.7564510e-02
-2.4721730e-02
-2.6435540e-02
-2.1368420e-02
-1.4788310e-02
-1.0190130e-02
-9.2896930e-03
-4.3565400e-03
3.1181050e-03
1.0603520e-02
1.3973120e-02
1.5990900e-02
1.9122420e-02
2.2534050e-02
2.6262670e-02
2.9087540e-02
3.0658630e-02
3.1481300e-02
3.1674070e-02
2.8088400e-02
1.9033490e-02
1.0667850e-02
2.8144180e-03
-4.6099650e-03
-9.1858500e-03
-1.2240120e-02
-1.3917490e-02
-1.2311430e-02
-6.7444370e-03
1.4599200e-04
7.9501700e-03
1.1286860e-02
9.2615050e-03
1.7417150e-03
-5.8422690e-03
-1.5876590e-02
-2.5467980e-02
-3.2139640e-02
-3.1264220e-02
-2.3391150e-02
-1.4563830e-02
-8.5641780e-03
-3.6841350e-03
-5.6470120e-04
1.3745500e-03
5.1944740e-03
9.2565980e-03
1.0511490e-02
6.5224880e-03
7.2490450e-04
-3.3452940e-03
-3.2639100e-03
-1.3524270e-03
6.5582360e-04
-6.8442690e-04
-2.7906110e-03
6.0540250e-04
7.3134860e-03
1.3266410e-02
1.9602930e-02
2.7048710e-02
3.0464070e-02
2.5221070e-02
1.4405900e-02
3.1941040e-03
-5.4850720e-03
-1.0673950e-02
-1.1488770e-02
-7.5202980e-03
-1.6969950e-03
3.2648770e-03
6.2456980e-03
8.2804320e-03
8.5159630e-03
6.8608720e-03
4.9104400e-03
5.8205090e-04
-2.9819260e-03
-5.5594510e-03
-6.7014800e-03
-6.2012330e-03
-3.8265040e-03
-1.3984820e-03
1.0914430e-04
1.0823530e-03
2.9711510e-03
5.8279570e-03
9.5695780e-03
1.3993710e-02
1.7058780e-02
1.7613720e-02
1.5976960e-02
1.3653810e-02
9.3885530e-03
1.4490860e-03
-8.7141830e-03
-1.7666490e-02
-2.3374880e-02
-2.3985000e-02
-1.8952020e-02
-1.2087960e-02
-6.0303180e-03
-2.9840360e-03
-1.4748890e-03
1.3972260e-03
3.4306660e-03
4.1253150e-03
4.5734120e-03
6.7533770e-03
1.0991200e-02
1.4964680e-02
1.6747140e-02
1.5007860e-02
1.1690500e-02
9.2457450e-03
6.3271200e-03
2.9546470e-03
-2.7049350e-03
-8.0834600e-03
-1.2682840e-02
-1.5244370e-02
-1.7247660e-02
-1.8802140e-02
-1.8486360e-02
-1.6138870e-02
-1.3660090e-02
-1.0775250e-02
-8.2826870e-03
-6.3631230e-03
-4.3171270e-03
-4.1387980e-03
-6.0302310e-03
-7.6322640e-03
-6.5003660e-03
-1.7468970e-03
3.6448770e-03
7.6073120e-03
9.7420530e-03
1.1732140e-02
1.5515060e-02
1.9921530e-02
2.0270150e-02
1.6145700e-02
9.8894550e-03
3.6151790e-03
-1.3283230e-03
-5.3205660e-03
-9.2668800e-03
-1.1900620e-02
-1.3355170e-02
-1.3898920e-02
-1.3599010e-02
-1.1324700e-02
-7.0908270e-03
-2.1545240e-03
3.1385800e-03
8.4315700e-03
1.3114020e-02
1.3897040e-02
1.2048670e-02
1.1012760e-02
1.0086630e-02
9.2387000e-03
6.3793910e-03
2.4797280e-03
-1.4496620e-03
-4.9708370e-03
-6.5390830e-03
-6.6736940e-03
-5.3581490e-03
-3.4096080e-03
-1.4772970e-03
5.6333010e-04
2.5962970e-03
3.0947230e-03
2.2136190e-03
2.8748670e-04
3.6685300e-05
1.8371460e-03
6.1010010e-03
1.0973050e-02
1.4657300e-02
1.4454510e-02
1.1955060e-02
9.9773930e-03
8.4779090e-03
8.0795360e-03
6.8329610e-03
3.4011090e-03
-8.1785210e-05
-7.8281700e-04
1.9065600e-04
1.1724780e-03
2.0357060e-03
2.1105260e-03
1.2002070e-03
3.1934410e-04
-5.1886640e-04
-3.4237730e-03
-5.9854220e-03
-7.0368510e-03
-7.1468650e-03
-8.0689580e-03
-9.8939260e-03
-1.0115980e-02
-8.3808860e-03
-3.5982230e-03
1.7306920e-03
6.2412520e-03
9.3168940e-03
9.9009730e-03
9.0643080e-03
6.7904300e-03
5.6412410e-03
5.6464240e-03
4.7036180e-03
2.2584760e-03
-5.1569550e-04
-2.9137740e-03
-5.4529090e-03
-7.0185850e-03
-8.4421720e-03
-1.1273580e-02
-1.4591500e-02
-1.7649950e-02
-1.9250910e-02
-1.9317520e-02
-1.8483980e-02
-1.6186150e-02
-1.4185590e-02
-1.1887970e-02
-8.0749790e-03
-3.1772660e-03
2.5870660e-03
7.5241670e-03
1.0595300e-02
1.1804370e-02
1.1460140e-02
1.0531070e-02
8.2324250e-03
5.3023780e-03
3.2845550e-03
4.0073500e-04
-2.4596070e-03
-5.8662670e-03
-9.3632390e-03
-1.1025500e-02
-1.0253460e-02
-6.4456940e-03
-3.0685880e-03
-6.2589480e-04
2.4230580e-03
4.4995290e-03
6.0206990e-03
7.0665120e-03
6.6198050e-03
6.4791350e-03
6.9895120e-03
7.1433910e-03
6.6569820e-03
5.2445630e-03
5.0846300e-03
5.0444220e-03
4.1346170e-03
4.2859050e-04
-3.9020990e-03
-6.8630440e-03
-8.9489320e-03
-8.6845030e-03
-7.6855930e-03
-6.2301660e-03
-4.4263530e-03
-2.0600710e-03
3.2008780e-05
1.5145650e-03
1.9422000e-03
2.5854340e-03
2.6941000e-03
1.7360200e-03
3.6138600e-04
-1.6524660e-03
-2.2464170e-03
-1.3776100e-03
1.4880390e-03
1.3750120e-03
-1.4358590e-03
-5.3635130e-03
-8.9084590e-03
-1.0100680e-02
-9.7270770e-03
-9.2013520e-03
-8.2654060e-03
-5.8903440e-03
-2.5435830e-03
1.6850000e-03
5.6711620e-03
9.5512110e-03
1.1744080e-02
1.2008680e-02
1.1502450e-02
1.0478040e-02
9.8654530e-03
8.5567850e-03
6.2518360e-03
2.4853890e-03
-1.8744820e-03
-5.4327540e-03
-8.3565920e-03
-1.1291350e-02
-1.3342280e-02
-1.5862440e-02
-1.6065640e-02
-1.4647890e-02
-1.1809760e-02
-7.9339580e-03
-4.5431040e-03
-1.1295670e-03
1.4018650e-03
2.8747660e-03
4.0108470e-03
5.4492480e-03
6.4454750e-03
7.0325920e-03
6.6363680e-03
5.2196070e-03
4.1648130e-03
2.2413410e-03
-2.0272270e-04
-8.0677620e-04
-7.7624800e-04
-1.2058570e-03
-2.2235890e-03
-1.9031750e-03
-5.2082090e-04
5.8254560e-04
-7.1731800e-04
-1.2710220e-03
-1.6676510e-03
-2.1516400e-03
-3.5711800e-03
-5.5190920e-03
-4.7125340e-03
-3.3124720e-03
-1.5055960e-03
-1.6620260e-05
2.8371210e-03
5.8132020e-03
7.9829990e-03
8.9365750e-03
8.1233990e-03
6.3019250e-03
4.2449670e-03
2.3167210e-03
1.2072070e-03
1.5537130e-03
1.5693780e-03
1.7586800e-04
-1.2800090e-03
-1.7735500e-03
-1.2130590e-03
-1.1564830e-03
-1.7042770e-03
-2.6275300e-03
-3.1838810e-03
-2.8385450e-03
-1.9086220e-03
-5.0230000e-04
1.4277500e-03
2.5729080e-03
2.6819770e-03
1.7455760e-03
3.0415230e-04
-2.8039020e-04
2.5006860e-04
2.4854110e-03
5.2718570e-03
8.2839130e-03
1.0386280e-02
1.1808040e-02
1.1866830e-02
1.0974930e-02
9.0871920e-03
5.3953170e-03
1.1008970e-03
-2.9503410e-03
-7.2985270e-03
-1.1312790e-02
-1.3966840e-02
-1.4455860e-02
-1.2726330e-02
-1.0323280e-02
-7.8167300e-03
-5.8737320e-03
-3.0147300e-03
-9.1314750e-05
1.8917440e-03
4.2417530e-03
5.7679510e-03
6.3434370e-03
7.7694850e-03
8.9182210e-03
9.9367940e-03
9.8834770e-03
8.1521340e-03
5.7828490e-03
2.8518170e-03
-1.0893110e-04
-3.5563630e-03
-6.0261080e-03
-7.0189260e-03
-6.6412630e-03
-4.8565510e-03
-2.0807650e-03
1.2981220e-03
5.7690970e-03
9.7313780e-03
1.3086300e-02
1.6079230e-02
1.7284860e-02
1.5937680e-02
1.3096340e-02
1.0226590e-02
6.8689070e-03
2.9039210e-03
-1.4978470e-03
-6.8316870e-03
-1.1783830e-02
-1.3977150e-02
-1.4135460e-02
-1.3679200e-02
-1.3105620e-02
-1.2524270e-02
-1.1688040e-02
-9.3808990e-03
-6.4355190e-03
-3.8479500e-03
-1.8784850e-03
-8.9244220e-04
-1.1885370e-03
-1.7069240e-03
-3.5915520e-03
-5.5630450e-03
-6.1831650e-03
-6.1861300e-03
-5.2912640e-03
-4.3296460e-03
-3.3595070e-03
-1.4203120e-03
9.6265970e-04
2.9461380e-03
3.5201620e-03
3.0401170e-03
2.2275210e-03
1.7099480e-03
1.6783500e-03
2.0803880e-03
2.5171980e-03
3.1592580e-03
2.3493900e-03
1.4172610e-03
-5.3873480e-04
-3.4956280e-03
-6.3983100e-03
-8.4591720e-03
-9.1351910e-03
-7.7973510e-03
-4.9934980e-03
-1.6914530e-03
2.6104400e-03
7.0187410e-03
1.1942610e-02
1.5565120e-02
1.6769740e-02
1.6382430e-02
1.4067950e-02
1.1149100e-02
8.2117680e-03
4.4247000e-03
1.0241040e-03
-1.1420610e-03
-1.7883510e-03
-8.4914910e-04
6.0978060e-04
2.0697960e-03
3.5668490e-03
4.9251730e-03
7.2739660e-03
9.7403480e-03
1.0860580e-02
1.1954740e-02
1.1421330e-02
1.0008190e-02
8.7293920e-03
6.7832920e-03
3.8305540e-03
9.1776770e-04
-2.0538750e-03
-4.5972480e-03
-7.0063810e-03
-8.0439210e-03
-9.0219580e-03
-9.1392800e-03
-9.6591980e-03
-9.2570110e-03
-8.7372850e-03
-8.7030270e-03
-9.1147130e-03
-8.5788200e-03
-8.1001430e-03
-7.6405120e-03
-6.7583150e-03
-5.7876300e-03
-4.8315180e-03
-4.6940550e-03
-5.1744050e-03
-5.6804130e-03
-6.0842390e-03
-6.2423890e-03
-6.6744070e-03
-7.0267280e-03
-6.6452420e-03
-4.8520320e-03
-2.0958200e-03
4.0135250e-04
1.9670710e-03
2.4777420e-03
3.4825400e-03
4.4843700e-03
5.9767540e-03
7.4375140e-03
8.0087310e-03
8.5148120e-03
8.9876580e-03
8.5871500e-03
7.1631120e-03
4.2926190e-03
4.9168040e-04
-3.4097620e-03
-7.3018730e-03
-1.0325600e-02
-1.2023590e-02
-1.1266610e-02
-8.9413500e-03
-5.5317010e-03
-2.0717530e-03
9.2339260e-04
3.9828660e-03
5.9663650e-03
6.5332670e-03
5.1903990e-03
2.3483140e-03
-5.6755530e-04
-3.4599370e-03
-5.8639270e-03
-7.4390550e-03
-8.5601620e-03
-8.2013670e-03
-6.3648310e-03
-3.1338860e-03
1.1418890e-03
6.4938520e-03
1.1061930e-02
1.4571970e-02
1.7109070e-02
1.8650390e-02
1.8318910e-02
1.6095020e-02
1.2377410e-02
7.8544890e-03
2.8776930e-03
-1.4586070e-03
-5.3413280e-03
-8.3939150e-03
-9.9875320e-03
-1.1033220e-02
-1.1518140e-02
-1.1092440e-02
-1.0682610e-02
-1.0633580e-02
-1.0193470e-02
-9.1871340e-03
-7.3694860e-03
-4.9903240e-03
-2.0460650e-03
8.1588280e-04
2.3649550e-03
2.5958670e-03
2.2201210e-03
8.4599940e-04
-1.5317750e-03
-4.5088140e-03
-7.9287700e-03
-1.0478340e-02
-1.0701740e-02
-9.2973850e-03
-6.3878440e-03
-3.0698880e-03
-6.2096480e-04
4.9646650e-04
1.8718310e-03
3.3997390e-03
5.0335080e-03
6.0321890e-03
6.9212380e-03
7.8370490e-03
7.4494830e-03
6.5379970e-03
5.9939960e-03
5.1077410e-03
3.2022320e-03
1.6559450e-03
1.8462920e-04
-1.2811420e-03
-1.8535400e-03
-2.3257420e-03
-2.2563020e-03
-1.7798860e-03
-1.8614040e-03
-1.3660220e-03
-8.1181480e-04
7.3651560e-05
1.0388860e-03
2.0146770e-03
2.9938080e-03
3.9606630e-03
4.0405200e-03
4.9389270e-03
5.0525620e-03
3.6889670e-03
2.1702190e-03
3.2602230e-04
-7.5489520e-04
-1.3682090e-03
-8.7048680e-04
5.7071380e-04
1.5081310e-03
2.5507550e-03
3.9844520e-03
4.9236380e-03
5.0439330e-03
4.6669910e-03
3.2514080e-03
1.2970980e-03
-6.4162040e-04
-1.6962090e-03
-2.7071950e-03
-3.6292390e-03
-5.9737450e-03
-7.6006140e-03
-8.1921240e-03
-7.7388010e-03
-5.9102790e-03
-3.5008710e-03
-9.8746250e-04
9.1012140e-04
1.1706300e-03
3.3051800e-04
-6.8797360e-04
-1.1854450e-03
-1.3286090e-03
-9.3956040e-04
4.4409890e-04
2.7379290e-03
5.6153180e-03
8.7355990e-03
1.1750800e-02
1.3229730e-02
1.3352290e-02
1.2977940e-02
1.2494930e-02
1.1103520e-02
9.6431240e-03
6.3812190e-03
2.0675740e-03
-1.9646820e-03
-5.4416320e-03
-7.4657790e-03
-9.4244190e-03
-1.0513820e-02
-1.1121250e-02
-1.0673840e-02
-9.6893450e-03
-7.8192630e-03
-5.8822840e-03
-3.9115230e-03
-2.0710120e-03
-1.0058890e-03
6.0651110e-04
2.0424530e-03
3.8317290e-03
4.4675980e-03
4.9832350e-03
4.5505370e-03
4.1459410e-03
4.0959640e-03
4.6002090e-03
5.0962920e-03
5.5343190e-03
5.5807920e-03
6.0027960e-03
6.4185680e-03
7.3571190e-03
6.9481790e-03
6.0929600e-03
5.0744270e-03
2.6837000e-03
3.0782860e-04
-1.6291180e-03
-3.5897700e-03
-4.6298050e-03
-5.6323640e-03
-6.5565740e-03
-7.0623220e-03
-7.1709990e-03
-7.1298470e-03
-6.6177120e-03
-5.2209580e-03
-3.8270410e-03
-3.7583150e-03
-4.7152470e-03
-5.8060320e-03
-6.7634520e-03
-7.1902850e-03
-8.1296340e-03
-8.6501220e-03
-9.5449210e-03
-9.5678710e-03
-9.0627600e-03
-8.5966550e-03
-7.8027560e-03
-6.0255980e-03
-3.4985200e-03
-1.0023870e-03
9.8452890e-04
2.5209420e-03
4.3902240e-03
7.2290240e-03
1.0185780e-02
1.2671630e-02
1.3742670e-02
1.3443580e-02
1.2121620e-02
1.0255260e-02
7.7137760e-03
4.2996790e-03
1.4108670e-03
-1.5650900e-03
-4.1095200e-03
-5.6104900e-03
-6.5695890e-03
-5.7872800e-03
-4.4514190e-03
-3.0077980e-03
-1.4886710e-03
4.2387850e-04
1.9074160e-03
2.9764540e-03
4.0145380e-03
4.4986930e-03
4.0417030e-03
3.0789880e-03
2.0700190e-03
1.2043000e-03
2.2821510e-04
-7.3259660e-04
-2.6741180e-03
-4.1304180e-03
-5.5110270e-03
-6.6271900e-03
-7.1714300e-03
-6.2437140e-03
-4.4569440e-03
-2.9349220e-03
-1.3800370e-03
-4.6792320e-04
4.3976500e-05
1.0877510e-03
2.5286000e-03
3.4735580e-03
4.4861840e-03
4.1734460e-03
3.6878460e-03
2.6525240e-03
2.0721760e-03
1.5632800e-03
1.0983320e-03
1.1785870e-03
6.8665000e-04
1.6052090e-04
1.2714520e-04
5.5887370e-04
1.4878730e-03
2.9348450e-03
3.5778720e-03
3.5114020e-03
3.1107150e-03
2.6947980e-03
3.5515360e-03
4.0716270e-03
4.0189900e-03
3.5157900e-03
3.0674980e-03
2.1869680e-03
2.1189180e-03
2.1173640e-03
2.0730610e-03
2.4988760e-03
3.5356110e-03
4.0573460e-03
4.0574650e-03
3.1245040e-03
1.6407860e-03
-7.1851490e-04
-4.0634050e-03
-6.5096660e-03
-8.4851880e-03
-9.1617910e-03
-8.6839580e-03
-7.1979330e-03
-5.7533970e-03
-4.0087020e-03
-2.9577990e-03
-1.3323670e-03
8.7501490e-05
1.9521680e-03
2.9544520e-03
3.4250640e-03
3.9574200e-03
4.0101960e-03
4.3964850e-03
4.9416050e-03
4.7010510e-03
3.7519170e-03
1.8228100e-03
-5.4331090e-04
-2.5737580e-03
-3.6767680e-03
-4.2783440e-03
-4.7806550e-03
-5.2225710e-03
-5.2568730e-03
-5.7348560e-03
-6.5935080e-03
-6.7096200e-03
-6.2861060e-03
-5.2954100e-03
-4.3356540e-03
-3.3431590e-03
-2.4135470e-03
-9.9396450e-04
9.5266130e-04
2.9500040e-03
4.4544890e-03
5.4575340e-03
5.1673120e-03
4.6188190e-03
4.0050800e-03
2.6567540e-03
1.7166010e-03
6.8658820e-04
-7.7405260e-04
-1.3905230e-03
-1.4322570e-03
-3.7318110e-04
1.5834780e-04
1.0488790e-03
2.0056420e-03
2.1176590e-03
1.7372890e-03
3.6427500e-04
-1.0722710e-03
-2.5756080e-03
-3.6594880e-03
-4.5879260e-03
-5.0854310e-03
-5.2341290e-03
-4.8064000e-03
-3.8246010e-03
-1.9577350e-03
2.7977090e-05
2.4822870e-03
4.0097420e-03
4.5862670e-03
4.1926300e-03
2.7957520e-03
7.8140770e-04
-7.1733150e-04
-2.6448950e-03
-4.1440110e-03
-5.1451430e-03
-4.7930230e-03
-3.8210730e-03
-1.9459640e-03
1.0810150e-05
2.8187130e-03
5.2075620e-03
7.6930070e-03
8.8247580e-03
8.9216110e-03
8.0441010e-03
7.0763830e-03
5.1942090e-03
3.2616650e-03
1.3066000e-03
-6.4113580e-04
-2.5976710e-03
-4.5402490e-03
-5.5881590e-03
-5.6781960e-03
-5.6867050e-03
-4.7910830e-03
-3.7937210e-03
-2.2959850e-03
-8.6685650e-04
5.1239470e-05
5.1720370e-04
9.9740980e-04
1.5271620e-03
2.5211500e-03
3.5005750e-03
3.5250600e-03
3.0712530e-03
2.1917570e-03
1.2282600e-03
2.1621140e-04
-1.2702680e-03
-2.7433830e-03
-4.1680140e-03
-5.1133440e-03
-5.1773390e-03
-4.3424940e-03
-2.9408920e-03
-9.7079010e-04
1.8666030e-03
3.8818130e-03
4.9067470e-03
5.3778390e-03
5.0094500e-03
5.0400710e-03
4.1286260e-03
3.1978990e-03
2.1283490e-03
1.0672420e-03
6.3633070e-04
6.4318770e-04
6.5048320e-04
6.0249830e-04
1.2989010e-04
-6.9865220e-04
-2.0954040e-03
-3.1616430e-03
-3.1843360e-03
-2.7653200e-03
-2.4486540e-03
-2.4331120e-03
-1.9055690e-03
-5.9365300e-04
1.3791520e-03
2.9894020e-03
4.0149270e-03
4.5042430e-03
4.0825540e-03
3.6483040e-03
3.0314960e-03
1.6662470e-03
-1.1910270e-04
-1.6043300e-03
-2.6159350e-03
-3.1706150e-03
-2.8813430e-03
-2.4094370e-03
-1.9294170e-03
-5.1159450e-04
6.0247720e-04
1.9936850e-03
2.5308500e-03
3.1078160e-03
3.0722440e-03
2.2272920e-03
8.2973560e-04
-1.1394570e-03
-3.0263090e-03
-4.5592430e-03
-6.1003450e-03
-7.0585250e-03
-7.1269200e-03
-6.2925750e-03
-4.8572410e-03
-3.2734270e-03
-1.8845330e-03
-5.4229930e-04
5.5297690e-05
1.6259690e-04
1.7117320e-04
1.8059930e-04
1.3881460e-04
-3.8068610e-04
-8.1927290e-04
-8.1366150e-04
-7.7188060e-04
-1.1952870e-03
-2.2233490e-03
-2.7990340e-03
-3.3078700e-03
-2.8651390e-03
-2.7430160e-03
-2.2116660e-03
-1.7693520e-03
-1.7733570e-03
-1.8144410e-03
-1.3831240e-03
-3.8166910e-04
5.3031140e-04
1.9422080e-03
3.0073050e-03
3.9857350e-03
4.9638220e-03
5.9390260e-03
6.0157340e-03
6.0303450e-03
6.0260640e-03
5.1250540e-03
4.1606710e-03
3.2032540e-03
2.1693900e-03
7.3461980e-04
-2.5439730e-04
-1.7372720e-03
-2.3438270e-03
-2.4170830e-03
-1.9138140e-03
-5.3815350e-04
9.5155890e-04
2.9242910e-03
4.8628810e-03
5.9089200e-03
6.0389140e-03
5.6716140e-03
5.1377550e-03
3.2844140e-03
9.7924440e-04
-1.5346450e-03
-4.0768850e-03
-5.6751970e-03
-6.6859410e-03
-6.6570100e-03
-6.6549010e-03
-5.7946930e-03
-4.4094500e-03
-3.3431930e-03
-2.3679620e-03
-1.3372910e-03
-7.9750260e-04
-8.0962370e-04
-1.7175310e-03
-3.5346220e-03
-4.9859430e-03
-6.1016920e-03
-6.6888390e-03
-6.2862500e-03
-4.9142970e-03
-3.4788450e-03
-1.9761570e-03
5.0569550e-05
2.4721070e-03
4.3442540e-03
5.8312990e-03
5.9996630e-03
5.1143280e-03
3.2612140e-03
1.3209860e-03
-6.1079090e-04
-1.7163750e-03
-3.1651320e-03
-3.2443710e-03
-2.9202800e-03
-2.0260520e-03
-4.5980830e-04
1.5886900e-04
1.1086750e-03
7.0684510e-04
1.1066710e-04
-1.1943580e-03
-2.5634620e-03
-3.6799230e-03
-4.2260620e-03
-4.2118240e-03
-3.3276040e-03
-2.3108090e-03
-1.7639300e-03
-8.6832700e-04
1.0400810e-04
1.0734460e-03
2.9553380e-03
3.9740500e-03
5.0036650e-03
4.6921210e-03
4.2049090e-03
3.1390170e-03
2.0255750e-03
1.1312070e-03
2.1864220e-04
-3.1031020e-04
-1.2422160e-03
-1.8074790e-03
-2.3617630e-03
-2.3902440e-03
-2.2369650e-03
-2.6533450e-03
-2.7800060e-03
-2.3441710e-03
-1.3853600e-03
-8.3311850e-05
9.4050680e-04
2.0344650e-03
3.0183930e-03
3.9782800e-03
4.1016260e-03
3.6896330e-03
2.7137210e-03
1.6904140e-03
2.4591350e-04
-1.5859580e-03
-2.7183530e-03
-3.8248820e-03
-4.8078430e-03
-4.8446350e-03
-4.3679710e-03
-2.9454470e-03
-1.8814900e-03
-8.9878350e-04
1.2821230e-04
1.6111610e-03
3.0757050e-03
4.5426480e-03
5.0730730e-03
5.0224430e-03
3.6106470e-03
2.2089650e-03
3.1278590e-04
-1.2434290e-03
-2.7168210e-03
-4.2095630e-03
-5.5591400e-03
-6.0963510e-03
-5.7609020e-03
-4.7834040e-03
-2.8791610e-03
-1.3271270e-03
1.7030100e-04
1.5513670e-03
2.8811130e-03
3.5151760e-03
3.2464830e-03
2.6848700e-03
1.2227470e-03
2.9893470e-04
1.6132550e-04
-3.1016720e-04
-3.1363510e-04
2.2979320e-05
9.3176020e-04
2.4089530e-03
4.7514440e-03
7.2077270e-03
8.3957150e-03
8.9933110e-03
8.5967270e-03
7.2341130e-03
4.8403410e-03
2.8259490e-03
8.0897390e-04
-6.9642030e-04
-1.7025630e-03
-2.3177500e-03
-2.7234340e-03
-3.1363240e-03
-3.2352770e-03
-3.1856590e-03
-2.7176760e-03
-1.8432080e-03
-1.7768720e-03
-1.7648290e-03
-2.6662890e-03
-2.7138520e-03
-2.7779060e-03
-2.3347270e-03
-1.3732850e-03
-7.6494830e-05
9.5926590e-04
1.9915640e-03
2.5588330e-03
4.0273470e-03
4.9549690e-03
5.0940270e-03
4.6594930e-03
3.7285840e-03
2.3388090e-03
1.2187390e-03
-2.1228860e-04
-1.2164250e-03
-1.7698700e-03
-1.7434090e-03
-1.8099250e-03
-1.3215300e-03
-7.5675580e-04
8.5515480e-05
5.4327000e-04
1.0204090e-03
1.5613280e-03
2.5053700e-03
3.0220820e-03
3.9754880e-03
4.4364140e-03
4.9223600e-03
5.4473850e-03
5.5354480e-03
4.6595490e-03
