0.01
2.9414240e-05
2.9515780e-05
2.9611340e-05
2.9705530e-05
2.9795500e-05
2.9877880e-05
2.9961350e-05
3.0038930e-05
3.0121230e-05
3.0193530e-05
3.0274690e-05
3.0358430e-05
3.0436680e-05
3.0511490e-05
3.0589800e-05
3.0674590e-05
3.0757360e-05
3.0850470e-05
3.0944300e-05
3.1054180e-05
3.1175930e-05
3.1321310e-05
3.1500930e-05
3.1664770e-05
3.2059700e-05
3.1963810e-05
3.4069150e-05
2.9356760e-05
4.9652510e-05
-4.4523450e-05
-9.3316600e-05
4.0891630e-05
-5.6016940e-05
-9.4448660e-05
1.8894270e-05
1.8970010e-05
2.4497360e-05
2.4347520e-05
2.5266410e-05
2.5541150e-05
2.5803940e-05
2.5946030e-05
2.6028560e-05
2.6057150e-05
2.6055900e-05
2.6029120e-05
2.5974910e-05
2.5898330e-05
2.5797930e-05
2.5682770e-05
2.5562290e-05
2.5439220e-05
2.5303590e-05
2.5149150e-05
2.4977780e-05
2.4798620e-05
2.4603690e-05
2.4396860e-05
2.4192040e-05
2.3979810e-05
2.3756340e-05
2.3524830e-05
2.3282190e-05
2.3034310e-05
2.2763650e-05
2.2491190e-05
2.2216130e-05
2.1937080e-05
2.1649320e-05
2.1343970e-05
2.1025060e-05
2.0703650e-05
2.0368440e-05
2.0021740e-05
1.9662400e-05
1.9288840e-05
1.8902790e-05
1.8494500e-05
1.8062020e-05
1.7600070e-05
1.7096210e-05
1.6575830e-05
1.5966970e-05
1.5080500e-05
1.5656020e-05
6.5928170e-06
4.4748130e-05
-3.1715520e-04
3.9941330e-05
1.5575560e-05
1.9567860e-05
1.6665360e-05
1.5765240e-05
1.4902800e-05
1.4161170e-05
1.3500600e-05
1.2855960e-05
1.2313510e-05
1.1500950e-05
1.1952360e-05
2.6720560e-06
7.7082500e-08
-6.0609200e-07
-1.2154050e-06
-1.7659510e-06
-2.3412360e-06
-2.9021870e-06
-3.4636820e-06
-4.0202180e-06
-4.5824980e-06
-5.1505870e-06
-5.7239830e-06
-6.3068880e-06
-6.9011510e-06
-7.4904410e-06
-8.0833840e-06
-8.6812630e-06
-9.2846400e-06
-9.8997460e-06
-1.0523760e-05
-1.1147140e-05
-1.1785460e-05
-1.2422160e-05
-1.3068300e-05
-1.3713320e-05
-1.4364790e-05
-1.5015240e-05
-1.5672720e-05
-1.6336710e-05
-1.7019880e-05
-1.7699710e-05
-1.8379290e-05
-1.9065860e-05
-1.9763780e-05
-2.0467230e-05
-2.1175790e-05
-2.1884590e-05
-2.2603240e-05
-2.3328030e-05
-2.4055490e-05
-2.4791150e-05
-2.5533950e-05
-2.6278180e-05
-2.7033730e-05
-2.7789930e-05
-2.8553340e-05
-2.9317620e-05
-3.0087530e-05
-3.0863330e-05
-3.1641120e-05
-3.2437220e-05
-3.3236690e-05
-3.4034550e-05
-3.4836620e-05
-3.5650570e-05
-3.6460080e-05
-3.7277940e-05
-3.8103210e-05
-3.8933010e-05
-3.9762010e-05
-4.0595770e-05
-4.1438580e-05
-4.2282260e-05
-4.3137930e-05
-4.4001450e-05
-4.4868280e-05
-4.5735160e-05
-4.6613610e-05
-4.7495520e-05
-4.8371240e-05
-4.9257360e-05
-5.0147020e-05
-5.1039440e-05
-5.1936100e-05
-5.2830930e-05
-5.3732310e-05
-5.4654970e-05
-5.5573350e-05
-5.6496180e-05
-5.7409210e-05
-5.8326000e-05
-5.9248860e-05
-6.0162120e-05
-6.1228190e-05
-6.1441890e-05
-6.5680390e-05
-5.1859380e-05
-1.1697810e-04
3.7859660e-04
3.7116890e-05
-6.1346500e-05
-6.6422730e-05
-7.0658430e-05
-7.0902180e-05
-7.2686320e-05
-7.3379150e-05
-7.6603510e-05
-7.2159240e-05
-9.5384600e-05
7.8796650e-06
5.5095030e-05
-7.2376670e-05
-5.8218420e-05
-1.2764550e-04
3.6472800e-04
3.1924410e-05
-1.1165720e-04
-5.8031820e-04
3.4255450e-04
-5.4355670e-04
-1.0909170e-04
9.7512380e-04
4.8175860e-04
-9.1031990e-05
-8.6825830e-05
-1.0964810e-04
-9.2280430e-04
-1.3941810e-03
-3.9154480e-05
5.5289310e-04
4.2614280e-04
4.8055870e-04
3.2948030e-05
-1.0951760e-04
-6.1887240e-04
-1.9875810e-04
-1.0196360e-04
-1.4010650e-04
-5.9025620e-04
3.1077840e-04
1.2948180e-03
1.0947330e-04
-1.9057880e-03
-2.9991690e-04
-8.9996480e-04
-7.6379800e-04
2.2167240e-04
8.8783180e-04
-6.6360360e-05
-3.4337750e-04
1.0908340e-03
4.1157540e-03
2.0224860e-03
-3.3391890e-04
-2.7865040e-03
-4.8960300e-03
-5.5569930e-03
-1.0528170e-03
1.6299720e-03
2.5375790e-03
5.3000930e-03
1.2417070e-03
-3.3703630e-03
2.0477770e-04
1.1268830e-03
5.3295850e-03
6.3297120e-03
7.3812070e-04
-8.0138760e-03
-1.6323510e-02
-9.1731560e-03
2.8362040e-03
1.0480210e-02
5.1670120e-03
5.3001900e-03
4.5018620e-03
1.1984740e-03
-4.0283640e-04
-8.0450450e-04
-8.6897240e-03
-1.1593250e-02
-5.2068690e-04
4.6916270e-03
3.1471190e-03
6.4280350e-03
7.2633970e-03
8.9902790e-04
-1.0524980e-03
4.1035430e-04
-5.1350630e-03
-6.1753580e-03
-3.4843590e-03
-8.0991120e-05
5.4592480e-05
9.6916430e-03
3.4621940e-03
9.9723930e-04
-6.8805170e-03
-1.4540050e-02
-7.3390410e-03
3.4825430e-03
1.6128670e-02
1.6399130e-02
1.0425940e-02
-4.8282830e-03
-1.1177600e-02
-8.7114850e-03
-5.4263200e-03
-4.2259260e-03
1.3252840e-03
2.6217880e-03
5.6120520e-04
2.4641190e-04
2.0397420e-03
4.1452890e-03
-1.8738150e-03
-4.2790760e-03
-2.9133590e-04
2.9385080e-04
-2.6803190e-03
6.0413480e-03
4.4773530e-03
-1.3888750e-03
3.9205180e-03
4.2490630e-03
-7.7282900e-03
-6.0336090e-03
1.3663620e-03
1.8081790e-03
1.4161070e-03
1.3872250e-04
-4.6292960e-03
-7.1873830e-03
-1.1004900e-03
7.3417150e-03
3.4832510e-04
-5.9867890e-03
1.1202360e-03
4.8303950e-03
8.0237310e-03
3.6087760e-03
-7.8092830e-03
-4.1647010e-03
-9.2348990e-04
4.0012740e-03
7.1583480e-03
1.9331900e-03
-4.9060300e-03
-8.8128210e-03
-7.2116670e-03
2.0497660e-03
5.9664130e-03
5.2240200e-03
3.0942940e-03
-1.8013510e-03
-2.5480000e-03
-6.3919360e-04
-6.9509290e-03
-6.0283120e-03
2.5756220e-03
2.4591840e-03
-2.0756880e-03
-2.6693710e-03
5.3623720e-03
3.2464410e-03
-4.6384340e-03
-1.9541630e-03
7.0117360e-03
1.0232760e-02
9.9752240e-04
-2.8270860e-03
-2.2316130e-03
-3.2208310e-03
1.1889980e-03
-3.7088870e-03
-5.8048000e-03
2.1266660e-04
-2.0101360e-04
3.1340180e-04
1.1862290e-02
1.7427690e-02
7.0879600e-03
-9.1458570e-03
-1.1575080e-02
-3.9360270e-03
2.8245580e-03
8.9123620e-03
5.2261350e-03
-6.8301640e-04
-2.8265800e-03
-7.6278900e-03
-9.4656230e-03
-7.9128480e-03
-2.2642920e-03
1.8994100e-03
7.1645980e-03
8.5279910e-03
3.4355550e-03
-4.2044590e-03
-3.8564390e-03
5.5011380e-03
1.3748800e-02
1.5810810e-02
6.3835090e-03
-8.5595920e-03
-1.5054490e-02
-2.2929160e-03
1.7111680e-03
-6.6764680e-04
-3.9834560e-04
9.4226330e-03
6.9220100e-03
-1.9616520e-02
-2.5484410e-02
-2.0095240e-02
-1.8372870e-02
-1.7473240e-02
-1.4640220e-02
3.3697680e-03
2.2263210e-02
3.8260220e-02
4.7406210e-02
5.0363220e-02
3.6280860e-02
2.8755800e-02
2.0240250e-02
4.3130770e-03
-2.4195340e-03
1.7476390e-02
5.2886530e-02
9.3021920e-02
1.2886920e-01
1.2382800e-01
6.3387860e-02
-2.2158740e-02
-7.7814810e-02
-1.0942370e-01
-1.4575650e-01
-1.7758500e-01
-2.0644340e-01
-2.2438060e-01
-1.7873100e-01
-1.1248860e-01
-8.4650770e-02
-9.9001250e-02
-9.9809250e-02
-5.2098390e-02
7.5287410e-02
2.2434470e-01
2.8673730e-01
3.1147980e-01
2.9854520e-01
2.2934800e-01
1.3982630e-01
3.0073410e-02
-1.0431270e-01
-1.9975810e-01
-1.5912550e-01
-9.2723880e-02
-1.1587190e-01
-1.2772340e-01
-9.1599570e-02
-3.8453290e-02
-3.2047330e-02
-5.1073010e-02
-4.1094650e-02
1.3070750e-02
1.0310050e-01
1.5110470e-01
1.4824140e-01
1.2228790e-01
5.5696880e-02
-1.4997970e-02
-5.6436530e-02
-5.9337190e-02
-5.5596790e-02
-5.4342400e-02
-1.0831720e-02
6.7976780e-02
1.2890330e-01
1.4075320e-01
9.1796750e-02
1.3438440e-02
-4.5389280e-02
-4.1151010e-02
-1.3688050e-02
-1.3682600e-04
-2.4170260e-02
-6.4087640e-02
-1.1320340e-01
-1.4173280e-01
-1.3162040e-01
-8.1525190e-02
5.9461210e-03
6.4981350e-02
6.7593670e-02
3.1165280e-02
6.3644080e-03
1.3121320e-02
1.9020160e-02
4.1499540e-03
-7.7131860e-03
7.6465950e-03
4.4577040e-02
7.6955330e-02
6.1283800e-02
1.9938410e-02
-2.8176400e-02
-7.1558540e-02
-7.8296000e-02
-6.5609020e-02
-4.5482900e-02
3.9637130e-03
4.5144270e-02
4.9062460e-02
2.5245930e-02
8.6505820e-03
1.0154990e-02
1.0298950e-02
1.1723760e-02
8.0237630e-03
-9.2712280e-03
-3.3060290e-02
-4.6671070e-02
-3.3201870e-02
-1.1668440e-02
2.2741940e-02
5.0736630e-02
5.5257020e-02
4.1525360e-02
2.4607630e-02
-2.7926670e-03
-3.5151120e-02
-4.4733370e-02
-2.5481620e-02
-8.7922590e-03
-1.7287980e-02
-1.5258800e-02
-1.7548440e-02
-1.5356340e-02
-4.8091820e-03
-8.0616010e-04
-1.4264390e-02
-1.0930890e-02
1.1877450e-02
1.9801030e-02
2.3620460e-02
3.2726510e-02
4.3869970e-02
5.9296260e-02
6.8796150e-02
8.6963110e-02
8.4176450e-02
5.1970430e-02
1.1730660e-02
-1.3797380e-02
-2.8252420e-02
-4.1932090e-02
-6.2388250e-02
-9.0395310e-02
-1.1274010e-01
-1.1931850e-01
-9.3332240e-02
-4.3273870e-02
6.5950580e-03
2.8264010e-02
3.2445480e-02
4.9799180e-02
6.8942670e-02
8.2688820e-02
7.7100500e-02
4.3463880e-02
-2.6901090e-02
-6.4611130e-02
-4.6144630e-02
-2.8878140e-02
-8.9053290e-03
2.2037800e-02
1.3862030e-02
-1.3323760e-02
-3.8032440e-02
-3.7084510e-02
-1.3910870e-02
1.8011830e-02
5.5106380e-02
7.9003630e-02
7.5542060e-02
3.3444060e-02
-1.7304020e-02
-4.3527240e-02
-3.4121470e-02
-1.0748050e-02
-1.1342060e-02
-1.3420250e-02
-2.1251000e-02
-6.3757410e-02
-9.0290500e-02
-7.9166910e-02
-4.2681220e-02
1.7369870e-03
3.8034850e-02
4.4665820e-02
3.9530840e-02
4.7366180e-02
5.3264550e-02
5.1497020e-02
4.8291660e-02
4.8405270e-02
1.9062180e-02
-1.0134270e-02
-3.2669910e-02
-4.3347720e-02
-2.8570140e-02
-7.8152080e-03
5.6464590e-03
9.0242370e-03
2.3001860e-02
3.0490910e-02
7.7888190e-03
-1.9949040e-02
-4.1754800e-02
-5.8722370e-02
-5.9518810e-02
-3.9142700e-02
1.2144040e-02
5.0080180e-02
5.9560600e-02
5.8636650e-02
3.8006550e-02
2.9955550e-03
-2.7736910e-02
-3.9575250e-02
-2.3718380e-02
5.8073000e-04
1.2828320e-02
1.4771180e-02
2.5759680e-03
-6.9175270e-03
-1.6612610e-02
-2.5846880e-02
-2.4062880e-02
-2.4799570e-02
-7.4370930e-03
2.1886440e-02
4.1395270e-02
4.3850360e-02
3.9808530e-02
2.0618370e-02
-7.8381140e-03
-2.3788970e-02
-1.7417550e-02
-1.4852230e-02
-2.7962450e-02
-2.8778740e-02
-9.9155460e-03
1.5678270e-02
1.1221390e-02
-2.2997690e-03
-2.0457000e-02
-2.1107730e-02
-2.0630250e-02
-1.8805460e-02
2.7746940e-03
1.6206520e-02
2.2417150e-02
2.6617890e-02
1.6812250e-02
4.0933360e-03
4.0386060e-03
-4.7339580e-04
-7.2886920e-03
1.1074610e-02
2.6162600e-02
1.5138970e-02
2.4964240e-03
7.4097950e-03
3.5593520e-03
-4.8402900e-03
1.1645900e-03
1.6801510e-02
9.3147020e-03
-8.6649040e-03
-1.1066320e-02
-7.7054380e-03
4.9557310e-03
1.2138570e-02
5.7637810e-04
-8.6775720e-03
-1.0298550e-02
-9.1125270e-03
-1.4665910e-02
-1.9206010e-02
-4.9488190e-03
5.1799770e-03
5.3840140e-03
-1.8528960e-03
-5.7036040e-03
1.0227740e-03
7.7803820e-03
-7.4744770e-03
-2.0681420e-02
-1.1794890e-02
-2.6111960e-03
3.5273980e-03
-5.4266320e-03
-4.9549080e-03
6.0683680e-03
1.3478980e-02
8.7642030e-03
4.0910620e-03
-5.8972650e-04
1.3893690e-02
2.1941580e-02
1.1719360e-02
7.0315950e-06
2.0469310e-03
2.9624600e-03
-4.7649270e-03
-1.1122630e-02
-1.8167770e-02
-2.5191680e-02
-2.2438170e-02
-8.4935390e-03
2.7558970e-03
9.6918820e-03
1.0142430e-02
9.7347940e-03
-4.1970350e-03
-1.0104770e-02
-9.3707390e-03
-1.0930060e-02
-9.5012530e-03
-2.8308820e-03
5.4841960e-03
2.1100180e-02
3.3273950e-02
2.2899270e-02
1.0459980e-03
-1.4654790e-02
-1.6441090e-02
3.1859050e-03
1.7480080e-02
1.1781660e-02
1.5636230e-03
1.0532110e-05
2.1265580e-04
3.9206370e-03
1.3453880e-02
-1.5231980e-03
-1.2902540e-02
-7.9252240e-03
-1.0418280e-02
-1.4212590e-02
-8.6043710e-03
-6.5099080e-03
-1.1118620e-02
-7.4798770e-03
-2.7057890e-03
3.0254740e-03
8.7850740e-03
2.4383410e-03
-2.5747340e-03
-7.1255260e-03
3.7427000e-03
1.6691380e-02
1.4060840e-02
1.5242040e-03
-5.6114150e-03
-6.5896930e-03
-2.9052700e-03
-1.4522380e-03
7.5549880e-04
-8.8448990e-04
-5.5350090e-03
-1.0685590e-02
-1.5996720e-02
-5.1134360e-03
1.0477280e-02
1.1888810e-02
1.0866100e-02
1.4661300e-02
1.5234490e-02
8.9350440e-03
2.1686470e-03
-5.5718070e-03
-5.4271490e-03
3.0316370e-03
-3.1012620e-03
-4.2268670e-03
4.7659120e-04
4.2151620e-03
9.1507330e-03
9.0155690e-03
-1.9344140e-04
-6.6729810e-03
-5.8943390e-03
-8.8397980e-03
-6.1182570e-03
1.2350780e-03
3.2767140e-03
9.6987030e-03
1.8268340e-02
1.5804750e-02
1.0727870e-02
4.6812780e-03
-8.9116950e-03
-2.2457710e-02
-2.9231600e-02
-2.5323760e-02
-1.5961200e-02
-6.3549590e-03
-4.6196410e-03
-4.6829050e-03
2.2384310e-04
6.3029850e-03
2.1119520e-03
4.4590050e-04
-5.2262840e-04
-1.7747410e-03
1.1398110e-02
2.3261170e-02
1.6650160e-02
7.8770900e-03
3.6599220e-03
4.3319980e-04
1.1125760e-03
1.5202690e-03
-5.9494560e-03
-1.6685160e-02
-1.5023160e-02
-6.4876750e-03
2.4311860e-03
9.4115690e-03
1.2582420e-02
1.5905730e-02
9.0397700e-03
-1.1854240e-04
-1.0512780e-02
-1.4702710e-02
-1.4670580e-02
-5.6223300e-03
2.9629910e-03
8.5867380e-03
1.0232150e-02
4.3877100e-03
-3.1265630e-03
-3.4805540e-03
1.3375180e-03
3.2281220e-03
1.2883790e-03
4.3716930e-03
8.3934980e-03
6.1069110e-03
-2.0626230e-03
-5.5715550e-03
2.8991810e-04
1.7563980e-03
-5.8934060e-04
-1.4206280e-03
3.1126730e-03
8.7024110e-03
1.0620630e-02
3.5824390e-03
-8.4600710e-03
-1.5281730e-02
-1.5153230e-02
-6.8550690e-03
-4.1451390e-07
-1.9568360e-03
-2.9145640e-03
-1.1351630e-02
-2.0803820e-02
-1.6170980e-02
-2.3680360e-03
6.4065540e-03
8.8249980e-03
9.4689840e-03
9.4599260e-03
7.5843770e-03
6.3153340e-03
-1.9247950e-03
-5.7613990e-03
2.2842490e-03
3.4150970e-03
-1.8091660e-03
-2.3420100e-03
3.2467750e-04
7.3891300e-03
1.3652350e-02
1.1917680e-02
3.5410440e-03
-3.4535240e-03
-6.3372100e-03
-7.7667330e-03
-1.0687160e-02
-1.0682260e-02
-6.4437510e-03
-4.8873470e-03
-3.0627150e-03
2.8922520e-03
1.2756650e-02
1.0578890e-02
1.6346740e-03
-3.7564540e-03
-1.5625610e-03
1.5829710e-03
1.8795350e-03
-1.6582120e-03
-6.1910650e-03
-8.0661860e-03
-4.1538820e-03
3.3623230e-03
1.2710190e-02
1.3643850e-02
8.4406820e-03
8.4725150e-03
1.1726440e-02
1.2500310e-02
1.1709050e-02
8.5102760e-03
3.0838240e-03
-6.0145960e-03
-1.2957300e-02
-8.2494450e-03
-6.5358720e-03
-6.2900080e-03
-1.4324540e-03
1.2582370e-03
-1.4382570e-03
-3.5784060e-03
-1.5559840e-03
3.2654290e-03
6.1762150e-03
2.7253720e-03
-2.1727520e-03
-3.8134260e-03
-4.6258130e-03
-2.8946880e-03
-3.0541830e-03
-4.6094310e-03
-4.2047770e-03
-2.5150650e-03
-5.3059630e-03
-6.6305610e-03
-1.6737550e-03
2.5413940e-03
1.4503420e-03
1.2644240e-03
1.1175930e-03
-4.5124980e-03
-6.9866220e-03
-5.4192040e-03
-1.3737340e-03
6.8860890e-03
1.0602030e-02
5.7545500e-03
1.9021000e-03
2.6763930e-03
1.8829490e-03
1.6215310e-03
2.7298960e-03
-7.4108540e-04
-3.0282420e-03
3.4687360e-05
3.4247550e-04
-2.9137300e-03
-6.1306820e-03
-1.0541270e-02
-1.1622240e-02
-5.3096830e-03
2.3770380e-03
8.1601260e-03
9.3706290e-03
3.4040040e-03
5.4570390e-04
-1.3256040e-03
-4.8335030e-03
-4.2330570e-03
-1.6661410e-03
-3.9007750e-03
-3.4752410e-03
4.2772020e-03
3.9899890e-03
6.9341310e-05
1.2015550e-03
2.6443300e-03
2.7554570e-03
2.4512170e-05
-2.0159140e-03
-9.0506620e-04
9.0298120e-04
3.4370920e-03
5.0251550e-03
5.5452620e-03
3.8476800e-03
2.3612140e-03
1.0918850e-03
-1.7449960e-03
-4.0613860e-03
-1.0706310e-03
2.9697000e-03
4.5280320e-03
3.8242740e-03
7.2133520e-04
-1.4151120e-03
-1.5336870e-03
-3.2402540e-03
-6.2779320e-03
-3.7827780e-03
-2.1856780e-03
-1.3231820e-03
2.2263410e-04
1.5320520e-03
5.6899010e-03
9.9817290e-03
7.6829480e-03
1.7079390e-03
7.2955870e-04
3.6476160e-03
-8.5371840e-05
-5.6320710e-03
-5.2350310e-03
-7.3277620e-04
3.5321240e-03
3.3583430e-03
4.9603750e-04
2.5320120e-03
5.3863420e-03
6.1856630e-03
3.0339870e-03
-4.7640750e-04
-2.0643570e-03
-3.0842580e-03
-3.4530030e-03
-5.3933600e-03
-6.5086120e-03
-4.3100030e-03
-8.8969350e-04
-1.4918710e-03
-5.6803980e-03
-7.2383390e-03
-8.2902760e-03
-1.0311630e-02
-9.4646040e-03
-7.9896950e-03
-8.4031000e-03
-6.7851740e-03
-2.9250290e-03
-4.3503380e-03
-6.4371360e-03
-5.1086300e-03
-5.0023730e-03
-4.2400870e-03
1.2633410e-03
6.6660370e-03
1.0241560e-02
1.1985390e-02
1.0314150e-02
8.7491890e-03
5.6011790e-03
8.8810110e-04
-3.2119400e-03
-1.4615400e-03
4.7638510e-03
6.5333560e-03
7.4442330e-03
1.0914100e-02
1.0122760e-02
3.0537850e-03
-1.3825280e-03
1.5617880e-03
5.3813190e-03
7.4951930e-03
7.7895880e-03
6.4324420e-03
3.1249380e-03
-1.7862730e-03
-4.4708550e-03
-3.1078380e-03
-4.6249760e-03
-7.6285610e-03
-6.0044570e-03
-5.1182840e-03
-2.9816020e-03
2.4743210e-03
2.8781070e-03
2.8620990e-06
2.0625800e-05
-3.9906420e-04
-1.4661320e-03
-2.4695190e-03
-2.2158580e-03
1.3228720e-03
6.7889350e-03
5.9187000e-03
1.6709200e-03
-1.7850240e-03
-4.9490590e-03
-3.7473660e-03
-2.6395510e-03
-3.0421420e-03
-1.6520300e-03
1.7730350e-04
8.6631850e-04
-1.3601410e-03
-5.3131930e-03
-5.2009810e-03
-3.2178960e-03
-3.5112950e-03
-2.2376990e-03
2.3323050e-04
-4.0685220e-04
-9.5775590e-04
-2.0134640e-03
-1.3179870e-03
1.0164020e-03
4.8844490e-03
7.1234650e-03
4.6386510e-03
-2.2936570e-04
-1.7429280e-03
1.0178410e-03
1.9591470e-03
-1.6394520e-03
-5.7428550e-03
-7.8003930e-03
-8.8443830e-03
-8.1514120e-03
-4.9197760e-03
-7.0689380e-04
4.3024330e-03
5.2565530e-03
2.0107410e-03
-3.5910880e-04
-2.7824360e-03
-3.4768650e-03
-2.9999680e-03
-4.6991970e-04
4.6980590e-03
7.0444150e-03
6.0048820e-03
3.7427100e-03
1.4947820e-03
3.2733670e-04
7.9356270e-04
-1.3850470e-03
-3.4385750e-03
1.0049710e-04
3.0702440e-03
4.1272520e-03
6.6949040e-03
6.5338490e-03
3.5397430e-03
1.9960770e-03
5.6954370e-04
-1.7347600e-04
2.9383790e-04
3.1614700e-04
1.9460340e-03
5.3738290e-03
5.8131550e-03
3.8299320e-03
4.1131120e-03
4.3853210e-03
2.4495930e-04
-4.6174060e-03
-6.3470070e-03
-4.2215620e-03
-1.2182990e-03
-1.4821940e-04
-1.0402910e-03
-1.6082070e-03
-1.1994010e-03
-2.3132270e-04
7.2137140e-04
1.2007760e-03
3.1512500e-03
2.4986130e-03
-1.5507020e-03
-6.4428350e-03
-6.0821980e-03
-6.6536040e-04
3.8628950e-03
6.4644400e-03
7.5384070e-03
5.2712810e-03
2.8879810e-03
7.7801360e-04
-4.9220000e-03
-8.3242520e-03
-7.0277510e-03
-5.0575810e-03
-6.3557660e-03
-8.3241030e-03
-8.9671860e-03
-6.0187890e-03
-9.9167110e-04
2.1998460e-03
2.1942270e-03
3.9799040e-03
6.5484000e-03
5.8707100e-03
3.1111160e-03
-7.6584740e-04
-2.9043880e-03
-6.8103350e-04
1.2356280e-03
4.4476250e-04
-4.9623090e-04
-1.5160130e-03
-2.9841330e-04
-1.4107200e-03
-4.2600570e-03
-6.6707420e-03
-7.2697650e-03
-5.6989840e-03
-2.3976040e-03
6.9893390e-04
2.1858200e-03
5.8920990e-03
8.9576410e-03
7.5377730e-03
1.9839670e-03
-3.1484960e-03
-3.6057940e-03
-4.8406320e-04
3.0085440e-03
3.7332160e-03
3.7747430e-03
3.7517250e-03
4.7343770e-03
4.5363290e-03
8.8111210e-04
-3.9496780e-03
-7.0924910e-03
-8.8114720e-03
-8.1090090e-03
-5.8670630e-03
-3.8757190e-03
-1.8182110e-03
4.8041520e-04
4.8253080e-03
7.6253490e-03
5.0961020e-03
2.1459440e-03
1.0506630e-03
4.7612100e-04
7.8006520e-04
2.6266110e-03
4.5234990e-03
5.6106600e-03
5.6992930e-03
3.9874400e-03
3.4519550e-03
2.9636390e-03
6.4776130e-04
-1.8715260e-03
-2.5722950e-03
-2.2011430e-03
7.7930830e-05
-6.1029910e-04
-1.0612800e-03
-5.9284380e-04
-1.5252410e-03
-2.0669340e-03
-2.0060760e-03
-4.2775990e-03
-5.5070740e-03
-4.2537560e-03
-2.7575120e-03
-2.0626120e-03
-1.1728520e-03
3.5280850e-04
-4.2683060e-04
-2.9922260e-03
-4.1885510e-03
-3.2878470e-03
-9.3889790e-04
2.9204870e-03
5.1800370e-03
3.5120030e-03
1.0363980e-03
-8.4627950e-04
-1.4471010e-03
-2.4755110e-03
-3.3817720e-03
-3.0223440e-03
-2.1643490e-03
-1.1524760e-03
-6.0862120e-04
1.1786050e-03
2.7334460e-03
2.4343160e-03
1.9242650e-03
1.8552620e-03
-3.2750370e-04
-4.7533870e-03
-5.1701890e-03
-1.4712350e-03
1.4634330e-03
2.6925330e-03
3.3510760e-03
3.4521700e-03
1.9858690e-03
1.3478000e-03
4.6143460e-04
-4.8484180e-04
-9.7007520e-04
-1.1306340e-03
-6.9068120e-04
8.3415240e-04
1.2215660e-03
7.0450370e-04
2.7142170e-03
3.4712610e-03
6.8103380e-04
-2.3400250e-03
-4.3202920e-03
-3.7514560e-03
-1.4135790e-03
-2.7495270e-04
7.6964680e-04
2.2782850e-03
1.4957060e-03
-6.5573990e-05
-6.4864870e-04
-2.5833210e-04
-1.2271930e-04
-5.1831240e-04
-1.5023700e-03
-1.2354560e-03
1.0801630e-03
3.3013690e-03
1.2154820e-03
-2.3191780e-03
-3.5300450e-03
-1.3968940e-03
6.5491280e-04
1.3394340e-03
1.0151320e-03
-4.7342100e-04
1.8211290e-04
2.1506950e-03
3.6305170e-03
4.1250310e-03
4.2768250e-03
4.7483900e-03
2.0259400e-03
-6.0413270e-05
2.8263640e-04
2.1438890e-03
3.6544240e-03
3.8062010e-03
3.3232190e-03
2.2332130e-03
9.4431810e-04
1.7345210e-03
1.7544910e-03
4.5036720e-04
1.2996950e-03
3.6256910e-03
4.2254130e-03
4.2418680e-03
1.6093450e-03
-3.5798090e-04
-1.8377770e-03
-3.8368710e-03
-4.5112280e-03
-3.2077590e-03
-1.6690100e-03
-7.7292190e-04
6.3930070e-04
1.7164360e-03
3.3073740e-03
2.9985330e-03
-6.9310700e-04
-3.9993410e-03
-5.7377080e-03
-3.7875910e-03
-9.2556720e-04
-6.5587220e-04
-1.5109170e-03
-2.1207990e-03
-2.5251630e-03
-4.1609610e-03
-5.4868080e-03
-4.2694460e-03
-2.7260810e-03
-2.1723530e-03
2.5264010e-04
4.9083520e-04
-2.6550520e-03
-3.8618530e-03
-3.1189630e-03
-3.1043580e-03
-3.5318990e-03
-2.6987420e-03
-2.1892320e-03
-1.1625430e-03
-5.9829380e-04
-6.9619190e-04
1.7697580e-04
2.0624670e-03
2.6238030e-03
3.1604220e-03
3.2953670e-03
2.9443070e-03
1.5082830e-03
-5.7203420e-05
-6.6926260e-04
-1.0379620e-03
-9.6847390e-04
-2.0317570e-03
-3.1459710e-03
-3.1555720e-03
-1.2817050e-03
2.4246850e-03
5.9391200e-03
6.2976950e-03
4.1124670e-03
2.5061670e-03
2.4866810e-05
-5.9049190e-04
-1.5204050e-03
-2.0544360e-03
-1.1806020e-03
-2.3247440e-04
1.6160060e-03
3.5972050e-03
4.2190940e-03
3.3969300e-03
1.1595180e-03
-1.7874130e-03
-3.3971110e-03
-2.6656780e-03
-4.6875160e-04
1.1090210e-03
3.0641780e-03
5.0586000e-03
5.6950610e-03
3.9283210e-03
1.1544520e-03
-8.9898730e-04
-7.4344000e-04
-2.0144160e-04
3.4965240e-04
1.5593830e-03
2.1835230e-03
1.9555620e-03
1.3540860e-03
3.9481150e-04
8.7145560e-04
8.2585450e-04
-9.0702550e-04
-2.8584560e-03
-2.6821580e-03
-4.0857410e-04
2.1617380e-03
1.4779130e-03
8.1986210e-04
3.6871130e-04
3.7564500e-04
3.6941060e-04
3.7030850e-04
-5.6772720e-04
-2.0032770e-03
-3.4807060e-03
-4.0105490e-03
-3.1590280e-03
-3.0359660e-03
-3.4282980e-03
-3.5122880e-03
-2.6841430e-03
-1.3362640e-03
9.7021220e-05
7.0178210e-04
-9.5505170e-04
-2.7949460e-03
-3.4262780e-03
-2.2982630e-03
9.4640110e-05
1.6890860e-03
2.6815720e-03
2.7952980e-03
1.8542490e-03
1.3200940e-03
4.6402090e-04
-5.7353050e-04
-1.1204500e-03
-1.9760380e-03
-3.0056580e-03
-3.5111340e-03
-2.9573820e-03
-2.8874660e-04
4.1982100e-04
-1.2864580e-03
-3.3312800e-03
-4.9619920e-03
-4.2086100e-03
-2.2615310e-03
-4.0749420e-04
2.2119480e-04
3.5764020e-04
-5.9214330e-04
-1.0826760e-03
-5.8342910e-04
-1.0032260e-03
-1.9938720e-03
-8.0056840e-04
1.9964490e-03
3.1444330e-03
4.1664730e-03
3.8825500e-03
3.4358010e-03
2.0472650e-03
1.7635690e-03
2.5754510e-03
3.7326780e-03
3.8533390e-03
2.9410860e-03
1.5160280e-03
8.0140800e-04
4.4165240e-04
4.9497610e-04
3.7984710e-04
1.2499480e-03
2.1833560e-03
3.2105070e-03
2.9383680e-03
1.4970860e-03
-3.9242240e-05
-9.8237240e-04
-1.1383350e-03
-6.9959470e-04
-1.0171330e-04
3.9141770e-04
3.1936220e-04
-1.3115530e-04
-4.9292120e-04
-1.8200460e-03
-3.3481230e-03
-4.0315740e-03
-2.8033790e-03
-1.3116480e-03
5.9683130e-04
2.9751490e-03
4.7020140e-03
4.4964960e-03
1.1795170e-03
-1.8920800e-03
-3.4236350e-03
-2.6443050e-03
-1.7194150e-03
-3.5997540e-04
1.6436430e-03
1.3965680e-03
4.9825470e-04
-6.7128630e-04
-1.7638050e-03
-1.2202160e-03
-1.1292070e-03
-1.1302830e-03
7.1776410e-04
1.8389270e-03
1.4102830e-03
5.0905930e-04
7.2517570e-06
-4.6737690e-04
-1.0217710e-03
-1.5990600e-03
-6.2454050e-04
3.9107610e-04
1.2312790e-03
1.3479470e-03
1.9186570e-03
1.8831750e-03
1.3751220e-03
9.3557980e-04
-5.7059430e-04
-1.1154920e-03
-7.9429850e-04
8.9107940e-05
1.6460640e-03
1.9294170e-03
-3.6154160e-04
-2.8878610e-03
-2.6173100e-03
-1.1542000e-03
2.5816230e-04
3.8473560e-04
1.4459260e-05
-1.4291430e-03
-2.9219090e-03
-3.4015690e-03
-3.5702570e-03
-3.1452460e-03
-2.2316300e-03
-5.0078250e-04
1.9948190e-03
3.6694100e-03
3.3470290e-03
1.5101740e-03
-4.0376380e-04
-6.0891150e-04
-5.8353160e-04
-1.4410980e-04
-1.0943080e-04
-5.4033910e-04
-1.1536500e-03
1.1009100e-03
3.2401470e-03
2.5064320e-03
-6.8709540e-04
-2.8056360e-03
-3.0158840e-03
-2.1892510e-03
-1.6989980e-03
-6.7552190e-04
7.6455460e-04
8.0297430e-04
1.1926340e-03
1.6673670e-03
2.0852090e-03
2.1273460e-03
1.4450720e-03
8.0064570e-06
-1.4499030e-03
-1.9450020e-03
-2.0473950e-03
-2.1022780e-03
-7.7830760e-04
1.6280270e-03
3.2783960e-03
3.0134580e-03
9.9854390e-04
4.1262420e-04
3.3128790e-05
-8.4067730e-04
-1.4480030e-03
-1.5505160e-03
-1.5900070e-03
-3.7391830e-04
2.0240680e-03
4.5396170e-03
5.3007400e-03
3.5476560e-03
1.0259150e-03
3.5013410e-04
-1.5678490e-04
-1.8285410e-04
-6.7264620e-04
-3.0301690e-04
1.1885590e-03
2.3040640e-03
1.9731700e-03
1.0784460e-03
-3.7472530e-05
-9.4830580e-04
-1.4927920e-03
-2.0986620e-03
-1.6753860e-03
1.6070070e-04
1.2521100e-03
9.1405570e-04
3.1118130e-04
-1.2523670e-04
-1.3882920e-03
-2.4482960e-03
-2.5882850e-03
-2.2215890e-03
-1.6720050e-03
-1.0542940e-03
-6.6084210e-04
-2.4649860e-04
-2.0518410e-04
-5.9611150e-04
-1.6340800e-04
2.1023030e-04
7.2453880e-04
8.6450400e-04
4.9677590e-04
3.7036980e-05
-8.3656990e-04
-2.3759000e-03
-3.0756120e-03
-1.7350170e-03
-2.3221330e-04
7.2296560e-04
1.1496560e-03
1.1550710e-03
1.7268850e-03
1.4217280e-03
4.1863450e-04
-1.0181900e-03
-1.0974670e-03
-1.0763500e-03
3.1719750e-04
1.7552770e-03
2.2794680e-03
2.3382060e-03
2.8107550e-03
2.8825000e-03
2.0347990e-03
6.9263150e-05
-9.8023790e-04
-1.0481620e-03
-5.6404860e-04
8.1957840e-04
1.3383890e-03
4.7518430e-04
3.9951300e-04
3.8556050e-04
3.7280260e-04
4.2051570e-04
-2.4595440e-05
-9.9301540e-04
-1.0531520e-03
3.7033980e-04
5.1365980e-04
-8.3908450e-04
-1.4625630e-03
-3.0122440e-03
-3.2182780e-03
-2.2695760e-03
-3.3624220e-04
7.4409380e-04
8.1570380e-04
-6.1105400e-04
-1.6247640e-03
-1.2023840e-03
-1.1207360e-03
-1.9686580e-03
-2.9806380e-03
-2.6974850e-03
-1.2888310e-03
1.5177990e-03
3.5756610e-03
4.2351090e-03
3.3245130e-03
1.9047780e-03
7.5526080e-05
-1.0204930e-03
-1.5830130e-03
-1.5539610e-03
-1.6659020e-03
-7.9225720e-04
-1.4394440e-04
7.8457460e-04
2.2757400e-03
2.4389240e-03
1.9279660e-03
9.8306030e-04
-6.3786810e-05
-5.6656620e-04
-1.1445080e-04
8.1084700e-04
1.3385250e-03
5.0695870e-04
-8.6978650e-04
-1.9661320e-03
-2.5908790e-03
-2.1896660e-03
8.3602210e-05
2.0580470e-03
2.3060790e-03
1.8765740e-03
4.6366010e-04
-4.9789540e-04
-1.5101000e-03
-2.0608170e-03
-2.9479690e-03
-3.0760290e-03
-2.6791790e-03
-1.6440290e-03
-1.0587300e-03
-1.4670020e-03
-1.5545300e-03
-6.9433340e-04
2.5582830e-04
1.3112400e-03
2.3224230e-03
2.2414660e-03
1.8460460e-03
1.4501590e-03
4.6476290e-04
-4.4548980e-04
-1.0333210e-03
-1.2296910e-03
-7.0567770e-04
1.1450910e-03
2.1749910e-03
2.2894150e-03
2.2645790e-03
1.7574390e-03
1.3307380e-03
4.2632070e-04
-1.3959480e-04
-1.3099510e-04
-1.5719060e-04
-1.1569430e-04
-4.7968510e-04
-9.3834970e-04
-1.4376850e-03
-1.5915040e-03
-1.1757240e-03
-2.8882780e-04
2.8892530e-04
8.5872160e-04
8.5259070e-04
-4.9417510e-05
-9.4749690e-05
-1.3650960e-03
-1.5586360e-03
-6.3217900e-04
-5.0790260e-04
-1.5058460e-03
-2.0519930e-03
-1.9547570e-03
-1.9437180e-04
7.5894230e-04
1.7041440e-03
1.8840340e-03
1.0924680e-03
8.4847610e-04
2.1389320e-03
2.8935940e-03
2.0453340e-03
6.0909030e-05
-1.5222470e-03
-1.7058960e-03
-1.1860080e-03
-1.1543660e-03
-6.3787540e-04
-4.8711040e-04
-6.3026780e-04
-1.1162920e-03
-7.2421430e-04
-2.8269230e-04
3.1268030e-04
8.8782660e-04
8.3351560e-04
1.2385230e-03
1.3748990e-03
9.7013360e-04
8.7552210e-04
-1.2723160e-05
-1.3921190e-04
-6.2962960e-04
-2.6800970e-04
3.0292740e-04
-4.0549570e-06
-1.8623620e-04
-2.4174000e-04
-7.2621290e-05
3.7158630e-04
6.9599610e-04
1.2232660e-03
9.5401350e-04
5.1445180e-04
8.5803340e-04
7.8339430e-04
1.1679500e-03
2.0680750e-03
2.0741800e-03
8.4087090e-04
-1.1716810e-04
-6.3836300e-04
-1.4574040e-03
-2.0247000e-03
-2.0881980e-03
-7.4889650e-04
-1.3115350e-04
5.6937130e-04
9.4804480e-04
6.2270180e-04
-1.7181880e-04
-5.0627710e-04
-5.9496250e-04
-5.9659670e-04
-5.4475590e-04
-1.3892630e-04
6.6904130e-04
1.9051230e-03
1.6093590e-03
4.6347810e-04
-8.5613780e-04
-1.4441150e-03
-1.7636510e-03
-1.3544360e-03
-5.8700760e-04
-1.2798270e-04
6.2011760e-04
6.2937170e-04
2.8813090e-04
-1.9963440e-05
-4.7125110e-04
-9.3389470e-04
-6.1478330e-04
-2.4240700e-04
1.4659650e-04
5.7764440e-04
3.5933190e-04
-1.5214070e-05
-4.3575420e-04
-8.8989400e-04
-1.1615860e-03
-8.0033530e-04
-7.6056230e-04
-4.0526300e-04
-4.0826540e-04
-3.8860670e-04
-3.7894870e-04
2.6736540e-04
9.2434920e-04
1.5598780e-03
1.5796420e-03
9.6684860e-04
8.6124590e-04
1.0625690e-03
8.0036790e-04
-3.8148040e-04
-8.0462760e-04
-5.2059770e-04
8.2390750e-05
-1.6736980e-04
-1.4869890e-04
-1.1789280e-04
1.8274000e-04
1.6489450e-04
1.5599190e-04
1.7156970e-04
-6.9955870e-05
-3.5347140e-04
-4.5463160e-04
-4.7376150e-04
-3.7147920e-04
-1.1217800e-04
-1.2185140e-04
-8.6055710e-05
1.6808760e-04
1.6887560e-04
-2.8902010e-05
-3.4253760e-04
-8.2399980e-04
-1.2444420e-03
-1.4528990e-03
-1.4080240e-03
-7.3331930e-04
-2.1232930e-04
-1.5551340e-04
-1.1624340e-04
1.1292190e-04
3.2898290e-04
1.5840230e-04
-8.7068240e-05
-1.5093570e-04
6.9335360e-05
8.0086730e-04
1.0314660e-03
6.9721870e-04
4.5162110e-04
3.7431340e-04
1.9613050e-04
1.9767830e-04
1.6910060e-04
3.0662400e-04
4.7478000e-04
5.8009090e-04
5.3863330e-04
5.1370460e-04
3.7605020e-04
-2.6160820e-05
-3.0717070e-04
-4.3466840e-04
-3.1527940e-04
3.1368330e-05
2.7807410e-04
3.7726680e-04
3.4167190e-04
3.2943390e-04
1.4677340e-04
1.2836380e-05
-1.6642410e-04
-2.5159150e-04
-3.3374870e-04
-3.8545200e-04
-4.3500280e-04
-3.2924020e-04
-2.8255320e-04
-1.4643200e-04
5.1927750e-05
1.3355500e-04
1.7431740e-04
1.5806600e-04
1.3739750e-04
7.7918810e-05
6.9540160e-05
-1.6977480e-05
-1.0830290e-04
-1.3873940e-04
-7.9390080e-05
-1.4036000e-05
2.3216250e-05
3.1957730e-05
5.1721270e-05
6.9188610e-05
4.3856300e-05
-9.1153980e-06
-5.2634940e-05
-6.7517480e-05
-2.6219840e-05
