0.01
3.9291950e-04
5.6804730e-04
6.8691260e-04
7.4241110e-04
6.2545340e-04
4.0866140e-04
2.0195590e-04
-3.5907820e-05
-3.3252370e-04
-6.1033710e-04
-6.8177510e-04
-5.7216380e-04
-3.9144460e-04
4.1568080e-05
4.3586760e-04
4.9850620e-04
5.0665360e-04
3.3017620e-04
-4.2709340e-04
-1.0087540e-03
5.2273650e-05
2.6095580e-03
3.5959190e-03
2.0321620e-03
-3.0439310e-04
-8.6085680e-04
-1.3613330e-03
-2.5240200e-03
-4.0567520e-03
-5.0411340e-03
-4.1740230e-03
-1.8041180e-03
1.2723780e-03
3.0876250e-03
1.6905520e-03
1.4416730e-04
-3.2135080e-04
1.0608120e-03
2.7732940e-03
3.6846570e-03
4.2587100e-03
5.0368090e-03
4.9126980e-03
3.1667650e-03
1.3990360e-03
-3.9126950e-04
-2.5711590e-03
-4.6775670e-03
-5.0762150e-03
-3.3522490e-03
-1.0985030e-03
2.9339400e-04
-2.2436100e-03
-5.2416820e-03
-5.1123780e-03
-1.1175860e-03
-4.5607760e-04
-4.1179420e-03
-4.3056020e-03
2.8603290e-03
1.0072510e-02
1.0772270e-02
5.4837050e-03
6.9272160e-04
-3.1484510e-03
-3.6720680e-03
-3.1829070e-03
-2.7575800e-03
-1.8297250e-03
-3.9609370e-04
2.0898840e-03
4.9858960e-03
6.4503380e-03
3.3453980e-03
-2.1636840e-03
-5.9927130e-03
-5.1286480e-03
-5.7673590e-04
3.0025120e-03
4.9456700e-03
2.7448710e-03
-7.5365130e-04
-3.3839740e-03
-4.7093680e-03
-4.9054520e-03
-5.5325480e-03
-6.2812290e-03
-6.7188070e-03
-5.9560830e-03
-3.8248710e-03
-1.9078150e-03
4.5770070e-04
4.0593230e-03
7.3983800e-03
8.3450040e-03
6.8158780e-03
5.7013370e-03
4.5827880e-03
3.0648220e-03
1.4343410e-03
-2.7367260e-04
-2.6754380e-03
-5.5729970e-03
-7.3175130e-03
-6.5648530e-03
-5.1904250e-03
-3.8926760e-03
-1.6415830e-03
1.0648560e-03
3.4750690e-03
5.0049200e-03
5.3171380e-03
4.9022470e-03
6.0525940e-03
8.6958350e-03
1.1535200e-02
1.2914680e-02
1.0769990e-02
7.9243190e-03
4.2116880e-03
1.1043010e-04
-4.4858360e-03
-8.7962950e-03
-1.1273530e-02
-1.0185200e-02
-7.5757620e-03
-6.3427160e-03
-6.7406750e-03
-8.3408040e-03
-7.9244510e-03
-4.6090440e-03
5.0011060e-04
6.2972860e-03
8.8460380e-03
1.0437860e-02
1.0733630e-02
1.0863660e-02
1.0293330e-02
8.7942340e-03
7.1916930e-03
4.4881310e-03
2.6452740e-04
-3.5514620e-03
-6.6118110e-03
-9.7143490e-03
-1.2880220e-02
-1.5525860e-02
-1.5897410e-02
-1.2976560e-02
-4.3250880e-03
3.2498600e-03
1.5316400e-03
-3.0524510e-03
-3.8405310e-03
4.1482340e-04
4.4949450e-03
6.5582100e-03
4.0842460e-03
-2.8281950e-03
-1.4369350e-02
-2.6398390e-02
-2.9198840e-02
-2.4212050e-02
-2.2581020e-02
-2.2562550e-02
-2.1057790e-02
-1.5233060e-02
-3.8272030e-03
1.0199970e-02
3.0686930e-02
4.7381650e-02
4.4499030e-02
3.2038600e-02
1.9202790e-02
8.8437230e-03
4.3107770e-03
1.5114770e-02
2.2354100e-02
1.1227180e-02
-1.2300780e-02
-3.2072940e-02
-2.7194680e-02
-1.2411410e-03
2.5439810e-02
5.1546640e-02
6.2526390e-02
5.9069080e-02
5.9784320e-02
5.9030120e-02
4.3760470e-02
1.9666810e-02
-1.0121780e-02
-4.6224270e-02
-8.0990850e-02
-1.0163100e-01
-1.0997130e-01
-9.2053870e-02
-6.9408140e-02
-4.9181320e-02
-2.7471460e-02
-4.9720380e-03
1.4541880e-02
2.7419600e-02
3.8868670e-02
4.3556210e-02
3.9884460e-02
3.7150680e-02
3.4325070e-02
2.9663140e-02
2.3584940e-02
1.7157620e-02
7.1866770e-03
-6.6612310e-03
-2.0216320e-02
-3.1314320e-02
-3.5619480e-02
-3.4621490e-02
-2.7664760e-02
-1.8481370e-02
-7.1202720e-03
5.7377120e-03
2.0151650e-02
3.1687870e-02
3.4682130e-02
3.1153460e-02
2.1279380e-02
6.6723730e-03
-4.9991720e-03
-6.1231240e-03
-1.6309150e-03
-1.0647090e-03
-7.5983890e-03
-1.9744360e-02
-3.0326170e-02
-3.5100930e-02
-2.8077160e-02
-1.4102230e-02
5.4214060e-03
2.6119950e-02
3.7113220e-02
3.5716030e-02
3.0915310e-02
2.2033270e-02
1.4179620e-02
7.3599450e-03
-2.6230340e-03
-1.7263730e-02
-2.8431360e-02
-2.9033240e-02
-2.3318230e-02
-1.1871090e-02
-2.4867800e-03
-4.8176320e-03
-1.6967260e-02
-3.0765290e-02
-3.4579480e-02
-2.2542310e-02
-8.0564470e-03
1.1649530e-02
3.3131750e-02
4.1408980e-02
3.9947050e-02
2.9449080e-02
1.6046560e-02
5.5843340e-03
3.3055020e-03
7.7639590e-03
1.0293850e-02
1.0079140e-02
9.1863020e-03
1.0312970e-02
1.3004460e-02
1.4246920e-02
1.2097500e-02
8.5810230e-03
4.7268860e-03
-5.2870810e-04
-5.4956980e-03
-9.6857770e-03
-1.5420060e-02
-2.7912090e-02
-4.4918590e-02
-4.7230270e-02
-4.3371560e-02
-3.6929500e-02
-3.1380010e-02
-2.4752330e-02
-1.6271150e-02
-5.4630410e-04
2.6312170e-02
4.5042310e-02
5.3348480e-02
4.5090730e-02
2.7242420e-02
1.2180370e-02
6.1040690e-03
4.9223330e-03
2.8892240e-03
6.1123770e-04
-1.3432400e-03
-3.5013020e-03
-7.6481030e-03
-1.5026400e-02
-2.2482940e-02
-2.3505730e-02
-1.5972660e-02
-9.4210260e-03
-3.3979560e-03
4.1158110e-03
1.3342280e-02
2.2671940e-02
2.8147380e-02
2.4911050e-02
1.8324650e-02
8.2477260e-03
2.2743480e-03
-9.4708510e-04
-5.8097620e-03
-1.1425440e-02
-1.7141110e-02
-2.1436000e-02
-2.0287770e-02
-1.4070650e-02
-3.6966920e-03
7.5802040e-03
1.0320070e-02
6.5244170e-03
1.6821470e-03
-3.1118500e-03
-7.4089900e-03
-6.5832300e-03
-1.7089640e-03
1.1088590e-04
-2.5668840e-03
-8.4180750e-03
-1.2876300e-02
-1.2000500e-02
-7.5471130e-03
-4.7619670e-03
-2.8384620e-03
-1.1042130e-03
1.1616020e-03
4.3679940e-03
8.4758380e-03
1.2251160e-02
1.6049180e-02
2.0561300e-02
2.5498570e-02
2.7474860e-02
2.1836430e-02
1.2998130e-02
3.7804850e-03
-7.1923110e-04
-8.8847700e-04
-2.6997670e-03
-7.1287870e-03
-1.3280810e-02
-1.7688790e-02
-1.7715320e-02
-1.4694460e-02
-1.2718040e-02
-1.0408440e-02
-7.6236520e-03
-4.5161530e-03
-1.8087740e-03
-1.3888160e-03
-3.5183940e-03
-5.2617580e-03
-6.3622640e-03
-6.7028050e-03
-7.3018800e-03
-7.5526920e-03
-5.2234990e-03
-6.0122570e-04
3.4764610e-03
7.4261170e-03
1.1298780e-02
1.4408880e-02
1.6656730e-02
1.6628410e-02
1.3533040e-02
9.1554290e-03
2.3413440e-03
-4.0715510e-03
-9.4238910e-03
-1.0501900e-02
-4.2004170e-03
1.9589570e-03
8.2174180e-03
1.5246220e-02
1.9005640e-02
1.3950830e-02
4.7223400e-03
-8.1244140e-03
-1.9868490e-02
-2.0426720e-02
-1.4760480e-02
-1.1322960e-02
-1.0258050e-02
-9.6565550e-03
-8.7573860e-03
-9.7224680e-03
-1.0827310e-02
-7.2967710e-03
2.0828620e-04
6.5609210e-03
1.2509210e-02
1.8049040e-02
2.1523360e-02
2.3981200e-02
2.6026980e-02
2.6122590e-02
2.5352430e-02
2.3245880e-02
1.7017770e-02
9.8486390e-03
4.1593840e-03
-4.2188990e-04
-3.8767030e-03
-7.5358850e-03
-1.1292050e-02
-1.5874580e-02
-2.3640410e-02
-3.2253600e-02
-3.4991330e-02
-3.3392750e-02
-2.3900140e-02
-1.3589110e-02
-3.7576110e-03
3.0942130e-03
1.6491210e-03
-2.1492650e-03
-4.9935590e-03
-8.7574720e-03
-1.2291420e-02
-1.1577500e-02
-6.4036550e-03
-5.6364070e-04
6.5226870e-03
1.3448730e-02
1.8960300e-02
2.0366670e-02
1.8360700e-02
1.4750040e-02
5.7990350e-03
-1.9760670e-03
-5.5521250e-03
-7.3846840e-03
-6.4431470e-03
-3.4092460e-03
1.9917880e-03
5.9695040e-03
6.6453570e-03
5.1537770e-03
1.8895380e-03
-9.7683550e-04
-1.1269480e-03
3.5861280e-03
8.6991840e-03
1.3042050e-02
1.3589650e-02
9.0139370e-03
5.0642290e-03
1.4168770e-03
-2.7405620e-03
-5.5863310e-03
-4.1306370e-03
-1.1541860e-03
9.7846580e-04
1.2607030e-03
-5.6308100e-04
-2.2372430e-03
-3.4899450e-03
-2.7885100e-03
-9.5537980e-05
2.4574150e-03
4.7696610e-03
5.1056930e-03
2.7680380e-03
6.8649200e-04
-1.8500220e-03
-5.6598050e-03
-9.1445040e-03
-1.1190130e-02
-1.2586480e-02
-1.3875030e-02
-1.5328330e-02
-1.5375960e-02
-1.1209340e-02
-5.1155970e-03
2.0979920e-04
4.6566230e-03
7.7425450e-03
1.1259100e-02
1.3733770e-02
1.1939930e-02
7.7023560e-03
4.4175900e-03
1.2771040e-03
-1.9032800e-03
-4.0316350e-03
-4.9442570e-03
-5.9847180e-03
-7.2812740e-03
-8.8740150e-03
-9.2947780e-03
-5.3712860e-03
1.6767720e-03
9.2210470e-03
1.6126650e-02
1.6222700e-02
1.2318370e-02
9.9611220e-03
7.2074690e-03
3.3660300e-03
-7.2682970e-04
-4.0493600e-03
-5.8229480e-03
-7.3681640e-03
-8.9229520e-03
-8.9291880e-03
-7.3114090e-03
-6.0636370e-03
-4.7638210e-03
-2.2007820e-03
1.9306440e-03
5.9074580e-03
9.7055520e-03
1.3416320e-02
1.6678840e-02
1.7575610e-02
1.5684820e-02
1.3224630e-02
8.6036880e-03
3.3791180e-03
-8.0225040e-04
-3.0175140e-03
-5.0321690e-03
-7.4162580e-03
-9.7468440e-03
-1.1363340e-02
-1.1527230e-02
-1.1354360e-02
-1.1394270e-02
-1.1120360e-02
-1.0307950e-02
-9.3236530e-03
-8.0691710e-03
-6.7848450e-03
-5.2546540e-03
-2.3036500e-03
1.7778490e-03
5.6221060e-03
9.1382940e-03
1.1320490e-02
1.1925140e-02
9.7777120e-03
4.7134380e-03
-1.3168560e-04
-5.2505680e-03
-9.3441460e-03
-1.0210340e-02
-9.5877480e-03
-7.7134540e-03
-4.7497290e-03
-1.9004940e-03
1.3618250e-03
4.7955530e-03
6.5276040e-03
4.6150080e-03
2.1803110e-03
-6.8379480e-04
-5.0555860e-03
-8.4946270e-03
-6.8851430e-03
-1.4829140e-03
2.7894900e-03
6.8483100e-03
1.0299730e-02
1.3369860e-02
1.6757290e-02
1.8058600e-02
1.4819200e-02
1.0930250e-02
7.5503270e-03
3.7922160e-03
-4.9288130e-04
-5.0995650e-03
-8.7494970e-03
-9.0844450e-03
-7.4328360e-03
-6.3019220e-03
-5.3592910e-03
-5.5762140e-03
-6.9079990e-03
-7.9086670e-03
-9.0553430e-03
-1.0679240e-02
-1.1988280e-02
-1.0668790e-02
-6.4685000e-03
-3.0371140e-03
-9.8013680e-04
5.5915540e-04
2.4932410e-03
4.4579420e-03
6.3574840e-03
7.9113940e-03
8.6025170e-03
8.9409060e-03
9.4546820e-03
9.9594770e-03
1.0322070e-02
1.0390800e-02
1.0312040e-02
1.0345500e-02
9.5710070e-03
6.9924740e-03
4.1805230e-03
1.6436250e-03
-1.0975820e-03
-4.4953740e-03
-8.3216840e-03
-1.1620690e-02
-1.2927910e-02
-1.2787600e-02
-1.3193520e-02
-1.3691680e-02
-1.3814130e-02
-1.2784030e-02
-1.0831500e-02
-9.2008200e-03
-7.5322800e-03
-5.1724450e-03
-1.8961280e-03
1.4747670e-03
4.7220930e-03
6.9323330e-03
7.4760960e-03
8.0632060e-03
8.3541600e-03
7.8444350e-03
7.2535130e-03
6.7309270e-03
6.2755760e-03
5.9108520e-03
5.5755220e-03
6.1427110e-03
9.4554960e-03
1.3583220e-02
1.5352740e-02
1.2808200e-02
9.7889560e-03
7.2445730e-03
4.2626350e-03
9.6358500e-04
-2.2905710e-03
-5.2983830e-03
-8.2940450e-03
-1.1621590e-02
-1.4583710e-02
-1.5266120e-02
-1.3564460e-02
-1.2156030e-02
-1.0048250e-02
-6.8938600e-03
-4.2322950e-03
-3.8236740e-03
-5.1086140e-03
-5.9522040e-03
-6.6950700e-03
-6.7331700e-03
-5.9165710e-03
-5.3364530e-03
-4.8122290e-03
-3.6266620e-03
-1.1029260e-03
1.6301250e-03
4.0892840e-03
6.1498770e-03
7.8568340e-03
8.9072480e-03
8.3343620e-03
7.6919000e-03
7.1779540e-03
6.5144970e-03
5.6615720e-03
4.8472820e-03
4.7569720e-03
5.7285430e-03
6.7752140e-03
7.4478450e-03
6.7454050e-03
5.0238370e-03
3.6603150e-03
2.2953000e-03
8.3975910e-04
-6.6756790e-04
-1.8769880e-03
-2.4270100e-03
-2.8792510e-03
-3.3718230e-03
-3.8093370e-03
-4.3989690e-03
-5.4261820e-03
-6.5409010e-03
-7.4229010e-03
-7.5884030e-03
-7.3585670e-03
-7.4567830e-03
-7.7344470e-03
-7.1211100e-03
-3.9010790e-03
5.4500920e-04
4.2624690e-03
6.5729130e-03
7.6668970e-03
9.1636640e-03
9.3653770e-03
6.4612670e-03
3.0083480e-03
4.2726420e-06
-2.6251710e-03
-4.8922510e-03
-7.1022680e-03
-7.7336820e-03
-6.1894780e-03
-4.8099700e-03
-3.6272940e-03
-2.2284250e-03
-1.5714280e-04
2.5358900e-03
5.1098410e-03
6.4921920e-03
5.5827070e-03
4.6639000e-03
3.9455840e-03
3.0601740e-03
2.0412680e-03
1.0817630e-03
3.0812260e-04
-4.6263470e-04
-1.3665530e-03
-2.1053870e-03
-1.8944940e-03
-6.8393580e-04
8.8662210e-04
3.0362940e-03
5.3856420e-03
7.8071660e-03
8.9114590e-03
7.3054130e-03
5.4365420e-03
3.1343700e-03
3.5248780e-04
-2.2886660e-03
-4.4001010e-03
-6.2433470e-03
-8.0176030e-03
-8.2861520e-03
-6.8725790e-03
-5.6362820e-03
-4.3976020e-03
-3.2258920e-03
-2.6775130e-03
-2.5406700e-03
-2.2949750e-03
-2.0593140e-03
-1.7553740e-03
-1.3229420e-03
-9.0750850e-04
-4.7265050e-04
2.3949980e-05
4.4910840e-04
4.4880790e-04
4.8439230e-05
-3.1369920e-04
-6.7809420e-04
-7.9537800e-04
-3.8068290e-04
3.5558780e-05
4.2229970e-04
8.8962910e-04
1.3499860e-03
1.4884650e-03
1.1930710e-03
9.0803450e-04
5.8185630e-04
3.0221570e-04
5.1729820e-04
1.2895410e-03
1.9817700e-03
2.6676210e-03
3.4173120e-03
4.1694660e-03
4.8124870e-03
5.3768440e-03
6.0942290e-03
6.6464740e-03
6.0305390e-03
4.1502730e-03
2.4285710e-03
6.6773430e-04
-1.1011790e-03
-2.2848970e-03
-2.7740830e-03
-3.3756650e-03
-3.9918250e-03
-4.3987630e-03
-4.5151680e-03
-4.6198910e-03
-4.7625980e-03
-4.9692840e-03
-5.1489590e-03
-4.8319810e-03
-3.6746490e-03
-2.4717960e-03
-1.4388540e-03
-9.5963890e-04
-1.0073450e-03
-9.9568020e-04
-1.0090000e-03
-6.9896120e-04
3.4876150e-04
1.3480860e-03
1.8611220e-03
1.9495330e-03
2.1599890e-03
2.4291650e-03
2.5945340e-03
2.4043750e-03
1.8731160e-03
1.3730700e-03
7.3998600e-04
1.1875220e-04
4.0650940e-04
2.1767900e-03
3.9221900e-03
5.6509420e-03
7.4841260e-03
8.9282970e-03
9.5031440e-03
1.0152580e-02
1.0654590e-02
7.7486500e-03
5.5610140e-04
-4.7351490e-03
-5.8688530e-03
-6.1943010e-03
-7.3013870e-03
-8.3241010e-03
-9.0343380e-03
-9.1622100e-03
-8.5230660e-03
-7.9420060e-03
-7.4465560e-03
-6.9125820e-03
-6.1990110e-03
-5.0983160e-03
-3.8533740e-03
-2.6666160e-03
-1.4164540e-03
-1.7372030e-04
7.3855040e-04
1.2009390e-03
1.6967050e-03
2.2196650e-03
2.7126080e-03
3.1718630e-03
3.6045110e-03
4.0540740e-03
4.5859280e-03
5.0936840e-03
5.1009440e-03
4.3092110e-03
3.5437110e-03
2.8398280e-03
2.0806400e-03
1.2662460e-03
4.4499730e-04
-2.8923250e-04
-8.5951050e-04
-1.4175390e-03
-1.9899990e-03
-2.5909870e-03
-3.2060290e-03
-3.6193650e-03
-3.5387980e-03
-3.3158760e-03
-3.1499690e-03
-2.9624920e-03
-2.7881250e-03
-2.6198760e-03
-2.2031350e-03
-1.2373530e-03
-1.7868700e-04
8.5523820e-04
1.8951930e-03
2.7202390e-03
3.2271310e-03
3.7555350e-03
4.2839090e-03
4.7916230e-03
5.3543770e-03
5.9606040e-03
6.2372580e-03
5.6943420e-03
4.9443400e-03
4.3554490e-03
3.6795080e-03
2.6206880e-03
1.1948760e-03
-1.7502490e-04
-1.5776170e-03
-2.9992210e-03
-4.1091340e-03
-4.6709080e-03
-5.2190710e-03
-5.8348370e-03
-6.5237390e-03
-7.1038230e-03
-6.9103650e-03
-5.7122400e-03
-4.6093340e-03
-3.5663920e-03
-2.4178920e-03
-1.1685620e-03
-1.2158720e-05
6.9711440e-04
1.0805520e-03
1.5668000e-03
2.0448600e-03
2.5044150e-03
2.9725100e-03
3.3752780e-03
3.5349490e-03
3.5486910e-03
3.6211040e-03
3.7181440e-03
3.7712540e-03
3.5908810e-03
3.1211910e-03
2.6839790e-03
2.2390160e-03
1.7299280e-03
1.2890830e-03
1.2168770e-03
1.4112950e-03
1.5210160e-03
1.6827840e-03
1.8805920e-03
1.8266640e-03
1.2568860e-03
6.8950800e-04
2.0688270e-04
-3.6018640e-04
-1.3080510e-03
-2.6636150e-03
-4.0309950e-03
-5.4487100e-03
-6.5600150e-03
-6.7366900e-03
-6.5609610e-03
-6.5912220e-03
-6.3640180e-03
-5.4276660e-03
-4.1913520e-03
-3.0348290e-03
-1.8575600e-03
-8.8743330e-04
-3.9310270e-04
8.7555340e-05
6.0444220e-04
1.0834740e-03
1.5252110e-03
1.9708410e-03
2.4642980e-03
2.9427960e-03
3.1230770e-03
2.8220250e-03
2.5049300e-03
2.1612990e-03
1.8854890e-03
2.1002230e-03
2.7322260e-03
3.2619660e-03
3.5890360e-03
3.4767460e-03
3.2959930e-03
3.1226560e-03
2.5034560e-03
1.3837000e-03
3.0299000e-04
-7.2055560e-04
-1.5911160e-03
-2.3190850e-03
-3.0850640e-03
-3.8287910e-03
-4.5480580e-03
-5.3285040e-03
-6.2128490e-03
-6.8809370e-03
-6.5916260e-03
-5.6220900e-03
-4.9091900e-03
-4.0712380e-03
-2.7876510e-03
-1.2590370e-03
2.3006170e-04
1.7765530e-03
3.1714270e-03
3.9568770e-03
4.3952670e-03
4.9739520e-03
5.5047050e-03
5.8752590e-03
6.1858370e-03
6.6472040e-03
7.0316790e-03
6.5424300e-03
4.8888530e-03
3.3125970e-03
1.8575850e-03
5.4285320e-04
-6.4885610e-04
-1.8549960e-03
-2.5286340e-03
-2.3403370e-03
-2.1784390e-03
-2.0590080e-03
-1.7825530e-03
-1.3706450e-03
-9.7470600e-04
-5.8899450e-04
-1.9373910e-04
2.1765380e-04
6.2423730e-04
9.7631630e-04
1.2748500e-03
1.6339220e-03
2.0451250e-03
2.1924150e-03
1.5986360e-03
7.0370250e-04
-7.3987560e-05
-9.3579610e-04
-1.8328020e-03
-2.3905070e-03
-2.3738590e-03
-2.3706790e-03
-2.4044790e-03
-2.3954360e-03
-2.3810030e-03
-2.4413150e-03
-2.5493530e-03
-2.6413210e-03
-2.7439600e-03
-2.8746400e-03
-2.9895020e-03
-2.9637960e-03
-2.7896780e-03
-2.7201200e-03
-2.6819260e-03
-2.1312570e-03
-5.3773860e-04
1.1628510e-03
2.8199160e-03
4.0579550e-03
4.1793070e-03
3.9552270e-03
3.6282450e-03
2.8317280e-03
1.9926780e-03
1.1580300e-03
2.2066370e-04
-7.6189840e-04
-1.2980960e-03
-8.4784120e-04
-2.4321370e-04
2.9539890e-04
8.5691890e-04
1.1342480e-03
9.4360530e-04
7.3811770e-04
6.2716880e-04
8.7019990e-04
1.4250300e-03
1.9713220e-03
2.4205230e-03
2.2035690e-03
1.2454760e-03
3.8589260e-04
-5.1272020e-04
-1.4605220e-03
-2.0713480e-03
-2.0852230e-03
-2.1218100e-03
-2.2281550e-03
-2.2504020e-03
-1.9957520e-03
-1.5084280e-03
-1.0521220e-03
-5.9018830e-04
-2.4517310e-04
-1.9353780e-04
-1.8574300e-04
-1.4820200e-04
-1.3252230e-04
-1.3128570e-04
-1.2497820e-04
-1.2817770e-04
-1.8795470e-04
-2.8940410e-04
-3.7348890e-04
-4.5743570e-04
-5.5561310e-04
-6.6153040e-04
-7.1189270e-04
-6.2474530e-04
-4.9619990e-04
-3.8588960e-04
-2.7811500e-04
-1.6680670e-04
-3.1858280e-06
2.8216860e-04
6.0178380e-04
9.0213410e-04
1.2065570e-03
1.5385200e-03
1.9216360e-03
2.3292910e-03
2.7007380e-03
2.8697920e-03
2.8386570e-03
2.8429640e-03
2.9596320e-03
3.3076220e-03
3.7084140e-03
4.1187040e-03
4.2627020e-03
3.7522980e-03
3.1093990e-03
2.5841890e-03
1.7536480e-03
2.3077160e-04
-1.4751590e-03
-3.1936050e-03
-5.0891910e-03
-6.5374920e-03
-6.2925950e-03
-5.0746450e-03
-4.2048300e-03
-3.2396220e-03
-2.1027910e-03
-1.1492690e-03
-8.7197370e-04
-8.9006190e-04
-7.9595030e-04
-7.2117090e-04
-6.8343390e-04
-6.6028490e-04
-6.7456770e-04
-7.6579800e-04
-8.5726600e-04
-9.4514940e-04
-1.0444380e-03
-1.1417910e-03
-1.1963420e-03
-1.2023170e-03
-1.2160260e-03
-1.2380580e-03
-1.2551870e-03
-1.2289730e-03
-1.1336770e-03
-1.0367060e-03
-9.5035620e-04
-8.7890140e-04
-7.8929940e-04
-5.6193670e-04
-1.5634940e-04
2.2911940e-04
6.0055020e-04
1.0009730e-03
1.4403490e-03
1.8286200e-03
1.9630410e-03
1.9019640e-03
1.9139810e-03
2.0124190e-03
2.1838780e-03
2.3073890e-03
2.3986400e-03
2.6214290e-03
3.2211990e-03
3.9780330e-03
4.4688690e-03
4.2045660e-03
3.5185220e-03
2.9947300e-03
2.4473750e-03
1.8454870e-03
1.2273930e-03
6.0152070e-04
-4.4191340e-05
-6.3630150e-04
-9.8630490e-04
-1.1562540e-03
-1.3836170e-03
-1.6083970e-03
-1.8166850e-03
-2.0138770e-03
-2.1998800e-03
-2.3902140e-03
-2.6321540e-03
-2.9019100e-03
-2.9130180e-03
-2.2981290e-03
-1.5196350e-03
-7.9859170e-04
2.5274130e-05
7.7190340e-04
9.0584660e-04
4.7512940e-04
1.7043710e-04
-1.2046360e-04
-4.7463740e-04
-9.0206330e-04
-1.3151650e-03
-1.4375730e-03
-1.1067240e-03
-7.9875230e-04
-5.2748900e-04
-2.0758820e-04
1.5211250e-04
4.2341250e-04
4.3206670e-04
3.2979710e-04
2.7178290e-04
2.0285310e-04
1.1112620e-04
1.1523900e-05
-7.4965500e-05
-1.5051370e-04
-2.8531790e-04
-5.8116580e-04
-9.3562150e-04
-1.2519110e-03
-1.5998610e-03
-2.0242810e-03
-2.3789020e-03
-2.2400140e-03
-1.5680870e-03
-9.8209990e-04
-4.1374670e-04
2.1893230e-04
8.8286850e-04
1.4389900e-03
1.7674840e-03
2.0773600e-03
2.4197940e-03
2.8103030e-03
3.1717340e-03
3.1522590e-03
2.5293700e-03
1.9285610e-03
1.3714740e-03
7.6614930e-04
1.2826150e-04
-4.7193750e-04
-9.9160880e-04
-1.4917660e-03
-2.0467430e-03
-2.7155960e-03
-3.2064660e-03
-2.7145050e-03
-1.2907000e-03
2.3817430e-05
1.2243600e-03
1.7925600e-03
1.6228010e-03
1.5654210e-03
1.5219460e-03
1.4155670e-03
1.2860680e-03
1.1476060e-03
9.3411480e-04
6.3013710e-04
3.3971920e-04
5.8331830e-05
-2.2625530e-04
-5.3207860e-04
-8.6063950e-04
-1.1093660e-03
-1.0850410e-03
-9.0383530e-04
-7.7726880e-04
-6.4184420e-04
-4.8339370e-04
-3.1451580e-04
-1.4681130e-04
2.0050950e-05
1.8854870e-04
3.5701130e-04
5.2311870e-04
6.9653050e-04
9.0566840e-04
1.1568460e-03
1.4166710e-03
1.7332280e-03
2.0372280e-03
1.9766280e-03
1.3321280e-03
7.1454250e-04
1.4446480e-04
-4.9343270e-04
-1.1991540e-03
-1.7872610e-03
-1.9449910e-03
-1.8535350e-03
-1.8471890e-03
-1.8396060e-03
-1.8170260e-03
-1.7472080e-03
-1.5227690e-03
-1.1849020e-03
-8.7380350e-04
-5.4356320e-04
-2.5029950e-04
-1.2665910e-04
-1.0379010e-04
-4.8695970e-05
-5.3891050e-06
2.9847520e-05
1.0724010e-04
2.4767370e-04
3.8384470e-04
5.1504570e-04
6.5028210e-04
7.9360820e-04
9.4025250e-04
1.0596870e-03
1.1154230e-03
1.1571250e-03
1.2179010e-03
1.3060340e-03
1.3523720e-03
1.1583390e-03
7.1280060e-04
3.1320390e-04
-1.0194010e-04
-5.8336100e-04
-9.9128260e-04
-1.0065150e-03
-7.3105180e-04
-5.5798790e-04
-3.8852890e-04
-1.5865560e-04
1.4290860e-04
3.4048900e-04
2.4945710e-05
-7.3319130e-04
-1.3950070e-03
-2.1388000e-03
-2.9408900e-03
-3.2884300e-03
-2.6975570e-03
-2.0867480e-03
-1.5580850e-03
-9.7376020e-04
-3.3759910e-04
3.0915610e-04
9.3976850e-04
1.5473700e-03
2.1654700e-03
2.8625830e-03
3.5722870e-03
3.8537220e-03
3.2938820e-03
2.7215480e-03
2.2307950e-03
1.6950210e-03
1.0904800e-03
4.3661730e-04
-1.2144320e-04
-2.8358870e-04
-1.6180500e-04
-1.4125230e-04
-1.0816610e-04
-1.5822130e-05
8.0598600e-05
2.9730850e-06
-3.4687450e-04
-6.7897350e-04
-9.8869980e-04
-1.3524150e-03
-1.7630800e-03
-2.0104940e-03
-1.7823760e-03
-1.3588000e-03
-1.0232160e-03
-6.6025200e-04
-2.3709220e-04
1.6193570e-04
3.3693960e-04
2.7253460e-04
2.4345460e-04
2.0800430e-04
1.4219800e-04
1.3757740e-04
3.1749070e-04
5.5299540e-04
7.5916290e-04
9.6152360e-04
1.1774260e-03
1.4389630e-03
1.7142870e-03
1.7600800e-03
1.3076960e-03
7.8449780e-04
3.2237210e-04
-1.6311370e-04
-6.9157600e-04
-1.2507720e-03
-1.7550830e-03
-2.0312460e-03
-2.1429780e-03
-2.3079790e-03
-2.4610530e-03
-2.5956690e-03
-2.7528770e-03
-2.9301960e-03
-2.9576750e-03
-2.6086510e-03
-2.1536000e-03
-1.7507430e-03
-1.3316740e-03
-8.9244060e-04
-4.4534920e-04
1.5160190e-05
4.8005290e-04
8.6048590e-04
1.0544140e-03
1.2207720e-03
1.4101910e-03
1.5982010e-03
1.7776550e-03
1.9129280e-03
1.9660780e-03
2.0193760e-03
2.0804240e-03
2.1391590e-03
2.1983710e-03
2.2507120e-03
2.2709630e-03
2.2679610e-03
2.2760280e-03
2.2863950e-03
2.2896760e-03
2.2818300e-03
2.2862810e-03
2.3425210e-03
2.3835870e-03
2.1073720e-03
1.3293000e-03
5.7428240e-04
-1.5966670e-04
-9.6399730e-04
-1.7373220e-03
-2.2068110e-03
-2.3920590e-03
-2.6269030e-03
-2.8624000e-03
-3.1103580e-03
-3.3793440e-03
-3.4694230e-03
-3.0498810e-03
-2.4199600e-03
-1.8754140e-03
-1.2863010e-03
-6.5808400e-04
-1.6082280e-04
5.2862550e-05
2.5657970e-04
4.8144680e-04
6.9218050e-04
9.0063490e-04
1.1029350e-03
1.2257890e-03
1.2160680e-03
1.2047770e-03
1.2026580e-03
1.2072530e-03
1.2100610e-03
1.1224210e-03
8.4208240e-04
5.3519610e-04
2.5303680e-04
-4.3278260e-05
-3.7054840e-04
-7.0412730e-04
-9.3501440e-04
-9.6589630e-04
-9.9560580e-04
-1.0416810e-03
-1.0742040e-03
-1.1073000e-03
-1.1584260e-03
-1.1781740e-03
-1.0403360e-03
-7.8555720e-04
-5.7183950e-04
-3.6066270e-04
-1.3470090e-04
1.1172170e-04
3.5084810e-04
4.8259290e-04
4.4578130e-04
4.1323590e-04
3.9165310e-04
3.5733030e-04
3.1300370e-04
2.6670350e-04
2.2117370e-04
1.7532230e-04
1.2792750e-04
7.8827890e-05
2.9097650e-05
-1.9692530e-05
-6.8883660e-05
-1.2493080e-04
-1.8726560e-04
-2.2195210e-04
-1.7570270e-04
-9.5717930e-05
-3.0236150e-05
3.8181220e-05
1.1201260e-04
1.8617090e-04
2.5802720e-04
3.3372060e-04
4.2443770e-04
5.2216960e-04
6.1277920e-04
7.0490260e-04
8.1501360e-04
9.3192970e-04
9.5988100e-04
7.9310910e-04
5.9862050e-04
4.2825010e-04
2.5031660e-04
5.8062460e-05
-1.4794020e-04
-3.4305860e-04
-4.5324480e-04
-4.5281860e-04
-4.6034820e-04
-4.7334310e-04
-4.8174730e-04
-4.8661770e-04
-4.6808450e-04
-3.9467630e-04
-3.0611370e-04
-2.2606760e-04
-1.4207960e-04
-4.7115380e-05
5.1975930e-05
1.1582780e-04
1.0254920e-04
7.9132360e-05
6.5589230e-05
4.8772260e-05
2.8322230e-05
7.8580070e-06
-1.0941970e-05
-2.8408110e-05
-4.5071710e-05
-6.0987470e-05
-7.6021830e-05
-9.0129490e-05
-1.0334010e-04
-1.1568350e-04
-1.2716230e-04
-1.3777770e-04
-1.4755150e-04
-1.5651160e-04
-1.6465320e-04
-1.7192130e-04
-1.7834730e-04
-1.8419690e-04
-1.8965450e-04
-1.9401090e-04
-1.9611650e-04
-1.9762640e-04
-2.0429660e-04
-2.1378130e-04
-1.9357000e-04
-1.0161490e-04
9.4765410e-06
1.0972260e-04
2.1700390e-04
3.3635840e-04
4.4617490e-04
4.9638090e-04
4.9327630e-04
5.0268020e-04
5.1298580e-04
5.1850380e-04
5.2165870e-04
5.2510030e-04
5.2937030e-04
5.3439880e-04
5.3986280e-04
5.4396740e-04
5.4523820e-04
5.4908090e-04
5.6562960e-04
5.7883240e-04
5.1286370e-04
3.1937140e-04
1.2957990e-04
-4.6754860e-05
-2.2807480e-04
-4.2969550e-04
-6.5683890e-04
-8.3444120e-04
-7.9081900e-04
-5.8460890e-04
-4.3357820e-04
-2.8323710e-04
-1.1156290e-04
8.5383540e-05
2.7510350e-04
3.4740230e-04
2.3545310e-04
1.2935460e-04
3.6292970e-05
-6.9835490e-05
-1.8589310e-04
-3.0312140e-04
-4.1918080e-04
-5.3565530e-04
-6.5214390e-04
-7.6610240e-04
-8.8052100e-04
-1.0073870e-03
-1.1420400e-03
-1.2159340e-03
-1.1389240e-03
-1.0201710e-03
-9.2322720e-04
-8.1962600e-04
-7.0659920e-04
-5.9121320e-04
-4.7732150e-04
-3.6449460e-04
-2.5153860e-04
-1.3821960e-04
-2.4831190e-05
8.8420810e-05
2.0177010e-04
3.1575130e-04
4.3038900e-04
5.4407630e-04
6.5555510e-04
7.6966330e-04
8.9524340e-04
1.0180440e-03
1.0716790e-03
1.0143590e-03
9.6099520e-04
9.1622760e-04
8.6439860e-04
8.0733020e-04
7.5031510e-04
6.9510280e-04
6.4095050e-04
5.8720670e-04
5.3391370e-04
4.8129130e-04
4.2938170e-04
3.7815150e-04
3.2758030e-04
2.7767990e-04
2.2845130e-04
1.7992320e-04
1.3207630e-04
8.4859500e-05
3.8248420e-05
-7.5893140e-06
-5.2474020e-05
-9.6855780e-05
-1.4185240e-04
-1.8641830e-04
-2.2346800e-04
-2.4635230e-04
-2.6844700e-04
-2.9115180e-04
-3.1246220e-04
-3.3250310e-04
-3.5192560e-04
-3.7096070e-04
-3.8955420e-04
-4.0764240e-04
-4.2524290e-04
-4.4235090e-04
-4.5895480e-04
-4.7516850e-04
-4.9120530e-04
-5.0688110e-04
-5.2134160e-04
-5.3455430e-04
-5.4969790e-04
-5.6943940e-04
-5.8101920e-04
-5.5078460e-04
-4.8304080e-04
-4.2342800e-04
-3.6378370e-04
-3.0023270e-04
-2.3458360e-04
-1.6881420e-04
-1.0327370e-04
-3.7538950e-05
2.8794580e-05
9.5752840e-05
1.6258640e-04
2.2836890e-04
2.9478710e-04
3.6669410e-04
4.4075880e-04
4.8745310e-04
4.7408220e-04
4.5235860e-04
4.3776810e-04
4.2014920e-04
3.9923610e-04
3.7782110e-04
3.5717230e-04
3.3698300e-04
3.1682790e-04
2.9677450e-04
2.7697720e-04
2.5705610e-04
2.3642180e-04
2.1636720e-04
2.0171340e-04
1.9414370e-04
1.8590220e-04
1.7718510e-04
1.6888690e-04
1.6079810e-04
1.5252680e-04
1.4394620e-04
1.3507620e-04
1.2591720e-04
1.1642040e-04
1.0653530e-04
9.6213780e-05
8.5403950e-05
7.4073130e-05
6.2242400e-05
4.9862550e-05
3.6643250e-05
2.2379740e-05
8.0659000e-06
-3.8359840e-06
-1.4208730e-05
-2.6223800e-05
-3.9100920e-05
-5.2683180e-05
-6.7169720e-05
-8.2723000e-05
-9.9368310e-05
-1.1712280e-04
-1.3612380e-04
-1.5646020e-04
-1.7783510e-04
-1.9979720e-04
-2.2322610e-04
-2.5063900e-04
-2.8037060e-04
-2.9732740e-04
-2.8481000e-04
-2.6930130e-04
-2.5874360e-04
-2.4796030e-04
-2.3682630e-04
-2.2677380e-04
-2.1847890e-04
-2.1180700e-04
-2.0653470e-04
-2.0260380e-04
-2.0009640e-04
-1.9912840e-04
-1.9967230e-04
-2.0130800e-04
-2.0372050e-04
-2.0801000e-04
-2.1622210e-04
-2.2496530e-04
-2.1859580e-04
-1.8724360e-04
-1.5788230e-04
-1.3154400e-04
-1.0450540e-04
-7.7132730e-05
-5.0632560e-05
-2.5369880e-05
-1.0913870e-06
2.2492070e-05
4.5383040e-05
6.7336320e-05
8.8319420e-05
1.0932160e-04
1.3140140e-04
1.5119410e-04
1.5837050e-04
1.5195250e-04
1.4725930e-04
1.4282060e-04
1.3712540e-04
1.3071550e-04
1.2433350e-04
1.1819010e-04
1.1222790e-04
1.0643540e-04
1.0089480e-04
9.5707880e-05
9.0942360e-05
8.6657950e-05
8.2893010e-05
7.9685430e-05
7.7144540e-05
7.5463550e-05
7.4632340e-05
7.4138910e-05
7.3886610e-05
7.6615830e-05
8.7511030e-05
1.0355540e-04
1.1919180e-04
1.3614090e-04
1.5482260e-04
1.7489770e-04
1.9603280e-04
2.1823990e-04
2.4201080e-04
2.6776340e-04
2.9445020e-04
3.1991570e-04
3.4615690e-04
3.8289760e-04
4.2943150e-04
4.3501490e-04
3.1978900e-04
1.5445310e-04
1.1587470e-05
-1.3434340e-04
-2.8698440e-04
-4.4060450e-04
-5.9246900e-04
-7.4358480e-04
-8.9234480e-04
-1.0337210e-03
-1.1724030e-03
-1.3320570e-03
-1.5109060e-03
-1.5844620e-03
-1.3568870e-03
-1.0018500e-03
-6.9666950e-04
-3.7801280e-04
-3.9563770e-05
2.9993880e-04
6.3956020e-04
1.0033090e-03
1.3772780e-03
1.6171500e-03
1.5621030e-03
1.4654620e-03
1.4031690e-03
1.3255710e-03
1.2313220e-03
1.1340380e-03
1.0399950e-03
9.4790300e-04
8.5563570e-04
7.6280730e-04
6.6998410e-04
5.7775100e-04
4.8597300e-04
3.9278970e-04
2.9673110e-04
2.0458680e-04
1.3429500e-04
8.3480520e-05
2.7705980e-05
-2.8738640e-05
-8.3815940e-05
-1.3852490e-04
-1.9393030e-04
-2.5035140e-04
-3.0773000e-04
-3.6576180e-04
-4.2386350e-04
-4.8244990e-04
-5.4422670e-04
-6.0993490e-04
-6.6678010e-04
-6.9038810e-04
-6.9533200e-04
-7.0823540e-04
-7.2110120e-04
-7.3223950e-04
-7.4345200e-04
-7.5631570e-04
-7.7050660e-04
-7.8397470e-04
-7.9673450e-04
-8.1795940e-04
-8.6214260e-04
-9.1666540e-04
-9.6884680e-04
-1.0227080e-03
-1.0762960e-03
-1.1283850e-03
-1.1879380e-03
-1.2630170e-03
-1.3147770e-03
-1.2403860e-03
-1.0528940e-03
-8.9155310e-04
-7.3142400e-04
-5.6060050e-04
-3.8455690e-04
-2.0919080e-04
-3.5379620e-05
1.3818760e-04
3.1218420e-04
4.8643300e-04
6.6050990e-04
8.3450640e-04
1.0092510e-03
1.1852530e-03
1.3604990e-03
1.5316870e-03
1.7033130e-03
1.8915310e-03
2.0900470e-03
2.2074810e-03
2.1237770e-03
1.9845090e-03
1.8743740e-03
1.7554640e-03
1.6241630e-03
1.4898470e-03
1.3577270e-03
1.2272560e-03
1.0969250e-03
9.6641700e-04
8.3608810e-04
7.0607020e-04
5.7628340e-04
4.4660490e-04
3.1701260e-04
1.8747370e-04
5.7955260e-05
-7.1558240e-05
-2.0099470e-04
-3.3054100e-04
-4.6063550e-04
-5.9120740e-04
-7.2072220e-04
-8.4841030e-04
-9.7930600e-04
-1.1205120e-03
-1.2548780e-03
-1.3199270e-03
-1.2936760e-03
-1.2756460e-03
-1.2630500e-03
-1.2439310e-03
-1.2205950e-03
-1.1974640e-03
-1.1757460e-03
-1.1548260e-03
-1.1343520e-03
-1.1141260e-03
-1.0934680e-03
-1.0725020e-03
-1.0543740e-03
-1.0410780e-03
-1.0189540e-03
-9.5584790e-04
-8.6254680e-04
-7.7920910e-04
-6.9516760e-04
-6.0770110e-04
-5.1895870e-04
-4.3079040e-04
