0.01
-2.1611330e-03
-2.8887660e-03
-2.3709640e-03
-1.5842320e-03
-2.9919720e-04
4.1581820e-04
-4.3423350e-05
-1.8253570e-03
-3.4956910e-03
-4.3553970e-03
-5.4681030e-03
-5.5090750e-03
-5.6479800e-03
-3.9649740e-03
-1.1730850e-03
1.9510210e-03
4.0262510e-03
4.2051400e-03
1.6035480e-03
-2.5230750e-03
-4.9515000e-03
-4.3394630e-03
-2.6326650e-04
4.2901590e-03
8.0239220e-03
9.6769770e-03
1.0829680e-02
9.8599710e-03
6.0223970e-03
3.5961510e-03
-1.5396130e-03
-4.3239560e-03
-4.0945510e-03
-1.7045660e-03
5.1846740e-04
1.0271240e-03
-1.7838760e-04
-1.5819960e-03
-3.9333740e-03
-4.1640120e-03
-4.0637610e-03
-4.8238690e-03
-5.1372980e-03
-4.2468260e-03
-3.9104870e-03
-1.7469770e-03
9.3232520e-04
1.5731710e-03
1.5048750e-03
1.9643120e-04
1.4036360e-03
4.3261550e-03
5.7630900e-03
4.4843550e-03
2.0516860e-03
1.7402090e-03
1.8593360e-03
3.1708830e-03
1.9135880e-03
1.9123950e-03
4.6697720e-03
7.3784870e-03
7.5924370e-03
5.4766770e-03
1.0410590e-03
-5.7432090e-03
-1.2264430e-02
-1.6831350e-02
-1.7462000e-02
-1.7579100e-02
-1.7348980e-02
-1.3716770e-02
-8.6677390e-03
-1.4440470e-04
7.2670980e-03
1.0486180e-02
1.0506020e-02
8.1484960e-03
6.8756410e-03
7.6809140e-03
8.9834120e-03
1.0672440e-02
1.3154310e-02
1.3406690e-02
1.3521150e-02
1.0000620e-02
5.5876310e-03
1.3327490e-03
-2.6132640e-03
-2.9030550e-03
-3.3118380e-04
1.7587130e-03
-8.1017790e-04
-3.4850400e-03
-7.2725990e-03
-1.0004250e-02
-1.2890770e-02
-1.4688050e-02
-1.2583420e-02
-9.8133260e-03
-5.7355250e-03
-3.7010670e-04
6.6016450e-03
1.5207370e-02
2.1473130e-02
2.4349210e-02
1.9503740e-02
1.2838850e-02
4.3160560e-03
-2.8374170e-03
-5.9584620e-03
-6.2719770e-03
-6.3572970e-03
-5.0697810e-03
-2.3065080e-03
2.7359910e-04
4.4992170e-03
7.8828150e-03
5.7426760e-03
-1.0826340e-03
-8.1156860e-03
-1.1226630e-02
-1.1495210e-02
-9.3894150e-03
-5.8038610e-03
-1.1459430e-04
4.1917960e-03
7.2205950e-03
1.0453800e-02
1.2234810e-02
1.0878740e-02
7.0407570e-03
3.0745160e-03
-3.4615390e-04
-5.7679830e-03
-1.0957250e-02
-1.1538030e-02
-8.0480130e-03
-1.2981810e-03
6.0668560e-03
1.2008260e-02
1.2551710e-02
1.1154310e-02
8.1108030e-03
2.5562840e-03
-1.3910600e-03
-5.3462700e-03
-8.6367040e-03
-9.3278050e-03
-6.6469140e-03
-1.1213210e-03
4.7110220e-03
8.8481250e-03
1.3088940e-02
1.1409030e-02
7.2275010e-03
-9.9458480e-04
-8.0753320e-03
-1.1418020e-02
-1.2093230e-02
-1.2004450e-02
-1.1680960e-02
-1.1690180e-02
-1.1518970e-02
-1.0228070e-02
-7.6177910e-03
-3.4436800e-03
8.5447840e-04
2.4056030e-03
4.9092060e-03
1.0277990e-02
1.4752480e-02
1.6393760e-02
1.6316040e-02
1.7364090e-02
1.6273510e-02
1.1436120e-02
2.2582360e-03
-6.4739490e-03
-8.7200250e-03
-8.7262160e-03
-9.7909660e-03
-1.1265270e-02
-1.1464550e-02
-1.2594860e-02
-1.6459600e-02
-1.7017580e-02
-1.4576970e-02
-1.0367160e-02
-8.9297240e-03
-7.6287890e-03
-4.6028820e-03
4.0600080e-03
1.0759050e-02
1.5834160e-02
1.7252960e-02
1.5091210e-02
1.0871140e-02
5.5826960e-03
3.1001690e-03
5.1000820e-03
5.3401410e-03
4.2052000e-03
2.9398790e-03
7.2681550e-05
-4.0626760e-03
-8.3730620e-03
-1.0786230e-02
-9.0065690e-03
-6.1436880e-03
-3.3480840e-03
-2.9690660e-03
-4.0213850e-03
-5.7455710e-03
-8.1668480e-03
-8.5310680e-03
-6.7505350e-03
-2.5473490e-03
2.4483210e-03
5.6595400e-03
7.0257750e-03
7.0529010e-03
7.1884710e-03
7.5805640e-03
8.6452230e-03
8.8226340e-03
7.3889550e-03
4.6187100e-03
1.8727420e-03
1.8053760e-04
1.7680890e-05
-1.0687810e-03
-3.5677400e-03
-5.2448520e-03
-6.2893650e-03
-7.3728260e-03
-7.9017140e-03
-9.2595820e-03
-1.0390120e-02
-8.8879770e-03
-5.7808350e-03
-1.6650970e-03
3.7856220e-03
7.9016900e-03
1.0619330e-02
9.7502250e-03
8.3048420e-03
4.0052380e-03
-2.9371080e-04
-5.3884910e-03
-8.1572790e-03
-6.8683220e-03
-1.8083270e-03
4.7754030e-03
9.9319930e-03
1.2470200e-02
1.2370920e-02
8.0183290e-03
3.0705130e-03
-1.0966800e-03
-5.3618770e-03
-7.7981460e-03
-7.5313560e-03
-3.6980330e-03
1.9757430e-07
-4.5220630e-05
-4.3036770e-03
-9.4009400e-03
-1.0210990e-02
-7.1791600e-03
-1.7639860e-03
3.3266240e-03
4.6282410e-03
2.8821710e-03
1.8891710e-03
1.6738150e-03
3.9417770e-03
7.2440020e-03
5.9824840e-03
1.8547710e-03
-1.8119640e-03
-3.3132300e-03
-2.5365890e-05
4.4951890e-03
7.4657480e-03
7.5399880e-03
4.8546020e-03
1.9466660e-03
1.0815790e-03
-1.0428730e-03
-1.8968370e-03
-2.0329400e-03
-6.3231370e-05
3.8821340e-03
6.7797310e-03
6.9007320e-03
5.3760410e-03
2.0283760e-03
2.6358900e-03
2.5725310e-03
-8.7139090e-04
-2.3866170e-03
-2.4057510e-03
-2.5199600e-03
-1.6970220e-03
1.1223530e-04
3.3940950e-04
-2.4123540e-03
-1.0268670e-02
-1.6147810e-02
-1.7059920e-02
-1.3255010e-02
-8.1022990e-03
-6.7900720e-04
6.9660480e-03
1.3399200e-02
1.4055710e-02
1.0439610e-02
4.9580410e-03
4.0842150e-05
-7.4607070e-03
-1.4227500e-02
-1.5704190e-02
-1.0956550e-02
-5.3486820e-03
-5.6106790e-04
2.5665930e-03
1.9932440e-03
-4.9663930e-03
-1.0679280e-02
-1.1855680e-02
-8.1361130e-03
-1.4227470e-03
2.8483110e-03
6.2656690e-03
8.1285410e-03
8.1498550e-03
8.9446850e-03
1.1295600e-02
1.4500520e-02
1.5152930e-02
1.2994280e-02
7.9343780e-03
3.1638000e-03
2.1005270e-03
5.7540180e-03
8.2920770e-03
5.7796600e-03
-2.1442470e-03
-1.2435630e-02
-1.6694980e-02
-1.6053910e-02
-1.1053030e-02
-6.4802100e-03
-3.6017610e-03
-2.9490410e-03
-5.0760240e-03
-6.6874270e-03
-8.5017190e-03
-6.3178200e-03
-5.7212070e-03
-4.4167720e-03
-2.1372700e-03
7.7514130e-04
3.3780010e-03
7.2022560e-03
1.1831800e-02
1.3824800e-02
1.0768950e-02
5.1054420e-03
1.3891700e-03
2.1624530e-03
3.6071800e-03
5.2819320e-03
4.1489110e-03
3.2940110e-03
1.6971900e-03
4.4791120e-06
-9.0204410e-04
-4.6048500e-03
-1.1548590e-02
-1.6220510e-02
-1.5997200e-02
-1.0904560e-02
-2.9431190e-03
3.7524790e-03
7.5227900e-03
9.1273640e-03
7.3784230e-03
3.1244580e-03
1.2040250e-04
-3.2225020e-03
-6.5274610e-03
-7.0095860e-03
-5.6819420e-03
-4.4025270e-03
-4.3205590e-03
-4.3253280e-03
-2.4273430e-03
1.0756130e-03
4.6864920e-03
4.7286870e-03
9.4067620e-04
-3.9188680e-03
-9.6231490e-03
-1.2566740e-02
-1.2039530e-02
-7.4473240e-03
-1.7639290e-03
4.2805060e-03
9.4446690e-03
1.3673050e-02
1.6416980e-02
1.6701270e-02
1.4790850e-02
1.0084760e-02
5.7495610e-03
2.1753830e-03
1.3594540e-04
1.8899660e-03
4.6361770e-03
5.5698930e-03
2.8938520e-03
-2.5542060e-03
-9.4095550e-03
-1.3149770e-02
-1.4045320e-02
-1.3468730e-02
-1.0106110e-02
-5.9369280e-03
-1.7973910e-03
1.2506260e-03
4.5607370e-03
8.1370640e-03
1.1534770e-02
1.3742280e-02
1.2293770e-02
7.8172150e-03
2.2887280e-03
-3.4237460e-03
-6.8163560e-03
-5.8438680e-03
-3.9238920e-03
-2.8451720e-03
-3.3752580e-03
-5.4573280e-03
-6.8581450e-03
-7.0058610e-03
-7.1891780e-03
-4.7988410e-03
-1.6195980e-03
-3.1778680e-04
3.3902000e-04
2.2914430e-03
5.8240000e-03
8.1826710e-03
7.8015310e-03
5.8585990e-03
3.4519510e-03
-2.7734970e-04
-4.2640740e-03
-7.3239600e-03
-7.2428620e-03
-6.6072870e-03
-5.1886520e-03
-3.7901530e-03
-1.1058760e-03
-1.1662240e-04
4.0400740e-04
1.8718690e-03
2.7474040e-03
2.7942340e-03
3.5206500e-03
2.3825860e-03
9.2819780e-04
1.9720290e-04
2.7940770e-03
4.4832770e-03
5.2746960e-03
4.0971570e-03
5.5252660e-03
9.4250290e-03
1.3420000e-02
1.3488440e-02
7.2120830e-03
1.5366230e-03
-5.0802860e-03
-8.0560600e-03
-8.4977370e-03
-6.8842430e-03
-5.7314030e-03
-4.4403200e-03
-5.3633050e-03
-6.6575860e-03
-8.4171250e-03
-1.0109230e-02
-1.1216120e-02
-1.0861860e-02
-8.4889110e-03
-4.4971740e-03
-1.5847370e-03
2.7233250e-03
7.3351930e-03
9.4568970e-03
8.0759830e-03
6.2063610e-03
7.4171020e-03
8.3718470e-03
8.4292740e-03
7.3301040e-03
5.6394350e-03
2.8405960e-03
5.7348920e-05
-2.4402550e-03
-2.7724770e-03
-2.8076990e-03
-5.4263860e-03
-9.6312020e-03
-1.3656620e-02
-1.4073580e-02
-1.2923780e-02
-7.5586740e-03
-2.9388820e-03
-9.0652880e-06
2.4842920e-03
2.6947940e-03
5.2186470e-03
7.9797300e-03
8.1882890e-03
7.0459250e-03
3.5611390e-03
1.7081800e-03
2.4787770e-03
6.3636800e-03
1.0529200e-02
1.3611790e-02
1.6679280e-02
1.5625920e-02
1.1706030e-02
6.3183740e-03
2.0919460e-03
1.6069420e-03
2.9234990e-03
2.2542840e-03
8.6991900e-04
5.1358440e-04
-8.0554680e-04
-6.7976280e-04
-7.1124870e-04
1.9439140e-03
3.5933270e-03
2.7373290e-03
1.0674470e-04
-1.6932810e-03
-1.7783410e-03
5.3358080e-04
3.3034120e-03
6.0992220e-03
8.8910140e-03
9.6628810e-03
8.6343130e-03
4.7706860e-03
-3.9509890e-04
-4.9583480e-03
-7.6866430e-03
-9.2392150e-03
-7.6458730e-03
-5.9962690e-03
-6.3830260e-03
-9.1094300e-03
-1.0829730e-02
-1.0889340e-02
-8.6693130e-03
-5.8551140e-03
-2.9232660e-03
-1.0366560e-03
-8.3253340e-04
-2.6858210e-03
-4.2937410e-03
-5.5613210e-03
-5.3781850e-03
-4.8049960e-03
-4.6992350e-03
-4.6956590e-03
-2.5666490e-03
-5.8453380e-04
1.6728670e-03
3.8196090e-03
3.2297470e-03
5.1819640e-04
-1.4459370e-03
-1.5276400e-03
-3.3314510e-04
1.6832150e-03
3.3360060e-03
3.3518540e-03
1.9724230e-03
6.3064550e-04
-9.4658490e-04
-8.1782610e-04
-8.0359680e-05
1.2187690e-03
-6.9710240e-04
-3.1903690e-03
-5.5221130e-03
-4.0229040e-03
-9.1206150e-04
4.6807800e-03
8.1013580e-03
7.8085540e-03
5.3089040e-03
8.2124780e-04
-4.7867430e-03
-8.7946930e-03
-9.3433410e-03
-7.2416450e-03
-5.3730770e-03
-2.4946930e-03
-2.3563130e-04
2.3018450e-03
3.8880450e-03
2.8787930e-03
1.5898440e-03
1.4503380e-03
1.6847280e-04
4.1513230e-04
3.9220990e-03
1.1309870e-02
1.8703600e-02
2.3766120e-02
2.5170330e-02
1.8284220e-02
7.2070210e-03
-2.5934920e-03
-9.8850670e-03
-1.7900130e-02
-2.1502450e-02
-1.6265190e-02
-5.3514190e-03
6.6935270e-03
1.4853440e-02
1.6691660e-02
1.6929010e-02
1.5142060e-02
1.1174270e-02
9.8394390e-03
1.0067310e-02
1.2361350e-02
1.2409770e-02
8.6404320e-03
5.9703900e-03
4.2134410e-03
-4.3532010e-03
-1.7578250e-02
-2.4546090e-02
-2.9266300e-02
-3.3267910e-02
-3.2077220e-02
-2.9261340e-02
-2.7918580e-02
-2.8104150e-02
-3.0800350e-02
-3.0842500e-02
-2.5889150e-02
-1.8259150e-02
-1.0648980e-02
-9.1794670e-04
1.2246890e-02
2.0347280e-02
2.3519780e-02
2.2534270e-02
1.7722980e-02
9.2349980e-03
1.7515050e-03
-1.1597610e-03
3.8552800e-04
9.8075420e-03
1.9304230e-02
2.3283740e-02
1.9475870e-02
9.6435200e-03
-3.6788400e-03
-1.6736450e-02
-3.3275580e-02
-4.7401040e-02
-5.6748050e-02
-5.7460010e-02
-5.2070310e-02
-4.3945520e-02
-3.8392500e-02
-3.5310260e-02
-3.4157050e-02
-2.7765630e-02
-1.6478080e-02
-7.4473590e-03
-4.0639010e-03
1.6807850e-03
1.4870270e-02
2.5645080e-02
3.4520290e-02
4.2013210e-02
4.9207550e-02
5.4568680e-02
6.1355490e-02
6.4267840e-02
6.4032070e-02
6.1676620e-02
5.6110950e-02
4.6156030e-02
3.7490820e-02
3.2156200e-02
2.9880650e-02
3.0869200e-02
2.7908940e-02
1.6483290e-02
-2.8082720e-03
-2.4548790e-02
-4.4089570e-02
-5.4448660e-02
-5.6956480e-02
-5.5424440e-02
-5.0236260e-02
-4.0472140e-02
-3.2207630e-02
-2.6940290e-02
-2.2637490e-02
-2.3283790e-02
-2.5366960e-02
-1.0927890e-02
-1.0195600e-02
-8.2304300e-03
-3.4851040e-03
3.8763400e-03
7.1131020e-03
5.9212200e-03
5.0660180e-03
6.3029730e-03
7.2804880e-03
6.7186420e-03
5.9346920e-03
4.1196940e-03
1.9389500e-03
1.2386000e-04
-4.4535340e-03
-9.5413360e-03
-1.2137300e-02
-9.9039590e-03
1.2764620e-03
1.7997300e-02
3.0500170e-02
3.8901260e-02
4.4186920e-02
3.8765640e-02
2.5450820e-02
1.3055120e-02
6.3265250e-03
5.5022960e-03
1.8052720e-03
-4.6022500e-03
-5.0955820e-03
6.3522450e-04
2.8676470e-03
-9.9184180e-03
-2.4538530e-02
-1.4406570e-02
-1.7627640e-02
-2.1978620e-02
-1.8505510e-02
-1.0168290e-02
3.0088080e-03
1.1011090e-02
6.4646950e-03
-2.6126640e-03
-1.0721480e-02
-7.2084080e-03
-1.6575240e-03
6.5998240e-03
1.2136340e-02
2.1518190e-02
3.4321830e-02
3.8452670e-02
4.1334370e-02
4.3619310e-02
4.8449240e-02
4.6104090e-02
3.4781050e-02
1.7312020e-02
9.4373050e-03
1.1485130e-02
1.2391500e-02
1.7617260e-02
1.8447110e-02
2.5434040e-03
-2.4132340e-02
-6.0731400e-02
-8.5993720e-02
-9.7761690e-02
-1.0171290e-01
-1.0848590e-01
-1.1496030e-01
-1.1491640e-01
-9.6614680e-02
-7.6552140e-02
-6.7112920e-02
-5.0330170e-02
-1.7423630e-02
3.0087930e-02
8.7921400e-02
1.1971320e-01
1.4408980e-01
1.5447360e-01
1.4610570e-01
1.2559450e-01
1.0372740e-01
8.6174620e-02
6.4699310e-02
4.3707750e-02
3.0780110e-02
1.4404460e-02
1.0457360e-03
-7.4000300e-03
-2.2783970e-02
-4.1896610e-02
-6.2409460e-02
-8.5381110e-02
-1.0280910e-01
-1.0461220e-01
-8.7896290e-02
-7.4782510e-02
-5.5097410e-02
-2.1631660e-02
1.1291030e-02
4.6496010e-02
8.0496480e-02
9.7016560e-02
7.5801420e-02
5.9158720e-02
5.8403980e-02
3.8533650e-02
1.6916580e-02
1.1366850e-02
-5.0468010e-03
-1.9881500e-02
-2.8804000e-02
-4.0512120e-02
-4.5578250e-02
-4.6183970e-02
-4.2832870e-02
-3.4270070e-02
-1.6342930e-02
1.1021650e-03
6.6554160e-03
4.9838330e-03
-2.2826600e-03
-1.0645130e-02
-1.5650740e-02
-1.7370040e-02
-1.9481820e-02
-1.8233170e-02
-8.9468370e-03
4.0853960e-03
1.0788840e-02
7.4758860e-03
-8.6473420e-03
-1.0746630e-02
-2.7402430e-03
-7.4310130e-03
-7.0702130e-03
-2.6325440e-03
1.6083160e-02
4.3213750e-02
6.3805760e-02
6.0467180e-02
4.6445570e-02
2.3505410e-02
9.7228660e-03
-2.5149480e-03
-4.7287840e-03
1.1327830e-02
4.6114200e-03
-1.7219220e-02
-3.7010100e-02
-3.7020450e-02
-2.5557630e-02
-8.8727890e-03
1.0158930e-02
1.8446640e-02
1.8299000e-02
1.6051340e-02
1.4111460e-03
-6.7114620e-03
-1.2941260e-02
-1.9217750e-02
-2.5905800e-02
-3.2162180e-02
-3.3144770e-02
-2.7462070e-02
-1.2838600e-02
-2.9361860e-05
3.0421920e-03
-2.9544070e-03
-1.2704820e-02
-1.9369290e-02
-2.1610170e-02
-1.7720600e-02
-8.3925590e-03
6.3921790e-03
2.6238610e-02
4.2854120e-02
5.5065350e-02
6.0704240e-02
5.5765960e-02
4.7273450e-02
2.8649960e-02
8.9587710e-03
-1.3995300e-02
-2.8441330e-02
-3.1551860e-02
-2.7785850e-02
-2.6592040e-02
-2.7687300e-02
-2.8403020e-02
-2.8175580e-02
-2.7373660e-02
-2.7059480e-02
-2.7871000e-02
-2.9275180e-02
-2.5875780e-02
-2.3743200e-02
-2.6194570e-02
-2.6086450e-02
-2.1741090e-02
-1.7892230e-02
-1.6337210e-02
-1.2596530e-02
-6.7349580e-03
1.7542030e-03
1.5497390e-02
3.3790430e-02
4.3072110e-02
4.2493740e-02
3.4801240e-02
2.8715230e-02
2.7366920e-02
3.3620780e-02
4.3432040e-02
4.8964800e-02
4.8266860e-02
4.1680170e-02
3.7726790e-02
3.9391500e-02
4.2116500e-02
4.4607400e-02
4.1652540e-02
3.1820130e-02
1.9523760e-02
7.4236990e-03
-3.3752430e-03
-1.2531790e-02
-2.3452660e-02
-3.8501000e-02
-5.3103030e-02
-6.4770650e-02
-7.2452900e-02
-7.4033460e-02
-7.0860370e-02
-6.2586150e-02
-4.9607500e-02
-3.6973050e-02
-2.6489570e-02
-2.2991340e-02
-1.5185080e-02
-6.2590980e-03
-1.0761590e-03
-6.8600020e-04
2.7704730e-03
1.0539420e-02
2.0319210e-02
3.3381020e-02
4.6066590e-02
6.2781570e-02
7.3959400e-02
7.6834100e-02
7.1672350e-02
6.0893400e-02
4.4543640e-02
2.2733440e-02
-2.5546540e-03
-2.6920230e-02
-4.4927830e-02
-5.7252440e-02
-5.9924520e-02
-5.6648130e-02
-5.2785190e-02
-4.6488430e-02
-3.6872360e-02
-2.2706570e-02
-9.8248530e-03
1.7754630e-04
7.9554930e-03
1.0981840e-02
9.6468990e-03
1.1563410e-02
1.2496890e-02
1.4791080e-02
1.9753360e-02
2.9832670e-02
3.6391340e-02
3.8634980e-02
4.4308920e-02
3.9817360e-02
2.4511840e-02
6.4988660e-03
-5.0665810e-03
-7.4820390e-03
-6.0550770e-04
8.6398940e-03
1.0204270e-02
5.3564770e-03
5.8076940e-04
-3.3120630e-04
2.4969130e-03
2.8536740e-03
-3.3328990e-03
-1.5664840e-02
-2.9537600e-02
-4.0907910e-02
-4.8079660e-02
-4.8700170e-02
-4.3886720e-02
-3.8313250e-02
-3.2798810e-02
-2.0905970e-02
-1.3407760e-02
-6.1314550e-03
6.3661290e-03
9.7781360e-03
-4.4245730e-04
-9.0475300e-03
-1.4772070e-02
-2.6742040e-02
-3.4209290e-02
-3.2551140e-02
-1.8583130e-02
-6.9781550e-04
1.9016080e-02
3.8716170e-02
5.3856410e-02
6.2287330e-02
6.5556940e-02
6.2987890e-02
5.1075160e-02
3.9390230e-02
3.6639300e-02
2.3709030e-02
6.9159020e-03
-3.3978870e-03
-1.1682950e-02
-1.3477120e-02
-1.4592120e-02
-1.7922420e-02
-2.6547950e-02
-3.4158020e-02
-3.6936910e-02
-3.6697180e-02
-3.2005660e-02
-2.8669440e-02
-2.4848290e-02
-2.0558210e-02
-1.5133110e-02
-7.1021760e-03
-1.3338180e-03
2.5834780e-03
4.8365930e-03
1.0057860e-02
1.5906680e-02
1.6941450e-02
1.0468560e-02
4.8023460e-03
-8.2820490e-04
-6.4955180e-03
-1.1053630e-02
-1.8979700e-02
-2.6060670e-02
-2.2760970e-02
-9.6727390e-03
-1.4970800e-03
8.4681070e-03
2.2553290e-02
3.6435080e-02
4.2250430e-02
4.1723870e-02
3.6767220e-02
2.9105480e-02
1.9850290e-02
9.5999150e-03
-2.9615970e-04
-1.0466550e-02
-1.9651660e-02
-2.5731270e-02
-2.7475490e-02
-2.4078990e-02
-1.6500590e-02
-4.7526740e-03
6.1542620e-03
1.5624520e-02
2.1909560e-02
2.4474000e-02
1.9643770e-02
9.2363780e-03
-4.8042570e-03
-1.4148890e-02
-1.9422600e-02
-1.9297000e-02
-1.7270610e-02
-1.6673520e-02
-1.3796340e-02
-1.1302380e-02
-1.0188090e-02
-1.0268400e-02
-9.0541580e-03
-8.8423530e-03
-8.7213100e-03
-5.7538880e-03
-3.3013270e-03
-3.9844260e-03
-1.7777920e-04
6.7440010e-03
2.0994700e-03
-3.4424910e-03
-7.6284410e-03
-1.1392930e-02
-1.1930460e-02
-1.1536460e-02
-5.1537830e-03
4.6724840e-03
1.5153570e-02
2.2458260e-02
2.7874130e-02
2.7169320e-02
2.0929070e-02
1.1573630e-02
5.1586770e-03
1.9062750e-03
1.8856500e-03
6.9322690e-03
1.2474870e-02
1.7998790e-02
1.8798660e-02
1.6943540e-02
1.3729640e-02
1.0715610e-02
3.6752030e-03
-4.6828340e-03
-1.3511160e-02
-1.7178500e-02
-1.7501270e-02
-1.4892150e-02
-6.7526360e-03
-1.8693100e-03
-1.7562470e-04
8.5688650e-05
-9.5978900e-04
-2.4141540e-03
-4.2687790e-03
-6.2838970e-03
-7.9909960e-03
-1.0412150e-02
-1.3572250e-02
-1.4403020e-02
-1.0169090e-02
-3.7992450e-03
1.8932000e-03
5.2891140e-03
1.0342910e-02
1.1635270e-02
9.7728790e-03
4.3202810e-03
-1.2138370e-03
-7.1125200e-03
-1.5771070e-02
-2.4769750e-02
-2.8518900e-02
-3.1519940e-02
-3.6166340e-02
-3.6508240e-02
-2.9186020e-02
-1.6358280e-02
-2.8986100e-03
9.8732760e-03
1.8388920e-02
2.3649560e-02
2.5273820e-02
2.1867750e-02
1.8022340e-02
1.7681450e-02
1.8450510e-02
2.0440270e-02
2.2554010e-02
2.6521920e-02
2.7546220e-02
2.4947600e-02
1.9604140e-02
1.1068130e-02
-1.0642190e-03
-1.3720400e-02
-2.1819750e-02
-2.4851670e-02
-2.0812800e-02
-1.3714840e-02
-4.0592350e-03
3.9101670e-03
9.8480840e-03
1.2082660e-02
1.2156810e-02
9.7636620e-03
6.4373170e-03
3.3899300e-03
2.3024100e-03
3.3982940e-03
6.5992010e-03
9.5011560e-03
1.2324170e-02
1.3383890e-02
1.2319860e-02
8.7354760e-03
3.1435510e-03
-7.0021610e-04
-1.9185710e-03
-1.0595830e-03
2.2646600e-03
5.9266460e-03
6.6193970e-03
3.7030560e-03
-1.5202610e-03
-5.0026190e-03
-7.4737790e-03
-7.5027860e-03
-7.4759040e-03
-8.0280120e-03
-1.2613100e-02
-1.3127900e-02
-1.2477680e-02
-1.0361270e-02
-9.0393100e-03
-9.9458160e-03
-1.0901810e-02
-1.3608460e-02
-1.8504430e-02
-1.9704820e-02
-1.8200640e-02
-1.3136670e-02
-7.8597310e-03
-4.8199920e-03
-2.2292300e-03
-2.0291190e-03
-1.6874600e-03
-2.5013000e-04
8.4176270e-04
3.7931820e-05
-1.6039300e-05
1.4451600e-03
4.9696860e-03
9.1449380e-03
1.4895650e-02
1.7860700e-02
1.9882320e-02
1.7967860e-02
1.4861090e-02
1.0384980e-02
6.2654550e-03
7.9136410e-04
-3.3237430e-03
-6.8632430e-03
-1.0424840e-02
-1.3483750e-02
-1.4359470e-02
-1.1616990e-02
-5.9779410e-03
7.9307300e-04
4.8762430e-03
7.8515460e-03
8.8960300e-03
6.7343920e-03
6.0643000e-03
5.3112210e-03
6.3118520e-03
7.7422840e-03
1.0376070e-02
9.1587430e-03
6.1665760e-03
1.3285650e-03
1.1335460e-03
2.2014440e-03
1.0749800e-03
-1.3089670e-03
-4.8712640e-03
-8.0698100e-03
-1.3146400e-02
-1.8809230e-02
-2.1770960e-02
-2.4068880e-02
-2.5430460e-02
-2.6910630e-02
-2.6925140e-02
-2.4146130e-02
-1.8650270e-02
-9.9430810e-03
1.3069240e-03
9.3273130e-03
1.7551690e-02
2.3732290e-02
2.4791210e-02
2.3067880e-02
2.3644810e-02
2.5687510e-02
2.6324980e-02
2.8947890e-02
3.1149340e-02
3.1859660e-02
3.4080620e-02
3.3664610e-02
3.1670770e-02
2.9847150e-02
2.5294570e-02
2.2260860e-02
1.6979240e-02
1.1415680e-02
5.7501710e-03
1.2221440e-04
-3.6514900e-03
-8.2876430e-03
-1.2128520e-02
-1.6164830e-02
-1.9208560e-02
-2.1485620e-02
-2.4164240e-02
-2.4403290e-02
-2.4945260e-02
-2.4725620e-02
-2.3524040e-02
-2.0791500e-02
-1.5422040e-02
-1.1017550e-02
-7.1077520e-03
-3.2657940e-03
1.3318640e-03
4.5849150e-03
6.4724760e-03
5.9313210e-03
3.9667940e-03
3.3225130e-03
1.8274100e-03
9.8456580e-04
1.0346920e-03
1.1121200e-03
1.1259980e-03
1.1250120e-03
1.1307920e-03
1.1119270e-03
2.3190820e-03
2.5896910e-03
2.0240290e-03
1.1065160e-03
1.1667620e-03
-5.0849640e-04
-2.6855280e-03
-6.7802310e-03
-1.0626850e-02
-1.4478060e-02
-1.6033950e-02
-1.5945320e-02
-1.2347160e-02
-9.3012310e-03
-3.8794600e-03
-1.7846490e-03
-5.1638920e-04
-2.6061270e-04
-8.4132700e-04
-1.6202700e-03
-3.4813390e-03
-4.3042130e-03
-8.0933960e-03
-7.4839180e-03
-6.8615390e-04
7.1162150e-03
1.1948980e-02
1.1949830e-02
8.9839450e-03
3.5671750e-03
3.9498540e-04
-3.2148740e-03
-6.5789760e-03
-9.2686050e-03
-1.0021900e-02
-1.0868110e-02
-9.1479580e-03
-4.6465370e-03
-1.8142500e-03
-1.2170100e-03
-1.8134440e-03
-4.2518660e-03
-5.3766890e-03
-4.1937660e-03
-1.7724770e-03
1.7367660e-03
5.8610490e-03
9.4626060e-03
1.2372210e-02
1.3046510e-02
1.0909740e-02
7.4308290e-03
3.4055240e-03
-2.0516060e-04
-3.0151830e-03
-4.2265830e-03
-6.4489800e-03
-6.1354100e-03
-3.3057650e-03
1.4710740e-03
2.0929700e-03
-4.8735510e-04
-3.6714780e-03
-8.2947770e-03
-1.1200010e-02
-1.4179210e-02
-1.3095890e-02
-1.1669370e-02
-1.3786080e-02
-1.6599510e-02
-1.9955110e-02
-2.3146630e-02
-2.5769000e-02
-2.4635880e-02
-2.0796800e-02
-1.4037770e-02
-5.5354940e-03
4.2328860e-03
1.1661470e-02
1.7535860e-02
1.9205540e-02
1.9291120e-02
1.4135560e-02
1.0893650e-02
6.9717290e-03
5.5997230e-03
4.2500470e-03
5.1635940e-03
5.5492470e-03
7.9598570e-03
9.2084930e-03
8.4834150e-03
6.2577950e-03
4.8827980e-04
-2.9339480e-03
-5.6497420e-03
-4.5305480e-03
-2.9084260e-04
2.9086080e-03
7.9447030e-03
1.3484150e-02
1.9104660e-02
2.1988610e-02
2.3833940e-02
2.4107000e-02
2.2533100e-02
2.0034440e-02
1.9911740e-02
1.8522920e-02
1.6961230e-02
1.1837820e-02
1.2553120e-02
1.0306050e-02
7.4399480e-03
5.8657150e-03
5.8012570e-03
6.0557240e-03
8.8042380e-03
9.8656430e-03
8.4089160e-03
5.6528590e-03
2.0046830e-03
-1.8958180e-03
-5.2531690e-03
-8.2074290e-03
-7.9485890e-03
-5.1608210e-03
-2.2146340e-03
3.6398890e-04
2.9406680e-03
2.1219190e-03
8.7965820e-04
-1.4872260e-03
-4.6966990e-03
-7.8603360e-03
-1.3118510e-02
-1.6440210e-02
-2.0099990e-02
-2.3167260e-02
-2.3424930e-02
-2.1838830e-02
-1.9419820e-02
-1.8850150e-02
-1.8565730e-02
-1.9142800e-02
-2.1843140e-02
-2.0760630e-02
-1.9199830e-02
-1.4998000e-02
-8.5672590e-03
-6.9297980e-03
-2.7386930e-03
2.7609650e-03
8.4632580e-03
1.1996240e-02
1.4462210e-02
1.5783300e-02
1.7377020e-02
1.7178900e-02
1.2598110e-02
9.6915170e-03
9.1408350e-03
7.9483160e-03
6.4637410e-03
6.1748270e-03
6.0228370e-03
4.5726710e-03
3.2990630e-03
3.2848610e-03
8.7607740e-04
5.9623660e-04
3.9823340e-04
1.6356410e-03
4.2789460e-03
8.2391220e-03
8.8423930e-03
1.1336630e-02
9.3278470e-03
7.0043600e-03
4.0559250e-03
3.2988170e-03
4.4521490e-03
4.5823230e-03
3.2689670e-03
3.4924870e-03
1.4582720e-03
-1.5358400e-03
-6.8511370e-03
-9.7508190e-03
-1.0633000e-02
-8.5124230e-03
-5.8511120e-03
-2.8912000e-03
-2.1038380e-03
-4.3922420e-03
-5.1480230e-03
-7.7308640e-03
-7.9678770e-03
-1.0501670e-02
-1.0418300e-02
-1.0566260e-02
-1.0393040e-02
-9.2056130e-03
-8.1378140e-03
-6.7460890e-03
-2.8536630e-03
-3.5332240e-05
2.8328330e-03
3.3825550e-03
3.2890190e-03
8.7637500e-04
1.6797410e-03
3.0725810e-03
3.6369230e-03
6.5179090e-03
9.3677670e-03
1.0572290e-02
9.3577790e-03
9.1914050e-03
8.8891050e-03
5.9305700e-03
1.2929100e-03
-4.3804390e-03
-9.8557060e-03
-1.5435100e-02
-1.8417960e-02
-2.1288110e-02
-2.1335400e-02
-1.8500720e-02
-1.5926420e-02
-1.0974970e-02
-5.5367590e-03
6.2869800e-04
5.5360430e-03
8.6330560e-03
1.1554930e-02
1.2054130e-02
1.3244770e-02
1.1980860e-02
1.1742310e-02
9.1126590e-03
9.3066300e-03
1.1504570e-02
1.4107590e-02
1.4704180e-02
1.4803790e-02
1.4563990e-02
1.1738500e-02
8.8878060e-03
6.3191410e-03
1.1942090e-03
-3.0322860e-03
-6.8339880e-03
-8.6729610e-03
-1.0302070e-02
-1.0325810e-02
-1.0398240e-02
-1.0552360e-02
-9.2196560e-03
-7.6316690e-03
-7.6635470e-03
-7.2787080e-03
-4.5380730e-03
-1.7097980e-03
8.7605150e-04
3.3379960e-03
3.6079690e-03
3.5427700e-03
3.5661830e-03
3.6468560e-03
3.6260860e-03
3.7199540e-03
4.8856310e-03
8.4740180e-03
9.3424210e-03
1.1935960e-02
1.2211090e-02
1.4871240e-02
1.5043370e-02
1.2853490e-02
9.9585140e-03
7.3514960e-03
4.6241300e-03
1.7642700e-03
-1.8425290e-04
-1.6545380e-03
-4.0794550e-03
-4.3389800e-03
-6.7712850e-03
-7.0292120e-03
-7.0396900e-03
-6.8007900e-03
-8.8935810e-03
-1.1450580e-02
-1.4415910e-02
-1.4882160e-02
-1.2681060e-02
-1.0135440e-02
-8.1543370e-03
-6.6793240e-03
-5.2407550e-03
-3.5615350e-03
-3.5142280e-03
-3.5914330e-03
-2.5325970e-03
-9.6262280e-04
-6.5890240e-04
-5.9129560e-04
-5.2636560e-04
-3.8129150e-04
-6.1136640e-04
1.7080130e-03
2.6201530e-03
5.1926920e-03
6.5015880e-03
8.0948670e-03
8.3487340e-03
6.0010330e-03
5.7486390e-03
3.4203350e-03
2.7323150e-03
1.5449890e-03
1.7895330e-03
3.1443890e-03
3.2395670e-03
3.2687330e-03
3.3553930e-03
3.3874030e-03
9.9528190e-04
3.0462170e-04
-2.3180270e-03
-4.6696830e-03
-7.2541110e-03
-6.2027670e-03
-4.5172450e-03
-2.1688720e-03
-5.4223280e-04
1.0761080e-03
1.0753900e-03
1.1833890e-03
1.2072630e-03
1.1464970e-03
-1.0756500e-03
-3.6564170e-03
-4.5526100e-03
-7.1831440e-03
-7.1515120e-03
-4.7020760e-03
-4.3935430e-03
-1.8865940e-03
-1.5264580e-03
-2.6385990e-03
-3.9974650e-03
-2.7900990e-03
-1.8358350e-03
6.0263960e-04
9.0129970e-04
3.3313760e-03
3.9049070e-03
3.9680140e-03
3.9447700e-03
4.1259190e-03
2.7295420e-03
3.7165120e-03
3.9713760e-03
3.9966470e-03
4.0068380e-03
4.0080000e-03
4.0156160e-03
4.0052930e-03
3.9394800e-03
4.0252760e-03
4.0264040e-03
4.0314930e-03
4.0344930e-03
4.0376570e-03
4.0414540e-03
4.0427210e-03
4.0559380e-03
4.1529800e-03
4.1467190e-03
4.1791290e-03
4.0727190e-03
5.3927760e-03
7.0784300e-03
5.7527720e-03
4.1207690e-03
1.9077850e-03
-8.1232330e-04
-3.6865700e-03
-6.0873500e-03
-9.1433050e-03
-9.4985470e-03
-1.1817330e-02
-1.2542930e-02
-1.1221330e-02
-9.8136550e-03
-8.5107730e-03
-6.6699610e-03
-3.7831730e-03
-1.2044230e-03
1.2619580e-03
1.5461660e-03
1.5658170e-03
1.6615920e-03
1.6408960e-03
1.8110740e-03
4.7304450e-04
-1.0896030e-03
-9.9379440e-04
-1.0267180e-03
-9.2813710e-04
-9.0606240e-04
-9.1492010e-04
-8.3491690e-04
-3.2998450e-03
-3.5328150e-03
-3.6010430e-03
-2.4485070e-03
-8.6599580e-04
-5.3589090e-04
-4.8650150e-04
-3.8548260e-04
-3.8334690e-04
-3.5890420e-04
-2.6235190e-04
2.3105680e-03
2.5929800e-03
2.6390190e-03
2.6676730e-03
2.7489150e-03
2.7546340e-03
2.7510960e-03
2.7965400e-03
2.7585780e-03
3.9400690e-03
4.2643960e-03
4.0887830e-03
3.0596740e-03
7.7090510e-04
-1.4066390e-04
-2.6053390e-03
-3.9060520e-03
-5.5172740e-03
-5.5140480e-03
-8.0208530e-03
-8.2651450e-03
-8.3074150e-03
-8.3021330e-03
-8.2985850e-03
-8.2961080e-03
-8.2920580e-03
-8.2910560e-03
-8.2855930e-03
-8.2791510e-03
-8.2648890e-03
-5.7687350e-03
-5.5099380e-03
-2.9362830e-03
-2.8444180e-03
-1.4580900e-03
1.1519410e-04
1.2860260e-04
1.2458760e-04
2.7686710e-04
1.5344850e-03
1.7248620e-03
1.9793830e-03
3.0077700e-03
2.7877680e-03
1.4600020e-03
1.1791380e-04
4.0079080e-04
-1.9878880e-03
-2.5367180e-03
-2.5712130e-03
-1.0253870e-04
2.3348780e-04
2.4847870e-03
5.1472850e-03
5.8421450e-03
5.8555770e-03
6.0897660e-03
4.5352210e-03
3.2381570e-03
3.1340910e-03
8.1668720e-04
5.7016440e-04
6.4688710e-04
7.2392190e-04
8.1218110e-04
8.4143670e-04
8.7304660e-04
2.0180190e-03
3.4824460e-03
3.7941560e-03
3.9491800e-03
4.0007950e-03
4.3594970e-03
5.5301220e-03
5.5836820e-03
5.2477160e-03
4.1684560e-03
4.2931770e-03
4.0180800e-03
1.8343590e-03
1.3465630e-03
-9.7283980e-04
-1.3442990e-03
-3.7370760e-03
-2.7745690e-03
-1.5007220e-03
2.8150450e-04
1.9349530e-03
4.1104670e-03
6.6984660e-03
7.5789280e-03
8.3746720e-03
7.2312180e-03
7.5154680e-03
5.1158750e-03
4.6782300e-03
3.8812800e-03
1.6724520e-03
1.6765620e-03
1.6487940e-03
1.5322780e-03
2.8265170e-03
1.8667370e-03
1.7253330e-03
8.5625980e-04
-1.1818480e-03
-3.5365350e-03
-4.2751200e-03
-6.5811520e-03
-6.7505230e-03
-6.6848200e-03
-6.8503410e-03
-5.3206070e-03
-3.7248190e-03
-1.5540820e-03
-6.4291740e-04
1.5046350e-03
1.4162220e-03
1.5813490e-03
-7.8064110e-04
-1.1899200e-03
-1.2717630e-03
-9.8828550e-04
1.1021290e-03
1.9198770e-03
3.9744010e-03
3.9446800e-03
3.5801630e-03
2.2152150e-03
1.1797650e-03
1.1174560e-03
1.1940210e-03
-8.7872880e-04
-1.9173850e-03
-3.9268440e-03
-3.8375930e-03
-3.7525630e-03
-3.7599350e-03
-3.2363870e-03
-1.3152490e-03
-1.1386670e-03
1.0916320e-03
1.3948240e-03
1.4420420e-03
1.5374570e-03
5.3113040e-04
-9.3012670e-04
-8.9066030e-04
-1.9467510e-03
-2.5439890e-03
-1.8715910e-03
-7.9547140e-04
-5.8520760e-04
-1.0401890e-03
-2.5425500e-03
-3.5334710e-03
-4.8271450e-03
-6.5368510e-03
-6.6303810e-03
-6.5828020e-03
-5.0274800e-03
-4.1421910e-03
-2.1826850e-03
-1.7827670e-03
-1.7722900e-03
-3.9872960e-04
4.6973160e-04
4.6215410e-04
6.7119550e-04
2.2825000e-03
2.3906720e-03
1.7857890e-03
1.7699100e-03
2.3414410e-03
2.2688280e-03
2.1339220e-03
2.1219430e-03
1.5866130e-03
1.3160540e-04
1.3753980e-04
1.7501090e-04
1.0339540e-04
1.9340720e-04
-1.3112720e-03
-1.4691500e-03
-1.8729220e-03
-3.0916270e-03
-2.9342130e-03
-2.9342230e-03
-1.4087760e-03
-1.1946920e-03
2.5236410e-04
4.2286480e-04
1.3104100e-03
1.8997700e-03
2.6588240e-03
3.2912900e-03
3.1533490e-03
3.1012950e-03
2.1825400e-03
1.4687170e-03
1.2439780e-03
1.4005240e-04
-3.1565750e-04
-1.1541760e-03
-2.1583150e-03
-2.3105090e-03
-3.2337190e-03
-3.1718490e-03
-3.0074600e-03
-2.8305360e-03
-2.6211140e-03
-2.4350540e-03
-2.2254670e-03
-2.0658060e-03
