0.01
-4.6726800e-03
-1.0600780e-02
-5.0423660e-04
-1.5931940e-03
-2.3981850e-03
-7.9089020e-03
-5.4301930e-03
-2.7683900e-03
7.1735150e-03
1.7624940e-02
1.5736090e-02
1.1805660e-02
-1.2671540e-02
-7.0563550e-03
-9.2997230e-03
-1.3443630e-02
1.7696850e-02
1.1172760e-02
-1.1429110e-02
1.3820020e-02
1.1554640e-02
-5.7529510e-03
1.1902570e-02
-7.3631150e-03
-2.1870900e-02
-7.6293470e-03
4.7838640e-03
3.6288010e-03
-8.1111640e-03
5.5158680e-03
6.0945160e-03
-6.2389800e-03
-1.3089980e-02
-2.9902950e-03
1.4287920e-02
1.0772100e-02
-3.6448510e-03
4.8839230e-03
2.1401650e-02
-1.0179990e-03
-2.6632080e-03
2.7724060e-03
1.0002920e-03
-3.4739350e-03
-2.1193630e-02
1.1931260e-02
1.0577320e-02
-1.7287020e-02
1.7250710e-02
1.7393890e-02
-3.9894210e-03
-9.9581770e-03
2.5232700e-04
3.0787350e-03
-1.7032980e-03
-2.2218220e-02
-9.6164680e-03
2.0363660e-03
-9.8738900e-03
7.1903010e-03
1.5413400e-02
1.1007550e-02
2.4421800e-03
-8.1502680e-03
1.9105450e-02
2.4412070e-03
-3.2900470e-03
3.1516380e-03
-3.0642300e-03
1.6309050e-02
-1.8150580e-03
-4.0420000e-02
-5.1378930e-03
1.9270560e-02
1.2275640e-02
-7.5626520e-03
1.8391870e-04
2.7349500e-02
-1.2949390e-03
-2.3579080e-02
5.3353380e-03
-7.7175680e-03
-3.3277430e-02
-1.8091950e-02
3.7091470e-03
3.1265840e-02
5.9767850e-03
-1.7544410e-02
-2.0525140e-03
3.3190480e-03
-1.0595710e-02
-1.1369950e-02
-4.0903300e-03
4.2228620e-03
1.4417560e-02
8.8820050e-03
8.4144710e-03
1.5460260e-02
-4.9241090e-03
4.9370090e-03
-6.0629520e-03
-5.5138320e-03
2.3799550e-02
-1.1886270e-02
-2.6794090e-02
9.5522780e-03
4.5928620e-03
-4.5462350e-03
-9.2457930e-03
1.3614470e-02
-1.9258700e-02
-1.9717000e-02
2.7893740e-02
1.9048290e-02
2.7332970e-02
9.9193480e-03
-2.2181560e-02
-4.1283570e-03
-1.1646480e-02
-1.2030440e-02
2.6141310e-02
3.2417530e-03
-2.7657700e-02
-4.2579080e-04
4.6835030e-03
1.0137660e-02
-1.9349970e-02
-1.9373200e-03
3.6192280e-02
1.3383080e-02
1.4942690e-02
2.3461670e-03
-3.2409340e-03
-1.4484510e-04
-3.6567090e-02
-3.7383990e-02
8.1966090e-03
-3.7105160e-03
-1.2223510e-02
9.9054150e-03
3.7420860e-03
1.3378970e-02
-2.6368340e-04
-4.0425090e-02
-8.0833490e-03
2.2327760e-02
-1.2993430e-02
-1.2976950e-02
-1.2081970e-02
1.2890790e-02
4.2398310e-02
4.0730500e-03
1.2558670e-02
1.4923610e-03
-3.7989860e-02
-7.3027680e-03
7.4673650e-03
-1.2447100e-02
-1.1929540e-02
1.9479910e-02
-6.5364470e-03
-1.2031650e-02
-2.1127190e-03
-2.1027230e-02
1.5932620e-02
2.6845720e-02
3.5419660e-02
3.1702170e-02
4.4750390e-04
-6.4098780e-03
-3.1923700e-03
-6.1895430e-03
-4.4959250e-02
-3.1985860e-02
-9.7541530e-03
2.2928900e-02
2.1309120e-02
-5.4925710e-03
1.2326390e-02
1.5924760e-02
9.0210420e-03
-2.4925030e-02
-1.7581000e-02
8.9744270e-03
1.6089670e-02
8.4695650e-03
-1.3764620e-02
1.3638540e-04
4.1768000e-03
7.1683500e-03
2.4851640e-02
5.7564870e-03
7.2856170e-03
3.7691710e-03
-2.4351610e-02
-2.7665550e-02
-1.8208030e-03
-8.2052470e-03
-3.4417460e-03
8.8361110e-03
-5.8000220e-03
-1.2802760e-02
-9.2292650e-03
-7.6565260e-03
1.0974340e-02
1.9682850e-02
-3.5417130e-03
-6.4581360e-03
7.6637740e-03
1.5992980e-02
-1.3113090e-02
-2.7078170e-02
3.2561770e-02
6.6051830e-03
-3.9016420e-03
1.9630760e-02
3.4721430e-02
1.8902870e-02
-2.7171870e-02
-2.1871860e-02
-8.5878210e-03
-1.2540720e-02
-8.4944190e-03
-1.2440610e-03
3.0878560e-02
3.7514560e-02
2.1344000e-02
1.0981520e-02
1.7674890e-02
1.5579840e-02
-1.3251370e-02
-3.4589940e-02
-3.2451000e-04
2.6915960e-02
-1.5944370e-02
-1.1475070e-02
3.6475510e-02
-1.6401730e-02
-4.6159180e-02
-3.4040670e-02
-5.7540090e-03
5.9599500e-03
2.3660770e-03
8.6114730e-03
-1.1750970e-02
5.3731890e-04
-4.2016680e-04
-1.6773500e-02
-1.4010300e-02
-2.8033830e-03
1.8827090e-03
2.0154310e-02
2.3798390e-02
1.0504540e-02
-2.1565300e-03
3.4458540e-03
1.8209750e-02
3.0825650e-04
5.6037440e-03
9.2305580e-03
-3.0248080e-03
-4.4875070e-03
-1.8915760e-02
2.1075670e-02
3.9618410e-03
-6.9360190e-03
3.6383250e-02
1.1945050e-02
-1.5296970e-02
-2.7879460e-02
9.0324320e-03
3.0613710e-02
1.3618430e-02
3.9385730e-02
2.4427490e-02
-3.5866760e-03
-3.0557830e-03
-1.3010600e-02
1.1647730e-03
-4.4525210e-04
-2.9043900e-02
-2.5522840e-02
-3.0360470e-02
-1.6975440e-02
-1.9650090e-02
4.5672560e-03
2.0343180e-02
-1.9336890e-02
-2.0497720e-02
-1.1297890e-02
-1.5418590e-02
8.7105150e-03
2.3036110e-02
4.1920890e-02
3.7496870e-02
-1.0133420e-02
-2.2239120e-02
-8.0327520e-04
-1.4332070e-02
-2.5404010e-02
-1.9173410e-02
-1.8626470e-02
-8.7853460e-03
5.6684370e-03
1.9585770e-02
1.9828770e-02
3.9918900e-04
1.2277870e-02
4.3500490e-02
4.9076300e-02
1.3212910e-02
1.2902120e-02
2.8189750e-02
1.4448610e-02
-2.7877450e-02
-6.6963240e-02
-6.2910190e-02
-3.0368640e-02
-2.7402900e-02
-3.9605460e-02
-3.4557530e-03
-4.2241040e-04
-3.0328640e-02
-1.3013180e-02
-7.1010870e-04
-2.0860060e-02
-2.0966940e-02
1.2975890e-03
2.2687900e-02
2.6043550e-02
2.1598800e-02
2.7841670e-02
4.0747700e-02
3.5781430e-02
1.7198850e-02
5.6453920e-03
-9.7370260e-03
-2.9542930e-02
-4.9286600e-02
-8.4684160e-02
-1.2678660e-01
-1.4893900e-01
-1.4219480e-01
-1.2695840e-01
-1.0615540e-01
-6.1002390e-02
-2.6041350e-02
-2.8188750e-02
-9.2213720e-03
4.4427610e-02
6.5057030e-02
8.1631300e-02
1.0525370e-01
1.5112310e-01
1.6911540e-01
1.4933200e-01
1.3040320e-01
9.5522460e-02
2.5976290e-02
-3.6192290e-02
-7.4323280e-02
-1.0117370e-01
-1.2935700e-01
-1.4139250e-01
-1.3834380e-01
-1.2518390e-01
-1.0264250e-01
-8.4524640e-02
-4.6061610e-02
1.8220120e-02
8.4104230e-02
1.2905840e-01
1.5107660e-01
1.5093160e-01
1.3194270e-01
8.8908310e-02
7.7426640e-02
4.3868220e-02
9.1796220e-03
2.7941420e-02
4.3932070e-02
1.9215570e-02
1.0168090e-02
2.6048960e-04
-2.4524710e-02
-3.2443570e-02
-4.1078320e-02
-4.6624110e-02
-1.8897270e-02
6.7218310e-03
3.1529280e-02
6.3987970e-02
8.6198070e-02
1.1455880e-01
1.3308890e-01
1.1006820e-01
9.1400790e-02
6.0557780e-02
4.0763090e-02
2.7529130e-02
-1.4762870e-02
-7.8120350e-02
-1.4128870e-01
-1.9730970e-01
-2.3698300e-01
-2.2346280e-01
-1.0949610e-01
3.6427420e-02
8.8387470e-02
1.5057460e-01
1.7967340e-01
1.7443650e-01
1.2237180e-01
8.3307710e-02
4.4305450e-02
-2.0262980e-02
-7.4195270e-02
-9.5619320e-02
-7.7205270e-02
-6.9075050e-02
-6.9663660e-02
-9.7902500e-02
-1.0979510e-01
-8.3452560e-02
-3.1425370e-02
7.9518840e-03
5.7655900e-02
1.1436450e-01
1.2733020e-01
9.9933270e-02
9.8953140e-02
1.1164760e-01
7.5701870e-02
1.3791090e-02
-1.7656460e-02
-7.1133020e-02
-1.4097650e-01
-1.4077550e-01
-1.0231970e-01
-8.3623850e-02
-7.3384820e-02
-5.2677260e-02
-3.0099390e-02
-5.8937000e-03
2.9820020e-02
4.7357920e-02
4.2608820e-02
4.8698790e-02
5.9629290e-02
4.9802970e-02
7.0639500e-03
-3.7499580e-02
-6.5034330e-02
-1.0029480e-01
-9.9681310e-02
-6.9045310e-02
-3.4412520e-02
7.0846410e-03
1.8128060e-02
1.4046150e-02
1.9893050e-02
5.1432930e-03
-1.8635280e-02
-8.9051370e-02
-1.3755300e-01
-1.1807500e-01
-7.2334890e-02
-5.1978540e-02
-7.2099260e-02
-5.2642270e-02
1.3772880e-02
6.2443490e-02
6.4218100e-02
6.5770510e-02
8.5504790e-02
1.1063750e-01
1.1154480e-01
1.0391170e-01
7.3437530e-02
4.8726310e-03
-4.8217460e-02
-1.0394800e-01
-1.4438510e-01
-1.5032170e-01
-1.6514170e-01
-1.4639430e-01
-8.5175810e-02
-3.7928370e-02
1.3428420e-02
8.1801830e-02
1.5604120e-01
1.6875910e-01
1.4358720e-01
1.1766080e-01
1.2744910e-01
1.4102020e-01
1.0803440e-01
5.0827740e-02
1.5831250e-02
2.0092880e-02
9.7370090e-03
-5.4726610e-04
5.8485290e-03
3.0312660e-02
6.6452020e-02
7.0011400e-02
8.0612840e-02
1.1768620e-01
1.3137680e-01
1.1216000e-01
7.9907430e-02
5.5262170e-02
4.5283840e-04
-3.7912740e-02
-5.5400990e-02
-7.7062770e-02
-6.0486670e-02
4.4686800e-03
2.3431390e-02
2.1257430e-02
1.7137080e-02
8.8254180e-03
-6.1036600e-03
-4.9305760e-02
-6.5714060e-02
-6.5679000e-02
-6.2524450e-02
-6.8786300e-02
-8.9691780e-02
-1.0142720e-01
-8.3943580e-02
-5.6223190e-02
-4.1726430e-02
-1.9524940e-02
-5.5460650e-03
-1.6536430e-02
-2.5509150e-02
-2.3978630e-02
-2.6890690e-02
-4.6745880e-03
5.1158650e-03
2.2334590e-03
-6.8457130e-03
-3.3576580e-02
-3.8304720e-02
-3.8834000e-02
-4.6650950e-02
-4.9636620e-02
-5.1963940e-02
-6.4943320e-02
-8.4309080e-02
-9.4289270e-02
-6.6268540e-02
-4.9876110e-02
-5.0369590e-02
-3.0294060e-02
-8.0005950e-03
1.5941820e-02
3.5802730e-02
4.7243960e-02
4.9000130e-02
4.7944430e-02
5.8161900e-02
5.0159270e-02
5.2402760e-02
5.8229840e-02
5.1578120e-02
6.8602960e-02
6.7512410e-02
5.0769550e-02
3.9174280e-02
4.5417500e-02
4.5145000e-02
2.9840340e-02
2.5595350e-02
3.7645500e-02
4.0355640e-02
3.9873670e-02
3.7729540e-02
4.0766340e-02
3.4050230e-02
3.2526950e-02
1.9706070e-02
1.0677900e-02
7.7896080e-03
-2.3543850e-02
-6.3271550e-02
-7.6015840e-02
-7.6208730e-02
-6.8336620e-02
-6.7776950e-02
-5.3690720e-02
-4.6242500e-02
-2.2259250e-02
5.6276020e-03
1.3038700e-02
8.0292600e-03
9.3015770e-03
-7.4620520e-03
-2.3542590e-02
-3.4397250e-02
-5.8873510e-02
-7.3820470e-02
-6.0003230e-02
-6.2730590e-02
-4.6508030e-02
-1.7761120e-02
1.4841300e-03
3.7470620e-02
6.7377570e-02
8.8288860e-02
9.1774280e-02
7.2020240e-02
5.7736170e-02
6.4112390e-02
5.8873030e-02
3.9403280e-02
2.8860160e-02
3.1830740e-02
2.8387090e-02
1.4738960e-02
7.7627140e-03
2.0058400e-02
3.6566870e-02
2.8501780e-02
2.3717720e-02
5.4499990e-02
7.2808860e-02
4.5218750e-02
2.9324150e-02
4.4753170e-02
4.1690570e-02
2.3633350e-02
4.0224750e-03
-1.5162670e-02
-3.8075860e-02
-5.8696070e-02
-8.8608310e-02
-9.1104230e-02
-5.7754270e-02
-3.3407810e-02
-3.0862510e-02
-2.1978110e-02
1.6136180e-02
2.3797620e-02
2.4091090e-03
-9.1664280e-03
-9.1826090e-03
-2.1339620e-02
-4.8036880e-02
-5.3847620e-02
-5.1660420e-02
-6.7359970e-02
-7.9735950e-02
-8.2188960e-02
-7.2812830e-02
-5.8875920e-02
-5.7611850e-02
-3.7609900e-02
-1.0575250e-02
-7.7067670e-03
-1.0018510e-02
6.8242710e-04
4.3344940e-03
1.8543400e-02
2.2995900e-02
3.2955500e-02
4.7508160e-02
4.0495840e-02
2.7958570e-02
3.8412430e-03
-1.5482200e-03
-5.6583470e-03
-2.4576940e-02
9.1769060e-04
3.1105900e-02
3.7267480e-02
3.5512900e-02
2.7062060e-02
2.7631260e-02
3.6127110e-02
3.4807910e-02
2.8632320e-02
2.8070810e-02
4.9751630e-02
6.5226850e-02
6.1102530e-02
3.8939630e-02
2.3121100e-02
4.0829760e-03
-1.6660690e-02
-3.4729750e-02
-4.7049130e-02
-3.4725130e-02
-1.4243080e-02
-1.0175410e-02
-1.2363100e-02
4.9921280e-03
2.3183660e-02
3.0085960e-02
1.7744090e-02
5.5154720e-03
-8.3501470e-03
-2.6232120e-02
-3.7259660e-02
-4.4041430e-02
-5.0945530e-02
-5.5770830e-02
-5.1412960e-02
-4.0409060e-02
-2.3312750e-02
-2.0816550e-02
-3.7956450e-02
-3.3344920e-02
-2.7338910e-02
-3.0136450e-02
-2.1932480e-02
-1.7254870e-02
-1.7904640e-02
-3.3076020e-02
-2.7015710e-02
-1.1112840e-02
1.7641130e-03
2.2567460e-02
4.0400650e-02
5.2510800e-02
4.3451310e-02
3.2824240e-02
2.6289690e-02
2.6896560e-02
1.9375530e-02
2.1483130e-02
2.7404810e-02
3.5098970e-02
4.3820350e-02
3.1708790e-02
2.4216580e-02
2.5592540e-02
1.6748890e-02
2.0113320e-02
1.9416930e-02
2.6018130e-02
1.5907280e-02
8.6693320e-03
2.1422080e-02
2.1184930e-02
1.3778710e-02
1.8382550e-02
2.6329660e-02
3.4535650e-02
1.9019890e-02
-6.2229590e-03
-1.5174970e-02
-1.5260800e-02
-2.7311610e-02
-3.4016820e-02
-1.9135160e-02
-9.3479430e-03
-1.5683500e-02
-6.2921220e-03
8.1646810e-04
-1.6149200e-02
-3.6056220e-02
-3.0165500e-02
-9.7712610e-03
-6.3588500e-03
-1.5149100e-02
-1.2582260e-02
-7.4780000e-03
-2.0633140e-02
-3.5857330e-02
-5.0079130e-02
-4.9866950e-02
-4.3435640e-02
-3.9354450e-02
-2.1338210e-02
-1.0648440e-02
-8.0194570e-03
1.8425440e-03
9.7376830e-03
3.9146710e-03
-2.3390110e-03
-3.7755890e-03
-1.0066960e-02
-1.5687590e-02
-1.2950100e-02
-2.8569990e-03
1.8904130e-03
-3.7818630e-03
-1.4161820e-02
-1.8288960e-02
-4.8376890e-03
-4.1795150e-03
-4.0093460e-03
-7.5444690e-03
1.0294770e-02
2.1797930e-02
2.3179650e-02
3.1811290e-02
3.7533760e-02
3.9799730e-02
3.0643790e-02
2.1805670e-02
2.5546980e-02
2.4408890e-02
1.0175790e-02
-3.0655310e-03
-9.0547360e-04
8.2539220e-03
2.8647960e-03
-1.0497130e-02
-1.3965390e-02
5.0850280e-03
2.2114480e-03
-1.4098200e-02
-1.9873260e-02
-1.1288280e-02
8.5994880e-04
1.8946170e-03
1.4353150e-02
2.7137710e-02
3.8470140e-02
4.4498280e-02
4.3659100e-02
3.3442550e-02
1.4242360e-02
1.5892950e-03
-7.3103920e-03
-4.8794400e-03
-8.4880420e-05
-1.5262940e-02
-1.9945640e-02
-1.4320730e-02
-1.7279720e-02
-1.9374230e-02
-3.8622270e-03
9.5150070e-03
3.1697860e-02
4.3400830e-02
3.5091090e-02
2.3528170e-02
1.0142450e-02
-2.3829400e-03
-1.8101910e-02
-2.5997530e-02
-2.8671430e-02
-3.1200990e-02
-2.4200620e-02
-1.5355240e-02
-1.0183220e-02
2.2030700e-03
5.2019350e-03
1.0567380e-02
2.5299780e-02
2.7438800e-02
1.3822210e-02
4.6762570e-03
2.9443270e-03
1.0807890e-02
1.2432760e-02
1.8741290e-02
2.9771130e-02
3.5266480e-02
2.3717380e-02
4.5093980e-03
-9.1880140e-03
-2.7794770e-02
-3.8358430e-02
-1.7301710e-02
-1.7344560e-03
8.4961540e-03
1.5020540e-02
1.2815280e-02
8.6984180e-03
5.5250690e-03
-8.3619100e-03
-1.4679800e-02
1.0037610e-02
1.6087840e-02
1.3005680e-02
1.4620030e-02
9.2017000e-03
4.2641910e-03
-1.2851640e-02
-3.2371620e-02
-3.0591590e-02
-2.9874360e-02
-3.3163770e-02
-3.1628450e-02
-1.9198440e-02
-1.3553960e-02
-1.0925290e-02
-6.7947080e-03
-7.8735750e-03
-1.2835730e-02
-2.3476300e-02
-3.4500100e-02
-2.6942040e-02
-2.6471480e-02
-3.8658420e-02
-4.9673820e-02
-3.4743130e-02
-3.2701390e-02
-4.2237280e-02
-3.9970140e-02
-3.8184470e-02
-2.9776530e-02
-2.2845940e-02
-2.1956470e-02
-1.0621230e-02
1.1725720e-03
6.8975950e-03
8.0545100e-03
1.2543470e-02
2.3140990e-02
2.0133690e-02
1.6348150e-02
2.6523980e-02
3.1277790e-02
2.8598960e-02
2.6948130e-02
2.9717300e-02
3.5341920e-02
3.5944620e-02
3.2187140e-02
3.2268670e-02
4.4693090e-02
4.9132880e-02
4.4234320e-02
3.5858740e-02
2.2401630e-02
1.0411640e-02
1.1961050e-03
-6.9177080e-04
1.2876440e-02
1.6860020e-02
2.0476440e-02
2.2045580e-02
1.9741780e-02
1.3998750e-02
1.5455090e-02
8.3032740e-03
4.5661330e-03
-2.1859810e-03
-7.3534900e-03
-1.1156810e-02
-5.5745480e-03
4.2723810e-03
1.0171470e-02
1.1050300e-02
6.6817990e-03
1.1290000e-02
1.8271720e-02
1.7308850e-02
1.6583550e-02
1.7906420e-02
1.8560340e-02
2.6741390e-03
-8.5678480e-03
-1.9040940e-02
-2.8659490e-02
-3.6277410e-02
-3.2097310e-02
-2.7225410e-02
-2.1455100e-02
-1.8766890e-02
-1.6422950e-02
-1.9573270e-02
-1.4170440e-02
-1.7277170e-02
-2.7869950e-02
-3.9817860e-02
-4.9676880e-02
-5.5334640e-02
-5.8344030e-02
-5.7184390e-02
-4.6008230e-02
-3.6798000e-02
-3.3822780e-02
-3.1724010e-02
-2.7204590e-02
-2.0187270e-02
-1.5846870e-02
-1.3934110e-02
-9.8414750e-03
-5.6887860e-03
-2.5886970e-03
8.3185020e-04
7.5278200e-03
1.2592130e-02
1.1731910e-02
1.1437160e-02
1.8182470e-02
2.4982660e-02
2.8291590e-02
3.3947200e-02
3.5857390e-02
2.7618390e-02
2.9193980e-02
3.5891900e-02
3.7232100e-02
3.4284200e-02
3.2737150e-02
2.5636740e-02
1.3072540e-02
7.7307540e-03
1.6291020e-03
5.8959110e-03
1.5265810e-02
2.6313040e-02
3.1530590e-02
3.7892620e-02
3.4918680e-02
2.1964810e-02
2.0091650e-02
1.9383620e-02
1.1132940e-02
3.5182690e-03
4.5732690e-03
7.8221820e-03
1.1975420e-03
-8.1968450e-03
-1.8605580e-02
-1.9148810e-02
-1.8381440e-02
-2.7487560e-02
-1.7502040e-02
-6.6015400e-03
1.1821230e-03
-6.3777160e-04
-1.9105420e-03
-1.4328070e-03
9.2988150e-03
1.1335850e-02
1.1153720e-02
9.6146340e-03
-3.5748190e-03
-1.4600980e-02
-1.9037970e-02
-2.0837930e-02
-2.7248980e-02
-2.8284050e-02
-2.2342200e-02
-1.6245730e-02
-1.6394210e-02
-1.7377820e-02
-1.9351640e-02
-1.9601840e-02
-1.1329010e-02
-1.9837210e-03
2.3850310e-03
1.1237020e-03
6.0891060e-03
3.2801200e-04
-6.9644270e-03
-1.4912190e-02
-1.5278670e-02
-6.7587470e-03
1.3950230e-02
2.1232710e-02
2.0916100e-02
2.4004090e-02
1.6321250e-02
5.4741720e-03
3.1445650e-03
4.2754520e-03
7.5042890e-03
6.6148460e-03
5.9558420e-03
7.6699490e-04
-4.3085130e-03
-8.4155730e-03
1.0766920e-03
-7.8124940e-03
3.1565830e-03
1.5678420e-02
1.2236850e-02
-5.0290480e-03
-1.5474770e-02
-2.0891310e-02
-1.5649270e-02
-1.6107880e-02
-9.5624260e-03
-5.9030050e-03
-5.1874620e-03
3.3038200e-03
5.2482980e-03
-1.2844050e-03
-7.0543200e-03
-7.7335770e-03
-1.0577150e-04
6.7863240e-03
6.0612770e-03
2.8847240e-03
7.2319160e-03
-6.4857170e-04
-2.0357760e-03
1.7943660e-03
-5.5305830e-04
4.6009690e-03
6.9382340e-03
1.3668110e-02
1.0042150e-02
1.1005120e-03
-4.8406740e-04
8.5255030e-04
-2.7649250e-04
-3.4574870e-03
-7.7253620e-03
-8.4773390e-03
-1.1241860e-02
-1.7195230e-02
-1.1568390e-02
-3.9203440e-03
-6.3378030e-03
-8.8726440e-03
2.9872210e-03
1.2252570e-02
2.0560590e-02
2.9336620e-02
3.4905790e-02
3.3675100e-02
3.2235730e-02
2.3995570e-02
1.0356830e-02
3.2859220e-03
1.0083270e-02
9.8879200e-03
3.7104160e-03
3.4712860e-03
-7.3308490e-04
-3.4985220e-03
-4.0149880e-03
-1.0774100e-03
9.1689540e-03
1.3131360e-02
1.6622490e-02
1.3590330e-02
1.0086140e-02
3.6773670e-03
-5.5083640e-03
-1.0838280e-02
-3.7028710e-03
5.7507110e-04
-4.8320760e-03
2.1096030e-03
7.7609420e-03
4.2809150e-03
2.0308080e-03
1.6009920e-03
-3.7785880e-03
-9.4312410e-03
-1.6861730e-02
-1.9243250e-02
-1.8572220e-02
-2.3502180e-02
-2.6001950e-02
-2.1283320e-02
-1.1320060e-02
-2.7264010e-03
1.4739160e-03
-1.3306410e-03
-8.4518920e-04
-3.5017300e-03
-9.1988440e-03
-1.3562180e-02
-4.1618880e-03
7.1284580e-03
1.2899740e-02
1.5975720e-02
1.6832980e-02
1.0455530e-02
-8.7620940e-03
-2.0639160e-02
-2.1629980e-02
-1.7735390e-02
-1.4891930e-02
-1.7942290e-02
-1.6295660e-02
-4.7004020e-03
1.5491160e-03
1.0384740e-02
2.1847730e-02
2.9977240e-02
1.9233480e-02
6.0520990e-03
-4.4279950e-03
-1.7741560e-02
-2.8740650e-02
-2.6996070e-02
-1.0245450e-02
1.7919010e-03
1.0447990e-02
8.8685280e-03
9.0138180e-03
5.1727020e-03
-2.3454920e-03
-7.4701520e-04
6.1072520e-03
5.7428560e-03
8.4452740e-03
1.5752500e-02
1.2727590e-02
6.8946860e-03
4.5137100e-03
5.1276720e-03
1.3645270e-04
2.4898770e-04
3.0035100e-03
-2.3711190e-03
-7.8386820e-03
-1.3596040e-02
-1.3151150e-02
-1.0010890e-02
-1.1701930e-02
-1.5716720e-02
-1.1889530e-02
-5.8371950e-03
-2.3582960e-03
-5.0549360e-03
-9.4801260e-03
-1.2415270e-02
-2.0598290e-02
-2.2615180e-02
-2.0609320e-02
-1.4843390e-02
-8.9306050e-03
-2.7681430e-03
6.7038880e-04
-5.2569470e-03
-4.6719590e-04
5.6918690e-03
1.2782030e-02
1.8456920e-02
2.4209190e-02
2.8153300e-02
2.7175710e-02
2.0915800e-02
8.6149430e-03
-8.1997120e-03
-1.6304230e-02
-2.3702390e-02
-2.4108470e-02
-1.0724780e-02
6.1427010e-03
1.7832870e-02
2.3081850e-02
2.8670270e-02
2.7025310e-02
1.8485750e-02
1.2263810e-02
1.3643470e-02
1.6749770e-02
1.8300770e-02
1.6263780e-02
1.3559730e-02
1.3278460e-02
1.3062010e-02
1.3787520e-02
1.1686860e-02
9.4871610e-03
7.5561400e-03
1.0445970e-03
-3.3999830e-03
-1.4095530e-04
7.0381170e-04
3.6448330e-03
2.1782890e-03
-2.1261070e-03
-3.9213360e-03
-2.1577270e-03
-7.2702060e-03
-1.5196970e-02
-1.5999770e-02
-1.5566690e-02
-1.1036560e-02
-6.7609390e-03
-7.4596750e-03
1.1387340e-03
1.0790260e-02
1.3492490e-02
7.7848400e-03
3.7679470e-03
4.5775290e-03
-7.8556500e-04
-9.1698120e-03
-1.3913140e-02
-1.8191240e-02
-1.8734060e-02
-1.9052770e-02
-1.0396260e-02
-1.2101520e-03
5.4991820e-03
1.2998530e-02
1.1908440e-02
8.9755540e-03
7.4228750e-03
-6.7635240e-04
-7.6949830e-03
-1.4863150e-02
-1.4026420e-02
-1.6473210e-02
-1.9408050e-02
-1.4590370e-02
-7.6844750e-03
-1.8812970e-03
8.3605670e-05
-3.5108920e-03
-3.0766850e-03
1.1294680e-04
2.8481360e-03
-1.7123220e-03
-7.3198880e-03
-1.0401500e-02
-1.3835150e-02
-1.6303800e-02
-9.7224810e-03
-6.7637540e-03
-3.7265940e-03
-2.2380610e-03
-2.5382360e-03
-4.7081780e-03
-1.1810170e-02
-1.5569080e-02
-1.6487010e-02
-1.9349260e-02
-1.3039970e-02
-9.6674780e-03
-7.1353690e-03
-6.8670190e-03
-4.3324050e-03
-3.7591400e-04
-6.9721420e-03
-4.1309130e-03
-7.2825170e-03
-6.0285180e-03
-7.7606800e-04
6.9891670e-03
1.1835040e-02
1.8140230e-02
2.0541820e-02
2.2706370e-02
2.6426500e-02
2.8457670e-02
2.8099000e-02
3.2571480e-02
3.4208840e-02
2.7459970e-02
2.0023000e-02
1.3299660e-02
5.1176380e-03
-1.3658400e-03
-5.4141960e-03
-1.5830180e-03
2.3760940e-03
4.8522430e-03
2.1400080e-03
3.5165960e-03
8.4088150e-03
1.1618260e-02
1.0863750e-02
1.8369230e-02
1.7570490e-02
1.5099840e-02
1.4817850e-02
1.9126260e-02
1.9470620e-02
1.3636360e-02
5.3413050e-03
2.1175160e-03
-1.9319710e-03
-3.8618290e-03
-9.1875540e-03
-8.6865590e-03
-7.5857120e-03
-7.9973530e-03
-2.3331600e-03
-8.9214290e-04
-2.8348620e-03
-4.1265490e-03
-1.0908260e-02
-1.0341750e-02
-9.3443180e-03
-1.5703130e-02
-1.9315670e-02
-2.2085910e-02
-2.5708540e-02
-2.8712320e-02
-2.6916350e-02
-1.7801310e-02
-8.3866970e-03
-4.0950950e-03
-4.2628240e-03
-4.5275920e-03
-1.0769890e-02
-1.4562360e-02
-1.2673840e-02
-1.0194460e-02
-9.1893410e-03
-7.1837770e-03
-1.4246360e-02
-1.2453900e-02
-9.7841780e-03
-1.0431770e-02
-7.5276850e-03
-2.2261610e-03
-7.5917850e-03
-1.0621970e-02
-1.2243930e-02
-1.1442830e-02
-8.9381620e-03
-9.9180650e-03
-9.2184300e-03
-9.4096780e-03
-6.8566660e-03
-5.7169560e-03
-6.0376640e-03
-1.1361030e-03
-3.5615530e-04
-4.2309230e-03
-1.0732460e-03
3.3035880e-03
5.4453060e-04
9.3698070e-03
1.4382570e-02
1.8131040e-02
1.3093850e-02
9.2139260e-03
5.2696610e-03
1.5578040e-03
-2.7440000e-03
-2.1684310e-03
4.2323650e-03
7.2397580e-03
1.4502540e-02
1.8225050e-02
1.3252000e-02
1.4357500e-02
9.6597170e-03
9.2725940e-03
1.2063620e-02
8.6651260e-03
1.0192470e-02
1.2702970e-02
1.3412710e-02
1.7438020e-02
2.2042970e-02
2.3498430e-02
2.4342460e-02
2.0486880e-02
1.5363500e-02
7.3337340e-03
2.0075490e-03
-5.5240630e-04
-1.3102230e-03
3.6162970e-03
5.2200760e-03
6.8717070e-03
6.8350870e-03
5.0583650e-03
2.7805700e-03
-4.9359510e-04
-2.3513450e-03
-4.6357680e-03
-6.1963420e-03
-3.7719940e-03
-4.2063010e-03
-3.9303840e-03
1.0748040e-03
4.8634850e-03
5.6393330e-03
3.8763350e-03
2.8593640e-03
1.0977130e-03
-2.9862520e-04
-1.0027010e-03
-4.6519710e-04
1.9107690e-03
-5.0770880e-04
-2.1025470e-03
-2.1507970e-03
2.7375530e-03
4.2245200e-03
1.4269970e-03
-2.0077940e-03
-4.4009200e-03
-7.9086060e-03
-1.0871780e-02
-1.2603030e-02
-5.5600900e-03
-1.2256090e-03
-4.4624850e-03
-4.3187540e-04
1.4938990e-03
2.0434150e-03
6.0288760e-03
1.1953340e-02
1.7741710e-02
1.7148890e-02
5.7495320e-03
2.4375330e-03
-3.2627450e-03
-9.9039610e-03
-1.3542550e-02
-8.2615220e-03
-1.0413780e-02
-1.2874650e-02
-1.3797780e-02
-1.3565620e-02
-1.5436980e-02
-1.4924770e-02
-1.1733930e-02
-9.0052690e-03
-5.4594970e-03
-2.9383460e-03
-2.8878430e-03
2.9420980e-04
-8.0086270e-03
-4.5579090e-03
-6.4310650e-03
-2.9937070e-03
-8.1384050e-03
-1.2969210e-02
-1.4921410e-02
-1.8602470e-02
-1.7557270e-02
-1.3990150e-02
-1.2124560e-02
-1.1139290e-02
-1.2732940e-02
-1.2117870e-02
-1.6398480e-02
-1.3641910e-02
-4.3435470e-03
-4.4283440e-03
-3.0264840e-03
-4.8638050e-03
-5.9833260e-03
-9.7605030e-03
-1.2540630e-02
-1.3326950e-02
-8.9514070e-03
-9.3269860e-04
7.9801940e-03
1.4956620e-02
1.8997800e-02
2.1681170e-02
1.4984490e-02
1.0308630e-02
1.0174030e-02
1.0806490e-02
4.2110270e-03
-5.4239150e-04
-2.5694700e-04
2.3394600e-03
-6.3510410e-04
6.3219980e-03
1.3168840e-02
1.5020480e-02
1.4379400e-02
1.1684720e-02
1.6204910e-02
1.3988520e-02
9.4388180e-03
4.6861700e-03
8.1684510e-03
7.2462330e-03
7.9368250e-03
1.4043280e-02
2.1552150e-02
2.8663080e-02
3.2388740e-02
3.2239760e-02
3.2363020e-02
2.4007070e-02
1.3668000e-02
5.9198050e-03
-2.2372910e-04
-6.5170920e-03
-6.3948290e-03
-5.6990460e-03
-1.0079360e-02
-8.4753880e-03
-1.2985310e-02
-9.1943040e-03
-9.1572280e-03
-8.9305900e-03
-7.3188560e-03
-9.7531070e-03
-1.0376010e-02
-1.0439810e-02
-8.8146650e-03
-6.1338180e-03
-8.1421990e-03
-3.1044820e-03
-1.0635100e-03
5.4202570e-04
8.8207870e-04
4.2820880e-03
2.9283940e-03
3.7460410e-03
2.8446760e-03
-3.9202340e-03
-6.0311880e-03
-1.2476840e-02
-8.9541220e-03
-3.3232430e-03
3.0177120e-04
4.8031880e-03
3.7433290e-03
7.9201990e-03
5.7925460e-03
3.5313350e-03
1.9737920e-03
-3.5865190e-03
-3.0663200e-03
1.5838790e-03
3.1088910e-03
1.8364780e-04
1.8093200e-03
3.2753470e-04
6.6557700e-04
3.6028370e-03
8.0577610e-04
-9.6687000e-04
-5.0848290e-03
-1.7505560e-03
-5.6275220e-03
-7.9833610e-03
-1.4154150e-02
-1.2918440e-02
-1.0189490e-02
-1.1715800e-02
-7.5838210e-03
-3.0864450e-03
-3.3522200e-03
-4.4907670e-03
-4.6462130e-04
-1.1451330e-03
1.8284900e-03
8.0671940e-03
6.5839610e-03
6.1955720e-03
4.2245920e-03
3.2693810e-03
5.3405130e-03
4.6057980e-03
4.7394470e-03
5.3265900e-03
9.1614520e-03
9.5775250e-03
9.7513450e-03
8.7786220e-03
6.4392620e-03
8.1922700e-03
6.7580940e-03
6.4003850e-03
2.5464460e-03
9.9288390e-04
3.7314620e-04
3.3249810e-03
-1.5322640e-04
4.4666120e-04
-4.9016310e-04
1.6941400e-03
6.5380170e-04
4.6148920e-03
7.6344420e-03
6.3874080e-03
5.6949030e-03
3.5611440e-03
9.6681050e-04
-2.5941030e-04
-5.8716570e-03
-7.7004880e-03
-9.5277430e-03
-1.1521590e-02
-1.3258280e-02
-1.2623080e-02
-8.6834910e-03
-2.3871610e-03
8.0428880e-04
2.1949370e-03
2.1549420e-03
1.0419090e-03
3.7758980e-03
4.1894610e-03
4.0548350e-03
2.2494060e-03
1.2539450e-03
-1.4051020e-03
-1.5134140e-03
-1.8341160e-04
-2.3882580e-04
1.8056880e-03
1.0523600e-03
6.9739480e-05
1.1588050e-03
-2.9010390e-03
-4.7542590e-03
-8.1164830e-03
-5.0800220e-03
-5.0159790e-03
1.1595240e-03
4.7531230e-03
7.5622780e-03
3.2453660e-03
3.0157220e-03
-6.1904410e-04
-4.8999070e-03
-7.5927030e-03
-6.3042470e-03
-6.6834430e-03
-6.4322620e-03
-2.1646680e-03
-5.7021050e-05
1.9258870e-03
1.8357180e-03
7.3976690e-03
1.0442020e-02
8.4895120e-03
8.9273520e-03
1.0622640e-02
6.4750640e-03
4.5331100e-03
3.2735970e-03
1.3096870e-03
-1.9072640e-03
-3.3486660e-03
-7.3249250e-03
-7.7845500e-03
-1.2476160e-02
-1.4085410e-02
-1.3099310e-02
-1.0663860e-02
-9.7486360e-03
-9.3240430e-03
-6.9223220e-03
-8.5966740e-04
3.1194890e-03
1.2448640e-03
1.7043710e-03
-4.0276640e-04
-1.7779840e-03
-7.3493390e-03
-1.6031420e-03
-1.4472910e-03
-1.5485320e-03
-3.7120730e-03
-4.5506130e-03
-5.1323550e-03
-5.4703020e-03
-3.7743490e-03
-4.2872300e-03
-4.0092730e-03
-5.3316800e-03
-3.2532010e-03
-4.2898600e-03
-3.8177630e-03
-3.8745240e-03
2.7899570e-04
4.8426200e-03
1.1655010e-02
1.1044440e-02
8.9003630e-03
9.4294430e-03
6.9820440e-03
5.8165050e-03
3.4625600e-03
7.7348510e-04
-3.9427960e-03
-5.9345870e-03
-3.5325870e-03
-9.0658860e-04
1.5675600e-03
1.0063350e-03
4.9263310e-03
5.7527150e-03
3.5020410e-03
2.7889650e-03
4.2361010e-03
6.5887730e-03
5.0504930e-03
1.1898820e-03
-9.5195110e-04
-1.5993810e-03
-7.5636320e-03
-9.0276580e-03
-8.0247610e-03
-7.0848230e-03
-3.8640780e-03
-9.5569950e-04
2.7176900e-03
6.2678530e-03
5.9121300e-03
1.3047570e-02
1.3138100e-02
1.1463850e-02
6.5181080e-03
2.5768280e-03
-1.5532800e-03
-2.9720320e-03
-8.3387730e-03
-8.1781810e-03
-5.6437900e-03
-6.7347300e-03
-4.4880750e-03
-1.8095590e-03
-2.3050920e-03
-5.5293330e-03
-3.7852640e-03
-8.0905040e-03
-1.0686810e-02
-1.5572030e-02
-1.4596200e-02
-1.4349410e-02
-1.3857550e-02
-1.0682090e-02
-1.1081620e-02
-6.6716600e-03
-1.0887310e-02
-6.4528240e-03
-5.5468380e-03
1.0131760e-03
6.4216360e-03
1.1703130e-02
1.4530560e-02
1.6872390e-02
1.8146010e-02
1.6165120e-02
1.1666860e-02
5.1178920e-03
3.4909690e-03
-2.8087800e-03
-5.4350950e-04
-9.6848020e-04
-2.1386280e-04
1.8032630e-03
9.3906340e-04
1.5385730e-03
1.1899270e-03
-2.6352170e-03
-4.9946850e-03
-5.9624560e-03
-8.1884620e-03
-7.5011860e-03
-6.9215000e-03
-5.2260940e-03
-4.8104900e-03
-2.6719930e-03
-1.5156280e-03
-6.2933030e-05
4.5935530e-03
4.7339190e-03
8.2844980e-03
1.1040030e-02
6.0681500e-03
7.8965930e-04
-5.1205120e-03
-1.3170330e-02
-1.4706830e-02
-1.3979640e-02
-1.1998740e-02
-5.7134810e-03
-5.0642850e-03
-4.7378880e-03
-3.3433890e-04
2.9024150e-03
4.6303770e-03
7.4798610e-03
6.6163430e-03
6.9232590e-03
2.8863540e-03
5.0214200e-03
4.5550510e-03
1.3505650e-03
-7.7574720e-04
-6.9874690e-05
7.8393120e-04
1.8974290e-03
1.3568350e-03
-2.1833470e-03
-2.4229910e-03
-1.4109480e-03
-5.2631200e-05
1.4326880e-03
4.4261690e-03
9.1265780e-03
1.1318390e-02
1.4975740e-02
1.1094640e-02
7.7643130e-03
3.3002850e-03
2.0319170e-03
-2.9852070e-04
4.0980480e-04
-1.2377530e-03
2.9358840e-03
7.5195520e-03
9.6476490e-03
1.2222350e-02
1.5246130e-02
1.4134080e-02
1.4758630e-02
1.1204070e-02
7.2399290e-03
1.9802780e-03
-2.2997650e-03
-1.0724700e-03
-2.3760730e-03
-3.7556000e-03
-4.9652140e-03
-6.5238090e-03
-4.0635280e-03
-3.1081770e-03
-1.0658990e-03
6.9508700e-05
-2.0055670e-04
-5.3870190e-04
-4.0790790e-03
-6.0623000e-03
-6.3138750e-03
-9.5259450e-03
-3.3799460e-03
-3.5089090e-03
-2.5746490e-03
-2.2667370e-03
1.4273460e-03
1.3571540e-03
3.5698670e-03
2.9769370e-03
3.3353130e-03
3.2915020e-03
3.2750940e-03
8.3016060e-04
4.4635470e-04
-3.2693840e-03
-3.6244760e-03
-6.7236940e-03
-9.1059380e-03
-8.3246300e-03
-9.7115570e-03
-8.1771350e-03
-8.0443960e-03
-5.0177680e-03
-6.1759200e-03
-6.3598390e-03
-3.1678530e-03
-2.5747430e-03
-1.6908970e-03
1.2776230e-03
1.1542560e-03
-1.3184380e-03
-3.5234290e-03
-5.5906620e-03
-5.0570700e-03
-5.5659830e-03
-5.4059390e-03
-5.4599090e-03
-3.0166690e-03
-2.5623910e-03
-3.7558280e-03
-1.7596470e-03
-2.8125930e-03
-3.5292200e-03
-1.4868060e-03
4.4737530e-04
3.5844320e-03
3.3088460e-03
6.1913130e-03
6.7262390e-03
6.2169370e-03
3.0621320e-03
2.8729530e-03
-1.3974950e-03
-1.9164240e-03
-1.9594470e-03
-2.2559800e-03
-2.1265350e-03
-2.1830800e-03
-4.0970640e-04
4.1817000e-03
6.2566980e-03
6.8311420e-03
7.0651450e-03
7.2993650e-03
7.1852750e-03
5.0701690e-03
5.8567750e-03
7.4746000e-03
8.6397270e-03
8.8807290e-03
1.0703520e-02
1.0006080e-02
1.0130120e-02
1.0230000e-02
1.0325450e-02
1.0250560e-02
9.1304620e-03
6.7431370e-03
7.7440460e-03
