0.01
1.0356380e-04
1.1845690e-04
1.0040330e-04
9.0041770e-05
1.1651260e-04
1.3371140e-04
1.2533010e-04
1.0798800e-04
8.3723390e-05
-8.9802360e-05
-4.4582100e-04
-6.5594500e-04
-2.5993810e-04
2.1327770e-04
1.8344260e-04
-8.1948910e-05
-2.4313540e-04
-2.2837330e-04
-7.9971840e-05
1.6726180e-04
1.9440040e-04
3.0861670e-04
6.6887370e-04
9.5943530e-04
6.0369200e-04
-1.8688720e-05
-9.3314900e-04
-2.1050480e-03
-2.0054230e-03
-8.2611680e-04
-2.1703820e-04
-6.2974120e-05
1.3813720e-03
3.7948490e-03
4.4324740e-03
3.5886900e-03
2.5278470e-03
7.7007770e-04
3.8460000e-04
7.3225530e-04
-2.3360780e-04
-7.5272850e-04
-1.9388290e-04
-2.7522610e-03
-7.3290410e-03
-9.0373940e-03
-7.2456890e-03
-4.0998720e-03
-1.3725510e-03
1.3951480e-03
3.8626330e-03
4.8350610e-03
4.4322340e-03
3.4189450e-03
4.8542190e-03
6.7202800e-03
2.7267260e-03
-5.0227870e-03
-1.1982550e-02
-1.3651890e-02
-1.1950910e-02
-6.4650400e-03
-1.4381360e-03
3.5800790e-03
6.9612930e-03
6.5353920e-03
4.9179860e-03
6.9689040e-03
8.7055120e-03
3.7766470e-03
-3.1503480e-03
-2.3255450e-03
4.0709950e-03
4.5244880e-03
-6.4008300e-03
-1.2753030e-02
-6.1165360e-03
2.5676070e-03
2.8175030e-03
-1.9659600e-03
-2.5655970e-03
-1.5602920e-03
-2.5987210e-03
1.0000000e-03
7.8580160e-03
7.7024840e-03
4.8250340e-03
7.3630630e-03
8.3456490e-03
-4.5982960e-04
-9.0827880e-03
-5.4749150e-03
-1.0224390e-03
-4.4899620e-03
-9.0778430e-03
-5.2377930e-03
1.9297000e-03
1.4684520e-03
-4.2865850e-03
-3.5837000e-03
3.3919350e-03
6.8604760e-03
6.8072860e-03
7.2344280e-03
5.7537240e-03
1.0378670e-03
-5.2816000e-04
1.4539240e-03
-3.4745540e-03
-1.3174290e-02
-1.5259900e-02
-5.9620930e-03
4.1562030e-03
7.8167320e-03
2.2100510e-03
-1.8756570e-03
-1.5618960e-03
-3.1802210e-03
-4.0157310e-03
1.1264540e-03
8.7545810e-03
1.1342990e-02
1.1272750e-02
1.1860000e-02
6.8325670e-03
-9.7028520e-04
-7.3786150e-03
-1.0062940e-02
-1.0371630e-02
-7.2927810e-03
-1.9860430e-03
4.2473860e-03
6.9403860e-03
5.1425730e-03
5.8121760e-03
9.1560430e-03
6.1035720e-03
-4.8533410e-03
-1.0722990e-02
-9.3736980e-03
-3.9393680e-03
1.3579910e-03
4.3313560e-03
1.7462070e-03
-5.7781760e-04
1.9833690e-03
4.6397930e-03
3.4415920e-04
-6.2736860e-03
-7.2024220e-03
-1.7837900e-03
5.0114830e-03
5.6414630e-03
4.4634990e-03
2.8323620e-03
5.5975460e-04
-9.0790050e-04
-2.0467720e-03
-1.3644320e-03
2.4090710e-03
2.9812810e-03
-1.2755380e-03
-2.0089590e-03
1.4093570e-03
2.4065860e-03
1.4454850e-03
2.1970800e-03
1.9632190e-03
-3.7564990e-03
-6.5254790e-03
-6.7963480e-04
3.3150600e-03
2.1328400e-03
1.0506040e-03
2.5353680e-03
4.8637890e-03
4.4571460e-04
-7.8981400e-03
-8.4431460e-03
-6.7063560e-04
7.5099460e-03
4.3424310e-03
-6.1358460e-03
-6.0965890e-03
-1.1537190e-04
-4.1617800e-04
-3.7655560e-03
-2.6125770e-03
-1.2116200e-03
-2.0831860e-03
-2.5015050e-03
-2.8111220e-03
-6.3472270e-03
-6.7732520e-03
-8.0712260e-04
4.5245030e-03
3.9948160e-03
1.8424730e-03
7.9482730e-04
3.3285880e-03
4.6051620e-03
2.9076900e-03
-1.3326780e-03
-6.6365940e-03
-9.2328910e-03
-7.5871640e-03
-3.5039570e-03
-1.8563130e-03
-4.4028120e-03
-3.8905510e-03
2.8410220e-04
1.5968090e-03
3.5023050e-03
8.3312700e-03
1.0993730e-02
1.0878370e-02
5.4394900e-03
-1.1345970e-03
-6.1373650e-03
-4.6949820e-03
-7.5741970e-04
1.6787160e-03
8.5325330e-04
-3.9617210e-04
-1.0776260e-03
-2.6135280e-03
-6.0849530e-03
-5.7593680e-03
-1.2328940e-03
2.4787230e-03
2.9097860e-03
2.3175800e-03
2.6616430e-03
4.6743700e-03
7.2810520e-03
7.1804410e-03
-3.5637670e-04
-6.7964290e-03
-4.5933230e-03
5.1242510e-04
2.8389260e-03
1.6754560e-03
-1.7791700e-04
-1.2268300e-04
1.1716530e-03
5.7518810e-03
3.9697660e-03
5.4823800e-04
4.3243620e-03
7.4144840e-03
3.6921900e-03
-1.0051030e-03
-3.6205310e-03
-8.1086180e-03
-8.6516780e-03
-9.4946020e-03
-8.7704630e-03
-5.9757750e-04
6.7055330e-03
5.2304750e-03
1.8171460e-03
-4.9251780e-04
4.2628390e-04
2.5113740e-04
-1.9355700e-03
-2.5785030e-03
-1.4573290e-03
-3.3239080e-03
-8.3894740e-03
-7.0463330e-03
4.5318130e-03
1.1837170e-02
6.5105480e-03
1.6016470e-04
-2.6034340e-03
-2.7935420e-03
-1.7481050e-03
5.2238460e-04
1.0411350e-03
-3.3624310e-03
-6.6295280e-03
-2.8812020e-03
5.8257850e-03
1.2159210e-02
1.2698420e-02
7.1733450e-03
5.9889050e-03
6.3135240e-03
1.6292830e-03
-4.9283950e-03
-4.0757320e-03
1.2062320e-03
2.4626650e-03
-1.1240040e-03
-4.0619460e-04
3.3142280e-03
1.9866560e-03
-4.6946700e-03
-7.7312140e-03
-5.5625140e-03
-2.0699830e-03
-3.4540730e-03
-6.7148950e-03
-5.9669660e-03
-2.1248420e-03
9.0901940e-04
1.1673350e-03
2.7290000e-04
8.1462050e-05
-1.0480250e-03
-3.8943690e-03
-4.9158800e-03
-9.4356110e-04
6.0824730e-03
7.1868520e-03
-6.7220400e-04
-8.6025430e-03
-6.2440310e-03
8.5976450e-04
3.2539370e-03
1.4576720e-03
-3.1853130e-05
1.6510550e-03
6.2930420e-03
7.5335100e-03
2.2834170e-03
9.7071120e-04
7.9238960e-03
1.3383420e-02
1.1264250e-02
4.7165800e-03
-4.4251960e-04
-8.6690360e-04
1.2817740e-03
1.3478330e-04
-4.4508060e-03
-8.3308890e-03
-9.2950480e-03
-6.7467780e-03
-5.4985410e-03
-4.0304550e-03
-3.2062180e-03
-1.1799770e-03
3.7022060e-03
6.2977570e-03
4.0735140e-03
5.5539210e-04
-1.5530080e-03
-1.3339860e-03
1.3601870e-03
4.8397490e-04
-5.0726800e-03
-5.6520050e-03
-1.6798570e-03
-1.4177190e-03
-5.3545180e-03
-2.4082870e-03
3.3054000e-03
3.3423660e-03
1.9712870e-04
-8.0124210e-06
5.8480930e-03
9.4461370e-03
4.4411080e-03
-1.5777320e-03
1.6846290e-03
7.6726520e-03
6.4826130e-03
-2.3787170e-03
-1.0329210e-02
-7.2781380e-03
-3.9270520e-04
3.6620120e-03
1.5693450e-03
-4.1215130e-03
-4.0402120e-03
-1.7605450e-03
-2.6174140e-03
-4.5635180e-03
-4.0736810e-03
-1.2588310e-03
3.0654780e-03
5.8232600e-03
6.2450950e-03
1.7754220e-03
-4.8389370e-03
-4.6235200e-03
7.3558160e-04
3.1325090e-03
5.2419390e-04
-2.0052190e-03
-1.5196700e-03
-2.6806130e-04
-2.4655690e-04
-1.9348170e-04
2.5370080e-04
8.4040030e-05
1.7157490e-04
2.5660250e-03
3.6758480e-03
-3.2875090e-03
-9.5831270e-03
-5.1536200e-03
2.1469930e-03
2.2177130e-03
-3.0722370e-03
-3.3896170e-03
1.1194400e-03
3.7812910e-03
4.8325150e-03
3.7918570e-03
4.7938100e-04
1.3068590e-03
4.3757290e-03
2.7171280e-03
-1.6717100e-03
-4.7813360e-03
-3.1422870e-03
3.0153380e-03
5.0844380e-03
1.9217780e-03
-1.3025590e-03
1.1180720e-03
8.6807680e-03
1.0030670e-02
3.9727170e-03
-1.5887760e-03
-1.5946970e-03
1.5230920e-03
-6.0986120e-04
-8.3830230e-03
-9.5402140e-03
-6.8920090e-03
-5.6083970e-03
-3.8707870e-03
5.0432350e-05
4.1208470e-03
4.2679100e-03
5.1392380e-03
5.0415450e-03
4.3008620e-03
2.4396930e-03
-1.9714190e-03
-5.4667960e-03
-3.3203760e-03
5.7172160e-05
5.6568490e-04
-6.6100860e-04
-7.1159920e-04
1.6431680e-03
2.6009860e-03
-2.7252230e-04
-3.9639330e-03
-1.4076000e-03
5.3767140e-03
5.5371850e-03
2.2433310e-03
-5.1379620e-04
-5.0437160e-03
-3.7274170e-03
1.4240370e-03
1.4393650e-03
-1.9512910e-03
-2.6501210e-03
-4.0036260e-03
-3.7322660e-03
1.8925580e-03
4.9487810e-03
3.3591350e-03
5.2556840e-04
-3.3624470e-03
-2.5203660e-03
-9.9109510e-04
-2.5662480e-03
-5.9667200e-03
-8.3547730e-03
-6.8116770e-03
-2.6624800e-04
6.4548310e-03
4.5731280e-03
-3.4055230e-03
-4.3699580e-03
1.4099760e-03
5.7948880e-03
5.5012570e-03
2.6376530e-03
-1.4886400e-03
-8.3330280e-04
6.5717370e-04
-1.4604070e-04
-1.3250940e-03
-1.8839900e-03
5.4137890e-06
2.3945090e-03
2.0258550e-03
2.9699460e-03
6.1666530e-03
7.1089260e-03
6.5732090e-03
4.7142840e-03
-4.4843990e-05
-2.0777960e-03
-9.8368940e-04
-5.7579190e-04
-3.2862170e-04
-2.1151250e-03
-3.9005450e-03
-4.2978930e-03
-3.2906120e-03
-4.1295590e-03
-5.0405160e-03
-4.6304840e-03
-2.4595340e-03
-1.1876900e-04
2.1161980e-03
2.2886610e-03
2.2582830e-03
2.6228790e-03
3.0771460e-03
4.5245890e-03
4.4982790e-03
7.3325150e-04
-6.6096090e-03
-7.5491910e-03
-4.1091440e-03
-8.0907600e-04
2.2064400e-03
1.4881470e-03
-2.2899250e-03
-2.8361410e-04
2.3043060e-03
3.2840020e-03
3.8240990e-03
4.9433200e-03
7.4925070e-03
1.1785470e-02
5.9827160e-03
-4.7023650e-03
-4.8115580e-03
-4.9373370e-04
2.2787810e-04
-1.9613100e-03
-4.5731590e-03
-5.0455920e-03
-3.6968290e-03
-4.4400230e-04
-1.5958420e-03
-7.5060170e-03
-7.4371560e-03
-4.7076590e-03
-1.7653510e-03
3.5579300e-03
2.9643120e-03
-1.7795460e-04
2.2168920e-03
6.9895500e-03
5.1409370e-03
-3.8642350e-03
-6.1428340e-03
-4.0244960e-03
-5.5775480e-04
-3.3616980e-04
-4.3188230e-03
-6.5956530e-03
-3.7637660e-03
1.9372020e-03
4.6158110e-03
4.6331210e-03
4.8370080e-03
5.8292330e-03
7.4907990e-03
5.8095620e-03
1.2908770e-03
-1.7743390e-03
-4.9668900e-03
-9.8918260e-03
-8.1204500e-03
-2.5999720e-03
-9.5949880e-04
-3.6812260e-03
-8.7597580e-03
-9.3140420e-03
-1.8338130e-03
4.2852970e-03
3.8803450e-03
6.6303550e-03
1.0085500e-02
7.9332510e-03
3.7838720e-03
1.5337570e-03
-2.6566080e-03
-4.2835370e-03
-4.6586690e-03
-3.0507090e-03
1.5500320e-04
-2.3896200e-04
-4.9096580e-03
-3.5643140e-03
1.5328700e-03
2.3085290e-03
-7.5540630e-04
-9.8998860e-04
6.1386880e-04
3.3454480e-03
3.6016580e-03
-1.1330120e-03
-1.0469130e-03
-2.0965390e-04
1.4760870e-03
5.9901370e-03
6.7949960e-03
1.6802330e-03
-4.0606030e-03
-2.7693050e-03
2.5153300e-03
4.5292110e-03
4.6618440e-03
4.4022110e-03
7.9296190e-04
-3.1265770e-03
-6.1375000e-04
2.3137680e-03
2.7604270e-04
-6.9839520e-03
-7.6021430e-03
-1.2330940e-03
8.2775330e-04
-4.4926710e-03
-6.0286000e-03
-4.4054600e-03
-3.1328080e-03
-3.8067190e-03
-6.0368030e-03
-4.2233140e-03
3.7348390e-03
6.2502780e-03
1.3078030e-03
-7.3470400e-05
2.2414880e-03
4.6696690e-03
3.8504120e-03
-3.4081120e-03
-8.3565410e-03
-7.5202650e-03
-2.4854190e-03
6.2593860e-03
1.0231190e-02
5.3844440e-03
1.1169300e-03
-2.3053330e-04
-1.0702140e-03
-3.7535270e-04
2.4195070e-03
5.6668070e-03
5.6408210e-03
4.3885550e-04
1.1992830e-04
6.5912640e-03
7.8070130e-03
3.8161110e-03
-1.1456820e-03
-3.1259990e-03
-4.4858040e-03
-6.4817390e-03
-7.3462310e-03
-3.8404360e-03
1.9468940e-03
2.1112600e-03
-4.2411380e-03
-9.6322640e-03
-9.6131340e-03
-6.9026040e-03
-6.5793070e-03
-6.8308470e-03
-6.9123160e-03
-5.3176640e-03
-3.2803030e-03
-3.0584520e-03
-6.6113440e-03
-6.8659920e-03
-4.5544100e-03
-7.3836120e-03
-1.2564400e-02
-1.4933860e-02
-1.4379960e-02
-1.3457260e-02
-1.4183820e-02
-1.5915820e-02
-1.8063160e-02
-1.6348800e-02
-1.1532900e-02
-6.5494010e-03
-2.1055650e-03
3.5244050e-03
1.1770350e-02
2.1804530e-02
3.2683250e-02
4.1087010e-02
4.6466830e-02
5.3019900e-02
5.8564400e-02
6.5711200e-02
7.3033670e-02
7.9471510e-02
8.3737280e-02
8.3956640e-02
8.2304230e-02
7.7293550e-02
7.1531690e-02
6.3773890e-02
4.9288430e-02
3.4755190e-02
1.8348060e-02
5.8589770e-03
-7.3908370e-03
-2.5217410e-02
-4.2979050e-02
-6.5279770e-02
-8.2144190e-02
-8.5959960e-02
-8.6573080e-02
-8.7840560e-02
-9.3821820e-02
-1.0200400e-01
-1.0471530e-01
-9.8846500e-02
-8.3546660e-02
-6.5610400e-02
-4.9687020e-02
-4.3621440e-02
-3.9312210e-02
-3.4561910e-02
-2.6722530e-02
-1.2167380e-02
5.3593320e-03
1.9861750e-02
3.3688310e-02
3.7425080e-02
3.2989380e-02
1.9832280e-02
8.1099590e-03
-1.9248510e-03
-2.7869960e-03
-1.4498670e-04
1.3225150e-04
-3.5155340e-03
-9.2192010e-03
-1.6111550e-02
-2.1667360e-02
-2.3213890e-02
-2.3598980e-02
-2.4875940e-02
-2.5834510e-02
-2.3144530e-02
-1.5905830e-02
-5.9272400e-03
5.5021550e-03
2.3396140e-02
4.1606760e-02
5.3957500e-02
5.4148560e-02
4.5599790e-02
3.4057350e-02
3.0135560e-02
3.7594420e-02
5.1897130e-02
6.3618440e-02
7.0505570e-02
7.3861530e-02
6.7647050e-02
5.2040190e-02
3.6693390e-02
2.9093840e-02
2.4037630e-02
1.9475380e-02
1.1444500e-02
2.2374210e-03
-3.3551810e-03
-6.3921520e-03
-9.5696960e-03
-1.5471560e-02
-2.4045190e-02
-2.8798520e-02
-2.8086460e-02
-2.2093500e-02
-1.7266180e-02
-1.6296200e-02
-1.8279440e-02
-2.1176840e-02
-2.4148660e-02
-2.4725400e-02
-2.5555530e-02
-3.1419360e-02
-3.7664380e-02
-3.8661840e-02
-3.4121550e-02
-2.8444960e-02
-2.3483860e-02
-2.3407810e-02
-2.3387930e-02
-2.2284680e-02
-2.0078060e-02
-1.8823390e-02
-1.7066480e-02
-1.2901520e-02
-6.8152300e-03
2.3596580e-03
9.5397690e-03
8.9746820e-03
4.7718800e-03
-1.8996450e-03
-6.6559990e-03
-4.9071600e-03
2.5866370e-03
1.2360330e-02
1.9828360e-02
1.7363590e-02
7.1865580e-03
-1.5306520e-03
-4.6784950e-03
-1.3293130e-03
9.9994210e-03
2.2912530e-02
3.1873930e-02
3.5575240e-02
4.0638200e-02
4.2088050e-02
4.0687810e-02
4.0008020e-02
4.1830700e-02
4.8263980e-02
5.8219610e-02
6.4075210e-02
6.0075360e-02
4.1593560e-02
1.7132800e-02
1.3745440e-03
4.4682640e-03
7.9274400e-03
2.8400620e-03
-7.9784730e-03
-2.1933120e-02
-2.9076400e-02
-3.1862170e-02
-3.4463830e-02
-3.6368030e-02
-3.6828230e-02
-3.3203480e-02
-2.6586770e-02
-2.3315760e-02
-2.3465270e-02
-1.6987610e-02
-7.0897680e-03
-6.5151110e-03
-1.0831870e-02
-1.5303520e-02
-1.8935680e-02
-2.3000750e-02
-2.6194150e-02
-3.2230910e-02
-4.0448240e-02
-3.9591350e-02
-2.8039430e-02
-1.3176170e-02
-6.2767860e-03
-7.9111400e-03
-1.7132110e-02
-2.6855800e-02
-2.7979680e-02
-2.0546830e-02
-1.3815100e-02
-1.2982620e-02
-1.6188820e-02
-1.9777160e-02
-1.6753610e-02
-4.9814920e-03
8.1254050e-03
1.7501910e-02
2.1274980e-02
2.1085790e-02
2.1204270e-02
1.8551610e-02
1.4935410e-02
1.1479030e-02
9.6745200e-03
1.0743360e-02
1.7746070e-02
2.6434240e-02
3.2974100e-02
3.4366900e-02
3.4347300e-02
3.4670890e-02
3.4338540e-02
2.5312260e-02
5.3310490e-03
-2.9364770e-03
4.1899280e-03
1.9087070e-02
2.2713340e-02
9.7280890e-03
-4.0086860e-03
-1.1821820e-02
-1.1666090e-02
-3.3600880e-03
1.1589500e-02
1.7654090e-02
1.6855970e-02
1.6899070e-02
1.9555110e-02
2.0495980e-02
1.6920870e-02
8.6612490e-03
-1.1293810e-03
-9.4682830e-03
-1.3640240e-02
-1.6785220e-02
-1.5254410e-02
-8.7651140e-03
-4.4508570e-03
-1.0797580e-02
-2.1295270e-02
-2.8044670e-02
-2.9928010e-02
-2.7950490e-02
-2.5457810e-02
-2.3544810e-02
-2.6307310e-02
-3.1802420e-02
-3.3640000e-02
-2.6490670e-02
-1.3418160e-02
-3.3025090e-03
-6.0191900e-03
-9.1930350e-03
-4.4963190e-03
6.0458480e-03
1.7538780e-02
2.1689020e-02
2.3761440e-02
2.9017350e-02
3.4872300e-02
3.3413790e-02
2.1353450e-02
6.9405700e-03
-2.1976400e-03
-4.8207880e-04
1.0832560e-02
2.0378930e-02
2.1989750e-02
2.4817170e-02
2.8753590e-02
3.0932020e-02
2.6345600e-02
1.2660030e-02
-5.6830670e-04
-4.1339480e-04
4.3240940e-04
-5.8560100e-03
-1.5301250e-02
-2.2198020e-02
-2.1725900e-02
-1.4687260e-02
-7.9156420e-03
-7.5791410e-03
-1.2000430e-02
-1.8670190e-02
-2.0614350e-02
-1.9041770e-02
-1.6975030e-02
-1.4001370e-02
-8.0235090e-03
-1.5439490e-03
3.6845490e-03
5.3380440e-03
3.5651930e-03
-4.8904140e-03
-1.6897940e-02
-2.3377570e-02
-2.1746160e-02
-1.4989270e-02
-2.8393470e-03
1.0080370e-02
1.3846810e-02
9.6153950e-03
2.6722170e-04
-3.6951240e-03
-2.0937250e-03
-1.9075770e-03
-4.3903100e-03
-1.1207910e-03
1.2725220e-02
2.5680270e-02
2.7012730e-02
1.8296300e-02
4.6731520e-03
2.4925040e-03
2.4451580e-03
2.1398390e-03
-2.4484880e-03
-1.1914850e-02
-1.8701530e-02
-1.8329920e-02
-1.2279550e-02
-5.8966530e-03
-8.3986080e-04
1.4645610e-03
-3.8930970e-03
-1.4805040e-02
-1.5330340e-02
-1.0388230e-02
-5.7402240e-03
-3.8716430e-04
4.5398940e-03
6.0638080e-03
7.2620460e-03
5.7795740e-03
4.0553370e-03
4.3440030e-03
6.0321320e-03
1.0792780e-02
1.6889110e-02
1.8317850e-02
1.8466550e-02
1.9441110e-02
2.2965030e-02
2.6642790e-02
2.6408450e-02
1.6955150e-02
2.6254020e-03
-1.0408240e-03
-1.3082120e-03
-3.4530240e-03
-7.2815820e-03
-1.0584810e-02
-1.1965960e-02
-1.5385000e-02
-2.3034900e-02
-2.5863580e-02
-2.5075730e-02
-2.0023150e-02
-1.2584100e-02
-8.4494930e-03
-3.8668630e-03
1.1393600e-03
-5.7930830e-04
-1.1399810e-02
-2.4231760e-02
-2.6816710e-02
-2.1453820e-02
-1.0640860e-02
-5.5609480e-03
-2.8027430e-03
-1.2191050e-03
-1.1803640e-03
-6.9315070e-04
9.0700300e-04
6.1972700e-03
1.2553470e-02
1.9064410e-02
2.1346650e-02
1.9528710e-02
1.8863600e-02
1.8947190e-02
1.5868230e-02
1.0051800e-02
6.3667610e-03
5.0727990e-03
3.9569960e-03
3.4833750e-03
7.3317450e-03
1.0995470e-02
8.8340300e-03
3.0882200e-03
-5.8142770e-04
2.1287630e-03
8.2955900e-03
1.5322650e-02
1.8376510e-02
1.4556790e-02
7.9359130e-03
1.3879780e-03
-2.3191240e-03
-2.5660190e-04
-1.6102880e-03
-6.0111700e-03
-5.6562330e-03
2.2865790e-04
5.5181690e-03
7.6266360e-03
4.5530550e-03
1.1722190e-03
2.5117020e-03
4.7316780e-03
3.9584720e-03
1.4350790e-03
2.1489680e-03
6.7234850e-03
9.8959670e-03
7.8733320e-03
-5.3364340e-04
-8.8432550e-03
-9.6604410e-03
-4.6807250e-03
-1.5569750e-03
-1.0966390e-03
-8.3527240e-04
-8.5730960e-04
-3.0291550e-03
-3.5059110e-03
-3.9883670e-03
-9.6985040e-03
-1.8632740e-02
-2.2707030e-02
-2.0456120e-02
-1.7439450e-02
-1.4946760e-02
-1.6192920e-02
-2.0150750e-02
-2.4364950e-02
-2.4579570e-02
-2.1288560e-02
-1.5637660e-02
-1.1338940e-02
-9.0037330e-03
-7.0007810e-03
-5.3743250e-03
-4.5428210e-03
-2.5698160e-03
-2.5194750e-03
-3.0718500e-03
-2.2206380e-03
-3.3265240e-03
-5.4447950e-03
-8.4504410e-03
-9.6384690e-03
-5.2047180e-03
4.1852800e-03
1.1518850e-02
1.5905450e-02
1.5690640e-02
1.1215200e-02
6.5338400e-03
7.2112140e-03
1.3562860e-02
1.9994540e-02
2.1303750e-02
2.0491210e-02
1.8046070e-02
1.7177070e-02
1.8614330e-02
1.9071840e-02
1.6112640e-02
1.2694730e-02
1.1831080e-02
1.2002180e-02
1.2235890e-02
1.5441270e-02
1.7861580e-02
1.5254660e-02
1.0527430e-02
6.6374850e-03
2.6920400e-03
-2.8886190e-04
-3.6073050e-03
-7.6435550e-03
-1.1825470e-02
-1.0974540e-02
-6.0602860e-03
-1.1505090e-03
-2.9003980e-03
-7.8805610e-03
-1.3603300e-02
-1.8750750e-02
-2.3860110e-02
-2.6773960e-02
-2.6569360e-02
-2.2916170e-02
-1.7217310e-02
-1.0483250e-02
-2.4630150e-03
1.7044770e-03
-6.6437330e-04
-7.8120630e-03
-9.2029950e-03
-7.4708210e-03
-3.9266620e-03
-1.9312870e-03
-1.3101930e-03
-1.1318760e-03
4.6721650e-04
2.7012740e-03
4.4147710e-03
7.0861510e-03
1.0710080e-02
1.0766010e-02
5.7690760e-03
3.2193410e-03
6.5541650e-03
1.0352990e-02
1.2786910e-02
1.3644060e-02
1.2982160e-02
1.2201320e-02
1.3712610e-02
1.5341240e-02
1.3399170e-02
7.8949740e-03
4.4514000e-03
1.7002020e-03
-1.0617950e-03
-2.2087770e-03
8.5660420e-04
4.0771150e-03
8.1744290e-03
1.0733540e-02
1.0397270e-02
9.0401680e-03
8.8390890e-03
8.2607290e-03
6.9891100e-03
7.3721150e-03
6.6838000e-03
1.2246000e-03
-3.1688070e-03
-4.4114560e-03
-4.5633340e-03
-3.1561890e-03
-2.5152020e-03
-4.5702820e-03
-7.1419500e-03
-8.3250460e-03
-7.8709120e-03
-6.0848700e-03
-3.9956780e-03
-5.2466280e-03
-9.1267170e-03
-1.3270740e-02
-1.8258480e-02
-1.8703560e-02
-1.5051230e-02
-1.1818130e-02
-1.0189360e-02
-6.6089300e-03
-4.4013670e-03
-3.2660270e-03
-5.0512900e-03
-5.6547090e-03
-3.9557620e-03
-2.6268710e-03
-3.9636590e-03
-1.0313140e-02
-1.6079510e-02
-1.6511460e-02
-1.4891220e-02
-1.2527760e-02
-9.6999960e-03
-7.8673110e-03
-4.6907710e-03
4.6477710e-04
3.1850430e-03
4.6087650e-03
6.5276770e-03
7.7003230e-03
5.4844740e-03
3.4835680e-04
-1.2457500e-03
2.1602200e-03
8.2857110e-03
1.4206360e-02
1.6604960e-02
1.5828420e-02
1.0929110e-02
6.4599730e-03
5.7977750e-03
7.4926140e-03
8.7217860e-03
9.1127820e-03
7.4468980e-03
4.2306960e-03
3.4333940e-03
4.0770530e-03
2.7551080e-03
9.2198360e-04
3.7017920e-03
1.1455260e-02
1.6935790e-02
1.5765170e-02
4.6701750e-03
-6.0962920e-03
-8.6847240e-03
-4.7544640e-03
-1.4472970e-03
-1.1252720e-03
-8.5456310e-04
7.5945520e-04
-4.7853030e-04
-5.3300380e-03
-9.2331680e-03
-1.2100060e-02
-1.3074180e-02
-1.1902310e-02
-9.7409210e-03
-9.3180220e-03
-1.1059460e-02
-1.3736370e-02
-1.4261470e-02
-1.2165330e-02
-7.3138210e-03
-2.7881360e-03
-2.1492610e-03
-3.7084220e-03
-5.8336920e-03
-5.4737220e-03
-4.4415070e-03
-2.7958870e-03
-2.7544790e-04
5.5950000e-03
1.0572210e-02
1.2899420e-02
1.2209680e-02
7.9412300e-03
4.7303180e-03
4.9421450e-03
6.4108480e-03
6.4745320e-03
3.2953090e-03
4.3652000e-04
-1.0198210e-03
2.2106510e-04
4.0052020e-03
7.5668950e-03
9.0690140e-03
9.4295450e-03
8.3551910e-03
5.8261750e-03
2.9258060e-03
1.5609340e-03
-8.1539330e-04
-4.5006870e-03
-5.6974180e-03
-6.5286450e-03
-8.9617930e-03
-1.0205730e-02
-6.9661010e-03
-9.6343410e-04
1.5416480e-03
-1.1648690e-03
-3.5015160e-03
-9.5785850e-04
4.7113520e-03
9.5152330e-03
8.7659780e-03
5.3467860e-03
3.1537590e-03
2.2406670e-03
1.3661700e-03
-1.7594150e-03
-4.2205600e-03
-5.7776240e-03
-6.4372870e-03
-4.6140420e-03
-2.5302130e-03
-3.2364270e-04
2.4290740e-03
3.0131540e-03
3.3159400e-03
3.2035280e-03
1.2641310e-03
2.8886000e-04
2.6313930e-03
4.0501480e-03
4.2779410e-03
4.0612510e-03
2.9386150e-03
1.1690520e-04
-2.2516480e-03
-3.5625930e-03
-2.4803510e-03
7.2626440e-04
4.5896240e-03
4.4938310e-03
3.4385080e-03
2.7582890e-03
4.0654000e-03
8.5761660e-03
1.1677110e-02
1.0932630e-02
7.5905120e-03
2.7966660e-03
1.7528610e-04
-5.9508190e-04
-7.2153230e-05
-1.0627500e-04
-2.0085150e-03
-4.0024090e-03
-2.0366330e-03
1.4797640e-03
4.0871580e-03
5.2937990e-03
7.0728470e-03
9.0984130e-03
9.4434050e-03
6.2479280e-03
1.0601410e-03
-6.5327580e-04
-5.0298250e-04
-8.5711090e-04
-3.1560150e-03
-5.4982020e-03
-6.3320200e-03
-7.1078010e-03
-8.3831590e-03
-7.7105590e-03
-6.4508930e-03
-5.1641040e-03
-6.1040420e-03
-8.5297130e-03
-1.1255960e-02
-1.1929910e-02
-1.3780610e-02
-1.4780630e-02
-1.2357000e-02
-7.4956720e-03
-3.0681850e-03
4.4444060e-05
-5.3063090e-05
-1.5199260e-04
-7.9842820e-04
-2.7594980e-03
-5.2897500e-03
-7.6148650e-03
-7.7915970e-03
-5.3992670e-03
-4.5369940e-03
-4.7480470e-03
-5.0320120e-03
-3.8351070e-03
-2.6370990e-03
-1.1188840e-03
1.0492810e-03
2.4550750e-03
3.6628820e-03
4.1252960e-03
6.1646280e-03
9.7023120e-03
9.1648990e-03
5.7377770e-03
2.8523850e-03
2.7042470e-03
4.7848360e-03
8.2091670e-03
9.5830550e-03
8.2700050e-03
5.5871220e-03
3.9133610e-03
1.4716070e-03
-2.4320810e-03
-7.3039270e-03
-9.7390120e-03
-6.8254990e-03
-3.7901420e-04
4.9841970e-03
5.4466240e-03
4.8927960e-03
2.4974720e-03
5.0538180e-04
-1.0619950e-05
-1.1803030e-03
-1.7856090e-03
2.5999670e-04
2.2131610e-03
2.4495190e-03
2.4274690e-03
2.8428360e-03
2.3261460e-03
1.8034600e-03
3.5895640e-03
7.4389220e-03
1.1425090e-02
1.4325010e-02
1.2833880e-02
9.5247320e-03
6.0340410e-03
1.6032300e-03
-1.6856680e-03
-4.3898910e-03
-4.4330000e-03
-2.9583330e-03
-2.1345370e-03
-1.8056760e-03
2.3500390e-03
7.6318860e-03
8.7345840e-03
7.2347970e-03
1.6960370e-03
-6.5805050e-03
-8.0235180e-03
-4.4290960e-03
-1.8293670e-03
-1.9825730e-03
-1.6658910e-03
-3.5095630e-03
-7.5830250e-03
-1.1156440e-02
-1.2961220e-02
-1.1490550e-02
-9.4521970e-03
-6.4446530e-03
-3.1358380e-03
-1.2267550e-03
-8.8591940e-06
8.3261260e-04
3.6929500e-04
5.6679200e-04
1.9161410e-03
2.5825690e-03
1.7708500e-03
-2.3934010e-03
-5.1765140e-03
-5.9627950e-03
-3.9551560e-03
-2.2686290e-03
-1.2518130e-03
-1.8327680e-03
-1.7113300e-03
-2.7278390e-03
-2.3586720e-03
1.1508570e-03
4.0423590e-03
6.2108000e-03
4.8720600e-03
4.7345150e-03
8.8783610e-03
1.0748880e-02
6.6985130e-03
-4.7689370e-04
-3.2863790e-03
-2.3043950e-03
1.5950780e-03
5.6135280e-03
7.2662180e-03
6.0292130e-03
5.4843940e-03
3.3925980e-03
1.8057440e-04
-2.6323490e-03
-4.2741850e-03
-3.6578540e-03
1.1362520e-04
1.8212200e-03
4.7361190e-04
-2.1968050e-03
-4.9051390e-03
-6.9640080e-03
-7.0926110e-03
-7.3084970e-03
-8.7593250e-03
-8.1366230e-03
-8.4208780e-03
-1.0096960e-02
-9.6745880e-03
-5.2757440e-03
-5.0577350e-03
-4.0213350e-03
-1.8156400e-03
5.9061900e-04
5.5540100e-04
-1.7803970e-03
-1.4386330e-03
-1.8757880e-04
9.1320190e-04
3.3813450e-03
6.1177040e-03
6.6521730e-03
7.1122730e-03
6.9711380e-03
4.9729540e-03
1.7642970e-03
1.7171650e-03
1.8933800e-03
1.9419090e-03
4.5244310e-03
8.6774840e-03
1.1713570e-02
1.1864940e-02
6.4924950e-03
-5.6692540e-04
-5.9451520e-03
-9.9709880e-03
-1.1423570e-02
-9.6860410e-03
-6.4989630e-03
-4.8661160e-03
-1.5031610e-03
3.7266520e-03
7.9753990e-03
8.4418890e-03
7.2807070e-03
2.4394360e-03
-2.3184360e-03
-5.7658650e-03
-7.1008060e-03
-5.1346490e-03
3.0628190e-05
3.8169740e-03
4.9666730e-03
3.8148020e-03
2.3894760e-03
2.6577820e-03
4.2323000e-03
3.8956800e-03
-5.7086650e-04
-2.8695940e-03
7.3526170e-04
6.9195160e-03
8.4156280e-03
4.3238030e-03
-2.7369310e-03
-4.7087700e-03
-5.3006720e-03
-4.7966480e-03
-3.1856000e-03
-2.6874300e-03
-2.6985820e-03
-1.6516120e-03
1.5370290e-04
2.0288630e-03
-8.5405200e-04
-5.9577730e-03
-1.1868960e-02
-1.2866230e-02
-1.0879060e-02
-9.5001890e-03
-9.3268080e-03
-8.3951680e-03
-7.2593740e-03
-4.8618350e-03
-5.4727850e-04
3.2866740e-03
2.3629370e-03
-1.8327230e-04
-1.4790880e-03
-3.6276810e-04
2.6459870e-03
6.6085250e-03
1.1671900e-02
1.5725920e-02
1.6264420e-02
1.2450220e-02
8.2953350e-03
6.8106530e-03
6.3576840e-03
6.8399890e-03
5.0749230e-03
3.1234790e-03
1.3730800e-03
2.3304700e-04
1.4921350e-03
2.6202530e-03
5.5749550e-04
-1.7744390e-03
-3.4805470e-03
-2.1441790e-03
3.4534930e-04
2.7506340e-03
2.5882010e-03
1.3514700e-03
9.3912910e-05
-1.1845000e-03
-2.7214740e-04
3.2449750e-04
1.1135680e-03
-1.5140670e-03
-5.1415670e-03
-4.9817410e-03
-3.1947700e-03
-9.6378410e-04
2.5187640e-03
6.1357180e-03
6.9379790e-03
4.7293320e-03
5.0624500e-04
-3.6222880e-03
-5.3802700e-03
-3.7029930e-03
-1.2416320e-03
-6.7913750e-05
-8.7973750e-04
-3.6103370e-03
-4.7537350e-03
-5.6896900e-03
-7.0802390e-03
-7.8256300e-03
-3.6644960e-03
6.7202760e-04
4.6226680e-03
4.0337130e-03
1.5518910e-03
-1.4332990e-05
1.1352990e-03
1.9688050e-03
1.7865430e-03
-5.7187520e-04
-2.2842950e-03
-1.4778640e-03
1.2891290e-03
2.0454460e-03
1.1122440e-03
-4.5232280e-04
-3.7044860e-04
-2.2258800e-04
-2.3751580e-03
-5.1968690e-03
-4.4993150e-03
-1.2398460e-03
1.8924700e-03
3.1572090e-03
2.5789710e-03
1.5280670e-03
-5.7268050e-04
-6.1074480e-04
8.9532200e-04
9.0586180e-04
-3.3764660e-04
-6.9773540e-04
2.2330040e-04
1.6053050e-03
3.1228140e-03
4.1368180e-03
3.6217040e-03
1.1437330e-03
-7.9749050e-04
-1.9086870e-03
-1.2467920e-04
2.4227290e-03
3.4843780e-03
3.1299880e-03
1.4162170e-03
3.0255340e-04
1.9162200e-03
2.9886430e-03
1.8698330e-03
7.7985670e-04
3.2419560e-04
6.9766170e-04
7.5333940e-04
-1.0009170e-03
-1.7569810e-03
-8.0963740e-04
5.8559490e-04
-4.6782120e-04
-3.4242380e-03
-4.3541740e-03
-3.0490490e-03
-9.7321960e-04
4.5524980e-04
-8.3386930e-05
-2.0625180e-03
-1.8149620e-03
-1.9678130e-03
-3.5442020e-03
-4.1009750e-03
-4.2924290e-03
-4.3011630e-03
-2.6705560e-03
-2.6608610e-04
-3.2993420e-04
-8.4764930e-04
9.9720870e-04
2.4298590e-03
1.4830680e-03
2.1756160e-03
3.3659850e-03
5.0149880e-03
6.7835850e-03
6.6052750e-03
4.9722250e-03
3.7890850e-03
3.3512660e-03
3.1985970e-03
2.2423410e-03
1.1323070e-03
1.9750400e-06
-1.0299320e-03
-2.8305830e-03
-5.2300830e-03
-5.8988620e-03
-4.7300930e-03
-1.9330690e-03
-1.8347990e-04
-1.2819420e-03
-5.3518980e-03
-7.8566980e-03
-7.8724590e-03
-6.2694550e-03
-3.3475270e-03
1.2333020e-03
4.3086160e-03
3.4117660e-03
1.8829670e-03
1.0862300e-03
-9.5543020e-04
-2.3639500e-03
-3.4410650e-03
-5.3710820e-03
-5.8336780e-03
-5.1666720e-03
-3.8551280e-03
-2.5864750e-03
-3.0238030e-03
-2.6751590e-03
2.4650930e-04
1.4336980e-03
2.4849440e-03
2.2710470e-03
9.4359680e-04
-8.1505010e-04
-1.3653590e-03
9.9421640e-04
3.0637050e-03
3.8618410e-03
5.7825780e-03
6.7159740e-03
6.4665750e-03
4.8170490e-03
3.4776660e-03
4.0181760e-03
3.4203820e-03
1.2953620e-03
-6.8948610e-04
-1.4239050e-03
5.2101400e-04
2.4109180e-03
3.0500380e-03
3.8006470e-03
2.8727280e-03
1.3722340e-03
-4.8752100e-04
-1.2087750e-03
-1.8530530e-03
-3.5466290e-03
-3.8213570e-03
-1.5651680e-03
-1.0058460e-03
-2.7962820e-03
-4.9752050e-03
-4.8989520e-03
-2.8629800e-03
-2.6544410e-03
-3.9281340e-03
-3.5802930e-03
-1.8464140e-03
-8.6784360e-04
-7.9666290e-04
-1.1452310e-03
-5.4106640e-05
6.5969540e-04
2.9786510e-05
-1.1248510e-03
-3.6004380e-03
-5.6951590e-03
-7.3499590e-03
-6.8064260e-03
-2.8911110e-03
3.9560320e-04
1.2448360e-03
1.3225340e-03
1.0437550e-03
1.9249750e-03
2.6842710e-03
2.3704550e-03
3.1829220e-03
5.0553280e-03
6.9685340e-03
7.8817750e-03
7.2830280e-03
5.3647510e-03
3.3572290e-03
3.1572300e-03
3.2331530e-03
1.7207600e-03
9.6940510e-04
1.2665250e-03
1.0896640e-03
2.7278380e-03
4.5588710e-03
4.5866100e-03
1.7447660e-03
-1.9388580e-03
-2.8047620e-03
-2.5551820e-03
-2.6477790e-03
-2.8320610e-03
-3.1553370e-03
-2.7184840e-03
-1.9773640e-03
-2.0870380e-03
-2.2545520e-03
-1.7977320e-03
-1.0491380e-03
-6.4576530e-04
-8.3056790e-04
-6.3735740e-04
-3.8539350e-04
6.9837960e-04
2.6381410e-03
4.1555420e-03
4.4171010e-03
3.4451440e-03
8.9318720e-04
-8.3120370e-04
-1.1886460e-03
-1.1134850e-03
-2.8999860e-04
1.5086290e-03
3.3603110e-03
4.3982260e-03
3.3289390e-03
4.4476040e-04
-2.1249540e-03
-2.9371330e-03
-2.5209410e-03
-1.8550650e-03
1.0313140e-05
1.9106400e-03
2.6825650e-03
2.6346230e-03
1.8301260e-03
1.1347260e-03
6.5079420e-04
3.5528300e-04
4.0957510e-05
-2.3217040e-04
-7.2723220e-04
-5.9476270e-04
-4.5671330e-04
-1.1471920e-03
-1.4909000e-03
-1.2662720e-03
-5.8148480e-04
6.1025860e-04
1.3449370e-03
1.5394710e-03
1.4219310e-03
5.6947550e-04
-2.6027780e-04
-2.7463990e-04
-7.5997240e-04
-1.0407730e-03
-3.0514130e-04
6.0820490e-04
6.2282420e-04
-3.9954170e-04
-1.8040400e-03
-2.1994820e-03
-1.5779030e-03
-8.2560800e-04
-5.6887130e-04
-4.6892510e-04
-2.7173330e-04
3.8510930e-05
1.1812560e-04
-4.2030360e-04
-9.4740210e-04
-9.3033350e-04
-7.6819270e-04
-7.1477020e-04
-6.9500460e-04
-9.3429520e-04
-1.1594830e-03
-1.3007140e-03
-1.1397900e-03
-8.6525270e-04
-6.7762710e-04
-5.3500040e-04
-4.2727680e-04
-3.7148230e-04
-2.8915010e-04
-1.3195660e-04
-7.8850110e-05
-1.2770230e-04
-1.5244880e-04
-1.9848180e-04
-6.7572780e-05
1.2894640e-04
2.3399670e-04
2.8144770e-04
2.6862280e-04
2.3211290e-04
1.1410090e-04
7.0914950e-05
5.4157060e-05
2.1996640e-05
6.9521650e-06
-1.3225060e-05
9.7132570e-06
6.9531490e-05
1.2373280e-04
1.4914280e-04
1.4188640e-04
1.1208150e-04
