0.01
-9.9148500e-04
-3.5746130e-03
-3.9571370e-03
-1.1996760e-03
2.9466270e-03
5.8484340e-03
5.6780980e-03
3.7516040e-03
2.7109520e-03
3.4035090e-03
3.0681980e-03
4.0781660e-05
-3.9136060e-03
-5.9356030e-03
-4.7398890e-03
-1.1904000e-03
2.4085740e-03
3.5130260e-03
1.4440520e-03
-9.8998180e-04
-1.6413150e-03
-6.3291970e-05
3.6215480e-03
7.6592620e-03
1.0034030e-02
1.0822270e-02
1.0270320e-02
7.6822330e-03
3.1408620e-03
-1.5092400e-03
-4.4463740e-03
-4.9720370e-03
-3.5210180e-03
-2.9763740e-04
2.6076610e-03
2.4645320e-03
-9.3735290e-04
-4.8896240e-03
-5.9562460e-03
-3.3537560e-03
-6.0553250e-05
-1.0387740e-04
-2.7464500e-03
-4.0055920e-03
-2.2624610e-03
1.7899550e-03
6.8638100e-03
1.0884090e-02
1.3101090e-02
1.3264330e-02
1.0609250e-02
4.4374280e-03
-4.8419780e-03
-1.2855480e-02
-1.4151300e-02
-9.6672490e-03
-4.5135580e-03
-3.3491930e-03
-7.5401510e-03
-1.4069300e-02
-1.7788520e-02
-1.6732740e-02
-1.1217370e-02
-3.0511650e-03
5.6335300e-03
1.2482580e-02
1.5164460e-02
1.4199860e-02
1.1586310e-02
7.9140140e-03
3.4518630e-03
3.6684900e-05
2.3247140e-04
2.6424630e-03
2.4138690e-03
-4.5757510e-03
-1.7395110e-02
-3.1337630e-02
-4.0628170e-02
-4.2004820e-02
-3.5630760e-02
-2.6857580e-02
-2.0949980e-02
-1.9306180e-02
-2.0799130e-02
-2.2441750e-02
-1.9547480e-02
-9.3264130e-03
6.3807070e-03
2.4217990e-02
4.1926760e-02
5.7098630e-02
6.3749840e-02
5.7018760e-02
3.8822380e-02
1.6961360e-02
-1.3283330e-03
-1.2734850e-02
-1.5835420e-02
-1.0947750e-02
-3.0456180e-03
1.2543940e-03
-2.2097780e-03
-1.2284320e-02
-2.3468520e-02
-3.0208090e-02
-3.1608740e-02
-2.8789640e-02
-2.2707420e-02
-1.6564140e-02
-1.4721640e-02
-1.7843410e-02
-2.3633500e-02
-2.9562660e-02
-3.2599370e-02
-3.1069460e-02
-2.6033530e-02
-2.0921450e-02
-1.8684700e-02
-1.7217880e-02
-1.0919970e-02
1.4624400e-03
1.5649360e-02
2.4883910e-02
2.3055210e-02
6.7100950e-03
-1.8001840e-02
-3.6529370e-02
-3.6679530e-02
-1.6877310e-02
1.4425420e-02
4.4899880e-02
6.7175720e-02
8.2627690e-02
9.3495400e-02
9.9277230e-02
9.6946000e-02
8.7834690e-02
7.9447000e-02
7.6825370e-02
7.9556960e-02
8.5364950e-02
8.7894320e-02
7.6074670e-02
4.2851710e-02
-1.9233990e-03
-4.3764080e-02
-7.4915970e-02
-9.6786420e-02
-1.1435670e-01
-1.2908160e-01
-1.3796030e-01
-1.3828320e-01
-1.3178240e-01
-1.2140830e-01
-1.1059450e-01
-1.0234570e-01
-9.7225240e-02
-9.3073800e-02
-8.6297530e-02
-7.7543980e-02
-6.9473530e-02
-6.3147020e-02
-5.8796140e-02
-5.4533580e-02
-4.7736540e-02
-3.5913440e-02
-1.9365990e-02
7.5490870e-04
2.2138920e-02
3.9704090e-02
5.0770900e-02
5.5844630e-02
5.8339050e-02
6.2312570e-02
6.9324210e-02
8.0681520e-02
9.6634960e-02
1.1588890e-01
1.3741800e-01
1.5870950e-01
1.7586300e-01
1.8584060e-01
1.8691040e-01
1.7656790e-01
1.5335080e-01
1.1903650e-01
7.8159440e-02
3.9496480e-02
7.9726800e-03
-1.7471490e-02
-3.9729530e-02
-5.8987330e-02
-7.3175260e-02
-8.1472920e-02
-8.4410950e-02
-8.1812070e-02
-7.4346820e-02
-6.4920430e-02
-5.6378010e-02
-4.8172550e-02
-3.6303200e-02
-1.8606160e-02
3.2402120e-03
2.4133900e-02
3.9172810e-02
4.7267780e-02
4.9903900e-02
5.1088040e-02
5.2001210e-02
5.2882770e-02
5.4191010e-02
5.4733380e-02
5.3191080e-02
4.9253880e-02
4.2913750e-02
3.5303820e-02
2.5846380e-02
1.4429980e-02
3.8599120e-03
-4.4731800e-03
-1.1594590e-02
-1.8215420e-02
-2.4852600e-02
-3.0980160e-02
-3.7356230e-02
-4.4139950e-02
-5.1803520e-02
-6.1689980e-02
-7.4416980e-02
-8.8840760e-02
-1.0346330e-01
-1.1454290e-01
-1.1236840e-01
-8.6969390e-02
-4.2693240e-02
2.4515780e-03
3.5819820e-02
5.7367060e-02
7.0370600e-02
7.9018190e-02
8.4638870e-02
8.5725840e-02
8.1382430e-02
7.0987280e-02
5.4261860e-02
3.2916680e-02
1.2106160e-02
-4.3858810e-03
-1.6321850e-02
-2.5407310e-02
-3.2548220e-02
-3.9164810e-02
-4.6247000e-02
-5.4262760e-02
-6.1086280e-02
-6.4387290e-02
-6.4158760e-02
-6.2684120e-02
-6.0349960e-02
-5.6594690e-02
-5.0355780e-02
-3.9555160e-02
-2.2432250e-02
-1.1736530e-03
1.8774980e-02
3.4000910e-02
4.4730510e-02
5.1939650e-02
5.3864610e-02
4.7365600e-02
3.1558870e-02
1.0777330e-02
-8.8290080e-03
-2.2921120e-02
-3.0339410e-02
-3.2140760e-02
-3.0993870e-02
-2.9571100e-02
-2.8164150e-02
-2.4569810e-02
-1.7067220e-02
-7.1633100e-03
1.8429160e-03
7.7738660e-03
9.5656490e-03
6.3739740e-03
-1.3328060e-05
-5.8064640e-03
-7.5749730e-03
-4.5731450e-03
1.7092700e-03
9.7559620e-03
1.7665350e-02
2.3400040e-02
2.4888670e-02
2.1958440e-02
1.5246470e-02
5.9632450e-03
-3.1582320e-03
-1.0250700e-02
-1.3359090e-02
-1.1152220e-02
-4.8832680e-03
2.1485860e-03
7.7292020e-03
1.0466760e-02
1.0940150e-02
1.0096880e-02
8.8497400e-03
8.0338930e-03
7.9186910e-03
6.9485350e-03
4.0127840e-03
4.5849090e-04
-2.8879770e-03
-6.1771440e-03
-9.9072200e-03
-1.4899830e-02
-1.9296260e-02
-2.1725230e-02
-2.2532290e-02
-2.2356120e-02
-2.0654130e-02
-1.7189090e-02
-1.2287200e-02
-5.7917520e-03
2.3432590e-03
1.1217850e-02
2.1092390e-02
3.0796360e-02
3.7664280e-02
3.7713900e-02
2.9791000e-02
1.5592410e-02
1.8463810e-04
-1.0698890e-02
-1.3837500e-02
-9.2937740e-03
6.1297290e-04
1.2597250e-02
2.3296000e-02
3.2051990e-02
3.8267470e-02
4.1618270e-02
4.0626920e-02
3.4393520e-02
2.3913290e-02
1.3010190e-02
4.5442320e-03
-5.4623440e-04
-3.0460480e-03
-4.0406630e-03
-3.3687070e-03
-4.0412000e-04
3.8055160e-03
7.8421750e-03
1.0793210e-02
1.1881290e-02
1.0571460e-02
7.1314820e-03
2.0568070e-03
-3.2347580e-03
-8.8323360e-03
-1.3968990e-02
-1.7254890e-02
-1.8280410e-02
-1.8176350e-02
-1.6824470e-02
-1.4556770e-02
-1.2945600e-02
-1.1281800e-02
-8.5753820e-03
-3.8179180e-03
2.5853140e-03
9.4043690e-03
1.5854170e-02
2.0109510e-02
2.0949220e-02
1.8282350e-02
1.4477630e-02
1.0832520e-02
8.0881930e-03
5.9119320e-03
3.2988710e-03
-6.7528250e-04
-5.9698090e-03
-1.1719340e-02
-1.6854780e-02
-2.0687400e-02
-2.2994110e-02
-2.3916710e-02
-2.3397770e-02
-2.2020780e-02
-2.1745250e-02
-2.3610760e-02
-2.6985740e-02
-3.1207220e-02
-3.5126920e-02
-3.7250680e-02
-3.7514000e-02
-3.5819550e-02
-3.2087500e-02
-2.7289570e-02
-2.2295780e-02
-1.7652530e-02
-1.3976080e-02
-1.1261000e-02
-9.2180470e-03
-7.1111580e-03
-5.3297370e-03
-4.2491470e-03
-4.1143470e-03
-4.8144140e-03
-5.1209610e-03
-5.0069080e-03
-4.2023470e-03
-2.9827180e-03
-1.8314850e-03
-3.5179620e-04
-1.7216350e-04
-2.4436130e-03
-6.3569580e-03
-1.1025740e-02
-1.4849070e-02
-1.7573630e-02
-1.9624420e-02
-2.2082770e-02
-2.4781870e-02
-2.7575320e-02
-3.0058550e-02
-3.1762270e-02
-3.2963860e-02
-3.3419850e-02
-3.1947660e-02
-2.8779950e-02
-2.4223400e-02
-1.9079650e-02
-1.3842330e-02
-8.2337620e-03
-1.5974780e-03
5.8362130e-03
1.3405400e-02
2.1676910e-02
3.0068980e-02
3.7492770e-02
4.3635510e-02
4.8123940e-02
5.1272400e-02
5.3368230e-02
5.3975250e-02
5.2900930e-02
5.0150690e-02
4.5637610e-02
4.0664390e-02
3.6225220e-02
3.2362830e-02
2.8778640e-02
2.5123520e-02
2.2244510e-02
1.9808210e-02
1.7617190e-02
1.5737580e-02
1.4332920e-02
1.2972510e-02
1.1662430e-02
1.1498020e-02
1.2427200e-02
1.3756080e-02
1.5676630e-02
1.8140770e-02
2.0231510e-02
2.1440180e-02
2.1924500e-02
2.2290040e-02
2.2662680e-02
2.3434320e-02
2.4860460e-02
2.6605780e-02
2.7669840e-02
2.7202570e-02
2.3578790e-02
1.6627700e-02
7.6240860e-03
-1.7635430e-03
-1.0036780e-02
-1.6359350e-02
-2.0672020e-02
-2.2966740e-02
-2.2673850e-02
-2.0384110e-02
-1.7200180e-02
-1.4354500e-02
-1.2340070e-02
-1.1019020e-02
-1.0508240e-02
-9.7759230e-03
-8.2498210e-03
-6.3481160e-03
-4.3029220e-03
-2.7986690e-03
-2.8900220e-03
-4.3686710e-03
-6.2277010e-03
-7.9250120e-03
-8.8255380e-03
-8.0687250e-03
-6.2126480e-03
-3.8233480e-03
-1.7523400e-03
-2.0699700e-04
4.0157390e-04
4.8516430e-04
3.4057290e-04
2.4659130e-04
7.1879830e-04
1.9511290e-03
2.7022060e-03
1.8924350e-03
2.1739360e-04
-1.8179320e-03
-3.9625940e-03
-6.0147060e-03
-7.9305400e-03
-9.2970260e-03
-9.5169200e-03
-8.9343630e-03
-8.1660450e-03
-7.9828500e-03
-8.5103190e-03
-8.7767570e-03
-8.4929020e-03
-8.1677570e-03
-7.2205620e-03
-4.6823430e-03
-1.5071160e-03
1.2610230e-03
2.4384140e-03
1.2918610e-03
-1.2838770e-03
-4.6346550e-03
-7.2383090e-03
-8.2198430e-03
-8.1128760e-03
-7.1185980e-03
-5.7357160e-03
-4.0775810e-03
-1.8960400e-03
7.6074170e-04
3.2764110e-03
4.7628500e-03
4.8485790e-03
3.9736780e-03
2.7772760e-03
2.2583890e-03
1.3430700e-03
-5.1042600e-04
-2.8003550e-03
-5.6394100e-03
-8.9406060e-03
-1.2113250e-02
-1.3829180e-02
-1.4217280e-02
-1.3892200e-02
-1.3033000e-02
-1.1876480e-02
-1.0391970e-02
-9.3098490e-03
-8.9542480e-03
-8.3237960e-03
-7.0349510e-03
-5.7875920e-03
-4.5234280e-03
-3.5325390e-03
-1.5543610e-03
1.5093110e-03
4.9792150e-03
8.1063540e-03
1.0633550e-02
1.2779450e-02
1.5014870e-02
1.6881940e-02
1.7634430e-02
1.6868500e-02
1.5491600e-02
1.4106340e-02
1.2735100e-02
1.1547510e-02
1.0180090e-02
8.2935160e-03
5.2763890e-03
1.4861030e-03
-2.1110610e-03
-4.9358280e-03
-5.9436270e-03
-5.4397980e-03
-4.5257800e-03
-3.8328620e-03
-3.7360480e-03
-3.6494550e-03
-3.2094410e-03
-2.5772890e-03
-2.0297100e-03
-2.4049090e-03
-3.4918090e-03
-5.6987440e-03
-9.1769380e-03
-1.3144780e-02
-1.6237780e-02
-1.7361490e-02
-1.6964160e-02
-1.5134010e-02
-1.2301720e-02
-8.4114650e-03
-4.0840730e-03
-4.1287610e-04
2.9798730e-03
5.5649810e-03
6.0340730e-03
5.3008680e-03
4.7199790e-03
4.2556050e-03
3.9396280e-03
3.8005050e-03
3.5435740e-03
3.3141470e-03
3.6542210e-03
4.0537330e-03
3.8347460e-03
2.2594100e-03
9.4596160e-05
-1.5348570e-03
-2.7951120e-03
-4.1112210e-03
-4.6827260e-03
-5.0108830e-03
-4.8796760e-03
-4.6545290e-03
-4.0437620e-03
-3.2951260e-03
-3.3944180e-03
-4.1702370e-03
-5.1281410e-03
-7.1261500e-03
-9.6762520e-03
-1.2179350e-02
-1.4200210e-02
-1.5497670e-02
-1.6529020e-02
-1.7271410e-02
-1.7255660e-02
-1.6730420e-02
-1.6095840e-02
-1.4888480e-02
-1.1645840e-02
-6.8267820e-03
-1.6428420e-03
2.6226730e-03
5.9099730e-03
9.4458600e-03
1.3574670e-02
1.7375410e-02
2.0313340e-02
2.2095130e-02
2.2435470e-02
2.1406040e-02
1.9159650e-02
1.6181170e-02
1.2717200e-02
9.6846480e-03
7.6259970e-03
5.8897590e-03
4.3757460e-03
3.4809010e-03
3.2705990e-03
3.2937200e-03
3.2738230e-03
3.1062230e-03
3.1046910e-03
3.9973490e-03
6.0637620e-03
7.9925960e-03
8.6377550e-03
8.0708970e-03
6.6251680e-03
5.0452270e-03
3.2458330e-03
1.6371490e-03
3.4304790e-04
-9.9410470e-04
-1.9739530e-03
-2.1976970e-03
-2.3205750e-03
-2.9064180e-03
-4.0639100e-03
-5.0463000e-03
-5.4091500e-03
-4.9863830e-03
-3.4638870e-03
-1.4997480e-03
6.3384300e-04
2.7581220e-03
4.4046250e-03
4.6908530e-03
3.4693150e-03
1.9601620e-03
3.1242110e-04
-1.2240370e-03
-2.8459160e-03
-4.1688260e-03
-5.2625790e-03
-5.7735070e-03
-6.0655850e-03
-6.3450900e-03
-6.1991420e-03
-5.5550310e-03
-3.8485440e-03
-1.9508670e-03
-4.3326400e-04
1.7333680e-03
4.2962150e-03
6.0068190e-03
5.7713590e-03
3.8669270e-03
1.2032690e-03
-1.6506890e-03
-4.4704910e-03
-7.1444310e-03
-1.0034780e-02
-1.2450590e-02
-1.3840210e-02
-1.3507070e-02
-1.2110980e-02
-1.0248010e-02
-7.9561460e-03
-6.4554870e-03
-6.0851870e-03
-6.1697040e-03
-6.3477870e-03
-6.2189140e-03
-5.1959460e-03
-3.3282720e-03
-1.0603670e-03
8.6757600e-04
1.7538170e-03
2.5279930e-03
3.5923590e-03
4.3910500e-03
4.7150500e-03
4.6935200e-03
4.0464290e-03
2.6485160e-03
6.3203590e-04
-1.4816950e-03
-2.9490180e-03
-3.4206400e-03
-3.5783280e-03
-3.5847380e-03
-3.0024750e-03
-1.4102590e-03
5.2047180e-04
2.5018830e-03
3.5725370e-03
3.2743700e-03
1.9962390e-03
2.0813680e-04
-1.7075680e-03
-3.6603160e-03
-6.0761190e-03
-8.6000000e-03
-1.0323230e-02
-1.0490330e-02
-9.5667140e-03
-8.3830480e-03
-6.2295340e-03
-3.9568580e-03
-2.2141440e-03
-1.1662310e-03
-1.7652410e-03
-2.8046580e-03
-2.7615490e-03
-1.3706960e-03
1.1588850e-04
1.8419640e-03
3.3750470e-03
4.3890410e-03
4.6815350e-03
4.7546400e-03
4.5084720e-03
3.6179700e-03
2.4586700e-03
1.4633670e-03
1.9359260e-05
-7.8209240e-04
-7.0432130e-04
2.9547950e-04
1.5196880e-03
2.0023020e-03
2.1445800e-03
1.7991420e-03
6.8719420e-04
-4.1816210e-04
-2.3909500e-04
8.6082920e-04
2.1987050e-03
4.5267940e-03
7.6932410e-03
1.0711910e-02
1.2987250e-02
1.4649880e-02
1.5469770e-02
1.5756780e-02
1.5560570e-02
1.5464010e-02
1.5405310e-02
1.5166750e-02
1.4518940e-02
1.3174120e-02
1.0478350e-02
7.8708970e-03
6.2783120e-03
5.9412590e-03
6.4075830e-03
7.5346960e-03
8.8265660e-03
1.0132150e-02
1.1502060e-02
1.2948150e-02
1.4260030e-02
1.5110780e-02
1.5460380e-02
1.5556660e-02
1.5126290e-02
1.3974660e-02
1.2952750e-02
1.2477480e-02
1.1812770e-02
1.0277610e-02
8.0948870e-03
6.0584960e-03
4.8790700e-03
4.6051680e-03
4.5935100e-03
4.6504170e-03
4.7496920e-03
4.7058550e-03
3.9884110e-03
2.3457640e-03
3.1473990e-04
-1.7632660e-03
-3.0935430e-03
-3.3825800e-03
-3.3781670e-03
-3.3617810e-03
-3.4139360e-03
-3.4675960e-03
-3.4679570e-03
-3.4685010e-03
-3.5233790e-03
-3.5641630e-03
-3.2916600e-03
-2.3371160e-03
-9.7724850e-04
5.0045370e-04
1.6749750e-03
2.8543240e-03
4.1759420e-03
4.4418700e-03
3.6036750e-03
2.4592580e-03
2.0768330e-03
1.7442530e-03
7.4805230e-04
-5.6324120e-04
-1.9770490e-03
-3.5066290e-03
-4.9639740e-03
-6.2920050e-03
-7.9241610e-03
-9.5807890e-03
-1.0847260e-02
-1.1526250e-02
-1.2721050e-02
-1.4317380e-02
-1.5862690e-02
-1.6720510e-02
-1.6915720e-02
-1.6924700e-02
-1.6896750e-02
-1.6814760e-02
-1.6736270e-02
-1.7010650e-02
-1.8034900e-02
-1.9193120e-02
-1.9553490e-02
-1.9643950e-02
-1.9703430e-02
-1.9650110e-02
-1.9080900e-02
-1.7915890e-02
-1.7191560e-02
-1.6453050e-02
-1.4999840e-02
-1.3474800e-02
-1.2024160e-02
-1.0556190e-02
-8.3321640e-03
-5.8873160e-03
-3.2161700e-03
-5.3905020e-04
1.8214040e-03
3.4580240e-03
4.2984990e-03
5.2321090e-03
6.4730770e-03
7.0987340e-03
7.4557760e-03
7.0696270e-03
5.6167470e-03
4.3285110e-03
4.2183080e-03
5.1802080e-03
6.5740020e-03
7.8842460e-03
9.0099150e-03
9.5482670e-03
9.7287780e-03
9.1894460e-03
7.6965310e-03
5.4283670e-03
3.3552320e-03
1.8029040e-03
1.1757150e-03
9.7249990e-04
1.0502810e-03
1.7981560e-03
3.2856930e-03
4.6526770e-03
5.6843870e-03
6.3793580e-03
6.6111770e-03
6.7778170e-03
6.8429030e-03
6.4498360e-03
5.3221340e-03
4.0443070e-03
2.1265470e-03
-3.7266610e-05
-1.7306540e-03
-3.0812300e-03
-3.5613240e-03
-3.6759660e-03
-3.4581560e-03
-2.6268670e-03
-1.4997900e-03
-8.5890210e-04
1.9738180e-05
1.3207750e-03
2.6091550e-03
4.3252110e-03
6.1485250e-03
7.9468920e-03
9.3562130e-03
1.0047730e-02
1.0821140e-02
1.1773990e-02
1.2350620e-02
1.2613800e-02
1.2621390e-02
1.2581640e-02
1.2564320e-02
1.2614970e-02
1.2716660e-02
1.2669330e-02
1.2093470e-02
1.0934740e-02
1.0138950e-02
9.4724970e-03
8.1613270e-03
6.6803380e-03
5.1569630e-03
3.9993050e-03
2.3067860e-03
1.0239040e-04
-2.7601680e-03
-5.0294700e-03
-5.9813870e-03
-5.4891050e-03
-4.4374080e-03
-4.0230560e-03
-3.9821630e-03
-4.1201550e-03
-4.4288520e-03
-4.6899470e-03
-4.3916580e-03
-3.6196200e-03
-2.4992310e-03
-1.8031130e-03
-1.6761760e-03
-1.8584760e-03
-2.1375640e-03
-1.9910990e-03
-6.9225900e-04
1.5233200e-03
3.0196390e-03
3.2934740e-03
3.2080310e-03
3.5821050e-03
4.7205940e-03
5.7694510e-03
5.9455310e-03
5.1936800e-03
3.8530010e-03
3.2842360e-03
2.6385100e-03
1.5909920e-03
8.8764910e-04
-2.0950520e-04
-2.3714730e-03
-4.2283910e-03
-4.8116250e-03
-4.7820940e-03
-4.7129730e-03
-5.4023300e-03
-7.0542450e-03
-8.5782790e-03
-9.8358740e-03
-1.0199130e-02
-1.0339130e-02
-1.0308520e-02
-9.7246210e-03
-8.4325100e-03
-7.5881960e-03
-7.3343680e-03
-7.6603770e-03
-8.6900630e-03
-9.6769440e-03
-9.8419600e-03
-1.0136000e-02
-1.0287390e-02
-1.0095200e-02
-9.2352010e-03
-8.2569670e-03
-7.6890040e-03
-7.5354320e-03
-7.5406620e-03
-7.5200770e-03
-7.4238650e-03
-7.4304720e-03
-7.9315090e-03
-9.0625260e-03
-9.9551640e-03
-1.0889920e-02
-1.2180820e-02
-1.2717280e-02
-1.2869160e-02
-1.2901520e-02
-1.2889440e-02
-1.2856110e-02
-1.2832160e-02
-1.2891740e-02
-1.2912710e-02
-1.2520030e-02
-1.1397450e-02
-1.0115300e-02
-8.4210540e-03
-6.6712040e-03
-5.3559850e-03
-4.9243410e-03
-4.5308440e-03
-3.7430480e-03
-2.9604200e-03
-2.3852400e-03
-1.8346970e-03
-6.1988460e-04
7.3550110e-04
2.1683160e-03
2.8877990e-03
2.9006720e-03
3.0364380e-03
4.1268590e-03
5.9804900e-03
7.0679840e-03
7.0202260e-03
6.1103220e-03
5.5254060e-03
4.7574220e-03
3.7465950e-03
3.0089110e-03
2.3533920e-03
1.2115660e-03
1.9127300e-04
-7.7711770e-04
-2.1362250e-03
-2.8008590e-03
-2.9116560e-03
-2.9767690e-03
-3.5862410e-03
-4.8945540e-03
-5.9778320e-03
-7.2245680e-03
-8.3033550e-03
-8.3954360e-03
-7.2725390e-03
-5.4597490e-03
-3.3019230e-03
-1.5049500e-03
-8.5053380e-04
-7.9556910e-04
-6.5431130e-04
-3.7681360e-05
6.4051640e-04
6.3077310e-04
5.2838260e-04
1.1583330e-03
1.6717150e-03
2.4399000e-03
3.6436700e-03
4.1401970e-03
4.1426130e-03
4.7518740e-03
5.9032320e-03
6.9143430e-03
7.5012530e-03
8.3690900e-03
9.3055050e-03
1.0108330e-02
1.1122690e-02
1.1855530e-02
1.2258220e-02
1.2551610e-02
1.2504330e-02
1.1468890e-02
1.0324160e-02
1.0640870e-02
1.1833350e-02
1.2740930e-02
1.3498930e-02
1.3912580e-02
1.4242310e-02
1.4554400e-02
1.4199830e-02
1.3282110e-02
1.2802960e-02
1.2607940e-02
1.2265740e-02
1.1858330e-02
1.1788220e-02
1.2179980e-02
1.2490390e-02
1.1985080e-02
1.0722910e-02
9.3707530e-03
7.6356420e-03
6.0233820e-03
4.7963480e-03
3.8241040e-03
2.6326110e-03
1.7448020e-03
5.0191890e-04
-9.4520880e-04
-2.4039130e-03
-3.4695990e-03
-3.7620630e-03
-3.7992030e-03
-3.8075210e-03
-3.8741850e-03
-3.9552550e-03
-4.0132620e-03
-4.0364640e-03
-4.0307670e-03
-4.0466320e-03
-4.3066770e-03
-4.8989570e-03
-5.3589240e-03
-5.7031860e-03
-5.7319000e-03
-5.0446050e-03
-4.6987510e-03
-4.5627690e-03
-3.9603830e-03
-2.6568150e-03
-1.5441210e-03
-7.8588550e-04
-7.2554050e-04
-8.5604300e-04
-5.5629080e-04
2.1512590e-04
8.0442990e-04
1.9026350e-03
2.9572080e-03
3.2646710e-03
3.3190540e-03
3.3596790e-03
3.3922880e-03
3.0962670e-03
2.1503330e-03
1.0020470e-03
-5.5899130e-05
-1.3696610e-03
-1.9887260e-03
-2.0654710e-03
-1.9712900e-03
-2.0811330e-03
-2.6945050e-03
-3.4619840e-03
-3.2725560e-03
-2.5220280e-03
-2.1659340e-03
-1.5991210e-03
-6.0772420e-04
2.1550550e-04
4.3586230e-04
6.9148800e-04
1.6287380e-03
2.9208940e-03
3.7420980e-03
4.2534200e-03
3.7686170e-03
3.1723480e-03
2.9940140e-03
2.9664570e-03
2.2372370e-03
1.5076850e-03
1.3125000e-03
1.0332060e-03
7.3317530e-04
6.5975020e-04
3.0315360e-04
-6.0476650e-04
-1.2476060e-03
-8.6031760e-04
-9.7718770e-04
-1.3499050e-03
-6.7044430e-04
1.1265390e-04
6.3084670e-04
1.2784980e-03
1.7738060e-03
2.1639900e-03
2.8342440e-03
3.6753400e-03
5.0756710e-03
5.9198190e-03
6.0529950e-03
5.4630970e-03
4.2094300e-03
3.3242980e-03
2.4989510e-03
1.6002690e-03
8.4619580e-04
8.3130410e-04
1.2269660e-03
1.7924320e-03
3.2474400e-03
4.7221020e-03
5.7907970e-03
5.8601010e-03
4.9260910e-03
3.5353210e-03
2.3649240e-03
1.2961670e-03
7.8734230e-04
4.5240000e-04
-3.9201700e-04
-1.3776330e-03
-1.6251610e-03
-1.4598380e-03
-1.8291060e-03
-1.9622500e-03
-2.0541060e-03
-2.1976610e-03
-2.3324510e-03
-2.0215530e-03
-9.1998230e-04
1.2704380e-04
-1.2674330e-04
-1.0128520e-03
-1.9710260e-03
-2.2009650e-03
-1.5971680e-03
-3.2288900e-04
3.8320830e-04
5.6477060e-04
6.2762270e-04
6.0883310e-04
1.3054190e-04
-1.1015110e-03
-2.4202150e-03
-4.0839870e-03
-5.7621410e-03
-7.4141090e-03
-8.7782500e-03
-9.3126980e-03
-8.3283070e-03
-7.1456690e-03
-5.8523600e-03
-4.9982010e-03
-4.7886370e-03
-4.7983960e-03
-4.8109070e-03
-4.7181270e-03
-4.6042010e-03
-4.8307270e-03
-5.8136860e-03
-7.0418350e-03
-7.4770400e-03
-7.6078870e-03
-7.6774590e-03
-7.6251620e-03
-7.0459340e-03
-5.8419740e-03
-5.0464210e-03
-4.2206760e-03
-2.6168820e-03
-6.0571190e-04
1.4250200e-03
2.5476090e-03
1.6490910e-03
-1.5431310e-04
-1.5549560e-03
-2.2088980e-03
-2.8433360e-03
-3.0160940e-03
-2.5730000e-03
-1.6451450e-03
-3.7100980e-04
1.0342740e-03
2.0687140e-03
2.0640180e-03
1.7092920e-03
1.6371220e-03
1.3825530e-03
7.0215500e-04
4.3512880e-04
1.2534900e-03
1.9034740e-03
2.4527150e-03
2.4051470e-03
2.0489440e-03
2.0418030e-03
2.0953740e-03
1.6008100e-03
8.3131970e-05
-1.6266280e-03
-2.9448030e-03
-3.3297860e-03
-3.6248990e-03
-4.0895680e-03
-4.5016750e-03
-4.6624100e-03
-4.8868460e-03
-5.4050230e-03
-6.3469310e-03
-7.5583330e-03
-8.4565780e-03
-8.9767330e-03
-9.7298820e-03
-1.0376790e-02
-1.0380710e-02
-9.5723360e-03
-8.4259200e-03
-6.7100940e-03
-4.7273680e-03
-2.4922050e-03
-5.2845740e-04
1.3804600e-03
3.0840160e-03
4.3487990e-03
5.0954500e-03
5.6786870e-03
6.0821830e-03
6.4892690e-03
7.1327440e-03
8.3526410e-03
9.8778470e-03
1.1627480e-02
1.3459410e-02
1.4590770e-02
1.5358310e-02
1.6441610e-02
1.7797780e-02
1.8519020e-02
1.8299630e-02
1.7592230e-02
1.7243280e-02
1.7153830e-02
1.6847500e-02
1.5907630e-02
1.4655040e-02
1.3293170e-02
1.1678100e-02
9.7219490e-03
8.1449680e-03
7.7719570e-03
7.8219230e-03
7.4378620e-03
6.7985550e-03
6.2045170e-03
6.0437700e-03
5.9077760e-03
5.4989720e-03
4.9772680e-03
4.4549000e-03
3.3465590e-03
1.9235840e-03
7.6861070e-04
-2.5952530e-04
-1.4150100e-03
-2.1514070e-03
-3.0251130e-03
-3.9546370e-03
-4.9200700e-03
-5.4800450e-03
-5.1903370e-03
-4.6856940e-03
-4.0789690e-03
-3.8644220e-03
-4.3758080e-03
-4.6986060e-03
-4.7857420e-03
-4.7716000e-03
-4.7304180e-03
-4.6965330e-03
-4.7510150e-03
-5.0617110e-03
-5.6683310e-03
-6.0619230e-03
-6.4650080e-03
-7.0110020e-03
-7.2340130e-03
-7.4994230e-03
-8.3609410e-03
-9.5687970e-03
-1.0081740e-02
-1.0167420e-02
-1.0128080e-02
-1.0158730e-02
-1.0273250e-02
-1.0272030e-02
-9.9267850e-03
-9.2472090e-03
-8.8887600e-03
-8.8366930e-03
-8.9124040e-03
-8.8696480e-03
-8.3866410e-03
-7.4655040e-03
-6.2930150e-03
-5.2140280e-03
-4.7328670e-03
-4.6932340e-03
-5.0503360e-03
-5.7079410e-03
-6.0636540e-03
-6.3488310e-03
-6.8752890e-03
-7.5290600e-03
-8.7206720e-03
-9.7473260e-03
-9.5893310e-03
-8.9397320e-03
-8.2091410e-03
-7.3236640e-03
-6.3122820e-03
-5.1420790e-03
-3.8850250e-03
-2.6499970e-03
-2.2287250e-03
-2.0011130e-03
-1.3195460e-03
-2.4720550e-04
6.0383110e-04
2.1068190e-03
4.1556660e-03
6.3081600e-03
8.6781720e-03
1.0351950e-02
1.0692320e-02
1.0359680e-02
1.0266580e-02
1.0398980e-02
9.6819500e-03
8.5588620e-03
7.9518080e-03
7.2135960e-03
5.9626430e-03
5.1855210e-03
4.9099700e-03
4.3739790e-03
3.3147310e-03
2.5410770e-03
1.9993200e-03
1.7217310e-03
1.4364570e-03
5.0653570e-04
-2.5574720e-04
-3.7245660e-04
-7.9646440e-04
-1.5931480e-03
-2.6708030e-03
-3.2795030e-03
-3.5364670e-03
-4.2159510e-03
-5.3296110e-03
-6.1192570e-03
-6.1655620e-03
-5.4122150e-03
-4.2586760e-03
-3.5552420e-03
-3.4071320e-03
-3.4745860e-03
-3.5269110e-03
-3.2441900e-03
-2.2249210e-03
-9.5920740e-04
2.8709690e-04
1.4752880e-03
1.7783800e-03
1.8555420e-03
2.3926410e-03
3.6177190e-03
4.4339310e-03
4.7139380e-03
4.8930190e-03
4.9975500e-03
4.8679990e-03
4.6775940e-03
3.8657040e-03
2.6067290e-03
2.1600490e-03
1.6404780e-03
5.1522330e-04
-3.7631370e-04
-7.7959750e-04
-1.5310760e-03
-2.7120150e-03
-3.4990790e-03
-4.9149250e-03
-6.6039520e-03
-8.1665050e-03
-9.0711040e-03
-1.0280470e-02
-1.1185970e-02
-1.1765930e-02
-1.2830190e-02
-1.3869390e-02
-1.4939300e-02
-1.6321730e-02
-1.6790150e-02
-1.6891020e-02
-1.6854460e-02
-1.6815320e-02
-1.6815460e-02
-1.6891550e-02
-1.7022900e-02
-1.6947170e-02
-1.6191760e-02
-1.4903560e-02
-1.4104080e-02
-1.2739140e-02
-1.1066350e-02
-9.4131140e-03
-8.1997170e-03
-6.4787610e-03
-4.4594660e-03
-1.8943920e-03
7.3514050e-04
3.2349840e-03
5.5359300e-03
6.9731830e-03
7.7614920e-03
8.6032610e-03
9.3046850e-03
9.9573880e-03
1.0976540e-02
1.2268620e-02
1.2605860e-02
1.2535900e-02
1.2569560e-02
1.3426270e-02
1.5168600e-02
1.6810450e-02
1.7989080e-02
1.9018630e-02
2.0185690e-02
2.0570690e-02
2.0961890e-02
2.1694330e-02
2.2073730e-02
2.1228090e-02
2.0852980e-02
2.0739810e-02
2.0768300e-02
2.0817210e-02
2.0898140e-02
2.0986920e-02
2.0781870e-02
1.9918740e-02
1.8731670e-02
1.8109830e-02
1.7140530e-02
1.5954960e-02
1.5639480e-02
1.5521030e-02
1.4968610e-02
1.3742840e-02
1.2954680e-02
1.2710340e-02
1.2185860e-02
1.1013740e-02
1.0042230e-02
8.8533620e-03
7.1078480e-03
5.2481660e-03
3.5588570e-03
2.2011500e-03
9.2696910e-04
-1.5427160e-03
-4.5295790e-03
-7.2128660e-03
-9.2224590e-03
-1.0849030e-02
-1.2505770e-02
-1.4037410e-02
-1.4829090e-02
-1.5212380e-02
-1.6039390e-02
-1.7286390e-02
-1.7857920e-02
-1.7961720e-02
-1.8166890e-02
-1.8867660e-02
-1.9475180e-02
-1.8947540e-02
-1.8246380e-02
-1.7111530e-02
-1.5960140e-02
-1.5717270e-02
-1.5652580e-02
-1.5108670e-02
-1.3940120e-02
-1.3242970e-02
-1.2852940e-02
-1.1975460e-02
-1.0746430e-02
-9.7744200e-03
-8.5034030e-03
-7.8233360e-03
-7.3866630e-03
-6.3815900e-03
-5.1496000e-03
-4.7608700e-03
-4.8040960e-03
-4.9273830e-03
-4.6091750e-03
-3.5575070e-03
-2.7191480e-03
-3.4487390e-03
-4.4182830e-03
-4.7578170e-03
-4.7731070e-03
-4.7167250e-03
-4.7509800e-03
-4.8411610e-03
-4.7693220e-03
-4.2929650e-03
-3.6343480e-03
-3.9437420e-03
-4.5129000e-03
-4.2074670e-03
-3.2019070e-03
-2.3770450e-03
-2.0825790e-03
-1.6539550e-03
-8.1360860e-04
2.6648400e-05
4.9932500e-04
5.0445780e-04
4.2697390e-04
7.4439040e-04
1.7914520e-03
2.8545420e-03
3.3182630e-03
3.7740390e-03
4.1084880e-03
3.8388120e-03
3.4458590e-03
3.2742680e-03
3.2628690e-03
3.3186390e-03
3.3019560e-03
3.0970170e-03
2.8268540e-03
3.1465280e-03
3.9391950e-03
4.9293990e-03
5.7338520e-03
5.9362690e-03
5.9229050e-03
5.9773920e-03
6.3213110e-03
6.8073990e-03
6.9974150e-03
7.3573240e-03
7.4374660e-03
7.2346740e-03
6.6414280e-03
6.1494420e-03
5.8049130e-03
5.1555490e-03
4.1357280e-03
3.2838530e-03
2.7544500e-03
2.6960410e-03
2.7881970e-03
2.6662980e-03
2.9793700e-03
2.8022000e-03
2.4136320e-03
2.6956670e-03
3.1313020e-03
3.2365750e-03
3.2361360e-03
3.5483100e-03
4.4032540e-03
5.2758180e-03
5.8711080e-03
5.9899190e-03
5.9656490e-03
5.9906460e-03
6.2634430e-03
6.7233510e-03
7.0342680e-03
7.8395540e-03
8.6757670e-03
9.7672740e-03
1.0943280e-02
1.1330580e-02
1.1351410e-02
1.1364930e-02
1.1664140e-02
1.2160260e-02
1.2355350e-02
1.2054350e-02
1.1631230e-02
1.1446460e-02
1.1475150e-02
1.1379380e-02
1.0766400e-02
9.8097490e-03
8.9077490e-03
8.5492020e-03
8.5418650e-03
8.6449450e-03
8.4844690e-03
7.6654810e-03
6.5048110e-03
5.8270680e-03
5.7194500e-03
5.4775640e-03
4.5760410e-03
3.4370000e-03
2.9408490e-03
2.2964660e-03
1.1271260e-03
3.5793620e-04
-1.4071380e-04
-1.1607160e-03
-2.4273630e-03
-3.7720590e-03
-5.1230430e-03
-6.3557180e-03
-7.5387060e-03
-7.8618250e-03
-7.9006060e-03
-8.2508630e-03
-9.2439260e-03
-1.0192610e-02
-1.0578330e-02
-1.0662130e-02
-1.0543040e-02
-1.0085740e-02
-9.3918100e-03
-9.2735410e-03
-9.5886480e-03
-9.6415420e-03
-9.1411270e-03
-8.3890390e-03
-7.8825470e-03
-7.7180490e-03
-7.3936780e-03
-6.7920090e-03
-6.2748620e-03
-5.5038720e-03
-4.6470830e-03
-3.3460900e-03
-2.7220000e-03
-2.5589020e-03
-2.1220420e-03
-1.0931510e-03
-2.1460740e-04
3.9848020e-05
5.4407560e-05
2.0193670e-06
-4.5505200e-05
-6.6594430e-05
-7.8042810e-05
-1.1009030e-04
-1.4335550e-04
-1.6778270e-04
-1.7039830e-04
-1.7562340e-04
-2.0545690e-04
-2.6864650e-04
-4.3287830e-04
-7.0962240e-04
-8.4704780e-04
-1.5941800e-03
-2.5719230e-03
-2.9074970e-03
-2.9435840e-03
-2.8704990e-03
-2.8423820e-03
-2.8991290e-03
-2.9154940e-03
-2.6243890e-03
-1.7590750e-03
-7.6910710e-04
-2.1293670e-04
3.2729070e-04
1.3946300e-03
2.3492560e-03
2.9910700e-03
4.1089560e-03
5.4963210e-03
6.9266200e-03
7.9847540e-03
8.2542710e-03
8.2804960e-03
8.4018920e-03
8.8465280e-03
9.3136950e-03
9.5750560e-03
9.4185880e-03
8.9936670e-03
8.6476560e-03
8.3983660e-03
7.9881560e-03
6.9357450e-03
5.6314290e-03
4.1409430e-03
2.3764090e-03
6.6877740e-04
-7.1633860e-04
-1.9598790e-03
-2.5800690e-03
-3.4539510e-03
-5.1099880e-03
-6.8149950e-03
-7.9097590e-03
-8.1979280e-03
-8.5220720e-03
-9.2558450e-03
-9.9238540e-03
-1.0118430e-02
-1.0087350e-02
-1.0119700e-02
-1.0683100e-02
-1.1033780e-02
-1.1125750e-02
-1.1193420e-02
-1.1400180e-02
-1.1616130e-02
-1.1421550e-02
-1.0884130e-02
-9.7301560e-03
-8.9218570e-03
-8.7160980e-03
-8.3860420e-03
-7.4710460e-03
-6.3803970e-03
-5.4522770e-03
-4.6374120e-03
-3.9562630e-03
-3.3918200e-03
-3.2386240e-03
-3.2265970e-03
-3.2316410e-03
-3.1909210e-03
-3.1483210e-03
-3.2436420e-03
-3.5525280e-03
-3.7202870e-03
-3.0159450e-03
-1.7668120e-03
-9.0938710e-04
-7.0380890e-04
-3.6738110e-04
5.5945560e-04
1.5362380e-03
1.9578120e-03
2.0780010e-03
2.1907140e-03
2.3434480e-03
2.9594860e-03
3.7496540e-03
4.3682650e-03
4.5869710e-03
4.8695540e-03
5.2381580e-03
5.2526470e-03
4.7490650e-03
4.4251310e-03
4.3550200e-03
4.5378020e-03
4.8312170e-03
4.7758770e-03
3.7818190e-03
2.5722720e-03
1.8217280e-03
1.6473700e-03
1.7154460e-03
1.8702340e-03
1.8594930e-03
1.2932540e-03
4.3812720e-05
-7.9673160e-04
-1.0041250e-03
-9.7995910e-04
-9.5422770e-04
-9.6241750e-04
-9.7938430e-04
-9.9653000e-04
-1.0143070e-03
-1.0040600e-03
-9.2592130e-04
-8.5437370e-04
-1.1023220e-03
-2.0104840e-03
-3.1514360e-03
-3.7602580e-03
-4.5334960e-03
-5.5564960e-03
-6.4136060e-03
-7.3078710e-03
-8.2659460e-03
-9.1165690e-03
-9.4003740e-03
-9.3743570e-03
-9.0989780e-03
-8.7988240e-03
-8.8391690e-03
-8.9561100e-03
-8.1753350e-03
-7.3699430e-03
-6.8876670e-03
-6.2030040e-03
-5.6063810e-03
-5.4547510e-03
-5.4951130e-03
-5.0978500e-03
-4.8809510e-03
-4.7621030e-03
-3.6704030e-03
-2.2349420e-03
-8.5560930e-04
7.7161080e-04
2.0927130e-03
3.0455780e-03
3.8050540e-03
4.9429340e-03
5.8113360e-03
6.0864750e-03
6.2938810e-03
6.6355680e-03
6.6950980e-03
6.4456960e-03
6.1607630e-03
5.6426320e-03
5.1544360e-03
5.5561320e-03
6.0843370e-03
6.3871990e-03
6.4523620e-03
6.3988160e-03
6.9758780e-03
7.4758150e-03
7.3810530e-03
6.8063020e-03
6.4008890e-03
6.2109010e-03
5.5847980e-03
4.5528800e-03
4.4522380e-03
4.7060230e-03
4.4763300e-03
3.8876120e-03
3.5570310e-03
3.0744890e-03
2.3915150e-03
