0.01
-3.5958260e-03
-5.3209240e-03
-5.7315640e-03
-4.7330110e-03
-2.0053530e-03
-1.5051870e-04
2.0100610e-04
-1.0939740e-04
2.9200750e-06
-2.4691810e-04
-1.7847320e-03
-3.4160640e-03
-2.9601140e-03
-7.3622170e-04
1.2481390e-03
1.6746820e-03
5.9803040e-04
-6.7816790e-05
1.6096300e-03
4.9188510e-03
8.3749510e-03
1.0225510e-02
1.0504300e-02
1.1596850e-02
1.4031840e-02
1.5540940e-02
1.3640780e-02
8.5416770e-03
2.8585530e-03
-9.2337280e-04
-2.3517830e-03
-1.7484480e-03
6.8351620e-04
3.7935570e-03
5.6198370e-03
5.2003200e-03
3.0069100e-03
3.3143380e-04
-1.8226060e-03
-1.9464200e-03
-7.0692430e-04
-1.3974670e-03
-4.0570670e-03
-5.3738490e-03
-5.6482350e-03
-5.5531960e-03
-5.0204820e-03
-3.2331030e-03
-1.2751310e-03
-4.6044580e-04
-4.5093470e-04
5.4877120e-04
3.1282920e-03
4.7968710e-03
3.3376770e-03
-8.7943770e-04
-6.1220680e-03
-7.9197370e-03
-5.5896900e-03
-2.9910980e-03
-4.2113530e-03
-8.2130520e-03
-1.1043780e-02
-9.1114340e-03
-3.6735300e-03
1.3324760e-03
2.0665090e-03
-3.9824420e-04
-1.9482400e-03
9.2486700e-04
4.8651350e-03
9.8797010e-03
1.4618620e-02
1.7073320e-02
1.3628590e-02
4.8513080e-03
-3.1951440e-03
-7.7811660e-03
-9.3604320e-03
-8.2371910e-03
-4.9773980e-03
-1.8767530e-03
1.3382650e-03
4.2970940e-03
5.4582490e-03
4.2467700e-03
2.3204380e-03
4.1859770e-04
-2.7691560e-05
1.3944760e-04
-1.0086610e-04
-1.6373730e-03
-2.9780320e-03
-1.8819630e-03
1.5140660e-03
6.2534310e-03
9.8277080e-03
1.1601240e-02
1.0741080e-02
6.9961100e-03
2.2866490e-03
-5.7096650e-05
-1.3943240e-04
1.9684710e-03
4.8541980e-03
5.5231640e-03
5.5982260e-03
5.8558540e-03
5.8942550e-03
4.1998460e-03
9.8714930e-04
-3.9161940e-04
1.8864200e-03
7.1905490e-03
1.1357660e-02
1.3255410e-02
1.2963420e-02
1.1728780e-02
8.3299410e-03
1.4695310e-03
-6.5825500e-03
-1.1260620e-02
-1.0482820e-02
-6.5754660e-03
-3.9237980e-03
-2.1536950e-03
-1.0131300e-03
-1.2776050e-03
-3.3146340e-03
-6.0134770e-03
-8.4010230e-03
-9.3657370e-03
-6.7420420e-03
-3.0692730e-03
-1.1851800e-03
-1.4905490e-03
-4.5608800e-03
-8.7820030e-03
-1.1860290e-02
-1.4851370e-02
-1.8412480e-02
-2.2033270e-02
-2.3982440e-02
-2.4556740e-02
-2.7585540e-02
-3.3819960e-02
-4.0932560e-02
-4.5860510e-02
-4.7748060e-02
-4.6921600e-02
-4.5381450e-02
-4.5170790e-02
-4.6002620e-02
-4.7529730e-02
-4.8282370e-02
-4.8611540e-02
-4.7373710e-02
-4.2880700e-02
-3.5897360e-02
-2.6707900e-02
-1.5791510e-02
-4.5307360e-03
6.4659730e-03
1.7743500e-02
2.8716440e-02
3.7811090e-02
4.3531470e-02
4.4456720e-02
4.1001780e-02
3.3462060e-02
2.2834610e-02
7.5666380e-03
-1.2403300e-02
-3.4417800e-02
-5.4125480e-02
-6.7855440e-02
-7.1544070e-02
-6.0867050e-02
-3.4184890e-02
2.1498370e-03
3.4499000e-02
5.5909190e-02
6.6517920e-02
6.9736340e-02
6.7085510e-02
5.9847210e-02
5.2431080e-02
4.7405210e-02
4.5888310e-02
4.6755390e-02
4.6970700e-02
4.6849730e-02
4.6747460e-02
4.6999090e-02
4.5545270e-02
4.2619920e-02
3.9710150e-02
3.8590510e-02
3.9711980e-02
4.1419930e-02
4.3510000e-02
4.4459020e-02
4.2247300e-02
3.5908710e-02
2.8399580e-02
2.2399250e-02
1.9164340e-02
1.7673530e-02
1.3029810e-02
3.3986460e-03
-9.3589100e-03
-2.1842750e-02
-2.8156010e-02
-2.4181740e-02
-7.0855140e-03
1.9818720e-02
4.8907490e-02
7.3612620e-02
9.1805800e-02
1.0214940e-01
1.0325720e-01
9.5440690e-02
8.0709730e-02
6.1695590e-02
3.8096390e-02
1.0776050e-02
-1.8323780e-02
-4.7802180e-02
-7.4384210e-02
-9.5045480e-02
-1.0801820e-01
-1.1228210e-01
-1.0681430e-01
-9.2092610e-02
-7.2624200e-02
-5.4772780e-02
-4.3780980e-02
-4.2187850e-02
-4.8751470e-02
-5.8290920e-02
-6.5772920e-02
-6.5895390e-02
-5.6643910e-02
-3.7406560e-02
-1.3061200e-02
8.4247450e-03
2.1188770e-02
2.2787020e-02
1.6123180e-02
6.0965970e-03
-2.9054510e-03
-9.8046970e-03
-1.5025600e-02
-1.7769120e-02
-1.8799810e-02
-2.1539230e-02
-2.8774370e-02
-3.8432380e-02
-4.9219570e-02
-5.9960480e-02
-7.0188750e-02
-7.9224820e-02
-8.4873200e-02
-8.6077380e-02
-8.1853230e-02
-7.2741720e-02
-6.0157620e-02
-4.5119660e-02
-2.8069370e-02
-8.8675030e-03
1.1305680e-02
2.9124170e-02
4.0880680e-02
4.3256400e-02
3.6029180e-02
2.2161750e-02
6.8895050e-03
-5.2838670e-03
-1.2052710e-02
-1.3797370e-02
-9.2435280e-03
2.8411200e-04
1.1472100e-02
2.2482260e-02
3.1377820e-02
3.7533660e-02
4.1608080e-02
4.4160350e-02
4.5523120e-02
4.5340790e-02
4.3591980e-02
3.8234830e-02
2.7991200e-02
1.5561130e-02
3.6973880e-03
-8.0052150e-03
-1.6518510e-02
-1.9856910e-02
-2.0518450e-02
-2.0049550e-02
-1.8048430e-02
-1.5422270e-02
-1.1957430e-02
-6.6789570e-03
2.2423510e-03
1.5259010e-02
2.9782780e-02
4.3299930e-02
5.6247900e-02
6.7701680e-02
7.6662290e-02
8.2153540e-02
8.5334720e-02
8.5072290e-02
8.0685080e-02
7.2363500e-02
6.1642100e-02
5.3744960e-02
5.2137410e-02
5.2676090e-02
4.5752260e-02
3.0044020e-02
1.6426510e-02
8.2951540e-03
5.1483830e-03
6.8142750e-03
1.1675920e-02
1.8418940e-02
2.5526950e-02
3.1378590e-02
3.4391240e-02
3.4319850e-02
3.1908070e-02
2.8309040e-02
2.4508190e-02
1.9353790e-02
1.2157350e-02
4.0128740e-03
-4.2408860e-03
-1.1629730e-02
-1.7270420e-02
-1.9973870e-02
-2.0305380e-02
-2.0517210e-02
-2.1718930e-02
-2.3499610e-02
-2.5855390e-02
-2.8647280e-02
-3.1083750e-02
-3.2155390e-02
-3.2007060e-02
-2.9351700e-02
-2.4071540e-02
-1.6727680e-02
-9.1544810e-03
-4.0979630e-03
-9.3806340e-04
-6.9082290e-04
-3.4375890e-03
-7.4558160e-03
-1.2346370e-02
-1.6582240e-02
-1.9642030e-02
-2.0429820e-02
-1.9388350e-02
-1.6445000e-02
-1.2449280e-02
-8.5464500e-03
-6.1777030e-03
-6.8824770e-03
-1.0141290e-02
-1.4763280e-02
-1.9698480e-02
-2.3649480e-02
-2.5802600e-02
-2.6250080e-02
-2.6271000e-02
-2.6181300e-02
-2.6589920e-02
-2.8035740e-02
-2.9704070e-02
-3.1593630e-02
-3.2076220e-02
-3.2018610e-02
-3.2467630e-02
-3.4269200e-02
-3.6316770e-02
-3.7828840e-02
-3.6948260e-02
-3.4767680e-02
-3.3127050e-02
-3.1939880e-02
-2.9227700e-02
-2.5583240e-02
-2.2837590e-02
-2.1487130e-02
-2.2978210e-02
-2.4867420e-02
-2.7403790e-02
-2.9569080e-02
-3.0939010e-02
-2.9701840e-02
-2.7024600e-02
-2.2227510e-02
-1.6753900e-02
-1.2180920e-02
-7.9082050e-03
-3.5089520e-03
1.2283290e-03
6.7107660e-03
1.2473020e-02
1.6874920e-02
1.9374350e-02
2.0807430e-02
2.2559620e-02
2.3032370e-02
2.3164160e-02
2.3887380e-02
2.5141480e-02
2.5742470e-02
2.5845230e-02
2.7387990e-02
3.1204460e-02
3.6162960e-02
4.2590050e-02
4.7962780e-02
5.1246860e-02
5.1136770e-02
4.8013540e-02
4.2552690e-02
3.6608260e-02
3.0977820e-02
2.5943130e-02
2.1231460e-02
1.7198030e-02
1.3558950e-02
1.0983700e-02
9.4497110e-03
1.0706860e-02
1.3613800e-02
1.7181390e-02
1.9689960e-02
2.0284340e-02
1.9973800e-02
1.8105770e-02
1.5436950e-02
1.2436170e-02
8.7991060e-03
3.7521270e-03
-2.0481530e-03
-7.8376880e-03
-1.2671840e-02
-1.6129230e-02
-1.7737990e-02
-1.8262280e-02
-1.9470180e-02
-2.2156330e-02
-2.4711870e-02
-2.6812530e-02
-2.9397010e-02
-3.1289570e-02
-3.0970960e-02
-2.8998440e-02
-2.6631350e-02
-2.4608300e-02
-2.3415560e-02
-2.4087580e-02
-2.5756890e-02
-2.6202070e-02
-2.6396000e-02
-2.6178950e-02
-2.4801410e-02
-2.2945980e-02
-2.0797640e-02
-1.8858760e-02
-1.6195590e-02
-1.2683480e-02
-9.3274800e-03
-6.4249170e-03
-3.2924860e-03
4.7262600e-04
3.7411260e-03
6.1457830e-03
7.9195470e-03
7.5936600e-03
6.3121050e-03
5.1904720e-03
3.4376610e-03
3.2072300e-03
4.5182060e-03
5.4291880e-03
5.5375130e-03
6.1411330e-03
7.7043220e-03
8.5766100e-03
9.2789130e-03
9.9886890e-03
1.0174830e-02
9.1337990e-03
8.6308880e-03
8.4131420e-03
9.0282970e-03
1.1509820e-02
1.5402830e-02
2.0029150e-02
2.2338520e-02
2.1284480e-02
1.9332170e-02
1.6758520e-02
1.4956010e-02
1.5353280e-02
1.7781520e-02
2.0741850e-02
2.3698930e-02
2.5758770e-02
2.5241760e-02
2.2617810e-02
1.9679130e-02
1.7698190e-02
1.7310320e-02
1.7237030e-02
1.7231470e-02
1.7317280e-02
1.7320350e-02
1.6633420e-02
1.5189280e-02
1.4435880e-02
1.3307200e-02
1.1234630e-02
8.5015170e-03
5.0381350e-03
8.3065510e-04
-3.7436310e-03
-7.2433010e-03
-9.3933800e-03
-1.0567000e-02
-9.5810690e-03
-7.8057980e-03
-4.9704640e-03
-1.9319070e-03
6.6884560e-04
2.0224310e-03
2.3179900e-03
2.5128440e-03
1.9595560e-03
-3.9211070e-04
-3.4748620e-03
-5.9554530e-03
-6.2179710e-03
-4.5433680e-03
-2.3836800e-03
-1.1016230e-03
-7.9676880e-04
-5.2686790e-04
-1.0504120e-03
-3.7157100e-03
-7.3384930e-03
-9.2541820e-03
-9.4643640e-03
-9.5737910e-03
-1.0466990e-02
-1.2020680e-02
-1.3855050e-02
-1.6698890e-02
-1.9459100e-02
-2.1067840e-02
-2.1341950e-02
-2.1400620e-02
-2.1445960e-02
-2.1402430e-02
-2.1408100e-02
-2.2103370e-02
-2.3645940e-02
-2.4280530e-02
-2.4829900e-02
-2.6219160e-02
-2.7297450e-02
-2.7627200e-02
-2.7759810e-02
-2.7300280e-02
-2.5520170e-02
-2.3052240e-02
-1.9530740e-02
-1.5128650e-02
-9.1417690e-03
-2.1558610e-03
4.7975300e-03
1.2075810e-02
1.8437950e-02
2.2453840e-02
2.4213060e-02
2.3694240e-02
2.2639480e-02
2.3914980e-02
2.5856790e-02
2.7497650e-02
2.9380440e-02
3.1329200e-02
3.2981970e-02
3.2929840e-02
3.1051440e-02
2.7983030e-02
2.3926470e-02
2.0505920e-02
1.8686970e-02
1.6472030e-02
1.4058370e-02
1.2389070e-02
1.0604640e-02
8.5907950e-03
5.6749770e-03
2.2769740e-03
-1.1326770e-03
-4.6941730e-03
-8.4024530e-03
-1.2604050e-02
-1.6358980e-02
-2.0038960e-02
-2.3975130e-02
-2.7490070e-02
-3.0594060e-02
-3.2896570e-02
-3.3976970e-02
-3.4133070e-02
-3.3183230e-02
-3.1052610e-02
-2.8813400e-02
-2.6587480e-02
-2.4740890e-02
-2.2781850e-02
-2.0563260e-02
-1.7628110e-02
-1.4181380e-02
-1.0307820e-02
-5.3723400e-03
4.1021640e-04
6.2713020e-03
1.1456900e-02
1.5484670e-02
1.8665430e-02
2.0596140e-02
2.0737580e-02
2.0104540e-02
2.0854110e-02
2.1430250e-02
2.1242470e-02
1.9820890e-02
1.7930020e-02
1.5253700e-02
1.2379370e-02
9.7590940e-03
7.6987540e-03
6.1195530e-03
4.9782150e-03
5.9156780e-03
6.3655150e-03
4.9857390e-03
3.9412990e-03
3.7106670e-03
3.6030780e-03
3.8322530e-03
5.0029310e-03
6.2816160e-03
6.6490970e-03
6.5588500e-03
5.4410940e-03
3.3505730e-03
7.5234070e-04
-1.3111440e-03
-2.2532080e-03
-2.2332510e-03
-1.0098980e-03
1.0636970e-03
4.4989320e-03
7.5965960e-03
1.0532450e-02
1.3427440e-02
1.6619340e-02
2.0181070e-02
2.3662680e-02
2.6737010e-02
2.8916390e-02
2.9481880e-02
2.9625080e-02
2.9111260e-02
2.7653410e-02
2.6639570e-02
2.5370320e-02
2.4121330e-02
2.2548580e-02
1.9719880e-02
1.6382460e-02
1.3488630e-02
1.2453900e-02
1.1665830e-02
9.8950180e-03
8.3848530e-03
6.9238060e-03
6.1695370e-03
4.7716650e-03
3.3209080e-03
8.8605920e-04
-2.2167640e-03
-5.5810960e-03
-8.0370950e-03
-1.1132260e-02
-1.5020860e-02
-1.9034220e-02
-2.2587800e-02
-2.6166650e-02
-2.9466630e-02
-3.2246640e-02
-3.3753070e-02
-3.4805860e-02
-3.6144810e-02
-3.6711010e-02
-3.6217200e-02
-3.5327520e-02
-3.4665750e-02
-3.4062900e-02
-3.3961200e-02
-3.4213120e-02
-3.4776630e-02
-3.4969910e-02
-3.4568020e-02
-3.4163640e-02
-3.3183520e-02
-3.1793710e-02
-3.1276350e-02
-3.0520140e-02
-2.9334270e-02
-2.8651010e-02
-2.8354460e-02
-2.7191040e-02
-2.5945390e-02
-2.5681010e-02
-2.4861760e-02
-2.3107630e-02
-2.1284190e-02
-1.9586570e-02
-1.7854090e-02
-1.6824710e-02
-1.5454280e-02
-1.3082770e-02
-1.1471910e-02
-1.1239090e-02
-1.1311480e-02
-1.0987240e-02
-9.7060890e-03
-8.1875770e-03
-5.9259910e-03
-3.1748300e-03
-3.0063700e-04
2.7074230e-03
5.7062880e-03
7.9596620e-03
8.8542430e-03
1.0172270e-02
1.2426470e-02
1.4720650e-02
1.6767570e-02
1.8264300e-02
2.0341640e-02
2.2391300e-02
2.3599710e-02
2.4896650e-02
2.6199860e-02
2.7545790e-02
2.9005230e-02
2.9225570e-02
2.9513560e-02
3.0507790e-02
3.1495110e-02
3.2041320e-02
3.2384440e-02
3.2489640e-02
3.2601160e-02
3.2321430e-02
3.1096880e-02
2.9720900e-02
2.8321890e-02
2.6816290e-02
2.5315530e-02
2.4224410e-02
2.3744660e-02
2.2581770e-02
2.1273120e-02
1.9881920e-02
1.8469050e-02
1.8342130e-02
1.8163150e-02
1.7036480e-02
1.5606130e-02
1.5417510e-02
1.4996720e-02
1.3296780e-02
1.1103510e-02
8.6145160e-03
5.9496030e-03
3.7388330e-03
1.4101340e-03
-1.1547090e-03
-3.0241340e-03
-4.2347510e-03
-3.7843960e-03
-4.0509670e-03
-5.1244730e-03
-5.3873030e-03
-4.7690200e-03
-3.5653820e-03
-3.2160560e-03
-3.8369740e-03
-4.1399130e-03
-4.1022970e-03
-3.4155150e-03
-2.6961460e-03
-3.3234890e-03
-4.7175250e-03
-5.6596160e-03
-7.1964330e-03
-8.3779460e-03
-7.9353200e-03
-6.4502360e-03
-5.1018510e-03
-3.5108050e-03
-2.8390650e-03
-2.7258470e-03
-3.4224320e-03
-5.0540110e-03
-6.6474620e-03
-8.2445680e-03
-9.2842050e-03
-1.0836680e-02
-1.2093970e-02
-1.3739060e-02
-1.5274690e-02
-1.6929540e-02
-1.8034850e-02
-1.8925720e-02
-1.8150620e-02
-1.7452370e-02
-1.7372380e-02
-1.6549240e-02
-1.4299400e-02
-1.2124360e-02
-1.0609540e-02
-9.0744390e-03
-8.4176680e-03
-7.4822380e-03
-6.0175400e-03
-5.2366720e-03
-3.9146760e-03
-1.7072970e-03
1.6578420e-03
5.7714620e-03
8.4467000e-03
9.8171610e-03
1.1557770e-02
1.2440720e-02
1.2594090e-02
1.1759780e-02
9.9635320e-03
8.3024240e-03
7.0619220e-03
6.7586670e-03
6.6713080e-03
5.8595450e-03
4.2423160e-03
2.5702680e-03
5.2616400e-04
-1.3676550e-03
-2.4543690e-03
-3.3790260e-03
-4.1086570e-03
-5.0355110e-03
-5.4518800e-03
-5.5518780e-03
-5.6476530e-03
-5.7350860e-03
-5.6154240e-03
-5.0076590e-03
-4.4742390e-03
-4.2448740e-03
-3.6001020e-03
-3.0209670e-03
-2.9230280e-03
-2.8384340e-03
-2.7278250e-03
-3.0293530e-03
-4.1630970e-03
-5.2748640e-03
-5.8338590e-03
-5.9921630e-03
-5.1928430e-03
-4.2646710e-03
-4.2109790e-03
-4.7391580e-03
-5.1580400e-03
-5.1668490e-03
-5.2781060e-03
-5.9435280e-03
-6.1464530e-03
-5.5224560e-03
-4.9424540e-03
-3.4414670e-03
-2.3211720e-03
-2.1497280e-03
-2.1293080e-03
-2.1131120e-03
-2.1503950e-03
-2.1195140e-03
-1.7392380e-03
-8.4334680e-04
-2.0603880e-04
6.0074980e-04
7.4372360e-04
1.1826360e-03
2.5220880e-03
3.6269500e-03
3.8912630e-03
3.4643970e-03
2.4247310e-03
1.5092790e-03
9.8864830e-04
9.2241510e-04
9.4469440e-04
8.2825300e-04
7.5786950e-04
1.1622700e-03
2.1647660e-03
3.1020840e-03
3.5846380e-03
3.6497950e-03
3.7472820e-03
3.5755710e-03
2.7591750e-03
1.9901490e-03
1.6324510e-03
2.2074940e-03
3.1037780e-03
3.5501540e-03
3.6293770e-03
3.7358820e-03
4.0369710e-03
4.1076830e-03
3.8947570e-03
3.3011590e-03
2.0122760e-03
1.0977770e-03
9.5513970e-04
9.8724650e-04
9.2331460e-04
8.1083700e-04
1.2877270e-03
2.6666690e-03
3.0280340e-03
1.7994440e-03
1.5127940e-03
1.7101950e-03
2.1564370e-03
2.0614560e-03
1.5242320e-03
1.0611540e-03
-3.2229250e-04
-1.5873600e-03
-1.7131180e-03
-7.6058220e-04
7.4149200e-04
1.8665530e-03
3.4091710e-03
3.9656610e-03
4.0658990e-03
4.0874710e-03
4.0819030e-03
4.0034900e-03
4.0180370e-03
4.6210280e-03
5.8037820e-03
6.7118980e-03
7.6772550e-03
9.1759970e-03
9.8265960e-03
1.0027670e-02
9.6440570e-03
8.2756470e-03
7.2007140e-03
6.8629270e-03
6.8802250e-03
7.8381560e-03
9.4411380e-03
9.8348370e-03
9.0769490e-03
7.8775660e-03
8.6958490e-03
9.3078490e-03
8.1502980e-03
6.5506260e-03
4.6511390e-03
2.7863500e-03
5.4462460e-04
-1.7071310e-03
-4.0566030e-03
-6.1061110e-03
-7.5725720e-03
-7.7317370e-03
-8.0044180e-03
-9.1810150e-03
-1.0449950e-02
-1.1138610e-02
-1.2562790e-02
-1.3576170e-02
-1.3812520e-02
-1.3958910e-02
-1.3888480e-02
-1.3012950e-02
-1.1709930e-02
-1.1162700e-02
-1.0142970e-02
-8.7232130e-03
-8.3429550e-03
-7.9994150e-03
-6.8754810e-03
-5.6815080e-03
-5.3318420e-03
-5.3984290e-03
-5.1309240e-03
-4.0946250e-03
-2.9190190e-03
-1.8362240e-03
-4.5732720e-04
4.8229210e-04
6.2256640e-04
-1.9531780e-05
-1.1455120e-03
-1.8022690e-03
-1.0773760e-03
-9.0435600e-05
3.4778720e-04
1.2601300e-03
2.6541650e-03
3.0414010e-03
1.9526200e-03
7.7456980e-04
1.7192180e-03
3.1173780e-03
3.4366700e-03
3.0817130e-03
1.8956370e-03
8.8639370e-04
4.8480480e-04
-4.8390610e-04
-2.1311860e-03
-2.7182630e-03
-2.0606230e-03
-3.4105710e-04
-1.1812250e-05
-1.0400270e-03
-1.5017580e-03
-1.0071540e-03
-1.4887320e-04
2.9452320e-04
3.2815970e-04
4.8864610e-04
1.2684070e-03
2.5182960e-03
3.3328860e-03
3.5739490e-03
3.4430870e-03
2.5496510e-03
1.4505520e-03
8.7906220e-04
1.2151150e-04
-1.2092850e-03
-2.0494570e-03
-2.1245170e-03
-2.3450960e-03
-3.3762940e-03
-4.6186710e-03
-5.2809790e-03
-5.3467540e-03
-4.5164210e-03
-3.0142340e-03
-2.4672070e-03
-2.3737760e-03
-2.4108470e-03
-2.9111910e-03
-3.9299950e-03
-4.8925200e-03
-5.3342720e-03
-5.1677170e-03
-4.7633190e-03
-4.9994850e-03
-5.3742400e-03
-4.4894530e-03
-2.7621900e-03
-1.3017780e-03
5.3623610e-05
1.0626690e-03
2.6197080e-03
3.1861490e-03
3.5192980e-03
4.6160830e-03
5.7862370e-03
6.5976640e-03
8.1687490e-03
8.4643240e-03
7.0930000e-03
6.4132320e-03
6.2360730e-03
6.2032780e-03
6.6746280e-03
7.9366770e-03
9.0232180e-03
9.2588140e-03
8.6581940e-03
7.0596190e-03
6.2653330e-03
6.1295550e-03
6.1383810e-03
6.1378090e-03
6.1243090e-03
6.0936330e-03
6.0379530e-03
6.0218510e-03
6.0244350e-03
6.0510390e-03
6.0605200e-03
5.9739740e-03
5.8916550e-03
6.3505160e-03
7.7541750e-03
8.7823330e-03
9.6664960e-03
1.0400620e-02
1.0147240e-02
9.0655620e-03
7.5649870e-03
5.3725230e-03
3.0323080e-03
3.8419830e-04
-2.1446440e-03
-4.2420380e-03
-5.5727250e-03
-4.9279400e-03
-3.2443870e-03
-1.4209100e-03
5.3764300e-04
2.1819230e-03
2.6938480e-03
2.7618880e-03
2.6913990e-03
2.7119510e-03
3.2688240e-03
4.3136460e-03
5.2546520e-03
5.0221190e-03
3.5283110e-03
2.2874010e-03
5.6218860e-04
-9.4495240e-04
-2.8849100e-03
-4.7902360e-03
-6.4230380e-03
-7.6689020e-03
-7.6818070e-03
-7.1891380e-03
-6.9329060e-03
-6.5271010e-03
-6.4255770e-03
-6.4039650e-03
-6.4375430e-03
-6.4852940e-03
-6.4923990e-03
-6.4901600e-03
-6.4878310e-03
-6.4913680e-03
-6.4967310e-03
-6.4849250e-03
-6.4488950e-03
-6.4444490e-03
-6.5405500e-03
-6.4531530e-03
-5.4433020e-03
-3.7730550e-03
-2.3410210e-03
-6.9401940e-04
1.1086500e-03
3.0910870e-03
4.8884330e-03
5.3821020e-03
5.4948710e-03
5.0394580e-03
4.2393770e-03
4.8094590e-03
5.3555780e-03
5.4785370e-03
5.4617700e-03
5.3699280e-03
5.3074630e-03
5.5437720e-03
6.0410060e-03
5.9618320e-03
5.4594760e-03
5.2422090e-03
5.1080980e-03
4.0640300e-03
1.6509450e-03
-2.1082910e-05
-8.2769440e-04
-2.3534020e-03
-3.8300700e-03
-5.9193530e-03
-7.7017480e-03
-9.3789330e-03
-1.1050750e-02
-1.2421960e-02
-1.4164450e-02
-1.4976700e-02
-1.5187410e-02
-1.5175400e-02
-1.4569970e-02
-1.3395940e-02
-1.2369430e-02
-1.2207020e-02
-1.2127530e-02
-1.2240340e-02
-1.2672050e-02
-1.2728610e-02
-1.2467560e-02
-1.2121070e-02
-1.0713160e-02
-8.9238960e-03
-7.1786320e-03
-6.2865220e-03
-4.9529410e-03
-3.7994540e-03
-3.4801550e-03
-3.4608390e-03
-3.3910690e-03
-3.2249580e-03
-3.4725510e-03
-4.8239490e-03
-6.0626440e-03
-6.2329240e-03
-6.3842370e-03
-7.0368790e-03
-8.2239300e-03
-9.1456230e-03
-9.2019710e-03
-8.4553780e-03
-7.2761660e-03
-6.2099770e-03
-4.6320430e-03
-2.9548540e-03
-1.2230150e-03
-7.4041450e-04
-1.6325200e-04
1.2597910e-03
2.2011480e-03
2.9795410e-03
4.0273090e-03
4.9046990e-03
5.2022740e-03
5.7790170e-03
7.3967390e-03
8.9215270e-03
1.0608880e-02
1.1934110e-02
1.3391840e-02
1.4230990e-02
1.5508340e-02
1.6396930e-02
1.5947920e-02
1.5136300e-02
1.4311150e-02
1.3383040e-02
1.2042140e-02
1.1129900e-02
9.6403280e-03
8.6432810e-03
8.4752640e-03
8.4500180e-03
8.3777940e-03
8.4009460e-03
8.9434100e-03
9.8690190e-03
1.0727270e-02
1.1115860e-02
1.1247300e-02
1.1416360e-02
1.1199150e-02
9.9795260e-03
9.0105820e-03
1.0339940e-02
1.1269940e-02
1.1063970e-02
9.7560360e-03
8.6904280e-03
8.2983220e-03
7.1063950e-03
5.4601220e-03
3.6303360e-03
2.6202980e-03
2.4339590e-03
2.8758250e-03
2.6266510e-03
1.7835240e-03
1.8151390e-03
2.5399050e-03
1.6006490e-03
5.9706210e-04
-1.0192970e-04
-1.5598260e-03
-2.5553930e-03
-3.5130390e-03
-4.4634990e-03
-5.2267310e-03
-5.3442040e-03
-5.5935190e-03
-6.4577930e-03
-7.3296680e-03
-7.8679540e-03
-8.0854150e-03
-8.4034120e-03
-8.4788230e-03
-8.5588080e-03
-8.6344870e-03
-8.6845580e-03
-8.7531210e-03
-8.8170050e-03
-8.8575640e-03
-8.8865860e-03
-9.0126690e-03
-9.1898210e-03
-8.8888580e-03
-7.6675050e-03
-6.6364590e-03
-6.0177360e-03
-4.5715560e-03
-3.3196720e-03
-1.9355460e-03
-1.5433240e-03
-2.0565780e-03
-6.5417580e-04
1.2336270e-03
2.1551970e-03
1.3433940e-03
9.5618010e-05
-4.4638520e-04
-4.7232460e-04
-5.1110190e-04
-6.3060770e-04
-6.5942160e-04
5.6963730e-05
1.7430780e-03
2.5828280e-03
2.4389020e-03
1.2079470e-03
4.9063940e-05
-2.5416960e-05
-4.7052850e-04
-1.9928320e-03
-2.9612100e-03
-3.0864540e-03
-3.0674600e-03
-3.0342740e-03
-2.9800730e-03
-2.8741620e-03
-3.0138530e-03
-3.9440520e-03
-5.1540580e-03
-5.7179610e-03
-5.8047500e-03
-5.7798230e-03
-5.7797110e-03
-5.7836240e-03
-5.7709600e-03
-5.7588640e-03
-5.6763350e-03
-5.6056240e-03
-5.5900330e-03
-5.5889210e-03
-5.5890290e-03
-5.5868100e-03
-5.5858280e-03
-5.5900520e-03
-5.5911970e-03
-5.5621550e-03
-5.5085930e-03
-5.4500750e-03
-5.5114970e-03
-5.6607570e-03
-5.4078510e-03
-4.0018980e-03
-2.4940050e-03
-1.2694610e-03
-3.1510510e-04
2.9751260e-04
3.9828870e-04
4.2222630e-04
4.2661770e-04
3.8321160e-04
3.4121170e-04
5.4033190e-04
1.0747490e-03
9.9836010e-04
2.6795530e-04
-5.1667790e-06
2.6462770e-04
2.6586190e-04
6.5911800e-04
2.0194400e-03
3.3192590e-03
4.7718100e-03
5.8547500e-03
6.9036980e-03
8.3354230e-03
9.0728960e-03
1.0028390e-02
1.0967080e-02
1.1712880e-02
1.1823140e-02
1.1790250e-02
1.1817190e-02
1.1959800e-02
1.1904480e-02
1.0993910e-02
9.4795330e-03
9.0407860e-03
8.9359550e-03
8.0872750e-03
6.5747390e-03
6.0168570e-03
5.7433100e-03
4.9216380e-03
3.9264530e-03
3.0700440e-03
2.8324450e-03
2.8197890e-03
2.9439840e-03
2.8763480e-03
1.8730940e-03
2.5774270e-04
8.5231140e-05
4.6389090e-04
5.3069590e-04
3.5351650e-04
2.2456600e-04
-5.7526720e-05
3.7573650e-04
1.0806810e-03
2.1387510e-03
2.5294150e-03
2.9842800e-03
4.5743920e-03
5.4878530e-03
4.3979840e-03
3.0859000e-03
1.7967240e-03
4.9824070e-04
-1.0776190e-04
-1.6114890e-03
-2.7270670e-03
-2.8545400e-03
-2.8279940e-03
-2.7722290e-03
-2.7466440e-03
-2.7590050e-03
-2.7697360e-03
-2.7779790e-03
-2.8236010e-03
-2.8729090e-03
-2.8581890e-03
-2.5514530e-03
-1.9765750e-03
-1.6723180e-03
-7.1785220e-04
-4.4676340e-05
1.2619030e-04
-7.8686450e-04
-2.3394570e-03
-2.8489820e-03
-2.9041860e-03
-2.8751360e-03
-2.8713750e-03
-2.9061900e-03
-2.9131370e-03
-2.9164440e-03
-2.9128580e-03
-2.8825890e-03
-2.8582700e-03
-2.9540140e-03
-3.1335600e-03
-2.8231110e-03
-1.4663260e-03
-3.0539390e-04
-9.6269760e-05
-8.3781740e-05
-1.0391670e-04
-5.6215830e-05
-3.4127600e-05
-1.6281630e-04
-3.2182500e-04
1.8473320e-04
1.7517850e-03
2.6078740e-03
2.7251360e-03
2.6900490e-03
2.7066900e-03
2.8186630e-03
2.8005820e-03
2.1391610e-03
7.9847690e-04
1.5479680e-04
-1.2731800e-04
-3.1068610e-04
-1.4620410e-03
-2.8944900e-03
-3.1895340e-03
-3.1863730e-03
-3.2244000e-03
-3.3936790e-03
-3.2555800e-03
-2.0703350e-03
-6.1617100e-04
-3.4917000e-04
-4.3741420e-04
-4.0001710e-04
4.0529200e-04
1.7150150e-03
2.4640710e-03
2.5462440e-03
2.5111450e-03
2.4809600e-03
2.4794780e-03
2.4645100e-03
2.3495130e-03
2.1708030e-03
2.5421270e-03
3.9884980e-03
4.8978190e-03
4.5340520e-03
4.0527610e-03
4.7964730e-03
5.3499100e-03
5.4518260e-03
5.0010900e-03
4.6750010e-03
4.5955220e-03
4.5840530e-03
4.6346660e-03
4.4604850e-03
3.5516600e-03
2.6321440e-03
3.4010230e-03
2.9494660e-03
1.3273840e-03
-5.6144790e-04
-1.4590220e-03
-1.5475840e-03
-1.5683560e-03
-1.6335920e-03
-1.6487290e-03
-1.5248920e-03
-1.4679760e-03
-2.1544100e-03
-3.7248270e-03
-4.4512060e-03
-4.5568980e-03
-4.5591890e-03
-4.5733240e-03
-4.6175890e-03
-4.6271870e-03
-4.5200830e-03
-4.4238310e-03
-4.9237680e-03
-6.4614720e-03
-7.4255470e-03
-7.6108020e-03
-8.1236360e-03
-8.9935980e-03
-8.7682080e-03
-7.9503490e-03
-7.8393830e-03
-7.9973330e-03
-7.8582710e-03
-6.6991600e-03
-5.2961970e-03
-4.9650040e-03
-4.8124240e-03
-4.9766090e-03
-6.1374090e-03
-7.5125060e-03
-6.8234260e-03
-5.3545900e-03
-4.9450860e-03
-4.9107320e-03
-4.9187990e-03
-4.8939920e-03
-4.9026490e-03
-4.8956560e-03
-4.4479090e-03
-3.4479400e-03
-1.9901810e-03
-4.4113970e-04
3.3035830e-04
-3.9933040e-04
-1.0779550e-04
8.6623910e-04
1.0104670e-03
8.8274950e-04
9.3444610e-04
1.8146200e-03
2.9895940e-03
3.5886760e-03
3.7586970e-03
3.6189710e-03
3.7266640e-03
4.7667550e-03
6.2026700e-03
6.5555260e-03
6.5676830e-03
6.4965870e-03
6.4717200e-03
6.4695280e-03
6.4461060e-03
6.4159160e-03
6.4383440e-03
6.4617610e-03
6.3468590e-03
6.0222300e-03
5.9787100e-03
5.7482070e-03
5.6385510e-03
5.1131610e-03
4.7292060e-03
5.1340140e-03
6.0102620e-03
5.6488880e-03
4.7618950e-03
3.7817240e-03
2.7928960e-03
1.3996840e-03
2.0055960e-03
2.8170890e-03
1.6570490e-03
6.5413450e-04
4.3670670e-04
4.4348940e-04
4.7177850e-04
4.8146720e-04
3.8881500e-04
2.7432480e-04
6.2887470e-04
1.6352580e-03
1.6373790e-03
6.6224420e-04
4.7020190e-04
3.5616550e-04
2.7900150e-04
7.9589190e-04
2.3369850e-03
3.2519560e-03
3.3971070e-03
3.3734270e-03
3.3476370e-03
3.3723140e-03
3.4035170e-03
3.3952280e-03
3.3874740e-03
3.3821060e-03
3.3772800e-03
3.4740750e-03
3.5135900e-03
2.9184980e-03
1.5606050e-03
8.0396120e-04
5.5208070e-04
5.0737850e-04
4.9229510e-04
5.5594250e-04
6.1469320e-04
1.5670190e-04
-9.5735750e-04
-1.4002670e-03
-2.0859920e-03
-2.3275580e-03
-2.3681010e-03
-2.2887820e-03
-2.2761600e-03
-2.8111850e-03
-3.9380280e-03
-4.9576090e-03
-4.8899220e-03
-4.6425210e-03
-4.8431550e-03
-5.2052670e-03
-6.5996080e-03
-7.6403810e-03
-8.3440720e-03
-9.8922390e-03
-1.0767630e-02
-1.1009690e-02
-1.0506530e-02
-9.0897580e-03
-8.9884040e-03
-1.0386330e-02
-9.6331350e-03
-8.3049750e-03
-8.0504920e-03
-8.0667640e-03
-8.1013780e-03
-8.0954320e-03
-8.1009780e-03
-8.1257760e-03
-8.1370010e-03
-8.2699970e-03
-8.4267070e-03
-8.0909260e-03
-6.7458660e-03
-5.8023550e-03
-5.2993760e-03
-3.8752290e-03
-2.8530390e-03
-2.5863390e-03
-1.6969480e-03
-3.8506040e-04
3.2608330e-04
3.3197900e-04
1.4802730e-04
4.4678140e-04
1.9391920e-03
3.1092280e-03
3.2778630e-03
3.2907610e-03
3.3257950e-03
3.2981860e-03
3.1347260e-03
3.2128270e-03
4.2465510e-03
5.6454930e-03
4.7045980e-03
4.1926790e-03
6.5169750e-03
8.6201380e-03
8.9318440e-03
8.8987950e-03
9.7773090e-03
1.1557430e-02
1.2037160e-02
1.2070110e-02
1.1857120e-02
1.1817060e-02
1.2757780e-02
1.4493820e-02
1.4268180e-02
1.2595880e-02
1.1990110e-02
1.1995030e-02
1.2164690e-02
1.1884640e-02
1.0566920e-02
9.4011670e-03
8.9278420e-03
7.5982340e-03
6.3411180e-03
6.0501630e-03
5.9868780e-03
6.0913680e-03
6.0903070e-03
5.3323940e-03
3.6330730e-03
3.0351930e-03
2.9271620e-03
3.0250160e-03
3.0498080e-03
2.3977190e-03
8.9591780e-04
2.4154400e-04
-4.9984520e-04
-1.9705290e-03
-2.5947560e-03
-3.3862480e-03
-5.0674830e-03
-5.7744610e-03
-5.7984860e-03
-5.8048770e-03
-6.3788100e-03
-7.3804130e-03
-7.4520690e-03
-7.7334740e-03
-8.4677800e-03
-8.7830280e-03
-7.6431620e-03
-6.2704180e-03
-6.0418610e-03
-6.0794650e-03
-6.1002920e-03
-6.0844170e-03
-6.0909230e-03
-6.1395190e-03
-6.2461750e-03
-6.3620830e-03
-6.1927860e-03
-5.6261730e-03
-5.7573970e-03
-6.5075950e-03
-6.7303630e-03
-6.2056480e-03
-4.7180250e-03
-4.0332160e-03
-3.8209580e-03
-2.7854790e-03
-1.3242660e-03
-1.0123340e-03
-9.8828370e-04
-1.0429590e-03
-1.0921200e-03
-1.1310030e-03
-1.1488560e-03
-1.1778360e-03
-1.1782330e-03
-1.1459640e-03
-1.1330200e-03
-1.2005330e-03
-1.4515860e-03
-1.6384500e-03
-1.6624650e-03
-1.7057350e-03
-1.9998070e-03
-1.8046590e-03
-1.5054440e-03
-2.8907440e-03
-3.8611710e-03
-4.0013170e-03
-4.0835900e-03
-4.2241880e-03
-3.8175130e-03
-2.2116470e-03
-1.0277540e-03
-9.5036770e-04
-1.9899500e-03
-3.3478170e-03
-2.1948400e-03
-1.1936570e-03
-1.0270560e-03
-1.0433680e-03
-1.0421970e-03
-1.0578680e-03
-1.1621680e-03
-1.1033760e-03
-4.4840290e-04
4.4864340e-04
1.5811520e-03
2.5674220e-03
3.0713110e-03
1.9044030e-03
2.0047460e-03
3.4319800e-03
4.5823720e-03
4.7319870e-03
4.7378870e-03
4.7356710e-03
4.7293970e-03
4.7281790e-03
4.8248520e-03
4.9225790e-03
4.4307530e-03
2.9374370e-03
2.0194680e-03
1.8402490e-03
1.7906850e-03
1.7860670e-03
1.7780150e-03
1.7502600e-03
1.7430660e-03
1.7146510e-03
1.6805580e-03
1.6471730e-03
1.6456210e-03
1.6460800e-03
1.6191200e-03
1.5598360e-03
1.5392750e-03
1.5363640e-03
1.5372870e-03
1.5341570e-03
1.5210080e-03
1.4948670e-03
1.4769140e-03
1.4110260e-03
1.2736220e-03
1.4870360e-03
2.7199000e-03
4.0497000e-03
4.3021260e-03
4.3134880e-03
4.2859290e-03
4.2902390e-03
4.3702910e-03
4.5004150e-03
4.3685670e-03
3.4185060e-03
2.4079110e-03
2.9173640e-03
2.5642270e-03
1.7668010e-03
1.2440110e-03
5.0446050e-04
3.4934230e-04
9.7447200e-05
-9.4119150e-05
3.3598490e-04
9.0216490e-04
1.1278950e-03
1.3431880e-03
1.5111720e-03
1.4655910e-03
5.1219380e-04
-1.0182540e-03
-1.4239140e-03
-1.3953590e-03
-1.8105360e-03
-3.2275600e-03
-4.3054530e-03
-4.5896350e-03
-4.6532470e-03
-4.1450250e-03
-2.8244510e-03
-1.9557440e-03
-1.5677690e-03
-1.5776590e-03
-1.7091070e-03
-1.5303470e-03
-3.9065550e-04
1.0990730e-03
1.3813040e-03
1.3982950e-03
1.4846860e-03
1.6858230e-03
1.3970290e-03
-5.2077020e-05
-1.4180710e-03
-1.4438740e-03
-1.5109550e-03
-2.7992880e-03
-3.9274170e-03
-4.0609280e-03
-4.2727350e-03
-5.2812030e-03
-6.5101240e-03
-7.1273070e-03
-7.2858880e-03
-6.6947590e-03
-5.1080870e-03
-4.5346810e-03
-5.1185580e-03
-5.5133720e-03
-5.8667890e-03
-6.6373710e-03
-7.0477490e-03
-7.0997770e-03
-7.0839690e-03
-7.0804470e-03
-7.0587100e-03
-7.0088690e-03
-6.9494940e-03
-7.0282200e-03
-7.1188040e-03
-6.6068920e-03
-5.1211380e-03
-4.3260930e-03
-3.9248790e-03
-2.7733060e-03
-1.4761680e-03
-5.4237940e-04
9.4713760e-04
1.8780480e-03
3.2626960e-03
4.5809590e-03
4.8630930e-03
4.9113680e-03
4.9554910e-03
4.9961930e-03
5.0139030e-03
5.0407590e-03
5.0771350e-03
5.1090530e-03
5.2184730e-03
5.3842260e-03
5.1219450e-03
3.7820590e-03
2.5910810e-03
3.2559250e-03
4.5883240e-03
4.7575220e-03
4.6339750e-03
3.7511860e-03
2.8704030e-03
2.7031290e-03
2.7196620e-03
