0.01
8.7328440e-04
1.9323430e-02
2.3238820e-02
9.7826180e-03
1.9549680e-03
-4.7451810e-03
-1.1450320e-02
4.2750950e-03
1.0839700e-02
1.2883130e-02
2.6361140e-02
1.2089400e-02
-3.9091060e-03
-5.2437090e-03
-7.6020870e-03
-5.2070970e-03
-6.3583950e-03
4.1095180e-03
2.3067310e-02
1.9049030e-02
1.0235020e-02
2.5874560e-02
2.3405770e-02
3.9022420e-03
1.9346080e-02
1.9858060e-02
3.7920580e-03
8.5863490e-03
2.6049500e-03
4.6319110e-03
1.9387420e-02
7.2394330e-03
-1.4514440e-03
2.4217330e-02
2.0888580e-02
-4.9490770e-03
2.9126290e-03
-7.2455460e-03
-2.3596700e-02
-3.4460960e-03
3.9751850e-03
-7.3272280e-03
1.0623010e-03
1.4886420e-02
2.6306100e-03
-8.3097570e-03
-1.1537030e-02
-1.8522260e-02
-9.3857070e-03
-8.1629140e-03
-5.0293550e-03
1.1110000e-03
-2.5361130e-02
-2.3758470e-02
1.0630620e-02
1.1223280e-02
-7.0068330e-03
-1.8814280e-03
1.7416760e-02
1.2413640e-02
2.4856850e-03
7.3139760e-04
-1.5155210e-02
-2.2549770e-02
-1.1863760e-02
-2.2014070e-03
-4.0087990e-03
-1.7221970e-02
-1.8272570e-02
-1.1813800e-02
-1.7199080e-02
-3.9418250e-03
1.8096780e-02
2.5002010e-02
2.3969730e-02
-1.0273400e-04
-1.6992600e-02
-1.3075070e-02
-1.1148450e-02
-3.6043810e-03
9.5380110e-03
1.8873600e-02
2.3845310e-02
3.0953950e-02
3.6342540e-03
-3.0307320e-02
-2.4625950e-02
-3.6540340e-02
-2.7564080e-02
2.0624870e-02
2.3705680e-02
3.1256280e-03
-1.1099640e-03
-8.4285380e-03
-1.6543020e-02
-1.4916070e-02
-2.2529330e-02
-2.8323480e-02
-8.5531610e-03
1.3788320e-02
3.0418070e-02
3.0768140e-02
6.8179830e-03
9.1029720e-03
3.4066590e-02
3.6163410e-02
2.5872560e-02
3.9227770e-03
-9.1514230e-03
8.3938030e-03
1.5090470e-02
2.7043700e-03
-1.6407530e-03
-1.4107740e-03
-2.0959770e-02
-3.6039710e-02
-1.8222680e-02
-1.1755270e-02
-1.9341530e-02
-3.3256500e-03
2.1329770e-02
3.2300920e-02
2.2952850e-02
-5.0709780e-03
-1.0250880e-02
2.2149090e-02
2.9368310e-02
1.0619290e-02
1.3471200e-02
1.3197530e-02
-4.1631780e-03
-5.2404200e-03
1.0840520e-02
8.5685460e-03
3.7158890e-03
3.4212450e-02
5.8375300e-02
4.6427110e-02
2.5051910e-02
1.2346390e-02
9.4515110e-03
6.1247180e-03
9.6792350e-03
1.5360850e-02
3.6161530e-03
-1.0292660e-03
2.3988010e-02
4.2629160e-02
2.7515930e-02
1.6530300e-02
2.8420100e-02
2.1679590e-02
-7.7164100e-03
-1.2595570e-02
-6.0514520e-03
-1.6446720e-02
-9.5083760e-03
-2.1086830e-03
-1.6742210e-02
-9.2994080e-03
2.7594990e-03
-4.0843040e-03
-6.8375910e-03
-1.4052200e-02
-1.9082100e-02
-1.4006910e-02
-1.5100990e-02
-1.8928640e-02
-8.4437520e-03
4.9010270e-03
-1.4814050e-02
-3.6395980e-02
-3.6615580e-02
-5.1128790e-02
-5.9722870e-02
-4.3163270e-02
-2.2158930e-02
-2.0072050e-03
1.6105240e-02
2.8328960e-02
2.7169710e-02
7.7793430e-03
-1.7127960e-02
-3.6314780e-02
-4.4478220e-02
-2.6828120e-02
3.3894610e-03
8.4866230e-03
-6.3805310e-03
-9.6567780e-03
-1.6030190e-02
-2.6994350e-02
-1.1812330e-02
-1.4566930e-02
-3.2301460e-02
-2.0486660e-02
-1.1361890e-02
7.0328360e-03
1.3947020e-02
-3.6761040e-03
1.8187010e-02
3.8234450e-02
3.6046740e-02
5.8501140e-02
7.0384350e-02
3.3520550e-02
-1.9900870e-03
-9.1243570e-03
-4.8168970e-02
-8.0628100e-02
-4.5872750e-02
-2.9231480e-02
-3.7956650e-02
-1.2476090e-02
4.4724450e-03
1.0804800e-02
3.1262050e-02
4.4473590e-02
5.9808490e-02
5.0737460e-02
1.6745660e-02
8.5439880e-03
-1.4602800e-02
-5.6893600e-02
-6.8786310e-02
-6.2906000e-02
-6.4495810e-02
-6.8612910e-02
-3.7538420e-02
-5.6460660e-03
-1.9055330e-02
-2.9159910e-02
-1.9619420e-02
-1.4560990e-02
-1.9777900e-02
-1.6219360e-02
1.0798790e-02
3.3805390e-02
3.5509170e-02
3.8991370e-02
4.5981870e-02
3.7210480e-02
2.3376570e-02
1.8355720e-03
-1.7844500e-02
-2.0658110e-02
-1.9988650e-02
-7.2870700e-03
2.2388790e-03
-9.2096310e-03
-2.5281170e-02
-2.3952760e-02
-1.4248210e-02
-2.1399780e-02
-1.0296820e-02
1.0448910e-02
-4.9881220e-03
-2.2338140e-02
-1.8360320e-02
-4.8256410e-03
1.3467130e-02
2.4183150e-02
2.9519550e-02
2.7795320e-02
-5.5986670e-03
-4.7335030e-02
-4.6221870e-02
-2.1878630e-02
-1.7886620e-02
-2.0314780e-02
-4.8603730e-03
1.4246300e-02
2.2478940e-02
3.4834110e-02
5.2657160e-02
4.8543750e-02
3.3731970e-02
1.3613560e-02
-3.0307640e-02
-5.2454890e-02
-4.5209410e-02
-4.8589410e-02
-4.3202040e-02
-1.7070220e-02
-1.3924120e-03
-2.4410810e-03
4.0503300e-03
-2.5197050e-04
1.1543640e-03
3.4406470e-02
4.1312530e-02
4.1203460e-02
5.5243440e-02
3.4788130e-02
1.5342720e-03
-1.4708430e-02
-9.3284820e-03
1.2755630e-02
3.5155020e-02
5.0296420e-02
5.4954190e-02
5.4207040e-02
3.4490940e-02
5.5948310e-03
-4.8034330e-03
-2.9070320e-02
-5.7586530e-02
-4.5691160e-02
-3.5361950e-02
-4.5940390e-02
-4.8586960e-02
-3.3518390e-02
8.4801950e-03
4.6750170e-02
5.7096970e-02
5.9949600e-02
6.3285730e-02
5.2522720e-02
3.4473680e-02
4.4170990e-02
4.5534420e-02
1.5016250e-02
3.4785790e-03
-1.5080050e-02
-5.1050770e-02
-3.8941740e-02
1.7212010e-03
1.2055540e-02
9.0855640e-03
1.3187370e-02
1.5320060e-03
-1.7416370e-02
-2.1222340e-02
-1.0577810e-02
1.6115860e-03
-7.0481840e-03
-2.7169280e-03
2.2045370e-02
-1.6338330e-03
-4.3938810e-02
-3.9224360e-02
-2.3911610e-02
-1.8421130e-02
-1.0155410e-03
-7.8306920e-03
-3.7847690e-02
-4.7539670e-02
-6.2980540e-02
-6.5623910e-02
-4.5380670e-02
-5.3522510e-02
-5.2674270e-02
-2.5136790e-02
-1.3625920e-02
-1.9327300e-02
-3.1971220e-02
-4.2345820e-02
-4.7705320e-02
-4.5794920e-02
-2.4826920e-02
3.6628180e-03
1.2243650e-02
1.2462020e-02
1.3184300e-02
2.9408950e-03
9.7503940e-03
1.3010400e-02
-9.5386640e-03
-1.0737730e-02
-7.2633760e-03
-2.2306950e-02
-2.5193430e-02
-1.5330450e-02
-2.4095740e-02
-3.9084930e-02
-1.6832980e-02
5.2809600e-03
7.8852440e-04
1.2525590e-02
2.5647970e-02
2.3798530e-02
2.7382140e-02
2.5711400e-02
2.4019330e-02
2.6221290e-02
2.3300710e-02
3.3523590e-02
5.0149950e-02
6.2873510e-02
7.6050270e-02
8.5308570e-02
8.5328650e-02
7.8512310e-02
8.0414100e-02
6.8953880e-02
3.6466850e-02
1.2585090e-02
-8.6021420e-03
-3.0636400e-02
-3.1397230e-02
-3.7744670e-03
1.0052280e-02
7.9518530e-04
1.3372140e-02
3.5184330e-02
4.6905020e-02
5.4204020e-02
5.0927830e-02
4.4296280e-02
3.8840190e-02
3.7358450e-02
3.6739730e-02
2.2375320e-02
2.3227140e-03
-5.8129330e-03
-7.2208850e-03
-1.2989270e-02
-3.8034850e-03
2.8957860e-02
4.6696420e-02
3.5530930e-02
2.4987950e-02
1.9070610e-02
1.0328490e-02
2.1910670e-03
-1.8312830e-02
-2.8022450e-02
-4.3652340e-03
5.8070890e-03
-1.1911300e-02
-2.8289280e-02
-3.3274610e-02
-2.9376220e-02
-2.6843810e-02
-1.3265250e-02
6.4931190e-03
-6.6303670e-03
-3.0434770e-02
-3.3211720e-02
-2.7668820e-02
-2.1076780e-02
-2.1110600e-02
-2.0072730e-02
-1.3660790e-02
-2.0187620e-02
-4.0239310e-02
-4.9397830e-02
-3.8162610e-02
-3.8469200e-02
-4.6090890e-02
-2.8389450e-02
-1.8378910e-03
1.8388910e-02
4.5553640e-02
7.9717800e-02
1.0160150e-01
1.1000470e-01
1.1646230e-01
1.1159110e-01
8.0815610e-02
3.2242920e-02
4.6507290e-03
1.3606820e-02
2.3372070e-02
1.8227810e-02
1.5245450e-02
1.1877070e-02
-2.1856580e-03
-1.4345350e-02
-1.2043050e-02
-4.3615190e-03
-6.2197900e-04
1.3784030e-02
3.5289980e-02
2.2961910e-02
-5.9950730e-05
4.4969490e-04
-1.9811190e-02
-4.3568010e-02
-3.4844620e-02
-3.6773900e-02
-6.1918770e-02
-7.5312790e-02
-6.1696460e-02
-4.2308760e-02
-1.5296360e-02
1.7304920e-02
2.3715990e-02
2.1578470e-02
2.2409600e-02
9.4581750e-03
-5.2160070e-03
-1.0283280e-02
-1.1183390e-02
-9.2152140e-03
-1.1477610e-02
-1.3564680e-02
5.4190650e-03
2.8726890e-02
4.5552240e-02
6.9480240e-02
8.3752650e-02
7.5287880e-02
6.4843240e-02
5.8333950e-02
4.0585260e-02
2.4882090e-02
1.6996970e-02
8.2411290e-03
1.4654450e-02
2.9325290e-02
3.0191380e-02
3.7183990e-02
4.7853790e-02
3.2104740e-02
2.2866160e-02
1.9622190e-02
-2.3087640e-02
-6.3682050e-02
-5.9581330e-02
-4.8307100e-02
-5.5305020e-02
-5.0221120e-02
-3.7392680e-02
-4.1655730e-02
-4.3030310e-02
-4.8962820e-02
-6.6486260e-02
-7.3969540e-02
-7.3287760e-02
-7.3163910e-02
-7.5425710e-02
-7.3415840e-02
-6.9876130e-02
-7.5191390e-02
-8.6603400e-02
-8.0555520e-02
-5.3124530e-02
-4.7336490e-02
-5.6076520e-02
-3.6846890e-02
-2.3870040e-03
2.1876400e-02
3.7032730e-02
4.3657480e-02
3.5339630e-02
3.1554680e-02
3.3073550e-02
1.4625640e-02
8.6859760e-03
2.4358530e-02
1.8395800e-02
1.2288460e-02
2.6583530e-02
2.9988850e-02
2.2956910e-02
1.8110270e-02
2.8048950e-03
-2.6329710e-02
-4.9610600e-02
-5.7640780e-02
-7.8926800e-02
-1.1601160e-01
-1.2123250e-01
-9.9368980e-02
-9.6013720e-02
-9.8296560e-02
-5.9442620e-02
-1.3769970e-02
-2.4715610e-02
-4.2862980e-02
-3.6433870e-02
-3.9084350e-02
-4.6701430e-02
-5.3939840e-02
-3.9116110e-02
-9.1891950e-03
-6.5174580e-03
-9.2325400e-03
1.2015490e-02
2.8223980e-02
6.8633330e-03
-8.9099490e-03
4.2786050e-03
-2.1025750e-03
-1.6075010e-02
-1.9085320e-02
-2.4105480e-02
-1.2365190e-02
6.9942510e-03
1.4937540e-02
1.3252050e-02
2.9565990e-03
-3.8960090e-03
-1.2785230e-02
-2.3236710e-02
-2.1539190e-02
-1.3317370e-02
6.6054090e-04
1.7947440e-02
3.7403050e-02
5.0053410e-02
4.2124550e-02
3.0284500e-02
1.3529740e-02
-1.1878610e-02
-1.0718030e-02
5.5809210e-03
5.0534570e-03
9.0574040e-03
1.0983220e-02
-1.0393730e-02
-2.7338380e-02
-2.3046930e-02
-3.3232840e-02
-5.3138690e-02
-1.9131510e-02
2.9670200e-02
3.5279760e-02
3.3417190e-02
3.9667470e-02
5.0172330e-02
5.3391690e-02
4.3702510e-02
4.4268770e-02
5.4531760e-02
4.4219150e-02
1.4206830e-02
1.0929000e-02
2.5710200e-02
3.0133050e-02
4.5548450e-02
6.8441850e-02
7.7652480e-02
8.2607900e-02
9.9586240e-02
9.6237660e-02
6.2978440e-02
4.3405140e-02
1.9705800e-02
-1.8643740e-02
-3.2708440e-02
-3.1501870e-02
-4.1362450e-02
-3.1812230e-02
2.2210250e-02
6.1684560e-02
5.1849700e-02
3.8066490e-02
4.3053410e-02
5.1860340e-02
6.0503850e-02
7.0000610e-02
7.3645580e-02
7.5838570e-02
8.0314320e-02
7.3186110e-02
4.7150630e-02
1.3072090e-02
-1.9273340e-02
-3.5417460e-02
-1.7953720e-02
7.1565930e-03
2.0659260e-02
3.9200420e-02
3.9215840e-02
3.0268760e-02
5.1646240e-02
5.7576810e-02
3.0636620e-02
1.4504400e-02
1.4405800e-02
1.4488280e-02
1.8082170e-02
3.1841670e-02
1.7692140e-02
-1.7194640e-02
-4.9341500e-03
1.7322290e-02
-1.1895780e-02
-4.3185380e-02
-4.1786470e-02
-3.6287850e-02
-2.5287010e-02
-1.1237950e-02
-1.8410310e-02
-1.8008470e-02
1.3281610e-02
3.0891310e-02
2.9767370e-02
4.0212750e-02
2.9870920e-02
5.2483700e-03
3.8332690e-03
-9.2534190e-04
8.0236280e-04
1.3217500e-02
-6.0637340e-03
-2.9091880e-02
-2.0483020e-02
-1.2004150e-02
-2.7489880e-02
-4.3332910e-02
-3.2796350e-02
-1.2754580e-02
-1.5835190e-02
-3.2365950e-02
-4.0766650e-02
-4.0840060e-02
-3.0887840e-02
-1.7905880e-02
-8.2365930e-03
-2.4909060e-03
-1.3672120e-04
-4.1045090e-04
-1.1268290e-02
-2.0345700e-02
-2.2034910e-02
-2.9370960e-02
-3.8764020e-02
-4.4502150e-02
-4.8189360e-02
-5.8849500e-02
-6.7381760e-02
-5.6391170e-02
-5.1888510e-02
-6.4523150e-02
-6.1713110e-02
-4.5614090e-02
-3.7489100e-02
-3.0006800e-02
-1.2827170e-02
4.5426460e-03
1.2039540e-02
1.3651540e-02
2.4649620e-02
4.7924880e-02
4.6185890e-02
1.9733850e-02
7.5209730e-03
-4.8500760e-03
-2.3256650e-02
-3.0516680e-02
-3.1816790e-02
-2.2186110e-02
-4.5486370e-03
9.8026270e-04
-1.1182950e-02
-2.2004300e-02
-2.5395700e-02
-3.8663560e-02
-3.8721150e-02
-2.8631630e-02
-4.2738670e-02
-5.1162040e-02
-4.1874260e-02
-2.4337290e-02
-1.3485250e-03
5.2269330e-03
3.1119600e-03
-2.8801510e-03
-2.0582830e-02
-2.6981030e-02
-4.7083260e-03
1.8970980e-02
3.0298610e-02
5.2262970e-02
7.1438680e-02
7.7263630e-02
8.3826340e-02
7.7010770e-02
4.1990830e-02
-2.4095790e-04
-8.6351180e-03
-1.6804980e-03
-1.6800940e-02
-2.2015090e-02
-3.0601490e-03
5.8035640e-03
-2.6196710e-04
9.9044720e-04
1.6033390e-03
-1.2894250e-02
-2.9753570e-02
-3.0166740e-02
-1.2985790e-02
-3.3426790e-03
5.8486720e-03
2.3166380e-02
2.1417780e-02
2.5164350e-03
-1.2433290e-02
-1.0244250e-02
-9.8794940e-03
-1.7216250e-02
-1.5338120e-03
2.4254480e-02
2.5472650e-02
-8.0141760e-05
-1.4754300e-02
-9.2791070e-03
-3.2844450e-02
-7.0618640e-02
-5.4887640e-02
-8.5939770e-03
1.0840830e-02
2.2684790e-02
4.4043470e-02
5.2006510e-02
3.6997100e-02
1.6480650e-02
8.1525100e-03
-3.5293250e-03
-2.3222780e-02
-3.2530200e-02
-2.8350270e-02
-2.4398050e-02
-2.8494870e-02
-3.0323730e-02
-3.5654650e-02
-4.8975780e-02
-5.0654870e-02
-3.4617720e-02
-1.2817420e-02
1.6039220e-03
-1.2773280e-03
-1.7351100e-02
-2.5524700e-02
-2.4759890e-02
-3.2675840e-02
-4.7539770e-02
-5.7097250e-02
-4.8466220e-02
-2.8939430e-02
-8.9046920e-03
2.1993000e-02
4.3249370e-02
4.7103910e-02
4.2313880e-02
1.9619870e-02
9.8016460e-03
5.8092960e-03
-1.4602010e-02
-2.8672440e-02
-4.9085500e-02
-6.7882850e-02
-7.4615490e-02
-8.5762120e-02
-8.9732140e-02
-9.4157770e-02
-1.0198830e-01
-8.9117840e-02
-6.7984670e-02
-6.4550830e-02
-7.0256630e-02
-6.9204310e-02
-6.1334890e-02
-5.7498200e-02
-5.0430400e-02
-3.4395990e-02
-3.5627880e-02
-4.7356840e-02
-5.3959970e-02
-5.3148070e-02
-3.8122990e-02
-2.6167010e-02
-1.4625420e-02
1.2061050e-03
8.5457320e-03
1.0017780e-02
1.4054980e-02
1.5517560e-02
7.9116300e-03
1.8502810e-02
3.6801510e-02
3.4891200e-02
3.2296330e-02
3.3969070e-02
4.5310450e-02
5.3032710e-02
3.5892950e-02
2.2296680e-02
1.4407030e-02
5.4729040e-03
1.0958420e-02
1.7926380e-02
2.6605920e-02
3.8250500e-02
4.0284590e-02
4.2294620e-02
4.2859170e-02
4.2603150e-02
4.6935890e-02
6.0470000e-02
8.1998260e-02
9.3159110e-02
1.0824550e-01
1.2703110e-01
1.2708280e-01
1.1751360e-01
1.0416180e-01
8.2352520e-02
5.9515790e-02
5.2061330e-02
5.3189960e-02
5.4215300e-02
4.8642210e-02
3.4521380e-02
3.3643480e-02
2.7105110e-02
9.6033180e-03
8.1485940e-03
1.5782620e-02
2.3494820e-02
2.2690710e-02
2.9847170e-02
4.5988810e-02
4.4866240e-02
5.1302210e-02
6.3622500e-02
6.4162430e-02
7.0269580e-02
7.1017920e-02
6.9505950e-02
8.4482440e-02
9.7254250e-02
9.5267440e-02
8.6786240e-02
7.6873430e-02
6.5546990e-02
5.1438100e-02
4.0912890e-02
4.3199650e-02
4.6859720e-02
3.3730180e-02
1.9676280e-02
2.0292800e-02
2.1502820e-02
2.0048140e-02
1.7344120e-02
1.6679050e-02
2.7357310e-02
3.7276410e-02
4.3562040e-02
5.7289580e-02
6.7022760e-02
6.5315180e-02
6.3439270e-02
6.2090940e-02
5.3423590e-02
4.3882280e-02
4.1036020e-02
3.3108500e-02
1.9867500e-02
1.7939270e-02
2.0816720e-02
2.3196470e-02
3.3326320e-02
4.1643210e-02
4.1697850e-02
4.0431480e-02
4.0823390e-02
4.0514510e-02
3.8405000e-02
3.8048510e-02
3.7571280e-02
3.9840610e-02
4.7111730e-02
4.3922670e-02
3.4989790e-02
3.5411810e-02
3.0493690e-02
1.9432190e-02
2.0618790e-02
1.9733050e-02
3.8066760e-03
-9.5325440e-03
-1.9562610e-02
-2.6971620e-02
-2.8572580e-02
-3.7593790e-02
-3.8364480e-02
-2.9782840e-02
-3.5240070e-02
-3.8671380e-02
-3.4456650e-02
-3.2579550e-02
-3.0746420e-02
-2.8220730e-02
-2.0181210e-02
-1.4890560e-02
-1.9801580e-02
-2.1899650e-02
-2.0361340e-02
-2.8490650e-02
-3.5847390e-02
-2.6517250e-02
-1.9938970e-02
-2.5002520e-02
-2.2691190e-02
-1.8809260e-02
-2.5797270e-02
-3.5057390e-02
-4.3982100e-02
-5.3352470e-02
-5.6807210e-02
-5.4053630e-02
-4.7737670e-02
-3.7205330e-02
-2.3332050e-02
-1.7261830e-02
-2.3968440e-02
-2.8539300e-02
-3.0394260e-02
-4.0044010e-02
-5.5620550e-02
-7.3015510e-02
-8.4773940e-02
-9.0500280e-02
-1.0150030e-01
-1.1541120e-01
-1.1967320e-01
-1.1664700e-01
-1.1106910e-01
-1.0301250e-01
-9.9295570e-02
-9.3909810e-02
-7.9467030e-02
-6.2677100e-02
-4.5114940e-02
-3.0675930e-02
-2.2902280e-02
-1.7670200e-02
-1.3969140e-02
-1.2386770e-02
-1.3967230e-02
-1.7066650e-02
-2.1916040e-02
-3.2908000e-02
-4.3408450e-02
-4.5102490e-02
-4.3424520e-02
-4.8067940e-02
-5.5198540e-02
-5.2132750e-02
-4.6619600e-02
-5.3494670e-02
-6.4906940e-02
-6.6726090e-02
-5.7965280e-02
-5.0105110e-02
-4.9930660e-02
-4.7979380e-02
-4.2796270e-02
-4.5243890e-02
-5.0641380e-02
-5.0309760e-02
-4.5304300e-02
-3.7586040e-02
-2.8254280e-02
-1.5772190e-02
-8.3804960e-03
-8.5509830e-03
-4.9824620e-03
-3.8545160e-03
-1.1466830e-02
-1.2322100e-02
-8.0922690e-04
5.4436590e-03
2.0805710e-03
-5.1596370e-03
-1.4400510e-02
-1.4939870e-02
-1.0040010e-02
-1.3168140e-02
-2.0133720e-02
-1.7853300e-02
-1.3403920e-02
-1.2792880e-02
-2.1708080e-03
5.5371290e-03
-2.9155170e-03
-1.0298300e-02
-7.4376390e-03
-7.2680430e-06
8.4687380e-03
1.7977800e-02
2.0387520e-02
1.6470610e-02
1.5958350e-02
1.4063590e-02
1.0733970e-02
1.0173340e-02
5.2629470e-03
2.7743160e-03
7.4736420e-03
-1.8179350e-03
-2.2817440e-02
-2.7118470e-02
-1.6249760e-02
-1.0811620e-02
-9.6337950e-03
-3.4612530e-03
4.1798570e-03
1.5967700e-03
-8.3461440e-03
-1.2002670e-02
-1.3508220e-02
-1.4578370e-02
-1.5025710e-02
-1.0798990e-02
-1.6588230e-03
-9.3684700e-03
-1.8410310e-02
-1.0192030e-02
-7.4781230e-03
-1.7472070e-02
-2.4428850e-02
-1.8735210e-02
-1.1988400e-02
-6.1249710e-03
4.5043100e-03
6.2623790e-03
6.9089020e-03
1.9872630e-02
3.0055540e-02
3.3168200e-02
4.0045440e-02
4.5288200e-02
3.9042200e-02
2.9264380e-02
2.3687300e-02
2.0114480e-02
1.5436300e-02
1.3000760e-02
1.9664160e-02
2.2667860e-02
2.1531800e-02
2.8448600e-02
2.9532130e-02
2.3887430e-02
1.8462200e-02
1.3903420e-02
1.1719850e-02
3.1870060e-03
-7.8105540e-04
2.0615430e-03
-6.6491180e-03
-1.5086140e-02
-1.3614950e-02
-1.4191790e-02
-1.8041190e-02
-2.0513090e-02
-2.0987760e-02
-2.3439000e-02
-2.4807470e-02
-2.0601020e-02
-2.1289980e-02
-2.1730110e-02
-1.5833850e-02
-1.3117290e-02
-1.1454960e-02
-1.4201710e-02
-1.6445600e-02
-1.1458120e-02
-9.3938420e-03
-7.5725040e-03
-8.4108040e-03
-1.3179370e-02
-1.8210240e-02
-2.5626380e-02
-2.7425820e-02
-2.7634320e-02
-2.4039260e-02
-1.1816970e-02
-7.9465240e-03
-1.1756290e-02
-1.5478940e-02
-2.1400620e-02
-2.6519110e-02
-2.4888460e-02
-1.9450680e-02
-1.9345520e-02
-1.8460940e-02
-1.0762150e-02
-3.9397400e-03
-1.6590700e-03
3.5434040e-03
1.0131730e-02
4.6490890e-03
3.1012150e-04
4.3222330e-03
7.0923240e-04
-2.2429450e-03
-3.7272190e-03
-1.1209770e-02
-1.9021910e-02
-2.4140260e-02
-1.8766200e-02
-1.4251760e-02
-1.5978410e-02
-5.5428310e-03
4.8657160e-03
4.4945230e-03
1.0097910e-02
2.1027280e-02
2.2644860e-02
1.5903950e-02
1.3432730e-02
1.7999190e-02
2.1874470e-02
2.4400530e-02
3.0071490e-02
3.7007160e-02
3.9990830e-02
4.0520150e-02
4.1838180e-02
4.2971980e-02
4.3241690e-02
3.5587200e-02
2.3736750e-02
1.4376010e-02
2.1912600e-03
-2.6364120e-03
-2.8525790e-03
-5.0821550e-03
-6.8826770e-04
3.6775420e-03
9.6014390e-03
1.4771050e-02
1.4954130e-02
2.0511500e-02
2.2091290e-02
1.9633150e-02
2.5897940e-02
3.3348470e-02
3.6165240e-02
3.6460150e-02
3.6076050e-02
3.5652720e-02
3.1695060e-02
2.5459800e-02
2.2690010e-02
2.0409110e-02
1.4943390e-02
1.6416560e-02
2.5391780e-02
2.9429370e-02
3.0716680e-02
3.2373620e-02
3.6802300e-02
4.5193280e-02
4.8685160e-02
5.4307870e-02
6.2763910e-02
6.4190170e-02
6.1900360e-02
5.8594520e-02
6.2755600e-02
6.7726530e-02
6.5732430e-02
7.0425360e-02
7.5809820e-02
7.5168020e-02
7.3144210e-02
7.1687910e-02
7.1902380e-02
6.8235620e-02
6.7287460e-02
7.5798150e-02
8.3573480e-02
8.3859910e-02
8.1051080e-02
8.1720660e-02
8.0183450e-02
7.3323670e-02
7.1649360e-02
7.1285840e-02
6.3656100e-02
5.7220810e-02
5.7101050e-02
5.8265580e-02
5.5436110e-02
5.0051990e-02
4.5184980e-02
3.9113180e-02
3.6215620e-02
3.6288000e-02
3.4826930e-02
3.3999090e-02
3.2162270e-02
2.9845450e-02
2.9029690e-02
2.9345410e-02
2.9287650e-02
2.6818890e-02
2.5566680e-02
2.7325820e-02
2.9055740e-02
2.6049630e-02
1.9913570e-02
1.4587320e-02
1.1020440e-02
1.0641900e-02
8.2947450e-03
8.6811930e-03
1.3109660e-02
9.0618040e-03
6.0776750e-03
1.1306740e-02
1.1057510e-02
7.1008100e-03
1.0705840e-02
1.2962210e-02
7.1190520e-03
4.7810480e-03
3.9704660e-03
-2.0686490e-04
-1.6294380e-03
-1.0279790e-03
4.5585880e-03
1.3342490e-02
1.1493200e-02
2.8496640e-03
-1.0765450e-03
-6.3081560e-03
-1.5784070e-02
-2.1737580e-02
-2.3155370e-02
-2.2960250e-02
-2.3893240e-02
-2.2674190e-02
-1.3015480e-02
-6.0010770e-03
-9.4335460e-03
-1.0410440e-02
-9.4092120e-03
-1.7321240e-02
-2.3104570e-02
-1.4696480e-02
-7.2528530e-03
-9.6093970e-03
-6.3328440e-03
-8.1397850e-04
-5.2995620e-03
-1.4850670e-02
-2.4457660e-02
-2.6511130e-02
-2.4543570e-02
-2.6977010e-02
-2.5913800e-02
-2.2740970e-02
-2.5430140e-02
-2.9386810e-02
-2.7113090e-02
-2.1577720e-02
-1.9446530e-02
-1.9098320e-02
-1.5333940e-02
-1.0716670e-02
-1.1205270e-02
-9.7147170e-03
-4.2611580e-03
-1.5654140e-03
-8.3836110e-04
-3.6300430e-03
-7.4157240e-03
-9.4150780e-03
-1.5375410e-02
-2.3521690e-02
-2.6746800e-02
-2.9721570e-02
-3.4923280e-02
-3.3986140e-02
-3.4756880e-02
-4.2060050e-02
-4.1180760e-02
-3.4276810e-02
-3.4468180e-02
-3.8284110e-02
-3.6601170e-02
-3.4173220e-02
-3.9293400e-02
-4.5646130e-02
-4.5060370e-02
-4.2893780e-02
-4.2560990e-02
-4.0018960e-02
-3.8538740e-02
-3.8897950e-02
-3.6753690e-02
-3.5201460e-02
-3.7625180e-02
-4.1906600e-02
-4.4999090e-02
-4.4938920e-02
-4.2486670e-02
-4.4026830e-02
-4.7044650e-02
-4.3481950e-02
-4.1747780e-02
-4.2584240e-02
-3.7288670e-02
-3.4647400e-02
-3.5231570e-02
-2.9638370e-02
-2.5213660e-02
-2.7558370e-02
-3.0021830e-02
-2.8659350e-02
-2.7766060e-02
-3.0049130e-02
-3.0822260e-02
-3.1779050e-02
-3.4738440e-02
-3.4889970e-02
-3.6477590e-02
-4.3057570e-02
-4.7065240e-02
-4.7766560e-02
-5.1054740e-02
-5.3350730e-02
-5.1427850e-02
-4.8565780e-02
-4.6806820e-02
-4.8451980e-02
-4.9914600e-02
-4.7912420e-02
-4.8523830e-02
-5.1166760e-02
-5.1371330e-02
-5.1878320e-02
-5.1636860e-02
-4.8426560e-02
-4.7129740e-02
-4.9359930e-02
-5.1298340e-02
-5.0479700e-02
-4.9769550e-02
-5.1525970e-02
-5.1292830e-02
-4.9493500e-02
-4.8346020e-02
-4.6082620e-02
-4.3562420e-02
-3.9161260e-02
-3.1513430e-02
-2.4854770e-02
-2.4087910e-02
-2.9098990e-02
-3.3679540e-02
-3.4278600e-02
-3.3636050e-02
-3.3290920e-02
-3.3646740e-02
-3.3198450e-02
-2.9339470e-02
-2.8146270e-02
-3.0034510e-02
-2.8753960e-02
-2.9237910e-02
-3.2297950e-02
-3.3279890e-02
-3.3556240e-02
-3.2260020e-02
-3.0773930e-02
-3.0092700e-02
-2.4931170e-02
-2.0474060e-02
-1.8528910e-02
-1.1181320e-02
-5.7633640e-03
-5.7848080e-03
-4.7134170e-03
-3.4328810e-03
-2.6340510e-03
-6.2361710e-03
-1.2171960e-02
-9.8468260e-03
-7.6927960e-03
-1.3965520e-02
-1.6755850e-02
-1.1953640e-02
-3.5524730e-03
2.6320260e-03
1.9295230e-03
2.4038020e-03
5.4914130e-03
9.1857050e-03
1.3665850e-02
1.2251610e-02
9.5331880e-03
1.0268530e-02
1.0552250e-02
1.0144400e-02
8.1441640e-03
6.0030770e-03
5.8228190e-03
4.5296000e-03
7.2470730e-04
2.6637840e-03
1.2427030e-02
1.7127340e-02
1.3783980e-02
1.1761530e-02
1.5675810e-02
1.7544160e-02
1.3512040e-02
1.3933990e-02
1.7858150e-02
2.0198240e-02
2.3323540e-02
2.5145070e-02
2.7319760e-02
3.1110650e-02
3.2064320e-02
3.2909750e-02
3.5172080e-02
3.6323850e-02
3.8083970e-02
3.7278540e-02
3.4724300e-02
3.5572150e-02
3.8594020e-02
4.5006600e-02
4.8304450e-02
4.4993550e-02
4.5325850e-02
4.5181250e-02
4.1283920e-02
4.3200310e-02
4.6955410e-02
4.7150030e-02
4.8187210e-02
5.0512920e-02
5.3114920e-02
5.4670730e-02
5.4534200e-02
5.5383740e-02
5.7059320e-02
5.9358190e-02
6.0674460e-02
5.8150150e-02
5.5044700e-02
5.3229780e-02
5.2237850e-02
4.8864560e-02
4.3769500e-02
4.3134450e-02
4.0677250e-02
3.6716820e-02
3.7266210e-02
3.8485930e-02
4.0560410e-02
4.0920640e-02
4.0930860e-02
4.4215950e-02
4.6723710e-02
4.8792490e-02
5.1678700e-02
5.3945400e-02
5.2644970e-02
5.1927170e-02
5.6345650e-02
5.7974990e-02
5.5963560e-02
5.5438890e-02
5.4949130e-02
5.2583100e-02
4.8753790e-02
4.6013270e-02
4.2732620e-02
3.6045710e-02
3.0485920e-02
2.8706610e-02
2.6323600e-02
2.3233440e-02
2.2926520e-02
2.3007160e-02
2.1657100e-02
1.9540030e-02
1.6262050e-02
1.3808620e-02
1.3050560e-02
1.0907580e-02
6.3978470e-03
4.9895440e-03
6.1228950e-03
2.7109250e-03
-2.0552440e-03
-3.5022720e-03
-7.6562100e-04
4.4399600e-03
6.8810230e-03
1.0285310e-02
1.5387970e-02
1.6917130e-02
1.6949900e-02
1.5218630e-02
1.3146130e-02
1.3374850e-02
1.1151630e-02
8.4067340e-03
1.0888310e-02
1.3495730e-02
1.2138650e-02
8.6699570e-03
4.3990050e-03
5.1817520e-03
9.1184030e-03
1.1702000e-02
1.7299430e-02
1.9055050e-02
1.4099250e-02
1.1389590e-02
9.1756390e-03
4.7978490e-03
9.3016730e-04
-2.4011040e-03
-4.4168190e-03
-3.6424550e-03
-2.8451740e-03
-2.3378540e-03
1.3251200e-03
4.5868930e-03
7.5023340e-03
1.3772490e-02
1.4250590e-02
8.3126380e-03
6.1859090e-03
4.9979120e-03
1.5919780e-03
-2.5978410e-03
-8.5628450e-03
-1.4680290e-02
-1.9479340e-02
-2.2038240e-02
-2.1644490e-02
-2.0157340e-02
-1.9856590e-02
-2.1778280e-02
-2.3133920e-02
-2.1079310e-02
-1.8919010e-02
-1.9456740e-02
-2.0906860e-02
-1.9765480e-02
-1.7674150e-02
-1.9957360e-02
-2.1932380e-02
-2.2600810e-02
-2.8864680e-02
-3.3450170e-02
-2.9720950e-02
-2.7947930e-02
-3.1573890e-02
-2.9919510e-02
-2.5186120e-02
-2.6135160e-02
-2.6903990e-02
-2.5584920e-02
-2.6940010e-02
-2.8475520e-02
-2.7884080e-02
-2.6687730e-02
-2.5604110e-02
-2.4650630e-02
-2.4146140e-02
-2.2904600e-02
-2.0740160e-02
-2.0005910e-02
-2.3113420e-02
-2.5928000e-02
-2.3103290e-02
-2.4627460e-02
-3.2343040e-02
-3.2572400e-02
-2.9360470e-02
-2.9391300e-02
-2.8536140e-02
-2.7978170e-02
-2.8798290e-02
-3.1257170e-02
-3.4437580e-02
-3.5131330e-02
-3.4289520e-02
-3.2267940e-02
-2.7440140e-02
-1.9233000e-02
-1.3336650e-02
-1.4939070e-02
-1.7889350e-02
-1.8575500e-02
-2.1891490e-02
-2.8147370e-02
-2.8915950e-02
-2.6484120e-02
-2.6596620e-02
-2.1556110e-02
-1.6467840e-02
-1.7959950e-02
-1.9211440e-02
-1.8211620e-02
-1.7259810e-02
-1.7916360e-02
-1.4852960e-02
-1.0308160e-02
-1.0841160e-02
-1.1667640e-02
-1.2034940e-02
-1.1899850e-02
-1.0100080e-02
-9.2917800e-03
-9.7364610e-03
-8.2331660e-03
-4.9836850e-03
-4.4167160e-03
-2.4499910e-03
1.2248970e-03
1.1366470e-03
1.9357440e-03
3.4556010e-03
3.5440500e-03
6.8642010e-03
8.1468430e-03
2.7093480e-03
1.4752730e-03
7.3436110e-03
9.4279670e-03
7.6097240e-03
7.1783080e-03
6.8272090e-03
5.9576850e-03
2.7219470e-03
-2.2620830e-03
-3.3470850e-03
-1.1876860e-03
5.7561310e-04
2.4041650e-03
6.8001890e-03
1.2048900e-02
1.1241730e-02
7.1484970e-03
8.0371060e-03
1.1054440e-02
1.1461490e-02
1.1146950e-02
1.3933890e-02
1.5949600e-02
1.1448940e-02
1.1020770e-02
1.5474490e-02
1.0374770e-02
4.6766500e-03
5.5991880e-03
2.5892210e-03
-2.0340290e-03
-4.1260430e-03
-3.3582330e-03
3.3777100e-03
9.8017550e-03
8.7398100e-03
5.3261620e-03
2.3784560e-03
-5.5565600e-03
-1.1254860e-02
-7.8680190e-03
-7.1881950e-03
-1.1174640e-02
-1.2370940e-02
-1.5619230e-02
-2.1201190e-02
-2.3134320e-02
-2.5031320e-02
-2.6751640e-02
-2.5565880e-02
-2.6431910e-02
-2.9432730e-02
-3.0388940e-02
-2.8061370e-02
-2.5189070e-02
-2.4173730e-02
-2.1992470e-02
-1.9794690e-02
-2.1238980e-02
-2.1458770e-02
-1.8191660e-02
-1.7806520e-02
-1.8810540e-02
-1.5781320e-02
-1.3389180e-02
-1.5440760e-02
-1.9125570e-02
-2.2098020e-02
-2.5301910e-02
-2.7832700e-02
-2.4042270e-02
-1.7585620e-02
-1.4385160e-02
-9.8376750e-03
-4.6776240e-03
-3.4298110e-03
-4.8954900e-03
-4.9524410e-03
-3.6227910e-03
-4.7132790e-03
-6.4315110e-03
-9.0227100e-03
-1.1935750e-02
-1.1959110e-02
-1.1814330e-02
-1.1640230e-02
-1.1074580e-02
-1.1917190e-02
-1.3350280e-02
-1.3379250e-02
-1.2101860e-02
-1.1855400e-02
-1.1890600e-02
-1.1632070e-02
-1.1736110e-02
-1.0085420e-02
-6.0001680e-03
-1.8710020e-03
1.1714890e-03
4.2657570e-03
5.9670920e-03
5.7024290e-03
6.3907760e-03
5.6893910e-03
4.5227000e-03
7.3662410e-03
9.1181690e-03
8.7764620e-03
9.0619600e-03
8.4035370e-03
7.2358090e-03
5.5647100e-03
5.7700420e-03
7.1304020e-03
7.7526860e-03
1.2000860e-02
1.7886070e-02
2.1733180e-02
2.3678280e-02
2.3694940e-02
2.1813770e-02
1.7512510e-02
1.6573030e-02
2.1252270e-02
2.3334150e-02
2.2348120e-02
2.4991680e-02
2.9585550e-02
3.0377340e-02
2.8751890e-02
2.8009700e-02
2.8876760e-02
3.0680830e-02
3.1248490e-02
3.1567350e-02
3.0735900e-02
2.6874520e-02
2.4653180e-02
2.4960380e-02
2.7144860e-02
3.2144910e-02
3.4467770e-02
3.3228870e-02
3.0909680e-02
2.6584010e-02
2.3648420e-02
2.4453050e-02
2.6834790e-02
2.8557500e-02
3.1050310e-02
3.5973730e-02
3.9183770e-02
4.0130050e-02
4.0626400e-02
3.8766560e-02
3.7390600e-02
3.8512060e-02
3.8457170e-02
3.7050170e-02
3.6196450e-02
3.6820130e-02
3.7530270e-02
3.7872300e-02
4.0109090e-02
3.9578160e-02
3.4496410e-02
3.1829320e-02
3.4613610e-02
3.7766980e-02
3.5555100e-02
3.3215900e-02
3.3077060e-02
2.9147820e-02
2.4230940e-02
2.3281140e-02
2.4045170e-02
2.2991590e-02
2.1589120e-02
2.2605010e-02
2.3170080e-02
2.0580340e-02
1.6880630e-02
1.4403220e-02
1.4144080e-02
1.3033390e-02
9.9455740e-03
9.4265980e-03
9.9253680e-03
8.8727580e-03
6.3209110e-03
3.2687570e-03
3.9349540e-03
5.5920310e-03
4.2103750e-03
4.0926360e-03
8.0265980e-03
9.2220150e-03
5.0471420e-03
3.8155220e-03
4.5660440e-03
1.5036420e-03
-8.7578590e-04
-7.5651030e-04
-4.4552540e-03
-1.0715860e-02
-1.1920630e-02
-1.1116300e-02
-1.4873340e-02
-1.9166090e-02
-1.9109510e-02
-1.9095550e-02
-2.0984140e-02
-2.1314620e-02
-2.0885010e-02
-2.1608620e-02
-2.2778510e-02
-2.1440880e-02
-2.0323010e-02
-2.1860260e-02
-2.0863420e-02
-2.0099280e-02
-2.1823690e-02
-2.1604040e-02
-2.0013420e-02
-1.8746090e-02
-1.8621360e-02
-1.7732020e-02
-1.4970350e-02
-1.4963200e-02
-1.7341220e-02
-1.6780800e-02
-1.4522990e-02
-1.3887950e-02
-1.5241020e-02
-1.8274860e-02
-1.9412090e-02
-1.8958780e-02
-2.0064700e-02
-2.0483120e-02
-1.9554790e-02
-2.0074800e-02
-2.3890820e-02
-2.6676960e-02
-2.5071540e-02
-2.4280200e-02
-2.5860290e-02
-2.5499420e-02
-2.2425770e-02
-2.0184750e-02
-1.9414910e-02
-1.8527500e-02
-1.9242590e-02
-2.2079350e-02
-2.3158750e-02
-2.1736760e-02
-1.9415330e-02
-1.5852570e-02
-1.5917720e-02
-1.8428310e-02
-1.6936920e-02
-1.5723000e-02
-1.6308780e-02
-1.5144730e-02
-1.3542840e-02
-1.2956360e-02
-1.0746230e-02
-8.7042950e-03
-1.0161580e-02
-1.0393170e-02
-1.1073920e-02
-1.5977710e-02
-1.8218920e-02
-1.4647830e-02
-1.2906440e-02
-1.5209630e-02
