0.01
-2.5471010e-04
-2.4805630e-04
-2.5725890e-04
-2.9601510e-04
-3.4008800e-04
-3.2122940e-04
-1.5230100e-04
1.7257510e-04
5.3148460e-04
7.0158570e-04
5.9463170e-04
2.6728270e-04
-3.2693020e-04
-1.0316710e-03
-1.3083280e-03
-9.1332730e-04
1.7851680e-04
1.1778630e-03
1.0822830e-03
-7.1219350e-04
-2.5814020e-03
-2.6695210e-03
-1.6841270e-03
-1.6357210e-04
7.2632940e-04
-3.6947810e-04
-2.9472720e-03
-3.3680800e-03
-8.4867450e-04
1.0274120e-03
9.6613620e-04
-1.1488210e-03
-6.1956660e-03
-9.3312040e-03
-3.5697860e-03
8.3448890e-03
1.6932160e-02
1.2833060e-02
-3.9004030e-04
-9.4706750e-03
-1.4461560e-02
-1.5584380e-02
-1.1526000e-02
6.0431160e-04
1.1727040e-02
1.9007750e-02
1.7255370e-02
9.2123330e-04
-1.6602320e-02
-2.5958520e-02
-1.7772450e-02
5.9770650e-03
2.6353130e-02
2.2791780e-02
5.9053610e-03
4.6390590e-03
8.7137050e-03
4.4320950e-03
2.6331210e-03
2.2749910e-03
-1.3123270e-02
-2.9485450e-02
-2.1703480e-02
4.1973840e-03
2.7135310e-02
2.9397510e-02
9.9664400e-03
-2.4245590e-02
-3.8002700e-02
-2.4434450e-02
7.3565530e-03
2.5455330e-02
2.5100640e-02
1.5661120e-02
4.2099910e-03
-1.8478340e-03
-5.3060090e-03
-1.1652040e-02
-1.2852570e-02
4.4878430e-03
3.0608090e-02
3.6783570e-02
2.1693550e-02
-1.9408920e-03
-2.3323180e-02
-2.8539440e-02
-1.9268110e-02
2.8268790e-03
2.4980070e-02
3.0143800e-02
2.2775300e-02
1.0733070e-02
-2.5842790e-03
-6.4379650e-03
-1.6355490e-02
-3.4784880e-02
-3.6057860e-02
-2.5870950e-02
-1.6426690e-02
-3.8748620e-03
3.8638040e-03
-5.7121940e-04
-2.5394410e-02
-4.0660820e-02
-3.5538680e-02
-2.5137890e-02
-2.1799650e-02
-1.0659450e-02
8.6466190e-03
2.6354100e-02
4.7527290e-02
4.0071940e-02
-1.0071790e-03
-3.9750720e-02
-4.1270340e-02
-2.3534160e-02
-2.7117070e-05
1.6708770e-02
1.0285900e-02
-8.7983020e-03
-8.1154700e-03
1.7756450e-02
4.0993520e-02
4.9461670e-02
4.8974740e-02
4.1404610e-02
2.6949110e-02
2.0628830e-02
1.3442400e-02
-4.0626260e-04
-3.8143210e-03
1.5417290e-02
3.8487570e-02
4.1900110e-02
1.5424430e-02
-2.7947640e-02
-4.6453960e-02
-3.0097240e-02
6.3474280e-03
2.9424010e-02
3.2986140e-02
2.1415450e-02
-7.6448490e-03
-3.6770510e-02
-5.2394560e-02
-4.5862020e-02
-2.1136580e-02
2.8723500e-04
4.8831200e-03
-1.1314120e-02
-2.0670070e-02
-2.5347280e-02
-3.5961480e-02
-3.0949810e-02
-3.6147710e-03
1.5045250e-02
1.0001750e-02
1.2323650e-03
-5.1265710e-03
-1.3237300e-02
-1.4185210e-02
2.7718200e-03
2.2477260e-02
1.3996360e-02
-1.2256570e-02
-1.3628530e-02
1.1262250e-02
3.3722240e-02
4.5206030e-02
4.4305050e-02
2.6235350e-02
-2.6020190e-03
-1.7696040e-02
-2.3430720e-02
-1.4311840e-02
5.2526210e-03
1.5405570e-02
1.0161070e-02
9.4826590e-03
8.7326090e-03
-5.0334210e-04
-2.2542360e-03
4.9727380e-03
4.4421150e-03
-5.6451360e-03
-1.5955100e-02
-1.7713910e-02
-1.5858400e-02
-1.0324880e-02
-5.0026250e-03
-6.8581800e-03
-6.2801610e-03
2.9796340e-03
1.5368360e-02
2.3474390e-02
2.6873220e-02
2.6095340e-02
2.7849370e-02
3.3669620e-02
2.6854010e-02
4.8831770e-03
-5.9719820e-03
-8.9023190e-03
-1.2379510e-02
-8.0541020e-03
1.5725800e-03
2.5146860e-03
3.2542130e-03
1.2389880e-02
1.8255350e-02
1.0565270e-02
-4.7112760e-03
-1.8277040e-02
-2.5133440e-02
-2.5555600e-02
-2.1542000e-02
-1.5835460e-02
-7.5281560e-03
-7.2654690e-03
-1.1924020e-02
-7.5278570e-03
-6.5062600e-03
-5.8063810e-03
6.4898910e-03
1.4680100e-02
7.9471020e-03
3.7256680e-03
8.6454980e-03
1.0277790e-02
-4.5588800e-03
-2.5076700e-02
-3.3075880e-02
-3.6251750e-02
-3.0059030e-02
-6.4688350e-03
2.1657550e-02
4.5596230e-02
6.2282820e-02
5.1663430e-02
1.8406950e-02
-1.8921140e-03
-3.1817140e-03
2.4619410e-03
9.0824200e-03
1.2709820e-02
1.2936990e-02
1.0698160e-02
6.8439110e-03
1.2203640e-02
2.5438880e-02
2.2421590e-02
1.8892590e-03
-1.3591960e-02
-1.6452310e-02
-1.6061940e-02
-6.8192360e-03
-6.1932470e-03
-2.1857850e-02
-3.5414240e-02
-3.0981460e-02
-1.4513960e-02
2.0212890e-03
1.5072080e-02
2.8911710e-02
3.9583460e-02
4.1149290e-02
3.6193200e-02
2.7800140e-02
4.9753590e-04
-2.7829060e-02
-3.0651660e-02
-8.0474050e-03
1.2309210e-02
1.7903630e-02
1.7017780e-02
1.0407240e-02
8.0870060e-03
1.1575480e-02
8.7537140e-03
-5.8949730e-04
-1.2996810e-02
-2.3886830e-02
-3.3734260e-02
-3.6115130e-02
-3.2290830e-02
-2.8790230e-02
-2.6938500e-02
-2.8313060e-02
-3.3444790e-02
-3.0028670e-02
2.4190130e-03
4.2647990e-02
5.6146520e-02
4.1211610e-02
-6.7840970e-03
-5.3311630e-02
-8.1293080e-02
-8.7559660e-02
-8.1738210e-02
-5.1664610e-02
-9.1464650e-03
1.7695930e-02
1.5718210e-02
-3.1527640e-03
-2.8365190e-02
-4.7475680e-02
-6.5058130e-02
-7.5969600e-02
-7.0803130e-02
-5.6190610e-02
-4.8445400e-02
-4.9829720e-02
-5.3906360e-02
-5.0375830e-02
-4.0615130e-02
-3.8318020e-02
-4.3251630e-02
-4.3082440e-02
-3.7194280e-02
-2.8683340e-02
-1.4930880e-02
3.9906590e-03
1.3649570e-02
9.7098570e-03
7.8309200e-03
1.7209740e-02
3.2666770e-02
4.5947530e-02
4.9999640e-02
4.7695280e-02
3.6406750e-02
1.3642830e-02
-5.7967740e-03
-1.2979250e-02
-8.4799130e-03
1.1108700e-03
1.2644370e-02
3.0612050e-02
5.4227230e-02
7.8440670e-02
1.0378240e-01
1.2255020e-01
1.2413550e-01
1.1470260e-01
9.7612120e-02
7.3583660e-02
5.1012000e-02
3.9613540e-02
4.5204960e-02
4.7038170e-02
4.4624150e-02
4.5323670e-02
5.5523360e-02
7.2296590e-02
7.9613910e-02
6.5316840e-02
2.4313870e-02
-1.4723930e-02
-4.3932340e-02
-5.2020450e-02
-2.8056900e-02
1.9290350e-02
5.2856660e-02
5.0053120e-02
1.3940900e-02
-2.2596030e-02
-3.6663210e-02
-3.9746530e-02
-3.3073150e-02
-2.5330760e-02
-2.6126110e-02
-3.2038600e-02
-3.9961120e-02
-4.8260520e-02
-5.4890040e-02
-5.6532460e-02
-4.9833660e-02
-3.8061760e-02
-3.7973580e-02
-6.1221420e-02
-9.4524350e-02
-1.1064190e-01
-1.0157420e-01
-6.4886130e-02
-1.7840580e-02
1.6011860e-02
2.3107630e-02
1.0953160e-02
-1.3952340e-02
-2.7700000e-02
-3.2067090e-02
-2.2145030e-02
1.2913220e-03
2.2732380e-02
2.7818250e-02
2.0176910e-02
1.8742860e-02
2.8617870e-02
4.5453970e-02
6.5256060e-02
7.4022480e-02
6.7213470e-02
5.8168980e-02
4.4789550e-02
2.8599000e-02
2.5586210e-02
3.3300330e-02
4.3281920e-02
4.2467170e-02
3.4337140e-02
1.0077440e-02
-2.1251690e-02
-4.3206810e-02
-3.4208610e-02
7.3802310e-04
3.2419680e-02
3.8508220e-02
3.2742550e-02
1.5454300e-02
-8.4146700e-03
-1.8924140e-02
-9.3566780e-03
6.9341760e-03
1.8838180e-02
2.8112280e-02
3.3138930e-02
2.6544940e-02
1.0442950e-02
-1.3280610e-03
-4.3885610e-03
-8.1428400e-03
-2.1788390e-02
-3.9008030e-02
-4.7619630e-02
-4.8063100e-02
-4.5091010e-02
-3.8461650e-02
-3.1011220e-02
-2.2178440e-02
-8.3143060e-03
1.2386380e-02
2.4406640e-02
2.0364120e-02
-4.8645420e-03
-2.8107230e-02
-3.2134100e-02
-3.2690130e-02
-4.2298860e-02
-5.2635240e-02
-5.1425300e-02
-3.5932650e-02
-1.2660820e-02
-1.6560910e-03
-3.9305310e-04
-6.6826340e-03
-2.0673340e-02
-3.1818620e-02
-3.9396970e-02
-3.6260890e-02
-1.2661500e-02
1.8109670e-02
3.9782380e-02
5.4037990e-02
5.7436510e-02
5.2322540e-02
3.0795420e-02
-5.6514900e-03
-2.5298800e-02
-2.8703810e-02
-2.4362450e-02
-1.2999260e-02
2.7891800e-03
1.5949300e-02
2.6463270e-02
4.1032830e-02
5.4659120e-02
5.7871690e-02
5.5071480e-02
4.4660480e-02
2.5443220e-02
1.3677930e-02
9.6795440e-03
4.3037860e-04
-1.4017100e-02
-2.4807690e-02
-2.4039950e-02
-7.7592460e-03
1.2201950e-02
2.2974140e-02
2.4429060e-02
1.5462200e-02
-5.3610870e-03
-2.6846910e-02
-3.4924470e-02
-3.2782970e-02
-2.7727710e-02
-1.8164920e-02
2.7689290e-03
2.6935810e-02
3.2446700e-02
1.4384770e-02
-1.4443710e-02
-3.7678400e-02
-5.0511780e-02
-4.3206380e-02
-1.7614220e-02
9.0579550e-03
2.1289980e-02
1.5246800e-02
-4.6529770e-03
-1.0639080e-02
2.9587930e-03
8.5255230e-03
-2.6377670e-03
-1.6058760e-02
-2.1873810e-02
-2.4952780e-02
-2.4526510e-02
-1.5989560e-02
2.5336980e-03
1.6394640e-02
1.9624140e-02
1.6036800e-02
4.9865610e-03
-7.7114590e-03
-1.8447170e-02
-4.2526430e-02
-6.8837160e-02
-7.5902510e-02
-5.6078730e-02
-2.8067820e-02
-6.1311600e-03
1.8339280e-02
3.5948880e-02
3.2699080e-02
5.3134550e-03
-3.6024450e-02
-5.2461440e-02
-4.8635120e-02
-2.0271050e-02
1.3100050e-02
2.6089300e-02
2.6377910e-02
1.9934770e-02
9.8084890e-03
1.1055690e-02
2.9590560e-02
4.5680660e-02
4.4602250e-02
2.6445110e-02
8.9916930e-03
-7.0483900e-03
-1.1262090e-02
3.3048990e-03
1.5016810e-02
1.1230640e-02
8.8740510e-03
7.3680270e-03
-7.7881480e-03
-3.2549760e-02
-4.2557000e-02
-2.0608260e-02
1.6907020e-02
4.0520250e-02
4.7211950e-02
3.6773370e-02
1.9449620e-02
1.2759670e-02
1.3716810e-02
1.4491020e-02
1.2556050e-02
-1.1487280e-03
-1.0443320e-02
2.8214010e-03
2.6391510e-02
4.4131250e-02
4.9169320e-02
4.3703080e-02
3.4693790e-02
2.7609430e-02
1.6694590e-02
-3.2975680e-03
-2.1312250e-02
-2.8607740e-02
-2.8508630e-02
-2.1742630e-02
-6.8191210e-03
2.9048790e-03
5.8101910e-03
1.1138020e-02
1.0020160e-02
-9.4336560e-03
-3.1972310e-02
-3.8918020e-02
-4.4020510e-02
-5.3561040e-02
-6.2838180e-02
-6.9069790e-02
-6.9981030e-02
-6.3897320e-02
-5.5160920e-02
-4.7557780e-02
-4.4959190e-02
-4.8668690e-02
-4.0966330e-02
-1.3382070e-02
1.4324850e-02
2.7330840e-02
2.4935000e-02
1.0174740e-02
-7.5068800e-03
-1.0188710e-02
8.7942300e-03
3.6187820e-02
6.1053280e-02
7.3741790e-02
6.7263870e-02
5.0120160e-02
4.0839660e-02
3.6605620e-02
3.4575170e-02
3.7661240e-02
4.3149590e-02
5.2267260e-02
6.4362310e-02
6.8938150e-02
5.7505240e-02
2.8999540e-02
9.2582620e-04
-4.6777550e-03
1.1614810e-02
2.7531020e-02
2.9881990e-02
2.4994870e-02
5.1655080e-03
-6.0723540e-03
-9.0553310e-05
9.6472590e-03
6.7421670e-03
-6.4241210e-03
-1.8754290e-02
-3.1383890e-02
-3.8646290e-02
-3.2353320e-02
-1.8309300e-02
-1.0062400e-02
-1.1437540e-02
-1.5772760e-02
-2.6272260e-02
-3.7413790e-02
-4.4409790e-02
-4.8564390e-02
-4.8491480e-02
-4.5586370e-02
-3.9937630e-02
-2.7833940e-02
-2.1056010e-02
-2.2454630e-02
-2.7446380e-02
-2.9676010e-02
-2.9436210e-02
-2.2494910e-02
1.9402270e-03
2.8225940e-02
4.6090870e-02
4.8033130e-02
3.5389100e-02
1.7062190e-02
-2.1093550e-03
-2.1770620e-02
-2.5703210e-02
-1.6109630e-02
-9.7997350e-03
-9.3620370e-03
-4.5027750e-03
1.1137730e-02
3.6765240e-02
5.1597390e-02
5.3950490e-02
5.3489080e-02
4.8464910e-02
2.7547270e-02
4.1246240e-04
-2.4831850e-02
-3.9835260e-02
-4.0393770e-02
-2.5678530e-02
-4.5790830e-03
6.2997520e-03
8.6675520e-03
-1.8069300e-03
-2.5967330e-02
-4.6803510e-02
-5.3194840e-02
-4.2317660e-02
-2.9194250e-02
-2.6272640e-02
-2.3261970e-02
-1.0029050e-02
1.4089560e-02
3.6273700e-02
5.1507360e-02
5.9213230e-02
5.9293790e-02
3.9239270e-02
2.9694940e-03
-2.1004310e-02
-2.1599510e-02
-1.0405090e-02
2.5822150e-03
2.0666360e-02
4.3839090e-02
5.4896710e-02
5.4704960e-02
4.6149100e-02
2.0523390e-02
-1.2201490e-02
-2.5814830e-02
-2.2724340e-02
-1.3228140e-02
-7.8142720e-03
-1.2224690e-02
-1.7740090e-02
-7.7965860e-03
2.1118320e-02
4.9143630e-02
6.5281930e-02
7.1046700e-02
6.8512900e-02
5.1388940e-02
1.8907910e-02
-1.0049050e-02
-1.2993160e-02
-8.6866980e-03
-1.6623490e-02
-3.3085880e-02
-4.1387940e-02
-4.6180510e-02
-5.0456090e-02
-4.7379430e-02
-4.0561380e-02
-3.6907280e-02
-3.8834240e-02
-3.6579010e-02
-2.8781420e-02
-2.2436280e-02
-2.7266730e-02
-3.5754060e-02
-3.9673730e-02
-3.8269150e-02
-3.6046140e-02
-3.1414670e-02
-2.2378000e-02
-8.1504220e-03
7.0111940e-03
1.6935930e-02
2.1300570e-02
1.8331250e-02
7.8147700e-03
-5.4829260e-03
-2.4278840e-03
1.5857390e-02
2.9360310e-02
3.5033520e-02
3.6682060e-02
3.2300190e-02
3.0252760e-02
3.5208860e-02
4.3452820e-02
4.4022040e-02
3.5785150e-02
2.3322210e-02
1.0157180e-02
6.8590750e-03
1.2867040e-02
2.2895490e-02
3.5148060e-02
4.9078460e-02
5.8512550e-02
6.9683120e-02
7.3625520e-02
6.8493370e-02
6.2211790e-02
5.0943910e-02
2.3607840e-02
-1.7358390e-03
-1.6193760e-02
-2.4647460e-02
-2.9671620e-02
-2.8220970e-02
-2.2307750e-02
-2.2703610e-02
-2.3928130e-02
-2.4900040e-02
-3.0002530e-02
-3.5802310e-02
-3.3670990e-02
-2.0854390e-02
-1.3170090e-02
-1.4305320e-02
-2.3437920e-02
-3.9910650e-02
-5.6524050e-02
-6.7411230e-02
-6.9256850e-02
-6.2400970e-02
-5.2442150e-02
-3.7047610e-02
-2.5571730e-02
-2.3374270e-02
-2.5531730e-02
-3.6186130e-02
-5.2235900e-02
-5.8632460e-02
-4.4739750e-02
-2.8865420e-02
-2.7263810e-02
-3.0556720e-02
-3.7902620e-02
-4.8369390e-02
-5.4900700e-02
-4.7550390e-02
-2.9914160e-02
-1.9845570e-02
-1.2590620e-02
-4.2189220e-03
-4.7389340e-04
3.3762480e-03
1.2334690e-02
2.4996590e-02
3.6946320e-02
4.7265050e-02
5.4419190e-02
5.3680530e-02
4.4912910e-02
3.4748700e-02
3.0981190e-02
3.2411830e-02
3.5376930e-02
3.9105720e-02
3.8127340e-02
2.8293870e-02
1.6575050e-02
1.6414850e-02
2.6131430e-02
4.5942990e-02
6.0511030e-02
6.5049650e-02
5.7450650e-02
3.9474040e-02
3.3823190e-02
3.7269730e-02
3.5550390e-02
2.7326700e-02
1.3838370e-02
3.9671100e-03
-1.0960820e-03
-1.2321310e-02
-2.4485110e-02
-3.2994080e-02
-3.6798120e-02
-4.0881100e-02
-4.0574300e-02
-2.6740790e-02
-6.7661660e-03
5.2232320e-03
6.1823980e-03
4.2893190e-03
-1.8945030e-03
-1.4711710e-02
-2.2438780e-02
-1.9864670e-02
-1.2708330e-02
-9.5766680e-03
-1.1333490e-02
-1.1464990e-02
-1.0021310e-02
-1.1849190e-02
-1.5332400e-02
-1.1865330e-02
-4.7321450e-03
-1.7544660e-03
-3.3288100e-03
-4.7697610e-03
-9.3390120e-03
-1.8140140e-02
-1.8714090e-02
-3.9592040e-03
1.7292790e-02
2.5445540e-02
2.2748030e-02
1.5871670e-02
8.3799130e-03
-8.5208010e-04
-8.0777760e-03
-5.3943330e-03
7.3838020e-03
1.5862590e-02
1.9512610e-02
2.5539000e-02
3.2115100e-02
3.0724340e-02
2.0036550e-02
5.6624710e-03
2.2104470e-03
-8.2581280e-04
-3.4195700e-03
-3.6425690e-03
-4.5641510e-03
-4.9999570e-03
2.4279650e-03
1.3503480e-02
1.3642540e-02
1.7192490e-03
-1.4535610e-02
-2.1005050e-02
-2.1542520e-02
-2.3573530e-02
-2.5753260e-02
-2.5461570e-02
-2.3198080e-02
-2.2468440e-02
-2.0800640e-02
-1.8276830e-02
-1.3993860e-02
-8.1775010e-03
-9.5257490e-04
6.3506540e-03
1.2910440e-02
1.6307470e-02
1.1758500e-02
1.3219220e-03
-1.0701910e-02
-2.2417280e-02
-2.6410380e-02
-2.5717900e-02
-1.8895720e-02
-7.1685930e-03
3.8647820e-03
1.3729840e-02
2.4741940e-02
2.6211440e-02
2.2506010e-02
1.9095980e-02
1.3550550e-02
5.7814240e-03
-5.8625750e-03
-1.7573420e-02
-2.0223760e-02
-1.3977820e-02
-2.8011570e-03
9.2817280e-03
1.9703120e-02
2.2723310e-02
1.6814110e-02
5.8597120e-03
-4.4124950e-03
-1.1268970e-02
-1.1763290e-02
-9.5000940e-03
-2.6051960e-03
1.0107920e-02
2.1761080e-02
2.7265850e-02
2.4701010e-02
1.6213540e-02
1.5470200e-02
1.9309660e-02
1.6555250e-02
1.3017370e-02
1.4888260e-02
1.5588070e-02
6.0714990e-03
-3.7494310e-03
-2.8320100e-03
6.9776710e-04
-2.3945890e-03
-1.2945370e-02
-1.9018840e-02
-1.6708730e-02
-1.2345560e-02
-1.3214810e-02
-1.3444870e-02
-1.0855000e-02
-6.0968700e-03
5.6859620e-04
6.4344690e-03
1.0569070e-02
8.1695850e-03
-2.7943510e-03
-1.6601430e-02
-2.9821990e-02
-3.6539550e-02
-3.7368850e-02
-3.1817800e-02
-9.0815210e-03
2.2480900e-02
3.6547330e-02
3.2504480e-02
1.7080690e-02
5.4772490e-03
-6.7019080e-03
-1.6066320e-02
-1.4819060e-02
-9.0012970e-03
-8.5664310e-03
-1.1680910e-02
-1.3592400e-02
-1.1820080e-02
-8.2826250e-03
-4.4904190e-03
3.3093050e-03
1.2186000e-02
1.3128430e-02
1.3410700e-02
1.7038400e-02
2.1270820e-02
2.3639400e-02
2.3220220e-02
2.3820860e-02
2.4613890e-02
2.0485130e-02
1.3142300e-02
5.1771290e-03
-2.5159800e-03
-7.7196990e-03
-1.2851920e-02
-1.9509840e-02
-2.3556410e-02
-2.1729770e-02
-1.6139320e-02
-1.0552300e-02
-3.5653030e-03
3.6841780e-03
5.9038700e-03
5.0148050e-03
5.0742720e-03
5.2709890e-03
2.3889550e-03
-4.7325470e-04
-5.0809770e-03
-1.7266730e-02
-2.5621350e-02
-2.4866410e-02
-1.7045130e-02
-9.1890980e-03
-4.0271160e-03
-4.1840570e-03
-5.2435670e-03
-5.5032540e-04
9.1244370e-03
1.4283600e-02
1.0613430e-02
3.3656710e-03
-1.7600050e-03
-3.9681650e-03
-4.6554240e-03
-6.8132000e-03
-1.0082920e-02
-1.0426400e-02
-5.7414010e-03
1.7313770e-03
6.6233320e-03
6.5798460e-03
2.5208410e-03
-3.3831250e-03
-2.2458980e-03
6.8318750e-03
1.1094440e-02
8.1025390e-03
5.4550050e-03
5.6850540e-03
5.4170080e-03
1.7294110e-03
-3.6369880e-03
-9.4654940e-03
-1.4491140e-02
-1.6270800e-02
-1.0192100e-02
3.5715090e-03
1.1567660e-02
9.5819190e-03
4.9753010e-03
2.0391320e-03
-2.0020600e-03
-1.6673020e-03
5.0428210e-03
9.5510140e-03
1.0961070e-02
7.0739070e-03
3.5213370e-03
-7.2463840e-04
-4.0687410e-03
-4.7203170e-03
-3.8000200e-03
-3.8116000e-05
7.6721130e-03
1.3398920e-02
1.6289730e-02
1.2519260e-02
7.8694490e-03
4.0553630e-03
-1.3682360e-03
-4.8691920e-03
-5.0843120e-03
1.4143720e-03
5.1578750e-03
4.9755000e-03
4.3879510e-03
5.2266040e-03
6.3974770e-03
8.4597810e-03
1.2272250e-02
1.5330470e-02
1.4781510e-02
6.3794000e-03
-1.1142040e-03
3.1065460e-03
1.0151280e-02
1.3832530e-02
1.6760470e-02
1.8310920e-02
1.2650550e-02
-3.6534900e-03
-2.1398590e-02
-2.8103350e-02
-2.7385690e-02
-1.8718770e-02
-4.5003190e-03
8.8737170e-03
1.5612690e-02
1.4946850e-02
7.6525380e-03
-3.0198430e-03
-1.3034690e-02
-2.0201720e-02
-2.3600690e-02
-2.2593860e-02
-1.9499120e-02
-1.3984780e-02
-7.5241540e-03
-4.7747510e-03
-9.8555130e-04
8.8008930e-03
1.7058770e-02
1.6366690e-02
1.0441570e-02
3.5515870e-03
-3.1618270e-03
-5.1761270e-03
1.8870670e-03
1.1736960e-02
1.7520340e-02
2.5052220e-02
2.8886870e-02
2.6248310e-02
1.9403960e-02
1.0403140e-02
3.0006040e-03
-1.4836860e-03
-3.3167240e-03
-2.1372080e-03
-7.7180970e-04
-3.2868570e-03
-9.4296940e-03
-1.6081460e-02
-1.9084250e-02
-1.8525540e-02
-1.6523460e-02
-1.3054880e-02
-7.5465710e-03
-3.2961060e-03
-2.8932860e-03
-6.7732490e-03
-1.0900800e-02
-1.5167460e-02
-2.0013740e-02
-2.1996220e-02
-1.7228870e-02
-9.4825460e-03
-1.4828280e-03
6.0840970e-03
1.4285280e-02
2.0028280e-02
1.7159180e-02
1.9742940e-03
-1.2545790e-02
-1.6559320e-02
-1.3201910e-02
-8.7251830e-03
-9.7972060e-03
-1.2422690e-02
-1.1641700e-02
-7.2774160e-03
-2.8172780e-03
-2.8701050e-03
-6.4379640e-03
-8.8017510e-03
-9.0375290e-03
-7.7237290e-03
-2.7842810e-03
5.8373600e-04
-1.9244280e-03
-5.0937750e-03
-1.8802340e-03
2.3152220e-03
2.8861180e-03
4.4292050e-03
9.4418160e-03
1.6229870e-02
1.9553490e-02
1.6582230e-02
1.1137300e-02
5.7105850e-03
4.6420120e-04
-5.6177560e-03
-9.4533420e-03
-9.7686620e-03
-4.5553220e-03
2.6669110e-03
9.5409300e-03
1.5847970e-02
1.5285790e-02
7.4642510e-03
-1.4136230e-03
-4.2731550e-03
-4.6846510e-03
-5.4816340e-03
-5.0166430e-03
-1.9542690e-03
4.5122970e-03
1.1027760e-02
1.4411180e-02
1.5898550e-02
1.4809100e-02
1.1353610e-02
8.0784850e-03
4.5878360e-03
-1.0438980e-04
-4.5800510e-03
-5.9827470e-03
-1.5909360e-03
5.8010870e-03
1.2672660e-02
1.7749430e-02
2.0507590e-02
1.7656190e-02
9.5042130e-03
3.4866500e-04
-1.3413770e-03
6.6924200e-03
1.2329770e-02
1.1413090e-02
4.3705310e-03
-6.7659140e-03
-1.5571710e-02
-1.8082830e-02
-1.5828770e-02
-1.2799230e-02
-1.1989760e-02
-9.3831320e-03
-1.3800520e-03
6.5967850e-03
8.6257740e-03
1.1465130e-02
1.5167530e-02
1.2111590e-02
-5.9674230e-04
-1.5346720e-02
-2.1260260e-02
-2.3330060e-02
-2.4333680e-02
-2.0301250e-02
-1.2230240e-02
-5.4279330e-03
-3.5621040e-03
-4.8199580e-03
-6.7533670e-03
-9.1548360e-03
-1.1436220e-02
-8.6487340e-03
-1.4874870e-03
4.6605380e-03
4.8476900e-03
-1.4357490e-03
-7.5106010e-03
-7.3164150e-03
-3.8262340e-03
-8.6708850e-04
5.2314790e-04
7.4475410e-04
-1.1695880e-03
-2.8712790e-03
-1.4664330e-03
-9.6727130e-04
-2.3564600e-03
-1.7815770e-03
6.9843950e-04
3.9945190e-03
5.2462050e-03
4.7136660e-03
5.0266230e-03
5.5475190e-03
5.5332600e-03
5.5152400e-03
2.0202950e-03
-1.5803190e-03
-1.0411200e-03
2.1362170e-03
8.6237470e-04
-4.1242450e-03
-6.7405760e-03
-4.0461260e-03
1.5907970e-03
1.0157810e-02
1.5145520e-02
1.6326960e-02
1.2957320e-02
5.9670720e-03
-5.9709850e-04
1.3992930e-03
1.0348340e-02
1.2490070e-02
4.9804780e-03
-4.1203690e-03
-8.0388110e-03
-1.0196440e-02
-8.9130310e-03
-6.1123240e-03
-4.3978950e-03
-6.6580190e-03
-1.1090990e-02
-8.3298960e-03
-3.7801550e-03
-1.8051940e-03
-9.5779130e-04
-1.0609220e-03
1.1201330e-04
9.2093990e-04
-6.4769650e-04
-5.1136880e-03
-1.0768350e-02
-1.1854570e-02
-6.4690220e-03
2.0348860e-03
5.8751470e-03
5.6062820e-03
1.1496050e-04
-9.1589000e-03
-1.4569900e-02
-1.2755520e-02
-7.9454840e-03
-4.8388700e-03
-4.8165540e-03
-8.0890630e-03
-8.4612570e-03
-2.5699580e-03
6.2375220e-03
1.5869400e-02
2.4143580e-02
2.6960240e-02
2.6527290e-02
2.3443390e-02
1.8046080e-02
8.3209400e-03
-2.5150490e-03
-2.8829550e-03
3.4569160e-03
8.1544620e-03
9.3776180e-03
1.0627230e-02
1.2217190e-02
1.0412690e-02
6.4231160e-03
3.1141390e-03
1.5727600e-04
-1.4809760e-03
-2.9457620e-03
-3.1887520e-03
-1.8638440e-03
-5.3420570e-04
-9.3449680e-04
-2.6976260e-03
-8.2709830e-04
2.4905770e-03
4.5045710e-04
-7.6100890e-03
-1.1148770e-02
-7.8904440e-03
-2.8760930e-03
9.0617670e-04
1.8770370e-03
2.0271770e-03
2.2893730e-03
3.0348070e-03
2.3343390e-03
-8.3321550e-04
-3.1505790e-03
-2.4310380e-03
1.9300420e-04
5.6898140e-03
1.0062310e-02
1.0446040e-02
8.1827950e-03
5.0342630e-03
1.6566460e-03
-5.5842570e-03
-1.2823190e-02
-1.5910460e-02
-1.1841600e-02
-5.8556100e-03
-1.0777660e-03
1.3974240e-03
1.9780780e-03
1.3449170e-03
-1.7175390e-03
-7.6234410e-03
-1.3533530e-02
-1.7230360e-02
-1.6467930e-02
-1.0993580e-02
-2.1243390e-03
4.9566920e-03
7.7680070e-03
5.3501400e-03
7.4371250e-04
-3.3570980e-04
2.0359500e-03
5.1517570e-03
9.2480510e-03
1.4443880e-02
1.8511360e-02
1.9613360e-02
1.7496440e-02
1.0713540e-02
-1.0330650e-03
-1.1554890e-02
-1.4436010e-02
-1.0524660e-02
-4.3679500e-03
4.7046610e-04
4.8595130e-03
7.2675600e-03
6.6176890e-03
4.9725180e-03
2.4454150e-03
-3.3154650e-03
-1.0526280e-02
-1.4623590e-02
-1.3337720e-02
-8.2964160e-03
-6.6361790e-03
-6.3948720e-03
-6.3158720e-03
-5.6155240e-03
-7.5334860e-03
-1.0769050e-02
-1.3064700e-02
-1.4084020e-02
-1.5270210e-02
-1.4411700e-02
-8.3483330e-03
-1.3252910e-04
3.8833390e-03
5.8761720e-03
6.6602950e-03
5.9463440e-03
5.5270650e-03
5.0412010e-03
5.2547800e-03
6.1756080e-03
3.7525030e-03
2.2596460e-03
3.8129550e-03
5.6341610e-03
4.7460460e-03
1.9543800e-03
6.0335870e-06
-2.6287990e-03
-3.9359590e-03
-2.5962680e-03
-1.1589790e-04
3.6759730e-04
-9.9500680e-04
-4.0666730e-03
-7.6216690e-03
-8.5484120e-03
-6.2611900e-03
-4.9136270e-03
-3.7686770e-03
-1.7086600e-03
1.9534450e-03
6.0163150e-03
8.7757070e-03
8.7375090e-03
4.0088350e-03
1.2415510e-03
1.1680220e-03
2.5497760e-03
4.0396600e-03
6.0125320e-03
7.4470100e-03
6.4264450e-03
4.9532600e-03
3.9424380e-03
4.0032670e-03
3.1898750e-03
4.4933920e-03
6.3879200e-03
5.2612750e-03
6.3767410e-04
-3.5926280e-03
-4.4120540e-03
-4.5796140e-03
-3.9893930e-03
3.5672100e-04
4.9351300e-03
5.8337080e-03
3.3555760e-03
1.4945500e-03
7.6528650e-04
1.0017200e-03
1.9393620e-03
3.0530390e-03
3.8824180e-03
1.3235880e-03
-2.5507530e-03
-5.7539550e-03
-7.3826680e-03
-9.0521990e-03
-1.2519600e-02
-1.6312300e-02
-1.8556470e-02
-1.7682720e-02
-1.4282490e-02
-9.8346350e-03
-5.2706640e-03
-4.2568850e-03
-4.6634680e-03
-2.5310090e-04
4.9704060e-03
6.3219420e-03
7.5487080e-03
1.0215780e-02
1.1445600e-02
1.0174190e-02
6.5083610e-03
5.6428960e-03
8.3613110e-03
1.1389610e-02
1.2971280e-02
1.3108480e-02
1.1592910e-02
8.7405000e-03
7.6894130e-03
5.4236650e-03
2.7484390e-04
-3.4596600e-03
-2.3645550e-03
2.5598830e-04
1.7924110e-03
1.7805470e-03
2.5441740e-03
5.2892080e-03
9.3243520e-03
1.0649260e-02
9.7594040e-03
9.0546980e-03
7.4050830e-03
6.5244320e-03
6.0884710e-03
3.5232560e-03
2.9058610e-04
4.0076280e-04
2.3270650e-03
2.4112240e-03
1.7870060e-03
1.3900280e-03
-1.9236420e-03
-7.2123390e-03
-9.6846070e-03
-7.4764920e-03
-3.5088500e-03
-8.9197890e-04
1.2714380e-04
-1.7230660e-03
-7.7583520e-03
-1.3737670e-02
-1.5378650e-02
-1.2874140e-02
-5.9077390e-03
1.6376020e-03
3.8421910e-03
2.2334240e-03
-3.8623760e-04
-2.2407120e-03
-2.5065070e-03
-8.8612600e-04
7.1180830e-04
1.7296980e-03
3.8473310e-03
6.6987740e-03
6.5218750e-03
2.4721900e-03
-3.4107280e-04
-2.1643280e-03
-4.7568520e-03
-7.4011570e-03
-1.0820120e-02
-1.6449260e-02
-2.1449970e-02
-2.0329160e-02
-1.3761380e-02
-5.9356020e-03
3.9145210e-03
9.4113310e-03
9.7071560e-03
6.9645660e-03
4.4129630e-03
1.2360300e-03
8.0022600e-04
3.3347630e-03
5.2730610e-03
8.6529050e-03
7.5390020e-03
4.4145280e-03
3.7372440e-03
4.3308960e-03
3.5944170e-03
5.4246160e-04
-1.3674880e-03
1.1718860e-03
4.3777690e-03
1.1726850e-03
-3.9342130e-03
-6.5603050e-03
-7.4695840e-03
-7.8367450e-03
-5.5286870e-03
-7.5636810e-04
1.1784560e-03
1.8885700e-03
1.5276920e-03
4.6032050e-04
-3.0133120e-03
-6.4401770e-03
-9.2398290e-03
-8.8985380e-03
-3.0112640e-03
3.5328780e-03
5.9835640e-03
3.3160820e-03
-2.8718270e-03
-6.2846680e-03
-4.7403510e-03
-4.1595980e-03
-6.5518950e-03
-1.0694950e-02
-1.2318040e-02
-9.8013730e-03
-5.9417750e-03
-4.6870410e-03
-6.2982640e-03
-1.0108310e-02
-1.0825780e-02
-8.7060350e-03
-9.2871240e-03
-1.0976450e-02
-1.1622530e-02
-9.9805630e-03
-4.4830620e-03
1.0626710e-03
2.7948110e-03
1.4813050e-03
-7.7373860e-05
1.2716610e-03
6.2148900e-03
9.2230410e-03
9.1458380e-03
5.0281940e-03
1.5269350e-03
1.5409220e-03
2.8567670e-03
6.4234900e-03
7.7955940e-03
6.5908610e-03
5.8026520e-03
7.1571230e-03
9.3703650e-03
9.7974740e-03
9.6082530e-03
8.9506790e-03
9.5614820e-03
1.1387000e-02
1.2296230e-02
1.0053400e-02
6.2481440e-03
3.6325800e-03
4.2875700e-03
8.9634810e-03
1.1670380e-02
1.1277920e-02
8.5641500e-03
3.2236680e-03
-1.7172380e-03
-3.3725860e-03
-2.1022080e-03
2.3231760e-03
7.2658700e-03
9.5885250e-03
7.3368030e-03
9.5594450e-04
-5.2872260e-03
-6.9566760e-03
-5.6071280e-03
-4.2392630e-03
-5.5069690e-03
-7.4178940e-03
-8.9027590e-03
-8.2140610e-03
-1.3607410e-03
8.4656610e-04
-7.9346550e-04
-1.4196150e-03
-3.3902130e-03
-5.8589190e-03
-7.2576030e-03
-6.1135670e-03
-4.2209920e-03
-2.9469040e-03
-2.8578650e-03
-3.7246020e-03
-4.4621920e-03
-5.5027350e-03
-6.1333300e-03
-5.5322950e-03
-5.1210010e-03
-5.0221350e-03
-5.3958010e-03
-4.6047350e-03
2.2992640e-03
7.7383800e-03
6.7039960e-03
1.6544210e-03
-2.5503690e-03
-4.1405580e-03
-4.0937170e-03
-2.5309480e-03
-1.1779890e-03
9.7390880e-04
5.3698060e-03
1.1770660e-02
1.3148040e-02
1.2241370e-02
1.0197060e-02
9.0358170e-03
9.4155850e-03
1.0302460e-02
1.0786880e-02
9.0869030e-03
5.5977620e-03
1.7419550e-03
-2.8946240e-03
-4.9249760e-03
-4.3699870e-03
-3.3991530e-03
-2.5853080e-03
-4.3738750e-03
-5.9182300e-03
-6.8872490e-03
-5.2235200e-03
8.6197020e-04
5.8341250e-03
5.4796850e-03
5.2707740e-03
4.4463480e-03
2.6130150e-03
3.3412220e-04
-1.4012220e-03
-2.6983800e-03
-3.6137070e-03
-3.8236720e-03
-3.0400540e-03
-1.4351880e-03
-9.4386970e-04
-3.8503040e-04
7.0546680e-04
-9.6382110e-05
-4.1111290e-03
-7.6047520e-03
-7.9500510e-03
-6.9430720e-03
-6.2425530e-03
-4.6855850e-03
-3.6046220e-03
-2.1559040e-03
9.5034330e-04
2.9657290e-03
4.4551570e-03
4.1066110e-03
2.0758510e-03
7.7235200e-05
-1.3541860e-03
-2.9121350e-03
-3.2262290e-03
-2.5973800e-03
-1.2207530e-03
1.0389680e-03
2.6752460e-03
5.2440950e-03
7.8831750e-03
9.9299090e-03
1.1260170e-02
1.1028620e-02
1.0030110e-02
8.2218220e-03
4.9086120e-03
1.8228110e-03
4.0006790e-04
-1.5326460e-04
7.7538910e-04
3.0589360e-03
5.5160230e-03
7.8091490e-03
1.0873810e-02
1.1324230e-02
9.7504920e-03
6.5517010e-03
4.1512270e-03
3.6505740e-04
-3.0805500e-03
-6.0630640e-03
-7.5349310e-03
-8.9409050e-03
-1.0310030e-02
-9.2481800e-03
-4.7818090e-03
-2.2425740e-03
-1.1582340e-03
-2.4905750e-03
-3.1192260e-03
-1.2616650e-03
-7.4455110e-04
-1.3029640e-03
-2.7227970e-03
-4.3782060e-03
-5.6246470e-03
-8.2068940e-03
-1.1110110e-02
-1.0356560e-02
-8.5289660e-03
-5.8374100e-03
-3.4696890e-03
-1.3684870e-03
4.2975250e-04
2.5868300e-03
2.1142050e-03
-1.1087840e-03
-3.7513220e-03
-5.3369550e-03
-4.4993780e-03
-4.0917520e-03
-4.4380650e-03
-1.4759360e-03
4.5210830e-04
1.5286670e-03
2.3888880e-03
2.5463160e-03
3.4025540e-03
2.4189920e-03
2.1315330e-03
2.9642630e-03
2.8522040e-03
2.3070420e-03
2.7311060e-03
3.9067430e-03
4.1452280e-03
3.0213450e-03
1.3793270e-03
-5.5086460e-04
-4.5499510e-04
1.8320060e-03
1.9281840e-03
2.8956580e-04
-5.9218120e-04
-1.7088610e-03
-2.9533340e-03
-4.3677120e-03
-4.7662590e-03
-4.1889000e-03
-1.7937530e-03
8.8164520e-04
2.6589150e-03
3.2454430e-03
2.7975370e-03
7.0930440e-04
1.6379770e-03
5.4439120e-03
6.3884260e-03
6.5653450e-03
5.8317260e-03
3.6524850e-03
1.0194040e-03
-1.4668640e-03
-4.0579260e-03
-4.6551360e-03
-4.6258870e-03
-4.1702750e-03
-3.7653700e-03
-3.5269500e-03
-3.0900640e-03
-2.6551450e-03
-2.2796670e-03
-2.3395350e-03
-2.5317340e-03
-2.5592710e-03
-1.8822960e-03
-6.2154990e-04
1.0779570e-03
2.9610300e-03
3.1639190e-03
1.7373090e-03
-8.5400310e-04
-3.0484870e-03
-4.2952980e-03
-4.9548750e-03
-5.0744910e-03
-4.6923550e-03
-3.9853710e-03
-1.7901160e-03
3.4562590e-04
7.8454210e-04
-1.8006040e-04
-1.4241750e-03
-1.7439320e-03
-1.4116330e-03
-9.0451100e-04
-8.1842480e-04
-1.3802220e-03
-2.0549070e-03
-2.0104940e-03
-1.0892360e-03
-8.7794860e-05
4.3263320e-04
2.8093560e-04
-3.9599120e-05
-4.3517960e-04
5.1085000e-04
1.4437700e-03
1.6958780e-03
1.8785670e-03
2.0371930e-03
1.8600400e-03
1.5728110e-03
1.6697240e-03
1.6106450e-03
1.6918740e-03
2.0225200e-03
2.2670870e-03
2.4478260e-03
2.3130500e-03
1.9933280e-03
1.8637300e-03
1.4095510e-03
8.6581080e-04
6.1572290e-04
7.2755680e-04
7.7712010e-04
7.5402130e-04
7.8570490e-04
8.1664570e-04
8.5032680e-04
8.1262380e-04
7.0202170e-04
6.8180300e-04
7.6669150e-04
7.2089590e-04
5.9874370e-04
4.3794000e-04
3.5024830e-04
3.1297890e-04
2.2911440e-04
2.0039040e-04
1.7314170e-04
1.7044690e-04
1.5164250e-04
5.9969020e-05
-1.8368270e-05
-4.9416570e-05
-8.4597630e-05
-1.3216680e-04
-1.5615880e-04
-1.3831890e-04
-1.1612100e-04
-9.5448460e-05
-7.7010370e-05
-7.2302470e-05
-7.0282990e-05
-6.5843710e-05
-6.7374870e-05
-6.7290370e-05
