0.01
1.6057990e-03
1.8664140e-03
2.1142300e-03
2.3319360e-03
2.5220510e-03
2.3430420e-03
1.8885060e-03
1.0097790e-03
-2.1045520e-04
-1.3892290e-03
-2.2393690e-03
-2.3390430e-03
-1.9515620e-03
-1.4890970e-03
-7.8144870e-04
-3.2712620e-04
2.2483650e-05
2.5628690e-04
7.7221470e-05
-1.2679340e-04
-3.9740380e-04
-4.6273170e-04
-5.6073450e-04
-8.7796720e-04
-1.0430180e-03
-1.4857250e-03
-2.5829980e-03
-4.0709630e-03
-5.3962110e-03
-6.3928890e-03
-6.7984840e-03
-6.7814840e-03
-5.8327130e-03
-4.2873310e-03
-3.1000950e-03
-1.9516290e-03
-1.1641590e-04
2.4413200e-03
5.0864720e-03
7.2589840e-03
8.6350260e-03
8.9000020e-03
8.3237620e-03
6.9430250e-03
4.9992750e-03
3.5654250e-03
2.7515440e-03
2.1875030e-03
2.1638730e-03
2.1302090e-03
1.3609380e-03
7.9654780e-04
1.2130880e-03
1.6490690e-03
2.1798600e-03
2.3733580e-03
2.4125370e-03
2.2455510e-03
1.6479370e-03
1.4871720e-03
1.5638340e-03
1.5108550e-03
1.6649790e-03
2.4618660e-03
3.3063350e-03
4.5667620e-03
7.0975740e-03
8.9998340e-03
9.3104200e-03
9.0791650e-03
8.3232470e-03
7.3439310e-03
6.4787450e-03
5.4696250e-03
3.5351490e-03
7.7917930e-04
-2.2507020e-03
-6.1730640e-03
-1.0930500e-02
-1.4886520e-02
-1.7036110e-02
-1.6632300e-02
-1.3274200e-02
-8.8566390e-03
-4.3609580e-03
-1.1877960e-03
5.5527510e-04
1.8167850e-03
3.4134020e-03
4.6628940e-03
5.5645550e-03
5.4675610e-03
3.5638690e-03
7.8405460e-04
-2.3794450e-03
-7.2125580e-03
-1.2919630e-02
-1.7013390e-02
-1.8793980e-02
-1.9077560e-02
-1.8679000e-02
-1.7101510e-02
-1.4954180e-02
-1.2042830e-02
-8.1658680e-03
-4.3387850e-03
-1.1989200e-03
1.4352990e-03
3.6689720e-03
6.3842520e-03
9.4979190e-03
1.2129390e-02
1.3595990e-02
1.3940800e-02
1.2561070e-02
1.1194790e-02
1.0514290e-02
1.0081690e-02
9.7027110e-03
1.0113440e-02
9.5058490e-03
7.2665450e-03
4.6683000e-03
3.3617650e-03
2.6269530e-03
1.4396490e-03
-3.2071160e-04
-1.4338340e-03
-1.3487740e-03
-4.6448010e-04
5.5061980e-04
1.6435890e-03
2.3346610e-03
1.6563060e-03
5.2337550e-04
-5.3195170e-04
-1.2136620e-03
-1.5753890e-03
-3.3817870e-03
-6.0906310e-03
-8.5740630e-03
-1.0837820e-02
-1.1543320e-02
-1.0855180e-02
-8.5142710e-03
-6.2261450e-03
-4.2796070e-03
-2.6073090e-03
-1.2580870e-03
1.4392840e-03
5.2472400e-03
9.6268330e-03
1.3762900e-02
1.5491280e-02
1.5903090e-02
1.5306170e-02
1.4021250e-02
1.2325760e-02
1.1120250e-02
1.0438480e-02
9.0515300e-03
5.4917660e-03
1.4427200e-03
-1.4606540e-03
-3.4708940e-03
-5.3781360e-03
-7.2842920e-03
-9.3575570e-03
-1.2200730e-02
-1.5187690e-02
-1.7047390e-02
-1.7160240e-02
-1.6186910e-02
-1.4076840e-02
-1.0434930e-02
-6.1971700e-03
-2.6609970e-03
-1.4247230e-03
-1.4882130e-03
-1.5402640e-03
-1.5144130e-03
-1.5087700e-03
-1.4689990e-03
-1.6750970e-03
-2.2114420e-03
-2.8354290e-03
-4.2220790e-03
-4.5103680e-03
-3.5402750e-03
-2.4224030e-03
-1.6160310e-03
-1.4787340e-03
-1.5370880e-03
-1.6067790e-03
-1.4491240e-03
-6.0691430e-04
3.6006980e-04
1.4503770e-03
3.3133480e-03
5.2757300e-03
6.2548470e-03
6.2355660e-03
6.3116850e-03
7.1899840e-03
8.2328040e-03
9.0413060e-03
1.0424790e-02
1.2836140e-02
1.4076110e-02
1.4267600e-02
1.3761720e-02
1.1296190e-02
8.1913820e-03
5.1416880e-03
2.4265390e-03
1.2963160e-03
1.4303490e-03
1.1938610e-03
-5.2982720e-04
-2.4873980e-03
-4.6735400e-03
-8.2933680e-03
-1.2554250e-02
-1.5840480e-02
-1.7658600e-02
-1.9949460e-02
-2.0135660e-02
-1.6307650e-02
-1.0318100e-02
-4.7495730e-03
-3.4829280e-04
4.1017230e-03
7.0922010e-03
8.3394270e-03
8.9827360e-03
8.2687450e-03
5.9709270e-03
3.5318470e-03
3.1322410e-03
3.2088400e-03
2.3431760e-03
1.3374190e-03
2.3364970e-04
-1.5587600e-03
-3.6487740e-03
-5.4306000e-03
-6.6685790e-03
-7.3697080e-03
-6.6044440e-03
-4.4406810e-03
-1.8802230e-03
5.9440330e-04
3.9819570e-03
7.3267220e-03
9.8918650e-03
1.1209860e-02
1.1918440e-02
1.2058580e-02
1.1979910e-02
1.2119420e-02
1.1895940e-02
1.0087770e-02
7.2352800e-03
4.0458010e-03
3.8149060e-04
-2.6062380e-03
-4.7038400e-03
-6.4337790e-03
-7.5762780e-03
-8.5395920e-03
-9.3499960e-03
-9.6417320e-03
-9.4343310e-03
-7.3485250e-03
-3.9685530e-03
-1.3504350e-03
1.0472800e-03
2.3819930e-03
2.0593720e-03
4.4877800e-04
-8.6217950e-04
-1.4731320e-03
-1.9632310e-03
-3.3415200e-03
-4.8092440e-03
-6.5379040e-03
-7.4356230e-03
-6.6816820e-03
-5.5722800e-03
-4.5360470e-03
-3.7784080e-03
-3.4892540e-03
-2.8460140e-03
-1.4364880e-03
9.1779180e-04
3.4720320e-03
6.9499100e-03
1.0074110e-02
1.1904690e-02
1.3007300e-02
1.4084010e-02
1.3531020e-02
1.0385830e-02
7.9611400e-03
6.0603430e-03
3.1726850e-03
3.5987810e-04
-8.2779640e-04
-6.7167800e-04
2.3299000e-04
1.2489140e-03
2.1230170e-03
3.2993860e-03
5.0900120e-03
5.9844340e-03
5.3618390e-03
3.9597170e-03
1.2568460e-03
-1.5874120e-03
-3.8077960e-03
-6.4977240e-03
-9.5697920e-03
-1.2428970e-02
-1.4368990e-02
-1.5472430e-02
-1.6229960e-02
-1.6473740e-02
-1.6344280e-02
-1.5213010e-02
-1.3689940e-02
-1.3282020e-02
-1.2399610e-02
-1.0646690e-02
-9.3797700e-03
-8.7018830e-03
-8.3611600e-03
-7.7316480e-03
-7.5186470e-03
-7.4656570e-03
-7.8278890e-03
-9.1661960e-03
-1.0905230e-02
-1.3987360e-02
-1.7685120e-02
-2.2132490e-02
-2.4869170e-02
-2.5574660e-02
-2.6902610e-02
-2.6934520e-02
-2.5482360e-02
-2.4890550e-02
-2.4297500e-02
-2.3139480e-02
-2.1287260e-02
-1.9180150e-02
-1.7528670e-02
-1.6218890e-02
-1.3363430e-02
-9.7378040e-03
-7.3774190e-03
-5.7284700e-03
-4.5358300e-03
-3.8190510e-03
-3.4748560e-03
-2.8490520e-03
-2.5543000e-03
-2.8094570e-03
-3.5157060e-03
-3.8717090e-03
-3.3705060e-03
-1.9679230e-03
-1.5788480e-03
-1.7604070e-03
-1.6189190e-03
-1.7476170e-03
-3.8216800e-03
-7.1695350e-03
-1.0008210e-02
-1.2967000e-02
-1.4717920e-02
-1.6201330e-02
-1.7305190e-02
-1.8423660e-02
-2.0094900e-02
-2.1428220e-02
-2.1920810e-02
-2.1568130e-02
-2.1866680e-02
-2.2520360e-02
-2.3854240e-02
-2.5379340e-02
-2.7889110e-02
-3.1093050e-02
-3.4830140e-02
-3.8790660e-02
-4.2835270e-02
-4.6378790e-02
-4.8741700e-02
-5.1466700e-02
-5.4335590e-02
-5.6435280e-02
-5.8298470e-02
-6.0315590e-02
-6.2132480e-02
-6.3320280e-02
-6.4085000e-02
-6.4212850e-02
-6.4148490e-02
-6.4283230e-02
-6.3969700e-02
-6.2392550e-02
-6.0233420e-02
-5.6335260e-02
-4.9424470e-02
-4.0913290e-02
-3.2887760e-02
-2.3882030e-02
-1.2833770e-02
-2.7510090e-04
1.5562960e-02
3.3833780e-02
5.2663760e-02
6.8933870e-02
8.2171900e-02
9.2081370e-02
9.9935340e-02
1.0778410e-01
1.1534710e-01
1.2153150e-01
1.2724170e-01
1.3293490e-01
1.3920390e-01
1.4667280e-01
1.5259480e-01
1.5557410e-01
1.5764850e-01
1.6034630e-01
1.6241800e-01
1.6344600e-01
1.6425810e-01
1.6554060e-01
1.6708580e-01
1.6742360e-01
1.6726970e-01
1.6735200e-01
1.6722400e-01
1.6638150e-01
1.6538390e-01
1.6433010e-01
1.6244080e-01
1.5957670e-01
1.5546200e-01
1.4991070e-01
1.4370940e-01
1.3723350e-01
1.3099010e-01
1.2466170e-01
1.1804060e-01
1.1126400e-01
1.0623190e-01
1.0143370e-01
9.6598200e-02
9.0489400e-02
8.4202350e-02
7.7564050e-02
6.9621530e-02
6.0021300e-02
4.9174180e-02
3.7256930e-02
2.5309530e-02
1.3449050e-02
-1.3180880e-03
-1.6022900e-02
-2.9317910e-02
-4.3272880e-02
-5.6341760e-02
-6.8040190e-02
-7.8475860e-02
-8.7934740e-02
-9.6723400e-02
-1.0350820e-01
-1.1083310e-01
-1.1863420e-01
-1.2565090e-01
-1.3252930e-01
-1.3886510e-01
-1.4460520e-01
-1.5155140e-01
-1.5791140e-01
-1.6375860e-01
-1.6922900e-01
-1.7370200e-01
-1.7807390e-01
-1.8127260e-01
-1.8321990e-01
-1.8402810e-01
-1.8322290e-01
-1.8127780e-01
-1.7800200e-01
-1.7376800e-01
-1.7013180e-01
-1.6570810e-01
-1.6075520e-01
-1.5555530e-01
-1.5021770e-01
-1.4595460e-01
-1.4089290e-01
-1.3473220e-01
-1.2911110e-01
-1.2171220e-01
-1.1180710e-01
-1.0025420e-01
-8.7149880e-02
-7.2133880e-02
-5.5976590e-02
-3.7476060e-02
-1.7413380e-02
4.3570870e-03
3.2808670e-02
6.4670400e-02
7.8472570e-02
5.7138220e-02
2.2610910e-02
6.5730340e-03
7.4330280e-03
4.8531730e-03
-5.4841460e-03
-1.6838980e-02
-2.4216930e-02
-2.8565380e-02
-3.0916320e-02
-3.1656740e-02
-2.9620600e-02
-2.5159100e-02
-1.9744440e-02
-1.2336900e-02
-3.2335490e-03
6.1674840e-03
1.4445900e-02
2.1745400e-02
2.8131790e-02
3.4392550e-02
4.0141760e-02
4.4586050e-02
4.7347030e-02
5.2778290e-02
5.8042520e-02
6.2577020e-02
6.8349810e-02
7.3153720e-02
7.7653850e-02
8.0446050e-02
7.9917480e-02
7.6514140e-02
7.0023230e-02
6.1987710e-02
5.4409330e-02
4.8240140e-02
4.2828750e-02
3.7315370e-02
3.1245350e-02
2.6590610e-02
2.3413120e-02
2.1637000e-02
2.0582850e-02
2.1705080e-02
2.5133470e-02
3.2890200e-02
4.4572450e-02
5.5060640e-02
6.1319960e-02
6.6033560e-02
7.0931280e-02
7.4724690e-02
7.6746390e-02
7.9119670e-02
8.2043560e-02
8.3128960e-02
8.4488750e-02
8.5479040e-02
8.5426870e-02
8.6202530e-02
8.4170070e-02
6.8763790e-02
4.3058910e-02
2.2003620e-02
1.1463150e-02
6.2875390e-03
-1.3826940e-04
-8.2301720e-03
-1.5888080e-02
-2.1733980e-02
-2.6844260e-02
-3.2517040e-02
-3.7110580e-02
-4.0803780e-02
-4.5935490e-02
-5.0013220e-02
-5.2367340e-02
-5.4616220e-02
-5.6257510e-02
-5.7785050e-02
-5.7735380e-02
-5.6327220e-02
-5.4582730e-02
-5.0367880e-02
-4.3968390e-02
-3.6670680e-02
-3.0324410e-02
-2.4844460e-02
-2.0600110e-02
-1.8089830e-02
-1.7577830e-02
-1.7981680e-02
-1.9844470e-02
-2.2530420e-02
-2.4811690e-02
-2.7571370e-02
-3.0486950e-02
-3.2448240e-02
-3.3551180e-02
-3.4254040e-02
-3.4610040e-02
-3.5166700e-02
-3.5651270e-02
-3.6071220e-02
-3.5654610e-02
-3.5159890e-02
-3.4543080e-02
-3.4358380e-02
-3.4360180e-02
-3.4423260e-02
-3.5384730e-02
-3.7303650e-02
-3.9217040e-02
-4.0359060e-02
-4.0129040e-02
-3.7355940e-02
-3.2434040e-02
-2.6529950e-02
-2.0714880e-02
-1.5862710e-02
-1.1819200e-02
-8.0490870e-03
-5.1036010e-03
-3.0166610e-03
-1.2719880e-03
-5.4994120e-05
7.1176850e-04
7.6796350e-04
9.9210910e-04
1.5688840e-03
9.4140530e-04
-2.6571340e-04
-9.5975230e-04
-1.3482180e-03
-2.9426120e-03
-5.1125760e-03
-6.9175420e-03
-8.0496690e-03
-8.8009780e-03
-9.1611960e-03
-8.6629150e-03
-6.1534300e-03
-3.1120960e-03
6.7218140e-06
3.6896690e-03
6.7062620e-03
8.6053790e-03
1.0815580e-02
1.4177010e-02
1.7908630e-02
2.1867920e-02
2.4630730e-02
2.8030320e-02
3.2239820e-02
3.5890350e-02
3.8014290e-02
3.9946070e-02
4.2956470e-02
4.5538440e-02
4.6072920e-02
4.5597920e-02
4.3947670e-02
4.0934370e-02
3.5934570e-02
2.9250240e-02
2.3432420e-02
1.9357680e-02
1.5521950e-02
1.1650950e-02
8.8502340e-03
6.4885350e-03
3.0919660e-03
-1.9122160e-04
-2.9760770e-03
-4.9777250e-03
-5.8183460e-03
-6.1106730e-03
-6.7348660e-03
-6.9573980e-03
-6.9452870e-03
-6.7894430e-03
-6.0123080e-03
-4.8801540e-03
-2.9979610e-03
-8.7789670e-05
3.9597080e-03
8.6190690e-03
1.2722140e-02
1.6531090e-02
2.0489900e-02
2.4329240e-02
2.7387120e-02
2.9107230e-02
2.9457400e-02
2.9099930e-02
2.7384650e-02
2.4405900e-02
2.0416810e-02
1.5567600e-02
1.0992390e-02
6.3156280e-03
4.8287680e-04
-4.2050170e-03
-8.7806940e-03
-1.3569950e-02
-1.7711200e-02
-2.1463840e-02
-2.4302790e-02
-2.6615540e-02
-2.9038640e-02
-3.0488280e-02
-3.1045530e-02
-3.0594650e-02
-2.8773250e-02
-2.5055790e-02
-2.0966100e-02
-1.4793580e-02
-8.9520740e-03
-5.6024670e-03
-3.1123030e-03
-7.9473850e-04
1.7555730e-03
4.1883720e-03
6.5523140e-03
8.0875680e-03
9.6262530e-03
1.0816100e-02
1.1739650e-02
1.2714350e-02
1.3683270e-02
1.4668480e-02
1.5728650e-02
1.6492190e-02
1.6707590e-02
1.7691220e-02
1.9371240e-02
2.0703710e-02
2.2434430e-02
2.4441020e-02
2.6401810e-02
2.8417630e-02
3.0232180e-02
3.1298650e-02
3.2400470e-02
3.3929300e-02
3.5619820e-02
3.7704100e-02
3.8439810e-02
3.8903890e-02
3.9325220e-02
3.8912170e-02
3.6210570e-02
3.2519650e-02
2.8915030e-02
2.4930100e-02
2.2221920e-02
1.9631180e-02
1.7757800e-02
1.7537430e-02
1.7668920e-02
1.7571970e-02
1.7836890e-02
1.8390490e-02
1.7750400e-02
1.6702430e-02
1.5667700e-02
1.3652290e-02
1.0936240e-02
8.8582470e-03
6.7878040e-03
4.0758010e-03
2.0608510e-03
9.5781610e-04
1.1723120e-04
9.8344060e-05
1.0832290e-03
1.9231860e-03
2.1240540e-03
3.0211780e-03
4.9096410e-03
6.9327090e-03
8.9329970e-03
1.0718960e-02
1.1909850e-02
1.2731620e-02
1.2772180e-02
1.1797750e-02
1.0007680e-02
6.6192600e-03
1.3954590e-03
-3.1160870e-03
-6.4205840e-03
-9.0877560e-03
-1.2314110e-02
-1.4537030e-02
-1.6758780e-02
-2.0181250e-02
-2.2430680e-02
-2.3310800e-02
-2.4401430e-02
-2.6189170e-02
-2.7250770e-02
-2.7230170e-02
-2.7287600e-02
-2.8205350e-02
-2.9123250e-02
-2.9315390e-02
-2.9029010e-02
-2.8415280e-02
-2.8003910e-02
-2.7392080e-02
-2.7191140e-02
-2.7169990e-02
-2.7318880e-02
-2.8229180e-02
-2.9064510e-02
-2.9268070e-02
-3.0234720e-02
-3.1924670e-02
-3.3320660e-02
-3.4768550e-02
-3.6377900e-02
-3.8540840e-02
-4.0282150e-02
-4.2616810e-02
-4.4912800e-02
-4.6761310e-02
-4.7720880e-02
-4.7573750e-02
-4.8144790e-02
-5.0176830e-02
-5.1025490e-02
-5.1409140e-02
-5.1819350e-02
-5.2474380e-02
-5.2688360e-02
-5.2600710e-02
-5.2586540e-02
-5.2672160e-02
-5.2589050e-02
-5.1552700e-02
-4.9805320e-02
-4.7796160e-02
-4.3493330e-02
-3.6400860e-02
-2.9936550e-02
-2.4340900e-02
-1.9414500e-02
-1.5502590e-02
-1.2632440e-02
-1.0445600e-02
-8.9101060e-03
-8.5513980e-03
-7.5607440e-03
-6.0202920e-03
-5.5152980e-03
-4.8412210e-03
-3.7937370e-03
-2.7928030e-03
-1.8209090e-03
-9.0796530e-04
2.1182510e-04
1.9458030e-03
4.1802380e-03
6.8203070e-03
8.9804180e-03
1.0852690e-02
1.2796980e-02
1.4775300e-02
1.6794900e-02
1.8451970e-02
1.9983470e-02
2.2278730e-02
2.3737650e-02
2.4428990e-02
2.4640250e-02
2.4436120e-02
2.3539000e-02
2.2786490e-02
2.2252580e-02
2.0938810e-02
2.0373580e-02
2.0867010e-02
2.2350590e-02
2.3731100e-02
2.5390690e-02
2.7543760e-02
3.0346500e-02
3.3335940e-02
3.6237090e-02
3.9162650e-02
4.2244030e-02
4.4758490e-02
4.6339120e-02
4.8641480e-02
5.1244390e-02
5.3393520e-02
5.4207130e-02
5.5599460e-02
5.6771910e-02
5.6730090e-02
5.5879690e-02
5.3714070e-02
4.8065520e-02
3.8113940e-02
2.5416900e-02
1.4195090e-02
6.3618410e-03
-3.5831720e-04
-4.9985500e-03
-8.7424980e-03
-1.1381060e-02
-1.1746190e-02
-1.1620960e-02
-1.1565560e-02
-1.0540660e-02
-8.8555970e-03
-7.5765320e-03
-5.7109810e-03
-3.0065390e-03
3.5648970e-04
4.8503100e-03
8.8389610e-03
1.2013480e-02
1.4642910e-02
1.4726000e-02
1.1890420e-02
7.9397800e-03
3.9357920e-03
1.4477050e-04
-2.7219720e-03
-5.0252550e-03
-7.3863720e-03
-8.9394560e-03
-1.0545000e-02
-1.1517990e-02
-1.1810930e-02
-1.2379600e-02
-1.2807050e-02
-1.3286010e-02
-1.3909380e-02
-1.5233900e-02
-1.5655290e-02
-1.5514020e-02
-1.5503290e-02
-1.5505870e-02
-1.5576090e-02
-1.5491430e-02
-1.4519670e-02
-1.2654280e-02
-1.0641250e-02
-8.5649940e-03
-6.9818430e-03
-6.4847220e-03
-5.9198830e-03
-5.7041280e-03
-5.8257590e-03
-5.6170270e-03
-4.9962600e-03
-4.6375140e-03
-3.8094390e-03
-2.9851510e-03
-2.6741080e-03
-1.8934780e-03
-1.0110230e-03
1.8651110e-04
3.1853360e-03
6.5139710e-03
8.2571170e-03
1.0760240e-02
1.3615040e-02
1.5791600e-02
1.8777040e-02
2.2316310e-02
2.4562790e-02
2.6643680e-02
2.9067410e-02
3.0549190e-02
3.2344620e-02
3.4067870e-02
3.4433830e-02
3.4203300e-02
3.3220140e-02
3.1422740e-02
2.9331780e-02
2.6411350e-02
2.2587270e-02
1.8608460e-02
1.4721250e-02
1.0824450e-02
6.9120060e-03
2.9563810e-03
-7.4352090e-04
-4.1610350e-03
-7.2789860e-03
-9.1595890e-03
-1.1376050e-02
-1.2704300e-02
-1.2652380e-02
-1.1595970e-02
-9.7313750e-03
-7.7364290e-03
-5.8107720e-03
-3.7933890e-03
-1.9091900e-03
-9.5764850e-04
-8.8904430e-04
-7.5781450e-04
-1.2937580e-03
-3.3478500e-03
-5.2618860e-03
-7.5444660e-03
-8.6243680e-03
-8.9838980e-03
-1.0572550e-02
-1.1498460e-02
-1.1012360e-02
-1.0349550e-02
-8.9860780e-03
-7.6185850e-03
-5.8649470e-03
-3.7742760e-03
-2.0458550e-03
-8.0163100e-04
1.0537430e-03
2.7944900e-03
3.2276210e-03
2.7919940e-03
1.0479100e-03
-8.0065320e-04
-2.0346620e-03
-3.8407270e-03
-5.8009210e-03
-6.6999790e-03
-6.9618730e-03
-7.6640520e-03
-7.7486360e-03
-6.8556830e-03
-5.8140710e-03
-4.7806610e-03
-3.9020320e-03
-3.9672480e-03
-4.5864460e-03
-5.1536240e-03
-6.5971380e-03
-7.7838230e-03
-8.8939990e-03
-1.0533280e-02
-1.1790040e-02
-1.2678000e-02
-1.2521050e-02
-1.0921680e-02
-8.5439840e-03
-5.0154660e-03
-8.7020510e-04
3.9347650e-03
8.8189740e-03
1.2683200e-02
1.5590810e-02
1.8877650e-02
2.2071560e-02
2.2701630e-02
2.2620200e-02
2.2128400e-02
1.9862700e-02
1.7478730e-02
1.4639660e-02
1.0839540e-02
6.7725190e-03
3.0073870e-03
3.0891250e-05
-2.9685570e-03
-6.8138130e-03
-1.0662390e-02
-1.3710570e-02
-1.6560320e-02
-1.9569110e-02
-2.2353910e-02
-2.4440340e-02
-2.6461260e-02
-2.8068280e-02
-2.8565380e-02
-2.9099520e-02
-2.9383310e-02
-2.9265380e-02
-2.8301410e-02
-2.6338810e-02
-2.4440270e-02
-2.3426500e-02
-2.2533760e-02
-2.0194120e-02
-1.7049260e-02
-1.5308560e-02
-1.2747270e-02
-8.8367820e-03
-4.9172310e-03
-8.3353400e-04
3.7400640e-03
7.9335900e-03
1.1629700e-02
1.4744010e-02
1.7382450e-02
1.9832330e-02
2.2141010e-02
2.2636950e-02
2.2404020e-02
2.2424360e-02
2.2589960e-02
2.2161300e-02
2.0837490e-02
2.0287370e-02
1.9527310e-02
1.8643690e-02
1.8481080e-02
1.8491040e-02
1.8646490e-02
1.9503710e-02
2.0253740e-02
2.1016280e-02
2.1819670e-02
1.9957730e-02
1.7432770e-02
1.4506710e-02
1.0941060e-02
7.6559460e-03
3.8264820e-03
2.1544330e-04
-2.2410930e-03
-4.7292960e-03
-6.8999980e-03
-8.8680980e-03
-1.0674920e-02
-1.1797910e-02
-1.2707690e-02
-1.3688910e-02
-1.4679590e-02
-1.5644290e-02
-1.6614500e-02
-1.7658890e-02
-1.8497440e-02
-1.8647680e-02
-1.8571520e-02
-1.8515610e-02
-1.8739480e-02
-1.9358880e-02
-1.9709820e-02
-2.0530340e-02
-2.1366030e-02
-2.1783310e-02
-2.2170080e-02
-2.1814520e-02
-2.1325330e-02
-1.9646360e-02
-1.6596510e-02
-1.2786370e-02
-8.7776210e-03
-4.8969170e-03
-2.1016660e-03
-8.5843250e-04
-2.3198080e-04
2.0292080e-04
6.9900470e-04
8.5889960e-05
-9.6884470e-04
-2.2246740e-03
-3.5946810e-03
-4.3010550e-03
-5.6784430e-03
-6.9275960e-03
-7.9350610e-03
-8.7597930e-03
-8.7629660e-03
-9.0467020e-03
-1.0585830e-02
-1.1851350e-02
-1.2735020e-02
-1.3700480e-02
-1.4763310e-02
-1.5522910e-02
-1.5862540e-02
-1.6495500e-02
-1.6775440e-02
-1.6483150e-02
-1.5909030e-02
-1.5439150e-02
-1.3930690e-02
-1.1560140e-02
-9.0430850e-03
-7.7259320e-03
-6.9764360e-03
-5.8573250e-03
-3.9565120e-03
-2.0704610e-03
-9.7481150e-04
-8.9583470e-05
9.5423360e-04
1.8724850e-03
1.8812950e-03
9.6683970e-04
-1.4888950e-04
-8.9434260e-04
-1.1602210e-03
-1.9916700e-03
-2.9033630e-03
-3.1284230e-03
-2.8437850e-03
-2.1407910e-03
-1.8818860e-03
-2.2404540e-03
-2.6460300e-03
-2.3644390e-03
-2.7851040e-03
-3.0578010e-03
-2.9229410e-03
-3.1924380e-03
-3.6862960e-03
-3.2168110e-03
-2.9241740e-03
-2.9254040e-03
-3.1414340e-03
-3.8176350e-03
-4.0936510e-03
-3.8954130e-03
-3.0493900e-03
-1.9377050e-03
-1.1858050e-03
-9.1452230e-04
-9.0566770e-05
8.1679550e-04
1.0364800e-03
8.2498590e-04
-8.1427690e-05
-9.7499480e-04
-1.1028120e-03
-1.0078700e-03
-1.1336140e-03
-8.8202670e-04
6.4386540e-04
3.2330890e-03
6.3532220e-03
8.0235300e-03
9.6120110e-03
1.1566670e-02
1.3754050e-02
1.6382670e-02
1.8532890e-02
2.0488880e-02
2.2284710e-02
2.3410350e-02
2.4387050e-02
2.5216820e-02
2.5362200e-02
2.5364480e-02
2.5215170e-02
2.4381670e-02
2.3412040e-02
2.2307260e-02
2.0431890e-02
1.8545930e-02
1.7443770e-02
1.6549650e-02
1.5493110e-02
1.4665610e-02
1.4522710e-02
1.4466260e-02
1.4824240e-02
1.6253320e-02
1.7583630e-02
1.9668890e-02
2.1949330e-02
2.2795880e-02
2.4097970e-02
2.5367500e-02
2.6347040e-02
2.7100290e-02
2.7528680e-02
2.7935420e-02
2.7456090e-02
2.7308910e-02
2.6968780e-02
2.5742770e-02
2.4879130e-02
2.3636910e-02
2.3308360e-02
2.3232890e-02
2.2517340e-02
2.2276410e-02
2.2512040e-02
2.2241330e-02
2.0409670e-02
1.8676390e-02
1.8266330e-02
1.7520670e-02
1.6676820e-02
1.6307530e-02
1.5687150e-02
1.5481470e-02
1.5608860e-02
1.5389000e-02
1.4759400e-02
1.4472220e-02
1.3503070e-02
1.1833190e-02
1.0488620e-02
8.7573530e-03
6.8294820e-03
4.6758040e-03
1.9492180e-03
-1.4443900e-04
-8.9193110e-04
-1.3139960e-03
-2.8609200e-03
-3.9182420e-03
-4.1872370e-03
-4.7995690e-03
-5.0349250e-03
-4.9655290e-03
-4.9064960e-03
-5.1225270e-03
-5.6646930e-03
-6.2454490e-03
-7.7708850e-03
-8.6705990e-03
-9.3072910e-03
-1.1382470e-02
-1.3006860e-02
-1.4673200e-02
-1.6674220e-02
-1.8643080e-02
-2.0594910e-02
-2.2539680e-02
-2.4488520e-02
-2.6444120e-02
-2.8466730e-02
-3.0203870e-02
-3.1522460e-02
-3.3121470e-02
-3.4377100e-02
-3.5141840e-02
-3.5322930e-02
-3.5165600e-02
-3.4295650e-02
-3.2414880e-02
-2.8998140e-02
-2.5097650e-02
-2.2936250e-02
-1.9989420e-02
-1.6570120e-02
-1.2627750e-02
-9.1781420e-03
-7.6578290e-03
-5.9934830e-03
-4.0207060e-03
-3.0200690e-03
-2.9756330e-03
-3.0443380e-03
-2.9465150e-03
-3.1438120e-03
-3.8310400e-03
-4.1187550e-03
-3.9080580e-03
-3.0599250e-03
-1.9477550e-03
-1.2603350e-03
-7.7349480e-04
6.2404760e-04
2.0897950e-03
3.6021190e-03
5.0578860e-03
6.5214730e-03
6.8765700e-03
6.7330620e-03
6.7433270e-03
6.7521170e-03
6.7598140e-03
6.7589080e-03
6.7575150e-03
6.6774910e-03
6.9502420e-03
7.4420280e-03
7.0888620e-03
6.3736560e-03
5.2135000e-03
4.4612990e-03
3.0044040e-03
1.8845460e-03
1.8115930e-03
1.9006710e-03
1.8890140e-03
1.7978750e-03
2.0076720e-03
2.6963210e-03
2.9749180e-03
2.7624560e-03
1.9264590e-03
8.6891750e-04
-1.0257030e-04
-9.2557760e-04
-2.2576480e-03
-4.7708980e-03
-6.9808460e-03
-8.8527660e-03
-1.0932500e-02
-1.2537510e-02
-1.3008360e-02
-1.3628240e-02
-1.3792330e-02
-1.2746170e-02
-1.0779820e-02
-9.0553440e-03
-7.6155110e-03
-5.1879470e-03
-2.8749720e-03
-1.1343330e-03
-2.7917770e-05
8.7985860e-04
1.8560500e-03
2.8977950e-03
3.7969770e-03
3.7947900e-03
2.9601600e-03
1.7105850e-03
1.2080390e-04
-1.2660070e-03
-2.7901960e-03
-4.1890750e-03
-5.7838680e-03
-6.9634960e-03
-7.9380290e-03
-8.7786220e-03
-8.9239750e-03
-8.8473790e-03
-8.8475250e-03
-8.9395990e-03
-8.7310050e-03
-8.0297200e-03
-7.7635140e-03
-8.0536720e-03
-8.6071090e-03
-9.1595390e-03
-1.0603950e-02
-1.1856040e-02
-1.2828560e-02
-1.3654790e-02
-1.3800010e-02
-1.3737040e-02
-1.3746610e-02
-1.3751880e-02
-1.3683560e-02
-1.3903790e-02
-1.4519680e-02
-1.4853340e-02
-1.5691430e-02
-1.6658410e-02
-1.6584100e-02
-1.5878550e-02
-1.5583300e-02
-1.4645530e-02
-1.3061890e-02
-1.1364210e-02
-9.2296900e-03
-8.7493070e-03
-8.7345460e-03
-8.0438250e-03
-7.8836290e-03
-7.7377660e-03
-7.0530360e-03
-6.8962330e-03
-6.8182300e-03
-5.9917550e-03
-5.0266870e-03
-3.8251690e-03
-2.0909800e-03
-1.1862680e-03
-8.2882270e-04
8.3827930e-04
2.6582980e-03
4.1935940e-03
6.4100590e-03
8.0206090e-03
9.4104850e-03
1.1013320e-02
1.3258110e-02
1.4801430e-02
1.6443970e-02
1.8453780e-02
2.0554000e-02
2.2228680e-02
2.2500500e-02
2.2351970e-02
2.2354530e-02
2.2515130e-02
2.2162870e-02
2.0696070e-02
1.9215610e-02
1.7710640e-02
1.6407490e-02
1.4590840e-02
1.2632860e-02
1.1726160e-02
1.1470490e-02
1.0907850e-02
1.0363550e-02
1.0031110e-02
1.0469930e-02
9.6806440e-03
7.7770360e-03
6.9446070e-03
6.4155240e-03
4.1334730e-03
1.7265450e-03
4.2939380e-06
-1.0802870e-03
-2.0099520e-03
-3.0685380e-03
-3.7660860e-03
-4.3157880e-03
-5.5515230e-03
-6.2587600e-03
-6.6702340e-03
-6.0488060e-03
-4.9364580e-03
-3.8977170e-03
-3.1625780e-03
-2.8211750e-03
-2.1031900e-03
-2.0405490e-03
-3.0180190e-03
-3.8411310e-03
-4.1065980e-03
-5.0006610e-03
-5.6864810e-03
-5.2086670e-03
-4.8635430e-03
-3.8956070e-03
-2.0941330e-03
-1.1082380e-03
-9.1273940e-04
-1.4686100e-04
9.1268620e-04
1.8891590e-03
2.8687620e-03
3.8900310e-03
4.5705440e-03
5.2766200e-03
6.2594890e-03
5.1511500e-03
3.6762270e-03
2.9819330e-03
2.7316490e-03
1.9672920e-03
9.1129440e-04
-1.4562270e-04
-9.6772800e-04
-1.0201360e-03
-1.1720800e-03
-1.9400760e-03
-1.9383690e-03
-1.2266220e-03
-9.2417420e-04
-4.9198640e-05
1.7418850e-03
4.0414980e-03
6.6042100e-03
7.7855270e-03
7.8210040e-03
7.5369300e-03
7.1554130e-03
6.2621640e-03
3.2828460e-03
6.9677290e-04
-1.0240410e-03
-1.9071490e-03
-2.2101070e-03
-2.8266610e-03
-3.0473400e-03
-3.1372920e-03
-2.7127410e-03
-1.3173020e-03
-8.8976420e-04
-1.1281780e-03
-9.9715720e-04
-4.7811280e-06
6.9547570e-04
2.0320030e-04
-2.8818860e-04
-9.1648490e-04
-1.1165590e-03
-9.6957010e-04
-1.1040770e-03
-2.0831690e-03
-2.7804260e-03
-2.2978870e-03
-1.8003410e-03
-1.1683910e-03
-9.6936180e-04
-1.1767630e-03
-8.2989100e-04
7.0876020e-04
1.9809000e-03
2.8633710e-03
3.7523890e-03
4.9649790e-03
6.6407010e-03
7.7345700e-03
8.8414280e-03
1.0580890e-02
1.1639450e-02
1.1694960e-02
1.1631970e-02
1.1671210e-02
1.1597380e-02
1.1644840e-02
1.2773070e-02
1.4383970e-02
1.4649700e-02
1.4626010e-02
1.5538730e-02
1.6466220e-02
1.6601520e-02
1.6513700e-02
1.6517530e-02
1.6531390e-02
1.6592580e-02
1.6385520e-02
1.5767830e-02
1.5335170e-02
1.4720450e-02
1.4585590e-02
1.4441000e-02
1.3759030e-02
1.3537900e-02
1.3536000e-02
1.3751950e-02
1.4438450e-02
1.4647090e-02
1.4565100e-02
1.4565530e-02
1.4642810e-02
1.4428860e-02
1.3803670e-02
1.3436710e-02
1.2675420e-02
1.1723200e-02
1.0580550e-02
8.6389250e-03
7.1165360e-03
6.2803080e-03
4.2100810e-03
2.7270850e-03
1.8211120e-03
1.0706990e-03
7.0173060e-04
1.4874240e-04
-2.6762880e-04
-9.0903470e-04
-1.1205730e-03
-9.8345580e-04
-1.1207030e-03
-1.9684710e-03
-3.0169330e-03
-3.9690950e-03
-4.9445790e-03
-6.0021720e-03
-6.7587490e-03
-7.0225300e-03
-7.8862630e-03
-8.8113830e-03
-8.7975980e-03
-8.9856170e-03
-1.0815530e-02
-1.2582970e-02
-1.2980460e-02
-1.3560310e-02
-1.4907660e-02
-1.6489460e-02
-1.6817120e-02
-1.6442700e-02
-1.7072110e-02
-1.9161800e-02
-1.9870990e-02
-1.9560110e-02
-1.8491400e-02
-1.6855020e-02
-1.5611280e-02
-1.3661970e-02
-1.0961450e-02
-8.7782000e-03
-6.8530420e-03
-5.1257630e-03
-3.7733020e-03
-2.1066200e-03
-1.1981920e-03
-7.0119880e-04
5.2566450e-04
1.1645040e-03
1.7996760e-03
1.8650370e-03
8.9148080e-04
-4.9070090e-06
-7.1881440e-05
-2.1131870e-04
-8.4908050e-04
-1.1415880e-03
-2.1138550e-03
-3.7636800e-03
-5.1617950e-03
-6.7729540e-03
-8.0137890e-03
-8.5711710e-03
-9.3441420e-03
-1.1289910e-02
-1.2076270e-02
-1.2752950e-02
-1.3571670e-02
-1.3956410e-02
-1.4583040e-02
-1.4719610e-02
-1.4798860e-02
-1.5630050e-02
-1.6689300e-02
-1.7650820e-02
-1.8604410e-02
-1.9657090e-02
-2.0508880e-02
-2.0629130e-02
-2.0486440e-02
-2.0790700e-02
-2.1283410e-02
-2.0720190e-02
-2.0639180e-02
-2.1406710e-02
-2.1643470e-02
-2.1564160e-02
-2.1476040e-02
-2.1630040e-02
-2.2535010e-02
-2.3426110e-02
-2.3564260e-02
-2.3561690e-02
-2.3359870e-02
-2.2673650e-02
-2.2463010e-02
-2.2540220e-02
-2.2533120e-02
-2.2510200e-02
-2.2594380e-02
-2.2468730e-02
-2.1540410e-02
-2.0618650e-02
-2.0635150e-02
-2.0438760e-02
-1.8690830e-02
-1.6727290e-02
-1.5619030e-02
-1.4723250e-02
-1.3807330e-02
-1.2684470e-02
-1.0872390e-02
-8.7850210e-03
-7.0510810e-03
-5.7312660e-03
-4.1435870e-03
-2.9431840e-03
-1.9478500e-03
-1.1874640e-03
-9.8001800e-04
3.3601870e-06
1.7586080e-03
2.9350920e-03
3.7525430e-03
5.0135940e-03
6.4778900e-03
6.9720760e-03
7.7328040e-03
8.5790970e-03
8.8684990e-03
9.6158840e-03
1.0682950e-02
1.1723970e-02
1.2396550e-02
1.2984420e-02
1.4290550e-02
1.4556620e-02
1.4911810e-02
1.6163570e-02
1.5697240e-02
1.4641470e-02
1.4491580e-02
1.4602940e-02
1.4590310e-02
1.4562320e-02
1.4578280e-02
1.4656490e-02
1.4377540e-02
1.3884920e-02
1.4306850e-02
1.4813440e-02
1.5354520e-02
1.5680290e-02
1.6534260e-02
1.7449860e-02
1.7508510e-02
1.7564050e-02
1.8490230e-02
1.9396370e-02
1.9458850e-02
1.9607860e-02
2.0288560e-02
2.0363490e-02
2.0846090e-02
2.1813360e-02
2.0936000e-02
2.0152690e-02
1.9585780e-02
1.9407140e-02
1.9554420e-02
1.9333520e-02
1.8552680e-02
1.8550040e-02
1.9395310e-02
1.9401090e-02
1.8683380e-02
1.8251900e-02
1.7729590e-02
1.7373820e-02
1.6535640e-02
1.5703360e-02
1.5358430e-02
1.4745500e-02
1.4520770e-02
1.4521260e-02
1.4799400e-02
1.5205870e-02
1.5004620e-02
1.5197180e-02
1.4787400e-02
1.4588790e-02
1.4434230e-02
1.3793340e-02
1.3450480e-02
1.2835910e-02
1.1357010e-02
8.9923620e-03
7.7428100e-03
6.4917440e-03
4.2178180e-03
2.6629720e-03
8.5276370e-04
-8.0472910e-04
-1.2350400e-03
-1.9277670e-03
-3.0481690e-03
-3.8259260e-03
-4.1596530e-03
-4.7855010e-03
-5.0068740e-03
-4.9357620e-03
-4.9170700e-03
-4.9817870e-03
-4.8711350e-03
-4.1102020e-03
-2.6950670e-03
-1.3846790e-03
-1.8193580e-03
-1.9514380e-03
-1.1635850e-03
-1.0132050e-03
-9.6815410e-04
-5.9785240e-05
8.6052140e-04
9.2019580e-04
1.0476960e-03
1.7413210e-03
1.9677980e-03
1.9639220e-03
1.7492880e-03
1.0669930e-03
8.5457180e-04
9.2576670e-04
9.4646820e-04
9.3080830e-04
8.4365640e-04
1.0598300e-03
1.8336700e-03
1.8295360e-03
1.0582660e-03
8.5531750e-04
9.4415810e-04
8.6956280e-04
1.0562540e-03
1.7594020e-03
2.0373050e-03
1.7432640e-03
1.1271460e-03
7.8162160e-04
-5.1743950e-05
-8.7940540e-04
-1.1696580e-03
-1.9909570e-03
-2.8219230e-03
-3.1910270e-03
-3.8136180e-03
-3.9463470e-03
-4.0168610e-03
-4.9280670e-03
-5.8415210e-03
-5.8962130e-03
-6.0237230e-03
-6.7402940e-03
-6.9604010e-03
-6.8003300e-03
-7.0051370e-03
-7.7251240e-03
-7.9325810e-03
-7.7752990e-03
-7.9836980e-03
-8.6905530e-03
-8.9013880e-03
-8.8201960e-03
-8.8188230e-03
-8.8292580e-03
-8.8301150e-03
-8.8252070e-03
-8.8269600e-03
-8.8258910e-03
-8.8268390e-03
-8.8248590e-03
-8.8233090e-03
-8.8277510e-03
-8.8325570e-03
-8.8029160e-03
-8.8023070e-03
-8.9680290e-03
-8.6097690e-03
-6.9330630e-03
-6.1048290e-03
-6.5287040e-03
-6.1258630e-03
-5.8301480e-03
-5.8892780e-03
-5.8314010e-03
-6.0280280e-03
-6.7303000e-03
-6.9533090e-03
-6.7954450e-03
-6.9266020e-03
-7.8457530e-03
-8.7456520e-03
-8.8729520e-03
-8.8251710e-03
-8.8257010e-03
-8.6607600e-03
-9.0854750e-03
-1.0629220e-02
-1.0622090e-02
-9.0732380e-03
-8.7066850e-03
-8.7341960e-03
-7.9707960e-03
-6.7667220e-03
-4.9651560e-03
-2.8853450e-03
-1.0746190e-03
-1.5034830e-05
1.0864930e-03
2.6090050e-03
4.2919550e-03
6.4494010e-03
7.0070050e-03
6.7735300e-03
6.7692250e-03
6.9623730e-03
6.6055130e-03
4.9753360e-03
3.9445230e-03
3.8313510e-03
2.7967920e-03
1.1769050e-03
