0.01
1.0449240e-02
1.3393090e-02
1.1953960e-02
1.2362560e-02
8.8839930e-03
-1.6353980e-03
-1.3931860e-02
-1.7093840e-02
-1.4116940e-02
-1.2415850e-02
-1.9041300e-03
7.1444180e-03
-1.8223050e-03
-1.0662050e-02
-3.7447160e-03
3.0834570e-03
7.8044800e-03
8.2147180e-03
-6.0871510e-03
-1.6581830e-02
-1.8025510e-02
-2.5433080e-02
-2.1180670e-02
-3.6463800e-03
1.2602900e-02
2.7564830e-02
3.4390550e-02
3.0412920e-02
3.5216560e-02
3.2715890e-02
1.6017920e-02
6.3322030e-03
1.3474360e-02
9.7517150e-03
1.7060030e-03
-7.5667830e-04
-6.2029180e-03
-1.8853600e-02
-2.8550720e-02
-1.7165390e-02
-7.5426320e-03
-5.0115430e-03
-1.8548770e-03
-2.2368080e-03
-9.2875330e-03
-2.0672620e-02
-2.2073580e-02
-1.6309600e-02
-2.5818790e-02
-3.0274120e-02
-1.0337740e-02
1.9802940e-03
-6.8841430e-03
6.3127780e-03
2.5099940e-02
2.3778870e-02
7.5736030e-03
-2.7024480e-03
-3.0602730e-03
-3.6557820e-03
-2.3317930e-04
1.1779080e-02
2.3374300e-03
-1.1912810e-02
1.0642500e-03
5.5711510e-03
-3.3292490e-03
-3.7885210e-03
-3.6977080e-03
-4.4208100e-03
-4.3217810e-03
-6.1518530e-03
-1.0187600e-02
-1.4782350e-02
-2.2267020e-02
-2.3558130e-02
-2.2933980e-02
-1.6262030e-02
-9.8916420e-03
-9.4567350e-04
1.3743180e-02
1.7456190e-02
7.8260080e-03
3.7680520e-03
2.5313500e-03
-9.0774170e-03
-2.0984400e-02
-1.4565040e-02
-1.1433620e-02
-1.9202150e-02
-1.7260320e-02
-1.4393960e-02
-1.9560560e-02
-1.3486810e-02
-4.1876810e-03
-2.0328090e-03
-5.7954880e-03
1.2410390e-03
1.1970320e-02
2.1076840e-02
1.0189280e-02
4.3055780e-03
8.1856580e-03
6.6397720e-03
1.1683020e-02
2.9187690e-02
3.2485400e-02
2.5902140e-02
2.2042770e-02
2.5891320e-02
1.6859940e-02
1.9734870e-02
2.6036980e-02
1.7759320e-02
5.1370850e-03
-9.4379650e-03
-1.8548770e-02
-2.1125850e-02
-1.0296000e-02
-2.2222090e-03
-5.1844630e-03
-2.2733660e-02
-4.0603510e-02
-4.5884110e-02
-4.7225380e-02
-5.0667620e-02
-4.5019290e-02
-4.4163680e-02
-3.5055850e-02
-1.8045770e-02
-8.9380920e-03
-1.1408720e-02
-1.5293070e-02
-1.3323720e-02
-7.1423250e-03
9.3545570e-05
2.1019410e-03
1.6869870e-02
2.4660100e-02
2.7719600e-02
2.2539830e-02
2.6165500e-02
3.0687560e-02
3.1143490e-02
2.7783090e-02
2.7852080e-02
3.3799390e-02
2.8910080e-02
1.6686010e-02
1.3537380e-02
1.6213000e-02
2.5822170e-02
3.0220330e-02
3.3694240e-02
5.0488580e-02
5.8921430e-02
5.3418610e-02
5.5851710e-02
6.0623570e-02
5.4493120e-02
3.3310570e-02
1.1565540e-02
-4.5710250e-03
-2.4425930e-02
-4.5418290e-02
-5.9593130e-02
-7.3839510e-02
-8.6383360e-02
-7.8639160e-02
-6.3903710e-02
-6.2037330e-02
-6.0358310e-02
-3.9386750e-02
-1.2593010e-02
1.4119810e-02
3.8180370e-02
4.7777240e-02
5.8779660e-02
6.5158170e-02
4.6048780e-02
2.7585940e-02
2.6169000e-02
1.2691660e-02
-2.1041730e-02
-4.3365090e-02
-5.6190320e-02
-6.1903370e-02
-6.5268520e-02
-6.5552370e-02
-5.5587970e-02
-4.1614760e-02
-3.3638790e-02
-1.8648310e-02
-1.8343260e-02
-2.6679090e-02
-1.7373680e-02
3.1406060e-03
8.3031540e-03
1.7652850e-02
3.4256710e-02
3.2246370e-02
1.7905120e-02
1.2916380e-02
-9.5127650e-04
-2.3514880e-02
-1.3224640e-02
-8.4218530e-03
-2.6422120e-02
-2.7057970e-02
-2.8789050e-02
-4.8348910e-02
-5.5696870e-02
-4.7870520e-02
-4.2127220e-02
-3.2648690e-02
-8.2241110e-03
9.7585280e-03
1.3950810e-02
2.6600690e-02
3.4909920e-02
3.6939100e-02
4.7228070e-02
5.0669070e-02
4.5485500e-02
3.8681130e-02
4.2865370e-02
3.6438260e-02
3.7580450e-02
3.9620510e-02
3.0585790e-02
1.3863880e-02
2.1536740e-03
-1.4541020e-02
-2.9550360e-02
-3.6925120e-02
-3.3794830e-02
-2.8792360e-02
-2.6401370e-02
-1.4443220e-02
-1.0930250e-02
-1.9104060e-02
-2.4169060e-02
-3.4282440e-02
-4.7197860e-02
-3.7174250e-02
-8.5176070e-03
2.5082820e-02
6.4697530e-02
9.0622740e-02
9.3721210e-02
9.2465530e-02
8.0834760e-02
5.0296650e-02
3.8509110e-02
5.0516500e-02
3.6968790e-02
1.1554560e-02
-8.2702680e-04
-1.7839330e-02
-3.4249350e-02
-4.6063440e-02
-6.7511090e-02
-6.8645670e-02
-5.8717250e-02
-5.2441210e-02
-4.2165130e-02
-3.4003950e-02
-3.7424490e-02
-2.5901200e-02
5.6281230e-03
2.9125000e-02
4.7560740e-02
6.0727290e-02
6.4361940e-02
4.3476490e-02
4.0338330e-02
4.2639300e-02
4.6222230e-02
6.1913020e-02
5.8184850e-02
4.5694110e-02
2.0351750e-02
-1.6231230e-03
6.9049350e-03
3.2558430e-02
4.7301510e-02
6.9401170e-02
9.3221790e-02
9.5193830e-02
7.3969930e-02
3.9667770e-02
7.7149270e-03
-1.3750580e-02
-3.9805300e-03
4.0143440e-02
9.1615660e-02
1.0337870e-01
1.0285580e-01
1.1256930e-01
1.0021580e-01
9.8904790e-02
1.1602060e-01
1.0512780e-01
1.1491770e-01
1.4016020e-01
1.3028600e-01
1.0785920e-01
8.9839180e-02
4.2985550e-02
-1.8488980e-02
-7.0840120e-02
-1.0244360e-01
-1.3616280e-01
-1.6374060e-01
-1.7714220e-01
-1.9928650e-01
-2.2470460e-01
-2.3722390e-01
-2.3915100e-01
-2.4860990e-01
-2.2918780e-01
-9.8238060e-02
3.0080330e-02
9.5984530e-02
1.3778310e-01
1.5851290e-01
1.6441660e-01
1.5336270e-01
1.1427220e-01
6.0427740e-02
1.3855730e-02
-2.2714660e-02
-7.2051180e-02
-1.1528160e-01
-1.3550300e-01
-1.5175780e-01
-1.6965730e-01
-1.8347030e-01
-1.8655160e-01
-1.7007740e-01
-1.4827660e-01
-1.1376110e-01
-6.5330730e-02
-1.2675520e-02
2.6071640e-02
6.0405910e-02
9.0434030e-02
1.1454760e-01
1.2369390e-01
1.2745750e-01
1.2844950e-01
1.4094250e-01
1.5054190e-01
1.4964540e-01
1.4257890e-01
1.3328170e-01
1.2396860e-01
1.1107840e-01
9.5144530e-02
8.0195280e-02
7.1350330e-02
6.3148510e-02
6.1371390e-02
7.0776820e-02
7.1566060e-02
6.8798370e-02
7.3712050e-02
6.7608210e-02
5.6921120e-02
4.7100610e-02
3.5346810e-02
3.0214030e-02
1.9865850e-02
6.0158570e-04
-2.9846480e-03
8.5126490e-03
-1.7374330e-03
-1.2931080e-02
-3.5573300e-04
-3.7130630e-03
-7.2290860e-03
1.9343350e-03
9.7118690e-04
-1.3636540e-02
-2.1186440e-02
-2.1976700e-02
-3.5905630e-02
-4.6571660e-02
-5.0405160e-02
-5.5137640e-02
-5.4267310e-02
-5.4789040e-02
-5.4962800e-02
-5.1801440e-02
-3.0422400e-02
1.6966030e-03
2.4594390e-02
5.3642530e-02
9.0570280e-02
1.0665720e-01
1.0628980e-01
9.8475980e-02
8.7332830e-02
6.8997860e-02
4.9558990e-02
3.0701960e-02
1.2011990e-02
-3.2455640e-03
-1.9483020e-02
-3.3064420e-02
-4.6060840e-02
-6.5999200e-02
-8.1192980e-02
-1.0154750e-01
-1.0847240e-01
-1.1671040e-01
-1.3644710e-01
-1.4046370e-01
-1.3701810e-01
-1.3760390e-01
-1.4409970e-01
-1.4857550e-01
-1.4301130e-01
-1.2206230e-01
-8.0173410e-02
-4.8763150e-02
-3.2072750e-02
-3.2881270e-02
-3.3340970e-02
-3.7017350e-02
-5.3537500e-02
-6.2164080e-02
-6.4960460e-02
-6.8540670e-02
-7.7301110e-02
-8.4601040e-02
-8.9259410e-02
-8.7202810e-02
-6.4931120e-02
-3.0480760e-02
9.6133590e-03
5.0182070e-02
8.7570120e-02
1.1437110e-01
1.2451750e-01
1.2258960e-01
1.0373770e-01
7.9201020e-02
5.5939980e-02
4.8718750e-02
5.1304600e-02
4.8632920e-02
3.3312700e-02
1.3604280e-02
-1.2707610e-02
-2.8142150e-02
-3.2918240e-02
-4.2791570e-02
-3.3698050e-02
-5.5570650e-03
9.6094810e-03
1.5151720e-02
3.1564390e-02
3.6182220e-02
2.4627810e-02
2.0077210e-02
1.7715340e-02
9.7241980e-03
3.7321710e-04
-5.4242310e-03
-1.1230500e-02
-2.6074870e-02
-3.2579860e-02
-1.7776190e-02
-7.8167470e-03
-1.0307860e-02
-1.3685750e-02
-2.0103750e-02
-2.9125410e-02
-3.9734070e-02
-5.6795890e-02
-5.9133310e-02
-4.2910420e-02
-3.1609730e-02
-2.8440540e-02
-2.8125890e-02
-3.8441370e-02
-5.7928630e-02
-7.2979510e-02
-8.2788280e-02
-9.3937310e-02
-1.0427620e-01
-1.0375210e-01
-1.0429290e-01
-1.0417560e-01
-9.1753240e-02
-7.8215590e-02
-7.1602340e-02
-5.3425070e-02
-2.9766050e-02
-1.2430150e-02
-3.8626670e-03
1.1404750e-04
-2.6907510e-03
-5.7697450e-03
2.8657220e-03
2.4638200e-02
5.7141440e-02
9.6287090e-02
1.1393540e-01
1.1798480e-01
1.2263320e-01
1.1202520e-01
9.8055200e-02
9.3434930e-02
9.8161900e-02
1.1485030e-01
1.3012910e-01
1.4275100e-01
1.4440170e-01
1.3476830e-01
1.0622370e-01
7.2435790e-02
4.8176190e-02
3.1226300e-02
8.5090890e-03
-2.0689760e-02
-5.2654820e-02
-7.9621410e-02
-1.0036760e-01
-1.1011640e-01
-9.6783140e-02
-6.6730940e-02
-2.0566200e-02
2.9655150e-02
5.9427670e-02
6.7664300e-02
6.8539200e-02
6.7167200e-02
5.0046650e-02
2.1111040e-02
-9.1332730e-03
-4.6425320e-02
-7.5107640e-02
-9.7851840e-02
-1.1280330e-01
-1.1987570e-01
-1.1968770e-01
-1.1051120e-01
-9.1087230e-02
-7.0612590e-02
-6.1254080e-02
-5.4799310e-02
-3.9814150e-02
-2.6687890e-02
-1.4148320e-02
-5.2698910e-03
-5.9150190e-03
-2.1194780e-02
-4.6692420e-02
-6.4743690e-02
-8.3975620e-02
-9.6965550e-02
-9.2118540e-02
-8.2820250e-02
-7.7666000e-02
-7.2609780e-02
-7.1392710e-02
-7.4551800e-02
-7.8994480e-02
-7.3062570e-02
-4.7318540e-02
-1.5821030e-02
1.5937410e-02
3.5046580e-02
4.1453640e-02
3.9393880e-02
2.8967350e-02
9.6142520e-03
-1.3425600e-02
-2.2720370e-02
-1.7031100e-02
-1.3360710e-02
-1.8690740e-02
-1.7039540e-02
-9.2793140e-03
-3.8357850e-03
4.4621040e-03
1.0881830e-02
1.4843080e-02
1.8758870e-02
2.3694230e-02
1.9450130e-02
1.9089340e-02
1.6011690e-02
9.3532190e-03
3.1781060e-03
6.2832150e-03
1.5505120e-02
2.6633430e-02
3.5359770e-02
4.6302740e-02
6.0541220e-02
6.6004350e-02
7.2204990e-02
8.1135560e-02
8.4197160e-02
8.2086860e-02
7.2072850e-02
6.1279960e-02
5.5296270e-02
5.1353650e-02
5.2915100e-02
5.7429710e-02
5.1692930e-02
4.6602850e-02
3.9101220e-02
3.2166100e-02
2.4104650e-02
1.6598250e-02
1.2281700e-02
1.5519440e-02
1.5070250e-02
1.7253380e-02
2.0675870e-02
1.6315870e-02
7.0366030e-03
-5.8842350e-05
-5.1111900e-03
-1.1602850e-02
-1.6055030e-02
-1.4714330e-02
-1.0970330e-02
-1.2943890e-03
4.4724490e-03
8.8705570e-03
1.1520410e-02
1.2042890e-02
1.3508990e-02
1.5729920e-02
1.4404850e-02
5.9829650e-03
-9.3429870e-03
-2.5739350e-02
-4.5850640e-02
-6.4058090e-02
-7.9022450e-02
-8.9288350e-02
-9.3941870e-02
-8.6714670e-02
-6.2789500e-02
-3.6634930e-02
-2.3626130e-02
-1.6817980e-02
-1.8141570e-02
-2.5112480e-02
-2.9788890e-02
-3.1654880e-02
-2.8079120e-02
-1.5794200e-02
3.6215360e-04
1.4415530e-02
2.9872820e-02
4.5581590e-02
6.0701140e-02
6.7294630e-02
6.6489590e-02
6.5348180e-02
6.1854370e-02
5.6108700e-02
4.5764380e-02
2.8668610e-02
1.3212780e-02
1.3086880e-03
-7.5018580e-03
-9.9994350e-03
-9.4067010e-03
-4.4927330e-03
1.1198370e-03
5.9282980e-03
8.2354550e-03
9.3435730e-03
1.7151590e-02
2.9803200e-02
3.9267010e-02
5.0576570e-02
5.5982360e-02
6.1512860e-02
6.3457010e-02
6.0816050e-02
5.6430930e-02
4.8427340e-02
4.0160530e-02
3.3227050e-02
2.3429280e-02
1.4712530e-02
1.1241840e-02
1.3359130e-02
2.0128840e-02
3.3549960e-02
4.1780240e-02
4.2809460e-02
3.9465150e-02
2.8515440e-02
1.2284240e-02
-1.6849800e-03
-1.0112630e-02
-1.2523460e-02
-1.0122470e-02
-2.6311320e-03
1.0045210e-02
2.0183000e-02
2.9023650e-02
3.2413550e-02
3.4009620e-02
2.8039510e-02
1.9263120e-02
1.3391420e-03
-1.1327440e-02
-2.3245540e-02
-3.5979040e-02
-3.9359750e-02
-3.1838730e-02
-1.2990750e-02
4.0127680e-03
1.1251510e-02
1.0553790e-02
4.9369320e-03
-6.5898300e-03
-1.4916290e-02
-1.3680380e-02
-2.1018430e-03
1.4966990e-02
2.7521040e-02
3.6631380e-02
3.9014230e-02
4.0133860e-02
3.6019040e-02
2.5512890e-02
1.8832590e-02
1.2176940e-02
4.7647770e-03
1.0774650e-03
4.8567040e-03
1.1163050e-02
2.2440900e-02
3.6209780e-02
4.1901090e-02
4.4069660e-02
4.2040380e-02
3.2663020e-02
1.6906330e-02
2.2631500e-03
-1.0486020e-02
-1.8968530e-02
-2.3577070e-02
-3.0137180e-02
-3.2150040e-02
-2.7932160e-02
-2.0715990e-02
-1.0234830e-02
4.3436200e-03
1.6018870e-02
2.6107260e-02
3.1516430e-02
3.3780990e-02
3.4148620e-02
3.1264130e-02
2.1827820e-02
1.0542100e-02
3.1757490e-03
-1.0445350e-03
-1.5212000e-03
1.4873560e-03
7.5603930e-03
1.2763520e-02
1.9602540e-02
2.2544900e-02
2.2318630e-02
1.8862460e-02
1.4459880e-02
8.6143330e-03
3.6845170e-03
7.7407030e-04
-3.6326140e-03
-4.7248050e-03
-6.9980790e-03
-4.7493630e-03
-1.1802180e-03
2.5254060e-03
7.0645490e-03
9.9329690e-03
5.4941160e-03
-3.4664850e-03
-1.2286830e-02
-1.8595620e-02
-2.5199610e-02
-3.1122400e-02
-3.2060840e-02
-3.4582940e-02
-3.4888230e-02
-3.6062370e-02
-3.8200230e-02
-3.7115390e-02
-3.4884500e-02
-3.1598590e-02
-3.0015310e-02
-2.9066040e-02
-2.9803070e-02
-3.2123990e-02
-3.4341210e-02
-3.4658300e-02
-3.4126570e-02
-3.1926290e-02
-3.2052370e-02
-3.2195860e-02
-3.1856330e-02
-3.2011930e-02
-3.1380350e-02
-2.5423880e-02
-2.0091490e-02
-1.4938960e-02
-1.0686360e-02
-6.8572860e-03
-4.1627610e-04
4.0736370e-03
6.0897550e-03
6.9573000e-03
6.1358590e-03
2.9018890e-03
-2.3357820e-03
-1.2211410e-02
-1.8255720e-02
-1.9410290e-02
-2.1575930e-02
-2.4131720e-02
-2.0205020e-02
-1.4942690e-02
-9.1116050e-03
-5.1417520e-03
-1.4193170e-03
5.1424140e-03
7.7406980e-03
9.8070270e-03
1.1294560e-02
1.7501550e-02
2.0568150e-02
2.1050360e-02
2.6631340e-02
2.6266330e-02
2.1064200e-02
9.3022510e-03
2.3372810e-03
-4.8369920e-03
-1.3048130e-02
-1.7444700e-02
-2.2972190e-02
-2.7090120e-02
-3.2097320e-02
-3.6164640e-02
-3.7496390e-02
-3.2456810e-02
-2.3022260e-02
-1.4394260e-02
-5.1674380e-03
2.7758510e-03
1.1044590e-02
1.5093190e-02
1.3633640e-02
9.0818710e-03
6.0020680e-03
-4.9606870e-03
-1.2777690e-02
-1.9047070e-02
-2.7338960e-02
-3.3434210e-02
-3.8582630e-02
-4.2046000e-02
-4.1976120e-02
-3.5085110e-02
-3.0385480e-02
-2.5688760e-02
-1.9474940e-02
-1.8000250e-02
-2.1364020e-02
-2.0606000e-02
-2.1419220e-02
-2.3412960e-02
-1.6710400e-02
-1.2798890e-02
-1.0192080e-02
-6.4047980e-03
-2.8530880e-04
2.7287070e-03
6.9999920e-03
1.4877850e-02
2.2132120e-02
2.8687060e-02
3.4024000e-02
3.7217480e-02
3.6767160e-02
3.3332650e-02
2.6496960e-02
1.7925030e-02
7.9481370e-03
-7.4585320e-03
-1.8209760e-02
-2.3419400e-02
-2.6860980e-02
-3.1254420e-02
-2.7986340e-02
-2.4813130e-02
-2.4133210e-02
-2.3465120e-02
-2.0813420e-02
-1.7806110e-02
-1.4454990e-02
-8.1525590e-03
-4.8698220e-03
-2.4936170e-03
-7.0912930e-04
-1.7867000e-03
-7.3495640e-03
-1.3889500e-02
-1.7268350e-02
-2.1677530e-02
-2.4138110e-02
-2.3248380e-02
-2.3442390e-02
-2.5570220e-02
-2.6582540e-02
-2.6419060e-02
-2.8889230e-02
-2.4816240e-02
-2.0491770e-02
-1.6941910e-02
-1.1043700e-02
-3.2402280e-03
5.9575790e-03
1.0418830e-02
1.6403590e-02
2.2212380e-02
2.7452980e-02
3.0411680e-02
3.3140460e-02
3.5295090e-02
3.4494120e-02
3.4986280e-02
3.4946160e-02
3.3018440e-02
3.1796920e-02
3.2464610e-02
2.9208250e-02
2.6505590e-02
2.5879100e-02
2.3239520e-02
2.4138250e-02
2.6529460e-02
2.7021650e-02
2.9877590e-02
3.2910570e-02
3.4854380e-02
3.4687430e-02
3.5809510e-02
3.8356730e-02
3.5429230e-02
3.3583540e-02
2.7774620e-02
2.0249380e-02
1.3889730e-02
5.9177730e-03
6.6528830e-04
-1.1975330e-03
-1.6845530e-03
-4.7356410e-03
-3.5172090e-03
-3.9217510e-03
-2.2107150e-03
1.9882570e-04
4.7544080e-03
7.3301050e-03
1.1943980e-02
1.6516440e-02
2.0389140e-02
2.3992900e-02
2.7707400e-02
3.3332980e-02
3.5669870e-02
3.6317710e-02
3.4297300e-02
3.1447620e-02
2.4432710e-02
1.6497730e-02
9.6567900e-03
2.4532050e-03
-3.1856230e-03
-1.0643670e-02
-1.8678500e-02
-2.1122270e-02
-2.6413450e-02
-2.7719110e-02
-2.8464000e-02
-2.5758930e-02
-2.5488590e-02
-2.2952990e-02
-2.3723090e-02
-2.1977880e-02
-2.3438010e-02
-2.3462770e-02
-2.1754430e-02
-2.0082860e-02
-1.9725100e-02
-1.7193230e-02
-1.8267990e-02
-1.7706620e-02
-1.4618950e-02
-1.0759920e-02
-6.1480230e-03
-4.3419840e-03
-4.2108060e-03
-7.8220580e-03
-1.1076150e-02
-1.3616570e-02
-1.5921520e-02
-1.7878690e-02
-1.7701520e-02
-2.0814520e-02
-2.1958460e-02
-2.3606770e-02
-1.9262230e-02
-1.4651350e-02
-1.0177870e-02
-4.0495770e-03
8.9400460e-04
4.3222520e-03
4.5567310e-03
8.3094650e-03
1.0193160e-02
9.5602600e-03
1.0020010e-02
1.0044510e-02
9.9574760e-03
1.0011470e-02
9.9943490e-03
9.9887710e-03
1.1323600e-02
1.3971580e-02
1.5445740e-02
1.6655640e-02
1.8906110e-02
2.0901780e-02
1.8818680e-02
1.7830060e-02
1.6462970e-02
1.0653170e-02
5.4993990e-03
3.8450520e-03
9.3924530e-04
-1.4629540e-03
1.4309670e-03
2.5703960e-03
4.3814950e-03
4.2663340e-03
4.3005460e-03
4.5892660e-03
4.4656600e-03
5.8201360e-03
9.2226520e-03
1.3102010e-02
1.4419510e-02
1.5604380e-02
1.5291180e-02
1.5559520e-02
1.4146000e-02
1.2044650e-02
8.7119660e-03
2.9011790e-03
-5.2610750e-03
-1.4107110e-02
-2.0929400e-02
-2.3049040e-02
-2.5167630e-02
-2.5123570e-02
-2.1030900e-02
-1.6114140e-02
-1.2754890e-02
-8.1567080e-03
-5.0375910e-03
-3.9698730e-03
-4.1671010e-03
-3.8178460e-03
-6.7214870e-03
-1.0748890e-02
-1.1816290e-02
-1.1793700e-02
-1.1882140e-02
-8.9373860e-03
-6.3432690e-03
-9.0658090e-03
-1.3352520e-02
-1.7511990e-02
-2.2443260e-02
-2.4722200e-02
-2.4856380e-02
-2.1173590e-02
-1.5803880e-02
-1.0224220e-02
-7.9259080e-03
-5.4733680e-03
-3.3624290e-03
-3.7805680e-03
-5.7629750e-03
-7.0650250e-03
-9.0240310e-03
-9.4841720e-03
-1.2034160e-02
-1.3586700e-02
-1.4383160e-02
-1.4769680e-02
-1.7460990e-02
-1.6631540e-02
-1.6744810e-02
-1.9025920e-02
-2.2934760e-02
-2.5467820e-02
-2.8068330e-02
-3.2388310e-02
-3.6413620e-02
-3.8455400e-02
-3.8126730e-02
-4.0331630e-02
-4.2506910e-02
-4.5080430e-02
-4.7461440e-02
-4.8325580e-02
-4.9904270e-02
-4.9319240e-02
-4.5633090e-02
-4.1526800e-02
-3.7117740e-02
-3.1054820e-02
-2.5704240e-02
-2.0086380e-02
-1.3110300e-02
-8.6027790e-03
-1.1648800e-03
3.6047140e-03
6.6433300e-03
9.5344130e-03
7.2793760e-03
5.3150790e-03
3.3715170e-03
1.4512540e-03
1.0608040e-03
6.9954500e-04
2.0070250e-03
2.1302220e-03
4.0421990e-03
1.6636280e-03
4.1618940e-03
4.7010760e-03
4.0878800e-03
5.9427040e-03
1.0142000e-02
1.4196230e-02
1.7258170e-02
2.1532590e-02
2.3859620e-02
2.6718850e-02
2.6623470e-02
2.9621060e-02
3.0867370e-02
3.2575900e-02
3.4996910e-02
3.4954770e-02
3.4820910e-02
3.5153620e-02
3.4940500e-02
3.5059230e-02
3.5037090e-02
3.4984330e-02
3.2866190e-02
3.4232870e-02
3.5617450e-02
3.5882720e-02
3.9760890e-02
4.2024100e-02
4.4833310e-02
4.6354830e-02
4.5730790e-02
4.6230010e-02
4.6197860e-02
4.8322130e-02
5.0547880e-02
5.3391780e-02
5.9165480e-02
6.3251240e-02
6.5173970e-02
6.5522110e-02
6.4136820e-02
6.1580880e-02
5.7789080e-02
5.3874230e-02
5.0749670e-02
4.6716580e-02
4.4348570e-02
4.0490540e-02
3.7598050e-02
3.4898210e-02
3.3537690e-02
3.1937800e-02
3.2488630e-02
2.9386820e-02
2.7485790e-02
2.6617880e-02
2.4984110e-02
2.3430090e-02
2.4194800e-02
2.1952090e-02
1.8823290e-02
1.5113320e-02
1.0857220e-02
6.3227540e-03
2.2299050e-03
4.2803990e-05
-1.7718760e-03
-4.3977400e-03
-6.9294660e-03
-9.1119810e-03
-1.0998430e-02
-1.4012950e-02
-1.5119540e-02
-1.4907860e-02
-1.8102260e-02
-1.7761970e-02
-1.9992330e-02
-2.1522490e-02
-2.5224110e-02
-2.9075270e-02
-3.1919790e-02
-3.4327360e-02
-3.4305830e-02
-3.4059830e-02
-3.2807090e-02
-3.2990770e-02
-3.1040000e-02
-3.0369180e-02
-3.2621950e-02
-3.4733300e-02
-3.7270800e-02
-3.8432400e-02
-4.0628260e-02
-4.0196420e-02
-3.9699110e-02
-4.0233890e-02
-3.9847450e-02
-3.7074920e-02
-3.4358310e-02
-3.1721260e-02
-2.4865920e-02
-1.8790050e-02
-1.2217620e-02
-7.9802120e-03
-7.0594350e-03
-1.0471960e-02
-1.1152140e-02
-1.2576810e-02
-1.1767610e-02
-1.2216320e-02
-8.6457080e-03
-8.7276840e-03
-9.9508040e-03
-1.2153680e-02
-1.3259920e-02
-1.7621560e-02
-2.1813030e-02
-2.4606700e-02
-2.9167920e-02
-3.2405890e-02
-3.5796000e-02
-3.7058570e-02
-3.6643260e-02
-3.4827300e-02
-2.9673760e-02
-2.4420210e-02
-2.0663380e-02
-1.6586150e-02
-1.3317620e-02
-9.3400030e-03
-8.7901820e-03
-5.5664150e-03
-3.2225110e-03
3.4824950e-04
-8.6081340e-04
-2.6590720e-04
-4.5692460e-05
-2.5036040e-04
-2.1527830e-05
3.0990460e-05
2.8277820e-06
2.1760310e-04
3.5145740e-03
6.0335340e-03
7.8915920e-03
8.5693820e-03
1.0060370e-02
1.3778650e-02
1.6770740e-02
1.6727740e-02
1.6981540e-02
2.0619910e-02
2.3826740e-02
2.6408570e-02
2.8502560e-02
3.1253060e-02
3.2556530e-02
3.4181540e-02
3.2560430e-02
3.0727330e-02
3.1644950e-02
2.9507390e-02
2.8149960e-02
2.8192590e-02
2.4297820e-02
2.1303820e-02
1.7819990e-02
1.4661830e-02
1.2939410e-02
1.2287150e-02
1.2555110e-02
1.2368460e-02
1.2553390e-02
1.1574550e-02
7.3636540e-03
2.7326970e-03
1.3663470e-04
-2.2637690e-03
-3.9090070e-03
-1.4077790e-03
-2.4374850e-04
1.7094010e-03
1.6388730e-03
2.3420430e-03
1.3328010e-03
-4.5144330e-04
-1.2903950e-03
-8.7878220e-04
-2.5681980e-03
-5.7857350e-03
-7.4922920e-03
-9.4898390e-03
-1.0027630e-02
-1.2598070e-02
-1.2099830e-02
-1.4329190e-02
-1.6126450e-02
-1.7895690e-02
-1.7691780e-02
-1.7744330e-02
-1.6365820e-02
-1.4965550e-02
-1.5945200e-02
-1.7491260e-02
-1.7797350e-02
-1.9868840e-02
-2.3077440e-02
-2.3815610e-02
-2.4789170e-02
-2.4663560e-02
-2.6174370e-02
-2.6660740e-02
-2.7631900e-02
-2.8733040e-02
-2.8888150e-02
-2.8679010e-02
-2.5748880e-02
-2.3001160e-02
-2.3836490e-02
-2.1968860e-02
-2.2372890e-02
-2.3907450e-02
-2.3505420e-02
-2.3748620e-02
-2.3135020e-02
-2.1648820e-02
-1.9676330e-02
-1.7918550e-02
-1.6129840e-02
-1.4323930e-02
-1.2274540e-02
-1.2410700e-02
-1.2406910e-02
-1.2179270e-02
-1.1782030e-02
-9.1230580e-03
-7.8513310e-03
-4.9356320e-03
-3.6757260e-03
-5.5087440e-03
-6.5063110e-03
-6.5535950e-03
-8.0859960e-03
-1.0018540e-02
-1.1485570e-02
-1.2821380e-02
-1.3169620e-02
-1.1321890e-02
-8.8309230e-03
-6.5071850e-03
-3.6535100e-03
1.0707330e-03
4.3336570e-03
5.9442160e-03
7.9533520e-03
1.0092700e-02
9.8843300e-03
9.9487450e-03
1.0979120e-02
9.2186800e-03
6.4539360e-03
2.5765490e-03
-1.6429510e-03
-4.2582970e-03
-6.5869130e-03
-6.4358060e-03
-6.0284040e-03
-3.5591100e-03
-1.3507080e-03
-7.7665540e-04
3.7220490e-04
-3.4845800e-04
-1.4945570e-03
-8.8175450e-04
-1.1769470e-03
-4.4090810e-04
1.3670020e-03
2.5077040e-03
4.8158920e-03
6.4345910e-03
8.0812510e-03
9.3606520e-03
1.0214650e-02
1.1980730e-02
1.3077100e-02
1.4687600e-02
1.8100290e-02
1.8922100e-02
1.9725820e-02
1.8080950e-02
1.6321070e-02
1.5533270e-02
1.4400550e-02
1.4930330e-02
1.5965470e-02
1.5338870e-02
1.7273380e-02
1.6813490e-02
1.4217800e-02
1.2480530e-02
1.3198460e-02
1.3680470e-02
1.6172070e-02
1.8653620e-02
2.0641090e-02
2.1183350e-02
2.1903730e-02
2.4579850e-02
2.3647750e-02
2.6723040e-02
2.6920040e-02
2.8194970e-02
2.9970530e-02
3.2106680e-02
3.2356260e-02
3.3964030e-02
3.4346140e-02
3.2143440e-02
3.2395230e-02
3.2510210e-02
3.2196250e-02
3.2341880e-02
3.2022610e-02
3.0235200e-02
2.9353790e-02
2.9439620e-02
2.6450470e-02
2.6501870e-02
2.3651880e-02
2.0962040e-02
1.9076360e-02
1.5534600e-02
1.2540320e-02
9.7102940e-03
5.2160160e-03
1.8900510e-03
-1.1935210e-03
-5.4131160e-04
-2.8355620e-03
-4.2310290e-03
-3.3440750e-03
-3.8998700e-03
-3.8079050e-03
-3.7595050e-03
-3.2935510e-03
-7.6643250e-04
-1.2001060e-03
-1.5663280e-04
2.5730420e-03
8.3575550e-04
-3.6738170e-04
-1.4890600e-03
-3.0343240e-03
-3.9342640e-03
-5.4487670e-03
-6.9671420e-03
-6.2282690e-03
-8.5266230e-03
-9.7558550e-03
-8.9762180e-03
-1.1298370e-02
-1.3926590e-02
-1.4915620e-02
-1.7072130e-02
-1.7730450e-02
-1.8285510e-02
-1.7439590e-02
-1.7218930e-02
-1.4483120e-02
-1.2853250e-02
-1.1952490e-02
-8.6334070e-03
-5.4451700e-03
-3.1605080e-03
-8.5527380e-04
-1.2554180e-03
-1.0047600e-03
-8.8388310e-04
-1.7257290e-03
-4.1550400e-03
-3.4586330e-03
-3.7107890e-03
-6.0654180e-03
-6.7283650e-03
-6.2451830e-03
-8.2468920e-03
-8.6805780e-03
-5.9381060e-03
-6.0688280e-03
-2.7360450e-03
6.7251840e-04
2.0374980e-03
2.2489290e-03
1.6591830e-03
1.9786070e-03
1.8772000e-03
1.8346470e-03
2.4667650e-03
2.7642980e-03
5.8018650e-04
-3.2295950e-04
-1.0824070e-03
-8.6042420e-04
-3.1494570e-03
-3.9728130e-03
-3.4122680e-03
-4.6268730e-03
-3.3511550e-03
-3.8585140e-03
-3.7403980e-03
-3.7431780e-03
-5.4856300e-03
-6.7120160e-03
-8.7437910e-03
-1.0266050e-02
-1.2242560e-02
-1.1677150e-02
-9.3471940e-03
-6.6095790e-03
-4.0898940e-03
-1.1652440e-03
1.5390550e-03
1.7663380e-03
1.6826330e-03
2.0055040e-03
1.8742840e-03
1.9034870e-03
1.0282010e-03
-5.4634010e-04
-8.7271500e-05
-1.1845500e-03
-7.6108720e-04
-8.0533650e-04
1.6501880e-03
2.0381200e-03
1.5871710e-03
2.0665810e-03
1.2894240e-04
-2.2972810e-03
-4.6320390e-03
-6.7314330e-03
-5.9983030e-03
-3.6824770e-03
1.5561370e-04
3.4041650e-03
4.6589010e-03
4.4619730e-03
4.7931810e-03
3.5871940e-03
1.2334490e-03
5.9576090e-04
7.1400700e-04
-7.0995730e-04
-3.9449350e-03
-4.6021260e-03
-9.9480890e-03
-1.3707210e-02
-1.5770210e-02
-1.9099180e-02
-2.0627860e-02
-1.9825860e-02
-2.0483380e-02
-2.0433120e-02
-2.1374440e-02
-2.3038590e-02
-2.3071020e-02
-2.2884280e-02
-2.1305420e-02
-2.0093120e-02
-1.7772770e-02
-1.6474760e-02
-1.6169610e-02
-1.4446340e-02
-1.4565680e-02
-1.1755400e-02
-1.0444290e-02
-8.8740900e-03
-7.7969100e-03
-4.5706840e-03
-3.9440670e-03
-3.4400200e-03
-3.5046630e-03
-3.3740430e-03
-3.3301560e-03
-4.5297880e-03
-5.9240760e-03
-5.8998530e-03
-5.5636620e-03
-4.1415450e-03
-3.4663490e-03
-2.9989720e-03
-3.1576260e-03
-2.9319470e-03
-4.5060520e-03
-6.1251280e-03
-4.1092020e-03
-3.8488060e-03
-2.4566190e-03
2.5888580e-06
-1.4528170e-03
-1.7633790e-03
-6.5511070e-04
1.2410820e-03
5.2133490e-03
8.8325640e-03
1.2229110e-02
1.4820230e-02
1.6680310e-02
1.7222510e-02
1.8493170e-02
1.8228650e-02
1.8329120e-02
1.8400660e-02
1.8415860e-02
1.6602530e-02
1.4336190e-02
1.0834590e-02
8.8500960e-03
7.8202460e-03
7.5358960e-03
9.0552820e-03
1.0794380e-02
1.1905680e-02
1.2822580e-02
1.4607830e-02
1.4440010e-02
1.4508640e-02
1.6033260e-02
1.6411270e-02
1.7542350e-02
1.7218560e-02
1.7397950e-02
1.7419660e-02
1.7834630e-02
1.9014040e-02
1.8530520e-02
2.0206690e-02
2.1554340e-02
2.2336720e-02
2.1091130e-02
2.0918370e-02
1.8300120e-02
1.7378680e-02
1.5270610e-02
1.3582520e-02
1.1600290e-02
9.8113540e-03
8.1961170e-03
6.7828180e-03
3.7953810e-03
1.8989370e-03
2.3842680e-03
2.6792440e-03
4.2880250e-03
4.8548800e-03
6.0174310e-03
4.6162890e-03
3.9894830e-03
1.1090440e-03
-9.1885190e-04
-1.8317080e-03
-3.5387850e-03
-2.5735690e-03
-3.1177920e-03
-3.6518850e-03
-4.6808480e-03
-6.8572190e-03
-1.0028700e-02
-1.2335280e-02
-1.4327520e-02
-1.5557690e-02
-1.4355450e-02
-1.3795220e-02
-1.5084480e-02
-1.6246940e-02
-1.7398880e-02
-1.8884260e-02
-2.0200480e-02
-2.2228710e-02
-2.1618970e-02
-2.0885400e-02
-2.0260720e-02
-2.0632010e-02
-2.0357990e-02
-2.2862600e-02
-2.5689650e-02
-2.6469160e-02
-2.8063630e-02
-2.9408880e-02
-2.8252750e-02
-2.8458660e-02
-2.7749010e-02
-2.5844480e-02
-2.5689560e-02
-2.4119780e-02
-2.2669650e-02
-2.3043140e-02
-1.9975710e-02
-1.8264950e-02
-1.7385050e-02
-1.4470170e-02
-1.1704840e-02
-1.0971390e-02
-1.0248390e-02
-8.6717780e-03
-9.1347880e-03
-7.9137520e-03
-7.3620380e-03
-6.0976290e-03
-5.2728280e-03
-4.7207800e-03
-5.0466670e-03
-4.7762680e-03
-4.7628980e-03
-3.1143970e-03
-4.3004540e-03
-2.9720490e-03
-3.4134150e-03
-1.4350420e-03
6.7300120e-04
1.7798290e-03
3.2315750e-03
3.7061030e-03
5.2042570e-03
5.9381160e-03
6.4327820e-03
6.0788430e-03
6.3706890e-03
6.2754290e-03
7.3799140e-03
8.0156770e-03
7.5249480e-03
7.8805950e-03
8.6350800e-03
7.5226160e-03
7.7940820e-03
7.9100290e-03
7.4288500e-03
5.9231900e-03
6.5313140e-03
5.0815090e-03
5.0439960e-03
7.2203600e-03
7.8019630e-03
7.6300840e-03
7.8585250e-03
7.8407330e-03
7.8330380e-03
9.0798880e-03
9.3488130e-03
1.0276270e-02
1.1987360e-02
1.3058060e-02
1.4845930e-02
1.6748130e-02
1.7707960e-02
1.9078220e-02
1.8650320e-02
1.8943520e-02
1.9003760e-02
1.8921140e-02
1.8965240e-02
1.7725650e-02
1.7464230e-02
1.7783640e-02
1.7500490e-02
1.8839890e-02
2.0249490e-02
2.1403830e-02
2.2911970e-02
2.3034280e-02
2.2921920e-02
2.2005080e-02
2.1672510e-02
2.1695250e-02
1.9939390e-02
2.0611670e-02
1.9179980e-02
1.8549280e-02
1.7452490e-02
1.6488930e-02
1.5843250e-02
1.4597660e-02
1.4676050e-02
1.2765980e-02
1.1818820e-02
1.3589650e-02
1.3846260e-02
1.3800270e-02
1.3299880e-02
1.3671570e-02
1.2225220e-02
1.0762150e-02
9.5952070e-03
7.8193550e-03
5.8937450e-03
3.8852780e-03
3.5088850e-03
1.8495070e-03
-5.7582400e-04
-1.4525900e-03
-1.9681500e-03
-3.4466900e-03
-1.7431280e-03
-1.3686720e-03
-3.6867850e-04
-5.5151440e-04
-5.0177700e-04
-1.5646060e-03
-1.8619620e-03
-1.5492440e-03
-1.5573070e-03
-8.0334210e-05
-6.2495690e-04
7.7827270e-04
1.1160430e-03
7.2567310e-04
1.0594520e-03
9.5353620e-04
9.5867940e-04
9.8067500e-04
9.6774300e-04
1.2614920e-03
2.7554340e-03
2.1699960e-03
3.6050240e-03
4.2219870e-03
5.3228530e-03
5.0957840e-03
5.2845660e-03
5.3135640e-03
5.1738770e-03
5.6887110e-03
6.9671210e-03
7.7488020e-03
8.0361430e-03
8.3554300e-03
1.0243890e-02
9.5111740e-03
9.1323950e-03
8.2153430e-03
6.4715010e-03
3.9669740e-03
2.0693410e-03
-8.6632560e-04
-3.6804870e-03
-6.3841760e-03
-9.2052550e-03
-1.1091180e-02
-1.4192610e-02
-1.7715190e-02
-1.8826020e-02
-2.1200520e-02
-2.2477860e-02
-2.2425100e-02
-2.2509480e-02
-2.2618870e-02
-2.2483230e-02
-2.3852610e-02
-2.4593400e-02
-2.5369470e-02
-2.5108980e-02
-2.5235740e-02
-2.3804750e-02
-2.2418260e-02
-2.0513170e-02
-1.9536010e-02
-1.8480130e-02
-1.6783340e-02
-1.7081150e-02
-1.4751870e-02
-1.1649810e-02
-9.2142320e-03
-6.9923950e-03
-5.2880130e-03
-1.9726150e-03
-2.1522030e-04
-6.0904330e-06
1.4137970e-03
2.4196680e-03
2.4249860e-03
2.3875870e-03
2.5335530e-03
2.4660980e-03
2.4211730e-03
9.0963170e-04
1.3764000e-03
2.8246560e-03
2.2981960e-03
2.4483650e-03
2.6066560e-03
3.3301270e-03
4.1460700e-03
3.6503490e-03
4.8470170e-03
5.4717270e-03
3.3520460e-03
5.0023400e-03
5.7361460e-03
4.0594430e-03
3.0120840e-03
2.6210200e-03
2.7577130e-03
2.4970540e-03
9.3660820e-04
1.3550570e-03
1.2914060e-03
1.1463640e-03
1.1785980e-03
-4.6298850e-04
-8.8126550e-04
-1.7890220e-03
-3.9779820e-03
-5.4485620e-03
-7.3864440e-03
-1.0247850e-02
-1.2147020e-02
-1.5180660e-02
-1.7846220e-02
-1.9657880e-02
-2.0897380e-02
-2.3263230e-02
-2.4574670e-02
-2.6618990e-02
-2.6107770e-02
-2.6223650e-02
-2.6343320e-02
-2.4474200e-02
-2.3213680e-02
-2.1828320e-02
-2.0445260e-02
-2.0670970e-02
-1.8850200e-02
-1.7570060e-02
-1.7107780e-02
-1.6065310e-02
-1.4815420e-02
-1.2543390e-02
-1.2173090e-02
-1.0765210e-02
-9.2528450e-03
-9.7765260e-03
