0.01
-2.5378990e-03
-6.5932280e-03
-9.2122360e-03
-9.6019790e-03
-6.1993430e-03
-7.7265180e-04
3.2371120e-03
4.4149590e-03
3.4263340e-03
1.3865850e-03
-3.0638070e-04
-1.1704910e-03
-1.9466000e-03
-2.0405520e-03
-6.2703770e-04
2.2186330e-03
4.8757520e-03
6.9900380e-03
8.3020470e-03
8.2279390e-03
5.9259920e-03
2.0073900e-03
-1.7336840e-03
-3.7512660e-03
-2.2463860e-03
1.7629950e-03
5.7918200e-03
5.9593630e-03
2.1113340e-03
-2.9806730e-03
-5.7692300e-03
-5.5104040e-03
-3.5792420e-03
-1.6061300e-03
-3.6301590e-04
-5.3310580e-04
-1.4025290e-03
-2.1112030e-03
-4.0215070e-03
-7.5835990e-03
-1.0122980e-02
-1.0746980e-02
-1.1658080e-02
-1.1508280e-02
-8.0102040e-03
-2.7088750e-03
3.2007400e-03
8.9577120e-03
1.2781980e-02
1.3292270e-02
1.1450020e-02
8.1611510e-03
4.5795740e-03
2.4830870e-03
3.0919610e-03
4.9964000e-03
5.6011760e-03
2.7364620e-03
-1.9501390e-03
-4.1880780e-03
-2.5968450e-03
-2.2188990e-04
9.0735640e-04
2.8209700e-03
4.4278400e-03
2.7429240e-03
-1.1917170e-03
-4.9385550e-03
-7.3218940e-03
-6.8133170e-03
-2.9308370e-03
1.6340180e-03
4.9850890e-03
6.7384670e-03
5.2328820e-03
1.0968300e-03
-2.8365470e-03
-5.4077900e-03
-6.0584940e-03
-4.0737910e-03
-1.1279740e-04
2.9662180e-03
5.0646390e-03
6.0824450e-03
4.1288350e-03
9.0657330e-04
-5.2022840e-04
1.7371650e-05
3.0307090e-03
7.8835200e-03
1.1027340e-02
1.0978410e-02
9.1123870e-03
7.0863260e-03
3.9967940e-03
1.5624940e-03
2.6216950e-04
-2.2513340e-03
-5.4673890e-03
-6.9720430e-03
-8.8975220e-03
-1.2678240e-02
-1.4048990e-02
-1.0337210e-02
-3.8930660e-03
3.2332020e-04
2.1502780e-03
3.1038450e-03
3.4663440e-03
2.7606150e-03
2.1380870e-03
2.9032880e-03
4.7429520e-03
6.4735590e-03
6.4818790e-03
4.2554790e-03
1.6983440e-03
-9.5249890e-04
-4.9258460e-03
-9.1126820e-03
-1.1510980e-02
-1.1829090e-02
-9.9106190e-03
-6.1260900e-03
-1.8003760e-03
2.1234910e-03
3.4136850e-03
5.9923090e-04
-4.1975520e-03
-7.7569220e-03
-9.3153310e-03
-8.9060430e-03
-6.7004190e-03
-4.9940320e-03
-5.6847550e-03
-7.4991340e-03
-9.3556080e-03
-1.2163170e-02
-1.6219850e-02
-2.1252710e-02
-2.4351740e-02
-2.0972820e-02
-8.2747990e-03
1.1065510e-02
3.1339510e-02
4.2780480e-02
3.7299570e-02
1.5103800e-02
-1.1821970e-02
-3.2639820e-02
-4.4857950e-02
-4.8906770e-02
-4.6627400e-02
-4.1557370e-02
-3.5539560e-02
-2.8554370e-02
-2.0144300e-02
-8.7859740e-03
6.7315920e-03
2.6468090e-02
4.8566810e-02
7.1201460e-02
9.0059560e-02
1.0097730e-01
1.0290960e-01
9.6432480e-02
8.2986320e-02
6.4866360e-02
4.2162520e-02
1.4886530e-02
-1.3983870e-02
-3.8085250e-02
-5.4046890e-02
-6.3954930e-02
-7.1232140e-02
-7.6837990e-02
-8.1271900e-02
-8.4420820e-02
-8.1571020e-02
-6.4019260e-02
-2.9296920e-02
1.4326450e-02
5.5591710e-02
8.6326160e-02
1.0322630e-01
1.0901020e-01
1.0704810e-01
9.8246800e-02
8.2352340e-02
6.1596810e-02
3.9933950e-02
2.2450490e-02
1.0638280e-02
8.2791790e-04
-9.8877700e-03
-2.0684080e-02
-3.1125450e-02
-4.2505120e-02
-5.4155240e-02
-6.2025180e-02
-6.1081360e-02
-4.8281430e-02
-2.4917470e-02
1.1064620e-03
2.0712040e-02
3.0624990e-02
3.1947400e-02
2.7038870e-02
1.7133550e-02
6.6506730e-03
9.2682890e-04
-1.6807440e-03
-6.6504920e-03
-1.8279320e-02
-3.7323240e-02
-5.9088700e-02
-7.6973110e-02
-8.8547820e-02
-9.3808890e-02
-8.8715040e-02
-6.8989820e-02
-3.9140420e-02
-1.1238260e-02
6.2085700e-03
1.4599380e-02
2.0664200e-02
2.8592990e-02
3.9215850e-02
5.2131490e-02
6.5831780e-02
7.5029500e-02
7.4077820e-02
6.0870970e-02
3.8313910e-02
1.1856840e-02
-1.1201100e-02
-2.6624930e-02
-3.4158320e-02
-3.6075560e-02
-3.4580210e-02
-3.1165040e-02
-2.7292490e-02
-2.4488490e-02
-2.1093710e-02
-1.5509540e-02
-9.6858250e-03
-5.4030270e-03
-2.9303990e-03
-1.8815050e-04
3.9678770e-03
1.0643270e-02
1.9508850e-02
2.7429340e-02
3.1757980e-02
2.9796880e-02
2.0400240e-02
5.2290320e-03
-1.2280880e-02
-2.8593030e-02
-4.0639990e-02
-4.6967360e-02
-4.5390510e-02
-3.4064820e-02
-1.4993930e-02
3.4401700e-03
1.4303410e-02
1.7397230e-02
1.7730210e-02
1.9469760e-02
2.3548010e-02
2.8459290e-02
3.2495430e-02
3.2579690e-02
2.6482240e-02
1.6603360e-02
6.3560200e-03
-2.4834140e-03
-9.2052760e-03
-1.3218750e-02
-1.4753760e-02
-1.3334170e-02
-1.0582220e-02
-8.9844090e-03
-1.0003660e-02
-1.2053870e-02
-1.1703650e-02
-6.1030490e-03
3.4898330e-03
1.3841390e-02
2.1434500e-02
2.5589590e-02
2.6841170e-02
2.4604350e-02
1.7972740e-02
6.7178400e-03
-5.6687600e-03
-1.3853280e-02
-1.5020800e-02
-9.6505760e-03
-2.7848960e-03
9.5817250e-04
8.2126710e-04
-1.7770120e-03
-5.9125110e-03
-9.8012740e-03
-1.1380570e-02
-1.0638210e-02
-7.4761900e-03
-2.6059300e-03
1.3312520e-03
1.1242100e-03
-3.4281050e-03
-1.0854050e-02
-1.5977630e-02
-1.3371410e-02
-1.8724700e-03
1.3728180e-02
2.6041820e-02
3.0573440e-02
2.7174010e-02
1.9072980e-02
1.1574490e-02
8.7285370e-03
1.0538060e-02
1.4915770e-02
1.9685680e-02
2.4070710e-02
2.7636070e-02
2.8393370e-02
2.3272940e-02
1.1184890e-02
-6.2737330e-03
-2.2884630e-02
-3.3635800e-02
-3.6765370e-02
-3.3131580e-02
-2.6210620e-02
-1.8959630e-02
-1.4231770e-02
-1.3126640e-02
-1.3816300e-02
-1.2837950e-02
-8.1246910e-03
-9.9358910e-04
5.8703130e-03
1.0035990e-02
1.0397430e-02
7.4670980e-03
1.2884370e-03
-7.1789460e-03
-1.4264520e-02
-1.8712560e-02
-2.0809470e-02
-2.2302600e-02
-2.4403090e-02
-2.6827620e-02
-2.8376650e-02
-2.6897620e-02
-2.0616280e-02
-1.0950690e-02
-1.9940850e-03
2.3588640e-03
1.3311200e-03
-3.2655420e-03
-8.7995080e-03
-1.3656820e-02
-1.7018690e-02
-1.7832210e-02
-1.5711670e-02
-1.1952540e-02
-7.8754560e-03
-4.0310910e-03
-8.3637570e-04
3.2864280e-03
8.4553040e-03
1.2870430e-02
1.5317220e-02
1.6049100e-02
1.5428300e-02
1.4548500e-02
1.3425880e-02
1.3146460e-02
1.3756870e-02
1.3060280e-02
1.0074930e-02
5.1979050e-03
8.5254910e-04
-2.0150850e-03
-3.8365620e-03
-3.3236220e-03
4.3624110e-04
6.4151530e-03
1.1973850e-02
1.4103470e-02
1.0585910e-02
2.9695250e-03
-4.3110130e-03
-8.1201540e-03
-5.8336230e-03
2.2230100e-03
1.1837360e-02
1.9065680e-02
2.1318840e-02
1.7554550e-02
8.5598570e-03
-2.3106070e-03
-1.0960740e-02
-1.2655570e-02
-6.2470020e-03
4.8196520e-03
1.5913420e-02
2.3458000e-02
2.5594940e-02
2.2746430e-02
1.7843890e-02
1.4017080e-02
1.1875820e-02
9.8746220e-03
6.6519300e-03
1.0661520e-03
-6.7887730e-03
-1.5179180e-02
-2.2279800e-02
-2.7485610e-02
-3.0535520e-02
-3.1480000e-02
-3.0149670e-02
-2.5409910e-02
-1.6223930e-02
-3.9253500e-03
8.2228230e-03
1.7922080e-02
2.4015800e-02
2.5795860e-02
2.3340960e-02
1.7613130e-02
9.7132880e-03
1.8745280e-03
-4.1906180e-03
-7.7734570e-03
-8.8409410e-03
-8.4137200e-03
-7.1104280e-03
-4.4744240e-03
1.0029680e-04
5.8602820e-03
1.1620040e-02
1.6313700e-02
1.9326350e-02
2.0447210e-02
1.9327230e-02
1.5868910e-02
1.1601190e-02
9.4564500e-03
1.0345460e-02
1.2353330e-02
1.2612230e-02
9.2069560e-03
3.3166130e-03
-3.9758490e-03
-1.0624670e-02
-1.3452410e-02
-1.2327260e-02
-1.0197720e-02
-8.2613370e-03
-5.8241330e-03
-4.5085420e-03
-5.6778780e-03
-8.9072020e-03
-1.3966240e-02
-1.9789560e-02
-2.4864710e-02
-2.7429160e-02
-2.7063350e-02
-2.5384410e-02
-2.3740580e-02
-2.2209080e-02
-1.9869080e-02
-1.7577790e-02
-1.6297700e-02
-1.5603240e-02
-1.4803920e-02
-1.2559770e-02
-8.9686760e-03
-4.8986110e-03
-4.0845280e-04
3.7685140e-03
5.9508490e-03
5.6253650e-03
3.6721250e-03
1.3312360e-03
-9.2071430e-04
-1.8647300e-03
-7.2600750e-04
1.8200420e-03
5.1685540e-03
9.0103400e-03
1.1742400e-02
1.2562780e-02
1.1061980e-02
7.0368680e-03
2.6095950e-03
-5.9902560e-04
-2.5243080e-03
-3.0162910e-03
-1.3400490e-03
2.4705150e-03
6.8037720e-03
1.0350770e-02
1.2898070e-02
1.4949420e-02
1.6510290e-02
1.7725630e-02
1.8045560e-02
1.6277590e-02
1.2757170e-02
7.7689430e-03
1.7061080e-03
-3.6994980e-03
-7.5675300e-03
-9.2020750e-03
-8.5501640e-03
-5.5181610e-03
-6.8867400e-04
4.6685740e-03
8.8761890e-03
1.0983920e-02
1.1660160e-02
1.1126520e-02
9.5768750e-03
7.1285670e-03
4.6789810e-03
3.4698200e-03
2.4890080e-03
1.2241360e-03
4.1399300e-04
7.0423530e-04
2.5195680e-03
5.1809800e-03
7.5398040e-03
8.8639660e-03
8.6263850e-03
7.7976580e-03
7.5048650e-03
7.5980730e-03
8.1359280e-03
9.6951990e-03
1.1521980e-02
1.2384860e-02
1.1758890e-02
1.0418850e-02
8.6025930e-03
6.8782140e-03
5.2202300e-03
2.9293540e-03
-4.5567790e-04
-4.1550710e-03
-6.6568270e-03
-6.7289570e-03
-5.3248400e-03
-2.4102820e-03
1.8493070e-03
5.6477250e-03
7.9397970e-03
7.5485550e-03
5.0785590e-03
2.2531110e-03
1.3203580e-04
-7.3984830e-04
-4.2810330e-04
-9.5945690e-05
-4.1322950e-04
-1.3253330e-03
-2.1412510e-03
-2.3665260e-03
-2.7015380e-03
-3.7168870e-03
-5.4103350e-03
-8.0541150e-03
-1.1261190e-02
-1.4242620e-02
-1.6402890e-02
-1.7110450e-02
-1.6982200e-02
-1.7368930e-02
-1.8616150e-02
-2.0135450e-02
-2.1101350e-02
-2.0515400e-02
-1.7669560e-02
-1.3635080e-02
-9.7305140e-03
-6.8506170e-03
-5.4112740e-03
-5.5193740e-03
-6.3719520e-03
-6.6385000e-03
-5.3199190e-03
-2.7693020e-03
-8.9155650e-05
2.3676890e-03
5.1396900e-03
8.2386390e-03
1.0298340e-02
1.0568770e-02
9.7519540e-03
8.3524320e-03
6.6048710e-03
5.3145050e-03
4.9749190e-03
5.7304220e-03
6.8951280e-03
7.9528890e-03
7.8789520e-03
5.6219150e-03
2.0308460e-03
-1.7443540e-03
-5.1190040e-03
-7.7747660e-03
-8.9436360e-03
-8.3012410e-03
-6.2067160e-03
-3.5290920e-03
-1.6527980e-03
-1.2290690e-03
-1.5632540e-03
-2.0846380e-03
-2.5331960e-03
-1.7556260e-03
5.7385230e-05
1.8587320e-03
3.2146930e-03
4.0831880e-03
3.5091650e-03
1.6064610e-03
-4.4905890e-04
-2.2099570e-03
-3.0480530e-03
-2.8603700e-03
-1.7196480e-03
-2.9182690e-04
3.2062280e-04
4.2120600e-04
-5.6854880e-05
-1.2498320e-03
-2.3806320e-03
-2.6747700e-03
-1.9248420e-03
-4.0320820e-04
1.0831680e-03
1.9774270e-03
2.7064260e-03
2.6195700e-03
1.9188020e-03
1.4780190e-03
1.3356900e-03
1.8557350e-03
3.5572360e-03
5.7336960e-03
7.5807070e-03
8.4048860e-03
8.1778540e-03
7.5996160e-03
6.7036710e-03
5.8078350e-03
4.3328700e-03
2.0023280e-03
-5.7877740e-04
-2.8056300e-03
-3.8568340e-03
-3.9937740e-03
-2.7782660e-03
3.6023680e-04
4.9858840e-03
9.4531060e-03
1.2555620e-02
1.4226510e-02
1.4626790e-02
1.4399740e-02
1.3163030e-02
1.0620430e-02
6.8562460e-03
3.2655600e-03
1.8251000e-06
-3.0000470e-03
-5.6549100e-03
-7.3861610e-03
-8.0489990e-03
-7.8830380e-03
-6.3938240e-03
-4.4201140e-03
-3.0481330e-03
-2.0051020e-03
-1.8453120e-03
-2.9754100e-03
-5.6177860e-03
-8.8361570e-03
-1.1594070e-02
-1.3459440e-02
-1.4787610e-02
-1.5094780e-02
-1.4881650e-02
-1.4190730e-02
-1.2726500e-02
-9.9816590e-03
-6.2424250e-03
-2.5023560e-03
8.9223580e-04
3.7540460e-03
6.0086980e-03
7.4624070e-03
8.5920150e-03
9.8648050e-03
1.0885130e-02
1.1144830e-02
1.0464880e-02
8.6654250e-03
6.6032680e-03
4.2630960e-03
1.6875230e-03
-8.5043160e-04
-3.6604250e-03
-6.7305000e-03
-9.3989540e-03
-1.1359430e-02
-1.2667890e-02
-1.3475200e-02
-1.3529560e-02
-1.2924170e-02
-1.2302390e-02
-1.1521430e-02
-1.0858330e-02
-1.0059280e-02
-9.5716810e-03
-9.2380570e-03
-8.9372130e-03
-7.9379610e-03
-5.1787000e-03
-1.4176010e-03
2.8026190e-03
6.9167380e-03
1.1368830e-02
1.5488840e-02
1.8440100e-02
1.8506170e-02
1.6050070e-02
1.2785070e-02
9.2884680e-03
5.7580120e-03
3.2858890e-03
2.2678620e-03
2.5490540e-03
3.2858630e-03
3.9243720e-03
3.3484820e-03
1.6958150e-03
-8.5334860e-04
-3.6009280e-03
-6.1081050e-03
-8.0825390e-03
-9.2176550e-03
-8.5755220e-03
-6.3309490e-03
-2.2434110e-03
2.4161750e-03
6.7438760e-03
1.0299630e-02
1.2464880e-02
1.3414800e-02
1.2829930e-02
1.2057410e-02
1.1357700e-02
1.0535560e-02
9.3669500e-03
8.0151320e-03
6.1638930e-03
3.4637500e-03
4.2181500e-04
-2.2305100e-03
-4.5350290e-03
-5.8651170e-03
-6.0653110e-03
-4.6106350e-03
-3.1404680e-03
-2.5135680e-03
-2.8753290e-03
-3.6556510e-03
-3.9490040e-03
-4.0155220e-03
-3.9185370e-03
-3.5234260e-03
-2.8573550e-03
-2.4397510e-03
-1.7865850e-03
-1.1964820e-03
-1.0294980e-03
-1.1504930e-03
-1.6862330e-03
-2.4175420e-03
-3.2915600e-03
-4.2934160e-03
-4.7737610e-03
-4.7693880e-03
-4.4377320e-03
-4.8692450e-03
-5.5035170e-03
-6.2820830e-03
-6.5188450e-03
-6.2640400e-03
-5.6690190e-03
-5.0656240e-03
-3.7758290e-03
-1.8314540e-03
1.6498930e-04
1.7697130e-03
3.1988220e-03
4.2681230e-03
4.6274730e-03
4.4092570e-03
3.6735480e-03
2.9824060e-03
2.4514100e-03
2.6937320e-03
4.0509530e-03
6.1144030e-03
7.9077730e-03
9.3446330e-03
1.0414670e-02
1.1129190e-02
1.1465240e-02
1.2217560e-02
1.3973610e-02
1.6164060e-02
1.7277550e-02
1.6565610e-02
1.4285440e-02
1.1664710e-02
9.4190840e-03
7.7134180e-03
6.5401190e-03
5.6787620e-03
5.3172520e-03
5.5478470e-03
5.1167270e-03
2.7549960e-03
-3.8543850e-04
-3.4940900e-03
-7.2116580e-03
-1.1706840e-02
-1.6071670e-02
-2.0444050e-02
-2.4296490e-02
-2.6976810e-02
-2.8175920e-02
-2.8001580e-02
-2.6720420e-02
-2.4839480e-02
-2.2191850e-02
-1.8734260e-02
-1.4853870e-02
-1.0491970e-02
-6.2962370e-03
-2.9829170e-03
-1.1564590e-04
2.4230870e-03
4.5430910e-03
6.4257400e-03
7.7583510e-03
8.7018800e-03
9.3773330e-03
9.6571650e-03
9.5498270e-03
8.7325080e-03
7.4914310e-03
6.7543610e-03
6.8710300e-03
7.6379120e-03
8.1682900e-03
7.6769840e-03
6.3669170e-03
4.6364640e-03
2.8752590e-03
1.7324270e-03
1.3641660e-03
1.4696300e-03
1.9702450e-03
2.4759790e-03
2.5658180e-03
1.7858790e-03
8.1960950e-04
8.3716580e-05
7.9951750e-05
8.8690610e-04
2.1700090e-03
3.0244760e-03
2.9779520e-03
1.8260020e-03
3.1756570e-05
-1.0915050e-03
-1.2653650e-03
-1.1146480e-03
-1.3773060e-03
-2.7700010e-03
-5.1346420e-03
-7.3848010e-03
-8.0117700e-03
-7.1927340e-03
-5.7352580e-03
-3.9350160e-03
-2.7992070e-03
-2.6832500e-03
-3.4879960e-03
-4.8572700e-03
-6.1347670e-03
-6.9806180e-03
-7.7048290e-03
-8.1803430e-03
-8.2799040e-03
-8.3194820e-03
-8.3420820e-03
-8.0857160e-03
-7.1325830e-03
-5.1479030e-03
-2.0963570e-03
6.3813260e-04
2.3932040e-03
3.6258720e-03
4.6139250e-03
5.5843820e-03
6.1261970e-03
6.1680980e-03
6.6775560e-03
7.8498750e-03
9.0036380e-03
9.8877880e-03
1.0783480e-02
1.1136880e-02
1.0231770e-02
7.8686550e-03
4.2603950e-03
2.6121740e-04
-3.5244000e-03
-6.2794390e-03
-8.4334680e-03
-1.0644710e-02
-1.2519160e-02
-1.3591680e-02
-1.3382430e-02
-1.2490400e-02
-1.1300360e-02
-9.7524650e-03
-8.0092660e-03
-5.8975900e-03
-3.4981890e-03
-1.4492090e-03
7.1142900e-04
3.0584990e-03
5.6192260e-03
8.2039550e-03
1.0226180e-02
1.1607680e-02
1.2235270e-02
1.2541260e-02
1.2608750e-02
1.2601920e-02
1.2479820e-02
1.2277800e-02
1.2360150e-02
1.2652680e-02
1.2821360e-02
1.2830780e-02
1.2561210e-02
1.2291280e-02
1.2216480e-02
1.2066030e-02
1.1428700e-02
1.0607750e-02
9.8437920e-03
8.9802860e-03
7.6454930e-03
5.9340110e-03
4.3536150e-03
3.3497570e-03
2.4126990e-03
1.2426670e-03
7.4681300e-05
-9.9639690e-04
-2.3225630e-03
-4.0144280e-03
-5.9187880e-03
-7.8361970e-03
-9.4450390e-03
-1.0135070e-02
-9.9560870e-03
-9.9443600e-03
-1.0691690e-02
-1.2032720e-02
-1.3361290e-02
-1.4193020e-02
-1.4482790e-02
-1.4370720e-02
-1.3323760e-02
-1.1114490e-02
-8.8119090e-03
-6.9792280e-03
-5.6624050e-03
-4.4606580e-03
-2.9665240e-03
-1.2878410e-03
5.8272220e-05
1.0446760e-03
1.6605310e-03
1.9137120e-03
1.3794140e-03
2.4922230e-04
-1.1039690e-03
-2.2186750e-03
-3.0523330e-03
-4.1406470e-03
-5.6998510e-03
-7.1068520e-03
-7.5233710e-03
-6.8794460e-03
-5.3997980e-03
-3.6429800e-03
-2.0467040e-03
-6.2338980e-04
4.5993640e-04
9.1387590e-04
2.6872850e-04
-5.0229810e-04
-6.3221700e-04
1.2547730e-04
1.5859740e-03
3.5986480e-03
5.2862500e-03
5.8286470e-03
5.3654300e-03
3.7702390e-03
1.9523130e-03
7.0305690e-04
6.1644410e-04
1.6430890e-03
2.7005500e-03
2.7215390e-03
1.6362560e-03
-8.6593440e-05
-2.2598790e-03
-4.0211720e-03
-4.6424180e-03
-3.8045610e-03
-1.8176940e-03
1.6911400e-04
1.4671460e-03
2.2725420e-03
2.8363230e-03
3.3746890e-03
3.8953770e-03
4.2205840e-03
3.6898170e-03
2.4246420e-03
3.1272300e-04
-1.9240320e-03
-3.7114540e-03
-5.1657180e-03
-5.6980650e-03
-5.3460590e-03
-4.8151330e-03
-4.4118530e-03
-4.1009040e-03
-3.7025930e-03
-2.7194030e-03
-1.1626820e-03
7.5741050e-04
2.0629890e-03
3.1310220e-03
3.7525890e-03
4.2782360e-03
4.9050910e-03
5.6937180e-03
6.2797290e-03
6.7628310e-03
7.3659950e-03
8.0471230e-03
8.3092350e-03
8.2558720e-03
8.3672130e-03
8.1623490e-03
8.0208840e-03
8.2635910e-03
8.5042690e-03
8.2537590e-03
7.3885940e-03
5.5758700e-03
2.4954850e-03
-8.7843870e-04
-3.5028070e-03
-5.4139640e-03
-6.5387730e-03
-6.6334820e-03
-6.0425130e-03
-5.0527120e-03
-4.1159550e-03
-3.7128750e-03
-3.9792000e-03
-4.9217140e-03
-5.9236460e-03
-6.3783880e-03
-5.7601600e-03
-4.5601060e-03
-2.7340610e-03
-7.7993070e-04
1.0526580e-03
2.2337060e-03
2.3387700e-03
1.8371810e-03
1.0737600e-03
3.4347400e-04
3.1370780e-04
1.1935170e-03
2.7996480e-03
4.1896930e-03
5.2390350e-03
5.7567700e-03
5.3734470e-03
4.7882720e-03
4.4508340e-03
4.0338460e-03
3.7845980e-03
3.6743070e-03
3.4011980e-03
3.5222820e-03
4.1884740e-03
4.5929880e-03
4.4141220e-03
3.4596060e-03
2.1462320e-03
6.2781930e-04
-1.2784610e-03
-3.4284470e-03
-5.5391960e-03
-7.4005970e-03
-8.4763330e-03
-8.5920890e-03
-8.9767610e-03
-9.1145340e-03
-9.2483540e-03
-9.9190650e-03
-1.1171980e-02
-1.2670830e-02
-1.4230480e-02
-1.5460840e-02
-1.6083470e-02
-1.6097710e-02
-1.5325970e-02
-1.4063660e-02
-1.2443540e-02
-9.4744610e-03
-5.8772790e-03
-1.8844380e-03
2.4212520e-03
7.0123140e-03
1.1387230e-02
1.4945590e-02
1.7228210e-02
1.8054360e-02
1.7168860e-02
1.5279790e-02
1.3140170e-02
1.1234490e-02
9.8211710e-03
9.1124980e-03
8.9082780e-03
8.8822350e-03
9.2352540e-03
1.0032800e-02
1.0476400e-02
1.0167980e-02
8.4334550e-03
5.5085470e-03
1.9434740e-03
-1.0602190e-03
-2.1036660e-03
-1.4641350e-03
3.9880940e-04
2.9422750e-03
4.9760180e-03
5.8825700e-03
5.3615590e-03
4.2210500e-03
3.0050950e-03
1.5081570e-03
2.6956630e-04
-1.0275370e-03
-3.1648050e-03
-5.3754270e-03
-6.2100820e-03
-5.7488990e-03
-4.5879120e-03
-2.7986400e-03
-1.0092900e-03
3.7353210e-04
9.5825510e-04
1.4776480e-03
1.8925680e-03
2.1181610e-03
2.2665150e-03
2.1543960e-03
1.2412010e-03
-6.1567320e-04
-3.3443680e-03
-6.8314560e-03
-9.9972850e-03
-1.2258530e-02
-1.3743700e-02
-1.5178360e-02
-1.5851600e-02
-1.5883620e-02
-1.5429000e-02
-1.4828760e-02
-1.4519100e-02
-1.3638960e-02
-1.1811720e-02
-9.1835920e-03
-6.5746010e-03
-4.5485050e-03
-3.1095110e-03
-2.2102650e-03
-1.8087410e-03
-1.3287750e-03
-6.8170370e-04
8.6351650e-04
3.4363150e-03
5.7597940e-03
6.8293560e-03
6.4984620e-03
5.3916160e-03
3.9063760e-03
2.6424420e-03
2.1482150e-03
2.7079250e-03
4.3317750e-03
6.2746250e-03
6.7635030e-03
6.4350460e-03
6.3314300e-03
6.8948660e-03
8.0879460e-03
9.2397320e-03
1.0177020e-02
1.0703920e-02
1.0672390e-02
9.7059070e-03
7.6443210e-03
4.9700840e-03
2.9580620e-03
2.3076430e-03
2.5062110e-03
3.0350420e-03
3.2456190e-03
2.8959240e-03
2.2591450e-03
1.3012390e-03
2.9932650e-04
-3.5860350e-04
3.3676730e-05
1.3990380e-03
3.2565880e-03
5.1603700e-03
6.9600130e-03
8.2173320e-03
8.5192780e-03
8.1091180e-03
8.0176620e-03
7.8142000e-03
6.8539070e-03
5.0622310e-03
3.0074320e-03
1.3373430e-03
-1.8510010e-04
-1.4294170e-03
-1.9657620e-03
-1.8262540e-03
-2.2237800e-03
-3.5355990e-03
-5.4485240e-03
-7.2866920e-03
-8.3105480e-03
-8.5056350e-03
-7.9734760e-03
-7.1828520e-03
-5.8643110e-03
-4.5552120e-03
-3.8443600e-03
-3.7828370e-03
-3.7061520e-03
-3.3590630e-03
-2.8320280e-03
-1.8635290e-03
-3.6716470e-04
1.5272620e-03
3.3278030e-03
4.5143890e-03
5.0715050e-03
4.7938350e-03
3.3736520e-03
1.5538180e-03
3.0070300e-04
-7.2246930e-05
1.1842020e-05
-1.3924970e-04
-9.7636980e-04
-2.2384460e-03
-3.6998800e-03
-5.4777340e-03
-7.3891660e-03
-9.0392690e-03
-1.0091640e-02
-1.0839530e-02
-1.1345950e-02
-1.1810410e-02
-1.2179030e-02
-1.2267260e-02
-1.2345480e-02
-1.2419550e-02
-1.2134140e-02
-1.1130120e-02
-9.7711080e-03
-8.3973950e-03
-7.0900760e-03
-5.6572310e-03
-3.8428500e-03
-1.7776890e-03
4.4577180e-04
3.0649240e-03
5.5322770e-03
7.6719550e-03
9.8111460e-03
1.1561830e-02
1.2866610e-02
1.3681270e-02
1.4377590e-02
1.5294540e-02
1.6117450e-02
1.6522320e-02
1.6701700e-02
1.6651050e-02
1.5766560e-02
1.3769670e-02
1.1307350e-02
8.5079680e-03
5.9443160e-03
4.0894920e-03
2.7427920e-03
1.4647700e-03
1.6648870e-04
-1.3909200e-03
-3.4410280e-03
-5.7837460e-03
-7.8212930e-03
-9.6886840e-03
-1.1141740e-02
-1.2214440e-02
-1.2972670e-02
-1.3968930e-02
-1.4824070e-02
-1.5227800e-02
-1.5028440e-02
-1.4432330e-02
-1.3624260e-02
-1.2219900e-02
-1.0447820e-02
-8.4945320e-03
-6.2509800e-03
-3.9419190e-03
-2.0072870e-03
-7.2855970e-04
-9.5493140e-05
3.7700440e-05
-4.9715460e-04
-9.4225560e-04
-4.2769280e-04
1.4608240e-03
3.8349420e-03
5.6484700e-03
6.8868660e-03
7.6828460e-03
7.6313160e-03
6.9125430e-03
6.5250180e-03
6.7428980e-03
7.5677690e-03
8.2642900e-03
8.2747200e-03
6.8680530e-03
4.7189870e-03
2.4005520e-03
6.8019110e-04
-9.2026260e-04
-2.4015950e-03
-4.2987720e-03
-6.4751010e-03
-8.7815880e-03
-1.0578360e-02
-1.2083380e-02
-1.3395220e-02
-1.4236550e-02
-1.4332920e-02
-1.3474920e-02
-1.1618740e-02
-9.5137820e-03
-6.9890580e-03
-4.4658290e-03
-2.5156330e-03
-1.0283440e-03
6.6383160e-04
1.8994280e-03
2.3655660e-03
2.1440860e-03
1.2991170e-03
2.3603030e-04
-9.2840930e-04
-1.6565720e-03
-1.9328720e-03
-2.0169730e-03
-1.6739370e-03
-6.6277860e-04
5.0181310e-04
1.4007850e-03
2.1774260e-03
3.1888660e-03
5.0929730e-03
7.9343200e-03
1.0251440e-02
1.1598880e-02
1.2049210e-02
1.1930470e-02
1.1230180e-02
1.0233000e-02
9.6940960e-03
9.6742520e-03
1.0141410e-02
1.0810570e-02
1.0968260e-02
9.6835050e-03
7.4112030e-03
5.4816120e-03
4.1171880e-03
3.2417800e-03
1.7962920e-03
3.2501900e-04
-8.4041420e-04
-1.7761510e-03
-2.2518770e-03
-2.3740240e-03
-2.0960570e-03
-2.0427520e-03
-2.1006850e-03
-2.0802520e-03
-1.6987920e-03
-9.9618530e-04
-6.8976080e-04
-6.0419680e-04
-6.0016910e-04
-7.5960460e-04
-1.2878120e-03
-1.9640310e-03
-2.7613160e-03
-3.7533780e-03
-4.6112060e-03
-4.8077100e-03
-4.4857970e-03
-4.0468050e-03
-3.5041450e-03
-2.8989400e-03
-2.2513020e-03
-1.6647760e-03
-1.1133540e-03
-7.1432630e-04
-9.5015480e-04
-1.6314760e-03
-1.7265360e-03
-6.6356630e-04
6.7874060e-04
1.8162700e-03
2.8059310e-03
4.1143050e-03
5.5832980e-03
6.9229500e-03
7.6045430e-03
7.6766430e-03
7.2987640e-03
6.3910620e-03
5.0605160e-03
3.1564420e-03
1.4536410e-03
7.1015360e-04
6.4807050e-04
5.3745590e-04
-9.3212660e-05
-1.0213040e-03
-2.1229130e-03
-3.1567030e-03
-4.3100290e-03
-4.9264790e-03
-5.0393090e-03
-5.0371670e-03
-5.0850130e-03
-5.1226090e-03
-4.8802160e-03
-4.1751620e-03
-3.5338100e-03
-3.0677210e-03
-2.7283890e-03
-2.3143020e-03
-1.7857900e-03
-1.1528980e-03
-9.7010860e-04
-7.6519970e-04
-3.0835130e-04
-5.7769020e-05
2.1951180e-04
3.9007360e-04
8.4214350e-04
1.7437510e-03
2.7474940e-03
3.6524470e-03
4.1941120e-03
4.1480180e-03
3.5432140e-03
2.5980400e-03
1.8497820e-03
1.8033420e-03
2.2821120e-03
2.8732640e-03
3.1297430e-03
3.6839150e-03
4.7643100e-03
5.9901040e-03
7.3795300e-03
8.5481860e-03
9.1369940e-03
9.2487660e-03
8.5087180e-03
6.4993910e-03
3.7696440e-03
1.3463300e-03
-1.7928330e-04
-1.2381110e-03
-1.7429010e-03
-1.8770320e-03
-1.7470220e-03
-1.4952980e-03
-1.0709880e-03
-7.4409240e-04
-4.7301430e-04
5.6815300e-05
3.7847140e-04
2.7955520e-04
-3.0925430e-04
-1.2769510e-03
-2.3072600e-03
-3.1448120e-03
-3.7959840e-03
-3.7429970e-03
-3.1337620e-03
-2.6241020e-03
-2.9908330e-03
-3.8314100e-03
-4.7891500e-03
-5.8530270e-03
-7.0499830e-03
-7.8161280e-03
-8.0539540e-03
-8.1588660e-03
-8.1794200e-03
-7.7892350e-03
-6.7446170e-03
-5.7555620e-03
-5.4254780e-03
-5.2332350e-03
-4.4517400e-03
-3.1720810e-03
-2.1590230e-03
-9.0614890e-04
6.7522320e-05
9.2915100e-04
2.2277010e-03
3.6381820e-03
4.9381660e-03
5.6737440e-03
5.8252450e-03
5.8248190e-03
5.7980610e-03
5.7891020e-03
5.7836610e-03
5.7875250e-03
5.8267960e-03
5.8620840e-03
5.7087460e-03
5.1593070e-03
4.5287890e-03
3.9744770e-03
3.3292490e-03
3.1770710e-03
3.0070090e-03
2.1403990e-03
5.7640530e-04
-1.2519000e-03
-3.3137330e-03
-4.9639420e-03
-6.1907410e-03
-7.3866530e-03
-8.0917490e-03
-8.3429010e-03
-8.3498550e-03
-7.7889640e-03
-6.3765310e-03
-4.8285860e-03
-3.3066450e-03
-1.7257560e-03
-3.3024490e-04
4.6241250e-04
1.2447120e-03
1.7345180e-03
2.2021260e-03
2.6361860e-03
3.2209710e-03
4.1344740e-03
4.8584720e-03
5.2940530e-03
5.8061750e-03
6.4164490e-03
6.5963430e-03
6.3605150e-03
5.7626220e-03
4.7254540e-03
3.2968000e-03
1.8489720e-03
1.3339370e-04
-1.2542460e-03
-2.3340660e-03
-3.1592260e-03
-4.1541610e-03
-5.6395140e-03
-7.2630650e-03
-8.0717310e-03
-8.2067910e-03
-8.1352630e-03
-8.0571600e-03
-8.1190380e-03
-8.5252800e-03
-9.2491940e-03
-9.9156730e-03
-1.0625790e-02
-1.0883340e-02
-1.0970380e-02
-1.0774610e-02
-1.0074360e-02
-9.2018210e-03
-8.3720650e-03
-7.7433560e-03
-6.9607670e-03
-6.2916580e-03
-5.6349900e-03
-5.3829710e-03
-4.9068200e-03
-4.0208390e-03
-3.0738800e-03
-2.1514580e-03
-1.3863750e-03
-1.0193700e-03
-8.5479880e-04
-1.1327250e-03
-1.2663560e-03
-1.1612580e-03
-6.3603120e-04
1.6156780e-04
8.0688510e-04
1.3115160e-03
1.5505490e-03
2.3865280e-03
3.9633490e-03
5.1978680e-03
6.0155480e-03
7.0721310e-03
8.1076100e-03
8.6247740e-03
8.7174330e-03
8.2903320e-03
7.2491180e-03
6.3163840e-03
5.9728640e-03
5.5614250e-03
4.5231310e-03
3.7593670e-03
4.2547340e-03
5.2843460e-03
5.6763560e-03
5.8632170e-03
6.4585190e-03
7.4075220e-03
8.2937440e-03
8.6005380e-03
8.5700860e-03
8.4968030e-03
8.6898330e-03
9.3277820e-03
9.8984620e-03
9.9956760e-03
9.9578370e-03
1.0134690e-02
1.0782870e-02
1.1323580e-02
1.1451650e-02
1.1429400e-02
1.1379800e-02
1.1375750e-02
1.1458830e-02
1.1567800e-02
1.1374220e-02
1.0388880e-02
8.8917730e-03
7.4397810e-03
5.9490850e-03
4.8311110e-03
3.8608560e-03
3.1315550e-03
1.9194940e-03
2.2127910e-04
-1.3828290e-03
-2.0816840e-03
-1.8013980e-03
-1.2160380e-03
-6.3620450e-04
-1.4841440e-04
2.4649570e-05
2.8611340e-04
3.5836070e-04
3.6500570e-04
2.8765850e-04
1.3263180e-04
4.7407880e-05
1.4178680e-04
-5.6213910e-04
-1.8039520e-03
-2.3786480e-03
-2.4697460e-03
-2.4478010e-03
-2.4837410e-03
-2.4804470e-03
-2.1658180e-03
-1.5015540e-03
-1.1407350e-03
-1.1052860e-03
-1.2604330e-03
-1.3905660e-03
-1.0315530e-03
-5.4015300e-04
1.0960570e-04
4.2505490e-04
1.2127600e-04
-7.9492980e-04
-1.7148540e-03
-2.3223120e-03
-2.4305300e-03
-2.4161950e-03
-2.4144410e-03
-2.4305720e-03
-2.4222510e-03
-2.4134420e-03
-2.4018300e-03
-2.4004540e-03
-2.4185510e-03
-2.4388210e-03
-2.4067130e-03
-2.2997850e-03
-2.2881630e-03
-2.7848580e-03
-3.9507720e-03
-4.9258870e-03
-5.2147380e-03
-5.2329400e-03
-5.1881660e-03
-5.1360750e-03
-5.1150360e-03
-5.3192790e-03
-5.9655140e-03
-6.7133780e-03
-7.5047100e-03
-7.9390430e-03
-7.9113580e-03
-7.8290460e-03
-8.1974390e-03
-9.3510770e-03
-1.0428240e-02
-1.0714400e-02
-1.0712480e-02
-1.0664520e-02
-1.0652120e-02
-1.0658530e-02
-1.0683690e-02
-1.0747480e-02
-1.0778260e-02
-1.0587070e-02
-1.0058850e-02
-9.3206110e-03
-8.5305890e-03
-7.9884040e-03
-7.0178130e-03
-5.7232110e-03
-5.1843670e-03
-5.1281790e-03
-5.2636290e-03
-5.2943640e-03
-4.8181190e-03
-3.6486880e-03
-2.6319850e-03
-1.7593150e-03
-5.5621150e-04
1.8191640e-04
4.5241940e-04
3.9893610e-04
2.5196410e-04
3.4714660e-04
1.0048990e-03
2.0035510e-03
2.9139770e-03
3.2373840e-03
3.2617440e-03
3.2019710e-03
3.1465330e-03
3.1431620e-03
3.1510330e-03
3.1520350e-03
3.1424070e-03
3.1329070e-03
3.1509780e-03
3.2180860e-03
3.2762810e-03
3.2387880e-03
3.0630310e-03
2.8809120e-03
3.1031150e-03
3.2197620e-03
3.2425610e-03
3.2239260e-03
3.2397180e-03
3.2703440e-03
3.0217450e-03
2.1636250e-03
1.1384060e-03
5.5863370e-04
2.7199670e-05
-8.9943300e-04
-1.8421980e-03
-2.4008300e-03
-2.2286910e-03
-1.3785460e-03
-4.4573530e-04
1.7088530e-04
3.5284520e-04
9.0660170e-04
2.0817190e-03
3.5294040e-03
5.0452930e-03
5.8117010e-03
5.9903850e-03
6.1504450e-03
6.3152130e-03
6.0984790e-03
5.9181800e-03
5.7804810e-03
6.0027930e-03
6.9777820e-03
8.2928860e-03
8.7962210e-03
8.8202440e-03
8.7439160e-03
8.7029470e-03
8.7012150e-03
8.7477580e-03
8.8497560e-03
8.8539530e-03
8.3749790e-03
7.2347570e-03
6.3464110e-03
5.8100050e-03
4.8256380e-03
3.6697060e-03
2.7339730e-03
1.4297820e-03
7.3092100e-04
5.3767840e-04
-6.7063470e-05
-1.3775700e-03
-2.1736890e-03
-2.2589700e-03
-2.4577020e-03
-3.4097010e-03
-4.6704720e-03
-5.1473910e-03
-5.2917540e-03
-5.3137900e-03
-5.0033220e-03
-4.0026290e-03
-2.9019800e-03
-2.4223490e-03
-1.5126130e-03
-1.0261560e-04
3.7621170e-04
4.4510360e-04
4.0317380e-04
4.3716540e-04
4.8753340e-04
2.6189140e-04
-4.8016360e-04
-1.5973090e-03
-2.2923360e-03
-2.4032360e-03
-2.3303940e-03
-2.3210110e-03
-2.4402410e-03
-2.6592430e-03
-2.6508220e-03
-2.3476200e-03
-2.5011240e-03
-3.3499200e-03
-4.4768440e-03
-5.3178260e-03
-6.0268630e-03
-6.2184460e-03
-5.4191210e-03
-5.0192750e-03
-4.9024050e-03
-5.3400120e-03
-6.5396640e-03
-7.6109390e-03
-7.9148930e-03
-8.0209070e-03
-8.0299160e-03
-7.5970650e-03
-6.4122380e-03
-5.3646710e-03
-5.0778640e-03
-5.0581960e-03
-5.0928720e-03
-5.1479380e-03
-5.2234150e-03
-5.1134540e-03
-4.4367440e-03
-3.2629080e-03
-2.5181190e-03
-2.3258930e-03
-1.8020340e-03
-5.3272050e-04
4.3019030e-04
6.5530390e-04
8.3553300e-04
1.4309200e-03
2.3793250e-03
3.1895990e-03
3.6380840e-03
4.5767150e-03
5.8592920e-03
6.4311440e-03
6.5917660e-03
6.6564450e-03
6.7097170e-03
6.7653020e-03
6.7950430e-03
6.8339720e-03
6.8847080e-03
6.9344310e-03
6.9743670e-03
6.9824710e-03
6.9978680e-03
7.0478410e-03
7.1117300e-03
7.1592400e-03
7.2387640e-03
7.3730320e-03
7.3470640e-03
6.6608830e-03
5.2705210e-03
4.2060470e-03
2.8376140e-03
1.5175920e-03
7.9154070e-05
-1.0373750e-03
-2.1918870e-03
-3.3006820e-03
-3.6149510e-03
-4.0221620e-03
-5.1870650e-03
-6.3555810e-03
-6.7815520e-03
-6.7719140e-03
-6.1063100e-03
-4.7793130e-03
-4.0215910e-03
