0.01
-3.7662460e-03
-4.5320170e-03
-5.0822550e-03
-5.6428570e-03
-6.5141660e-03
-7.5907000e-03
-8.7946910e-03
-9.3995310e-03
-8.8562970e-03
-7.3463000e-03
-4.8781830e-03
-1.5461200e-03
2.1244940e-03
5.3148210e-03
7.5985630e-03
9.1658420e-03
1.0117670e-02
1.0174170e-02
1.0202860e-02
1.0963700e-02
1.1996670e-02
1.2497370e-02
1.1300470e-02
7.5099960e-03
2.7080040e-03
-6.5087490e-04
-3.1929240e-03
-6.3343920e-03
-9.6170030e-03
-1.2897190e-02
-1.5270210e-02
-1.4855350e-02
-1.1468600e-02
-7.2537170e-03
-2.0755690e-03
4.4051070e-03
1.0508070e-02
1.5313970e-02
1.8139790e-02
1.7682150e-02
1.3957500e-02
9.6847870e-03
8.1541700e-03
9.4439880e-03
1.0524810e-02
9.6379320e-03
7.4855360e-03
3.7624420e-03
-2.3044000e-03
-8.4684180e-03
-1.1485750e-02
-1.1345390e-02
-1.0926990e-02
-1.2080610e-02
-1.3802760e-02
-1.3712260e-02
-1.0391000e-02
-5.9060430e-03
-3.7430270e-03
-2.5361570e-03
1.1609030e-03
5.3607740e-03
6.8557590e-03
7.2134940e-03
8.1352490e-03
7.8382320e-03
5.4704060e-03
3.2626840e-03
8.8759060e-04
-2.0664610e-03
-4.0711260e-03
-4.9392320e-03
-4.8084570e-03
-1.9474580e-03
1.1269760e-03
2.6147700e-04
-2.6195870e-03
-4.1019860e-03
-4.4166830e-03
-5.4494370e-03
-6.4308770e-03
-5.9976870e-03
-4.1419750e-03
-2.0210860e-03
6.5216460e-04
4.4497260e-03
7.2011600e-03
7.6873590e-03
6.9765560e-03
6.7258600e-03
6.2887720e-03
5.2032940e-03
3.2548550e-03
1.6832010e-03
2.9021190e-03
5.5892410e-03
7.2170630e-03
9.1429210e-03
1.1645030e-02
1.2867530e-02
1.1595960e-02
8.7788020e-03
8.8476130e-03
1.0381990e-02
7.2992260e-03
-2.6819850e-04
-8.6786760e-03
-1.8672760e-02
-2.9626720e-02
-3.5927110e-02
-3.5149080e-02
-3.0044120e-02
-2.2105400e-02
-1.2655260e-02
-4.9906960e-03
-1.4363820e-03
-2.1988750e-03
-4.6038710e-03
-4.3440760e-03
3.8038920e-04
8.5642190e-03
1.6679580e-02
2.0193270e-02
1.7297460e-02
9.0721250e-03
-1.4634500e-03
-1.2486540e-02
-2.2791090e-02
-2.9951680e-02
-2.9470280e-02
-2.1655630e-02
-1.2193070e-02
-5.6889610e-03
-4.2570280e-03
-6.8095870e-03
-1.0028820e-02
-1.2092590e-02
-8.9223050e-03
3.1453660e-03
2.3921260e-02
4.6433340e-02
6.4289730e-02
7.2013830e-02
6.4453670e-02
3.9418630e-02
6.0974450e-03
-1.9577490e-02
-2.8582110e-02
-2.3538210e-02
-1.0748870e-02
4.0115480e-03
1.1229610e-02
4.3518540e-03
-1.3991590e-02
-3.7427330e-02
-5.7586050e-02
-6.8806740e-02
-7.4083100e-02
-7.8914320e-02
-8.1617320e-02
-7.5132240e-02
-5.0074150e-02
-3.2451990e-03
5.2716170e-02
9.4834570e-02
1.0578320e-01
8.3237890e-02
4.1882630e-02
4.8700270e-03
-1.0253350e-02
5.5390710e-04
3.1498710e-02
6.9029350e-02
9.0307690e-02
8.1608600e-02
4.6170140e-02
7.7219550e-04
-3.7068450e-02
-5.5994950e-02
-5.6547220e-02
-4.4217200e-02
-2.4594870e-02
-5.5664660e-03
5.5141920e-03
9.6306080e-03
1.1526110e-02
1.3790640e-02
1.7053280e-02
2.3399930e-02
3.3571090e-02
4.4479450e-02
5.5423330e-02
7.0902570e-02
9.0705900e-02
1.0882400e-01
1.2085440e-01
1.2428090e-01
1.1659920e-01
9.7899750e-02
7.5432790e-02
5.9402240e-02
5.2696830e-02
5.0214340e-02
4.4792970e-02
2.9965880e-02
3.8219100e-03
-2.7178960e-02
-5.4330580e-02
-6.9844090e-02
-6.9223080e-02
-5.0322470e-02
-1.7349230e-02
1.6949420e-02
3.8432740e-02
4.3127920e-02
3.7843750e-02
2.9495490e-02
1.9863870e-02
8.6957040e-03
-3.2401120e-03
-1.6132140e-02
-3.2285920e-02
-5.0309920e-02
-6.6744530e-02
-8.0009620e-02
-9.1669050e-02
-1.0365730e-01
-1.1307970e-01
-1.1476250e-01
-1.0363350e-01
-7.9260800e-02
-5.1215520e-02
-3.3251920e-02
-2.9153390e-02
-3.3793840e-02
-4.3052030e-02
-5.3405500e-02
-5.7718310e-02
-5.0326170e-02
-3.2765660e-02
-1.1355130e-02
8.9052420e-03
2.4719040e-02
3.4874560e-02
3.9988460e-02
4.1183500e-02
3.9888470e-02
3.6220960e-02
3.2007630e-02
2.8435200e-02
2.3156980e-02
1.4209210e-02
5.1830940e-03
1.8490820e-03
6.5903200e-03
1.6217680e-02
2.4207380e-02
2.3596490e-02
1.2302190e-02
-6.8285220e-03
-2.6419650e-02
-4.0563720e-02
-4.7585320e-02
-4.5929940e-02
-3.4270110e-02
-1.6613220e-02
-1.0267940e-03
6.9487520e-03
7.2106490e-03
1.1976620e-03
-8.9804400e-03
-1.8936620e-02
-2.4549400e-02
-2.3564810e-02
-1.5625550e-02
-4.8912080e-03
7.9446610e-04
2.0689770e-04
-1.0279100e-03
-1.9729270e-03
-4.5554400e-03
-7.6257390e-03
-5.6253010e-03
3.1208470e-03
1.0987610e-02
1.0238260e-02
-1.3661780e-03
-1.8908110e-02
-3.4876670e-02
-4.2138070e-02
-3.8737310e-02
-2.9411170e-02
-2.0220580e-02
-1.3093170e-02
-7.5090470e-03
-1.6314800e-03
5.4218050e-03
1.2941820e-02
2.0291170e-02
2.5492840e-02
2.6116830e-02
2.2549690e-02
1.7570510e-02
1.2553600e-02
6.8629430e-03
1.6291730e-03
-2.1582750e-03
-5.1377780e-03
-8.1630890e-03
-9.4434030e-03
-5.7106610e-03
4.0388020e-03
1.6381660e-02
2.6268460e-02
2.8336080e-02
1.9047440e-02
-4.3796580e-04
-2.3724010e-02
-4.2373180e-02
-5.1584380e-02
-5.1672670e-02
-4.6590860e-02
-3.9303460e-02
-3.1865440e-02
-2.7056880e-02
-2.7401670e-02
-3.2057500e-02
-3.7899250e-02
-3.9430170e-02
-3.1549820e-02
-1.4294930e-02
6.5993850e-03
2.4984640e-02
3.7554290e-02
4.3827300e-02
4.5734910e-02
4.5781590e-02
4.6621910e-02
4.9464310e-02
5.2078420e-02
5.0279750e-02
3.9805500e-02
1.8324100e-02
-8.1585910e-03
-2.9225670e-02
-3.9903290e-02
-3.9739080e-02
-3.1641180e-02
-1.9643260e-02
-8.8362980e-03
-3.6617620e-03
-2.6815470e-03
-1.6178120e-03
3.0642920e-03
1.1674070e-02
2.1344240e-02
2.7346440e-02
2.7118320e-02
2.1013660e-02
1.1137580e-02
3.4577140e-04
-8.0390630e-03
-1.2150940e-02
-1.1842430e-02
-1.0473420e-02
-1.1705740e-02
-1.6750440e-02
-2.2913210e-02
-2.7905710e-02
-3.0331130e-02
-2.8312840e-02
-2.2644250e-02
-1.7793150e-02
-1.6748560e-02
-1.9276910e-02
-2.1907500e-02
-2.2339870e-02
-2.1434150e-02
-1.9587350e-02
-1.5453020e-02
-8.1968050e-03
1.0748710e-03
1.0532250e-02
1.7863490e-02
2.1268770e-02
2.2216970e-02
2.0728980e-02
1.4847740e-02
5.9003900e-03
-2.4245550e-03
-7.6729430e-03
-8.4177420e-03
-5.0187060e-03
4.4180280e-04
5.7327880e-03
1.0057980e-02
1.3761690e-02
1.6752870e-02
1.9018170e-02
1.9561950e-02
1.6334040e-02
7.7613110e-03
-2.4762780e-03
-9.0628810e-03
-9.6130200e-03
-4.9612730e-03
4.4310940e-03
1.4842090e-02
2.3192800e-02
2.8663820e-02
3.1486340e-02
3.0897360e-02
2.7644760e-02
2.3836780e-02
2.1782980e-02
2.1964670e-02
2.3387720e-02
2.4456690e-02
2.4642400e-02
2.3446980e-02
2.0520140e-02
1.6979470e-02
1.4645350e-02
1.3829930e-02
1.2520110e-02
9.4250170e-03
4.7178890e-03
-1.5262240e-03
-8.6302700e-03
-1.4152280e-02
-1.6526920e-02
-1.5745060e-02
-1.3693180e-02
-1.0946810e-02
-8.5383870e-03
-7.4705580e-03
-8.2902410e-03
-8.3599480e-03
-6.5022070e-03
-3.9899170e-03
-1.4375760e-03
1.3637830e-03
4.1723980e-03
6.4688860e-03
7.6239880e-03
7.9547080e-03
7.6838190e-03
6.3838550e-03
4.5613210e-03
3.2255530e-03
3.8131180e-03
6.5279740e-03
1.0730630e-02
1.4802260e-02
1.7657000e-02
1.7936050e-02
1.6423960e-02
1.4182510e-02
1.1613490e-02
9.9374470e-03
8.6034630e-03
6.9991390e-03
4.6307680e-03
1.5879330e-03
-2.0044460e-03
-5.1348120e-03
-6.5617170e-03
-6.1221230e-03
-4.5068820e-03
-2.7898280e-03
-1.3864100e-03
-1.8388740e-03
-4.5241900e-03
-7.8333480e-03
-1.1170160e-02
-1.5027270e-02
-1.9317390e-02
-2.3968880e-02
-2.9435160e-02
-3.5699010e-02
-4.2058930e-02
-4.7356680e-02
-5.0369560e-02
-5.0741760e-02
-4.8531830e-02
-4.3575330e-02
-3.6783700e-02
-3.0040210e-02
-2.3935740e-02
-1.8652560e-02
-1.3431310e-02
-6.5801950e-03
2.1881900e-03
1.2070080e-02
2.1104360e-02
2.6508880e-02
2.8895510e-02
2.9579200e-02
2.9551450e-02
3.0563720e-02
3.3815820e-02
3.8664680e-02
4.3202100e-02
4.5993990e-02
4.5329230e-02
4.1347390e-02
3.5108980e-02
2.7332700e-02
1.9802890e-02
1.4025120e-02
1.0826920e-02
9.0365760e-03
7.7412810e-03
6.3170700e-03
4.5221470e-03
1.9840090e-03
-1.2649960e-03
-4.3708040e-03
-5.1115380e-03
-2.2385820e-03
2.5036120e-03
6.8447810e-03
9.7765780e-03
1.0699220e-02
9.8277130e-03
6.8929170e-03
2.5674360e-03
-2.0614170e-03
-5.8808070e-03
-8.7067200e-03
-1.1585480e-02
-1.5139490e-02
-1.9513010e-02
-2.4286290e-02
-2.8409740e-02
-3.0851390e-02
-3.1003350e-02
-2.8805690e-02
-2.4908370e-02
-2.0397560e-02
-1.6079040e-02
-1.1427930e-02
-6.2530930e-03
-6.2724060e-04
4.9993800e-03
9.7427160e-03
1.2609460e-02
1.2814220e-02
9.9765880e-03
4.9344050e-03
-8.2102470e-04
-5.8107290e-03
-8.7402270e-03
-9.9819060e-03
-1.0138270e-02
-9.2001660e-03
-7.5953930e-03
-5.9880060e-03
-4.6635350e-03
-3.7799240e-03
-2.8561900e-03
-1.4120670e-04
4.6668930e-03
1.0870510e-02
1.7045820e-02
2.1889910e-02
2.4239960e-02
2.3237030e-02
1.9463360e-02
1.4061950e-02
7.9717300e-03
1.7297350e-03
-3.7266900e-03
-8.4130400e-03
-1.2371990e-02
-1.5561010e-02
-1.8899620e-02
-2.2404340e-02
-2.5241490e-02
-2.7208690e-02
-2.7600170e-02
-2.5560150e-02
-2.1058810e-02
-1.4868460e-02
-8.6665430e-03
-3.7083650e-03
-2.1476390e-04
3.1335680e-03
6.9718670e-03
1.0485560e-02
1.2729220e-02
1.3525530e-02
1.2544610e-02
1.0304570e-02
7.9475820e-03
7.3514920e-03
7.9717960e-03
8.7854190e-03
9.4144770e-03
8.6177610e-03
6.2671730e-03
2.9755950e-03
4.7767300e-04
-1.6414120e-04
1.3798600e-03
4.1175460e-03
6.2739350e-03
6.3951860e-03
4.2157460e-03
8.2482270e-04
-3.5072710e-03
-7.6294960e-03
-1.0018660e-02
-1.0253520e-02
-8.6494500e-03
-6.5025620e-03
-4.5558420e-03
-3.6803740e-03
-4.5868640e-03
-5.8323590e-03
-6.2338100e-03
-5.9081960e-03
-4.8011180e-03
-3.6186490e-03
-2.7087560e-03
-1.3359570e-03
6.1476380e-05
1.9583310e-03
4.5158630e-03
8.2720210e-03
1.3040520e-02
1.8227280e-02
2.2269140e-02
2.4440620e-02
2.4163280e-02
2.1351790e-02
1.6837990e-02
1.2496790e-02
8.9940170e-03
6.0485060e-03
3.3439150e-03
1.1159750e-03
-2.8008410e-04
-6.1469850e-04
-3.6043840e-04
5.9344670e-04
1.7072600e-03
2.1466200e-03
2.0943110e-03
2.4245410e-03
3.9650570e-03
6.2496010e-03
8.6185480e-03
1.0287500e-02
1.0409670e-02
9.4775750e-03
8.2645010e-03
7.1063240e-03
5.5650300e-03
5.1337960e-03
6.4614460e-03
9.0468500e-03
1.1522780e-02
1.3098380e-02
1.4089420e-02
1.5056550e-02
1.4248190e-02
1.1456130e-02
7.6033750e-03
3.5508420e-03
6.7016720e-04
-7.8470820e-04
-9.8208680e-04
-1.0163420e-04
1.4298510e-03
2.0205040e-03
5.9307310e-04
-2.1747950e-03
-5.7821290e-03
-9.7576700e-03
-1.3265970e-02
-1.6350890e-02
-1.8820930e-02
-1.9946510e-02
-1.9589930e-02
-1.7757080e-02
-1.4766420e-02
-1.1007930e-02
-7.4037920e-03
-4.8258300e-03
-3.3715050e-03
-3.0797460e-03
-3.5638030e-03
-4.8779240e-03
-6.0094170e-03
-6.8243340e-03
-7.4563660e-03
-7.1174600e-03
-6.7818640e-03
-7.8036320e-03
-8.7348950e-03
-8.1924330e-03
-5.8663950e-03
-2.6077350e-03
1.1053840e-03
4.2163650e-03
6.4903250e-03
7.8643570e-03
9.6393530e-03
1.2161860e-02
1.4931550e-02
1.7658510e-02
1.9057600e-02
1.9245610e-02
1.8027010e-02
1.4929030e-02
1.0821550e-02
5.5481980e-03
5.2141230e-04
-3.1607100e-03
-5.3589010e-03
-6.1246490e-03
-6.1279910e-03
-5.5441410e-03
-4.6446590e-03
-4.7970110e-03
-6.1811380e-03
-7.8601810e-03
-8.8619990e-03
-9.0388590e-03
-8.4824420e-03
-6.9347410e-03
-5.0635770e-03
-3.0925230e-03
-1.5311380e-03
-5.6077720e-04
4.9069830e-04
1.8709890e-03
2.9569880e-03
3.8968630e-03
3.0545520e-03
9.2887950e-04
-1.8289230e-03
-4.8398230e-03
-7.9786200e-03
-1.0846220e-02
-1.3477410e-02
-1.5866850e-02
-1.8209120e-02
-2.0134070e-02
-2.1848760e-02
-2.2709480e-02
-2.2451400e-02
-2.1023430e-02
-1.8891620e-02
-1.5850130e-02
-1.2798920e-02
-1.0717750e-02
-8.7567000e-03
-6.3212760e-03
-4.2136430e-03
-3.2309870e-03
-2.3651010e-03
-1.0656820e-03
4.7972270e-04
2.7918820e-03
5.9721030e-03
9.8157920e-03
1.3836790e-02
1.8057980e-02
2.1841770e-02
2.4039390e-02
2.4718390e-02
2.4671320e-02
2.4178040e-02
2.2985930e-02
2.1227840e-02
1.9547740e-02
1.8179310e-02
1.6237390e-02
1.4050860e-02
1.1975760e-02
1.0512380e-02
9.4943500e-03
8.1144030e-03
7.4030230e-03
7.2234930e-03
7.3208480e-03
7.5065500e-03
7.4356910e-03
6.4373940e-03
4.3546090e-03
1.8834330e-03
-3.0592580e-04
-2.3237870e-03
-5.1577610e-03
-8.6811070e-03
-1.2329960e-02
-1.5259740e-02
-1.7235240e-02
-1.7531190e-02
-1.6420760e-02
-1.4816520e-02
-1.3331510e-02
-1.2073860e-02
-1.0402420e-02
-8.3709210e-03
-6.4837780e-03
-4.7874220e-03
-2.6905880e-03
-4.1617910e-04
1.3258210e-03
2.8957180e-03
3.9818760e-03
3.4003640e-03
1.1565360e-03
-1.7079300e-03
-4.7721790e-03
-7.5600060e-03
-9.3326500e-03
-9.6757090e-03
-1.0053420e-02
-1.0180830e-02
-9.6297470e-03
-8.2526710e-03
-7.3509570e-03
-7.0328990e-03
-7.2653530e-03
-7.3843670e-03
-7.4112090e-03
-7.4550720e-03
-7.5294150e-03
-7.2780990e-03
-6.2629490e-03
-5.1209410e-03
-4.7751490e-03
-4.3653700e-03
-3.5340440e-03
-3.2379400e-03
-4.0868850e-03
-4.6611880e-03
-4.7491110e-03
-5.0155180e-03
-6.1572030e-03
-7.8300600e-03
-9.4430040e-03
-1.0570470e-02
-1.1608740e-02
-1.3166490e-02
-1.4676180e-02
-1.6242350e-02
-1.6347720e-02
-1.5144400e-02
-1.3308310e-02
-1.0811590e-02
-8.0901510e-03
-5.4859970e-03
-3.3762930e-03
-1.6894530e-03
-1.8984800e-04
3.2139180e-04
-9.6413040e-05
-6.2507520e-04
-1.5930140e-03
-2.3026140e-03
-1.8066520e-03
-2.6655960e-04
2.5001540e-03
6.2006350e-03
1.0132630e-02
1.2683240e-02
1.3458820e-02
1.3497760e-02
1.3405130e-02
1.3415650e-02
1.3575450e-02
1.3656880e-02
1.3234650e-02
1.2131770e-02
1.1227030e-02
1.0814780e-02
9.9749570e-03
8.7489980e-03
8.2696560e-03
8.0911750e-03
7.4160260e-03
6.1737280e-03
5.1129570e-03
3.7016080e-03
2.4013470e-03
1.5567950e-03
1.5845230e-03
2.3210670e-03
3.8137060e-03
6.0164960e-03
7.6703120e-03
7.7978370e-03
6.4432180e-03
4.5559680e-03
2.8217970e-03
1.7042190e-03
1.2709140e-03
1.9660210e-03
3.2300100e-03
4.6364100e-03
5.1543510e-03
5.1064800e-03
4.8398320e-03
5.0477200e-03
6.7341820e-03
9.6413720e-03
1.2326540e-02
1.4434520e-02
1.5950880e-02
1.6260720e-02
1.5497060e-02
1.4060730e-02
1.3449940e-02
1.3354930e-02
1.3483820e-02
1.3707760e-02
1.3814240e-02
1.3575090e-02
1.3421060e-02
1.3015260e-02
1.2298420e-02
1.1133570e-02
9.9698360e-03
8.3625780e-03
7.1946140e-03
6.1408970e-03
5.3419940e-03
5.2297710e-03
5.3225040e-03
4.9861500e-03
3.5785090e-03
1.7750250e-03
3.1267470e-04
-9.8712070e-04
-2.4319440e-03
-3.0987850e-03
-2.9727810e-03
-2.6228190e-03
-3.1222210e-03
-4.5814980e-03
-6.3426280e-03
-7.9603630e-03
-8.7374330e-03
-8.8693900e-03
-8.6765650e-03
-8.1546400e-03
-7.6161270e-03
-7.9209120e-03
-8.5183610e-03
-8.5651650e-03
-8.4549810e-03
-8.9778270e-03
-1.0850570e-02
-1.3031320e-02
-1.4150710e-02
-1.4822310e-02
-1.6011350e-02
-1.6877730e-02
-1.7181420e-02
-1.7373530e-02
-1.7403410e-02
-1.7269270e-02
-1.7162240e-02
-1.6500970e-02
-1.5263300e-02
-1.4381790e-02
-1.4493910e-02
-1.5500800e-02
-1.6682960e-02
-1.7088900e-02
-1.6477700e-02
-1.5096050e-02
-1.3433160e-02
-1.0774470e-02
-7.3632110e-03
-3.7325210e-03
-5.5627710e-04
1.9494750e-03
3.8162720e-03
4.9055370e-03
5.1014060e-03
4.9960680e-03
4.9752410e-03
5.4989160e-03
6.7049330e-03
7.5682240e-03
7.9704290e-03
8.8223060e-03
1.0021520e-02
1.0581710e-02
1.0784670e-02
1.0688260e-02
9.9982310e-03
8.7381480e-03
8.1552340e-03
7.8289890e-03
6.9389630e-03
5.7062320e-03
5.2469440e-03
5.0603460e-03
4.4538970e-03
3.3293230e-03
2.1005080e-03
6.8284000e-04
-6.6001250e-04
-2.3336520e-03
-3.8307320e-03
-4.3759000e-03
-3.6725470e-03
-2.1023540e-03
2.5854920e-04
1.8763000e-03
2.2058570e-03
2.3704060e-03
3.2245550e-03
4.3510990e-03
3.5021550e-03
1.3593260e-03
-5.6503030e-04
-2.3841230e-03
-4.1958600e-03
-5.6689050e-03
-6.1005040e-03
-6.0210790e-03
-5.8931540e-03
-6.3341480e-03
-7.7308100e-03
-9.4661270e-03
-1.1502520e-02
-1.3875260e-02
-1.6178980e-02
-1.7060960e-02
-1.6241940e-02
-1.4357830e-02
-1.2545090e-02
-1.1668550e-02
-1.1542150e-02
-1.1643890e-02
-1.1805010e-02
-1.1786750e-02
-1.1094450e-02
-9.6230360e-03
-8.8330840e-03
-9.2140090e-03
-1.0829610e-02
-1.2713250e-02
-1.4231660e-02
-1.4655910e-02
-1.4154310e-02
-1.2369100e-02
-9.9367340e-03
-7.5517650e-03
-6.2526560e-03
-5.5687950e-03
-4.5787380e-03
-3.7362300e-03
-2.9587630e-03
-1.2834760e-03
9.2167160e-04
3.2415180e-03
5.2957790e-03
6.8669310e-03
7.8084180e-03
9.0884390e-03
1.1113060e-02
1.4162060e-02
1.7265740e-02
1.9620260e-02
2.1525390e-02
2.2253720e-02
2.1781920e-02
2.0209450e-02
1.8010570e-02
1.5810920e-02
1.3863960e-02
1.2298450e-02
1.0469100e-02
8.8590790e-03
7.5536770e-03
5.8771310e-03
4.1238280e-03
2.4361130e-03
1.1902560e-03
5.5183700e-04
1.3907770e-03
2.7810700e-03
4.3357450e-03
5.0980990e-03
5.5062100e-03
5.3742970e-03
4.7560700e-03
3.3762670e-03
1.8368100e-03
2.4967920e-04
-2.0385650e-04
8.8470420e-04
2.0668130e-03
2.3890360e-03
2.3416140e-03
2.1613380e-03
2.1295980e-03
2.7729970e-03
4.6267430e-03
7.1038480e-03
9.9369440e-03
1.2233720e-02
1.3217630e-02
1.3331580e-02
1.3295020e-02
1.3372710e-02
1.3472850e-02
1.3195970e-02
1.2124310e-02
1.0864990e-02
1.0510150e-02
1.0238860e-02
9.2278460e-03
7.6866460e-03
6.6797190e-03
6.3624420e-03
6.5245000e-03
6.7548090e-03
6.9743760e-03
7.7974170e-03
8.9470720e-03
9.3343550e-03
9.3177290e-03
9.2468830e-03
9.1634180e-03
8.6949830e-03
7.3857940e-03
5.7305380e-03
3.8712150e-03
2.2384730e-03
6.2235350e-04
-7.0708590e-04
-2.0755900e-03
-3.2336210e-03
-4.7617380e-03
-5.5792100e-03
-4.7629390e-03
-2.9719470e-03
-1.1338150e-03
4.6286990e-06
3.7782360e-04
7.9731490e-05
-5.2526250e-04
-4.7273710e-04
2.2376740e-04
7.6587920e-04
7.6684490e-05
-4.8239780e-04
-7.6305430e-04
-7.2340900e-04
5.3833270e-05
1.7164700e-03
3.4242200e-03
4.6286710e-03
4.3482520e-03
2.5355940e-03
2.2501660e-04
-1.6994280e-03
-2.8758310e-03
-3.2903260e-03
-3.3982900e-03
-3.6705800e-03
-4.9589590e-03
-7.2769330e-03
-9.6046350e-03
-1.1745220e-02
-1.3510940e-02
-1.4444320e-02
-1.4453390e-02
-1.3586740e-02
-1.2227170e-02
-1.1640210e-02
-1.1627560e-02
-1.1780710e-02
-1.1654750e-02
-1.0780980e-02
-9.4609640e-03
-8.9601130e-03
-8.9054160e-03
-8.4895730e-03
-7.1822320e-03
-5.5789980e-03
-3.6182160e-03
-1.8422440e-03
-8.1557600e-04
-7.1508430e-04
-6.8228900e-04
-6.7850420e-05
1.1585430e-03
2.1133680e-03
2.3177470e-03
1.8992440e-03
1.1861120e-03
1.1366460e-03
1.6992720e-03
1.7022710e-03
1.0063420e-03
2.3368660e-04
-3.8298700e-04
-5.0701070e-04
5.6851720e-04
2.4029320e-03
4.4341120e-03
6.2682720e-03
7.5003470e-03
7.8039640e-03
7.8337030e-03
7.7381280e-03
7.5058260e-03
7.3434490e-03
7.8700910e-03
8.5957580e-03
8.7366860e-03
8.1454220e-03
7.2604570e-03
5.6292560e-03
3.8261990e-03
1.8981160e-03
2.4519070e-05
-1.5717260e-03
-2.7741560e-03
-3.2798560e-03
-3.3330080e-03
-3.2958820e-03
-3.3152210e-03
-3.4212680e-03
-3.4811290e-03
-3.1718890e-03
-2.3884920e-03
-1.8196840e-03
-1.8573370e-03
-1.5215660e-03
-8.9981220e-04
-6.5586410e-04
-5.8314920e-04
-6.0815120e-04
-7.1052870e-04
-8.0634800e-04
-5.5145380e-04
4.4423500e-04
1.6536840e-03
2.0534130e-03
1.4040730e-03
4.1508920e-04
-3.6281600e-04
-5.5042310e-04
-9.5083540e-04
-2.0741900e-03
-3.5429100e-03
-5.1308440e-03
-6.4778530e-03
-8.1695000e-03
-9.7718350e-03
-1.1026690e-02
-1.1562550e-02
-1.1673410e-02
-1.2161070e-02
-1.3441130e-02
-1.4858910e-02
-1.6923440e-02
-1.8979380e-02
-2.0168320e-02
-2.1025820e-02
-2.1159890e-02
-1.9950570e-02
-1.7804480e-02
-1.5357480e-02
-1.3316630e-02
-1.1903920e-02
-1.1790760e-02
-1.2671700e-02
-1.3941690e-02
-1.4627620e-02
-1.4463600e-02
-1.3577250e-02
-1.2534740e-02
-1.1926810e-02
-1.1323650e-02
-1.0202330e-02
-9.3219310e-03
-9.0571220e-03
-8.6243130e-03
-7.4306260e-03
-5.6876190e-03
-3.9492950e-03
-2.2834720e-03
-1.0587000e-03
-6.3895480e-04
-9.7617500e-05
6.8513710e-04
1.6908360e-03
2.0570320e-03
2.7042500e-03
3.9431710e-03
4.8886740e-03
5.9307390e-03
7.0080750e-03
7.5003200e-03
7.7676730e-03
8.7135620e-03
1.0252970e-02
1.1757680e-02
1.2780770e-02
1.2358020e-02
1.1424280e-02
1.0884450e-02
1.0471610e-02
1.0384200e-02
1.0800230e-02
1.1877420e-02
1.3137880e-02
1.4514230e-02
1.5557180e-02
1.5290740e-02
1.4810150e-02
1.4373490e-02
1.3558570e-02
1.2509350e-02
1.0952000e-02
9.2104880e-03
7.9588510e-03
7.6704230e-03
7.7927020e-03
8.0704140e-03
8.0977300e-03
7.7687900e-03
7.5626110e-03
7.6381480e-03
8.4122530e-03
9.7550880e-03
1.0381500e-02
1.0457830e-02
1.0488460e-02
1.0542780e-02
1.0227630e-02
9.0451000e-03
7.4699400e-03
6.0463640e-03
4.7594170e-03
3.4530600e-03
2.5257470e-03
2.1363750e-03
1.2934950e-03
-6.0781250e-06
-6.1847850e-04
-7.3407880e-04
-6.9312020e-04
-6.5330210e-04
-6.3290020e-04
-6.2775800e-04
-6.2866750e-04
-5.8687080e-04
-5.6628720e-04
-9.2104070e-04
-1.9184590e-03
-2.9421690e-03
-3.3649660e-03
-3.4344800e-03
-3.4248290e-03
-3.3796980e-03
-3.2626420e-03
-3.2449600e-03
-3.8209830e-03
-5.2091760e-03
-6.2043070e-03
-6.2817150e-03
-5.3689680e-03
-3.8948960e-03
-2.5405870e-03
-9.6994520e-04
4.7721210e-04
1.6935960e-03
2.0410850e-03
2.4520520e-03
3.2943960e-03
4.1316070e-03
4.8998540e-03
5.7976760e-03
6.7636510e-03
7.2370000e-03
7.2196900e-03
6.4566160e-03
5.7594190e-03
5.0936420e-03
4.9215020e-03
4.8656860e-03
4.7922800e-03
4.7724770e-03
4.9644020e-03
5.4449220e-03
5.8548450e-03
6.1986050e-03
6.5179640e-03
7.1308980e-03
7.5408070e-03
7.6627510e-03
7.5228380e-03
6.9721650e-03
5.5952260e-03
3.5308680e-03
1.9746060e-03
1.1753200e-03
2.2763860e-04
-1.1939050e-04
-9.7454730e-05
-1.4179230e-04
-4.5454020e-04
-9.8128900e-04
-2.0187230e-03
-2.9010710e-03
-3.2167000e-03
-3.6911800e-03
-5.0386850e-03
-6.6631970e-03
-8.0168270e-03
-9.0587130e-03
-1.0202330e-02
-1.1594260e-02
-1.2994970e-02
-1.4062820e-02
-1.4567050e-02
-1.5147870e-02
-1.5970140e-02
-1.6832140e-02
-1.7570220e-02
-1.8370460e-02
-1.8734950e-02
-1.8577110e-02
-1.7897040e-02
-1.7108800e-02
-1.6034020e-02
-1.5156060e-02
-1.4662890e-02
-1.3784960e-02
-1.2329290e-02
-1.0969420e-02
-9.6894200e-03
-9.0037110e-03
-8.0206650e-03
-6.8088950e-03
-6.3886890e-03
-6.1821000e-03
-5.4252940e-03
-4.0896760e-03
-2.6980400e-03
-8.2586970e-04
9.4828690e-04
1.9811950e-03
2.1457910e-03
2.0987320e-03
2.0676000e-03
2.0814800e-03
2.1002220e-03
2.1039850e-03
2.0995260e-03
2.0962920e-03
2.0950090e-03
2.0932440e-03
2.0936630e-03
2.1032440e-03
2.1170900e-03
2.0990090e-03
1.9940650e-03
1.8231180e-03
1.8566690e-03
1.7715730e-03
1.5763000e-03
2.0203470e-03
3.2121960e-03
4.9988790e-03
6.7555830e-03
8.1227630e-03
9.4917450e-03
1.0271080e-02
1.1231280e-02
1.2724600e-02
1.4189620e-02
1.5657130e-02
1.7149680e-02
1.9020290e-02
2.0682540e-02
2.1765450e-02
2.2880090e-02
2.3903210e-02
2.4413130e-02
2.4405490e-02
2.3688580e-02
2.2561790e-02
2.1890960e-02
2.1814480e-02
2.1643540e-02
2.0822160e-02
1.9641410e-02
1.8917460e-02
1.7694830e-02
1.5732030e-02
1.3454020e-02
1.0760840e-02
7.9932160e-03
5.7103140e-03
4.1554390e-03
2.6308970e-03
1.7966730e-03
1.2794890e-03
9.0689060e-04
9.8387240e-04
9.9983710e-04
1.1047930e-04
-1.2002110e-03
-1.8835910e-03
-2.7083660e-03
-4.2766890e-03
-5.9602670e-03
-7.8718860e-03
-9.5583750e-03
-1.0789770e-02
-1.1274870e-02
-1.2179910e-02
-1.3654910e-02
-1.4318680e-02
-1.4524280e-02
-1.4641460e-02
-1.4746720e-02
-1.4491140e-02
-1.3335730e-02
-1.1762250e-02
-1.0295650e-02
-9.2343210e-03
-8.1521370e-03
-6.8700350e-03
-5.7912880e-03
-4.2601660e-03
-2.9382910e-03
-1.4963150e-03
-8.9882710e-04
-3.4659920e-04
7.2996210e-04
1.7101610e-03
2.0527350e-03
2.1254290e-03
2.2178660e-03
2.2473390e-03
1.7266820e-03
4.1482300e-04
-4.8814980e-04
-6.9000620e-04
-5.7447600e-04
-5.3111150e-04
-1.1014430e-03
-2.4235380e-03
-3.2490790e-03
-3.3159250e-03
-3.2801900e-03
-3.8277830e-03
-5.1564190e-03
-6.0444170e-03
-6.2484020e-03
-6.2200910e-03
-6.1727600e-03
-6.1533330e-03
-6.1556770e-03
-6.2180650e-03
-6.3412730e-03
-6.2913710e-03
-5.6062330e-03
-4.2720490e-03
-3.6248190e-03
-3.4565460e-03
-2.8670790e-03
-1.5713670e-03
-8.0513490e-04
-6.3860660e-04
-6.7467300e-04
-7.1286730e-04
-7.0765810e-04
-6.8852040e-04
-6.7738830e-04
-6.7832020e-04
-6.9328080e-04
-7.1532120e-04
-7.0671850e-04
-6.2604210e-04
-5.5324070e-04
-8.1386130e-04
-1.7684840e-03
-2.8885640e-03
-3.5796920e-03
-4.7215890e-03
-5.7949800e-03
-6.0073990e-03
-6.3151720e-03
-7.3798310e-03
-8.6447460e-03
-9.0205110e-03
-9.0055300e-03
-8.9716000e-03
-9.4171740e-03
-1.0342110e-02
-1.1122670e-02
-1.1623050e-02
-1.2337410e-02
-1.3818780e-02
-1.5295370e-02
-1.6713890e-02
-1.7676840e-02
-1.9118470e-02
-1.9971000e-02
-1.9635940e-02
-1.8550200e-02
-1.7616200e-02
-1.6920810e-02
-1.5755600e-02
-1.4737600e-02
-1.3661860e-02
-1.2289230e-02
-1.1375620e-02
-1.0091260e-02
-9.3160590e-03
-8.9244640e-03
-7.9643520e-03
-6.6654270e-03
-6.3111720e-03
-6.1693790e-03
-5.5584300e-03
-4.3455210e-03
-3.4483100e-03
-2.3405230e-03
-1.0455450e-03
-7.4137270e-04
-7.8371710e-04
-4.4837460e-04
6.9554930e-04
1.8307690e-03
2.1648390e-03
2.1970530e-03
2.1570630e-03
2.1171330e-03
2.1239080e-03
2.1517550e-03
2.1977630e-03
2.2269890e-03
2.2460380e-03
2.2744000e-03
2.3290460e-03
2.3550660e-03
2.8298220e-03
3.9751130e-03
4.7119150e-03
4.6291780e-03
4.4841040e-03
5.3026760e-03
6.7808240e-03
7.6126390e-03
7.7016690e-03
7.7418700e-03
8.2984280e-03
9.3315080e-03
1.0203840e-02
1.1131990e-02
1.2591610e-02
1.4006130e-02
1.5394440e-02
1.5953660e-02
1.6402410e-02
1.7432300e-02
1.8422060e-02
1.9154310e-02
2.0373360e-02
2.1386030e-02
2.1649870e-02
2.1662640e-02
2.1658820e-02
2.1693510e-02
2.1641450e-02
2.1357640e-02
2.1007840e-02
2.1254930e-02
2.1483900e-02
2.1534370e-02
2.1928120e-02
2.3043020e-02
2.4095690e-02
2.4487540e-02
2.4549030e-02
2.4099060e-02
2.2999110e-02
2.1939270e-02
2.1005380e-02
1.9564600e-02
1.7906870e-02
1.5740780e-02
1.3700390e-02
1.1933600e-02
1.0488630e-02
9.1505430e-03
7.7820760e-03
6.4354180e-03
5.1599790e-03
3.9498750e-03
2.6771470e-03
2.3846490e-03
2.1310610e-03
1.2981390e-03
7.3179520e-05
-1.1391030e-03
-2.4576290e-03
-3.5056660e-03
-5.0147900e-03
-6.6485920e-03
-8.1672110e-03
-8.9544080e-03
-9.4054420e-03
-1.0308550e-02
-1.1412480e-02
-1.1743420e-02
-1.1758070e-02
-1.1704120e-02
-1.1736140e-02
-1.1837040e-02
-1.1781230e-02
-1.1212710e-02
-1.0175390e-02
-9.4328970e-03
-8.8834200e-03
-7.5574280e-03
-5.8889430e-03
-4.3209540e-03
-3.6192510e-03
-3.5604820e-03
-3.6174070e-03
-3.6228520e-03
-3.6517340e-03
-3.7704750e-03
-3.7990090e-03
-3.3866720e-03
-2.5220720e-03
-2.1079440e-03
-2.6135930e-03
-3.5776740e-03
-4.5832040e-03
-5.9103410e-03
-6.5849400e-03
-7.0684410e-03
-8.0959120e-03
-9.2012840e-03
-9.5742060e-03
-1.0167850e-02
-1.1735470e-02
-1.3616480e-02
-1.5099170e-02
-1.5526100e-02
-1.5564370e-02
-1.5576840e-02
-1.5614520e-02
-1.5644330e-02
-1.5647880e-02
-1.5709320e-02
-1.5831990e-02
-1.5785390e-02
-1.5060020e-02
-1.3552910e-02
-1.1749120e-02
-1.0581870e-02
-1.0095130e-02
-9.1888230e-03
-8.0844390e-03
-7.6417920e-03
-7.0603530e-03
-5.8904760e-03
-4.9131110e-03
-4.0037770e-03
-2.8750180e-03
-1.7835110e-03
-5.7338990e-04
3.5973700e-04
7.3700170e-04
1.1787620e-03
1.8791650e-03
2.1616960e-03
2.1574560e-03
2.1158930e-03
2.3518800e-03
2.9604870e-03
3.2031670e-03
2.5919140e-03
1.8831120e-03
1.1030950e-03
8.5180590e-04
8.4259960e-04
8.2656010e-04
8.1404480e-04
8.3631790e-04
8.6979530e-04
7.4203200e-04
2.3101440e-04
-4.4298680e-04
-1.1900370e-03
-1.9945910e-03
-2.8067720e-03
-3.4358790e-03
-3.3827540e-03
-3.6712720e-03
-4.7064570e-03
-5.6733370e-03
-6.0044280e-03
-6.2137530e-03
-6.7653700e-03
-7.3317800e-03
-7.5489190e-03
-7.5915290e-03
-7.3604420e-03
-6.7419580e-03
-6.2304210e-03
-6.1566350e-03
-6.0304220e-03
-5.4277670e-03
-4.5197890e-03
-3.6217630e-03
-2.9620830e-03
-2.2304530e-03
-1.6678900e-03
-8.8508170e-04
-1.6494870e-04
9.4681140e-04
2.0196860e-03
2.9581230e-03
3.9058350e-03
4.8754730e-03
5.6696290e-03
6.3983440e-03
7.3393150e-03
8.4859090e-03
9.2180760e-03
9.6216650e-03
9.8287850e-03
9.5881500e-03
1.0037870e-02
1.0473850e-02
1.0569430e-02
1.0548390e-02
1.0516040e-02
1.0552270e-02
1.0654520e-02
1.0672010e-02
1.0402750e-02
9.8295120e-03
9.4229540e-03
9.0216390e-03
8.1978940e-03
7.5645060e-03
7.6807200e-03
7.8110060e-03
7.8701870e-03
7.8630010e-03
7.8482390e-03
7.8497190e-03
7.8523130e-03
7.8385550e-03
7.8251630e-03
7.8632440e-03
7.9550010e-03
7.9024330e-03
7.3084660e-03
6.1423870e-03
5.0275250e-03
4.1399420e-03
3.5431850e-03
2.9734800e-03
2.5605040e-03
2.5907600e-03
3.2144900e-03
3.6534640e-03
3.9713590e-03
4.4039560e-03
4.4999080e-03
4.5537690e-03
4.4123680e-03
3.9907850e-03
3.8029650e-03
3.4388850e-03
2.7983560e-03
2.3806790e-03
2.0147350e-03
1.3978080e-03
9.2555450e-04
3.9910340e-04
-3.1748080e-04
-1.0402930e-03
-1.9511180e-03
-2.7020390e-03
-3.2120550e-03
-3.7968780e-03
-4.4607040e-03
-4.7099380e-03
-4.7336900e-03
-4.6268910e-03
-4.5712890e-03
-4.7885250e-03
-5.2573620e-03
-5.3498380e-03
-4.5901960e-03
-3.7258860e-03
-3.3230490e-03
-3.2584860e-03
-3.2314080e-03
-3.2271810e-03
-3.2966370e-03
-3.3965490e-03
-3.2877490e-03
-2.7024880e-03
-1.8882310e-03
-1.3149780e-03
-1.3361100e-03
-1.8881420e-03
-1.9398830e-03
-1.4022170e-03
-7.6660630e-04
-5.9049410e-04
-6.0964540e-04
-6.6290520e-04
-6.8453370e-04
-7.6640750e-04
-1.1208330e-03
-1.7951360e-03
-2.2464670e-03
-2.7312190e-03
-3.4406380e-03
-3.8014420e-03
-3.8954920e-03
-4.0865210e-03
-4.6984450e-03
-5.3662580e-03
-5.5996290e-03
-5.6101300e-03
-5.5631250e-03
-5.6464770e-03
-6.0699980e-03
-6.7968640e-03
-7.1544690e-03
-7.2284020e-03
-7.2522980e-03
-7.3064140e-03
-7.3687480e-03
-7.4410540e-03
-7.4886650e-03
-7.3104850e-03
-6.6752390e-03
-5.9125660e-03
-5.3065870e-03
-4.5916650e-03
-2.8951060e-03
-1.4078230e-03
-3.2798080e-04
6.4051000e-04
1.6481870e-03
2.8103680e-03
3.6897730e-03
4.4612800e-03
5.1405160e-03
5.5273310e-03
5.9671300e-03
6.7480190e-03
7.2404390e-03
7.2048590e-03
7.5889890e-03
8.5228990e-03
9.1946080e-03
9.3616380e-03
9.3491330e-03
9.3121370e-03
9.2972760e-03
9.3089800e-03
9.3655470e-03
9.4304200e-03
9.2905230e-03
8.6466030e-03
7.7375290e-03
6.9253430e-03
6.4420910e-03
5.7946160e-03
5.2505350e-03
5.1490990e-03
5.2100880e-03
5.1685080e-03
4.7302510e-03
4.0071980e-03
3.7893520e-03
3.7879920e-03
3.8566840e-03
3.9115030e-03
3.8123940e-03
3.3524630e-03
