0.01
5.4393480e-03
6.2950350e-03
6.7204390e-03
6.0232610e-03
4.2079240e-03
2.2805520e-03
5.4232610e-04
-1.6550710e-03
-4.9838370e-03
-8.5081690e-03
-1.1800130e-02
-1.2988480e-02
-1.3495180e-02
-1.4471370e-02
-1.3669880e-02
-1.1926210e-02
-8.1909970e-03
-3.7639740e-03
-4.7418530e-04
4.9446040e-03
1.1358300e-02
1.2708490e-02
1.2104860e-02
1.2122530e-02
1.2228650e-02
1.2222360e-02
1.2139120e-02
1.2162380e-02
1.2549080e-02
1.1554940e-02
7.8632870e-03
6.2660110e-03
6.0741930e-03
4.6438660e-03
3.4085530e-03
2.2809220e-03
6.4449660e-04
-4.7556750e-04
-1.6037110e-03
-3.2766790e-03
-4.3849070e-03
-5.4126810e-03
-7.3598510e-03
-9.1047150e-03
-9.3775570e-03
-9.2747910e-03
-9.1476710e-03
-8.4170160e-03
-7.2176840e-03
-5.2723430e-03
-3.6847600e-03
-2.9765370e-03
-1.8086130e-03
-1.2368760e-03
-4.8312370e-04
4.3652560e-04
6.7010350e-04
3.1267330e-04
-2.9977970e-04
6.1323640e-04
2.0519850e-03
3.2141560e-03
5.3915000e-03
7.5048080e-03
1.1338910e-02
1.2581150e-02
1.2602410e-02
1.1496860e-02
7.1011610e-03
4.0139080e-03
2.6677620e-03
2.5705070e-03
2.1017230e-03
1.1114500e-03
2.0343500e-03
2.6211970e-03
2.7910320e-03
1.9043370e-03
-8.5337100e-04
-1.6396800e-03
-1.3549210e-03
-1.6466120e-03
-8.4525490e-04
1.9406870e-03
2.7743470e-03
2.4685990e-03
2.5943860e-03
2.2769200e-03
7.8559200e-04
-4.1017580e-04
-1.7292100e-03
-2.8307400e-03
-1.7909210e-03
-1.2348750e-03
-1.4066050e-03
-1.4027710e-03
-1.2374550e-03
-1.7999000e-03
-2.7642160e-03
-1.7944460e-03
-1.3501590e-03
-1.0800990e-03
1.2912960e-04
9.9218850e-04
2.2442280e-03
2.6565510e-03
2.5035850e-03
2.4896250e-03
2.6652460e-03
2.3783710e-03
5.6611750e-04
-1.0899620e-03
-1.7774590e-03
-3.0089140e-03
-3.4458780e-03
-3.3170060e-03
-3.2998170e-03
-3.3167100e-03
-3.3313050e-03
-3.3254490e-03
-3.2412450e-03
-3.4361120e-03
-4.1938540e-03
-4.3371630e-03
-3.2694040e-03
-1.4086520e-03
6.9111160e-04
3.2158400e-03
7.0811930e-03
1.1670990e-02
1.2537530e-02
1.2527770e-02
1.4076800e-02
1.4160200e-02
1.2613730e-02
1.2103480e-02
1.2283490e-02
1.2752040e-02
1.1603150e-02
7.0689300e-03
4.2939710e-03
3.5680110e-03
2.4192360e-03
8.9904780e-04
3.0805740e-04
-1.4343560e-04
-4.5572050e-04
-1.4130130e-03
-3.1316740e-03
-5.2694280e-03
-9.4250570e-03
-1.4553790e-02
-1.7342540e-02
-1.8713530e-02
-1.8988560e-02
-1.8851270e-02
-1.8990510e-02
-1.8923390e-02
-1.6765240e-02
-1.2335710e-02
-8.0368200e-03
-4.1679600e-03
-1.5586430e-03
-1.1863820e-03
-1.2333110e-03
-1.6101600e-03
-2.9821690e-03
-3.5445920e-03
-2.9811830e-03
-1.6880270e-03
-9.6521010e-04
3.6441650e-04
2.5592870e-03
6.9189390e-03
1.1766380e-02
1.2589720e-02
1.2563630e-02
1.3955370e-02
1.4437010e-02
1.4455120e-02
1.4013260e-02
1.2565090e-02
1.2150750e-02
1.2896170e-02
1.1361610e-02
5.4929830e-03
2.1357880e-03
6.5937290e-04
-1.2522880e-03
-3.2649720e-03
-5.2821650e-03
-7.1243010e-03
-8.1700680e-03
-8.1659930e-03
-7.1430700e-03
-5.2787190e-03
-3.1580780e-03
-1.5055570e-03
-1.0756860e-03
-1.4963270e-03
-3.2871940e-03
-4.9560590e-03
-5.6362210e-03
-6.7213980e-03
-7.5750450e-03
-8.8846170e-03
-9.0922300e-03
-8.4817550e-03
-7.6237950e-03
-5.7179140e-03
-4.9541440e-03
-4.2407460e-03
-3.3494640e-03
-3.3367360e-03
-2.9780750e-03
-1.6524960e-03
-1.0833730e-03
-4.8855920e-04
8.5400790e-04
2.3096740e-03
2.9048210e-03
4.0951670e-03
7.1990950e-03
1.1664070e-02
1.2706040e-02
1.2242830e-02
1.2693760e-02
1.1706600e-02
7.1108530e-03
3.2739480e-03
7.5423000e-04
-1.4627770e-03
-3.0888920e-03
-3.2623600e-03
-3.5501320e-03
-4.7883900e-03
-5.5012560e-03
-7.2306690e-03
-8.8002600e-03
-8.4455950e-03
-8.0701830e-03
-7.0726700e-03
-4.4303850e-03
-9.4875010e-04
1.9487730e-03
3.3919370e-03
5.8566010e-03
6.7349270e-03
6.7500100e-03
5.8737190e-03
3.2846440e-03
2.1772550e-03
6.6374440e-04
-1.1181240e-03
-1.4886460e-03
-1.2637510e-03
-3.0984880e-04
1.5560540e-03
3.7129830e-03
5.2147280e-03
5.9050050e-03
7.2084700e-03
7.4947300e-03
6.6615290e-03
5.3173440e-03
2.6887600e-03
-2.9736020e-04
-3.4084670e-03
-6.9912570e-03
-1.0335060e-02
-1.2812800e-02
-1.3146030e-02
-1.2117440e-02
-9.9831270e-03
-6.2519590e-03
-2.3595560e-03
7.4015440e-04
3.4237090e-03
5.7248000e-03
7.1988880e-03
6.7208800e-03
5.3832010e-03
3.5423180e-03
1.8269560e-03
2.0746220e-04
-1.8529930e-03
-2.5071100e-03
-3.4797640e-03
-4.7132520e-03
-4.8102130e-03
-5.8994040e-03
-6.1917220e-03
-5.4957980e-03
-4.8317210e-03
-3.7596150e-03
-2.8601410e-03
-5.7277940e-04
1.5885640e-03
2.7060920e-03
3.4179060e-03
3.5531500e-03
3.7790350e-03
3.1389900e-03
3.0179090e-05
-3.5240610e-03
-7.0916670e-03
-1.0173640e-02
-1.2023790e-02
-1.2194720e-02
-9.8760020e-03
-4.8083150e-03
2.5601060e-03
1.1055190e-02
1.6405230e-02
2.2424190e-02
2.7097880e-02
3.0068390e-02
3.2627930e-02
3.3964580e-02
3.4618950e-02
3.5040070e-02
3.5456290e-02
3.4968500e-02
3.4840010e-02
3.4557330e-02
3.3006740e-02
3.1804450e-02
3.0899890e-02
2.8824130e-02
2.5076320e-02
2.1264520e-02
1.7635330e-02
1.4210580e-02
1.1347780e-02
5.0776160e-03
-5.0939340e-04
-3.3000010e-03
-5.3988970e-03
-7.9483450e-03
-1.0446210e-02
-1.2800130e-02
-1.4225240e-02
-1.5953030e-02
-1.8008820e-02
-1.9016210e-02
-1.8442650e-02
-1.9844320e-02
-2.6949350e-02
-3.3834760e-02
-3.9770320e-02
-4.5586780e-02
-5.1005210e-02
-5.8447490e-02
-6.3960170e-02
-6.6953360e-02
-6.8622650e-02
-6.6989210e-02
-6.0467640e-02
-5.0790730e-02
-4.2303760e-02
-3.1902790e-02
-2.0048700e-02
-1.3403700e-02
-8.0702020e-03
-3.1608600e-03
4.8280130e-04
6.9887390e-03
1.2082470e-02
1.3776890e-02
1.4695430e-02
1.4610730e-02
1.4999650e-02
1.5288380e-02
1.5216360e-02
1.5075500e-02
1.5501490e-02
1.6768360e-02
1.7480890e-02
1.8979250e-02
2.0917450e-02
2.3439160e-02
2.6333370e-02
2.7442800e-02
2.8525400e-02
2.9051910e-02
2.8755770e-02
2.7005120e-02
2.2970670e-02
1.6079940e-02
7.5255630e-03
-4.6959710e-04
-8.3907730e-03
-1.6772680e-02
-2.5086710e-02
-3.3571500e-02
-4.0453990e-02
-4.5116950e-02
-5.0911090e-02
-5.9229210e-02
-6.5360980e-02
-7.0732250e-02
-7.6220560e-02
-8.2203080e-02
-8.9499790e-02
-9.4768620e-02
-9.9783070e-02
-1.0406430e-01
-1.0677920e-01
-1.0797090e-01
-1.0800030e-01
-1.0540890e-01
-1.0074050e-01
-9.7590830e-02
-9.3607340e-02
-8.7793140e-02
-8.2264760e-02
-7.9929830e-02
-7.6907430e-02
-7.2588280e-02
-6.9014020e-02
-6.6596770e-02
-6.3486330e-02
-5.8068350e-02
-5.1460880e-02
-4.8617600e-02
-4.3338510e-02
-3.4057480e-02
-2.5816760e-02
-1.7626010e-02
-7.9811320e-03
2.0630140e-03
1.4824100e-02
2.8932560e-02
4.3276700e-02
5.8515740e-02
7.4205510e-02
8.7731680e-02
1.0096480e-01
1.1473420e-01
1.2850490e-01
1.4167730e-01
1.5469630e-01
1.6726660e-01
1.7607730e-01
1.8699610e-01
1.9922030e-01
2.0859440e-01
2.1889590e-01
2.2988150e-01
2.3651310e-01
2.4353190e-01
2.5129820e-01
2.5541670e-01
2.5518510e-01
2.5147290e-01
2.4040540e-01
2.0760990e-01
1.4563790e-01
8.2264030e-02
5.1015910e-02
4.1818460e-02
2.3418090e-02
-1.8306300e-03
-1.8698290e-02
-2.7546330e-02
-3.3871880e-02
-4.1827240e-02
-4.8420580e-02
-5.1471170e-02
-5.6304620e-02
-6.0437620e-02
-6.3131670e-02
-6.2701280e-02
-5.7281950e-02
-5.0597250e-02
-4.4101260e-02
-3.5742050e-02
-2.8189540e-02
-2.3531870e-02
-1.9452680e-02
-1.5863860e-02
-1.2480910e-02
-1.0197070e-02
-8.2924980e-03
-6.6413150e-03
-5.9349880e-03
-6.9819920e-03
-1.1859940e-02
-1.8090740e-02
-2.6267230e-02
-3.7392810e-02
-4.7427760e-02
-5.5306860e-02
-6.2962020e-02
-7.1163100e-02
-7.7985730e-02
-8.2439120e-02
-8.7833750e-02
-9.1562260e-02
-9.3443710e-02
-9.4046650e-02
-9.2595710e-02
-9.0228040e-02
-8.6463000e-02
-8.1030490e-02
-7.2190680e-02
-5.9475140e-02
-5.0534220e-02
-4.7374500e-02
-4.3034630e-02
-3.6337090e-02
-3.3664480e-02
-3.3454890e-02
-3.1940620e-02
-3.2253210e-02
-3.4850790e-02
-3.6737830e-02
-3.8729190e-02
-3.7401670e-02
-3.3290640e-02
-2.6243870e-02
-1.8097780e-02
-1.0262480e-02
-3.4182270e-03
6.9161680e-04
4.5787060e-03
1.0924680e-02
1.2661940e-02
1.1998570e-02
1.2376710e-02
1.1536920e-02
7.6622900e-03
5.3277270e-03
4.8660170e-03
3.6389900e-03
3.3475550e-03
2.9666760e-03
1.8410390e-03
2.6801670e-03
6.1517150e-03
1.1192670e-02
1.2595590e-02
1.3940150e-02
1.8061010e-02
2.2604270e-02
2.4939630e-02
2.6863360e-02
3.0103090e-02
3.5523160e-02
4.2335160e-02
4.3874720e-02
4.3197210e-02
4.3544060e-02
4.2872610e-02
3.8980030e-02
3.4119240e-02
2.8949610e-02
2.4703820e-02
2.0860160e-02
1.6720480e-02
1.3811140e-02
1.1076640e-02
3.9279270e-03
-2.5295280e-03
-7.0125980e-03
-1.1588810e-02
-1.5064400e-02
-1.8569740e-02
-1.9449850e-02
-1.9164440e-02
-1.9101200e-02
-1.8321430e-02
-1.6032720e-02
-1.2596950e-02
-1.0187130e-02
-8.6027800e-03
-7.3955330e-03
-6.2388580e-03
-7.0420680e-03
-1.0056550e-02
-9.1144300e-03
-5.1507430e-03
-4.2774760e-03
-3.2957580e-03
7.2820080e-04
6.0308640e-03
1.1141770e-02
1.2799880e-02
1.4654630e-02
1.6834480e-02
1.9332750e-02
2.2234140e-02
2.3213820e-02
2.4584990e-02
2.6672060e-02
2.8799910e-02
3.0414700e-02
3.0679400e-02
3.0788400e-02
3.0186390e-02
2.7142650e-02
2.2563360e-02
1.4908240e-02
5.3508220e-03
-2.5423570e-03
-8.6630850e-03
-1.4310640e-02
-1.7827510e-02
-1.9851660e-02
-2.3533880e-02
-2.6361170e-02
-2.7832160e-02
-2.8083380e-02
-2.7965650e-02
-2.7970320e-02
-2.8096980e-02
-2.7821030e-02
-2.6319360e-02
-2.3669780e-02
-1.9818820e-02
-1.5570130e-02
-9.1178590e-03
-2.3054870e-03
5.4735190e-03
1.1325660e-02
1.2561280e-02
1.4992570e-02
1.8586780e-02
1.8866020e-02
1.7346960e-02
1.6130290e-02
1.4036660e-02
1.1049760e-02
3.7029710e-03
-2.5414560e-03
-4.7100080e-03
-6.6206080e-03
-9.3872090e-03
-1.0198560e-02
-8.9195820e-03
-8.1533100e-03
-6.6059610e-03
-4.6847690e-03
-3.4574410e-03
-2.6936240e-03
-2.6865370e-03
-2.5045250e-03
-8.0080040e-04
1.4941080e-03
2.9090230e-03
3.3280880e-03
6.5634760e-03
1.1385200e-02
1.2385400e-02
1.1893860e-02
1.2315270e-02
1.1358620e-02
6.9672770e-03
2.4582050e-03
-1.9991280e-03
-4.9612420e-03
-8.4650200e-03
-1.2224970e-02
-1.4471540e-02
-1.6393910e-02
-1.7994880e-02
-1.8606990e-02
-1.8939780e-02
-1.8385990e-02
-1.8334110e-02
-1.9111240e-02
-1.9302330e-02
-1.9190710e-02
-1.9389280e-02
-1.9050780e-02
-1.6395720e-02
-1.2440950e-02
-8.5007640e-03
-4.4479090e-03
-9.6581150e-04
6.1474020e-04
9.0524300e-04
-3.7495520e-04
-2.7027660e-03
-7.8785230e-03
-1.4817040e-02
-1.9515100e-02
-2.4207220e-02
-2.9863410e-02
-3.3854910e-02
-3.5924940e-02
-3.7888620e-02
-3.9579360e-02
-3.9735920e-02
-4.0142340e-02
-4.1091810e-02
-4.0314700e-02
-3.9431110e-02
-3.6987670e-02
-3.1819200e-02
-2.4293030e-02
-1.6117220e-02
-8.6732570e-03
-2.8051620e-03
3.7732750e-03
1.1390100e-02
1.5090060e-02
1.7139540e-02
2.0424860e-02
2.3023780e-02
2.4405140e-02
2.4944060e-02
2.6509000e-02
2.8594260e-02
3.0540420e-02
3.2609820e-02
3.4265540e-02
3.4551450e-02
3.4545620e-02
3.4186360e-02
3.2784570e-02
3.1302570e-02
2.8762370e-02
2.4504950e-02
1.8998080e-02
1.4681280e-02
1.3343500e-02
1.4541280e-02
1.5055020e-02
1.5926370e-02
1.8905710e-02
2.2397320e-02
2.5106450e-02
2.8281770e-02
3.0646780e-02
3.2464760e-02
3.4542700e-02
3.6220270e-02
3.6511490e-02
3.6476100e-02
3.6075280e-02
3.4981580e-02
3.3792840e-02
3.1134140e-02
2.9104570e-02
2.6962270e-02
2.4478220e-02
2.0761480e-02
1.7046130e-02
1.4753050e-02
1.2948090e-02
1.1984010e-02
1.2405280e-02
1.0990820e-02
6.2460530e-03
4.4804790e-03
3.3568210e-03
1.2882070e-03
-7.8840750e-04
-2.5900180e-03
-3.7475090e-03
-4.5144260e-03
-4.6635720e-03
-4.7461320e-03
-4.3037530e-03
-3.0666960e-03
-2.3747050e-03
-8.6818170e-04
1.3681490e-03
2.9624290e-03
3.5508600e-03
4.5425160e-03
6.9541900e-03
1.1222810e-02
1.2314370e-02
1.1931990e-02
1.3043250e-02
1.4694930e-02
1.5044190e-02
1.4971870e-02
1.4620530e-02
1.3395790e-02
1.1505690e-02
7.4014030e-03
3.0934890e-03
-7.4105980e-04
-4.6248330e-03
-8.4790350e-03
-1.2444200e-02
-1.6517180e-02
-1.9143800e-02
-1.8817540e-02
-2.0444870e-02
-2.6870210e-02
-2.9552980e-02
-3.0168240e-02
-3.1591050e-02
-3.2330030e-02
-3.2649440e-02
-3.2143530e-02
-3.2023820e-02
-3.1751700e-02
-3.0124910e-02
-2.8415490e-02
-2.5291440e-02
-2.0138910e-02
-1.8800120e-02
-1.9395300e-02
-1.9397740e-02
-1.8796130e-02
-2.0131580e-02
-2.5321020e-02
-2.8436590e-02
-2.9929420e-02
-3.2132030e-02
-3.4623690e-02
-3.6083650e-02
-3.7854540e-02
-3.9587990e-02
-4.0037510e-02
-3.9594840e-02
-3.7910760e-02
-3.5865270e-02
-3.4083060e-02
-3.1559750e-02
-2.8602270e-02
-2.7647480e-02
-2.6499560e-02
-2.3600970e-02
-1.9954220e-02
-1.8844780e-02
-1.7408740e-02
-1.4471330e-02
-1.1501360e-02
-8.3225570e-03
-5.0118850e-03
-2.2535690e-03
8.7034500e-04
3.3643470e-03
6.0067420e-03
9.2126810e-03
1.1646850e-02
1.2282600e-02
1.2755850e-02
1.2985360e-02
1.2926100e-02
1.3017850e-02
1.2801060e-02
1.2064960e-02
1.1859760e-02
1.2301850e-02
1.1253940e-02
7.9230430e-03
6.4409990e-03
5.4366990e-03
5.0393020e-03
5.1569670e-03
5.0289060e-03
5.2890510e-03
6.8721120e-03
9.3080850e-03
1.1597790e-02
1.2349120e-02
1.2583710e-02
1.2164660e-02
1.2113030e-02
1.1324380e-02
9.8981150e-03
1.1360510e-02
1.2001180e-02
1.2289060e-02
1.4552750e-02
1.7017340e-02
1.9645630e-02
2.2898920e-02
2.6380530e-02
2.8650640e-02
3.0573340e-02
3.2392440e-02
3.2435850e-02
3.0615460e-02
2.8378190e-02
2.6873730e-02
2.6330340e-02
2.4806600e-02
2.2689570e-02
2.0603160e-02
1.9093350e-02
1.8383710e-02
1.7205610e-02
1.6644600e-02
1.5858550e-02
1.4957440e-02
1.4884400e-02
1.4814280e-02
1.3911420e-02
1.3065960e-02
1.2726250e-02
1.2104180e-02
1.1900990e-02
1.1966620e-02
1.1920350e-02
1.1908150e-02
1.2273620e-02
1.1362040e-02
7.6136790e-03
4.8969990e-03
3.1007450e-03
1.3185920e-03
2.5389740e-04
-8.6976450e-04
-2.6251000e-03
-3.6181860e-03
-3.7400200e-03
-4.6613950e-03
-6.6201000e-03
-8.3594770e-03
-9.8824540e-03
-1.2165530e-02
-1.3501620e-02
-1.4600280e-02
-1.6053730e-02
-1.6718820e-02
-1.7034320e-02
-1.6533710e-02
-1.6431750e-02
-1.6213710e-02
-1.4411550e-02
-1.2731860e-02
-1.2103300e-02
-1.0747680e-02
-9.5316700e-03
-8.3446230e-03
-6.9780410e-03
-6.1937490e-03
-4.9652470e-03
-4.5662910e-03
-4.5316020e-03
-4.8104870e-03
-6.6197460e-03
-8.4219550e-03
-8.6005000e-03
-8.7135700e-03
-9.3603170e-03
-8.6300200e-03
-6.6013020e-03
-4.7073120e-03
-3.5551130e-03
-2.9308350e-03
-2.3663630e-03
-1.1642320e-03
-3.2164120e-04
7.9198190e-04
1.5215750e-03
3.0345750e-03
4.8847460e-03
7.6140230e-03
1.1305660e-02
1.2388920e-02
1.2593740e-02
1.3365370e-02
1.4270570e-02
1.3359820e-02
1.2934300e-02
1.1489320e-02
7.6138270e-03
4.6770920e-03
2.4857150e-03
9.1209720e-04
-5.1783960e-04
-8.9488470e-04
-7.4404130e-04
-6.1744670e-04
-1.0684390e-03
-2.3336940e-03
-2.9676370e-03
-4.6284820e-03
-7.4542570e-03
-1.0737890e-02
-1.4232480e-02
-1.6591970e-02
-1.7969020e-02
-1.9868810e-02
-2.3694520e-02
-2.6348100e-02
-2.8203850e-02
-2.9862860e-02
-3.0155550e-02
-3.0102030e-02
-2.9852520e-02
-2.8603390e-02
-2.5318180e-02
-2.0163900e-02
-1.8834660e-02
-1.9442910e-02
-1.9356370e-02
-1.8172270e-02
-1.6708580e-02
-1.6035830e-02
-1.4654780e-02
-1.3464000e-02
-1.2268470e-02
-1.0894660e-02
-1.0103650e-02
-8.9939740e-03
-8.2331540e-03
-6.9081780e-03
-5.3756180e-03
-3.9890510e-03
-3.4452570e-03
-2.8934990e-03
-2.5949780e-03
-2.8574880e-03
-3.5549720e-03
-3.8461430e-03
-3.5516090e-03
-2.8403930e-03
-2.6480920e-03
-2.8572960e-03
-2.4362230e-03
-1.1708700e-03
-4.0952450e-04
9.5357490e-04
2.2054380e-03
3.3774370e-03
4.3661440e-03
6.1883060e-03
1.0924160e-02
1.2396430e-02
1.1884130e-02
1.1802970e-02
1.2079480e-02
1.2637780e-02
1.3252840e-02
1.4498990e-02
1.5043680e-02
1.5807320e-02
1.6734260e-02
1.6874980e-02
1.6642860e-02
1.7070760e-02
1.8528600e-02
1.8687040e-02
1.8191750e-02
1.8103650e-02
1.7440320e-02
1.8317980e-02
1.8886230e-02
1.8874990e-02
1.8416040e-02
1.7206220e-02
1.6549240e-02
1.4668450e-02
1.2530880e-02
1.1120790e-02
7.6116100e-03
4.8766810e-03
2.9939740e-03
1.4847020e-03
7.6020950e-04
-3.4979930e-04
-1.1911620e-03
-2.4522680e-03
-2.8587090e-03
-2.7400760e-03
-2.7377620e-03
-2.6774560e-03
-2.8334310e-03
-3.7229980e-03
-4.5018340e-03
-5.0570200e-03
-6.2353650e-03
-6.9973060e-03
-8.3732750e-03
-9.6966960e-03
-1.0589630e-02
-1.0291540e-02
-9.1069130e-03
-8.0048310e-03
-5.2418590e-03
-2.3255490e-03
8.5987040e-04
3.2532720e-03
5.1887480e-03
6.5014880e-03
7.8409590e-03
1.1127490e-02
1.2200610e-02
1.2232800e-02
1.1130350e-02
7.6952970e-03
6.8084970e-03
6.8861060e-03
5.0727510e-03
3.3669620e-03
2.8235500e-03
1.1960010e-03
-6.5442540e-04
-9.3448010e-04
-7.6385950e-04
-7.6849740e-04
-9.4161260e-04
-5.0321160e-04
7.2122250e-04
1.5884020e-03
2.7424920e-03
3.4881330e-03
4.2277790e-03
6.6386800e-03
9.9005300e-03
6.6342570e-03
4.2263690e-03
3.4971090e-03
2.7360730e-03
1.5074770e-03
9.2547790e-04
1.8655490e-04
-7.3315450e-04
-8.5955760e-04
-7.9257880e-04
-8.9269140e-04
-6.1051630e-04
8.8615640e-04
3.1847830e-03
7.2975670e-03
1.1244380e-02
1.2503500e-02
1.4477490e-02
1.6793830e-02
1.8862760e-02
2.0484620e-02
2.0730170e-02
2.0736320e-02
2.0638770e-02
1.8585240e-02
1.4974390e-02
1.2673850e-02
1.2260040e-02
1.1274120e-02
7.4359990e-03
5.0274380e-03
4.8220380e-03
5.0198980e-03
7.4304690e-03
1.1311260e-02
1.2155750e-02
1.1841680e-02
1.2942140e-02
1.4448690e-02
1.5353760e-02
1.6155100e-02
1.5298980e-02
1.4375400e-02
1.3296030e-02
1.1439050e-02
7.1788260e-03
3.1449470e-03
1.0217640e-03
-8.4603130e-04
-2.7415510e-03
-3.6759620e-03
-3.9602820e-03
-4.5842000e-03
-4.6814460e-03
-5.0335600e-03
-6.2757100e-03
-7.0651330e-03
-8.4364960e-03
-9.6175340e-03
-1.0809760e-02
-1.2202290e-02
-1.2972460e-02
-1.4069490e-02
-1.4913350e-02
-1.6183180e-02
-1.6567350e-02
-1.6423500e-02
-1.6586290e-02
-1.6305750e-02
-1.4473610e-02
-1.2872560e-02
-1.2200590e-02
-9.7871740e-03
-6.7153540e-03
-4.7513850e-03
-3.6635500e-03
-2.9697990e-03
-2.6669260e-03
-1.8269840e-03
-9.3860230e-04
-7.8259930e-04
-7.6756080e-04
-1.0413710e-03
-1.6837330e-03
-8.3543630e-04
1.0504420e-03
2.1268940e-03
2.7494590e-03
5.7588670e-03
1.1008320e-02
1.2260300e-02
1.1858540e-02
1.2690200e-02
1.3877590e-02
1.4687900e-02
1.4876310e-02
1.4696600e-02
1.3819940e-02
1.2684400e-02
1.2230190e-02
1.1336880e-02
7.2114920e-03
3.1023980e-03
1.0340490e-03
-1.0192010e-03
-3.4963890e-03
-4.9907780e-03
-6.6292530e-03
-8.6559820e-03
-1.0761070e-02
-1.2294040e-02
-1.2984180e-02
-1.4089170e-02
-1.4941670e-02
-1.6201550e-02
-1.6613560e-02
-1.6473850e-02
-1.6470900e-02
-1.6512680e-02
-1.6505280e-02
-1.6347750e-02
-1.6781020e-02
-1.8171460e-02
-1.8515340e-02
-1.8580530e-02
-1.9251870e-02
-1.9488790e-02
-1.9469710e-02
-1.9445980e-02
-1.9076540e-02
-2.0131020e-02
-2.3604800e-02
-2.4662040e-02
-2.4277640e-02
-2.4263770e-02
-2.4308760e-02
-2.4362370e-02
-2.4215140e-02
-2.3540890e-02
-2.2009030e-02
-1.9847930e-02
-1.9070580e-02
-1.8738830e-02
-1.8243900e-02
-1.6620400e-02
-1.4527570e-02
-1.2584780e-02
-1.0659290e-02
-8.7124730e-03
-6.6684120e-03
-4.8738170e-03
-3.8376360e-03
-2.6539740e-03
-1.1155670e-03
-7.5256830e-04
-8.9737730e-04
-9.2178690e-04
-8.9871780e-04
-7.5430290e-04
-1.1168570e-03
-2.6621550e-03
-3.8451200e-03
-4.8616820e-03
-6.6725570e-03
-8.8435580e-03
-1.0359620e-02
-1.1044380e-02
-1.2307070e-02
-1.2743310e-02
-1.2585220e-02
-1.2580780e-02
-1.2754480e-02
-1.2342150e-02
-1.0929860e-02
-1.0503480e-02
-1.0740920e-02
-1.0613690e-02
-9.6641530e-03
-8.7703350e-03
-8.7687180e-03
-8.4282000e-03
-7.1782020e-03
-6.3976700e-03
-4.9506580e-03
-3.9206430e-03
-3.6129510e-03
-3.0667700e-03
-2.7006500e-03
-2.0225050e-03
-7.0562820e-04
7.7912830e-04
1.5153770e-03
2.0636710e-03
4.3934870e-03
1.0536490e-02
1.2361400e-02
1.1755620e-02
1.2711740e-02
1.4683110e-02
1.6717580e-02
1.8612950e-02
2.0557110e-02
2.2518160e-02
2.4612190e-02
2.6122950e-02
2.6829820e-02
2.8074440e-02
2.8518290e-02
2.8377200e-02
2.8351690e-02
2.8379320e-02
2.8511280e-02
2.8069020e-02
2.6845380e-02
2.6131780e-02
2.4460250e-02
2.2808630e-02
2.2229990e-02
2.0625070e-02
1.8756160e-02
1.7561180e-02
1.5498250e-02
1.3128130e-02
1.2418270e-02
1.1950380e-02
1.1732310e-02
1.1773940e-02
1.1779080e-02
1.1774530e-02
1.1783160e-02
1.1781590e-02
1.1705320e-02
1.1912180e-02
1.2613420e-02
1.2821780e-02
1.2734770e-02
1.2726790e-02
1.2831090e-02
1.2622670e-02
1.1869840e-02
1.1656190e-02
1.2102930e-02
1.1194480e-02
7.4186500e-03
4.6961510e-03
3.0018970e-03
1.0589220e-03
-1.0015470e-03
-2.6836150e-03
-4.1317280e-03
-6.5592890e-03
-8.8073330e-03
-1.0823300e-02
-1.2323650e-02
-1.3045340e-02
-1.4299200e-02
-1.4703690e-02
-1.4583660e-02
-1.4727060e-02
-1.4301350e-02
-1.2919540e-02
-1.2644230e-02
-1.2381310e-02
-1.0992850e-02
-1.0547300e-02
-1.0709830e-02
-1.0731090e-02
-1.0634200e-02
-1.0761360e-02
-1.1650700e-02
-1.2586450e-02
-1.2864310e-02
-1.2214230e-02
-1.1248920e-02
-1.2235610e-02
-1.2800350e-02
-1.2659280e-02
-1.2630080e-02
-1.2644770e-02
-1.2631160e-02
-1.2745560e-02
-1.2483520e-02
-1.0950370e-02
-8.3568280e-03
-5.3284780e-03
-3.4623220e-03
-1.0962150e-03
1.0116780e-03
1.9779650e-03
3.0784940e-03
4.8077900e-03
6.0700820e-03
6.4291330e-03
7.6369950e-03
1.1057210e-02
1.2067160e-02
1.1681360e-02
1.2040160e-02
1.1179700e-02
7.4257780e-03
4.6740180e-03
2.9903690e-03
1.0630200e-03
-1.0024680e-03
-2.8226760e-03
-3.8366370e-03
-5.0128740e-03
-6.5431000e-03
-7.0624380e-03
-6.5377020e-03
-5.0120740e-03
-3.8563250e-03
-2.8241000e-03
-8.6841050e-04
7.2453210e-04
1.4232790e-03
2.5837830e-03
3.4240770e-03
4.1449420e-03
6.0303050e-03
1.0763570e-02
1.2236900e-02
1.1713410e-02
1.1699030e-02
1.1768040e-02
1.1778100e-02
1.1747960e-02
1.1762070e-02
1.1757350e-02
1.1762450e-02
1.1756690e-02
1.1761740e-02
1.1758840e-02
1.1761280e-02
1.1755480e-02
1.1765540e-02
1.1770250e-02
1.1733620e-02
1.1726430e-02
1.1961860e-02
1.1461070e-02
8.9590160e-03
7.0889810e-03
6.4753500e-03
5.2526500e-03
4.8012130e-03
4.9109860e-03
4.9382460e-03
5.0532260e-03
4.6160030e-03
3.3652200e-03
2.6735530e-03
1.1700320e-03
-9.9121540e-04
-2.8830340e-03
-3.7656880e-03
-4.0297210e-03
-4.6739050e-03
-4.9706510e-03
-4.6972560e-03
-3.9908510e-03
-3.7817340e-03
-3.8580660e-03
-3.9423970e-03
-3.7173350e-03
-3.0050890e-03
-2.8014500e-03
-3.0123250e-03
-2.6012380e-03
-1.3259690e-03
-4.9445610e-04
5.9691630e-04
1.4292780e-03
2.6762470e-03
3.0948730e-03
3.0943160e-03
2.6765180e-03
1.4319920e-03
6.0551610e-04
-5.0398320e-04
-1.3374180e-03
-2.5166340e-03
-3.0846630e-03
-3.8711940e-03
-4.6189940e-03
-5.0472750e-03
-6.7203070e-03
-8.6631970e-03
-9.7182750e-03
-1.0867840e-02
-1.2281720e-02
-1.3079150e-02
-1.4162770e-02
-1.4861530e-02
-1.6541190e-02
-1.8268250e-02
-1.8763630e-02
-1.9302280e-02
-1.9522750e-02
-1.9471050e-02
-1.9462230e-02
-1.9466480e-02
-1.9471560e-02
-1.9467410e-02
-1.9467010e-02
-1.9452110e-02
-1.9502540e-02
-1.9406620e-02
-1.8572120e-02
-1.6436080e-02
-1.2749700e-02
-8.4984540e-03
-5.1782230e-03
-3.4611820e-03
-1.1731000e-03
1.2279960e-03
2.8412100e-03
3.1023750e-03
2.9671200e-03
3.0181540e-03
2.9946010e-03
2.8781640e-03
3.3511160e-03
4.5878930e-03
4.7959550e-03
7.0154100e-03
1.0179080e-02
8.1036750e-03
8.6078180e-03
1.1488580e-02
1.2062850e-02
1.1769590e-02
1.1681340e-02
1.1956870e-02
1.2637470e-02
1.2846740e-02
1.2762380e-02
1.2766510e-02
1.2796900e-02
1.2794950e-02
1.2636210e-02
1.3061940e-02
1.4451560e-02
1.4874520e-02
1.4721770e-02
1.4722270e-02
1.4729800e-02
1.4729420e-02
1.4800410e-02
1.4659770e-02
1.3749730e-02
1.2937240e-02
1.2597860e-02
1.1922480e-02
1.1703560e-02
1.2155750e-02
1.1243730e-02
7.3439140e-03
5.0405580e-03
4.5778120e-03
3.4361980e-03
2.8239470e-03
2.0468350e-03
1.1885000e-03
1.0289370e-03
9.4622910e-04
1.3663940e-03
2.7691280e-03
3.1866930e-03
2.8842660e-03
3.2985710e-03
4.7135910e-03
5.1341810e-03
4.9815110e-03
4.9783720e-03
4.9761400e-03
4.9923480e-03
5.1362660e-03
4.6955270e-03
3.3162460e-03
3.0502650e-03
2.7563100e-03
1.3859570e-03
1.0934100e-03
8.0718390e-04
-5.6536200e-04
-8.6988330e-04
-1.1310180e-03
-2.4329420e-03
-3.1003500e-03
-3.6359400e-03
-3.7591670e-03
-3.9311200e-03
-4.6020890e-03
-4.7449900e-03
-4.9770290e-03
-5.4462150e-03
-4.8312590e-03
-4.9753490e-03
-6.3494350e-03
-6.9191000e-03
-7.6840460e-03
-8.5750310e-03
-8.5759090e-03
-8.9156470e-03
-1.0333080e-02
-1.0757440e-02
-1.0445630e-02
-1.0867310e-02
-1.2292180e-02
-1.2631440e-02
-1.2606070e-02
-1.3505530e-02
-1.4436390e-02
-1.4565010e-02
-1.4486640e-02
-1.4491040e-02
-1.4488770e-02
-1.4484930e-02
-1.4620920e-02
-1.4201520e-02
-1.2947840e-02
-1.2106430e-02
-1.1005200e-02
-1.0171860e-02
-9.0442210e-03
-8.2111870e-03
-7.0976560e-03
-6.2625400e-03
-5.0857740e-03
-4.4418030e-03
-3.8876700e-03
-3.7536810e-03
-3.6109770e-03
-2.8967230e-03
-2.6781740e-03
-2.8248850e-03
-2.7021320e-03
-1.7744520e-03
-8.7856050e-04
-7.3991120e-04
-8.0524330e-04
-7.9626870e-04
-9.1831540e-04
-5.0743540e-04
7.3803310e-04
1.5990460e-03
2.7569390e-03
3.2822990e-03
4.0712900e-03
5.1273340e-03
4.8319830e-03
3.3741160e-03
3.1079720e-03
2.8522560e-03
1.4610240e-03
1.0462130e-03
1.1830770e-03
1.0493530e-03
1.4623490e-03
2.8588140e-03
3.1285950e-03
3.3792470e-03
4.7735810e-03
5.3552390e-03
4.7676310e-03
3.5033690e-03
2.8328190e-03
1.3254320e-03
-8.2289930e-04
-2.6607860e-03
-3.8393370e-03
-4.4407870e-03
-4.8868630e-03
-6.6252910e-03
-8.2938210e-03
-8.9862920e-03
-1.0209560e-02
-1.0639840e-02
-1.0584320e-02
-1.0401590e-02
-9.5980460e-03
-8.6974010e-03
-7.2960930e-03
-4.9434710e-03
-3.6150410e-03
-2.5099290e-03
-1.1136650e-03
-3.2027060e-04
7.4738980e-04
1.6137540e-03
2.9498420e-03
3.1909480e-03
2.9396840e-03
5.8033830e-03
1.1112030e-02
1.2434870e-02
1.1886610e-02
1.1900020e-02
1.1975680e-02
1.1923730e-02
1.2099390e-02
1.2660870e-02
1.3290510e-02
1.4601200e-02
1.5002750e-02
1.4953030e-02
1.4806680e-02
1.3917210e-02
1.3010020e-02
1.2954160e-02
1.2812210e-02
1.2135210e-02
1.1905190e-02
1.1940450e-02
1.1933210e-02
1.2334470e-02
1.1317960e-02
7.7755560e-03
6.4107690e-03
8.2099670e-03
1.0285580e-02
8.8565500e-03
1.0841130e-02
1.2293810e-02
1.2344750e-02
1.1290060e-02
7.7214120e-03
5.9264440e-03
4.9369830e-03
3.6035730e-03
2.9190560e-03
1.2499830e-03
-4.7722070e-04
-8.9761680e-04
-1.6473710e-03
-2.5590120e-03
-2.7212660e-03
-2.6308920e-03
-2.6383100e-03
-2.6443390e-03
-2.6440190e-03
-2.6485760e-03
-2.6494110e-03
-2.5664350e-03
-2.7800920e-03
-3.4773410e-03
-3.6861560e-03
-3.5557700e-03
-3.7503760e-03
-4.3030720e-03
-4.9573580e-03
-6.2583910e-03
-6.5315700e-03
-6.8074810e-03
-8.1685250e-03
-8.6188380e-03
-8.6198880e-03
-8.1633900e-03
-6.8036090e-03
-6.5210710e-03
-6.2546620e-03
-4.9409350e-03
-4.2780880e-03
-3.7453510e-03
-3.6145870e-03
-3.3888650e-03
-2.9277160e-03
-3.3202600e-03
-3.6570480e-03
-4.7185530e-03
-6.3219500e-03
-6.5423830e-03
-6.6438620e-03
-8.3028310e-03
-1.0583420e-02
-1.2232200e-02
-1.2336010e-02
-1.2615920e-02
-1.4029380e-02
-1.4476150e-02
-1.4303580e-02
-1.4217200e-02
-1.4531220e-02
-1.5019670e-02
-1.4511230e-02
-1.4222100e-02
-1.4378160e-02
-1.4238960e-02
-1.3306870e-02
-1.2536300e-02
-1.2126820e-02
-1.0529330e-02
-8.4234440e-03
-6.4846790e-03
-4.5568420e-03
-2.5179230e-03
-7.1030190e-04
3.2188610e-04
1.5098010e-03
3.0468510e-03
3.4146430e-03
3.2679580e-03
3.2481360e-03
3.2713110e-03
3.4182950e-03
3.0478520e-03
1.5234960e-03
3.5205330e-04
-7.5340970e-04
-2.4742540e-03
-3.4749760e-03
-3.7578630e-03
-4.2742780e-03
-4.6467820e-03
-5.6230320e-03
-6.0967270e-03
-4.9329060e-03
-4.2767060e-03
-3.5071570e-03
-2.7859140e-03
-2.3562600e-03
-5.9654430e-04
1.2108800e-03
1.3409490e-03
1.5999870e-03
3.0080040e-03
3.4536120e-03
3.2960760e-03
3.2852100e-03
3.3125570e-03
3.3140270e-03
3.3075800e-03
3.3082690e-03
3.3165580e-03
3.3169080e-03
3.2940920e-03
3.3019510e-03
3.4550490e-03
3.0359680e-03
1.6445390e-03
1.2262690e-03
1.3752390e-03
1.3861080e-03
1.3752180e-03
1.3603120e-03
1.2969430e-03
1.5788830e-03
2.0630840e-03
1.5890290e-03
1.3129670e-03
1.3062060e-03
1.4566850e-03
2.3514610e-03
3.2558440e-03
3.3940020e-03
3.3156420e-03
3.3229490e-03
3.3370990e-03
3.3332210e-03
3.3366050e-03
3.3284540e-03
3.3322760e-03
3.3554630e-03
3.3559540e-03
3.1809830e-03
3.6175670e-03
5.0748790e-03
5.4024230e-03
5.0004070e-03
6.9538720e-03
1.1362640e-02
1.2550950e-02
1.2080860e-02
1.2078760e-02
1.2147210e-02
1.2149910e-02
1.2124360e-02
1.2135530e-02
1.2145950e-02
1.2145510e-02
1.2067030e-02
1.2280030e-02
1.2975650e-02
1.3187340e-02
1.3110880e-02
1.3107930e-02
1.3124280e-02
1.3120800e-02
1.3109600e-02
1.3126580e-02
1.3188280e-02
1.2906250e-02
1.2496530e-02
1.2773680e-02
1.2364130e-02
1.2082080e-02
1.2143650e-02
1.2159390e-02
1.2151610e-02
1.2147990e-02
1.2152030e-02
1.2152960e-02
1.2153080e-02
1.2154140e-02
1.2147350e-02
1.2164580e-02
1.2169310e-02
1.2112830e-02
1.2102380e-02
1.2499370e-02
1.1598190e-02
7.6823140e-03
5.2424250e-03
5.3390190e-03
5.1004780e-03
3.7853950e-03
2.9066880e-03
1.8429330e-03
1.1543970e-03
-5.2764070e-04
-2.2710290e-03
-2.7577680e-03
-3.2180140e-03
-3.6600490e-03
-4.3132210e-03
-4.4341240e-03
-4.4974200e-03
-5.4065700e-03
-6.3117570e-03
-6.4492210e-03
-6.3858470e-03
-6.3933630e-03
-6.4758120e-03
-6.9987100e-03
-8.4859170e-03
-9.0067240e-03
-8.8701650e-03
-9.1321260e-03
-9.8485530e-03
-1.0500920e-02
-1.0742390e-02
-9.6133680e-03
-9.1984500e-03
-9.5142150e-03
-9.0860380e-03
-8.1661630e-03
-7.8480920e-03
-6.1944500e-03
-5.5438930e-03
-5.7888900e-03
-5.8322870e-03
-5.8480030e-03
-5.9435650e-03
-5.7862770e-03
-5.1296840e-03
-4.9477590e-03
-5.0512510e-03
-5.1542540e-03
-4.9604240e-03
-4.3282520e-03
-4.1516160e-03
-4.1771930e-03
-4.3955230e-03
-5.0797360e-03
-5.3009980e-03
-5.1650770e-03
-5.2376820e-03
-6.2844140e-03
-7.6483810e-03
-8.3354040e-03
-9.2926730e-03
-9.8899830e-03
-1.1357190e-02
-1.2792990e-02
-1.3305300e-02
-1.4159860e-02
-1.4768480e-02
-1.5718620e-02
-1.5889480e-02
-1.5683060e-02
-1.5102960e-02
-1.3787870e-02
-1.2837880e-02
-1.1689150e-02
-1.0885700e-02
-9.2604450e-03
-7.6745120e-03
-6.9070030e-03
-5.7242330e-03
-5.3659240e-03
