0.01
-3.9301000e-04
-1.5797830e-03
-2.3980740e-03
-2.6860520e-03
-2.8231680e-03
-2.9178640e-03
-2.6282160e-03
-1.7876660e-03
-1.0616400e-03
-1.2610800e-03
-1.8764100e-03
-2.0985790e-03
-1.6689050e-03
-1.1396050e-04
1.8314180e-03
3.2286940e-03
3.9339600e-03
4.2534800e-03
5.2519900e-03
6.5141000e-03
5.8734060e-03
2.9831590e-03
-4.6774560e-04
-1.5814340e-03
2.4044640e-05
1.8157610e-03
1.9695700e-03
1.5660060e-03
2.2385280e-03
2.9687590e-03
2.0058980e-03
-3.6691950e-04
-2.8177460e-03
-3.9326590e-03
-3.0375860e-03
-1.2247860e-03
-5.8079080e-04
-9.0584720e-04
-2.3294820e-03
-3.6148300e-03
-3.3461810e-03
-2.5157590e-03
-2.3374010e-03
-3.2230940e-03
-5.1870970e-03
-6.2244590e-03
-4.7438650e-03
-1.7832360e-03
1.0083420e-03
2.3209530e-03
3.1866940e-03
5.4221350e-03
7.6428950e-03
7.4292110e-03
4.9651250e-03
3.4662670e-03
5.9636770e-03
1.0238050e-02
1.1131260e-02
6.1561580e-03
-7.9277200e-04
-4.7066300e-03
-4.1869700e-03
-1.4514480e-03
-2.9190920e-04
-2.9098020e-03
-7.6720140e-03
-1.1241460e-02
-1.1290110e-02
-1.0195550e-02
-1.0248920e-02
-1.0370180e-02
-8.8767180e-03
-5.2113910e-03
-1.8243220e-03
-9.6416660e-04
-6.8797980e-04
7.3013940e-04
2.8527630e-03
5.0033850e-03
5.5765290e-03
4.5191970e-03
4.4848470e-03
6.4809530e-03
9.0767870e-03
1.0665710e-02
9.6932920e-03
6.9578250e-03
3.8452420e-03
1.0587810e-03
-7.4409220e-04
-1.9721740e-03
-2.0637370e-03
-4.4735670e-04
1.2556270e-03
1.9863640e-03
1.5347700e-03
-3.1763430e-04
-2.4564650e-03
-3.4956140e-03
-3.1632220e-03
-2.1904510e-03
-2.5035540e-03
-3.3804530e-03
-2.5156140e-03
-5.4795370e-04
9.1391530e-04
7.1685590e-04
-4.1295630e-04
-2.8940490e-03
-6.4673940e-03
-8.4834240e-03
-8.8665700e-03
-9.2136640e-03
-9.1758150e-03
-6.4607020e-03
5.2937560e-05
7.8025530e-03
1.4138270e-02
1.7756310e-02
1.9516380e-02
1.9005260e-02
1.6422060e-02
1.2408440e-02
8.0997160e-03
3.7471670e-03
2.1016170e-03
4.5062920e-03
8.8640600e-03
1.0011390e-02
5.3173160e-03
-1.7671000e-03
-5.8091290e-03
-5.2149280e-03
-1.7261390e-03
1.3530640e-03
1.7349600e-03
1.5836940e-03
1.8185930e-03
1.6274600e-03
1.5517800e-03
1.1046170e-03
-3.2903750e-05
-4.0738560e-04
1.1566350e-03
4.1122080e-03
9.5269980e-03
1.6317180e-02
2.1393730e-02
2.1704240e-02
1.7461110e-02
1.2292310e-02
8.9762940e-03
7.8853030e-03
7.5618390e-03
4.9329700e-03
1.7645400e-03
1.2901450e-03
2.7717910e-03
3.7785410e-03
2.4838340e-03
1.1943760e-03
1.2759840e-03
3.4446420e-03
7.2737160e-03
1.1071210e-02
1.2450830e-02
1.1106050e-02
9.3563740e-03
1.0019490e-02
1.3241780e-02
1.6523740e-02
1.6404660e-02
1.4045760e-02
1.2445580e-02
1.2937690e-02
1.3701110e-02
1.2635840e-02
1.1485720e-02
1.1974460e-02
1.5892530e-02
2.1647500e-02
2.6429190e-02
3.0776970e-02
3.4775380e-02
3.8960310e-02
4.4258720e-02
5.0693970e-02
5.8099400e-02
6.5440190e-02
7.1803950e-02
7.6718540e-02
8.0223220e-02
8.3002650e-02
8.5434260e-02
8.7311210e-02
8.7968890e-02
8.8212230e-02
8.7387640e-02
8.5170410e-02
8.0182670e-02
7.2211940e-02
6.1785880e-02
4.9017810e-02
3.5181770e-02
2.0446240e-02
6.0777300e-03
-5.4008290e-03
-1.1981740e-02
-1.3506960e-02
-1.1777590e-02
-8.5781070e-03
-6.9150160e-03
-1.0541800e-02
-2.0960430e-02
-3.6844240e-02
-5.4870740e-02
-7.4935390e-02
-9.6261370e-02
-1.1569880e-01
-1.3128080e-01
-1.4168300e-01
-1.4739340e-01
-1.4865670e-01
-1.4776480e-01
-1.4583810e-01
-1.4348220e-01
-1.4133400e-01
-1.4115480e-01
-1.4238000e-01
-1.4324360e-01
-1.4205960e-01
-1.3636050e-01
-1.2533950e-01
-1.0908220e-01
-8.7923460e-02
-6.3629690e-02
-3.6499970e-02
-9.5604210e-03
1.3329540e-02
3.0588420e-02
4.1939950e-02
5.0437820e-02
5.8182640e-02
6.5673220e-02
7.2412290e-02
7.5694890e-02
7.4636910e-02
6.8719110e-02
5.9006450e-02
4.8117500e-02
3.4920870e-02
1.6940500e-02
-7.6920610e-03
-3.7117920e-02
-6.7875740e-02
-9.5681480e-02
-1.1664530e-01
-1.2859750e-01
-1.3412120e-01
-1.3582200e-01
-1.3341800e-01
-1.2409530e-01
-1.0741650e-01
-8.5186890e-02
-6.3705940e-02
-5.0500220e-02
-4.8395640e-02
-5.3649220e-02
-6.0373100e-02
-6.4326730e-02
-6.4551650e-02
-6.0844220e-02
-5.2645120e-02
-4.1817900e-02
-3.0326680e-02
-1.9673580e-02
-1.0188100e-02
9.8679540e-04
1.7416230e-02
3.9540630e-02
6.4614570e-02
8.6207650e-02
1.0205920e-01
1.1153970e-01
1.1504570e-01
1.1454670e-01
1.1177370e-01
1.0606050e-01
9.6513180e-02
8.4030600e-02
7.0499480e-02
5.9224230e-02
5.3028900e-02
5.2151970e-02
5.4477480e-02
5.8777870e-02
6.3865370e-02
6.7907250e-02
6.9735930e-02
6.7365590e-02
6.0359950e-02
5.0624360e-02
4.1454150e-02
3.4489990e-02
2.8577750e-02
2.1649780e-02
1.3949760e-02
6.6343990e-03
3.5000690e-03
6.2157460e-03
1.2692170e-02
2.1165380e-02
2.7865340e-02
2.8857500e-02
2.5255190e-02
2.1242520e-02
1.8830440e-02
1.7078810e-02
1.5741800e-02
1.4297180e-02
1.2995440e-02
1.0386590e-02
7.2001340e-03
4.5352150e-03
2.5394740e-03
3.1844470e-03
7.3271810e-03
1.4751840e-02
2.0886860e-02
2.2759410e-02
2.1716860e-02
2.2264010e-02
2.5803960e-02
3.0700940e-02
3.3950170e-02
3.2432170e-02
2.7330830e-02
2.3414330e-02
2.1613930e-02
2.2587790e-02
2.3658970e-02
2.1814090e-02
1.7235760e-02
1.0174850e-02
6.0881290e-04
-1.0441390e-02
-1.9887480e-02
-2.5373720e-02
-2.6535550e-02
-3.0194740e-02
-4.7216820e-02
-7.1951560e-02
-8.5271590e-02
-8.6783300e-02
-8.2792320e-02
-7.5241790e-02
-6.4645920e-02
-5.1642310e-02
-3.7126250e-02
-2.1924600e-02
-8.4380570e-03
2.7992620e-03
1.1187760e-02
1.7849440e-02
2.2662510e-02
2.5827540e-02
2.7001030e-02
2.7195880e-02
2.6761700e-02
2.5576450e-02
2.5390510e-02
2.6751680e-02
2.7613800e-02
2.7881670e-02
2.5333750e-02
1.9290760e-02
1.0858230e-02
9.4073640e-04
-8.3889010e-03
-1.6401120e-02
-2.2428970e-02
-2.6442470e-02
-2.8968860e-02
-3.1835980e-02
-3.4926320e-02
-3.7306280e-02
-3.8434410e-02
-3.7341390e-02
-3.5461310e-02
-3.2478750e-02
-3.0531700e-02
-3.0802630e-02
-3.3344800e-02
-3.6827680e-02
-3.9090650e-02
-3.9379600e-02
-3.7690140e-02
-3.2188080e-02
-2.3942170e-02
-1.5585770e-02
-9.0396830e-03
-4.7067350e-03
-2.0711990e-03
-8.6405860e-04
1.7405410e-04
2.8917490e-03
6.3265940e-03
8.8962760e-03
1.0650620e-02
1.0093320e-02
6.4302990e-03
1.2618670e-03
-4.4013140e-03
-9.1053150e-03
-1.1348770e-02
-1.2900000e-02
-1.4066910e-02
-1.4358390e-02
-1.3399790e-02
-1.0607070e-02
-6.6950660e-03
-2.6556530e-03
1.6931110e-03
5.1453410e-03
8.3421950e-03
1.2466200e-02
1.6391290e-02
2.0004320e-02
2.1967000e-02
2.2301850e-02
2.0042080e-02
1.5339990e-02
9.8087890e-03
4.0688540e-03
-5.9331580e-04
-2.1431220e-03
-2.7614700e-04
2.5252550e-03
4.7308740e-03
5.2233300e-03
4.6426900e-03
3.1485210e-03
1.7645820e-03
-1.0666960e-03
-5.3322690e-03
-1.1421760e-02
-1.7076750e-02
-2.0603640e-02
-2.2249890e-02
-2.1937230e-02
-1.9152380e-02
-1.4549920e-02
-8.1801360e-03
5.9632380e-04
1.0563340e-02
1.9525310e-02
2.7034550e-02
3.1836710e-02
3.4337060e-02
3.5763260e-02
3.7598730e-02
3.9837940e-02
4.1790890e-02
4.1216510e-02
3.7792490e-02
3.2794660e-02
2.8683720e-02
2.5452300e-02
2.2497760e-02
1.9305030e-02
1.6602380e-02
1.5086060e-02
1.4236700e-02
1.2338990e-02
8.7761130e-03
5.5604780e-03
3.0986540e-03
1.0081300e-03
-2.1520940e-03
-5.9414030e-03
-1.0278110e-02
-1.3650030e-02
-1.6166830e-02
-1.8046260e-02
-1.9335630e-02
-1.9640820e-02
-1.9792040e-02
-1.8982800e-02
-1.6274130e-02
-1.2514610e-02
-8.7032500e-03
-4.1684380e-03
1.1462040e-03
7.5084000e-03
1.3236860e-02
1.6573460e-02
1.7925830e-02
1.8362220e-02
1.8438190e-02
1.7974190e-02
1.6914420e-02
1.6102010e-02
1.5096250e-02
1.3709410e-02
1.3423480e-02
1.4169970e-02
1.5464280e-02
1.5969890e-02
1.5345780e-02
1.4316620e-02
1.3748830e-02
1.3359430e-02
1.1506600e-02
8.7361580e-03
6.3388200e-03
5.2325910e-03
4.5012530e-03
4.0359520e-03
4.2902520e-03
4.4604290e-03
4.5516860e-03
5.0040730e-03
6.0333580e-03
7.3918270e-03
7.3360720e-03
6.5416040e-03
5.5241390e-03
5.3138910e-03
5.0730840e-03
3.7211240e-03
1.4835580e-03
-1.5430730e-03
-4.8739250e-03
-7.9065110e-03
-1.1786160e-02
-1.6790830e-02
-2.1153210e-02
-2.3724580e-02
-2.5455410e-02
-2.5978490e-02
-2.5214520e-02
-2.3601650e-02
-2.1269820e-02
-1.9279160e-02
-1.7285530e-02
-1.5665190e-02
-1.5061800e-02
-1.5358540e-02
-1.5922030e-02
-1.5218450e-02
-1.4374970e-02
-1.4306720e-02
-1.4344950e-02
-1.3597030e-02
-1.1722830e-02
-9.5625060e-03
-7.1394790e-03
-5.9607220e-03
-5.7557880e-03
-6.6111370e-03
-9.3367630e-03
-1.2277820e-02
-1.5565720e-02
-1.8518940e-02
-2.0534890e-02
-2.1010090e-02
-2.0398190e-02
-1.9976560e-02
-1.9894260e-02
-1.9162740e-02
-1.8090890e-02
-1.7263370e-02
-1.5800120e-02
-1.4058810e-02
-1.3155970e-02
-1.2469970e-02
-1.1933710e-02
-1.1564890e-02
-1.0716440e-02
-9.8889740e-03
-8.9648310e-03
-8.0795480e-03
-7.4398050e-03
-6.6665950e-03
-6.7389010e-03
-6.9973110e-03
-6.2816050e-03
-4.7147320e-03
-3.0085530e-03
-1.1946190e-03
6.8893320e-04
2.9198840e-03
5.4340770e-03
7.8400200e-03
1.0738970e-02
1.3851450e-02
1.7126600e-02
2.0287930e-02
2.3125320e-02
2.5368360e-02
2.6882930e-02
2.8844930e-02
3.0819030e-02
3.2324120e-02
3.3924810e-02
3.4953480e-02
3.5670220e-02
3.5488720e-02
3.4660110e-02
3.3948570e-02
3.2903940e-02
3.1048830e-02
2.8820520e-02
2.6200740e-02
2.3914880e-02
2.2643850e-02
2.1289260e-02
1.9489160e-02
1.7154800e-02
1.3794060e-02
9.5894860e-03
5.7299000e-03
1.7469570e-03
-2.0380940e-03
-5.6322150e-03
-7.1263540e-03
-7.3053630e-03
-7.4516940e-03
-7.7207620e-03
-7.5738230e-03
-7.4273260e-03
-6.5239400e-03
-5.1261350e-03
-4.3137320e-03
-3.2966420e-03
-2.8526040e-03
-2.1425540e-03
-1.3434460e-03
-1.0561420e-03
-1.6292370e-03
-1.8437370e-03
-2.3012810e-03
-2.7007160e-03
-2.5626490e-03
-2.3726040e-03
-2.0116300e-03
-1.9349060e-03
-1.9737720e-03
-2.0034040e-03
-1.9454770e-03
-1.8297640e-03
-2.0588860e-03
-3.1504770e-03
-4.3548440e-03
-4.7831970e-03
-4.7019150e-03
-4.9219540e-03
-6.2594960e-03
-8.1058590e-03
-9.7836280e-03
-1.0892540e-02
-1.2013810e-02
-1.2840170e-02
-1.3971260e-02
-1.6157430e-02
-1.8185820e-02
-1.9414670e-02
-1.9424930e-02
-1.8989300e-02
-1.8844170e-02
-1.8609760e-02
-1.8429110e-02
-1.7919770e-02
-1.7702650e-02
-1.8309040e-02
-1.8521190e-02
-1.8394900e-02
-1.7525020e-02
-1.6397790e-02
-1.5930750e-02
-1.5281790e-02
-1.3584510e-02
-1.1776620e-02
-1.0292730e-02
-9.4424480e-03
-8.5653910e-03
-7.1305060e-03
-5.3693360e-03
-4.1524750e-03
-3.1935310e-03
-1.5500360e-03
4.7429820e-04
2.2281120e-03
3.7445630e-03
5.4510630e-03
7.2037010e-03
9.0823030e-03
1.0909110e-02
1.2405040e-02
1.3509360e-02
1.4432510e-02
1.5378120e-02
1.5713260e-02
1.6263770e-02
1.6835380e-02
1.7941080e-02
1.9778900e-02
2.1504180e-02
2.2685800e-02
2.3945680e-02
2.4532030e-02
2.3892730e-02
2.2457860e-02
2.1695230e-02
2.0523970e-02
1.8736670e-02
1.6493990e-02
1.4652200e-02
1.3965930e-02
1.3054980e-02
1.2344780e-02
1.1989000e-02
1.2096920e-02
1.2112760e-02
1.1549360e-02
1.0586790e-02
9.0769440e-03
7.7472150e-03
6.3641440e-03
6.0832640e-03
5.9094030e-03
5.2944920e-03
4.3340000e-03
3.6740800e-03
2.8143370e-03
8.4950890e-04
-8.6358950e-05
3.6684010e-04
6.1258530e-04
1.0015900e-03
1.7803870e-03
2.2482740e-03
2.7875530e-03
3.3318540e-03
3.6759390e-03
3.2875080e-03
1.8933450e-03
7.4293840e-04
-1.6293300e-04
-1.9354330e-03
-3.5005780e-03
-4.8283720e-03
-6.5281560e-03
-7.8754170e-03
-8.9172900e-03
-9.0505040e-03
-8.1531900e-03
-7.9872440e-03
-8.8611420e-03
-9.7838220e-03
-1.0073730e-02
-1.0068620e-02
-1.0344100e-02
-1.1093880e-02
-1.1784650e-02
-1.2655240e-02
-1.2967630e-02
-1.3003600e-02
-1.3062170e-02
-1.3082150e-02
-1.2644430e-02
-1.1714840e-02
-1.0471200e-02
-9.3225660e-03
-9.2398710e-03
-1.0061560e-02
-1.0910960e-02
-1.1732850e-02
-1.2515740e-02
-1.3068120e-02
-1.2496740e-02
-1.1904500e-02
-1.2347680e-02
-1.3119290e-02
-1.3393770e-02
-1.2912560e-02
-1.0859590e-02
-8.1568530e-03
-5.6344860e-03
-3.5194250e-03
-1.2814380e-03
9.7934140e-04
2.6853220e-03
3.8086340e-03
5.0236190e-03
5.7241420e-03
5.8957430e-03
6.6586490e-03
8.0048520e-03
8.5463030e-03
9.3984250e-03
1.0881340e-02
1.1446310e-02
1.1535240e-02
1.1548680e-02
1.1579470e-02
1.1682740e-02
1.1673920e-02
1.1096490e-02
9.9885280e-03
9.2392370e-03
8.4556550e-03
6.6430690e-03
4.8766090e-03
3.8712190e-03
3.5606850e-03
2.0865640e-03
-2.5569070e-04
-2.2413400e-03
-4.0999040e-03
-5.6913180e-03
-6.8352670e-03
-6.3771040e-03
-6.5277440e-03
-7.2180880e-03
-7.3784060e-03
-7.4088650e-03
-7.3325340e-03
-7.1846380e-03
-7.3938790e-03
-8.4593120e-03
-9.8303270e-03
-1.0652610e-02
-1.0855690e-02
-1.1274930e-02
-1.2460270e-02
-1.2655950e-02
-1.1686960e-02
-1.0892860e-02
-1.0151030e-02
-8.8863880e-03
-7.5911760e-03
-6.5218470e-03
-5.4168260e-03
-4.3423600e-03
-2.6388560e-03
-7.5358520e-04
1.3445150e-03
3.2991470e-03
5.2596630e-03
7.3390940e-03
9.1325640e-03
1.0299000e-02
1.0435530e-02
1.0233110e-02
9.9148900e-03
9.0815750e-03
8.7388810e-03
9.2589110e-03
1.0005670e-02
9.9856770e-03
9.5851820e-03
9.1523570e-03
8.1626190e-03
6.4827220e-03
4.7196010e-03
2.5429640e-03
-6.7022050e-05
-2.7376360e-03
-5.1740410e-03
-7.2725920e-03
-8.7975230e-03
-9.4513060e-03
-1.0148090e-02
-1.0276240e-02
-1.0221080e-02
-1.0111190e-02
-1.0172440e-02
-1.0763530e-02
-1.1427820e-02
-1.1782560e-02
-1.1223510e-02
-1.0514220e-02
-1.0402520e-02
-1.0373470e-02
-1.0304530e-02
-9.7504720e-03
-8.8369060e-03
-7.9133260e-03
-7.1844660e-03
-6.7271020e-03
-5.9845120e-03
-5.6572730e-03
-5.0589960e-03
-3.8261980e-03
-2.2557230e-03
-7.1525520e-04
3.4194980e-04
1.6512050e-03
2.8682090e-03
3.8983480e-03
5.3956290e-03
7.1603880e-03
8.7025330e-03
9.7580880e-03
1.0943430e-02
1.1672430e-02
1.2064370e-02
1.2548410e-02
1.2416790e-02
1.2288410e-02
1.2036800e-02
1.1623560e-02
1.0176110e-02
8.6030180e-03
8.2420030e-03
8.0080630e-03
7.5464960e-03
7.0715530e-03
6.6415040e-03
6.2804010e-03
6.2650090e-03
6.2451340e-03
6.2065030e-03
6.5750240e-03
7.8039180e-03
9.0203350e-03
9.2301100e-03
8.4504060e-03
7.2863660e-03
6.6645490e-03
6.3362760e-03
6.1117890e-03
6.5368950e-03
6.6187150e-03
5.3435760e-03
4.5479440e-03
4.5583340e-03
4.1370870e-03
4.0177710e-03
4.4358420e-03
5.6896850e-03
6.7172640e-03
6.9214530e-03
6.9497910e-03
6.9523880e-03
6.9653670e-03
6.9886280e-03
6.9677290e-03
7.0254890e-03
7.0518140e-03
6.9002210e-03
6.4771210e-03
6.3982510e-03
6.3871780e-03
6.0659090e-03
5.3052330e-03
4.3443530e-03
3.2192840e-03
2.0493890e-03
1.6454600e-03
1.3555330e-03
1.5844150e-04
-1.0767770e-03
-1.3962130e-03
-1.8120140e-03
-2.0773060e-03
-1.6313550e-03
-1.8651430e-03
-2.0583670e-03
-2.6638980e-03
-3.5607970e-03
-4.0046840e-03
-5.0619180e-03
-7.0427590e-03
-8.5113690e-03
-9.4107690e-03
-9.8225660e-03
-1.0263210e-02
-1.0680520e-02
-1.0579350e-02
-1.0057560e-02
-8.9952780e-03
-7.9407170e-03
-7.6396120e-03
-7.8805140e-03
-7.3856630e-03
-6.6604320e-03
-6.4744340e-03
-6.1618640e-03
-5.6902130e-03
-5.2247830e-03
-5.0621650e-03
-4.9922810e-03
-5.2526740e-03
-5.9784890e-03
-6.3354930e-03
-6.3862180e-03
-6.3889160e-03
-6.3519560e-03
-6.3445530e-03
-6.4081970e-03
-6.5044670e-03
-6.2822780e-03
-5.4871950e-03
-4.6513160e-03
-3.8951880e-03
-3.1760400e-03
-1.9108040e-03
-1.0299260e-03
-8.4262130e-04
-1.0056870e-03
-1.7811890e-03
-3.7855290e-03
-5.7504250e-03
-6.3626960e-03
-6.3984050e-03
-6.3267370e-03
-6.3636170e-03
-6.7241180e-03
-7.4982720e-03
-7.7511760e-03
-7.8561180e-03
-8.4464580e-03
-9.2083070e-03
-9.4659450e-03
-9.4121050e-03
-8.5887550e-03
-7.2333720e-03
-6.4845580e-03
-5.5399110e-03
-5.0242550e-03
-5.2721080e-03
-5.6497840e-03
-5.6697180e-03
-6.4221200e-03
-6.7878620e-03
-6.5987010e-03
-5.8578680e-03
-5.2624760e-03
-4.5262040e-03
-3.8504180e-03
-2.5937000e-03
-1.5689940e-03
-5.0722390e-04
8.8739970e-04
1.2253530e-03
1.2866530e-03
1.8867830e-03
3.0575000e-03
4.0737790e-03
5.1680800e-03
6.5567170e-03
8.3101820e-03
1.0168730e-02
1.1784750e-02
1.2724350e-02
1.3524940e-02
1.3954460e-02
1.3920130e-02
1.3439960e-02
1.2563560e-02
1.1892000e-02
1.1449730e-02
1.1042530e-02
1.0641670e-02
9.8212050e-03
9.4226970e-03
9.1783850e-03
8.9431950e-03
9.1897840e-03
9.6176790e-03
1.0755940e-02
1.1465970e-02
1.1110250e-02
1.1390160e-02
1.1991390e-02
1.2090080e-02
1.2063650e-02
1.1986530e-02
1.1973290e-02
1.2093690e-02
1.2236280e-02
1.1797870e-02
1.0365350e-02
9.4310810e-03
9.3853430e-03
9.1460840e-03
8.0198090e-03
6.6641560e-03
4.9984090e-03
2.7081570e-03
9.4725600e-04
-6.9188950e-04
-1.7112580e-03
-2.5125420e-03
-3.6812940e-03
-4.2537380e-03
-4.5843210e-03
-4.5304850e-03
-4.2608850e-03
-4.2315490e-03
-4.2425270e-03
-4.2456920e-03
-4.2247790e-03
-4.1906330e-03
-4.1790550e-03
-4.1638410e-03
-4.1168600e-03
-4.1588360e-03
-4.8667840e-03
-6.2701720e-03
-7.2624990e-03
-8.5916380e-03
-8.9162400e-03
-7.7260620e-03
-7.2612660e-03
-6.7353100e-03
-5.4104970e-03
-3.6361220e-03
-2.1203780e-03
-1.0817140e-03
9.6597110e-04
2.5637250e-03
3.2522950e-03
3.6537730e-03
3.6959870e-03
3.8733510e-03
4.6741680e-03
5.6913350e-03
6.5520340e-03
6.3364550e-03
5.4125120e-03
4.3619170e-03
3.7859970e-03
2.0685270e-03
5.5429550e-05
-1.2462730e-03
-2.1316790e-03
-3.6863460e-03
-4.3457790e-03
-4.4251970e-03
-4.4017040e-03
-4.4057850e-03
-4.4541140e-03
-4.5180250e-03
-4.5166190e-03
-4.5073460e-03
-4.5414830e-03
-4.5972380e-03
-4.4502910e-03
-3.8279970e-03
-3.2855860e-03
-2.6332150e-03
-1.5731680e-03
-4.0993400e-05
7.8507030e-04
1.6157510e-03
2.5983580e-03
3.0924700e-03
3.5230150e-03
3.5910750e-03
3.6394390e-03
3.4693620e-03
2.7902160e-03
1.6944660e-03
8.0682580e-04
6.3394840e-05
-8.5804450e-04
-1.6996300e-03
-2.0930520e-03
-2.4394860e-03
-2.3292680e-03
-2.2306390e-03
-1.8632410e-03
-9.0278070e-04
-2.7586000e-04
1.9251830e-04
1.0529050e-03
2.1129010e-03
2.7384840e-03
3.1307340e-03
2.6895830e-03
1.7371370e-03
5.2578400e-04
-5.5942370e-04
-9.5032000e-04
-1.2650410e-03
-2.0624300e-03
-2.6871110e-03
-3.0467880e-03
-2.6423220e-03
-1.7250420e-03
-3.4229360e-04
3.2438440e-04
1.1164200e-03
1.8486810e-03
2.6635240e-03
3.3327480e-03
3.8044110e-03
3.2512140e-03
2.6319500e-03
1.5968020e-03
4.9602340e-04
-1.0597180e-04
-1.0335600e-03
-2.3982780e-03
-3.8598420e-03
-5.0667830e-03
-5.7795600e-03
-6.5272670e-03
-7.6700260e-03
-8.2254700e-03
-8.5906970e-03
-8.7509680e-03
-7.6657800e-03
-6.1376040e-03
-5.5418480e-03
-5.2253420e-03
-4.5496670e-03
-4.4976000e-03
-5.0723550e-03
-5.3249980e-03
-6.2721070e-03
-7.5227970e-03
-8.1177220e-03
-7.9703760e-03
-7.2120680e-03
-6.3553330e-03
-5.5483220e-03
-4.9821760e-03
-4.1724670e-03
-3.9801480e-03
-4.1504190e-03
-4.8363510e-03
-6.2467670e-03
-7.5469750e-03
-8.0725850e-03
-8.1081430e-03
-8.2206200e-03
-8.3691130e-03
-7.9960730e-03
-6.7557000e-03
-5.7817570e-03
-5.4542450e-03
-4.7901130e-03
-4.1188030e-03
-3.4541100e-03
-2.8307390e-03
-2.0401620e-03
-1.1387460e-03
-3.9553680e-04
1.3688750e-05
1.2158100e-03
2.1582340e-03
2.6116590e-03
2.9905180e-03
3.9094250e-03
4.7646840e-03
5.7738330e-03
7.0248640e-03
7.9216270e-03
8.3493590e-03
9.2398030e-03
1.0434830e-02
1.0797770e-02
1.0978450e-02
1.1747040e-02
1.2814490e-02
1.3198910e-02
1.3032400e-02
1.2619660e-02
1.2310610e-02
1.1055060e-02
9.0613580e-03
7.2499750e-03
6.2631200e-03
5.7250480e-03
5.5853940e-03
4.9509820e-03
4.0021550e-03
3.1943040e-03
2.9423460e-03
2.2068190e-03
7.5499230e-04
-6.2057610e-04
-1.0749160e-03
-8.1117130e-04
-1.3500640e-03
-2.3280970e-03
-2.6637270e-03
-2.7778690e-03
-2.6647870e-03
-1.8912330e-03
-8.4572830e-04
-3.8070880e-04
2.4119340e-04
1.4366030e-03
2.2585480e-03
2.7460700e-03
2.8136270e-03
2.8379750e-03
2.8602000e-03
2.7791180e-03
2.5115740e-03
2.3614960e-03
2.0079380e-03
1.0356700e-03
3.2724870e-04
2.1130280e-04
2.3933440e-04
2.6913030e-04
2.3893290e-04
1.7242300e-04
2.4458190e-04
7.6343710e-04
1.4374120e-03
1.9006610e-03
2.3519910e-03
2.6989500e-03
2.7020080e-03
3.0106640e-03
4.1178160e-03
5.0380360e-03
5.5480890e-03
5.6317250e-03
5.6172350e-03
5.5911050e-03
5.6357700e-03
5.7266080e-03
5.7139120e-03
5.1578110e-03
4.0841240e-03
3.3406710e-03
2.6592000e-03
1.3274420e-03
1.1008210e-03
1.2993530e-03
5.5101970e-04
-4.5014040e-04
-1.5627360e-03
-2.6590570e-03
-4.2801830e-03
-5.7228700e-03
-6.9580290e-03
-7.9186120e-03
-8.6616930e-03
-8.6036940e-03
-8.1902850e-03
-7.8337510e-03
-7.2672280e-03
-6.4812610e-03
-6.0940940e-03
-6.1163080e-03
-6.0981310e-03
-5.6412560e-03
-4.9706170e-03
-4.6697110e-03
-4.0140530e-03
-3.4849150e-03
-2.8727980e-03
-2.2828120e-03
-1.1054120e-03
3.8356280e-04
2.0692050e-03
3.5751680e-03
5.0585050e-03
5.7028470e-03
6.1587830e-03
6.5531870e-03
7.0402090e-03
7.4432150e-03
7.3815930e-03
6.7692450e-03
5.6708300e-03
5.4753140e-03
5.4737140e-03
5.4868280e-03
5.4912620e-03
5.5103900e-03
5.5069510e-03
5.5118060e-03
5.5967510e-03
5.6238980e-03
4.8080600e-03
3.0664750e-03
1.8842510e-03
1.0319330e-03
-9.3749430e-05
-2.2870150e-03
-4.3721550e-03
-5.5336030e-03
-6.8356520e-03
-7.7369100e-03
-7.9137860e-03
-7.8816970e-03
-7.8366590e-03
-7.9344910e-03
-7.9567050e-03
-7.2238240e-03
-5.7070080e-03
-5.0788580e-03
-4.9680690e-03
-4.9396190e-03
-4.9477260e-03
-5.0624260e-03
-5.3093470e-03
-5.0401380e-03
-4.9698030e-03
-4.9204040e-03
-4.3917070e-03
-3.4731960e-03
-2.2787280e-03
-2.3604040e-03
-2.4878070e-03
-1.9441570e-03
-1.5425140e-03
-1.7658150e-03
-1.8639920e-03
-1.9584990e-03
-2.0965940e-03
-1.8644550e-03
-6.5916170e-04
3.7210890e-04
-3.8355570e-04
-1.2781150e-03
-1.8507450e-03
-1.8246300e-03
-1.7858850e-03
-1.8060200e-03
-1.8572090e-03
-1.8438220e-03
-1.6957140e-03
-1.6627740e-03
-2.4436040e-03
-4.0179780e-03
-4.1849640e-03
-3.7909870e-03
-4.3254530e-03
-4.5672500e-03
-4.6338040e-03
-4.6692170e-03
-4.5961080e-03
-4.0938200e-03
-3.3058580e-03
-2.2335480e-03
-7.9969480e-04
4.2217360e-04
8.9345230e-04
2.0232830e-03
3.1769280e-03
3.5402650e-03
3.5016100e-03
3.4103400e-03
3.5381080e-03
4.1028100e-03
4.4107780e-03
4.0282500e-03
3.5369960e-03
3.3227930e-03
3.0644820e-03
3.1209820e-03
3.3159620e-03
3.2322870e-03
3.3992180e-03
4.4176100e-03
5.5719660e-03
5.9986030e-03
6.0218490e-03
5.9823930e-03
5.9448770e-03
5.9251890e-03
6.0045270e-03
6.0574120e-03
5.5457740e-03
4.3300410e-03
3.4647250e-03
3.1650320e-03
2.3984950e-03
1.4229970e-03
5.6291710e-04
4.3835120e-04
4.8413210e-04
4.9717240e-04
4.3621440e-04
4.8754900e-04
8.7909680e-04
1.2685530e-03
7.0948300e-04
5.9939130e-04
2.6189220e-04
-6.7451170e-04
-1.5803250e-03
-2.1355000e-03
-2.1292050e-03
-2.1672380e-03
-2.5516450e-03
-2.9588390e-03
-2.3671580e-03
-2.1305630e-03
-2.1198790e-03
-2.1677530e-03
-2.2062520e-03
-2.1769190e-03
-2.2040610e-03
-2.5114630e-03
-3.0613470e-03
-4.1442250e-03
-4.8200980e-03
-4.8863220e-03
-4.8424800e-03
-4.8973730e-03
-5.1071900e-03
-5.0796170e-03
-4.1432600e-03
-2.6657740e-03
-2.2672760e-03
-2.2674260e-03
-2.0041060e-03
-1.2578100e-03
-7.0979150e-04
1.4957480e-04
1.1484370e-03
2.0166130e-03
1.7788160e-03
1.5167090e-03
1.7052590e-03
1.8208150e-03
2.1845730e-03
2.5734300e-03
2.7435120e-03
2.8493090e-03
3.0974190e-03
3.1191520e-03
3.0427680e-03
3.0438810e-03
3.5248050e-03
4.3819840e-03
4.7449410e-03
4.2969320e-03
3.2080670e-03
3.0239290e-03
2.9151610e-03
2.5199910e-03
1.8474580e-03
6.8263790e-04
1.5375670e-04
1.0866050e-04
1.3427990e-04
1.4765550e-04
1.1390220e-04
1.0335120e-04
1.0593880e-04
1.0860090e-04
1.0587970e-04
1.0204880e-04
1.0757440e-04
1.2279680e-04
1.1454950e-04
5.1134480e-05
4.5815870e-05
4.1796190e-04
1.1682280e-03
1.3732640e-03
1.7364580e-03
2.5176610e-03
2.7340870e-03
2.6004810e-03
2.2571140e-03
2.3491710e-03
2.3717930e-03
2.7669570e-03
4.1083810e-03
4.9252120e-03
4.5336210e-03
4.1590920e-03
4.3315990e-03
4.7272530e-03
5.4162610e-03
6.5864780e-03
7.2991850e-03
7.5699370e-03
8.0524420e-03
8.1700160e-03
7.6916000e-03
7.2685630e-03
7.1999010e-03
7.1805930e-03
7.1726800e-03
7.2129860e-03
7.0047520e-03
6.1462150e-03
5.2081740e-03
4.5602120e-03
4.4433260e-03
3.6800080e-03
2.2043160e-03
1.7363680e-03
1.5250160e-03
6.6796140e-04
-5.4379040e-04
-1.8129240e-03
-3.3103500e-03
-3.8580690e-03
-4.1330210e-03
-4.9370190e-03
-5.8688920e-03
-6.5747710e-03
-6.8760620e-03
-8.0357560e-03
-9.4457630e-03
-9.6989120e-03
-9.8112340e-03
-9.9593780e-03
-9.5555660e-03
-7.9820960e-03
-6.4259970e-03
-5.1606110e-03
-4.4948960e-03
-3.7532730e-03
-2.7937380e-03
-1.9506860e-03
-1.7913380e-03
-1.7309520e-03
-1.7171890e-03
-1.7047970e-03
-1.6972080e-03
-1.6957530e-03
-1.7033020e-03
-1.7168030e-03
-1.7031900e-03
-1.6480600e-03
-1.7282180e-03
-2.1718860e-03
-3.2241160e-03
-4.2206690e-03
-3.5795450e-03
-2.7320900e-03
-2.8689090e-03
-2.6831970e-03
-1.8939770e-03
-1.6712660e-03
-1.7411070e-03
-1.6779660e-03
-1.0536540e-03
-4.1206270e-04
-1.2748290e-04
3.9171320e-05
-3.5915420e-04
-7.8129910e-04
-1.5570540e-03
-1.8129260e-03
-1.8674840e-03
-2.0734180e-03
-2.6389370e-03
-3.4817570e-03
-4.4515410e-03
-4.6997790e-03
-4.8920770e-03
-5.5193610e-03
-6.6496280e-03
-7.5659270e-03
-7.7769130e-03
-7.2947610e-03
-5.9003110e-03
-5.2436300e-03
-5.5815810e-03
-5.5895360e-03
-5.2336100e-03
-4.5260150e-03
-3.0822370e-03
-2.2752790e-03
-1.0488360e-03
2.6427970e-04
5.0573170e-04
4.1369250e-04
2.6729590e-04
6.7875600e-04
2.0687700e-03
2.9957150e-03
3.0487740e-03
3.3999610e-03
4.5751300e-03
5.3687990e-03
5.7163940e-03
5.8322760e-03
6.5850430e-03
7.7339400e-03
8.4334490e-03
8.7260050e-03
8.7282870e-03
8.1711180e-03
7.0957280e-03
6.1620370e-03
5.9638170e-03
5.3030750e-03
4.3403200e-03
3.5312530e-03
3.2275310e-03
2.4970590e-03
1.3069210e-03
2.5096820e-04
-9.8696100e-04
-2.0192750e-03
-2.2935410e-03
-2.2962920e-03
-2.3007010e-03
-2.4095410e-03
-2.4860310e-03
-2.1557750e-03
-1.3035780e-03
-9.8305080e-04
-1.0528900e-03
-1.5140260e-03
-1.8356160e-03
-6.0541670e-04
2.6191440e-04
4.0640820e-04
3.6924330e-04
2.5284700e-04
2.2545490e-04
7.8634730e-04
1.9694250e-03
1.9066500e-03
1.1352410e-03
5.1192950e-04
4.4499120e-04
5.0276690e-04
5.6379750e-04
5.2556330e-04
4.6361840e-04
4.1439580e-04
6.0270560e-04
1.2452240e-03
1.6399010e-03
7.7034640e-04
1.6549230e-03
2.9943360e-03
3.2952030e-03
3.2790590e-03
3.0395260e-03
2.7204730e-03
2.9958780e-03
3.0700820e-03
3.1033720e-03
3.1039260e-03
2.7554050e-03
1.9242010e-03
1.2843440e-03
3.8502990e-04
2.3329310e-04
6.3306630e-04
1.3042150e-03
1.9215900e-03
1.4210540e-03
6.4140220e-04
8.6666400e-05
3.9294460e-05
5.1219570e-05
4.4552370e-05
3.5486680e-05
3.3721460e-05
1.2591450e-06
-1.2883500e-04
-3.4447380e-04
-1.0012480e-04
-3.1825290e-04
-6.4274610e-04
-3.5126730e-04
-1.2596710e-04
-7.0040160e-04
-8.3235210e-04
-5.0874260e-04
-4.8118990e-05
4.6390400e-05
2.1917890e-05
-1.7776580e-04
-4.8801220e-04
-8.5620680e-04
-1.3031970e-03
-1.2891780e-03
-1.4112120e-03
-2.0862460e-03
-2.7222130e-03
-2.8222060e-03
-2.7790040e-03
-2.7629400e-03
-2.8012490e-03
-2.8882960e-03
-2.9208570e-03
-2.8542220e-03
-2.7593490e-03
-3.0794710e-03
-4.2432940e-03
-5.3740080e-03
-5.6860860e-03
-5.6913670e-03
-5.6346990e-03
-5.6818810e-03
-6.1455230e-03
-6.9932400e-03
-8.2445210e-03
-8.5389370e-03
-8.5725340e-03
-8.6072530e-03
-8.7212700e-03
-8.6727670e-03
-8.0998350e-03
-7.3801100e-03
-6.6762900e-03
-6.0570580e-03
-5.9845030e-03
-6.0841290e-03
-6.1202750e-03
-5.5661900e-03
-4.1516360e-03
-3.3546460e-03
-2.2367590e-03
-9.0652740e-04
1.1731860e-04
1.5215490e-03
2.5775800e-03
4.1730930e-03
4.7490080e-03
4.7457490e-03
5.1210200e-03
6.3460960e-03
7.2531280e-03
7.9910880e-03
9.3541770e-03
9.6787770e-03
9.9325540e-03
1.0301890e-02
1.0180130e-02
8.9545790e-03
7.4005740e-03
7.3736050e-03
8.0982590e-03
8.4292770e-03
8.4539480e-03
8.6838230e-03
8.9729270e-03
8.9999310e-03
8.6776750e-03
8.0527320e-03
7.2407960e-03
6.8227300e-03
6.6699320e-03
6.2171390e-03
5.4553160e-03
4.3392040e-03
3.8580700e-03
3.8074280e-03
3.9425150e-03
3.9965400e-03
3.2919430e-03
1.7452480e-03
1.0903890e-03
1.0399270e-03
1.1030200e-03
1.1012800e-03
8.8383090e-04
5.0227050e-04
6.4926740e-04
1.0124350e-03
6.5246300e-04
-5.0203930e-05
-2.0623590e-04
-5.4188260e-04
-1.1537730e-03
-1.4099040e-03
-4.8094070e-04
5.1712450e-04
-1.0081680e-04
-1.3714260e-03
-1.5767590e-03
-1.4758350e-03
-1.5985190e-03
-2.3618060e-03
-2.9920370e-03
-2.9758200e-03
-2.5340530e-03
-2.2666750e-03
-2.3996780e-03
-3.3727740e-03
-4.2257720e-03
-3.5259920e-03
-2.5683690e-03
-2.3347980e-03
-2.0559430e-03
-1.6560790e-03
-1.6082710e-03
-1.6250750e-03
-1.6100370e-03
-1.5997790e-03
-1.5983300e-03
-1.6073820e-03
-1.6107240e-03
-1.5856290e-03
-1.5629930e-03
-1.6866100e-03
-2.0540140e-03
-2.1688840e-03
-2.2507600e-03
-2.7684950e-03
-2.6390850e-03
-2.6060430e-03
-2.6800180e-03
-3.4998450e-03
-4.0506820e-03
-4.4606810e-03
-4.3801420e-03
-4.4611530e-03
-5.3358920e-03
-6.6742760e-03
-6.2486900e-03
-6.2275820e-03
-7.0685150e-03
-7.3776120e-03
-7.5403460e-03
-7.6407370e-03
-7.1121540e-03
-5.7151620e-03
-5.4082260e-03
-5.9524870e-03
-5.9331410e-03
-5.2968480e-03
-4.7889370e-03
-4.7223440e-03
-4.8115710e-03
-4.9466250e-03
-4.5944500e-03
-3.1121660e-03
-1.6768820e-03
-1.2728160e-03
-1.9179690e-03
-1.1876990e-03
2.6157780e-04
7.3176050e-04
7.4172660e-04
6.9507120e-04
7.2988500e-04
8.2066180e-04
7.4677700e-04
1.7630640e-04
-4.9793890e-04
-6.5577770e-04
-6.0115960e-04
-5.7390210e-04
-9.6929280e-04
-1.8386110e-03
-1.7987920e-03
-6.6202940e-04
1.3272780e-04
5.8107090e-04
6.1568790e-04
6.0452810e-04
6.1453120e-04
6.2066650e-04
6.1367160e-04
6.1412410e-04
6.5347480e-04
7.0518280e-04
7.1291210e-04
7.0401540e-04
6.9979560e-04
7.3637120e-04
7.9971460e-04
8.1479860e-04
7.1762520e-04
6.2847400e-04
1.1886470e-03
2.7097470e-03
3.3336160e-03
3.2132110e-03
3.5203240e-03
3.6453020e-03
3.6976160e-03
3.6916980e-03
3.6901830e-03
3.7031590e-03
3.6641820e-03
3.4473750e-03
3.1459150e-03
2.5434210e-03
1.6971260e-03
2.4710410e-03
3.5090050e-03
3.6922320e-03
3.6720320e-03
3.6551750e-03
3.6694020e-03
3.6736830e-03
3.6781210e-03
3.7246600e-03
3.8131710e-03
3.7061340e-03
2.9771190e-03
1.9085490e-03
1.2450310e-03
