0.01
1.0447900e-02
1.8372970e-02
2.4319190e-02
2.8211260e-02
3.1928420e-02
3.3210720e-02
3.1093020e-02
2.5531740e-02
2.0471040e-02
2.0054120e-02
2.0507120e-02
1.7638130e-02
1.5576500e-02
1.7326600e-02
1.8203430e-02
1.4958940e-02
1.0565830e-02
6.5391240e-03
2.3834760e-03
-1.3491060e-03
-3.9819680e-03
-5.9748740e-03
-6.2069130e-03
-6.6933860e-03
-8.6083580e-03
-1.1339310e-02
-1.4538210e-02
-1.7699850e-02
-2.1472190e-02
-2.6638680e-02
-3.1887670e-02
-3.3625500e-02
-3.0313090e-02
-2.3935140e-02
-1.9907750e-02
-1.7979920e-02
-1.2803480e-02
-4.3636770e-03
4.0257160e-03
9.0716100e-03
1.2415240e-02
1.6142170e-02
1.8897680e-02
1.7447220e-02
1.4242250e-02
1.2592310e-02
1.2902840e-02
1.1785160e-02
8.2555560e-03
7.8117910e-03
1.1895600e-02
1.4880770e-02
1.2231630e-02
8.4632010e-03
1.0410640e-02
1.5270930e-02
1.7496720e-02
1.7427190e-02
1.8518540e-02
2.1315120e-02
2.3848250e-02
2.3656300e-02
2.3084950e-02
2.3118140e-02
2.1532810e-02
1.5749070e-02
6.7114850e-03
6.2336970e-04
-3.3883400e-03
-8.2048470e-03
-1.0587480e-02
-8.6042940e-03
-4.5258180e-03
-1.3064920e-03
1.2774970e-03
4.4283820e-04
-5.5117260e-03
-1.1680110e-02
-1.4119620e-02
-1.5517700e-02
-1.8219300e-02
-1.7638580e-02
-1.0812210e-02
-6.5573680e-03
-9.2561460e-03
-1.2853680e-02
-1.3120080e-02
-1.4054270e-02
-1.8017960e-02
-2.1156550e-02
-1.9452110e-02
-1.3237690e-02
-7.2300040e-03
-4.4245950e-03
-2.0757940e-03
3.3340320e-03
7.5382840e-03
8.1969210e-03
8.2530910e-03
1.0315600e-02
1.4430640e-02
1.6060200e-02
1.4520250e-02
1.3691440e-02
1.3008020e-02
9.7090660e-03
3.2253970e-03
-3.4454090e-03
-9.4664940e-03
-1.6679890e-02
-2.5622650e-02
-3.3022370e-02
-3.4629360e-02
-2.8453470e-02
-1.4656060e-02
3.1185590e-03
2.1143950e-02
3.5994340e-02
4.4332260e-02
4.6918580e-02
4.6333550e-02
4.1967640e-02
3.4052340e-02
2.4565560e-02
1.3951650e-02
3.1934530e-03
-8.0354360e-03
-1.8556970e-02
-2.4864770e-02
-2.6268400e-02
-2.5288020e-02
-1.9769190e-02
-8.5341670e-03
6.8715980e-03
2.3138790e-02
3.6690440e-02
4.7436370e-02
5.6314980e-02
6.1224560e-02
6.0233990e-02
5.2887950e-02
4.1329890e-02
2.8712790e-02
1.9854870e-02
1.2851580e-02
5.6658860e-03
2.3571280e-04
-1.5407230e-03
-2.3101270e-03
-4.8478550e-03
-1.0440190e-02
-1.6546240e-02
-2.0651930e-02
-2.6696210e-02
-3.4473100e-02
-3.9475260e-02
-4.0900030e-02
-3.7904540e-02
-3.2941260e-02
-2.5893570e-02
-1.7206180e-02
-8.8286400e-03
6.1401250e-04
9.0461950e-03
1.3159890e-02
1.2421820e-02
8.8892080e-03
3.0812890e-03
-5.0421390e-03
-1.5635720e-02
-2.4984450e-02
-3.0868070e-02
-3.5284600e-02
-3.9311140e-02
-4.1641790e-02
-4.2404940e-02
-4.3037720e-02
-4.1287600e-02
-3.4943310e-02
-2.6808140e-02
-2.1174080e-02
-1.7128690e-02
-1.4991730e-02
-1.5252390e-02
-1.9121760e-02
-2.2976440e-02
-2.2456400e-02
-1.7477640e-02
-1.1962170e-02
-8.7872880e-03
-5.8824890e-03
-2.4050100e-03
-1.8429050e-03
-5.2335900e-03
-7.4207070e-03
-7.7173170e-03
-8.6464640e-03
-9.8833680e-03
-9.2696720e-03
-6.2163870e-03
-4.7370480e-03
-7.7800870e-03
-1.4471990e-02
-2.0127400e-02
-2.3144080e-02
-2.5242580e-02
-2.7200010e-02
-2.9934870e-02
-3.0996440e-02
-2.4643600e-02
-1.4599110e-02
-4.3949880e-03
7.9719260e-03
2.1926190e-02
3.5188610e-02
4.4316660e-02
4.7893290e-02
4.8791640e-02
4.8900910e-02
4.9308810e-02
4.8531030e-02
4.4548490e-02
3.8167110e-02
3.0464030e-02
2.1253360e-02
8.0813920e-03
-6.5394750e-03
-1.7334720e-02
-2.3462190e-02
-2.8920360e-02
-3.4361290e-02
-3.6740900e-02
-3.5797650e-02
-3.2241960e-02
-3.0606410e-02
-3.2166080e-02
-3.3938830e-02
-3.3545510e-02
-3.1996320e-02
-3.0228240e-02
-2.6572230e-02
-1.9035730e-02
-6.4450870e-03
5.5405590e-03
1.4163090e-02
2.2993870e-02
3.2425910e-02
3.9937340e-02
4.2436400e-02
4.1025910e-02
3.8451250e-02
3.5585800e-02
3.0265090e-02
2.1793260e-02
1.1294690e-02
2.1808430e-03
-4.0542440e-03
-1.1133250e-02
-2.1208540e-02
-3.0385260e-02
-3.3298370e-02
-2.8873700e-02
-2.1604670e-02
-1.5343930e-02
-1.1586980e-02
-9.9358420e-03
-9.7514730e-03
-1.2924520e-02
-1.8014770e-02
-2.1679820e-02
-2.1669630e-02
-1.7069660e-02
-1.0292310e-02
-5.6879570e-03
-1.7969420e-03
-1.6240020e-04
-3.0682360e-03
-1.0333250e-02
-2.1680830e-02
-3.1013790e-02
-3.5098960e-02
-3.3452310e-02
-2.9881150e-02
-2.3387510e-02
-1.0652620e-02
2.9339960e-03
1.1460980e-02
1.5441360e-02
1.5692940e-02
1.5143060e-02
1.5792200e-02
1.8960360e-02
2.4349000e-02
3.1013690e-02
3.8419130e-02
4.7789960e-02
5.4260150e-02
5.4648130e-02
5.1048060e-02
4.7122580e-02
4.2283940e-02
3.7120960e-02
3.0757010e-02
2.3523110e-02
1.7843120e-02
1.3428430e-02
7.0892520e-03
2.9167830e-05
-4.1283570e-03
-4.0350120e-03
-1.7582680e-03
3.8192040e-04
3.4029490e-03
1.0478850e-02
2.0210580e-02
2.9339690e-02
3.5369180e-02
3.8609400e-02
4.3386210e-02
4.6385850e-02
4.2366250e-02
3.2877640e-02
2.7609080e-02
2.8775720e-02
2.7784320e-02
1.8804130e-02
1.0780280e-02
1.1097080e-02
1.2704490e-02
6.5979490e-03
-2.2918530e-03
-5.9004500e-03
-2.8339720e-03
-3.9400770e-04
-4.6928230e-03
-1.2453080e-02
-1.7872810e-02
-2.1445400e-02
-2.7615400e-02
-3.8247200e-02
-4.7890910e-02
-4.9611040e-02
-4.2362380e-02
-3.5032410e-02
-3.0699990e-02
-2.3794070e-02
-1.2013690e-02
-1.8675900e-03
1.8406680e-03
1.4829070e-03
2.8712410e-03
6.0509150e-03
7.6736070e-03
1.0541560e-02
2.0077380e-02
3.3591500e-02
4.2688310e-02
4.5647100e-02
4.8351530e-02
5.1945720e-02
5.1834660e-02
4.6678680e-02
4.0657310e-02
3.5455370e-02
2.8283950e-02
1.7760250e-02
5.8189140e-03
-3.9492640e-03
-1.3136210e-02
-2.1650990e-02
-2.9621990e-02
-3.7874530e-02
-4.6051100e-02
-5.2634910e-02
-5.8177360e-02
-6.4426500e-02
-6.6539340e-02
-5.6648030e-02
-3.9880440e-02
-2.3368270e-02
-9.2355870e-03
6.3114410e-03
2.4959250e-02
3.8992370e-02
4.2189530e-02
4.2803400e-02
4.8250960e-02
5.1995140e-02
4.9131600e-02
4.0436930e-02
3.1299420e-02
2.2605900e-02
1.2753200e-02
1.8483670e-03
-8.6459700e-03
-1.7415500e-02
-2.2533160e-02
-2.4316640e-02
-2.5237680e-02
-2.5625490e-02
-2.3464780e-02
-1.7199020e-02
-1.2891510e-02
-1.7315270e-02
-2.1862250e-02
-1.8634850e-02
-1.3905460e-02
-1.2105620e-02
-1.0963040e-02
-9.2002420e-03
-7.7543720e-03
-9.0777630e-03
-1.2896240e-02
-1.7476300e-02
-1.9592920e-02
-1.8447360e-02
-1.6638630e-02
-1.4683600e-02
-9.3640050e-03
3.9371590e-03
2.3921540e-02
4.1456540e-02
5.1787300e-02
5.8505070e-02
6.8027600e-02
8.1406920e-02
8.8469680e-02
8.0267230e-02
6.1701140e-02
4.1034730e-02
1.9228070e-02
-9.6094280e-03
-4.1898410e-02
-6.2901460e-02
-7.2914260e-02
-7.8669020e-02
-8.1405450e-02
-8.2194160e-02
-7.9853110e-02
-7.4254030e-02
-6.7670740e-02
-6.0461020e-02
-5.3838260e-02
-4.6917260e-02
-4.0488050e-02
-3.7701430e-02
-3.7080910e-02
-3.5564360e-02
-3.4206030e-02
-3.5818310e-02
-4.2070900e-02
-4.7837270e-02
-5.1403290e-02
-5.6282430e-02
-6.0570330e-02
-5.8788260e-02
-5.1612900e-02
-4.1474410e-02
-3.0286610e-02
-1.6762730e-02
-2.3749460e-03
1.0856890e-02
2.3268510e-02
3.7394470e-02
5.1169000e-02
6.0777160e-02
7.0248190e-02
8.1448160e-02
8.9334740e-02
8.8805510e-02
8.7116750e-02
8.8646110e-02
8.8976870e-02
8.4190690e-02
7.6815210e-02
7.0135970e-02
6.4780450e-02
6.1448110e-02
5.7401740e-02
5.1587820e-02
4.4795550e-02
3.7807730e-02
3.0537520e-02
2.1028760e-02
6.7987690e-03
-8.2801770e-03
-1.8754770e-02
-2.4829240e-02
-3.2322260e-02
-4.4264130e-02
-5.5306060e-02
-6.2202970e-02
-6.8303200e-02
-7.6519430e-02
-8.4662420e-02
-8.9205290e-02
-9.2521720e-02
-9.5367250e-02
-9.6857240e-02
-9.6857250e-02
-9.3646270e-02
-8.5839720e-02
-7.1676240e-02
-5.2305340e-02
-3.1096330e-02
-8.6390470e-03
1.3788600e-02
3.1940800e-02
4.7782750e-02
6.1826350e-02
6.9308220e-02
6.7416870e-02
6.1737570e-02
5.6501010e-02
5.1945980e-02
4.5672670e-02
3.7810890e-02
3.3371000e-02
3.1165740e-02
3.0363780e-02
3.1385270e-02
3.1870440e-02
3.0181220e-02
2.9874130e-02
3.5785980e-02
4.7714620e-02
6.1385960e-02
7.2599440e-02
8.2480640e-02
9.1486780e-02
9.9253090e-02
1.0683590e-01
1.1505480e-01
1.2204080e-01
1.2519110e-01
1.2376570e-01
1.1610120e-01
9.9723700e-02
7.5511660e-02
4.7786810e-02
1.5503300e-02
-1.8598260e-02
-4.5739890e-02
-6.5985810e-02
-8.0913820e-02
-9.0465380e-02
-1.0085250e-01
-1.1164080e-01
-1.1284810e-01
-1.0610430e-01
-9.6261940e-02
-8.6459690e-02
-7.4726760e-02
-5.9112580e-02
-4.4458380e-02
-3.3027810e-02
-2.6691500e-02
-2.8781250e-02
-3.3477520e-02
-3.3630530e-02
-3.1822220e-02
-3.5514090e-02
-4.4637670e-02
-5.2541490e-02
-5.6286800e-02
-5.7215570e-02
-5.4166040e-02
-4.8922960e-02
-4.6905630e-02
-4.6711660e-02
-3.9724290e-02
-2.7395470e-02
-2.0692740e-02
-2.2998520e-02
-2.4546840e-02
-1.4379230e-02
3.0886870e-03
1.3174540e-02
1.3782790e-02
1.5665970e-02
2.4263360e-02
3.3643110e-02
4.2789890e-02
4.9471360e-02
5.1614430e-02
5.0686790e-02
5.2486760e-02
5.6062920e-02
5.4583740e-02
4.7466570e-02
4.0786090e-02
3.5394730e-02
3.3883450e-02
3.4852660e-02
3.2854490e-02
2.9246220e-02
2.4882670e-02
1.7918000e-02
8.3267540e-03
-2.7102630e-03
-1.2202580e-02
-1.6701010e-02
-2.2158300e-02
-3.1244550e-02
-3.9111450e-02
-4.5247570e-02
-5.1667480e-02
-5.8396540e-02
-6.6867780e-02
-7.3264030e-02
-7.6209220e-02
-8.0615200e-02
-8.0698260e-02
-7.1070950e-02
-5.7174680e-02
-4.6817550e-02
-4.1707210e-02
-3.5283270e-02
-2.3990880e-02
-1.4702160e-02
-5.8760100e-03
2.7592480e-03
6.7761580e-03
1.2047020e-02
2.2450560e-02
2.9650040e-02
3.4575070e-02
4.3454340e-02
5.5699770e-02
6.6979470e-02
7.4007480e-02
7.9432210e-02
8.3164920e-02
8.0223830e-02
6.9062730e-02
5.3944450e-02
3.6952170e-02
2.1228080e-02
9.9241180e-03
4.5201000e-03
3.8759280e-03
2.1049840e-03
-1.0204020e-03
-4.8909870e-03
-1.1697810e-02
-2.2510340e-02
-3.5578820e-02
-4.9325500e-02
-6.1451130e-02
-6.8832090e-02
-7.0774420e-02
-6.8630730e-02
-6.5251760e-02
-5.8638150e-02
-4.5162290e-02
-2.6875110e-02
-1.1882070e-02
-2.5433570e-03
7.1852810e-03
2.0606320e-02
3.3379290e-02
3.9249100e-02
4.1707720e-02
4.3281100e-02
4.1386960e-02
3.5638960e-02
2.6318490e-02
1.5091900e-02
5.0334160e-03
-3.2632990e-03
-7.5482290e-03
-9.6036150e-03
-1.2085120e-02
-1.2198030e-02
-1.1491080e-02
-1.1058660e-02
-7.9960970e-03
-1.8297930e-03
2.9131740e-03
4.1529470e-03
4.0096330e-03
8.3445880e-03
1.3057580e-02
1.1180690e-02
5.8484030e-03
2.7945930e-03
7.0089660e-03
1.3070070e-02
1.2704380e-02
9.6414070e-03
1.4286150e-02
2.4459090e-02
2.9931090e-02
2.7459240e-02
2.0414690e-02
1.4885230e-02
1.3702630e-02
1.1467470e-02
6.7649270e-03
5.0622840e-03
7.1154970e-03
9.7896730e-03
1.2848500e-02
1.4832970e-02
1.4042120e-02
1.0950550e-02
4.3142710e-03
-2.3167480e-03
-7.0555500e-03
-1.6603800e-02
-3.3214500e-02
-4.9543320e-02
-5.7858520e-02
-6.4796420e-02
-7.6512360e-02
-8.7739700e-02
-9.0438470e-02
-8.9316070e-02
-9.1684420e-02
-9.2680710e-02
-8.3526480e-02
-6.6002070e-02
-5.0315100e-02
-3.7197030e-02
-2.5225100e-02
-1.3860210e-02
-3.4719690e-04
1.0799130e-02
1.2380790e-02
8.9385270e-03
3.9837500e-03
-4.3702820e-03
-1.3432630e-02
-1.8766700e-02
-2.1001150e-02
-2.1993600e-02
-2.0259590e-02
-1.4789460e-02
-1.0916930e-02
-6.9852650e-03
1.6444740e-03
8.4318920e-03
8.0500800e-03
6.8458670e-03
1.4932460e-02
3.0173670e-02
4.1558670e-02
4.3153750e-02
4.3543700e-02
4.9220560e-02
5.6596720e-02
6.0647390e-02
5.8897800e-02
5.5390830e-02
5.4301870e-02
4.9445900e-02
3.6314260e-02
2.1612290e-02
1.0810880e-02
-3.3947730e-03
-2.4386410e-02
-4.3370970e-02
-5.4169860e-02
-6.2324280e-02
-7.3831020e-02
-8.7197990e-02
-9.4679260e-02
-9.6739360e-02
-1.0304600e-01
-1.0822420e-01
-1.0260300e-01
-8.9641290e-02
-6.8607260e-02
-4.4316440e-02
-2.4330010e-02
-4.6806880e-03
1.2110830e-02
2.5034520e-02
3.6569810e-02
4.4112750e-02
5.0096440e-02
5.7153330e-02
6.2154060e-02
6.7027460e-02
6.7087510e-02
6.2866260e-02
6.3427290e-02
6.4307500e-02
6.1655090e-02
5.7134510e-02
5.2662880e-02
5.0881440e-02
5.2693270e-02
5.2933750e-02
5.3428160e-02
5.4474840e-02
5.7939560e-02
6.3571360e-02
6.4173030e-02
6.3151570e-02
6.7322610e-02
7.1975060e-02
7.1782780e-02
6.5591950e-02
5.5373160e-02
4.2568500e-02
2.6528440e-02
1.3613980e-02
1.1088190e-02
1.2257240e-02
1.0495040e-02
8.3838100e-03
1.3452720e-02
2.9053500e-02
4.8090920e-02
6.1318570e-02
6.6779280e-02
7.4399320e-02
8.6316680e-02
9.2629930e-02
9.1087170e-02
9.1102170e-02
9.2742080e-02
9.3103400e-02
9.0238600e-02
8.8999650e-02
9.2194050e-02
9.8831740e-02
1.0279580e-01
9.7739200e-02
8.9308870e-02
9.0238240e-02
9.7424270e-02
9.6109920e-02
7.7643970e-02
5.1982410e-02
3.2247690e-02
1.2524230e-02
-1.2006600e-02
-3.4685210e-02
-5.7776180e-02
-8.4484510e-02
-1.0542570e-01
-1.1661120e-01
-1.2402990e-01
-1.2573060e-01
-1.2387560e-01
-1.1901910e-01
-1.1249930e-01
-1.0918020e-01
-1.0763030e-01
-1.0342580e-01
-9.9088100e-02
-1.0198360e-01
-1.0342780e-01
-9.2360060e-02
-7.2606210e-02
-4.9914130e-02
-2.7540910e-02
-9.0993520e-03
6.7419110e-03
2.0007830e-02
3.0446980e-02
4.1373930e-02
4.9037710e-02
5.2682480e-02
5.5040680e-02
5.7589580e-02
6.0692080e-02
6.1246500e-02
5.8333990e-02
5.5307640e-02
5.1905580e-02
4.8814350e-02
4.4439030e-02
4.2046910e-02
4.7486540e-02
5.5994190e-02
6.1177670e-02
6.9612620e-02
8.2575490e-02
9.3301210e-02
9.5938100e-02
8.7722640e-02
7.4174100e-02
5.8505910e-02
4.0177310e-02
1.9847570e-02
-2.1305270e-03
-2.1629010e-02
-3.5918730e-02
-4.7704800e-02
-5.8505800e-02
-6.4059580e-02
-6.0949130e-02
-5.4188750e-02
-4.9780930e-02
-4.0505570e-02
-2.2640490e-02
-2.8296560e-03
1.0657830e-02
2.1599760e-02
3.8017950e-02
5.1996050e-02
5.5927800e-02
5.6267650e-02
5.7941180e-02
5.7872790e-02
5.1939760e-02
3.8406300e-02
2.6563590e-02
1.7879810e-02
7.0626440e-03
-6.7295710e-03
-1.9837670e-02
-2.9656710e-02
-3.5692590e-02
-4.5502700e-02
-5.6590080e-02
-6.2640350e-02
-6.6255950e-02
-7.1138840e-02
-7.7051880e-02
-7.8926170e-02
-7.9013170e-02
-8.7078210e-02
-9.7781260e-02
-1.0286400e-01
-1.0516600e-01
-1.0734040e-01
-1.1218280e-01
-1.1661460e-01
-1.1844040e-01
-1.2314170e-01
-1.2845710e-01
-1.3068830e-01
-1.3172460e-01
-1.3279380e-01
-1.3340940e-01
-1.2650950e-01
-1.0979310e-01
-9.3707290e-02
-8.4562710e-02
-7.5992330e-02
-6.2245280e-02
-4.8955960e-02
-4.7268000e-02
-5.3013050e-02
-5.6774500e-02
-6.3487280e-02
-7.6663850e-02
-9.2251030e-02
-1.0260820e-01
-1.0343640e-01
-1.0050340e-01
-9.6539860e-02
-8.6808170e-02
-7.0294110e-02
-5.2150860e-02
-3.5866530e-02
-2.4639630e-02
-1.3049300e-02
-2.3835010e-03
4.3968010e-03
1.0490390e-02
1.5948600e-02
1.8772750e-02
1.9617420e-02
1.7669660e-02
1.2570620e-02
3.3839050e-03
-5.4691670e-03
-1.0006160e-02
-1.5259010e-02
-2.3068930e-02
-2.9290410e-02
-3.3590090e-02
-3.8160430e-02
-4.1039090e-02
-3.7583500e-02
-2.9757990e-02
-2.2623240e-02
-1.0248680e-02
8.2497470e-03
2.3983340e-02
3.7913490e-02
5.3159180e-02
6.6852130e-02
7.9954940e-02
9.2759950e-02
1.0484740e-01
1.1617290e-01
1.2471760e-01
1.2683770e-01
1.1620870e-01
9.3679550e-02
6.6375610e-02
4.1379200e-02
1.8847090e-02
-5.1614860e-03
-3.0167200e-02
-5.1155350e-02
-6.8400330e-02
-8.2537590e-02
-9.2430660e-02
-9.9939130e-02
-1.0409610e-01
-1.0355370e-01
-9.9172770e-02
-8.7924870e-02
-6.8131520e-02
-4.3488930e-02
-2.2406260e-02
-1.3481070e-02
-5.1072770e-03
1.0686190e-02
2.5370850e-02
3.4106890e-02
4.0582130e-02
4.7329960e-02
5.2011440e-02
5.3044430e-02
5.3020190e-02
5.1554290e-02
4.7766800e-02
4.3939760e-02
4.0435000e-02
3.8443950e-02
3.8444400e-02
3.8471790e-02
3.7973360e-02
3.4912970e-02
2.9308160e-02
2.3631970e-02
1.9846500e-02
1.4479690e-02
7.9976520e-03
5.7030850e-03
6.6941500e-03
6.8180740e-03
7.3047640e-03
1.0829210e-02
1.4130720e-02
1.4415100e-02
1.6299840e-02
2.0360480e-02
2.3913290e-02
2.6249720e-02
2.9042850e-02
3.2103730e-02
3.5029270e-02
3.7936570e-02
4.2054540e-02
4.7092940e-02
5.1308990e-02
5.3133880e-02
5.3509420e-02
5.8440070e-02
6.7808130e-02
7.6582520e-02
8.4419020e-02
9.1168850e-02
9.4582050e-02
9.5606360e-02
1.0029410e-01
1.0835200e-01
1.1419980e-01
1.1696400e-01
1.1782380e-01
1.2155890e-01
1.2915400e-01
1.3241530e-01
1.3206490e-01
1.3238070e-01
1.3433280e-01
1.3532010e-01
1.3379370e-01
1.2846170e-01
1.2184460e-01
1.1628540e-01
1.1091700e-01
1.0187930e-01
8.9711520e-02
7.9582100e-02
7.0434170e-02
5.7882500e-02
4.1233620e-02
2.6028500e-02
1.5772280e-02
5.1445470e-03
-7.4460490e-03
-1.6058590e-02
-2.0760190e-02
-2.3932260e-02
-2.8262620e-02
-3.4357210e-02
-3.5395360e-02
-3.1996040e-02
-3.1430370e-02
-3.2136740e-02
-3.4643750e-02
-3.9216990e-02
-4.2622060e-02
-4.3230440e-02
-4.1593400e-02
-4.1719390e-02
-4.3609390e-02
-4.6349870e-02
-4.7118230e-02
-4.4735550e-02
-4.4529020e-02
-4.9687740e-02
-5.8768230e-02
-6.9876660e-02
-7.7108020e-02
-8.0462170e-02
-8.3666580e-02
-8.7118770e-02
-8.8281520e-02
-8.4364180e-02
-7.3190050e-02
-6.0756420e-02
-5.1797440e-02
-4.4915810e-02
-3.7188860e-02
-2.6221190e-02
-1.6738700e-02
-1.3737740e-02
-1.3983110e-02
-1.6454720e-02
-2.1976080e-02
-2.7919390e-02
-3.3656470e-02
-3.8885850e-02
-4.5189440e-02
-5.5044890e-02
-6.4863330e-02
-6.8311770e-02
-6.5064080e-02
-5.6672890e-02
-4.6010970e-02
-3.6039040e-02
-2.5322590e-02
-1.4021230e-02
-5.3238680e-03
-1.0950630e-03
9.1548480e-04
2.5862370e-03
1.1984420e-03
-3.1772750e-03
-7.7869480e-03
-1.1543760e-02
-1.8641240e-02
-2.9281900e-02
-3.9043600e-02
-4.5806260e-02
-5.3849990e-02
-6.3861420e-02
-7.3750770e-02
-8.1785280e-02
-8.7330700e-02
-9.2547680e-02
-9.6840050e-02
-9.7338500e-02
-9.3465690e-02
-8.5558740e-02
-7.6473240e-02
-6.8252970e-02
-5.7350500e-02
-4.4139500e-02
-3.2355330e-02
-2.2246810e-02
-1.3822440e-02
-4.5555930e-03
4.3166990e-03
8.8741100e-03
1.0458500e-02
1.2480630e-02
1.4854040e-02
1.6831200e-02
1.7820000e-02
1.8972950e-02
2.1813930e-02
2.6115140e-02
3.0542860e-02
3.3118390e-02
3.5857140e-02
4.1570380e-02
4.8049950e-02
5.3621440e-02
5.4692750e-02
5.0307500e-02
4.7986200e-02
4.8814350e-02
4.8029050e-02
4.6339220e-02
4.5415460e-02
4.4008970e-02
3.6465750e-02
2.4802020e-02
2.0701170e-02
2.3367330e-02
2.2984340e-02
1.5635810e-02
8.1773830e-03
7.4639950e-03
1.2051820e-02
1.4897780e-02
1.5573020e-02
1.5094330e-02
1.1445610e-02
5.7828480e-03
1.0809780e-03
9.1105090e-04
5.4616080e-03
6.3035060e-03
-1.6274750e-03
-7.2433060e-03
-6.7149990e-03
-4.6853070e-03
-2.4404310e-03
-1.5789970e-03
-2.6963400e-03
-4.2920150e-03
-5.6244390e-03
-8.1202620e-03
-1.0997220e-02
-1.4968520e-02
-1.9739150e-02
-2.2139930e-02
-2.2939470e-02
-2.3890060e-02
-2.4263010e-02
-2.3968290e-02
-2.1256020e-02
-1.4284360e-02
-4.4159330e-03
5.8522540e-03
1.3841400e-02
1.9947810e-02
2.6941360e-02
3.3454650e-02
3.6697740e-02
3.7101990e-02
3.8342490e-02
3.8921830e-02
3.9328620e-02
3.9750020e-02
3.7051360e-02
3.2092060e-02
2.7756720e-02
2.5566330e-02
2.4111360e-02
2.1999010e-02
2.1497490e-02
2.4875920e-02
2.8453470e-02
3.1445860e-02
3.4367240e-02
3.5097270e-02
3.5842140e-02
3.9816760e-02
4.2476050e-02
4.2464730e-02
4.3647150e-02
4.5067190e-02
4.4816010e-02
4.3546540e-02
4.3086380e-02
4.4387320e-02
4.5066020e-02
4.4581490e-02
4.4362380e-02
4.1550440e-02
3.8696630e-02
3.4828400e-02
3.1703860e-02
3.1767530e-02
3.0417640e-02
2.5016470e-02
1.7749480e-02
1.0565840e-02
7.3355980e-03
6.3075080e-03
2.0250980e-03
-4.7730540e-03
-9.1449840e-03
-1.3040550e-02
-1.7129790e-02
-2.0789410e-02
-2.2617310e-02
-2.4102590e-02
-2.6176840e-02
-2.8134740e-02
-3.0077500e-02
-3.2891950e-02
-3.4993610e-02
-3.8523050e-02
-4.2013390e-02
-4.5576500e-02
-5.0639860e-02
-5.4621260e-02
-5.5983290e-02
-5.6043510e-02
-5.5199010e-02
-5.3200550e-02
-4.8722700e-02
-4.6384660e-02
-4.6710520e-02
-5.3309830e-02
-5.5606370e-02
-5.2376660e-02
-4.7143620e-02
-4.3950400e-02
-4.1476950e-02
-3.8702950e-02
-3.6177220e-02
-3.5064890e-02
-3.1394990e-02
-2.5384660e-02
-2.3105600e-02
-2.3339790e-02
-2.2990790e-02
-1.8234560e-02
-1.0476420e-02
-2.1850580e-03
4.8643910e-03
1.1291860e-02
1.8441100e-02
2.7263220e-02
3.3522140e-02
3.8074200e-02
4.1905240e-02
4.3447600e-02
4.4698810e-02
4.7338440e-02
5.0501770e-02
5.1874070e-02
4.9943140e-02
4.7741850e-02
5.0618010e-02
5.4327370e-02
5.2814140e-02
4.6408150e-02
3.9898230e-02
3.4519140e-02
2.9524690e-02
2.5761600e-02
2.2867460e-02
2.0762920e-02
1.9637490e-02
1.7517100e-02
1.5165720e-02
1.3208900e-02
1.1232630e-02
7.9472420e-03
4.6647050e-03
2.1206030e-03
-1.6931940e-03
-6.8583210e-03
-1.1597670e-02
-1.6503630e-02
-2.2004130e-02
-2.6114750e-02
-2.9588500e-02
-3.5755450e-02
-4.3688760e-02
-5.0580940e-02
-5.5302990e-02
-5.9327980e-02
-6.3468570e-02
-6.9779840e-02
-7.7070690e-02
-8.5306720e-02
-9.2285400e-02
-9.6585560e-02
-9.8877940e-02
-1.0012890e-01
-1.0258930e-01
-1.0680370e-01
-1.0667930e-01
-9.5803270e-02
-7.8883420e-02
-6.5210140e-02
-5.5220860e-02
-4.1380480e-02
-2.2691230e-02
-9.7629670e-03
-4.2913430e-03
-1.3678000e-04
6.8552730e-03
1.3288330e-02
1.8722210e-02
1.9518680e-02
1.6354130e-02
1.5094370e-02
1.6010980e-02
1.6899070e-02
1.8560200e-02
2.0569180e-02
1.9905220e-02
1.6756630e-02
1.3013550e-02
1.1809200e-02
1.4024150e-02
1.5773340e-02
1.4179320e-02
9.0325270e-03
2.6641280e-03
2.5885400e-04
1.5034740e-03
1.7204510e-03
-2.7052710e-03
-8.1878020e-03
-1.3255040e-02
-1.7849710e-02
-2.0256510e-02
-2.0009760e-02
-1.9534560e-02
-2.0918900e-02
-2.4655030e-02
-2.7605570e-02
-2.9305020e-02
-2.9221560e-02
-2.7039340e-02
-2.4742820e-02
-2.5101160e-02
-2.6194590e-02
-2.4335220e-02
-2.1941080e-02
-2.0894560e-02
-1.9394960e-02
-1.6440150e-02
-1.5022260e-02
-1.4912090e-02
-1.3045880e-02
-1.1013560e-02
-9.5634520e-03
-8.1123420e-03
-6.3302440e-03
-4.9549110e-03
-5.2233890e-03
-4.2124810e-03
-2.1861340e-03
-9.6900070e-04
-1.5965350e-03
-1.0128510e-03
9.3315720e-04
3.7323750e-03
5.3630220e-03
5.9354980e-03
8.8483960e-03
1.5916160e-02
2.2615710e-02
2.6857970e-02
2.9992730e-02
3.4937010e-02
3.9260390e-02
4.2766770e-02
4.8287260e-02
5.4992570e-02
6.0801460e-02
6.3567520e-02
6.3446630e-02
6.1863510e-02
5.9948180e-02
5.7213850e-02
5.6223530e-02
5.4722170e-02
5.1291520e-02
4.6793070e-02
4.2229190e-02
3.9341060e-02
3.7703400e-02
3.5824040e-02
3.3054360e-02
3.1683630e-02
3.0997610e-02
3.1271870e-02
3.2741140e-02
3.3730500e-02
3.4610000e-02
3.7931770e-02
4.4292740e-02
4.9849050e-02
5.4235000e-02
5.9072460e-02
6.4144860e-02
6.9296580e-02
7.2602630e-02
7.3796300e-02
7.2445920e-02
6.8878960e-02
6.4286730e-02
5.9372570e-02
5.3443180e-02
4.5099920e-02
3.5723440e-02
2.5034040e-02
1.4813650e-02
6.4242690e-03
-2.4181850e-04
-4.2556170e-03
-6.1240060e-03
-6.6628820e-03
-6.4369060e-03
-4.7591200e-03
-2.3327270e-03
5.1399660e-04
4.5452320e-03
9.0101250e-03
1.2765330e-02
1.5965350e-02
1.9654980e-02
2.4886270e-02
2.9715930e-02
3.2955480e-02
3.4411290e-02
3.3889850e-02
3.3342200e-02
3.2706770e-02
3.1565780e-02
3.1170250e-02
3.0562420e-02
2.8610110e-02
2.5427990e-02
2.1867670e-02
1.9864580e-02
1.7502280e-02
1.6140850e-02
1.6342090e-02
1.5497620e-02
1.4356690e-02
1.3028220e-02
1.0590690e-02
9.4273670e-03
9.5426550e-03
8.9854830e-03
7.4213950e-03
6.5347290e-03
4.7143730e-03
3.6276920e-03
3.6775560e-03
2.7268440e-03
9.0009040e-04
1.8149900e-04
2.9299620e-04
-2.3832830e-04
-2.5113100e-03
-3.3725520e-03
-3.4174070e-03
-5.0181390e-03
-7.1309540e-03
-8.1763160e-03
-8.9695200e-03
-9.7489740e-03
-1.0466840e-02
-1.2761180e-02
-1.5489050e-02
-1.7540200e-02
-2.0335870e-02
-2.3327820e-02
-2.5801630e-02
-2.8583850e-02
-3.0352410e-02
-2.6322710e-02
-2.0673420e-02
-2.4962990e-02
-3.2303440e-02
-4.1371450e-02
-4.9729970e-02
-6.2032080e-02
-7.1004860e-02
-7.7223670e-02
-8.2347890e-02
-8.6268570e-02
-8.4845070e-02
-8.1342620e-02
-7.6746230e-02
-6.6435750e-02
-5.3173510e-02
-4.1122190e-02
-3.5594720e-02
-3.0961500e-02
-2.9072790e-02
-2.4566570e-02
-1.8737740e-02
-1.4327920e-02
-1.2346670e-02
-1.0199840e-02
-8.8716910e-03
-7.2821160e-03
-5.4465350e-03
-6.2414200e-03
-1.0134820e-02
-1.0350140e-02
-8.9320340e-03
-9.9958440e-03
-1.1832620e-02
-1.2521770e-02
-1.3778280e-02
-1.6330210e-02
-1.8853080e-02
-2.0612740e-02
-2.1949210e-02
-2.2849880e-02
-2.3454300e-02
-2.4853380e-02
-2.7824550e-02
-2.9713170e-02
-2.9575140e-02
-2.9887150e-02
-3.0427950e-02
-2.8731250e-02
-2.8023530e-02
-2.6475730e-02
-2.3976540e-02
-2.3386790e-02
-2.4200810e-02
-2.3787480e-02
-2.1296590e-02
-1.8566750e-02
-1.7155420e-02
-1.4874650e-02
-1.0995560e-02
-8.3050110e-03
-6.9492440e-03
-4.2552940e-03
3.9435080e-05
1.0922810e-03
-1.5060760e-03
-3.2632310e-03
-2.6920130e-03
-1.5945740e-03
-1.0078800e-03
-1.4720820e-04
-1.1472270e-03
-2.4013910e-03
-1.6144750e-03
4.6283470e-05
1.0821670e-03
2.1981410e-03
2.6821710e-03
2.6819880e-03
2.9522340e-03
3.1227960e-03
3.2327910e-03
3.0398170e-03
2.5618820e-03
3.0336010e-03
3.9046040e-03
5.3692390e-03
7.0295980e-03
7.6796780e-03
6.8934090e-03
6.4706800e-03
6.3903840e-03
5.9475770e-03
5.7836180e-03
4.9220010e-03
4.2086630e-03
4.5553930e-03
4.3985990e-03
3.8891770e-03
4.2170140e-03
4.4079850e-03
3.2831100e-03
2.3965510e-03
2.1426740e-03
6.9028840e-04
-1.1398920e-03
-2.5384680e-03
-3.4783040e-03
-3.8122650e-03
-4.0742170e-03
-5.1769950e-03
-7.8603280e-03
-1.0127340e-02
-1.0079070e-02
-9.8958600e-03
-1.0759240e-02
-1.1141030e-02
-1.1028540e-02
-1.2151200e-02
-1.3704730e-02
-1.3768700e-02
-1.2335330e-02
-1.2471970e-02
-1.3937600e-02
-1.5133740e-02
-1.5061520e-02
-1.4517410e-02
-1.5216820e-02
-1.5989890e-02
-1.7792570e-02
-1.8070200e-02
-1.9391840e-02
-2.0327110e-02
-1.7063220e-02
-1.7123870e-02
-1.8542550e-02
-1.8647850e-02
-1.9201860e-02
-2.0270820e-02
-2.0133470e-02
-1.9452650e-02
-1.9233590e-02
-1.9353750e-02
-2.0010490e-02
-2.0465430e-02
-1.8791460e-02
-1.6227710e-02
-1.3590150e-02
-1.2490660e-02
-1.1944740e-02
-1.1367470e-02
-1.0723000e-02
-8.2779740e-03
-5.1101230e-03
-2.8620500e-03
-6.8033340e-04
1.6803800e-03
4.1979710e-03
6.4258780e-03
7.8918730e-03
8.0037820e-03
6.9111790e-03
5.6514190e-03
5.2229930e-03
4.9502740e-03
5.1883020e-03
4.1232770e-03
2.2139720e-03
1.7923410e-03
1.6530070e-03
8.4065610e-04
7.5952620e-04
1.5405000e-03
2.6736460e-03
3.2289000e-03
3.2658390e-03
4.0129810e-03
5.2322590e-03
6.2453500e-03
6.9537500e-03
7.4495930e-03
7.2422500e-03
7.0279160e-03
8.1335240e-03
9.4433950e-03
1.0860170e-02
1.1809640e-02
1.2533510e-02
1.3989910e-02
1.5186580e-02
1.5902770e-02
1.7323800e-02
1.9218350e-02
1.9793700e-02
1.9969920e-02
2.1212890e-02
2.1698120e-02
2.2168530e-02
2.3403420e-02
2.3665160e-02
2.4274090e-02
2.5572530e-02
2.6311820e-02
2.6587570e-02
2.6847220e-02
2.8154870e-02
2.9709260e-02
3.0295530e-02
3.0514010e-02
3.0420040e-02
3.1005210e-02
3.1675260e-02
3.2057360e-02
3.2813340e-02
3.3668650e-02
3.3560150e-02
3.3605570e-02
3.4523490e-02
3.4858830e-02
3.4175520e-02
3.4162350e-02
3.4811920e-02
3.5005950e-02
3.4308780e-02
3.4193800e-02
3.4736690e-02
3.4148010e-02
3.4133060e-02
3.3568380e-02
3.2657500e-02
3.1343220e-02
3.1255680e-02
3.1951000e-02
3.0855690e-02
2.9458610e-02
2.9062950e-02
2.9032310e-02
2.7807740e-02
2.6756260e-02
2.5738250e-02
2.3422750e-02
2.1052110e-02
2.0237400e-02
1.9340650e-02
1.8382990e-02
1.7231300e-02
1.6403830e-02
1.5592590e-02
1.4900370e-02
1.4285870e-02
1.3965560e-02
1.4477650e-02
1.3624380e-02
1.2855270e-02
1.3147960e-02
1.4300690e-02
1.5606400e-02
1.6235650e-02
1.6883250e-02
1.7490880e-02
1.7722880e-02
1.7423350e-02
1.8078680e-02
1.9558710e-02
1.9862750e-02
2.0390150e-02
2.0786300e-02
2.0969280e-02
2.2085630e-02
2.3498080e-02
2.4346550e-02
2.4086890e-02
2.4027480e-02
2.4515040e-02
2.4761540e-02
2.4568120e-02
2.4167270e-02
2.4489940e-02
2.5136140e-02
2.5604820e-02
2.5860470e-02
2.6478370e-02
2.6160780e-02
2.4749050e-02
2.4179890e-02
2.4055480e-02
2.3673940e-02
2.3255390e-02
2.1968090e-02
2.0791610e-02
1.9823720e-02
1.9692230e-02
1.9579930e-02
1.8278310e-02
1.6806450e-02
1.6123860e-02
1.6063900e-02
1.6225690e-02
1.6144670e-02
1.3934280e-02
1.1001000e-02
9.2546770e-03
8.9576480e-03
9.0967800e-03
8.0142650e-03
6.1319380e-03
4.8199400e-03
4.1828800e-03
2.7581120e-03
8.8946250e-04
-1.0404910e-03
-2.8173390e-03
-5.3128380e-03
-8.7296230e-03
-1.2808740e-02
-1.7281950e-02
-2.0900040e-02
-2.4677730e-02
-2.8187550e-02
-3.0861730e-02
-3.4327590e-02
-3.7699690e-02
-4.0638410e-02
-4.6521870e-02
-6.1810910e-02
-8.6161140e-02
-1.0626260e-01
-1.1687170e-01
-1.1744750e-01
-1.0906190e-01
-9.1581750e-02
-6.5055390e-02
-3.8731080e-02
-2.8322600e-02
-3.6002610e-02
-5.2990840e-02
-5.8501090e-02
-4.7883510e-02
-3.3241950e-02
-2.8453670e-02
-2.9727790e-02
-3.0137740e-02
-3.1727300e-02
-3.3402330e-02
-3.1901690e-02
-3.1345810e-02
-3.1728570e-02
-3.0683730e-02
-3.1248060e-02
-3.4467720e-02
-3.6764890e-02
-4.0113100e-02
-4.2950230e-02
-4.4978690e-02
-4.4283700e-02
-4.2235680e-02
-4.0776040e-02
-4.0360700e-02
-4.0694910e-02
-4.1811890e-02
-4.3029430e-02
-4.4275790e-02
-4.4583670e-02
-4.4353540e-02
-4.3809810e-02
-4.4099810e-02
-4.5524520e-02
-4.4745840e-02
-4.1461070e-02
-5.1321580e-02
-7.9817890e-02
-7.4793940e-02
-5.7916630e-02
-4.0722120e-02
-3.6710280e-02
-5.1780590e-02
-5.2302920e-02
-2.4558830e-02
-8.7310520e-03
-1.4597160e-02
-2.3848700e-02
-2.6739710e-02
-2.4737730e-02
-2.2670100e-02
-2.0159840e-02
-1.5487210e-02
-1.1371530e-02
-8.9273320e-03
-5.8960910e-03
-1.6164590e-03
1.1273280e-03
3.4478600e-03
5.3986570e-03
5.5662560e-03
6.3692430e-03
7.8582070e-03
8.3699590e-03
8.1775970e-03
8.3924690e-03
9.2128670e-03
1.0231600e-02
1.2132310e-02
1.2842350e-02
1.3667060e-02
1.4419510e-02
1.4628610e-02
1.4417520e-02
1.4558980e-02
1.5308620e-02
1.5440920e-02
1.5331010e-02
1.5449160e-02
1.5753730e-02
1.6796390e-02
1.7732850e-02
1.7940830e-02
1.8109050e-02
1.8072150e-02
1.8224970e-02
1.7939910e-02
1.7887070e-02
1.8438600e-02
1.8919050e-02
1.9354550e-02
2.1246280e-02
2.3891880e-02
2.5912960e-02
2.6520800e-02
2.6478040e-02
2.5555690e-02
2.4029840e-02
2.2701500e-02
2.0017530e-02
1.7071740e-02
1.5390030e-02
1.3680040e-02
