0.01
1.3050500e-02
1.2245600e-02
5.8706800e-03
2.7429350e-04
-4.6245900e-03
-2.5285180e-03
1.8911570e-03
2.5857940e-03
-5.3521570e-03
-9.9921470e-03
-1.4876370e-02
-1.4460780e-02
-1.3020420e-02
-8.8196070e-03
5.9146390e-04
7.3425050e-03
4.3101350e-03
-4.6310760e-03
-7.7689630e-03
7.2771110e-04
7.5782080e-03
1.4811780e-02
1.5437680e-02
7.1616240e-03
2.4992730e-03
-2.8333340e-03
-8.3215030e-03
-6.5372590e-03
-5.5140250e-04
1.4109400e-04
-3.3568430e-03
-4.8872210e-03
-9.9658430e-04
4.6233120e-03
1.0670130e-02
1.2144480e-02
5.7460170e-03
-6.6496500e-04
-1.3793050e-03
2.0579020e-03
8.1724140e-03
1.1377380e-02
5.1363900e-03
-5.9963380e-04
-6.3359670e-03
-1.2055440e-02
-1.5353440e-02
-1.3368280e-02
-7.3976370e-03
-1.1099730e-02
-9.9460840e-03
-6.5085830e-03
-1.4467690e-04
9.4273950e-04
-3.2524810e-03
-6.3391060e-03
-6.2889710e-03
5.4631960e-04
9.2605270e-03
9.6664180e-03
5.4889460e-04
-6.5342030e-03
5.1675800e-03
1.4419860e-02
7.3699000e-03
-3.3324730e-03
-7.8914310e-03
3.8058630e-03
1.1638370e-04
-5.6408080e-03
-6.6200270e-03
2.7548550e-03
1.0090070e-02
1.6488220e-02
1.2216770e-02
5.0522290e-03
-1.4808110e-03
-7.7701830e-03
-1.0146320e-02
-3.5705330e-03
3.6317040e-03
9.9996110e-03
1.3718570e-02
1.2290000e-02
1.0380120e-02
1.1834260e-02
4.8603920e-03
-2.9836250e-03
-1.0503520e-02
-1.5661250e-02
-1.5044360e-02
-8.0695890e-03
-4.6032110e-03
-1.1196770e-02
-1.9309610e-02
-2.0685220e-02
-1.4922830e-02
-7.8236150e-03
5.6115910e-04
2.1835710e-03
7.5586230e-03
9.6133370e-03
1.4206990e-02
1.7126570e-02
1.9691400e-02
1.1713320e-02
1.7622750e-03
-5.0513300e-03
-1.3936340e-02
-2.2276430e-02
-2.6014680e-02
-2.2662780e-02
-1.3041700e-02
-1.6917870e-03
-1.4138540e-04
-7.5455670e-03
-6.4247510e-03
2.3036920e-03
9.4275250e-03
1.5841950e-02
1.4291270e-02
7.9455690e-03
9.8897050e-03
1.3690260e-02
8.5616100e-03
2.6180680e-03
-3.3435920e-03
-9.0669580e-03
-1.0184300e-02
-1.0176320e-02
-1.4602300e-02
-1.2378100e-02
-1.1382680e-02
-1.0876640e-02
-1.0136450e-02
-1.8742240e-02
-9.1453210e-03
2.9749550e-03
1.5094600e-02
2.1331580e-02
2.4278110e-02
1.9951670e-02
1.3567570e-02
5.1855030e-03
-3.1965680e-03
-1.0081130e-02
-1.4474540e-02
-1.0335230e-02
-1.0433870e-02
-1.5087510e-02
-1.6619830e-02
-1.9655220e-02
-2.4946320e-02
-2.0062670e-02
-1.0929820e-02
-1.7982500e-03
7.3339130e-03
1.5622640e-02
1.8801580e-02
1.4640570e-02
5.0090390e-03
-5.3735290e-04
7.4814490e-03
1.3384750e-02
1.2799990e-02
4.1938220e-03
-9.4640190e-03
-2.4658050e-02
-3.5011050e-02
-3.5079160e-02
-2.2277440e-02
-9.3013230e-03
6.7318610e-03
1.6128400e-02
2.3458710e-02
1.5603390e-02
4.6138060e-03
-5.5222510e-03
-1.1192400e-02
-1.5825590e-02
-2.0228460e-02
-1.5094790e-02
-9.0322150e-03
6.4907770e-04
1.2101280e-02
2.2341810e-02
2.1620510e-02
1.2207070e-02
2.5817960e-03
3.5520160e-03
8.2503820e-03
1.4125880e-02
1.4892310e-02
8.2372580e-03
1.2963150e-03
1.1329710e-02
2.1459130e-02
3.1604820e-02
3.8965870e-02
3.2621890e-02
2.2975060e-02
1.3054760e-02
3.1338730e-03
-4.9572400e-03
-1.0671900e-03
6.2664460e-03
1.4711170e-02
2.3155010e-02
2.6299480e-02
2.0417420e-02
2.6012030e-03
-1.5215330e-02
-3.3031430e-02
-3.8670020e-02
-2.5131870e-02
-6.0269520e-03
1.0095440e-02
7.2877310e-03
-8.0670430e-03
-1.1183100e-02
-2.8859490e-03
7.0724920e-03
-4.7661930e-03
-1.4669950e-02
-1.6431600e-02
-4.0510120e-03
-1.2946770e-02
-2.0885630e-02
-2.8823570e-02
-3.6762360e-02
-4.4701310e-02
-5.2698310e-02
-6.2315930e-02
-5.7776650e-02
-4.9512390e-02
-4.1290860e-02
-3.3069500e-02
-2.4524460e-02
-1.5102600e-02
-1.4262590e-02
-2.2622660e-02
-1.6457930e-02
-1.9662400e-03
1.2526740e-02
2.5915420e-02
3.2307710e-02
3.4253040e-02
4.1718010e-02
4.9251450e-02
6.6463890e-02
8.0777610e-02
9.1918970e-02
8.8290280e-02
7.5423020e-02
5.7554410e-02
4.3463740e-02
2.5271870e-02
3.0281530e-03
-1.3772780e-02
-2.5298150e-02
-1.5130110e-02
-4.9420770e-03
9.2185510e-03
1.8969380e-02
3.0341210e-02
2.6659970e-02
1.9264970e-02
1.6223030e-03
-1.5260030e-02
-3.3491760e-02
-4.6240600e-02
-5.6159710e-02
-6.3663280e-02
-6.6402520e-02
-6.1002610e-02
-4.9497530e-02
-3.6274330e-02
-2.1280620e-02
-3.1784560e-03
1.6292370e-02
3.7106790e-02
5.6047960e-02
6.5574420e-02
5.6624670e-02
5.0098730e-03
-3.8673100e-02
-6.5483060e-02
-5.9166460e-02
-4.6108450e-02
-3.6785400e-02
-2.4493050e-02
-8.6266830e-03
5.6345710e-03
1.1804380e-02
1.5579300e-02
1.6690680e-02
1.8807530e-02
1.8555530e-02
1.7311450e-02
1.3254910e-02
8.9588740e-03
4.6530800e-03
4.8200660e-03
1.3566130e-02
2.5032730e-02
3.6498280e-02
4.7965000e-02
5.1342280e-02
5.3995760e-02
5.8865750e-02
6.3771660e-02
7.0823030e-02
7.6423740e-02
6.2505820e-02
4.3478190e-02
4.5269120e-03
-4.5357490e-02
-7.5669880e-02
-8.3881330e-02
-7.5584090e-02
-6.8476010e-02
-6.6541570e-02
-7.6161760e-02
-8.2912490e-02
-8.7509900e-02
-8.6168960e-02
-8.3375270e-02
-7.5434900e-02
-6.5254440e-02
-5.4963510e-02
-4.4672710e-02
-3.4805010e-02
-3.0886560e-02
-2.4468200e-02
-1.1260840e-02
8.9756990e-03
3.0135580e-02
5.1295680e-02
6.6087870e-02
7.4709670e-02
7.9015340e-02
7.4930270e-02
6.2180000e-02
3.7069580e-02
1.1960190e-02
-9.0159020e-03
-2.7489660e-02
-4.2715140e-02
-5.1520730e-02
-5.7236130e-02
-6.1294750e-02
-5.4204750e-02
-4.2686250e-02
-2.9083260e-02
-1.3742770e-02
1.1349370e-02
3.4726540e-02
5.8102520e-02
7.5810190e-02
7.9803660e-02
6.9466250e-02
5.6396630e-02
4.5483920e-02
2.3499080e-02
-2.4363650e-03
-4.1271050e-02
-7.8771170e-02
-1.0181680e-01
-1.1341240e-01
-1.2319130e-01
-1.3049270e-01
-1.3236910e-01
-1.2698570e-01
-1.1621730e-01
-9.8045250e-02
-7.4175860e-02
-3.5589090e-02
1.5907620e-02
5.9240760e-02
8.6291140e-02
9.9499320e-02
1.1062940e-01
1.2446720e-01
1.3657150e-01
1.4608620e-01
1.2739520e-01
9.2080920e-02
5.0741840e-02
1.6932290e-02
-5.0066490e-03
-2.0955310e-02
-3.6254080e-02
-5.3264150e-02
-6.5399830e-02
-6.0681080e-02
-3.5161760e-02
-1.0712030e-02
1.3737940e-02
2.9629420e-02
4.4099360e-02
5.8904950e-02
7.0482020e-02
6.4876030e-02
4.7662490e-02
2.6686170e-02
1.1588210e-02
1.3676600e-02
2.5464560e-02
3.8738490e-02
4.6026550e-02
4.8262180e-02
3.5873930e-02
2.2711740e-02
1.0495530e-02
1.5249490e-02
2.5285650e-02
3.3593650e-02
2.8957270e-02
2.1230130e-02
1.4135150e-02
9.6410060e-03
4.3150570e-03
-5.8360820e-03
-1.7540370e-02
-2.9245600e-02
-4.0950750e-02
-4.8636340e-02
-4.6829400e-02
-4.4762480e-02
-5.2085650e-02
-5.9515170e-02
-6.5004130e-02
-6.8552830e-02
-6.3754920e-02
-5.7409230e-02
-4.4247710e-02
-2.5116820e-02
-5.0437800e-03
1.5027820e-02
3.1677000e-02
4.3729380e-02
5.8000490e-02
7.6264000e-02
9.2832800e-02
1.0623590e-01
1.1651480e-01
1.1026460e-01
9.7907020e-02
8.4040680e-02
6.5609700e-02
3.3525940e-02
-1.0150490e-02
-4.7615580e-02
-7.2886030e-02
-9.3950350e-02
-1.0770740e-01
-1.0274170e-01
-9.7047400e-02
-1.0195230e-01
-1.0117430e-01
-9.2938830e-02
-7.8799530e-02
-6.4685370e-02
-5.0200010e-02
-3.7008820e-02
-2.2710070e-02
-2.0848260e-03
1.6382320e-02
3.4850850e-02
5.3318180e-02
6.2797000e-02
5.6693370e-02
5.2817930e-02
4.8382400e-02
4.9925610e-02
5.1101740e-02
5.0597620e-02
5.1116800e-02
4.7470730e-02
3.8462920e-02
2.8352880e-02
1.8117270e-02
7.8648940e-03
1.3626000e-02
1.0078910e-02
-4.0153020e-03
-2.3798380e-02
-4.0259430e-02
-4.8489540e-02
-4.0254010e-02
-4.2990640e-02
-4.8787440e-02
-5.7643750e-02
-6.5555180e-02
-6.9055700e-02
-5.8943950e-02
-5.0054920e-02
-4.2574930e-02
-3.5095030e-02
-2.7760930e-02
-2.2521370e-02
-1.3282360e-02
-1.3262520e-03
5.5213360e-03
1.1683550e-02
1.4517740e-02
1.7961830e-02
1.2080650e-02
-4.0840530e-03
-2.0564730e-02
-3.7047160e-02
-5.0511290e-02
-4.8445350e-02
-3.7396420e-02
-2.9928780e-02
-2.2365180e-02
-1.7921980e-02
-1.6508240e-02
-1.5937920e-02
-1.2880610e-02
6.5060020e-04
1.4181210e-02
2.7712260e-02
3.6482310e-02
4.0889250e-02
4.9082770e-02
6.0604940e-02
7.2127060e-02
8.3649450e-02
9.5170490e-02
1.0601780e-01
1.1203470e-01
1.1540080e-01
1.1012910e-01
1.0200270e-01
8.6916550e-02
6.2356390e-02
3.7038230e-02
1.1720090e-02
-1.3598160e-02
-2.4411300e-02
-1.9905830e-02
-2.3994570e-02
-3.0789660e-02
-3.4275940e-02
-2.3020150e-02
-5.4204020e-03
1.2181060e-02
2.9780830e-02
4.7382520e-02
6.1522550e-02
6.8844690e-02
6.8794560e-02
5.9781730e-02
5.0999570e-02
4.0457180e-02
3.3356480e-02
2.8165320e-02
2.5389060e-02
2.2761630e-02
2.0214830e-02
2.0728110e-02
2.3377770e-02
2.6663820e-02
2.4940070e-02
2.1347960e-02
2.4711490e-02
2.2798030e-02
1.7700050e-02
6.2465220e-03
-7.3154560e-03
-2.0876460e-02
-3.1465060e-02
-3.0624440e-02
-2.3810310e-02
-1.8104550e-02
-1.3075810e-02
-1.7478340e-02
-2.5807900e-02
-3.5712860e-02
-4.9161600e-02
-6.2610100e-02
-7.6058830e-02
-8.7615030e-02
-8.8700140e-02
-7.8162050e-02
-6.7093890e-02
-5.6203010e-02
-4.5313460e-02
-3.4421980e-02
-2.3530880e-02
-1.2639790e-02
-2.0391270e-03
4.7748420e-03
1.1589210e-02
1.4943600e-02
1.4113110e-02
1.9532310e-02
2.2714370e-02
1.8520790e-02
2.1613110e-02
2.2339630e-02
2.5017920e-02
2.7817610e-02
2.4073880e-02
2.2547780e-02
1.8308340e-02
1.0775190e-02
3.2104050e-03
-3.1716650e-03
-7.3365720e-03
-5.6664470e-03
4.0986530e-03
1.6420820e-02
3.2255530e-02
4.5872400e-02
4.9710460e-02
3.5077180e-02
1.8710310e-02
5.0837040e-03
-2.4233470e-03
6.3392300e-05
-2.2913160e-03
-7.1575860e-03
-1.2428930e-02
-1.7698290e-02
-2.0918110e-02
-2.6018260e-02
-2.4828910e-02
-2.1495900e-02
-1.7034140e-02
-1.2551950e-02
-1.1973170e-02
-1.5504840e-02
-2.1881600e-02
-2.9765450e-02
-3.8913930e-02
-5.0620540e-02
-6.4014940e-02
-8.7409670e-02
-1.1202740e-01
-1.3349180e-01
-1.6527610e-01
-1.9421560e-01
-2.0979780e-01
-1.6661260e-01
-1.1844110e-01
-6.0661530e-02
-2.2795800e-02
1.2307930e-03
1.7069600e-02
2.8567780e-02
2.1792730e-02
1.2238480e-02
2.7942540e-03
-5.0313510e-03
-9.1925400e-03
-1.0166900e-02
-7.5658220e-03
-5.2091620e-03
-4.2046560e-03
4.1989750e-04
4.1903880e-03
6.8525980e-03
1.0262870e-02
1.3141020e-02
1.3829880e-02
1.4175050e-02
1.8792920e-02
1.9497960e-02
2.4427740e-02
3.5038360e-02
4.5648130e-02
5.6258750e-02
6.6232270e-02
7.3124190e-02
7.1318240e-02
6.8509260e-02
7.2129910e-02
7.0978260e-02
6.6895170e-02
6.0669370e-02
4.8757770e-02
3.6846040e-02
2.1896690e-02
6.7397850e-03
-6.7994360e-03
-1.3531300e-02
-4.1837450e-03
6.4998230e-03
2.0924070e-02
3.4591930e-02
4.7385030e-02
5.5592260e-02
6.0778330e-02
5.7289600e-02
4.7985560e-02
3.4314830e-02
2.1534340e-02
6.6097980e-03
-7.0175750e-03
-2.7140060e-02
-4.5679100e-02
-6.0165790e-02
-7.4581350e-02
-8.0608530e-02
-7.7090420e-02
-6.5267550e-02
-5.0341810e-02
-3.2311610e-02
-1.5610260e-02
-3.0315720e-04
1.6201990e-02
2.7441920e-02
3.5829840e-02
4.1368630e-02
4.2601480e-02
4.6302280e-02
4.8324910e-02
5.5216600e-02
6.4746540e-02
7.4276230e-02
8.3805140e-02
9.3334990e-02
9.9264670e-02
1.0375890e-01
1.0672710e-01
1.0460670e-01
9.9279660e-02
9.3131280e-02
8.4119880e-02
7.2264300e-02
6.0409000e-02
4.8553120e-02
3.6826970e-02
2.7098420e-02
1.5596690e-02
5.3940810e-03
-3.8587650e-03
-1.7799300e-02
-3.2215610e-02
-4.8726270e-02
-5.8254050e-02
-6.6955890e-02
-6.8849210e-02
-7.2263700e-02
-7.3047530e-02
-7.2565800e-02
-7.0880140e-02
-7.3407090e-02
-7.4604740e-02
-7.9886290e-02
-8.2571960e-02
-8.3197520e-02
-7.4891600e-02
-6.3703890e-02
-4.9710070e-02
-3.2790280e-02
-1.5685020e-02
7.9474460e-04
1.2051580e-02
2.1937400e-02
2.8986430e-02
3.2958030e-02
2.4786950e-02
1.6265790e-02
2.1118820e-03
-9.8775140e-03
-2.1416990e-02
-3.2042850e-02
-4.2668800e-02
-5.3293730e-02
-6.3918920e-02
-7.1571230e-02
-7.7166100e-02
-7.9330560e-02
-7.4301170e-02
-6.8870670e-02
-6.0297610e-02
-5.0196900e-02
-4.0097400e-02
-2.9997320e-02
-1.9896460e-02
-9.7957860e-03
3.0383350e-04
1.1780720e-02
2.0674340e-02
2.8161720e-02
3.2836840e-02
4.0257820e-02
4.8576320e-02
5.5561010e-02
5.9838570e-02
5.8732840e-02
5.4512030e-02
4.9183690e-02
4.2019100e-02
2.6182450e-02
5.9151690e-03
-1.5311610e-02
-3.4462590e-02
-4.0610050e-02
-3.6874500e-02
-3.1581670e-02
-2.9120610e-02
-3.1714120e-02
-3.6408400e-02
-3.9064270e-02
-3.6566660e-02
-3.3611930e-02
-3.7259950e-02
-4.1924740e-02
-4.0598980e-02
-3.4214890e-02
-2.5994470e-02
-1.6420830e-02
-6.8474050e-03
1.3049190e-03
6.1956210e-03
5.5648140e-03
3.9559280e-03
8.7435780e-03
1.4553900e-02
2.4102020e-02
3.3650270e-02
4.3197380e-02
5.2744660e-02
6.2292970e-02
6.9299570e-02
6.6345000e-02
5.9976640e-02
4.7513330e-02
3.6696970e-02
2.2939530e-02
5.3425180e-03
-1.3903730e-02
-2.9961980e-02
-3.6604150e-02
-2.6899340e-02
-1.2391430e-02
4.1179040e-03
1.6589020e-02
2.6839940e-02
3.2702120e-02
2.7658610e-02
2.0091590e-02
9.0356400e-03
-2.0187730e-03
-1.3074120e-02
-2.4129350e-02
-2.8794110e-02
-3.3801450e-02
-3.7649530e-02
-2.9992960e-02
-2.0076810e-02
-7.2669710e-03
9.9275880e-03
2.2717100e-02
3.1613730e-02
3.6869900e-02
4.3229630e-02
5.2703130e-02
6.3301630e-02
7.3900070e-02
7.9206450e-02
8.4423790e-02
8.8942910e-02
8.7951380e-02
8.3192330e-02
7.6247410e-02
6.5927560e-02
5.5330240e-02
4.2366320e-02
2.4617680e-02
5.0812030e-03
-1.0674710e-02
-2.1933070e-02
-2.8215990e-02
-3.1552050e-02
-3.1551560e-02
-2.7858750e-02
-2.2558730e-02
-1.6210470e-02
-1.1592610e-02
-1.3504020e-02
-1.9859240e-02
-3.0457620e-02
-4.1054960e-02
-5.1651440e-02
-6.2248780e-02
-6.8340190e-02
-7.6288450e-02
-7.8100480e-02
-7.5360780e-02
-6.9368520e-02
-6.1419310e-02
-5.3918930e-02
-5.2599840e-02
-4.9971630e-02
-4.2925970e-02
-3.1690410e-02
-1.8087810e-02
-5.2328190e-03
4.2412750e-03
6.1598000e-03
1.8204090e-03
6.4965230e-03
1.2461180e-02
1.9603980e-02
2.5989890e-02
2.9247460e-02
2.9444830e-02
2.5936620e-02
2.1727750e-02
1.5383670e-02
6.9247540e-03
-1.9339500e-03
-5.4903710e-03
-3.9599330e-03
1.1653500e-03
7.1336520e-03
1.3935090e-02
1.4616910e-02
7.8084670e-03
-3.8016570e-03
-1.6113580e-02
-2.8425160e-02
-4.0214650e-02
-4.6661010e-02
-4.5830530e-02
-3.8804310e-02
-3.4833080e-02
-2.8686920e-02
-2.1394360e-02
-1.5072690e-02
-9.1588300e-03
-7.4494110e-03
-3.7014700e-03
6.4175170e-04
3.7939120e-03
8.6502660e-03
1.3066800e-02
1.7254270e-02
2.2817340e-02
2.2280550e-02
1.8384660e-02
2.1717560e-02
2.6994040e-02
3.0872640e-02
3.5728960e-02
3.6126180e-02
3.9236770e-02
4.4514410e-02
4.9611430e-02
4.7119910e-02
4.3038530e-02
4.0231950e-02
3.7240390e-02
3.7330610e-02
3.9458230e-02
3.9459860e-02
3.5801560e-02
3.2764380e-02
2.8497320e-02
2.8953700e-02
3.1703300e-02
3.0595420e-02
2.7969140e-02
2.4521070e-02
1.9145610e-02
1.2329290e-02
7.4848440e-03
4.6146110e-03
5.9579460e-03
6.3442850e-03
4.3626740e-03
8.5434320e-03
1.5240560e-02
2.3200950e-02
2.8867030e-02
2.7790900e-02
1.8190730e-02
1.0875790e-02
2.6093640e-03
-8.7740820e-03
-1.6407310e-02
-2.3412350e-02
-3.0702890e-02
-3.4790730e-02
-3.4246640e-02
-3.6872980e-02
-4.1717180e-02
-4.5452050e-02
-5.1393440e-02
-5.3721090e-02
-6.0493640e-02
-6.2387160e-02
-5.9236760e-02
-4.9448200e-02
-3.8353280e-02
-2.7259410e-02
-1.6165410e-02
-1.0786930e-02
-7.4053280e-03
-7.1281910e-03
-1.2287390e-02
-1.6594180e-02
-2.5183780e-02
-3.1059020e-02
-3.5792060e-02
-4.0973890e-02
-4.2520430e-02
-4.0244180e-02
-4.1407100e-02
-4.4290500e-02
-4.7858110e-02
-4.5222960e-02
-3.9593760e-02
-2.9279030e-02
-1.8964230e-02
-8.6496270e-03
1.6649770e-03
1.0276050e-02
1.9782740e-02
2.4024320e-02
2.5216900e-02
1.7870420e-02
8.6578550e-03
1.8053960e-03
-4.6241120e-03
-9.8870990e-03
-1.4759470e-02
-1.3036890e-02
-9.3748280e-03
-4.4413400e-03
-3.6641090e-03
-1.4438270e-03
-9.6771540e-04
1.6681290e-03
5.4129250e-03
6.4432450e-03
8.5493270e-03
1.3320560e-02
1.8565340e-02
2.4193660e-02
3.0098180e-02
3.3843070e-02
3.2565790e-02
2.7469780e-02
2.3149620e-02
1.5229900e-02
1.1548020e-02
1.4184390e-02
1.7293780e-02
2.0785670e-02
2.5614370e-02
3.1994190e-02
3.4023800e-02
3.5556900e-02
3.8966190e-02
4.3137420e-02
4.6806710e-02
4.6308610e-02
3.9189370e-02
3.3914940e-02
2.3097090e-02
1.7822480e-02
1.4983890e-02
1.9591500e-02
1.5862740e-02
8.2314020e-03
2.0420150e-03
-7.8495790e-03
-1.7742490e-02
-2.7634500e-02
-3.5549240e-02
-3.8685900e-02
-3.5106350e-02
-2.1863080e-02
-1.5911660e-02
-1.0106110e-02
-4.5328980e-03
2.6622550e-04
7.6197210e-03
1.3946420e-02
1.9272790e-02
2.3021750e-02
1.8273420e-02
1.1839490e-02
2.7145570e-03
-7.8374030e-03
-1.8389910e-02
-2.6723890e-02
-3.4379600e-02
-3.6775790e-02
-3.1513830e-02
-2.5675780e-02
-2.3028270e-02
-1.6220390e-02
-1.1391690e-02
-1.2380580e-02
-5.7834520e-03
3.7165620e-03
1.1337040e-02
1.7669870e-02
2.4782710e-02
3.0367100e-02
2.7672380e-02
2.4602480e-02
2.1533440e-02
1.5138120e-02
8.2118270e-03
4.4133880e-03
6.6210180e-04
5.2638410e-03
8.7002270e-03
6.0364000e-03
1.6452850e-03
-2.1894990e-03
1.0750180e-03
6.4264980e-03
3.1790470e-03
-2.8513510e-03
-6.9203550e-03
-6.3087300e-03
-3.4819870e-03
3.6016340e-03
1.0131830e-02
1.1963200e-02
1.8157500e-03
-6.1137690e-03
-1.4850330e-02
-2.2458330e-02
-2.6692860e-02
-3.2290870e-02
-3.3710080e-02
-2.9841140e-02
-2.6201470e-02
-2.1339240e-02
-1.8693840e-02
-1.8266390e-02
-1.6696770e-02
-1.0490580e-02
8.7115470e-05
1.0664990e-02
1.9503180e-02
2.7486950e-02
2.6839880e-02
2.0751640e-02
1.0191720e-02
-7.1346250e-04
-1.1617410e-02
-2.0655000e-02
-2.5223100e-02
-2.4692690e-02
-3.0048050e-02
-3.2049680e-02
-2.9832550e-02
-2.5236570e-02
-2.1208470e-02
-1.4424180e-02
-6.4749600e-03
3.8510240e-03
1.0451560e-02
1.6343880e-02
2.0534090e-02
2.4269630e-02
2.0733540e-02
1.6509150e-02
1.3321740e-02
8.9758570e-03
7.9834250e-03
1.1015800e-02
1.3665220e-02
1.8336770e-02
2.3159260e-02
2.4268060e-02
1.7638140e-02
1.0706380e-02
2.2276590e-03
-6.2138340e-03
-1.0592990e-02
-4.7409590e-03
1.1994130e-03
9.5238580e-03
1.7849510e-02
2.4816490e-02
2.9564500e-02
3.3121660e-02
3.6084070e-02
3.8732530e-02
4.1883670e-02
4.4027490e-02
4.6674880e-02
4.9322400e-02
4.9703160e-02
4.4191150e-02
3.6897200e-02
2.4521170e-02
7.1033200e-03
-5.4710540e-03
-1.2428740e-02
-1.7618980e-02
-2.2786730e-02
-3.1846870e-02
-3.8782770e-02
-4.4853140e-02
-4.5971720e-02
-4.2058120e-02
-3.4128660e-02
-2.6839680e-02
-1.7586650e-02
-1.1018470e-02
-7.9490850e-03
-6.1556640e-03
-8.5441160e-03
-1.2042450e-02
-7.8644930e-03
-1.1024350e-02
-1.4523870e-02
-1.7592140e-02
-1.6649810e-02
-1.1362470e-02
-6.2439510e-03
-2.9348850e-03
-1.0441020e-02
-1.4609580e-02
-1.1103740e-02
-8.2149790e-03
-1.1467420e-02
-1.6329320e-02
-1.2560340e-02
-7.2732250e-03
-2.3204180e-03
2.0983930e-03
2.0735030e-03
-9.9833980e-04
-3.5409780e-03
-6.3349480e-04
2.0092820e-03
3.1069840e-03
-1.7010080e-03
-6.1251170e-03
-1.1914150e-02
-1.6701720e-02
-1.6542590e-02
-9.4172440e-03
-3.2509100e-03
8.3024730e-04
2.9487420e-03
5.3223140e-03
3.9280330e-03
-2.5151350e-04
-5.0974750e-03
-1.1936310e-02
-1.7224440e-02
-2.1898830e-02
-2.4610240e-02
-1.9427010e-02
-1.8282870e-02
-1.3421860e-02
-1.0199390e-02
-1.4483110e-02
-1.5191790e-02
-1.1417820e-02
-4.6369470e-03
2.6762840e-03
1.1033470e-02
1.7898380e-02
2.3675160e-02
2.5272230e-02
2.2325380e-02
1.7827540e-02
1.8727940e-02
2.2479570e-02
2.5121750e-02
2.6375240e-02
2.6374220e-02
2.4076930e-02
2.0375420e-02
1.3753510e-02
8.4345330e-03
1.0991020e-02
1.6277270e-02
2.0455200e-02
2.4946050e-02
3.0914580e-02
3.5232210e-02
3.1216870e-02
2.4967080e-02
2.0817950e-02
1.6383300e-02
1.3247850e-02
7.0724130e-03
-8.6019450e-04
-9.2714510e-03
-1.0280120e-02
-1.3555420e-02
-1.3556480e-02
-1.3437180e-02
-1.1341690e-02
-1.0367820e-02
-1.1051030e-02
-9.1272280e-03
-9.1282770e-03
-6.4478570e-03
-4.6959850e-03
-1.1549960e-03
8.4494230e-04
-1.3453590e-03
-2.8875460e-03
-5.5379410e-03
-1.1514810e-02
-1.1869730e-02
-6.0620840e-03
-2.8978070e-03
2.3999540e-03
5.4807800e-03
5.8736130e-03
-8.2932220e-04
-4.1891550e-03
-8.7626880e-03
-1.1512560e-02
-1.6280810e-02
-2.0040660e-02
-2.4037860e-02
-2.8228950e-02
-3.0220550e-02
-2.8425940e-02
-2.7998720e-02
-2.5234380e-02
-1.9623930e-02
-1.6974800e-02
-1.3217100e-02
-1.2784750e-02
-1.2479870e-02
-1.1372520e-02
-1.1488810e-02
-9.9482080e-03
-7.2988360e-03
-4.6495690e-03
-8.9162170e-04
1.9294500e-03
4.1464290e-03
2.3447280e-03
1.9122790e-03
-1.8459600e-03
-7.5943000e-03
-1.3099160e-02
-1.6918060e-02
-1.8026620e-02
-1.5809850e-02
-1.4701560e-02
-1.1376280e-02
-1.1376380e-02
-1.0362880e-02
-8.8245190e-03
-7.2949040e-03
-4.6562340e-03
-1.3993120e-03
1.7302410e-03
3.2607760e-03
7.0083790e-03
8.5386250e-03
7.4721750e-03
6.3640640e-03
7.2452240e-03
5.2565920e-03
6.3656800e-03
6.0972210e-03
3.4592580e-03
1.9269480e-03
-2.8365110e-04
-8.6586650e-04
9.8425250e-04
3.0436150e-03
4.1527530e-03
7.4789630e-03
1.0057310e-02
1.4225670e-02
1.9503710e-02
2.4561350e-02
2.7435870e-02
3.0277710e-02
3.3960920e-02
3.4447190e-02
3.8973700e-02
4.1667810e-02
3.5801570e-02
3.1125900e-02
2.3391280e-02
1.5481200e-02
1.0867900e-02
6.8130300e-03
7.2400440e-03
8.9115060e-03
1.3085240e-02
1.3345160e-02
1.0291110e-02
6.8407370e-03
9.8257220e-03
1.4000290e-02
1.8414560e-02
1.8480770e-02
1.5848870e-02
1.2193040e-02
8.3669230e-03
4.6309600e-03
8.3779690e-04
-1.7319250e-03
-6.3562550e-03
-1.2920270e-02
-2.2420220e-02
-2.6490010e-02
-3.1497040e-02
-3.6341930e-02
-3.6695110e-02
-3.2886680e-02
-2.9353620e-02
-2.2773630e-02
-1.6698440e-02
-7.9810310e-03
-3.8134800e-03
-1.1446940e-03
-2.5103870e-05
6.2154920e-04
1.1055290e-03
1.1165180e-03
2.2360970e-03
3.2738960e-03
4.4752650e-03
5.2364120e-03
8.9888920e-03
1.2105600e-02
1.3388300e-02
9.6817480e-03
3.3188930e-03
-2.0175800e-03
-5.6413420e-03
-1.3195490e-02
-1.7471480e-02
-1.2194680e-02
-9.1357540e-03
-6.4676680e-03
-4.7368090e-03
-4.2285590e-03
-3.1089930e-03
-3.0980670e-03
-4.1385150e-03
-3.0762810e-03
-8.4820680e-04
1.5756520e-03
4.7165390e-03
7.0260430e-03
2.1872310e-03
-2.2933720e-03
-7.5563410e-03
-1.1735870e-02
-1.2954700e-02
-1.3193530e-02
-1.3360040e-02
-1.2922770e-02
-1.1802330e-02
-1.2900780e-02
-1.3998280e-02
-1.4613370e-02
-1.7201670e-02
-1.8400100e-02
-1.8095570e-02
-1.8239550e-02
-1.7828850e-02
-2.0362090e-02
-1.9453860e-02
-1.9442900e-02
-1.6023110e-02
-1.2847990e-02
-8.4883720e-03
-4.4516520e-03
-1.3619550e-03
2.8086580e-03
6.3849770e-03
9.2312790e-03
1.3213270e-02
1.6762710e-02
1.9447580e-02
2.1672250e-02
2.3353520e-02
2.2796510e-02
2.1695040e-02
1.9486050e-02
1.6926330e-02
1.5066090e-02
1.5073990e-02
1.8944530e-02
2.1740380e-02
1.7835650e-02
1.3269130e-02
1.1786160e-02
8.9500720e-03
7.7539910e-03
6.0272680e-03
3.3850830e-03
-3.5856090e-04
-3.6889830e-03
-3.9310890e-03
-3.6777750e-03
-3.6758230e-03
-4.7213190e-03
-4.7804550e-03
-6.6909660e-03
-8.1022470e-03
-9.2088220e-03
-1.0315420e-02
-1.2846650e-02
-1.5494180e-02
-2.0430960e-02
-1.9780940e-02
-1.4912040e-02
-1.0043230e-02
-5.5908480e-03
-1.3980900e-03
3.4537470e-03
4.9965920e-03
7.4431320e-03
9.6622820e-03
1.1881710e-02
1.0060040e-02
8.8426410e-03
3.9778050e-03
7.4844500e-04
-1.3176280e-03
-5.4119050e-03
-8.8299080e-03
-1.2585840e-02
-1.2546510e-02
-8.2072620e-03
-5.8414660e-03
-3.6251560e-03
-1.4088130e-03
1.6974250e-04
8.0652970e-04
4.1314250e-03
5.8987690e-03
9.6725500e-03
9.2562820e-03
5.4972850e-03
2.8471150e-03
1.9618480e-04
-1.4175650e-03
-5.1044990e-03
-3.9525090e-03
-6.2047760e-03
-9.1692180e-03
-1.1143770e-02
-1.0790400e-02
-5.8640900e-03
2.0173980e-03
8.4020590e-03
1.4993570e-02
2.2065970e-02
2.4703690e-02
2.9505160e-02
3.3304360e-02
3.6260260e-02
3.3839350e-02
3.0779750e-02
2.4393980e-02
1.8859620e-02
1.3412960e-02
1.2966870e-02
1.6723130e-02
2.0471270e-02
2.0451650e-02
1.5744250e-02
1.2235040e-02
1.2685380e-02
1.0047220e-02
7.4822320e-03
6.3379600e-03
4.3514820e-03
3.0134220e-03
1.7886730e-03
-2.3622810e-04
-5.4383740e-03
-9.6065760e-03
-1.2584950e-02
-1.5222370e-02
-1.8968180e-02
-2.3823550e-02
-2.6461960e-02
-2.8021610e-02
-2.5804200e-02
-2.1665700e-02
-1.8900640e-02
-1.4717170e-02
-1.2781150e-02
-1.2218720e-02
-1.1797910e-02
-1.1376180e-02
-9.8457700e-03
-9.1723650e-03
-1.0281140e-02
-1.2569800e-02
-1.6737800e-02
-2.0257390e-02
-1.8019560e-02
-1.3605680e-02
-1.0894660e-02
-9.3534010e-03
-6.9529740e-03
-6.2706100e-03
-3.6267280e-03
-2.0803600e-03
-3.0047090e-04
1.1964210e-03
3.6518950e-03
4.1842160e-03
3.0264200e-03
1.9180820e-03
-2.3778970e-03
-1.9780950e-03
-4.6270200e-03
-8.7121570e-03
-1.3662830e-02
-1.2326560e-02
-9.7613840e-03
-8.0600600e-03
-5.5719040e-03
-1.5149430e-03
1.9706080e-03
4.7811270e-03
8.3504900e-03
1.3000590e-02
1.5866560e-02
1.9597300e-02
2.3382130e-02
2.0194230e-02
1.4895330e-02
9.5957710e-03
2.0794020e-03
-5.0886120e-03
-1.0737150e-02
-6.9574340e-03
-5.3111960e-03
-3.6326270e-03
-1.4157980e-03
-3.0760870e-04
-2.5799020e-04
2.5351090e-03
2.8228910e-03
5.7108530e-03
9.2279920e-03
1.5187950e-02
1.8930860e-02
1.9596380e-02
1.4037470e-02
1.1803860e-02
8.5836550e-03
4.7492470e-03
1.2795840e-03
6.5414670e-04
7.8258430e-05
-4.6874160e-03
-6.3617800e-03
-9.7753800e-03
-1.2801160e-02
-1.6070900e-02
-1.9070420e-02
-1.7798420e-02
-1.4318590e-02
-1.1667870e-02
-7.9424410e-03
-2.6654660e-03
1.9633670e-03
6.1387370e-03
8.1342570e-03
1.0052960e-02
1.3943940e-02
1.8251760e-02
2.0885210e-02
2.4533350e-02
2.4787860e-02
1.7578050e-02
1.3356970e-02
8.0250260e-03
4.6130170e-03
1.7993380e-03
1.1546030e-04
-2.1722900e-03
-3.7444920e-03
-5.5223880e-03
-6.6626820e-03
-6.6943330e-03
-7.8345660e-03
-7.8661870e-03
-8.1585470e-03
-9.0380900e-03
-9.6740870e-03
-9.1014610e-03
-9.8814700e-03
-7.5788090e-03
-9.1964960e-03
-7.5711200e-03
-5.9340700e-03
-7.0743720e-03
-6.3688760e-03
-3.8119140e-03
-4.4768970e-05
4.5544800e-03
9.9840390e-03
1.6636310e-02
1.9256510e-02
1.7548090e-02
1.6735860e-02
1.4865250e-02
1.2634630e-02
9.7360400e-03
7.7830200e-03
5.9445200e-03
6.9582820e-03
7.0272240e-03
5.9057170e-03
3.6756840e-03
2.7168180e-03
1.4325460e-03
1.1514470e-04
-2.0335430e-03
-3.0405850e-03
-3.0536260e-03
6.5043380e-04
3.5720190e-03
6.2491530e-03
9.0891520e-03
6.4672770e-03
4.6290210e-03
2.3988820e-03
9.4334950e-04
-1.7023600e-03
-5.3999960e-03
-9.2098110e-03
-1.2949330e-02
-1.2968210e-02
-1.0827400e-02
-7.6115580e-03
-4.6148490e-03
-8.3518460e-03
-7.5398360e-03
-5.3751550e-03
-2.4844570e-03
1.6775680e-03
5.7251110e-03
7.8657780e-03
7.6180400e-03
3.8812490e-03
1.1967310e-03
-2.9565260e-03
-7.1113550e-03
-7.9487120e-03
-1.2597370e-02
-1.5230910e-02
-1.2357020e-02
-8.9633870e-03
-1.7939920e-03
4.0009980e-03
8.0097160e-03
1.2819970e-02
1.5339170e-02
2.0180260e-02
2.2843330e-02
2.4662000e-02
2.1203720e-02
1.8011520e-02
1.1628670e-02
7.4639070e-03
4.0111870e-03
1.3760800e-03
-8.1275910e-04
-5.0027320e-03
-9.8551270e-03
-1.3599090e-02
-1.6234710e-02
-2.0751590e-02
-2.1504820e-02
-2.1783820e-02
-1.9759370e-02
-1.7610420e-02
-1.3635220e-02
-9.0010190e-03
-4.1833650e-03
-1.2763150e-05
3.3582770e-03
1.5654170e-03
-1.8326080e-03
-3.9329030e-03
-5.4590010e-03
-9.2031010e-03
-7.3952760e-03
-1.6911940e-03
4.2728290e-03
1.3985190e-02
2.0373260e-02
2.4543360e-02
2.7291090e-02
2.6245420e-02
2.4717560e-02
2.2079870e-02
1.8551080e-02
1.7699060e-02
1.4157030e-02
1.3687360e-02
1.1818690e-02
8.7485720e-03
5.9319450e-03
3.7183640e-03
1.5008680e-03
1.5025020e-03
1.5041500e-03
3.9725920e-04
-7.0965380e-04
-3.6100640e-03
-4.4608310e-03
-7.3561940e-03
-9.5318540e-03
-1.1065380e-02
-1.2894380e-02
-1.2760360e-02
-1.2890490e-02
-1.1780630e-02
-1.0669820e-02
-8.0992180e-03
-3.9182810e-03
-2.1236720e-04
1.5316490e-03
-1.7921400e-03
-4.0074360e-03
-6.2227500e-03
-9.5466790e-03
-1.0943220e-02
-1.3005710e-02
-1.4539940e-02
-1.7181680e-02
-1.7297520e-02
-1.6186690e-02
-1.4967760e-02
-1.2376300e-02
-9.7308080e-03
-7.3110030e-03
-6.6565410e-03
-5.0901470e-03
-5.0882740e-03
-5.0864500e-03
-5.2273860e-03
-5.0828500e-03
-5.0809120e-03
-1.1239410e-03
1.2072310e-03
5.0162900e-03
8.7037140e-03
1.3119330e-02
1.7109950e-02
1.9332520e-02
1.6174970e-02
1.3467110e-02
9.7308100e-03
8.1541020e-03
4.4754760e-03
2.0676520e-03
-2.0842190e-03
-4.5164520e-03
-9.3607850e-03
-1.1987780e-02
-1.6116190e-02
-1.6135220e-02
-1.4491010e-02
-1.3850240e-02
-1.2279470e-02
-1.1010580e-02
-8.3729480e-03
-5.7342290e-03
-3.0962150e-03
-4.5829160e-04
3.2889580e-03
7.0357460e-03
8.8905730e-03
3.8262170e-03
6.2027600e-04
-4.4774190e-03
-7.8775470e-03
-1.0504760e-02
-1.2021670e-02
-1.2651470e-02
-1.5970230e-02
-1.6346200e-02
-1.0576180e-02
-8.9648230e-03
-7.0750600e-03
-6.0744120e-03
-5.9532560e-03
-7.0552560e-03
-7.2444020e-03
-7.5390480e-03
-7.1167290e-03
-7.8035030e-03
-5.1634360e-03
-7.0155370e-03
-7.0088950e-03
-7.6710840e-03
-9.4085730e-03
-1.1423480e-02
-8.1724260e-03
-4.4243750e-03
-1.7850470e-03
4.1798760e-03
7.2927610e-03
1.3893410e-02
1.8946570e-02
2.0777540e-02
2.1969950e-02
1.9340570e-02
1.5243760e-02
1.7579370e-02
1.8102930e-02
1.4144860e-02
9.5185380e-03
7.5004460e-03
5.3675010e-03
4.6210890e-03
5.2931770e-03
5.2964750e-03
5.2997560e-03
3.3058240e-03
4.1977900e-03
4.2011050e-03
4.1229850e-03
3.4334610e-03
4.2109160e-03
4.1574210e-03
2.1635960e-03
-8.8224760e-04
-4.8399740e-03
-7.4699520e-03
-7.9637850e-03
-5.4083820e-03
-2.0226920e-03
-3.5196200e-03
-3.5162260e-03
-4.4013240e-03
-4.4220080e-03
-3.0087650e-03
-3.5836450e-03
-4.6073100e-03
-6.4625400e-03
-6.8175140e-03
-9.0311620e-03
-1.1244670e-02
-1.1241200e-02
-1.0624920e-02
-8.0576470e-03
-7.5581800e-03
-5.6845290e-03
-3.3834300e-03
-1.8498440e-03
-3.1676860e-04
-1.2754400e-04
-1.2402210e-04
-1.1988930e-03
-3.8337040e-03
-4.8440190e-03
-6.7614980e-03
-6.7580150e-03
-3.7106990e-03
-1.7562830e-03
6.0549910e-04
4.3418740e-03
5.8894360e-03
8.5297340e-03
8.7816560e-03
9.3720940e-03
9.8905770e-03
1.0999020e-02
1.3216400e-02
1.4325230e-02
1.5434120e-02
1.6335990e-02
1.6543500e-02
1.7652370e-02
1.5488010e-02
1.4698210e-02
1.1638540e-02
9.8926910e-03
9.3084180e-03
1.0838310e-02
1.3218830e-02
1.4327700e-02
1.7637150e-02
1.8762410e-02
2.0705620e-02
2.0980250e-02
2.0411730e-02
1.7773160e-02
1.1506480e-02
