0.01
1.3786890e-02
1.1939930e-02
8.2295070e-03
8.5191020e-04
-1.1756720e-02
-2.2333030e-02
-2.4723520e-02
-1.6958300e-02
-1.2951310e-03
1.3379930e-02
1.8343530e-02
1.1991720e-02
-2.0086050e-03
-1.4534550e-02
-1.6658040e-02
-1.2567470e-02
-9.1910980e-03
-5.2195480e-03
1.8151920e-03
9.1426300e-03
1.1326350e-02
4.6495190e-03
-7.9578770e-03
-1.8378290e-02
-1.7944500e-02
-6.0604180e-03
1.2008170e-02
2.6708980e-02
2.5399440e-02
7.3317400e-03
-1.5026010e-02
-3.1266300e-02
-3.0136450e-02
-1.2680050e-02
3.0627750e-03
6.2949070e-03
2.4067730e-05
-4.5959580e-03
-4.1300950e-03
-4.8587820e-03
-1.1024070e-02
-1.6493740e-02
-1.2610370e-02
-1.7790210e-03
5.0586050e-03
8.1368390e-03
1.3708070e-02
1.9568900e-02
1.9839550e-02
1.5013780e-02
9.1403010e-03
4.3030160e-03
4.7719050e-03
6.3915110e-03
4.4798630e-03
-1.7102510e-03
-9.0561000e-03
-1.4644790e-02
-1.7923050e-02
-1.8620740e-02
-1.9078960e-02
-1.6422410e-02
-3.0295210e-03
1.6835900e-02
2.5426310e-02
1.5250120e-02
-5.0093360e-04
-1.4127500e-02
-2.5846980e-02
-3.1650830e-02
-2.3884150e-02
-6.9511130e-03
2.9540220e-03
1.5090570e-03
-1.6128980e-03
-1.3465370e-03
-1.6147710e-04
-4.4334320e-04
1.3569770e-03
8.5358580e-03
1.8501100e-02
2.6103310e-02
2.7130260e-02
2.3386560e-02
1.4960700e-02
4.2934770e-03
8.1908360e-04
5.5589310e-03
1.0806820e-02
1.0952540e-02
8.2370770e-03
8.6296750e-03
1.1109580e-02
1.0147340e-02
3.7896500e-03
-4.5381830e-03
-1.0852190e-02
-1.6478460e-02
-2.1046020e-02
-2.0315430e-02
-1.3397290e-02
-6.0835020e-03
-4.8268970e-03
-1.1465670e-02
-2.3230300e-02
-3.2274710e-02
-3.2285400e-02
-2.1779690e-02
-2.5316990e-03
1.4858110e-02
1.8798190e-02
9.9583350e-03
-2.3325500e-03
-9.3270190e-03
-5.4511400e-03
6.1781880e-03
1.7343300e-02
2.4444380e-02
2.6397200e-02
2.0238160e-02
6.6182690e-03
-7.9685900e-03
-1.2065090e-02
-5.3577400e-03
3.2823570e-04
4.8910980e-04
-2.3423620e-03
-4.4749640e-03
-8.6167330e-04
2.4032810e-05
-1.0778960e-02
-2.2636400e-02
-1.5170050e-02
1.0993650e-02
2.9258180e-02
2.6436880e-02
1.4579300e-02
1.0570030e-02
1.3669970e-02
1.4460390e-02
9.2358180e-03
-1.5613130e-03
-1.1079020e-02
-1.2906710e-02
-9.6322410e-03
-8.5853440e-03
-1.5206830e-02
-2.5779990e-02
-3.1628190e-02
-2.9614250e-02
-2.0492190e-02
-1.0184080e-02
-2.6347300e-03
4.5724400e-03
1.2358800e-02
1.5810250e-02
1.6404640e-02
1.6955660e-02
1.4475580e-02
7.1606420e-03
7.6949400e-05
3.0414200e-03
1.4061030e-02
2.2578370e-02
2.4955890e-02
2.2277410e-02
1.1308630e-02
-4.8519490e-03
-1.2647820e-02
-4.1987300e-03
1.1329580e-02
2.0019890e-02
1.9842800e-02
1.0519070e-02
-6.0615130e-03
-1.9498250e-02
-2.2804340e-02
-1.7958690e-02
-5.8262990e-03
8.6570720e-03
1.6231430e-02
1.5054300e-02
3.8889480e-03
-1.4870570e-02
-2.9892500e-02
-3.1678350e-02
-2.2683780e-02
-1.3716760e-02
-1.4124490e-02
-2.4044110e-02
-3.5414810e-02
-3.4870510e-02
-1.6949200e-02
5.6867540e-03
1.9320790e-02
1.7676550e-02
6.0499520e-03
-1.4991520e-03
2.2895360e-03
1.1819620e-02
1.5523270e-02
1.2488960e-02
1.0004750e-02
1.6054270e-02
2.3461370e-02
2.1149460e-02
1.6362170e-02
2.2371470e-02
3.1181390e-02
2.5738330e-02
3.9177510e-03
-1.9805270e-02
-3.0913970e-02
-2.9154690e-02
-2.5467360e-02
-2.1158280e-02
-1.1755490e-02
-1.7067610e-03
2.0617100e-03
-1.9840920e-03
-1.3070910e-02
-2.0184750e-02
-1.2380910e-02
4.9315190e-03
2.1541190e-02
3.0835540e-02
3.2243650e-02
3.0029720e-02
2.4769400e-02
1.5807950e-02
5.2022560e-03
-4.6435210e-04
1.3908200e-03
7.6774890e-03
1.1799610e-02
7.7742300e-03
-2.5997660e-03
-1.4869860e-02
-2.2732850e-02
-1.8324570e-02
1.1327470e-05
2.2826300e-02
3.7919770e-02
4.6291020e-02
5.1590180e-02
5.0316540e-02
3.8485070e-02
1.9796430e-02
3.0409210e-03
-9.5020390e-03
-2.0010850e-02
-2.2842670e-02
-1.4921400e-02
-9.4590470e-03
-1.8397140e-02
-3.9071990e-02
-6.1465800e-02
-7.6493420e-02
-8.1674240e-02
-8.2962380e-02
-8.6493320e-02
-9.1637450e-02
-9.7321100e-02
-8.5214230e-02
-2.8108190e-02
4.8708740e-02
9.1784120e-02
9.9006050e-02
8.8327970e-02
7.3331380e-02
6.0471880e-02
5.2882460e-02
5.3967600e-02
5.7000260e-02
5.0185100e-02
3.3128470e-02
1.0187050e-02
-2.0140150e-02
-5.7847570e-02
-8.7998450e-02
-9.9409860e-02
-9.0960170e-02
-7.2577110e-02
-5.1030860e-02
-2.2692890e-02
1.3245020e-02
3.9605630e-02
4.2598720e-02
4.4222520e-02
6.7731650e-02
1.0208980e-01
1.3069060e-01
1.4897100e-01
1.5609940e-01
1.5173660e-01
1.4258180e-01
1.3327440e-01
1.2083270e-01
9.8592260e-02
6.7801450e-02
4.0074590e-02
3.0390890e-02
3.6978730e-02
4.4845910e-02
3.3115870e-02
-1.1831140e-02
-7.7668770e-02
-1.2615060e-01
-1.4795890e-01
-1.5641060e-01
-1.5948640e-01
-1.5116200e-01
-1.2710540e-01
-1.0462250e-01
-1.0834110e-01
-1.3851930e-01
-1.7432450e-01
-1.9440020e-01
-1.9065680e-01
-1.6963260e-01
-1.4801620e-01
-1.3873880e-01
-1.4150790e-01
-1.4301510e-01
-1.1960660e-01
-5.1746230e-02
3.1355780e-02
9.2491390e-02
1.3476690e-01
1.6779320e-01
1.8986260e-01
2.0292380e-01
2.1121400e-01
2.0438100e-01
1.7339510e-01
1.2794320e-01
8.7663590e-02
5.7439580e-02
3.1889090e-02
7.7002880e-03
-1.7619090e-02
-4.7546680e-02
-7.7744020e-02
-9.6971840e-02
-9.7676930e-02
-9.1268920e-02
-9.3341920e-02
-9.9714490e-02
-8.4980850e-02
-3.9106550e-02
1.5713750e-02
5.6750100e-02
7.7095850e-02
7.3481450e-02
5.3528590e-02
3.5007790e-02
3.2392230e-02
4.4505820e-02
5.8288320e-02
6.4255390e-02
6.1300460e-02
4.7174780e-02
1.3694900e-02
-2.9664440e-02
-6.2278550e-02
-6.6397500e-02
-2.6943000e-02
3.3398130e-02
7.1014300e-02
7.6134450e-02
5.4277800e-02
1.8407420e-02
-1.3123570e-02
-2.8560580e-02
-3.5734910e-02
-4.5613610e-02
-5.3442780e-02
-4.9983450e-02
-3.9277950e-02
-2.9836130e-02
-1.8778650e-02
2.4501200e-03
2.9577640e-02
3.7070350e-02
1.1993820e-02
-2.4743560e-02
-4.4270590e-02
-3.4957740e-02
-1.0252030e-02
2.7042980e-03
3.0850900e-03
4.7155940e-03
1.5416880e-02
3.1951110e-02
4.3405960e-02
4.1655790e-02
2.8495780e-02
1.9804100e-02
2.8726460e-02
4.6573310e-02
5.8337370e-02
6.2253900e-02
6.4951540e-02
7.2986240e-02
7.8772890e-02
6.4317680e-02
2.7877070e-02
-1.2990250e-02
-3.9703880e-02
-5.1539010e-02
-5.3200070e-02
-5.1271530e-02
-4.9326100e-02
-4.5327870e-02
-3.5791860e-02
-2.7834330e-02
-3.5893680e-02
-6.2804170e-02
-9.2574610e-02
-1.0780350e-01
-1.0884310e-01
-1.0169800e-01
-8.4411110e-02
-5.3253730e-02
-1.5787970e-02
1.2718850e-02
2.4452130e-02
2.4527660e-02
2.8848710e-02
4.3407540e-02
5.3107810e-02
4.2337120e-02
2.0128750e-02
9.9068290e-03
2.1628360e-02
3.9145880e-02
3.4985760e-02
4.0934770e-03
-2.8092970e-02
-4.6279460e-02
-4.8203510e-02
-4.2104740e-02
-4.1616760e-02
-5.1285120e-02
-6.1893030e-02
-6.2809180e-02
-5.0155520e-02
-2.7847220e-02
-4.1936540e-03
1.7199000e-02
3.4776670e-02
4.5746760e-02
5.1828870e-02
5.3952100e-02
5.3671350e-02
5.0138870e-02
3.9611090e-02
2.0324390e-02
-8.9297580e-04
-9.0543810e-03
6.3579690e-03
3.6532540e-02
6.2738850e-02
7.1655580e-02
5.5772590e-02
2.1731820e-02
-1.4070770e-02
-4.2821430e-02
-6.2487950e-02
-7.5582020e-02
-8.1352690e-02
-7.2600440e-02
-4.5430190e-02
-8.8349880e-03
2.1025080e-02
4.1161940e-02
5.7994660e-02
7.3814190e-02
8.2549460e-02
7.7479940e-02
6.1735590e-02
4.7374750e-02
3.8762220e-02
3.1487440e-02
2.3250880e-02
1.4611210e-02
5.0540980e-03
-6.2700580e-03
-1.9968250e-02
-3.1232220e-02
-3.0333300e-02
-1.4626520e-02
4.5110180e-03
1.3982740e-02
1.4995400e-02
1.9239300e-02
3.2005230e-02
5.1730980e-02
7.2625140e-02
8.5299820e-02
8.0840110e-02
6.2633500e-02
4.6972230e-02
4.3077330e-02
4.1206780e-02
2.5433730e-02
-4.6154840e-03
-3.3789430e-02
-4.7384520e-02
-4.4311960e-02
-4.0305460e-02
-4.7124720e-02
-6.2434030e-02
-7.5404140e-02
-7.7389670e-02
-6.9422340e-02
-6.1020850e-02
-5.8387710e-02
-6.0066130e-02
-5.8698360e-02
-4.7466370e-02
-2.0870250e-02
1.5997850e-02
4.4929090e-02
5.1481480e-02
3.6006300e-02
6.2051060e-03
-2.2676570e-02
-4.0312530e-02
-5.4618620e-02
-6.5672240e-02
-6.1017840e-02
-4.2626910e-02
-2.7192090e-02
-2.4362330e-02
-3.0429460e-02
-3.8836890e-02
-4.4994820e-02
-4.3374290e-02
-3.0475230e-02
-9.6071410e-03
1.0938290e-02
2.4065340e-02
3.2702520e-02
4.3863230e-02
5.6453270e-02
6.2232040e-02
5.0824460e-02
2.2939970e-02
1.1310740e-03
-1.1550120e-03
8.9357420e-03
1.9797060e-02
2.5876310e-02
3.0221920e-02
4.0648640e-02
6.1468530e-02
8.7084350e-02
1.0566640e-01
1.1123360e-01
1.1043370e-01
1.0622270e-01
9.4352820e-02
7.4773180e-02
5.5203110e-02
4.0861090e-02
3.3268110e-02
3.3845380e-02
3.3402360e-02
2.1472250e-02
3.5361080e-03
-8.7974210e-03
-1.6491790e-02
-2.7440890e-02
-4.3542740e-02
-5.8141010e-02
-6.4671590e-02
-6.4681670e-02
-6.6842580e-02
-7.3366060e-02
-8.2099770e-02
-8.5835170e-02
-7.5291640e-02
-5.2191610e-02
-3.2657710e-02
-3.0557250e-02
-4.4899000e-02
-6.3257350e-02
-7.4906980e-02
-7.7627400e-02
-7.1923940e-02
-5.8418050e-02
-4.3127170e-02
-3.2283730e-02
-2.7667030e-02
-2.7161900e-02
-2.8026200e-02
-2.7461100e-02
-2.5702750e-02
-2.3726470e-02
-2.3148520e-02
-2.5273140e-02
-2.6356790e-02
-2.2088590e-02
-1.2766810e-02
-8.2496920e-03
-1.6702670e-02
-2.9033130e-02
-3.2605650e-02
-2.7011590e-02
-1.7587130e-02
-6.4775070e-03
7.4680540e-03
2.2408250e-02
3.0458350e-02
2.3804100e-02
6.5585920e-03
-6.9537770e-03
-3.8473270e-03
1.1748580e-02
2.5693880e-02
3.2056460e-02
3.1384000e-02
3.0895250e-02
3.6158590e-02
4.3960380e-02
4.9744630e-02
5.3625480e-02
5.8635980e-02
6.5736130e-02
7.2627960e-02
7.2051060e-02
5.8340840e-02
3.6724780e-02
1.6683740e-02
1.4967640e-03
-1.0762680e-02
-2.3332500e-02
-3.3623960e-02
-3.8351420e-02
-3.5269840e-02
-2.7708800e-02
-2.1334430e-02
-1.6493180e-02
-1.1385980e-02
-8.2234010e-03
-6.7583470e-03
-5.5221080e-03
-4.4109220e-03
-4.7859060e-03
-8.6736800e-03
-1.5107280e-02
-1.9766180e-02
-2.2902540e-02
-2.5736520e-02
-2.4357190e-02
-1.4997890e-02
3.7035870e-04
1.7344340e-02
3.0894330e-02
3.7930960e-02
4.0374100e-02
4.6878090e-02
5.9186370e-02
7.1679480e-02
8.0600750e-02
8.3737410e-02
8.1694280e-02
7.2153130e-02
5.1876050e-02
2.5994820e-02
3.3366470e-03
-1.4258500e-02
-3.1435170e-02
-4.1673200e-02
-3.3860520e-02
-8.6046360e-03
2.1214540e-02
3.7590710e-02
3.6335060e-02
2.8029090e-02
2.0997050e-02
1.7598060e-02
1.2451060e-02
-2.5455910e-03
-2.4029830e-02
-3.8182570e-02
-3.6976510e-02
-2.4151820e-02
-8.6439920e-03
1.8369820e-03
5.4468640e-03
4.4338550e-03
4.0458330e-04
-3.8510000e-03
-8.8838230e-03
-1.5105590e-02
-2.2286360e-02
-2.9214140e-02
-3.0871620e-02
-2.2964540e-02
-7.5083150e-03
6.3709730e-03
8.2658170e-03
-1.9740870e-04
-1.0348240e-02
-1.2777700e-02
-4.4131660e-03
4.4749620e-03
2.4516340e-03
-7.4520120e-03
-1.2576340e-02
-1.1409940e-02
-1.3192890e-02
-2.4021120e-02
-3.9372480e-02
-4.9632290e-02
-5.3645580e-02
-5.5172300e-02
-5.6657800e-02
-5.7828590e-02
-5.8251220e-02
-5.7054410e-02
-4.8916460e-02
-3.0496430e-02
-6.9183390e-03
1.0457590e-02
1.6938220e-02
1.6001010e-02
1.3689790e-02
1.3832170e-02
1.8610280e-02
2.7824990e-02
3.9055190e-02
5.1225840e-02
6.0993940e-02
6.6476510e-02
6.6766480e-02
6.1252470e-02
5.0931330e-02
4.1231490e-02
3.3497540e-02
2.4827120e-02
1.0522560e-02
-8.0238870e-03
-2.0421050e-02
-1.5252720e-02
1.2915080e-03
1.3011040e-02
9.7360720e-03
-2.4216620e-03
-1.3223550e-02
-1.4651300e-02
-4.7228220e-03
1.1354230e-02
2.5260880e-02
3.2551350e-02
3.3563770e-02
2.2842510e-02
-4.0564420e-04
-2.4492600e-02
-3.6491530e-02
-3.6610260e-02
-3.1063980e-02
-2.8228670e-02
-3.0438540e-02
-3.7031900e-02
-4.5104370e-02
-5.1326210e-02
-5.3396370e-02
-4.5947530e-02
-2.8447660e-02
-1.1749160e-02
-6.4679910e-03
-1.2092720e-02
-1.8670530e-02
-1.2053430e-02
1.1580620e-02
3.8987120e-02
5.6093690e-02
6.1517730e-02
6.2566960e-02
6.7049270e-02
7.2562590e-02
7.3270380e-02
6.6393450e-02
5.6935290e-02
5.0372190e-02
4.8914600e-02
4.9105520e-02
4.2358250e-02
2.5071990e-02
4.4135990e-03
-9.5856330e-03
-1.6198200e-02
-2.1949500e-02
-2.7242330e-02
-2.8209930e-02
-2.4675390e-02
-2.2944060e-02
-2.7510150e-02
-3.4428450e-02
-3.6324790e-02
-3.3685220e-02
-3.2502720e-02
-3.4954370e-02
-3.6981190e-02
-3.3828490e-02
-2.7940770e-02
-2.8674910e-02
-3.5922060e-02
-4.1878690e-02
-4.2789880e-02
-4.2661170e-02
-4.5566060e-02
-4.7385480e-02
-4.1005070e-02
-2.7354980e-02
-1.4604350e-02
-1.0185620e-02
-1.3697530e-02
-1.8321870e-02
-1.8277340e-02
-1.0863790e-02
1.1185910e-03
1.5668620e-02
3.0216680e-02
3.8741490e-02
3.9875650e-02
3.5454510e-02
2.7971600e-02
1.8444980e-02
7.4879800e-03
6.7951640e-04
2.1567670e-04
1.3342180e-03
-1.1857240e-03
-6.4978760e-03
-1.3029140e-02
-2.0104170e-02
-2.3244620e-02
-1.8924520e-02
-9.6584760e-03
-2.1480440e-03
-2.5261900e-03
-9.7987760e-03
-1.5022320e-02
-1.1007760e-02
-3.0504020e-03
1.0879800e-03
1.1945840e-03
3.2287570e-03
9.0857670e-03
1.6429500e-02
2.3401470e-02
2.8854270e-02
3.1468130e-02
3.3163970e-02
3.5813890e-02
3.8606100e-02
3.8676630e-02
3.3269860e-02
2.3285490e-02
1.4335300e-02
1.3271730e-02
1.6190760e-02
1.4543990e-02
4.2408650e-03
-1.0799500e-02
-2.2906670e-02
-2.2974460e-02
-1.1982090e-02
-7.9922090e-04
1.2727420e-03
-4.8345640e-03
-1.3262460e-02
-2.1237190e-02
-2.5062120e-02
-2.5947490e-02
-2.2944180e-02
-1.3099740e-02
2.1972590e-04
5.5907980e-03
-3.0087170e-03
-1.5179670e-02
-1.7639300e-02
-1.0807720e-02
-5.2978020e-03
-4.6028770e-03
-4.7655840e-03
-4.1597420e-03
-5.8153440e-03
-9.1825680e-03
-9.3344480e-03
-4.7339050e-03
8.0072790e-04
4.3365540e-03
4.4229930e-03
1.2126880e-03
-2.4940130e-03
-3.9757450e-03
-6.8715330e-03
-1.1516120e-02
-1.1861180e-02
-3.9912700e-03
9.3805460e-03
2.2838920e-02
3.1621020e-02
3.5303780e-02
3.3259850e-02
2.8403160e-02
2.1935620e-02
1.5572330e-02
1.3081270e-02
1.4198050e-02
1.5659560e-02
1.5941140e-02
1.6361310e-02
1.6922390e-02
1.5851020e-02
1.2472250e-02
6.5583780e-03
-2.8205790e-03
-1.5376210e-02
-2.6522090e-02
-3.1326770e-02
-2.9074000e-02
-2.5114340e-02
-2.1911230e-02
-1.4553060e-02
-5.4098010e-03
-4.6548070e-03
-1.0099190e-02
-1.3532710e-02
-1.0591160e-02
-2.5426820e-03
6.0491890e-03
1.2467890e-02
1.7056760e-02
2.2751250e-02
2.9869690e-02
3.2714980e-02
2.6033310e-02
1.0627630e-02
-2.9442560e-03
-6.2777460e-03
5.7394300e-05
9.6940280e-03
1.7969320e-02
2.2465160e-02
2.1548340e-02
1.3083750e-02
-2.6702130e-03
-1.7057580e-02
-1.9784910e-02
-1.2789750e-02
-3.6796850e-03
-2.6413820e-04
-2.4886760e-03
-4.2469890e-03
-2.6919520e-04
6.7139100e-03
9.7531300e-03
7.3096000e-03
1.6438750e-03
-2.3311270e-03
-4.5852030e-03
-6.3401460e-03
-5.4774820e-03
3.7128760e-03
1.8899880e-02
2.7179700e-02
2.0013770e-02
4.5786420e-03
-7.4163410e-03
-1.2454230e-02
-1.0002760e-02
-6.0150030e-04
1.3631510e-02
2.6218730e-02
3.2111330e-02
3.3297140e-02
3.2950910e-02
2.9654500e-02
2.0407250e-02
4.4141450e-03
-1.0658430e-02
-1.5704630e-02
-1.2341100e-02
-8.9004910e-03
-1.0219040e-02
-1.6057070e-02
-2.1312260e-02
-2.2205570e-02
-2.3319120e-02
-2.9166860e-02
-3.7015990e-02
-4.1521530e-02
-4.2228940e-02
-3.8400710e-02
-3.0268910e-02
-1.9160720e-02
-1.0291520e-02
-5.8172490e-03
-2.6934670e-03
5.3064820e-04
1.6970750e-03
-9.6684660e-04
-2.6668170e-03
3.1020680e-05
7.0066390e-03
1.5348920e-02
2.0889620e-02
2.0945380e-02
1.6441630e-02
1.1467510e-02
8.4121300e-03
6.9038760e-03
2.2080190e-03
-6.9025370e-03
-1.6447330e-02
-2.3278090e-02
-2.7419450e-02
-2.9324980e-02
-2.8777780e-02
-2.3308400e-02
-1.2862570e-02
-8.0373440e-04
8.3447180e-03
1.2525450e-02
1.3397450e-02
1.3491700e-02
1.4270170e-02
1.6701400e-02
1.8985190e-02
1.9470100e-02
1.7958550e-02
1.0963690e-02
-4.1950150e-03
-2.2184500e-02
-3.3067810e-02
-3.2471180e-02
-2.0971330e-02
-3.0858460e-03
1.1032130e-02
1.5417930e-02
1.2055480e-02
5.5752170e-03
4.3775340e-04
8.9145520e-04
3.3997570e-03
1.3405470e-03
-4.7149460e-03
-1.0764130e-02
-1.4758780e-02
-1.7986570e-02
-2.0058580e-02
-1.8345280e-02
-1.4167850e-02
-1.1029460e-02
-9.8526510e-03
-7.9819620e-03
-3.4414860e-03
2.1516020e-03
6.7888790e-03
8.7385130e-03
1.1011820e-02
1.8018920e-02
2.5498860e-02
2.6584940e-02
2.0166880e-02
1.0961310e-02
2.8534260e-03
-3.8668210e-03
-1.0221570e-02
-1.5169730e-02
-1.9086020e-02
-2.5203750e-02
-3.2315080e-02
-3.6763280e-02
-3.6745490e-02
-2.9745750e-02
-1.6382140e-02
-2.6570730e-03
2.9549500e-03
3.5221920e-03
6.5118260e-03
1.1112730e-02
1.2503600e-02
1.1795610e-02
1.4164470e-02
2.0276740e-02
2.7445000e-02
3.2011690e-02
3.2208100e-02
2.7888180e-02
2.2186790e-02
1.7731620e-02
1.5030830e-02
1.3670520e-02
1.3777820e-02
1.4585660e-02
1.4374650e-02
1.1942250e-02
7.7341720e-03
3.2716700e-03
8.2956070e-04
-4.4717690e-04
-2.2167770e-03
-5.3306190e-03
-7.5543430e-03
-6.6503440e-03
-3.2974660e-03
2.2372230e-03
6.1799720e-03
6.6362020e-03
6.9588490e-03
9.5199010e-03
1.2666550e-02
1.3288580e-02
1.0300950e-02
6.5667560e-03
5.9531230e-03
5.6535290e-03
2.8002040e-03
-5.4473330e-04
6.1909700e-04
4.5608170e-03
5.7944420e-03
3.1222540e-03
-1.7593830e-03
-6.8826480e-03
-1.0919880e-02
-1.3504480e-02
-1.5818200e-02
-1.8636630e-02
-1.9414860e-02
-1.4975560e-02
-6.9445130e-03
1.2580870e-03
5.0180070e-03
5.2297130e-04
-8.6875080e-03
-1.5707120e-02
-1.6849220e-02
-1.2667700e-02
-8.0286700e-03
-5.7616590e-03
-5.6079360e-03
-4.6088690e-03
-1.1454830e-03
3.9993630e-03
7.3135390e-03
4.9461290e-03
-4.3560310e-04
-2.7791640e-03
-7.1839330e-05
3.2799870e-03
3.3955770e-03
5.0512530e-04
-1.6913820e-03
-1.0411130e-03
1.4856630e-03
4.8117480e-03
8.7930680e-03
1.2213580e-02
1.2258330e-02
8.0872410e-03
3.0852280e-03
2.9217060e-03
8.3165450e-03
1.2725160e-02
1.2480780e-02
9.7091180e-03
6.9586410e-03
7.6837960e-03
1.3163420e-02
2.0919730e-02
2.5325950e-02
2.3661860e-02
1.8209340e-02
1.2142700e-02
9.4586130e-03
1.2071880e-02
1.5922830e-02
1.7964750e-02
1.6697950e-02
1.2266130e-02
7.0564910e-03
1.8905200e-03
-1.7133270e-03
-3.1166270e-03
-3.0075000e-03
-2.1223190e-03
-1.9601940e-03
-3.2281680e-03
-4.4540930e-03
-6.5779370e-03
-1.0604120e-02
-1.4547510e-02
-1.7294290e-02
-1.6489320e-02
-1.3421040e-02
-1.1419100e-02
-1.3537490e-02
-2.0023670e-02
-2.9236860e-02
-3.7725780e-02
-4.1363520e-02
-4.2354390e-02
-4.1729240e-02
-3.9874160e-02
-3.4992800e-02
-2.6239350e-02
-1.6198970e-02
-1.0140580e-02
-9.5716840e-03
-1.1359610e-02
-1.2442970e-02
-1.1214970e-02
-7.6379870e-03
-2.7493990e-03
1.5542160e-03
4.3089690e-03
5.0877450e-03
2.5144780e-03
-3.4823680e-03
-1.0890940e-02
-1.6227860e-02
-1.7011960e-02
-1.2191640e-02
-3.9385230e-03
4.2071250e-03
9.1191180e-03
1.0213690e-02
9.1424470e-03
8.3473960e-03
1.1165010e-02
1.5112150e-02
1.6734650e-02
1.6936490e-02
1.8145700e-02
2.0987240e-02
2.3444350e-02
2.4734330e-02
2.4680190e-02
2.5111680e-02
2.6479810e-02
2.5707370e-02
2.2675370e-02
1.9682170e-02
2.0293110e-02
2.3981990e-02
2.6426460e-02
2.3042060e-02
1.4047990e-02
4.7648850e-03
-1.0151220e-03
-3.9595200e-03
-7.0361060e-03
-1.0385510e-02
-1.1585750e-02
-1.0777490e-02
-8.2829910e-03
-4.1882490e-03
-1.8927140e-03
-2.7220050e-03
-6.9598880e-03
-1.4830880e-02
-2.3185410e-02
-2.6818620e-02
-2.4522370e-02
-1.8815750e-02
-1.3713740e-02
-1.0315760e-02
-7.8871540e-03
-6.4586420e-03
-4.3205610e-03
-4.4412660e-04
5.5805750e-03
1.1168480e-02
1.3792140e-02
1.3277510e-02
9.6983560e-03
3.7592780e-03
-2.4167720e-03
-3.7523290e-03
7.1873620e-04
3.6787020e-03
-4.2079690e-04
-8.2190070e-03
-1.3417450e-02
-1.2492180e-02
-8.2135640e-03
-5.7615660e-03
-6.7706750e-03
-7.6612190e-03
-6.8984790e-03
-7.4317190e-03
-1.0553970e-02
-1.4755060e-02
-1.6953850e-02
-1.5573690e-02
-1.1393760e-02
-6.9832480e-03
-4.8132120e-03
-4.8893380e-03
-5.6315180e-03
-5.3912150e-03
-4.6444880e-03
-2.9358370e-03
-4.3051660e-04
3.2492980e-04
-2.1815290e-03
-6.2067760e-03
-9.5922140e-03
-9.5413070e-03
-4.1496420e-03
4.9287690e-03
1.3393260e-02
1.7430830e-02
1.6471160e-02
1.2592380e-02
7.1789630e-03
1.3082010e-03
-2.6816800e-03
-4.3593910e-03
-4.1458140e-03
-3.2917650e-03
-1.7049520e-03
3.0260660e-04
2.4587480e-03
3.5140860e-03
3.6439000e-03
4.7015430e-03
8.4265330e-03
1.2107910e-02
1.3553300e-02
1.3270880e-02
1.2429810e-02
1.1178140e-02
1.0622570e-02
1.1989460e-02
1.6084780e-02
2.0684010e-02
2.1851270e-02
1.9735760e-02
1.7884280e-02
1.8339550e-02
2.0326750e-02
2.1830980e-02
2.0106570e-02
1.6283720e-02
1.3818340e-02
1.5829040e-02
1.9448330e-02
2.2054860e-02
2.4544990e-02
2.7327840e-02
3.0697280e-02
3.2706390e-02
2.9785550e-02
2.2831880e-02
1.5091940e-02
9.4480540e-03
5.7825680e-03
2.3847300e-03
-2.8891910e-03
-9.8643040e-03
-1.5315200e-02
-1.8376520e-02
-1.9256690e-02
-1.9930840e-02
-2.1151720e-02
-2.0147480e-02
-1.5063440e-02
-8.1242830e-03
-3.9657340e-03
-3.1982850e-03
-3.0596000e-03
-2.0157330e-03
-1.4390020e-03
-1.9835240e-03
-4.5264500e-03
-7.7487920e-03
-1.0203630e-02
-1.1180080e-02
-1.2052440e-02
-1.3916330e-02
-1.7015820e-02
-1.9938450e-02
-2.2451290e-02
-2.4219740e-02
-2.4504030e-02
-2.3170350e-02
-2.2794190e-02
-2.2924520e-02
-2.0100760e-02
-1.4808890e-02
-9.7795570e-03
-8.0646790e-03
-8.9211290e-03
-1.0356740e-02
-9.0742120e-03
-4.3506160e-03
2.1436660e-03
9.0753500e-03
1.4328520e-02
1.6186530e-02
1.3959560e-02
9.2815040e-03
3.3253520e-03
-3.1481550e-03
-9.1139910e-03
-1.3467440e-02
-1.3114030e-02
-1.0711060e-02
-1.0361630e-02
-1.3136180e-02
-1.7719630e-02
-1.9949540e-02
-1.7687290e-02
-1.2069670e-02
-6.1655270e-03
-1.7617820e-03
1.7392960e-03
4.9409700e-03
8.6774640e-03
1.0360160e-02
7.2364690e-03
1.4667890e-03
-3.6217850e-03
-5.9650790e-03
-4.9592020e-03
-1.2959180e-03
1.9859630e-03
4.5161610e-03
6.6898180e-03
7.9797590e-03
6.6842090e-03
2.0779220e-03
-3.2451580e-03
-7.8907750e-03
-1.0648940e-02
-1.2878960e-02
-1.4878950e-02
-1.5310490e-02
-1.2294740e-02
-5.8722040e-03
4.9004070e-04
2.4892030e-03
-3.4005100e-04
-2.8134010e-03
-3.0614930e-03
-2.0979600e-03
-1.0984690e-03
7.4137320e-04
4.9923990e-03
1.0135970e-02
1.3191970e-02
1.1092150e-02
4.2222360e-03
-3.3076410e-03
-6.9858530e-03
-5.7834030e-03
-2.7253990e-03
-1.5516610e-03
-4.0907700e-03
-8.1530810e-03
-9.8063390e-03
-8.0693400e-03
-5.6000680e-03
-5.4578910e-03
-6.2654680e-03
-5.7918090e-03
-3.7715610e-03
-1.7417180e-03
4.1859850e-04
2.7673830e-03
4.7601030e-03
5.2238480e-03
5.9925110e-03
7.8629560e-03
9.0944510e-03
1.0362210e-02
1.3246110e-02
1.6844540e-02
2.0070170e-02
2.1959320e-02
2.1971090e-02
2.0571200e-02
1.8098190e-02
1.4844020e-02
1.2097230e-02
1.0763420e-02
9.8527900e-03
9.8315770e-03
9.5904410e-03
6.4213410e-03
8.1237570e-04
-2.8448750e-03
1.2587080e-04
7.8407880e-03
1.4415900e-02
1.6646230e-02
1.4836990e-02
1.2238790e-02
1.0494220e-02
8.3162420e-03
4.2566550e-03
1.0958450e-03
2.0404130e-03
4.7729070e-03
5.9312620e-03
7.0423200e-03
9.7817790e-03
1.2843120e-02
1.4981400e-02
1.6344020e-02
1.7144050e-02
1.6460520e-02
1.4835130e-02
1.3264750e-02
1.0707970e-02
6.9539910e-03
3.9932340e-03
1.0200280e-03
-2.6636310e-03
-8.1674880e-03
-1.4515250e-02
-1.8890390e-02
-2.1231760e-02
-2.1536590e-02
-1.9431960e-02
-1.5438000e-02
-9.6707510e-03
-2.7076450e-03
4.3155780e-03
6.9606840e-03
4.0359770e-03
-1.5412640e-03
-5.3107220e-03
-4.7261830e-03
-3.2958300e-03
-3.6535710e-03
-4.6446770e-03
-5.8952600e-03
-6.6788420e-03
-7.0803440e-03
-8.4796130e-03
-1.0982860e-02
-1.3676640e-02
-1.5478860e-02
-1.5760990e-02
-1.5890340e-02
-1.6985530e-02
-1.6544940e-02
-1.2936560e-02
-6.9835420e-03
-3.0709320e-03
-3.3892600e-03
-5.9232690e-03
-7.3198080e-03
-4.4408920e-03
1.1910820e-03
5.7754480e-03
7.8586200e-03
8.0203470e-03
6.5714670e-03
2.7622680e-03
-1.6558360e-03
-4.6172500e-03
-3.7854900e-03
8.7831360e-04
6.2401710e-03
8.8330710e-03
7.8842860e-03
4.7589800e-03
8.4428850e-04
-1.6947850e-03
-1.9175440e-03
5.4737660e-04
5.3296880e-03
1.0268010e-02
1.2459860e-02
1.0343520e-02
5.6172300e-03
1.6376550e-03
5.6392760e-04
1.2873420e-03
2.4668710e-03
2.8192990e-03
1.7364000e-03
1.5836010e-04
-7.3578690e-04
-1.2755490e-03
-1.9407330e-03
-2.5338780e-03
-4.2037570e-03
-5.6749820e-03
-5.9191710e-03
-5.1986230e-03
-4.7641620e-03
-4.1365610e-03
-3.2791540e-03
-9.3983470e-04
1.8704440e-03
4.9011450e-03
6.0650630e-03
4.4545350e-03
3.0350360e-04
-4.6871440e-03
-8.7611050e-03
-1.1196390e-02
-1.2561920e-02
-1.2782080e-02
-1.1135290e-02
-8.0619190e-03
-4.9000910e-03
-1.9489640e-03
1.5574360e-03
4.4583620e-03
6.2228150e-03
5.9795010e-03
3.2437090e-03
1.1472830e-03
1.2045130e-03
1.8201020e-03
4.7316560e-04
-2.9583400e-03
-6.9218220e-03
-8.8915190e-03
-7.6254060e-03
-4.7932200e-03
-2.9950170e-03
-2.3445920e-03
-1.0560020e-03
7.0482300e-04
2.6737810e-03
4.2288790e-03
3.2759880e-03
-1.9189080e-03
-8.9596470e-03
-1.4215090e-02
-1.5719850e-02
-1.4343010e-02
-1.1116860e-02
-6.8551730e-03
-3.2853990e-03
2.6458600e-04
2.4987260e-03
2.6997170e-03
1.0097560e-03
-1.0059770e-03
-2.0165030e-03
-1.2891220e-03
-1.0181500e-04
7.4952130e-04
4.9961110e-04
-1.7877780e-03
-4.7649210e-03
-6.9228470e-03
-8.0132350e-03
-8.7829220e-03
-7.5585980e-03
-4.1835170e-03
5.3148280e-04
3.6392120e-03
4.0403970e-03
3.1443090e-03
1.7255200e-03
1.2610240e-03
3.0791290e-03
6.2219200e-03
9.7250690e-03
1.1745610e-02
1.0602270e-02
6.0912790e-03
2.0637640e-04
-4.6189460e-03
-7.7914720e-03
-1.0110160e-02
-1.1331320e-02
-1.1443250e-02
-1.1718780e-02
-1.1678310e-02
-9.6097810e-03
-4.9606170e-03
8.4149000e-04
7.0749960e-03
1.0626240e-02
1.1745840e-02
1.2201240e-02
1.3316290e-02
1.4415350e-02
1.4973360e-02
1.5984210e-02
1.7058960e-02
1.7463730e-02
1.7718790e-02
1.7147250e-02
1.4110970e-02
9.4686200e-03
5.8919920e-03
3.6192120e-03
1.4540040e-03
3.6539780e-04
2.6305250e-03
7.1409440e-03
1.0536540e-02
1.2609530e-02
1.4544800e-02
1.4395440e-02
1.1336200e-02
7.1784030e-03
4.9957810e-03
4.7637180e-03
3.9893280e-03
9.8747880e-04
-2.6713660e-03
-3.7738630e-03
-4.4085530e-04
4.6756720e-03
8.5397350e-03
1.0389710e-02
1.1714350e-02
1.2365630e-02
1.1735600e-02
8.8747440e-03
4.8458730e-03
1.1384010e-03
-2.9540110e-03
-6.4403600e-03
-9.4410200e-03
-1.0090050e-02
-8.2386060e-03
-5.8073520e-03
-5.3242750e-03
-4.6875460e-03
-1.6075660e-03
3.2742960e-03
7.5517040e-03
9.9086380e-03
1.0711790e-02
1.0956540e-02
1.0935440e-02
9.4594730e-03
6.4742740e-03
2.6600500e-03
-1.4968240e-03
-4.8518550e-03
-7.5678650e-03
-9.6003080e-03
-1.1120190e-02
-1.1484010e-02
-1.0370110e-02
-8.6245720e-03
-7.7630240e-03
-6.4234640e-03
-4.1696540e-03
-3.7453150e-03
-7.5852040e-03
-1.2130140e-02
-1.3968270e-02
-1.3679090e-02
-1.2283120e-02
-1.2033180e-02
-1.3266750e-02
-1.3971260e-02
-1.4111000e-02
-1.4299890e-02
-1.3798510e-02
-1.1393510e-02
-7.8561060e-03
-4.1458830e-03
-1.3664680e-03
-1.9670540e-03
-6.1029160e-03
-1.0577230e-02
-1.3049910e-02
-1.2762520e-02
-1.0179900e-02
-6.8921700e-03
-3.9331160e-03
-1.6878640e-03
9.5797810e-04
4.6244830e-03
8.4988670e-03
1.0630550e-02
1.0293030e-02
7.2139280e-03
4.8395790e-03
6.0821200e-03
9.2919380e-03
1.0317480e-02
8.3330400e-03
5.8530500e-03
3.3452770e-03
8.0373560e-04
-1.5146590e-03
-3.2734460e-03
-3.4965900e-03
-2.6278160e-03
-1.2179540e-03
-6.8599290e-04
4.4827690e-04
2.2736410e-03
5.1236150e-03
7.6201220e-03
7.7645670e-03
6.6300220e-03
5.4638220e-03
3.1079480e-03
-1.7308640e-03
-7.0375670e-03
-1.2504950e-02
-1.6079640e-02
-1.5142640e-02
-1.0533180e-02
-5.6680280e-03
-3.1334970e-03
-2.0715360e-03
-1.1434920e-03
-1.7006380e-04
1.6846470e-03
4.3038470e-03
6.3568990e-03
6.6143220e-03
5.3793410e-03
2.8616280e-03
-1.4450490e-04
-1.8442460e-03
-2.0586890e-03
-2.0234650e-03
-2.5548710e-03
-4.4725540e-03
-7.0291070e-03
-8.6723690e-03
-7.9203050e-03
-4.9297450e-03
9.3175400e-05
4.8012860e-03
8.0892370e-03
9.5148810e-03
8.1441010e-03
4.4712540e-03
9.1846330e-04
-1.4689570e-03
-1.9207240e-03
-1.5363490e-03
-1.2764080e-03
-1.2876860e-03
-1.2587700e-03
-7.9321800e-04
-9.3505540e-04
-1.8931860e-03
-3.0246630e-03
-2.7680670e-03
-8.8034440e-04
2.0781290e-03
4.9125260e-03
6.4279370e-03
5.7271460e-03
3.5573180e-03
2.0675430e-03
3.7009100e-04
-1.9110810e-03
-3.5832810e-03
-3.7860740e-03
-2.6132710e-03
-2.3589690e-03
-4.2536260e-03
-7.0327310e-03
-8.6254130e-03
-6.9107250e-03
-2.2738410e-03
2.9638720e-03
8.1820370e-03
1.1912690e-02
1.3139270e-02
1.1956850e-02
8.6514900e-03
3.7668820e-03
-5.7141560e-04
-2.6153030e-03
-1.2872350e-03
1.5739080e-03
2.6532390e-03
1.5452550e-03
-3.7296890e-04
-8.9224280e-04
-9.2697940e-05
1.4130850e-03
1.8480100e-03
1.6299350e-03
1.5558280e-03
3.6555390e-03
9.0627410e-03
1.4325600e-02
1.7035060e-02
1.7350970e-02
1.5973730e-02
1.3883090e-02
1.2135710e-02
9.2676190e-03
4.6817940e-03
3.9573490e-04
-1.4039820e-03
-1.9823250e-03
-2.1718780e-03
-1.8701060e-03
-6.8891070e-04
3.8842840e-04
4.9223540e-04
-8.1451350e-04
-2.8243690e-03
-2.9744570e-03
-1.5054400e-03
7.2036660e-05
1.7250760e-03
2.8037230e-03
3.9601760e-03
5.6729980e-03
7.4919980e-03
9.7808600e-03
1.1796550e-02
1.1776910e-02
8.7662270e-03
2.9758820e-03
-2.5114680e-03
-6.2840240e-03
-8.5338350e-03
-8.5949040e-03
-7.7174320e-03
-6.9767660e-03
-5.7340170e-03
-4.7047370e-03
-3.9081680e-03
-3.1020340e-03
-1.6209700e-03
6.9863680e-04
2.6296610e-03
3.3539770e-03
3.1394300e-03
4.9518950e-04
-3.0764400e-03
-4.3880330e-03
-4.4916350e-03
-4.5292690e-03
-5.0950050e-03
-6.3146410e-03
-6.8262010e-03
-6.3269540e-03
-5.7206510e-03
-3.9196170e-03
-1.9005150e-03
-4.9118850e-05
5.0475790e-04
-1.1387920e-03
-3.5919460e-03
-5.5716440e-03
-7.6380060e-03
-1.0906540e-02
-1.3426400e-02
-1.3587830e-02
-1.2591470e-02
-1.1500860e-02
-1.0700530e-02
-1.0707970e-02
-1.1442430e-02
-1.1882430e-02
-1.1384400e-02
-9.0535720e-03
-5.6170960e-03
-2.4314180e-03
2.6251440e-05
1.2517900e-03
2.7919170e-04
-8.6639440e-04
-1.6868930e-03
-2.4351970e-03
-3.1143680e-03
-4.2505720e-03
-5.5649110e-03
-4.2323190e-03
-1.3153780e-03
1.8065040e-03
3.3537380e-03
3.6239200e-03
2.7827930e-03
2.0793100e-03
2.1435060e-03
2.1188570e-03
1.4379520e-03
6.0339370e-04
1.7541570e-03
5.7279700e-03
1.0626160e-02
1.2832870e-02
1.3675170e-02
1.2754120e-02
