0.01
1.6095660e-02
1.7343980e-02
1.0045780e-02
1.4101350e-03
-2.7017300e-03
-2.8586380e-03
-7.8092360e-03
-1.7146110e-02
-2.5608740e-02
-2.4186370e-02
-1.8069460e-02
-1.5951840e-02
-1.3336500e-02
-7.1386460e-03
-4.0839400e-03
-7.5280890e-03
-1.3633460e-02
-1.6157500e-02
-1.0583480e-02
3.4649300e-04
8.0037470e-03
1.1187610e-02
1.0583330e-02
5.2170370e-03
2.5470680e-04
3.4730560e-04
1.2894630e-03
5.7062260e-04
7.5651370e-03
1.7755670e-02
2.2092120e-02
2.5941390e-02
2.9191090e-02
2.4669010e-02
9.7478910e-03
-1.0081940e-02
-1.9767490e-02
-1.1351620e-02
-2.4957320e-03
-1.6650150e-03
-3.5356180e-03
-7.3359560e-03
-1.4698340e-02
-1.6995670e-02
-7.2518050e-03
7.3913530e-03
1.1802580e-02
3.6643990e-03
6.0933590e-04
5.1822390e-03
4.3827110e-03
2.1006760e-03
3.5181680e-03
7.8695440e-04
-2.3803390e-03
-7.3842130e-03
-1.6069900e-02
-1.7018860e-02
-7.4327380e-03
-7.3782840e-04
-3.1520270e-03
-4.1803730e-03
2.6745710e-03
1.0336590e-02
1.2857500e-02
1.6312930e-02
1.7672030e-02
9.0042770e-03
7.2242050e-04
1.8903150e-04
-1.2220530e-03
-4.9119610e-03
-4.5873210e-03
7.0581340e-04
4.0872380e-03
3.4922900e-03
5.9556700e-04
-1.6974610e-03
-2.3891650e-03
-8.1046680e-03
-1.5143560e-02
-1.2741160e-02
-5.7397400e-03
-3.7582390e-03
-3.5852920e-03
3.1330240e-03
1.1160540e-02
1.1362010e-02
8.5959440e-03
9.7764920e-03
1.3678350e-02
1.1731580e-02
4.3006590e-03
-4.1039590e-04
-3.9560510e-03
-6.9472470e-03
-7.8676520e-03
-8.2787700e-03
-1.0966630e-02
-1.6130570e-02
-2.1562520e-02
-1.9268110e-02
-2.0502830e-03
1.4921770e-02
2.5035330e-02
2.5388660e-02
1.2878340e-02
-2.5073440e-03
-9.8221050e-03
-1.2653970e-02
-1.2661370e-02
-9.1265620e-03
-5.1390750e-03
2.3943460e-03
1.1686640e-02
1.9088780e-02
1.9499310e-02
9.4922180e-03
-5.8445790e-04
-4.5677540e-04
6.4371050e-03
8.0539150e-03
5.0680680e-03
4.0291900e-03
8.3592400e-04
-8.0220120e-03
-1.5731060e-02
-2.0670290e-02
-1.9566960e-02
-9.0503320e-03
-5.2860970e-04
9.2684430e-03
1.5591010e-02
1.1388190e-02
9.6357000e-03
8.9379750e-03
8.6838620e-03
1.5825330e-02
2.5526000e-02
2.8815390e-02
2.4229940e-02
1.1968710e-02
-7.9156470e-04
-2.2583260e-03
5.1347490e-03
7.3846210e-03
2.7621060e-03
-4.1353890e-03
-1.1274680e-02
-1.5670010e-02
-1.8679450e-02
-1.5051170e-02
-5.9468510e-03
-6.0135920e-03
-1.5812760e-02
-2.2981040e-02
-2.1156080e-02
-8.4184920e-03
3.0901750e-03
4.6163490e-04
-3.9742610e-03
1.8507220e-03
1.0278270e-02
9.3294760e-03
1.3942730e-03
-8.3337550e-04
5.8243600e-03
1.2472410e-02
1.1236420e-02
4.4822400e-03
-1.0367510e-04
3.9377150e-03
5.8532820e-03
-1.8533840e-03
-3.2642200e-03
6.7909130e-03
7.5015780e-03
-5.8466450e-03
-1.4032390e-02
-1.2810950e-02
-8.4618450e-03
-1.3391120e-02
-2.4513350e-02
-3.7611920e-02
-4.7690620e-02
-5.4866090e-02
-6.3550020e-02
-6.2602590e-02
-5.6335910e-02
-5.2491040e-02
-5.1272790e-02
-5.1860420e-02
-5.2074020e-02
-5.0179700e-02
-4.0928240e-02
-2.5158390e-02
-1.4631200e-02
-8.3503440e-03
1.1855130e-03
1.0274670e-02
1.3398200e-02
1.4186030e-02
1.2502040e-02
3.1962560e-03
-6.8219430e-03
-6.9848110e-03
2.1985750e-03
1.7776370e-02
3.9982270e-02
6.9406140e-02
9.8532040e-02
1.1855430e-01
1.3120280e-01
1.3825890e-01
1.4469050e-01
1.5085130e-01
1.5619870e-01
1.6096770e-01
1.5984040e-01
1.3733900e-01
7.2877290e-02
-1.5954820e-02
-7.8006620e-02
-1.1485730e-01
-1.3846290e-01
-1.5442030e-01
-1.6739360e-01
-1.6878540e-01
-1.3914710e-01
-8.5372960e-02
-5.3056240e-02
-5.3207420e-02
-4.7531460e-02
-2.3000840e-02
1.6814650e-02
6.3707940e-02
9.9498460e-02
1.1043550e-01
9.8044560e-02
7.2047430e-02
4.1622670e-02
6.8164500e-03
-2.9062140e-02
-5.2380800e-02
-5.7816580e-02
-5.3201800e-02
-5.3811540e-02
-6.2643170e-02
-7.7499210e-02
-9.4650510e-02
-1.0599970e-01
-1.0458420e-01
-1.0318570e-01
-1.0563030e-01
-8.7856970e-02
-3.4264200e-02
2.4400930e-02
5.9432090e-02
7.3854620e-02
7.9193630e-02
8.6971840e-02
1.0096070e-01
1.2255370e-01
1.4386250e-01
1.5241320e-01
1.5154340e-01
1.4080880e-01
1.1510540e-01
8.6932320e-02
7.6252710e-02
8.2787320e-02
9.1754640e-02
9.2241050e-02
7.5542130e-02
4.2558080e-02
1.0905670e-02
-1.6137700e-03
-1.0018320e-02
-2.8768230e-02
-5.4520220e-02
-8.4022470e-02
-8.5822030e-02
-5.8995860e-02
-5.7615180e-02
-8.9145720e-02
-1.2346690e-01
-1.4607060e-01
-1.5422660e-01
-1.5946230e-01
-1.6480250e-01
-1.7138930e-01
-1.7464980e-01
-1.5699170e-01
-1.0102890e-01
-2.4485470e-02
3.1498390e-02
6.3746830e-02
9.0235230e-02
1.0758490e-01
1.1193320e-01
1.0337590e-01
9.4721990e-02
9.4260500e-02
8.4111670e-02
6.2819300e-02
5.9222670e-02
6.6903660e-02
6.1159130e-02
4.7299900e-02
3.3783300e-02
2.4738510e-02
2.6020310e-02
3.1329820e-02
2.7488540e-02
9.3877500e-03
-1.6521510e-02
-4.1036430e-02
-5.6853270e-02
-5.6448060e-02
-3.9932440e-02
-1.9260440e-02
8.5856280e-04
2.5043550e-02
3.6287950e-02
2.3772240e-02
8.9262390e-03
6.1469420e-03
6.1574570e-03
-2.8006980e-03
-1.9037470e-02
-2.5654040e-02
-1.6419690e-02
-1.7927880e-03
-5.7716230e-03
-2.7848930e-02
-4.9756600e-02
-6.7363410e-02
-6.0084260e-02
-1.1981350e-02
3.3138170e-02
4.6326800e-02
4.4424710e-02
3.3104140e-02
7.0856520e-03
-3.2657520e-02
-6.5588900e-02
-8.2095090e-02
-8.4685730e-02
-8.6411890e-02
-9.3847400e-02
-1.0448780e-01
-1.1391340e-01
-1.1720280e-01
-1.1475640e-01
-1.0005360e-01
-6.2097150e-02
-1.8541240e-02
1.9884510e-02
5.2558600e-02
7.2829630e-02
7.5360470e-02
6.5340910e-02
4.8366980e-02
3.6680200e-02
4.0409550e-02
5.6471210e-02
7.5367700e-02
9.1301330e-02
1.0481620e-01
1.1037700e-01
1.0713440e-01
9.8277470e-02
8.9180740e-02
8.7242270e-02
9.2399230e-02
9.5400460e-02
9.4838800e-02
9.4614490e-02
8.5969940e-02
5.6785710e-02
9.8546490e-03
-3.8071560e-02
-8.3094250e-02
-1.1860480e-01
-1.3785160e-01
-1.4228410e-01
-1.2457900e-01
-9.0346080e-02
-5.8381330e-02
-3.7144140e-02
-2.5863010e-02
-2.6922440e-02
-3.6531040e-02
-5.8491030e-02
-8.7899710e-02
-1.0421860e-01
-9.6358250e-02
-6.9281560e-02
-3.8660960e-02
-2.1464090e-02
-2.2359310e-02
-2.7611590e-02
-2.6098110e-02
-1.9490060e-02
-1.5482860e-02
-1.5325330e-02
-1.1541850e-02
-7.1286470e-04
9.7882610e-03
1.3511220e-02
1.9024120e-02
3.0584090e-02
4.3711470e-02
5.3257460e-02
5.6667750e-02
6.0337400e-02
6.5726130e-02
6.4113170e-02
5.1926020e-02
4.1122090e-02
4.0727450e-02
4.6863700e-02
4.9794990e-02
4.3490380e-02
3.6374710e-02
3.4751460e-02
3.7175740e-02
3.5343640e-02
2.7604830e-02
1.9546720e-02
1.9007250e-02
2.2089570e-02
1.7586500e-02
5.9610670e-03
-5.3623480e-03
-1.8599800e-02
-3.0444460e-02
-3.2913020e-02
-2.9479920e-02
-2.4810720e-02
-1.6785270e-02
-8.4995390e-03
-5.6699240e-03
-1.4530750e-02
-2.8910840e-02
-3.8680810e-02
-3.9250180e-02
-2.7250400e-02
-9.1438560e-03
2.8185870e-03
5.6803320e-03
4.9312400e-03
5.7134330e-03
4.0928880e-03
2.5497520e-03
9.7651540e-03
2.8180830e-02
4.5175100e-02
5.4881680e-02
6.2969300e-02
6.3978370e-02
5.0004380e-02
2.6986820e-02
1.2989580e-02
2.1111210e-02
4.6195900e-02
6.7056640e-02
6.9236100e-02
5.0844290e-02
2.1537810e-02
-9.3305480e-04
-1.7345950e-02
-3.4272990e-02
-5.1956320e-02
-6.8820790e-02
-8.6347580e-02
-1.0229000e-01
-1.1229890e-01
-1.0370490e-01
-8.5526070e-02
-7.5023150e-02
-6.5646240e-02
-4.5175180e-02
-1.3533540e-02
1.4366530e-02
3.3170630e-02
3.9867560e-02
3.4503490e-02
3.1416950e-02
3.6572010e-02
4.1432020e-02
4.3877610e-02
5.0167920e-02
6.4992760e-02
8.2538450e-02
9.5566490e-02
1.0419070e-01
1.0211680e-01
8.3809910e-02
5.6842370e-02
3.6527380e-02
2.6035330e-02
2.1238920e-02
7.6841920e-03
-1.8498590e-02
-5.3720830e-02
-9.2645460e-02
-1.2675010e-01
-1.5678620e-01
-1.7370590e-01
-1.7177650e-01
-1.5470330e-01
-1.3184000e-01
-1.0128540e-01
-6.0872550e-02
-3.6844320e-02
-3.2177730e-02
-3.1943810e-02
-2.6815060e-02
-1.8646440e-02
-9.5368650e-03
2.5905600e-03
1.4964330e-02
2.5699560e-02
3.2290380e-02
2.8736000e-02
1.9548130e-02
1.5117260e-02
1.9592250e-02
3.2538570e-02
5.2131670e-02
7.0759980e-02
8.6133200e-02
9.2709350e-02
8.6362050e-02
7.2697330e-02
5.5104580e-02
3.0403410e-02
-1.6018750e-03
-2.6461390e-02
-3.6261570e-02
-2.5215440e-02
-1.3455840e-03
1.9610690e-02
2.5424710e-02
1.3347630e-02
-3.7029130e-03
-1.2961690e-02
-1.4815030e-02
-5.3978010e-03
2.0960870e-02
5.0105050e-02
6.0800910e-02
4.5478330e-02
1.4690420e-02
-1.1004660e-02
-3.0665920e-02
-4.2268900e-02
-5.3340450e-02
-6.5473140e-02
-7.0368730e-02
-5.3641320e-02
-9.5056330e-03
2.5119270e-02
2.9840020e-02
2.0482320e-02
6.1505380e-03
-7.7730190e-03
-1.2296910e-02
-7.0114100e-03
3.9765270e-03
1.6720100e-02
2.5574030e-02
2.4686840e-02
1.7612770e-02
9.5231850e-03
2.6456410e-03
-4.0242490e-03
-1.4377160e-02
-1.7004360e-02
-8.9558570e-03
3.5731740e-04
6.1327030e-03
1.1008100e-02
1.9308550e-02
2.3907800e-02
2.2360870e-02
1.6231260e-02
7.7715030e-03
2.1844360e-04
-7.9868490e-03
-1.5933610e-02
-1.5245000e-02
-9.6173750e-03
-8.6097870e-03
-1.4688650e-02
-1.9458140e-02
-1.7024630e-02
-9.5628510e-03
-7.5112990e-03
-1.7406080e-02
-3.2409010e-02
-4.2930980e-02
-5.1453230e-02
-5.6993340e-02
-5.2594810e-02
-4.1048780e-02
-2.4063510e-02
-4.4718660e-03
1.2432270e-02
2.4714020e-02
2.8453880e-02
2.2104920e-02
1.3976830e-02
8.7929610e-03
1.1929290e-02
2.1445850e-02
2.8411660e-02
2.9278670e-02
2.9302610e-02
2.9522070e-02
2.8598860e-02
2.7520060e-02
2.4957140e-02
1.8531990e-02
7.5423280e-03
-7.0040290e-03
-1.5329430e-02
-8.0883440e-03
2.7109530e-03
3.4707980e-03
-1.1490600e-03
-6.2035990e-03
-1.2727760e-02
-1.7271940e-02
-1.0264730e-02
2.1608190e-03
9.5156800e-03
1.1268120e-02
1.0965580e-02
9.1936610e-03
1.1055430e-02
2.6114220e-02
4.6526910e-02
6.3828180e-02
7.1524110e-02
6.5876440e-02
6.0179580e-02
6.3219430e-02
7.2879130e-02
8.0789500e-02
7.4238480e-02
5.7895290e-02
4.7399680e-02
4.4338030e-02
4.0015990e-02
3.0223360e-02
1.6199110e-02
6.5689470e-04
-1.5289210e-02
-3.3691220e-02
-5.1747790e-02
-6.4047740e-02
-7.0418840e-02
-7.2682190e-02
-7.5402500e-02
-8.3822280e-02
-9.5023280e-02
-1.0307480e-01
-1.0174770e-01
-8.9549570e-02
-7.3872980e-02
-6.2852790e-02
-5.3520370e-02
-4.4421370e-02
-3.8229930e-02
-3.7189120e-02
-3.4926610e-02
-2.4348250e-02
-5.0247660e-03
1.7501350e-02
3.9731240e-02
5.6227760e-02
6.4994410e-02
6.9453900e-02
6.5943350e-02
5.5378910e-02
4.4952620e-02
3.6516410e-02
2.9224010e-02
2.8033930e-02
3.1818480e-02
3.5429230e-02
3.5485880e-02
3.0929170e-02
2.1742780e-02
9.8617350e-03
-1.6262040e-03
-1.2809760e-02
-2.6628560e-02
-3.8599990e-02
-4.6529750e-02
-5.0374510e-02
-4.9201100e-02
-4.1895360e-02
-3.0030200e-02
-1.7552580e-02
-6.8492500e-03
-1.0868860e-03
-1.2157370e-03
-5.6612080e-03
-1.1130140e-02
-1.4401990e-02
-2.2271190e-02
-3.6020820e-02
-4.6627670e-02
-4.8610130e-02
-4.6411890e-02
-4.2750460e-02
-4.0945060e-02
-3.7226920e-02
-2.6472550e-02
-1.3976640e-02
-3.8972500e-03
7.4843720e-03
1.6599080e-02
2.0849490e-02
2.0937510e-02
1.8489250e-02
1.8300510e-02
1.8106810e-02
1.7935760e-02
2.0895820e-02
2.7166220e-02
3.5956580e-02
4.7041560e-02
5.7171610e-02
6.1278140e-02
5.8602670e-02
5.5496650e-02
5.2632580e-02
4.6373110e-02
3.6815240e-02
2.3245760e-02
1.3451390e-02
1.0738330e-02
1.1039730e-02
1.2438420e-02
1.1738880e-02
6.8654850e-03
-2.2348380e-03
-1.2910410e-02
-1.9193530e-02
-2.3048390e-02
-2.9440110e-02
-3.4860550e-02
-3.8727150e-02
-4.0778200e-02
-4.3697940e-02
-4.9584050e-02
-5.5121920e-02
-5.4996530e-02
-4.9293500e-02
-4.2786570e-02
-3.5270830e-02
-2.7382950e-02
-2.1616940e-02
-2.2295970e-02
-2.7275580e-02
-2.8016800e-02
-1.8598480e-02
-4.7757520e-03
8.2787450e-03
1.3241670e-02
9.8588020e-03
7.5473590e-03
1.1099420e-02
1.6060700e-02
1.9973350e-02
2.2947380e-02
2.1069730e-02
1.1172500e-02
-1.3765300e-03
-7.1177900e-03
-1.1986370e-03
9.8677260e-03
2.0322950e-02
2.8506710e-02
3.0004040e-02
2.1181080e-02
9.0093010e-03
1.1173930e-03
-1.9020530e-03
-2.9544560e-03
-1.7848840e-03
-4.2653170e-04
7.6442160e-04
2.1295030e-03
-1.3775980e-03
-6.7747240e-03
-8.0875670e-03
-1.2086550e-03
8.1704160e-03
9.8288550e-03
8.0482720e-03
8.2404850e-03
8.7493010e-03
1.3016800e-02
1.8011470e-02
2.0395340e-02
1.6792540e-02
6.7425100e-03
-9.8499310e-04
-2.5409570e-03
7.9647860e-05
3.7873340e-03
1.5346290e-03
-3.7603880e-03
-5.6846350e-03
-3.4950690e-03
-1.2637990e-03
2.5332540e-03
7.6630170e-03
1.2251230e-02
1.5859880e-02
1.5623020e-02
1.1172580e-02
5.6913600e-03
1.0057420e-03
1.9724450e-03
8.3419310e-03
1.2949200e-02
8.9051240e-03
2.3818660e-03
-2.9465600e-03
-7.8733240e-03
-7.9123860e-03
-5.8643520e-05
1.2202190e-02
2.2333580e-02
2.6007050e-02
2.7416960e-02
3.1550010e-02
3.7966280e-02
4.6117560e-02
5.3090150e-02
5.5682990e-02
5.4202560e-02
4.8102220e-02
3.9394740e-02
2.8262880e-02
1.3968730e-02
7.6173910e-04
-9.2423310e-03
-1.6658970e-02
-2.2405640e-02
-2.5711740e-02
-2.8500090e-02
-2.7553820e-02
-2.6336250e-02
-2.9491820e-02
-3.0673520e-02
-2.5710710e-02
-2.1688090e-02
-1.9353360e-02
-1.7256970e-02
-1.3684920e-02
-1.1671820e-02
-9.1385750e-03
-2.2875140e-03
8.5395300e-03
1.3348180e-02
6.4023970e-03
-5.0174870e-03
-1.3471780e-02
-1.1595200e-02
-5.5387570e-03
-7.8951200e-05
4.6805680e-03
9.4723950e-03
9.4326660e-03
-2.3745280e-03
-1.8655060e-02
-2.8312430e-02
-2.8043880e-02
-1.4916380e-02
-1.4626730e-04
1.1342930e-02
1.8856760e-02
2.0954500e-02
1.3403790e-02
-1.5889400e-04
-8.0797730e-03
-9.4201790e-03
-5.4486160e-03
-3.1658810e-03
-7.7379600e-03
-1.3729220e-02
-1.5723040e-02
-1.0175570e-02
-2.4004740e-03
1.7901530e-03
-1.3124220e-03
-7.0688590e-03
-6.4676980e-03
-3.5412050e-03
-2.8590760e-03
-1.3353530e-03
-3.5934350e-04
-2.6892000e-03
-6.5914410e-03
-1.3727430e-02
-2.2752540e-02
-3.1029980e-02
-4.0151710e-02
-4.6231930e-02
-4.4479070e-02
-3.6120470e-02
-2.9936220e-02
-2.8805770e-02
-2.8367670e-02
-2.6231890e-02
-2.3523980e-02
-2.1553950e-02
-1.7294990e-02
-1.2505630e-02
-1.1779950e-02
-1.0277510e-02
-7.1104870e-03
-6.1304770e-03
-5.4510380e-03
-2.1523120e-03
-8.1369410e-04
-3.9531260e-03
-8.0539080e-03
-1.1690040e-02
-8.1914260e-03
-5.3068810e-04
6.0779530e-03
1.4266670e-02
2.2091920e-02
2.7728130e-02
3.3069100e-02
3.7703080e-02
4.2693900e-02
4.5873610e-02
4.3003890e-02
3.2527200e-02
1.6937490e-02
6.9588420e-03
5.5574700e-03
9.8903390e-03
1.2212720e-02
1.0448170e-02
1.0950950e-02
1.2543300e-02
1.3358710e-02
1.1619020e-02
1.2143340e-02
1.4552020e-02
2.0160130e-02
2.5772670e-02
2.6790840e-02
2.2468670e-02
1.5398930e-02
7.8052470e-03
2.1175160e-03
-2.6075200e-03
-4.1420330e-03
-3.5198640e-03
-2.6383080e-03
-5.4092460e-03
-9.1207720e-03
-1.1932550e-02
-1.1988000e-02
-1.0207840e-02
-9.9751870e-03
-1.1670530e-02
-1.3843280e-02
-1.6851670e-02
-1.9758610e-02
-2.2563530e-02
-2.3843120e-02
-2.2301980e-02
-1.9234390e-02
-1.8796780e-02
-1.8374660e-02
-1.2062550e-02
-1.9929050e-03
8.0224710e-03
1.6302650e-02
1.9294950e-02
1.7641540e-02
1.4534120e-02
8.4825280e-03
-5.7600570e-04
-8.9399390e-03
-1.6890980e-02
-2.5349830e-02
-3.3893330e-02
-3.8964150e-02
-3.8705610e-02
-3.1140870e-02
-2.4243320e-02
-2.0854150e-02
-2.0606780e-02
-1.8901170e-02
-1.1954810e-02
-4.7019250e-03
-1.5101000e-03
-8.6528650e-04
7.1373800e-04
4.5451960e-03
1.2537030e-02
2.2928400e-02
3.3839410e-02
3.8601810e-02
3.9137750e-02
3.8297310e-02
3.4122770e-02
2.7530970e-02
2.4465240e-02
2.3811460e-02
2.1337970e-02
2.0351980e-02
2.1487480e-02
2.1164550e-02
1.6294380e-02
1.2792810e-02
1.1835870e-02
1.3468520e-02
1.3490010e-02
1.3380200e-02
1.3592630e-02
1.3771630e-02
1.2961480e-02
1.0028070e-02
7.6416310e-03
9.4378460e-03
1.9281040e-02
3.0544970e-02
3.4778820e-02
3.1320120e-02
2.0237550e-02
7.4323310e-03
-1.5752590e-03
-6.7256370e-03
-8.0325020e-03
-1.0099100e-02
-1.1078420e-02
-8.8457210e-03
-8.5409490e-03
-1.0157790e-02
-1.4435830e-02
-1.6916980e-02
-1.4380270e-02
-1.0135630e-02
-5.0129900e-03
-1.3769530e-03
-6.9459310e-04
-3.7419430e-03
-1.0823080e-02
-1.9139770e-02
-2.2125500e-02
-1.8648450e-02
-1.5762410e-02
-2.1697110e-02
-2.8251860e-02
-3.1484210e-02
-3.0933420e-02
-2.4617080e-02
-1.6680320e-02
-1.0071730e-02
-3.7707870e-03
-7.5745130e-04
-3.2577080e-03
-9.4960500e-03
-1.8263180e-02
-2.7975440e-02
-3.1378080e-02
-2.8892970e-02
-2.2231470e-02
-1.4690720e-02
-9.3486600e-03
-3.5111810e-03
2.8812280e-03
3.2725050e-03
-2.8201730e-03
-8.6565460e-03
-9.2791880e-03
-4.8676550e-03
1.4344690e-03
8.8155330e-03
1.7231660e-02
2.2694380e-02
2.3632130e-02
2.1095430e-02
1.9330270e-02
2.1582620e-02
2.6481860e-02
3.1403420e-02
3.6890640e-02
4.0289520e-02
4.0908130e-02
4.4072930e-02
4.6524030e-02
4.6180050e-02
4.3990020e-02
4.1647380e-02
3.7808960e-02
3.1294170e-02
2.4801240e-02
2.1579050e-02
2.0664790e-02
2.0719470e-02
1.9794950e-02
1.2168420e-02
1.8984020e-04
-7.6290820e-03
-9.3281930e-03
-7.7363750e-03
-3.3882490e-03
-1.3419990e-05
7.1676840e-04
-3.1352790e-03
-1.0919420e-02
-1.6080420e-02
-1.8044910e-02
-1.8018150e-02
-1.9245610e-02
-2.5408990e-02
-3.3663710e-02
-4.0854730e-02
-4.4962010e-02
-4.5426100e-02
-4.4865830e-02
-4.5541720e-02
-4.3294030e-02
-3.5773920e-02
-2.6648150e-02
-1.6177040e-02
-6.1287020e-03
-6.9238810e-04
-1.3595070e-05
-9.7797880e-04
-2.4535250e-03
-5.0797820e-03
-7.5245460e-03
-7.2911690e-03
-3.9907290e-03
-3.5740590e-04
-2.6203410e-03
-9.3844010e-03
-1.4750960e-02
-1.8372360e-02
-2.0840010e-02
-2.1038100e-02
-1.9829070e-02
-1.6974060e-02
-9.1248620e-03
-9.3732090e-04
6.1888660e-03
1.1015740e-02
9.4457550e-03
4.8164280e-03
-2.4645740e-05
-5.6821930e-03
-8.7159910e-03
-1.0336520e-02
-8.6675990e-03
-4.6440020e-03
-2.1940750e-03
-2.9621470e-03
-6.5016200e-03
-6.7369710e-03
-2.8679020e-03
-2.7678380e-04
3.0313850e-04
5.0095520e-04
4.1225900e-04
1.6812610e-03
6.3161800e-03
1.0065940e-02
1.1289660e-02
1.1882520e-02
1.0297310e-02
2.9908170e-03
-3.1744830e-03
-3.8792080e-03
-1.2960480e-03
1.2024280e-03
2.5111120e-03
7.1981400e-04
5.8341020e-04
1.0976450e-03
8.6084260e-04
-2.4527190e-03
-7.3060510e-03
-8.5385780e-03
-5.8874190e-03
-2.5900420e-03
3.1484920e-03
7.8932330e-03
8.3584300e-03
1.2860700e-03
-1.0768960e-02
-1.9302560e-02
-1.8571390e-02
-1.2375530e-02
-1.9348780e-03
9.2365080e-03
1.3684130e-02
1.3557650e-02
1.1526280e-02
6.5006080e-03
2.8308820e-03
9.0780700e-04
-1.9637400e-03
-1.9424150e-03
2.7649720e-03
6.6721220e-03
8.9733600e-03
1.3181040e-02
1.8813310e-02
2.2612650e-02
2.4693770e-02
2.5449720e-02
2.5875930e-02
2.5463710e-02
2.5933500e-02
2.3644900e-02
1.5632320e-02
7.9421730e-03
6.7477420e-03
1.1002300e-02
1.2184100e-02
8.8612830e-03
4.6476110e-03
2.2584860e-03
2.7275680e-03
8.8197710e-04
-3.2365040e-03
-2.8303600e-03
-5.1176090e-04
-1.7628930e-03
-4.6849040e-03
-4.9123720e-03
-1.7871520e-03
-1.2799110e-03
6.1856400e-04
5.1309680e-03
8.8077370e-03
1.1428910e-02
1.2645040e-02
1.4370650e-02
1.6057730e-02
1.6035150e-02
1.4800820e-02
1.4248140e-02
1.6016130e-02
1.3637820e-02
8.6837470e-03
6.8227470e-03
6.7456810e-03
9.2170100e-03
1.4274340e-02
1.8675730e-02
2.2356010e-02
2.2652140e-02
1.6089340e-02
6.0866210e-03
1.6348550e-04
1.9050640e-04
1.6845560e-03
1.6035280e-03
-2.1804520e-03
-9.4460800e-03
-1.7061370e-02
-2.2832860e-02
-2.6487890e-02
-2.9046340e-02
-2.8688110e-02
-2.5173530e-02
-1.9146560e-02
-1.4456780e-02
-1.3803530e-02
-1.5441140e-02
-1.4709480e-02
-1.3260260e-02
-1.2115720e-02
-1.2742390e-02
-1.4626710e-02
-1.6969550e-02
-1.7731200e-02
-1.5264730e-02
-1.1759400e-02
-9.7930300e-03
-9.7311380e-03
-9.3439030e-03
-9.8403370e-03
-1.0701890e-02
-1.0636390e-02
-1.2401010e-02
-1.4403280e-02
-1.4570960e-02
-1.0979750e-02
-6.4649070e-03
-5.5898540e-03
-7.0729570e-03
-7.9005050e-03
-4.1080830e-03
-1.0643250e-04
1.1065730e-03
1.9358530e-03
8.0862730e-04
-4.4055390e-03
-9.3148450e-03
-1.3415810e-02
-1.5780110e-02
-1.5735190e-02
-1.4068480e-02
-1.1376800e-02
-5.0926700e-03
1.3119550e-03
6.8354260e-03
7.8988990e-03
3.4300920e-03
7.3124060e-04
5.3968100e-03
1.1601120e-02
1.5241520e-02
1.7645770e-02
2.1484410e-02
2.5052690e-02
2.6885570e-02
2.8054640e-02
2.6192000e-02
2.1212280e-02
1.4598810e-02
5.9259920e-03
-2.6893880e-03
-7.0595760e-03
-7.2657230e-03
-5.5104700e-03
-2.0703400e-03
3.4208300e-03
1.0385410e-02
1.4688120e-02
1.6391390e-02
1.6371850e-02
1.7342370e-02
1.9495740e-02
1.8227450e-02
1.6477250e-02
1.8306000e-02
2.1238990e-02
2.2350540e-02
1.8612540e-02
1.1125270e-02
2.9376160e-03
-5.1907620e-03
-1.3090340e-02
-1.9056660e-02
-2.3448760e-02
-2.6458930e-02
-2.8836270e-02
-2.6316800e-02
-2.2011450e-02
-1.8118200e-02
-1.4988410e-02
-1.3101670e-02
-1.1276830e-02
-8.4050870e-03
-2.4694620e-03
1.6603710e-03
2.5505250e-03
2.6498890e-03
2.8967860e-03
4.9558980e-03
6.8764550e-03
2.8609710e-03
-6.0160040e-03
-1.3126850e-02
-1.8375400e-02
-1.9951810e-02
-1.6721650e-02
-1.0648590e-02
-4.1983590e-03
-1.8032330e-03
-2.7415790e-03
-5.3254160e-03
-1.0467140e-02
-1.4183810e-02
-1.4592750e-02
-1.4851670e-02
-1.1473640e-02
-4.8353210e-03
1.8452930e-03
5.6077670e-03
9.1188940e-03
9.7297120e-03
6.8352860e-03
3.6139140e-03
-2.0910130e-04
-3.3414360e-03
-2.8508730e-03
-3.3817610e-03
-6.2491740e-03
-7.7606120e-03
-6.5419070e-03
-5.3061440e-03
-2.5763360e-03
-1.1177320e-03
-1.5896210e-03
-4.4987540e-03
-8.3430200e-03
-6.9940520e-03
-1.5277700e-03
2.6489890e-03
3.9808140e-03
3.4079730e-03
4.5756320e-03
8.6205330e-03
1.3791850e-02
1.7801000e-02
2.0114850e-02
2.2337420e-02
2.4020910e-02
2.1987880e-02
1.8803820e-02
1.6629400e-02
1.4975470e-02
1.2337020e-02
9.4679880e-03
5.4582500e-03
3.0072600e-03
1.8139880e-03
-9.8106640e-04
-4.3759610e-03
-6.1507250e-03
-4.7509590e-03
-2.8839880e-03
-1.3347870e-03
-2.8701480e-03
-3.4824650e-03
-2.3993900e-03
-4.6551760e-03
-5.0195220e-03
-2.3724820e-03
2.3166200e-04
2.4329110e-03
3.0514910e-03
2.7874310e-03
8.7968720e-04
5.4903240e-04
2.6653860e-03
6.5652030e-03
1.0700100e-02
1.1266040e-02
1.1214570e-02
9.4291930e-03
1.0242560e-02
1.3778240e-02
1.5082930e-02
1.4505990e-02
1.2195070e-02
9.5629360e-03
7.5192250e-03
3.8016210e-03
-3.0391480e-04
-2.5669160e-03
-3.7249260e-03
-1.8616790e-03
1.2175780e-04
2.7989860e-03
5.7060850e-03
4.2713390e-03
1.7373510e-03
-1.6338160e-04
-6.9816400e-04
8.2101940e-04
2.3001980e-03
2.9347470e-03
4.2284930e-04
-1.5551090e-03
-2.5823170e-03
-4.5379760e-03
-6.1953530e-03
-6.8643970e-03
-4.5715140e-03
-3.1218660e-03
-2.4933890e-03
-1.1644520e-03
1.3390670e-03
3.0211080e-03
3.1860000e-03
2.3553250e-03
3.9526960e-04
1.6913230e-03
5.7190880e-03
1.0275740e-02
1.1362890e-02
1.0875640e-02
8.3578590e-03
5.5445020e-03
3.6430860e-03
-2.1543710e-04
-3.6421360e-03
-2.8419770e-03
-7.4780110e-04
1.2333870e-03
2.2712650e-04
-4.0748880e-03
-7.0808710e-03
-9.9131580e-03
-1.0296850e-02
-7.5579590e-03
-7.5137080e-03
-1.1057830e-02
-1.5452620e-02
-1.7354110e-02
-1.6788830e-02
-1.5358260e-02
-1.6438030e-02
-1.7784430e-02
-1.7392460e-02
-1.5701530e-02
-1.3142200e-02
-1.3786660e-02
-1.4954210e-02
-1.4696580e-02
-1.3837320e-02
-1.1788600e-02
-1.2258770e-02
-1.4059440e-02
-1.4560690e-02
-1.4395510e-02
-1.6800380e-02
-1.9763970e-02
-1.9538040e-02
-1.5096770e-02
-8.9643300e-03
-2.0110290e-03
3.5749080e-03
6.1207840e-03
3.5085770e-03
-2.4482650e-03
-6.1638090e-03
-4.9099900e-03
-3.4585310e-03
-5.9203360e-03
-9.4499650e-03
-1.1073700e-02
-1.3331550e-02
-1.4560780e-02
-1.0106230e-02
-2.7656570e-03
4.9977200e-03
1.1231470e-02
1.4223320e-02
1.2651090e-02
9.0552200e-03
6.4257140e-03
6.6237530e-03
9.2109670e-03
1.2200510e-02
1.1544390e-02
9.0429370e-03
7.9343230e-03
4.9732640e-03
-1.6467460e-04
-5.7097140e-03
-1.1016050e-02
-1.3009250e-02
-1.0214940e-02
-4.3131020e-03
1.6329590e-03
8.5317910e-03
1.5516760e-02
2.1849970e-02
2.7051120e-02
3.0406900e-02
2.9492820e-02
2.8008210e-02
2.8789030e-02
3.0699850e-02
3.1193120e-02
2.7894820e-02
2.0715220e-02
1.1469180e-02
3.5608840e-03
-4.0179520e-03
-1.0378270e-02
-1.2812740e-02
-1.2931560e-02
-9.9648740e-03
-5.2109500e-03
-1.9953320e-03
1.4487200e-03
2.8193750e-03
2.2609810e-03
4.4960610e-03
7.6171180e-03
8.4306010e-03
9.5484540e-03
1.1741670e-02
1.1509530e-02
1.1583900e-02
1.1933410e-02
1.1877250e-02
8.8837660e-03
5.4681640e-03
4.8919600e-03
2.8693510e-03
-1.1784510e-04
-2.8508790e-04
-1.1821380e-03
-6.2672970e-03
-1.2529290e-02
-1.7772700e-02
-1.9054960e-02
-1.2931550e-02
-6.7105190e-03
-3.6476820e-03
-1.2592100e-03
4.8524990e-04
5.3872630e-04
-1.0728560e-03
-5.1810360e-04
1.1379740e-03
2.3730350e-03
2.2947400e-03
-7.0979680e-04
-6.2299700e-03
-1.1560810e-02
-1.4195700e-02
-1.3620250e-02
-1.3810670e-02
-1.4943590e-02
-1.2060320e-02
-6.6084980e-03
8.9092260e-04
8.3739350e-03
9.0052620e-03
4.2069030e-03
-8.1188510e-04
-3.9026360e-03
-4.7402550e-03
-5.8493370e-03
-7.4065890e-03
-7.7460840e-03
-7.7671580e-03
-6.7181840e-03
-5.1257190e-03
-4.2904430e-03
-1.3184180e-03
1.3991530e-03
4.7898530e-03
8.1033520e-03
1.1074520e-02
1.3684080e-02
1.3689970e-02
1.2085630e-02
8.5234010e-03
9.1777540e-04
-4.9683540e-03
-8.8613100e-03
-9.8005580e-03
-8.1407190e-03
-7.9555390e-03
-7.4700720e-03
-5.2692950e-03
-2.2682520e-03
1.3083990e-03
2.9241330e-03
3.3763310e-03
2.3353680e-03
-1.5488920e-03
-2.0304830e-03
1.0708590e-03
3.2849220e-03
9.8125040e-04
-1.4992560e-03
-3.9465590e-03
-4.6767590e-03
-4.1406200e-03
-3.9708700e-03
-3.7087900e-03
-3.2659010e-03
-1.0764880e-03
9.8921090e-04
1.9283540e-03
1.8634450e-03
-7.3417690e-04
-3.9984280e-03
-4.3851760e-03
-2.6604240e-03
1.8323930e-03
5.7436270e-03
7.9407610e-03
9.7298440e-03
1.0887270e-02
1.5825500e-02
1.8519130e-02
1.8262470e-02
1.6073450e-02
1.1128780e-02
5.2720130e-03
-1.7339480e-04
-3.7588890e-03
-5.8537170e-03
-7.5698440e-03
-8.9201110e-03
-9.0912450e-03
-1.1055260e-02
-1.0162810e-02
-6.2634640e-03
-1.0129850e-04
5.1095880e-03
6.1823870e-03
1.5297050e-03
-6.2328980e-04
1.1565660e-03
4.1159200e-03
6.6411680e-03
6.7526750e-03
5.2052050e-03
4.7333100e-03
8.1576620e-04
-4.4774940e-03
-7.0091420e-03
-6.7565300e-03
-3.9240580e-03
-4.4291170e-04
6.5942540e-04
-2.4480600e-04
-4.8772070e-03
-9.5525510e-03
-1.1782670e-02
-1.1240860e-02
-8.7564920e-03
-2.5073650e-03
5.3580380e-03
1.1236160e-02
1.3992230e-02
1.1330610e-02
7.7486890e-03
5.8282150e-03
3.8552550e-03
3.0506150e-03
8.3607340e-05
-4.1813160e-03
-9.3615380e-03
-1.4949110e-02
-2.0373170e-02
-2.2529300e-02
-2.0467020e-02
-1.5946050e-02
-9.7895040e-03
-3.3746970e-03
4.5500560e-04
5.0470470e-03
9.3629470e-03
1.1363230e-02
1.1107230e-02
8.3023120e-03
3.0969350e-03
-2.7167490e-03
-6.5375010e-03
-6.2130350e-03
-5.9644760e-03
-8.2183580e-03
-1.1885420e-02
-1.5935130e-02
-1.7075170e-02
-1.5964170e-02
-1.4167740e-02
-1.1652980e-02
-8.1941590e-03
-4.7677920e-03
-3.5182490e-03
-4.3199020e-03
-6.1881620e-03
-5.9858850e-03
-3.3856850e-03
1.5437370e-03
4.4290430e-03
4.3728240e-03
4.6652410e-03
5.4659800e-03
8.0245840e-03
1.0708220e-02
1.4011830e-02
1.5898370e-02
1.5156610e-02
1.2314140e-02
9.6303380e-03
6.3153610e-03
3.3911630e-03
6.7388960e-04
-2.3189030e-03
-3.1201520e-03
-1.3973760e-03
-8.2491070e-04
5.6837380e-04
5.0201220e-03
7.9210840e-03
1.0185970e-02
1.2834800e-02
1.6424320e-02
2.0379860e-02
2.2234650e-02
2.1062710e-02
1.6493320e-02
1.0190290e-02
4.7337660e-03
-2.9316920e-04
-3.0957300e-03
-4.9818530e-03
-7.7049310e-03
-1.0457820e-02
-1.2724320e-02
-1.2592690e-02
-8.7387030e-03
-3.2838640e-03
2.0690580e-03
5.8198760e-03
6.9696710e-03
7.4493710e-03
5.7596780e-03
3.8216700e-03
5.1011930e-03
8.5122310e-03
1.1626530e-02
1.2267190e-02
1.2358420e-02
1.2276950e-02
1.0646750e-02
6.6292170e-03
3.2392470e-03
-1.5089230e-04
-1.5652030e-03
-1.4804960e-03
-2.1015750e-03
-3.9365000e-03
-4.8104330e-03
-6.6984640e-03
-7.3562760e-03
-7.2815070e-03
-7.7152440e-03
-6.4816220e-03
-2.7629850e-03
4.1882080e-05
7.9741780e-04
8.3838060e-04
-1.8038090e-03
-4.5568940e-03
-5.3131000e-03
-6.0952670e-03
-3.2755260e-03
1.2102790e-03
5.0878860e-03
8.3631050e-03
9.5284820e-03
1.0055780e-02
7.1869090e-03
3.8246760e-03
2.1032340e-03
-6.7918640e-04
-2.8077810e-03
-2.9726220e-03
-4.7517400e-03
-6.0796430e-03
-8.2875410e-03
-1.1184740e-02
-1.1266020e-02
-1.1159330e-02
-9.6766490e-03
-8.5671140e-03
-7.0581300e-03
-6.0192100e-03
-3.5184280e-03
-6.7770430e-04
4.8979480e-04
2.3358650e-03
2.2615340e-03
1.5088930e-03
-3.8932950e-05
-2.1243700e-04
-1.9594450e-03
-3.0134530e-03
-2.9338480e-03
-4.9113990e-03
-5.7808910e-03
-3.6445520e-03
-2.0915180e-03
-5.4393360e-04
-5.5324720e-04
-2.4378870e-04
-5.9242310e-04
-1.4767720e-03
-2.4301420e-04
-4.6795970e-04
-1.6103480e-03
-2.2361350e-03
-3.0314850e-03
-2.9073370e-03
-4.8267290e-03
-7.1829260e-03
-8.3451360e-03
-8.6168370e-03
-9.7177190e-03
-9.7953420e-03
-1.0185060e-02
-9.1565080e-03
-7.2643440e-03
-5.4354250e-03
-2.3491190e-03
1.7725420e-03
6.0439820e-03
8.6029580e-03
1.0880180e-02
1.1652720e-02
1.0237390e-02
7.5946700e-03
1.4914350e-04
-6.1626270e-03
-1.0321920e-02
-1.2509510e-02
-1.1489830e-02
-1.1133660e-02
-1.2686700e-02
-1.1386880e-02
-1.0270420e-02
-8.3113280e-03
-3.6913980e-03
1.7550570e-03
7.4274960e-03
1.1371100e-02
1.1701750e-02
1.2088360e-02
1.2408090e-02
1.2036590e-02
1.0243490e-02
8.5819060e-03
5.5727800e-03
4.4964530e-03
7.1378750e-03
1.0060730e-02
1.2103330e-02
1.1674030e-02
8.2102980e-03
1.5182150e-03
-3.3641820e-03
-4.9511710e-03
-4.0261220e-03
-8.4116400e-04
2.1062100e-03
3.4942610e-03
3.5982440e-03
3.9791960e-03
3.1088680e-03
1.0961400e-03
-2.9807330e-04
-8.6915260e-04
1.9585100e-03
3.6982100e-03
5.4933510e-03
6.6871540e-03
6.4808490e-03
4.8911690e-03
3.6288710e-03
4.5932610e-03
7.6306510e-03
1.1093490e-02
1.4441270e-02
1.6993100e-02
1.6897020e-02
1.4961790e-02
1.3676870e-02
1.0832250e-02
6.8507950e-03
3.2266090e-03
-1.9577870e-03
-4.8548320e-03
-5.5011260e-03
-5.7376120e-03
-5.7081150e-03
-6.3801990e-03
-8.4605220e-03
-8.5027560e-03
-8.3996130e-03
-9.1346170e-03
-1.1032890e-02
-1.2248690e-02
-1.3957530e-02
-1.3959910e-02
-1.4170440e-02
-1.4662360e-02
-1.4485980e-02
-1.4356330e-02
