0.01
-4.5177160e-03
-8.6807310e-03
-7.9383250e-03
-3.2124140e-03
-6.1447290e-04
-1.9904800e-03
-1.3328610e-03
5.4757010e-03
1.2643350e-02
1.2344840e-02
6.9180730e-03
4.6468890e-03
7.4940990e-03
9.1158080e-03
5.3052140e-03
-4.9858720e-04
-4.0162160e-03
-5.8005780e-03
-7.2949860e-03
-7.7501420e-03
-7.1287580e-03
-7.0067300e-03
-6.3945900e-03
-1.7866970e-03
6.0808240e-03
1.0040690e-02
5.7533490e-03
-2.2080240e-03
-6.1126110e-03
-3.2694530e-03
1.0492620e-03
8.7249990e-04
-1.8302100e-03
-9.3768370e-04
2.2845180e-03
1.1193250e-03
-4.7253570e-03
-7.7873730e-03
-4.4912100e-03
2.3166680e-03
7.2139340e-03
6.5643120e-03
2.6295050e-03
9.8190720e-04
3.5425240e-03
6.9307470e-03
7.4766290e-03
5.9126710e-03
2.7393510e-03
-2.9881130e-03
-9.1464320e-03
-9.3459080e-03
-1.0548930e-03
9.2550520e-03
1.2446080e-02
7.9713870e-03
1.6465720e-04
-9.0492480e-03
-1.6973640e-02
-1.8015810e-02
-1.0758460e-02
-1.7312400e-03
-4.2069290e-04
-8.9452840e-03
-1.7105010e-02
-1.4817540e-02
-5.7608840e-03
5.1850900e-04
3.9120100e-03
9.9177660e-03
1.8088630e-02
2.1919710e-02
1.7987560e-02
1.2664570e-02
1.5708630e-02
2.3710120e-02
2.1003060e-02
2.9556900e-03
-1.5491250e-02
-1.9443030e-02
-1.2328700e-02
-8.3046410e-03
-1.3201150e-02
-2.0322610e-02
-2.2607150e-02
-2.1660290e-02
-1.9230900e-02
-1.1738320e-02
2.8867750e-03
1.8418390e-02
2.4201120e-02
1.6956610e-02
4.4955930e-03
1.3516160e-03
1.0952050e-02
2.1889120e-02
2.2995640e-02
1.3377140e-02
3.2662080e-04
-7.4486450e-03
-6.9869980e-03
-2.3733690e-03
1.9918380e-03
5.2943780e-03
6.8857620e-03
1.9548080e-03
-1.3081660e-02
-2.9645870e-02
-3.2307700e-02
-1.5696720e-02
1.0489040e-02
3.1924880e-02
3.6830240e-02
2.2611120e-02
1.2697310e-03
-9.1446540e-03
-6.3729400e-03
-1.9333440e-05
3.0065530e-03
1.5012410e-03
-2.1473720e-03
-5.4742220e-03
-8.1207200e-03
-1.0624870e-02
-1.3281520e-02
-1.6804460e-02
-1.9452900e-02
-1.6078930e-02
-5.6999410e-03
3.6428780e-03
3.6960110e-03
-1.2395240e-03
2.4550630e-03
1.8522930e-02
3.1141570e-02
2.6739540e-02
1.0145110e-02
-1.0320220e-02
-2.1660800e-02
-1.8879190e-02
-1.3742470e-02
-1.7528180e-02
-2.4826880e-02
-2.3964610e-02
-1.2059400e-02
6.6214940e-03
2.1180410e-02
1.9210780e-02
7.5176010e-03
3.0133730e-03
5.4041400e-03
4.8450920e-03
1.5710850e-03
4.3932280e-03
1.6122150e-02
2.5914170e-02
2.0609580e-02
1.6396890e-03
-1.5316320e-02
-2.0286000e-02
-1.2831840e-02
1.5476130e-03
1.2951660e-02
1.4196930e-02
6.7276120e-03
4.2276750e-04
2.4996860e-03
8.7610960e-03
9.5096830e-03
1.9990760e-03
-6.8712360e-03
-9.2798880e-03
-5.8971550e-03
-3.5367990e-03
-7.0491040e-03
-1.2934010e-02
-1.2512400e-02
-3.6482520e-03
4.2861500e-03
1.8575720e-04
-1.4869580e-02
-2.2411240e-02
-8.5444960e-03
9.0667880e-03
6.6391380e-03
-2.6927630e-03
-5.0094810e-03
-3.2630390e-03
-4.8509250e-03
-7.6986190e-03
-3.7953310e-03
7.6691620e-03
1.7645540e-02
1.9304570e-02
1.6277570e-02
1.4842990e-02
1.6578550e-02
1.8955600e-02
1.9179380e-02
1.5194610e-02
6.5508850e-03
-3.4879030e-03
-9.2378100e-03
-1.0183910e-02
-1.1847570e-02
-1.7676190e-02
-2.2294480e-02
-1.7894630e-02
-5.7294530e-03
3.2098190e-03
1.2559780e-03
-6.4788880e-03
-9.9903130e-03
-6.2259620e-03
1.1581880e-03
6.9365870e-03
1.0042900e-02
1.2456540e-02
1.4357810e-02
1.3959470e-02
1.0095320e-02
4.1167670e-03
6.4874620e-05
-1.0374820e-03
-3.0456000e-03
-7.8114390e-03
-1.2286950e-02
-1.3077820e-02
-9.2190540e-03
-1.9692120e-03
5.5969240e-03
1.0514700e-02
1.2982650e-02
1.2016490e-02
3.3111420e-03
-9.4796830e-03
-1.5251070e-02
-8.6555780e-03
7.1658210e-03
2.1807790e-02
2.2446800e-02
7.5586360e-03
-7.2246910e-03
-8.8910380e-03
-3.0081550e-03
-1.7713270e-03
-6.8018560e-03
-1.1008690e-02
-8.8404010e-03
-3.9937820e-05
1.0881840e-02
1.6366500e-02
1.4939100e-02
1.2707900e-02
1.2708610e-02
1.1780910e-02
5.9608600e-03
-3.8830690e-03
-1.3545590e-02
-1.7636330e-02
-1.4821700e-02
-8.5423390e-03
-4.6195410e-03
-5.1613410e-03
-3.8723050e-03
3.7594140e-03
1.1311960e-02
1.1255050e-02
7.3612400e-03
6.8084870e-03
7.8133180e-03
3.3752950e-03
-5.9406190e-03
-1.0969240e-02
-7.5341930e-03
-3.2786350e-04
3.3370790e-03
1.0782790e-03
-2.8080530e-03
-5.3662480e-03
-7.7726950e-03
-9.1621260e-03
-6.1677770e-03
1.4880510e-03
8.2093000e-03
9.5319990e-03
9.2054110e-03
1.0965830e-02
1.3886180e-02
1.7194860e-02
2.1040930e-02
2.2170480e-02
1.7591060e-02
1.1300260e-02
9.8923570e-03
1.3316960e-02
1.5336690e-02
1.1136970e-02
1.4591540e-03
-9.7468000e-03
-1.8706100e-02
-2.5361660e-02
-3.0849160e-02
-3.3312480e-02
-2.8469010e-02
-1.5163650e-02
2.1770380e-03
1.6608240e-02
2.3018210e-02
1.9259770e-02
1.0425440e-02
5.2350660e-03
6.2055390e-03
7.3958440e-03
6.0276400e-03
7.0727120e-03
1.2047720e-02
1.4924070e-02
1.1820020e-02
7.9267010e-03
1.0544290e-02
1.7812650e-02
1.9546570e-02
1.1215660e-02
-1.4037830e-03
-1.1057100e-02
-1.6351990e-02
-1.9015510e-02
-1.9806290e-02
-1.8586580e-02
-1.6883860e-02
-1.6850090e-02
-1.7295200e-02
-1.7684860e-02
-2.2478700e-02
-3.3748710e-02
-4.6901310e-02
-5.4546850e-02
-5.4650220e-02
-5.1061630e-02
-4.7487250e-02
-4.5640650e-02
-4.5149490e-02
-4.3084450e-02
-3.7063020e-02
-2.8369600e-02
-2.0944230e-02
-1.7194150e-02
-1.3323960e-02
-1.7137280e-03
1.8729640e-02
3.8112730e-02
4.7574490e-02
4.7245340e-02
4.2106570e-02
3.7922050e-02
3.6333660e-02
3.3971780e-02
2.7371290e-02
1.5000290e-02
3.2332650e-04
-1.2792030e-02
-2.2495650e-02
-2.7108420e-02
-2.3786150e-02
-8.0251160e-03
1.6990400e-02
3.7043350e-02
4.6191960e-02
5.0564960e-02
5.6749540e-02
6.6799530e-02
7.7770350e-02
8.4245200e-02
8.4725650e-02
8.1900500e-02
7.7703880e-02
7.0979970e-02
5.8517880e-02
3.8973230e-02
1.5423220e-02
-5.7151220e-03
-2.1786680e-02
-3.5633570e-02
-4.8784880e-02
-6.1042590e-02
-7.5661480e-02
-8.9083570e-02
-9.2760540e-02
-8.2095580e-02
-5.8597430e-02
-3.0687170e-02
-1.0754440e-02
-4.0769370e-03
-7.9940400e-03
-2.1466530e-02
-4.3958820e-02
-6.7591940e-02
-8.2587130e-02
-8.7152060e-02
-8.7592100e-02
-8.8977150e-02
-9.1550740e-02
-9.3516320e-02
-9.2445390e-02
-8.4161120e-02
-6.3113360e-02
-2.8714640e-02
1.1637520e-02
4.5266930e-02
6.8045850e-02
8.5927790e-02
9.8787040e-02
1.0358540e-01
1.0281200e-01
9.7488440e-02
8.1487320e-02
5.0880500e-02
1.7865150e-02
2.9898940e-03
8.1117990e-03
1.9229160e-02
2.4001390e-02
2.0952980e-02
1.2890940e-02
1.0450180e-03
-1.6423560e-02
-3.9429350e-02
-6.0471090e-02
-7.0929120e-02
-6.7474640e-02
-5.2266930e-02
-2.7474780e-02
8.0765250e-03
4.7048350e-02
6.8935370e-02
7.4530790e-02
7.2972100e-02
7.0700850e-02
6.8515520e-02
6.3426740e-02
5.4023770e-02
4.1472170e-02
2.3866530e-02
-2.0734750e-03
-3.4466780e-02
-6.9492960e-02
-1.0631140e-01
-1.3934430e-01
-1.5573600e-01
-1.4784810e-01
-1.1824480e-01
-7.4219850e-02
-2.1648010e-02
2.5861540e-02
5.2481330e-02
5.6396040e-02
5.2708260e-02
5.5939410e-02
6.7960610e-02
7.9650300e-02
7.8717540e-02
5.4951310e-02
8.5946700e-03
-4.2455240e-02
-7.6166500e-02
-8.4434940e-02
-7.6695130e-02
-6.7068350e-02
-6.3458180e-02
-6.4254200e-02
-6.4411770e-02
-5.9689480e-02
-4.6169770e-02
-2.2796390e-02
6.5587090e-03
3.7143150e-02
6.7435390e-02
9.8294240e-02
1.2641930e-01
1.4621870e-01
1.5542910e-01
1.5777090e-01
1.5428330e-01
1.4068850e-01
1.1721390e-01
8.4782050e-02
4.7990740e-02
1.8338120e-02
7.3027630e-03
1.5630040e-02
3.4519080e-02
5.3463770e-02
6.3794310e-02
6.2980490e-02
5.2011240e-02
3.3396190e-02
1.5242440e-02
5.9581210e-03
6.2026970e-03
8.9751770e-03
4.7446810e-03
-1.4267400e-02
-4.6639590e-02
-8.1280140e-02
-1.0691550e-01
-1.1823820e-01
-1.1470040e-01
-1.0313440e-01
-9.4167610e-02
-9.2782030e-02
-9.6792410e-02
-1.0191170e-01
-1.0487150e-01
-1.0055420e-01
-8.2466160e-02
-5.0965910e-02
-1.7110110e-02
9.2733700e-03
2.6854810e-02
4.1385600e-02
5.6272100e-02
7.2188670e-02
8.3226740e-02
7.9411110e-02
6.2991580e-02
4.5440470e-02
3.2061880e-02
2.0432310e-02
7.5447130e-03
-3.7155860e-03
-6.2014880e-03
-2.5422180e-03
-6.6128820e-03
-2.4286980e-02
-3.7617580e-02
-3.3447300e-02
-1.7762770e-02
-2.9115770e-03
2.5785420e-03
6.3427710e-04
-2.2528480e-03
-4.7613830e-04
9.4379000e-03
2.7879280e-02
4.8723160e-02
6.2474180e-02
6.4486820e-02
5.6657940e-02
4.1847140e-02
2.3548710e-02
9.1988360e-03
5.0429980e-03
8.2859000e-03
1.1491770e-02
9.5202950e-03
-1.3466480e-04
-1.6481930e-02
-3.3349610e-02
-4.2631570e-02
-4.0930980e-02
-3.3741190e-02
-2.9478190e-02
-3.1193090e-02
-3.4301560e-02
-3.1623620e-02
-2.1536380e-02
-9.7061290e-03
-4.6923230e-03
-1.0582300e-02
-2.4813060e-02
-3.6964040e-02
-3.8602040e-02
-2.9933120e-02
-1.5700150e-02
-1.2047210e-03
9.2338490e-03
1.4085590e-02
1.3719820e-02
8.5169870e-03
1.1992630e-03
-2.2980350e-03
6.4503160e-04
6.1819330e-03
1.1361450e-02
1.7084280e-02
2.3925350e-02
2.8688040e-02
2.9500000e-02
2.8271240e-02
2.7094870e-02
2.4407110e-02
1.6293290e-02
2.6266350e-03
-8.6501460e-03
-8.9827660e-03
-1.6127220e-03
3.4832970e-03
2.0284970e-03
-1.9191350e-03
-2.6199500e-03
1.3279090e-03
7.4691720e-03
1.2577950e-02
1.4591260e-02
1.4088090e-02
1.3991470e-02
1.6731840e-02
2.0993810e-02
2.2987250e-02
1.9482040e-02
1.1449350e-02
2.9598820e-03
-3.2607480e-03
-8.3688150e-03
-1.3994610e-02
-1.9231400e-02
-2.2922670e-02
-2.5950820e-02
-3.0274850e-02
-3.7388820e-02
-4.6423880e-02
-5.2694100e-02
-5.2027150e-02
-4.5061870e-02
-3.4895390e-02
-2.4372620e-02
-1.4798360e-02
-6.8885030e-03
-8.5769080e-05
7.6345220e-03
1.7155190e-02
2.8297830e-02
3.7722150e-02
4.0172300e-02
3.4533830e-02
2.5727710e-02
1.7522140e-02
9.8657670e-03
-1.5247580e-04
-1.1612470e-02
-2.0732520e-02
-2.6540250e-02
-2.9997100e-02
-2.9659590e-02
-2.4235350e-02
-1.5859880e-02
-7.3426970e-03
1.3585800e-03
1.0207010e-02
1.7550950e-02
2.2475250e-02
2.5362150e-02
2.6822520e-02
2.6541000e-02
2.3547330e-02
1.9050420e-02
1.5492550e-02
1.2510780e-02
8.3399610e-03
2.3251230e-03
-6.4905560e-03
-1.8754290e-02
-3.0145570e-02
-3.5166920e-02
-3.2902670e-02
-2.7473040e-02
-2.3255440e-02
-2.0349670e-02
-1.5377820e-02
-5.8753420e-03
4.1110230e-03
8.8486020e-03
6.8538740e-03
8.3983780e-04
-5.4974060e-03
-8.5691160e-03
-7.7570870e-03
-5.3192920e-03
-2.1500350e-03
3.6180660e-03
1.2325700e-02
1.9324080e-02
1.6798320e-02
4.3107160e-03
-6.0018430e-03
-8.9301340e-03
-8.7486680e-03
-9.7049160e-03
-1.4014320e-02
-2.0299080e-02
-2.4599160e-02
-2.3599380e-02
-1.7577120e-02
-9.5449400e-03
-2.6397540e-03
1.1274200e-03
1.0485090e-03
-1.4710260e-03
-4.0071020e-03
-4.4117650e-03
-1.0486830e-03
6.3340170e-03
1.6483260e-02
2.5526590e-02
2.8801640e-02
2.4859850e-02
1.5818390e-02
6.0089540e-03
1.2302180e-03
2.5277660e-03
6.2070690e-03
8.7387270e-03
9.3672590e-03
8.4956280e-03
6.2055770e-03
2.6354100e-03
-1.0813860e-03
-4.1855130e-03
-5.4316920e-03
-3.8160860e-03
5.4555460e-04
7.6235950e-03
1.6505620e-02
2.3898960e-02
2.6747540e-02
2.3555510e-02
1.4286460e-02
1.0540520e-03
-1.3145620e-02
-2.3474640e-02
-2.5983810e-02
-2.0190720e-02
-1.2547720e-02
-1.1499370e-02
-1.8091380e-02
-2.4671280e-02
-2.4697250e-02
-1.9650260e-02
-1.3195420e-02
-7.1353420e-03
-1.9719360e-03
2.7546230e-03
8.0599800e-03
1.4433520e-02
2.1597250e-02
2.7792020e-02
3.0571490e-02
2.7624200e-02
1.8363410e-02
4.6191050e-03
-9.2424200e-03
-1.9215550e-02
-2.4876020e-02
-2.8121100e-02
-3.0470360e-02
-3.2411460e-02
-3.3602100e-02
-3.3106640e-02
-2.8938630e-02
-2.0469110e-02
-1.0219730e-02
-3.1104410e-03
-1.4126800e-03
-2.9214610e-03
-3.2269970e-03
6.7240470e-05
4.7705260e-03
7.2692040e-03
6.6535730e-03
5.7237220e-03
6.0886300e-03
5.8656820e-03
2.5574190e-03
-2.7895150e-03
-6.8003280e-03
-8.4148990e-03
-8.4493010e-03
-7.1575430e-03
-4.0683550e-03
4.2887840e-04
4.3845340e-03
6.9530500e-03
7.5199270e-03
6.2184020e-03
6.0142610e-03
6.0784370e-03
4.2331130e-03
3.1671100e-03
6.2629070e-03
1.2757270e-02
1.8752020e-02
2.0586210e-02
1.7806900e-02
1.3549290e-02
1.1874270e-02
1.2793790e-02
1.3487900e-02
1.2429750e-02
1.0585550e-02
9.5369020e-03
8.9227820e-03
5.9220110e-03
-8.3430460e-04
-8.9941650e-03
-1.5293080e-02
-1.8552670e-02
-1.8738570e-02
-1.5433790e-02
-8.1912570e-03
2.2911540e-03
1.2953390e-02
2.0036320e-02
2.2453850e-02
2.3594870e-02
2.5499140e-02
2.7088450e-02
2.6096640e-02
2.0311500e-02
1.0909980e-02
3.5136490e-03
3.0734890e-03
8.6439510e-03
1.5508800e-02
1.9891240e-02
1.9953440e-02
1.4521160e-02
4.0646830e-03
-8.7200680e-03
-1.8194760e-02
-2.1062390e-02
-1.9617020e-02
-1.8380270e-02
-1.9308620e-02
-2.0324610e-02
-1.8468430e-02
-1.4074630e-02
-9.5646360e-03
-7.0500630e-03
-6.8933470e-03
-8.6659430e-03
-1.1156360e-02
-1.2887350e-02
-1.2941930e-02
-1.0049140e-02
-1.6599170e-03
7.7193900e-03
1.4163440e-02
1.5330310e-02
1.1960440e-02
8.5362060e-03
8.3206560e-03
1.0595830e-02
1.2841120e-02
1.3236590e-02
1.0560280e-02
4.2472870e-03
-4.5900300e-03
-1.2212200e-02
-1.5111700e-02
-1.2450280e-02
-5.1960380e-03
3.2207070e-03
8.1691960e-03
8.2900990e-03
6.1291550e-03
4.2209040e-03
3.5739280e-03
4.3605540e-03
6.3162530e-03
8.3461220e-03
8.3847000e-03
6.2422440e-03
3.0291420e-03
-7.7450080e-04
-4.3251810e-03
-7.1772180e-03
-8.6255440e-03
-9.1830000e-03
-9.4991150e-03
-1.0807630e-02
-1.3927610e-02
-1.7776200e-02
-1.9149630e-02
-1.6491150e-02
-1.1867480e-02
-6.2695990e-03
3.6107650e-04
8.0354240e-03
1.7059440e-02
2.6386470e-02
3.3752410e-02
3.7573380e-02
3.8724480e-02
3.8558740e-02
3.6710910e-02
3.3433250e-02
3.0459630e-02
3.0202130e-02
3.2719120e-02
3.5125560e-02
3.4139190e-02
2.7740940e-02
1.6694200e-02
4.6023490e-03
-3.9332300e-03
-8.9179210e-03
-1.3167510e-02
-1.9095930e-02
-2.5901690e-02
-2.9550800e-02
-2.7557550e-02
-2.1011760e-02
-1.4276460e-02
-1.2238190e-02
-1.5153590e-02
-2.0016820e-02
-2.2798090e-02
-2.0740400e-02
-1.4217460e-02
-5.4375190e-03
3.2061890e-03
9.1916670e-03
1.1080290e-02
9.7929970e-03
7.7174130e-03
6.6061450e-03
6.9951750e-03
7.7669160e-03
6.8148820e-03
2.3071470e-03
-6.4510000e-03
-1.7836820e-02
-2.8270890e-02
-3.2656840e-02
-3.1524310e-02
-3.0614040e-02
-3.1356750e-02
-3.1644500e-02
-2.8482620e-02
-1.9895140e-02
-6.9946360e-03
6.0669130e-03
1.6033790e-02
2.1957450e-02
2.4492430e-02
2.5823080e-02
2.7337620e-02
2.8158850e-02
2.6415520e-02
2.1388820e-02
1.4752120e-02
8.6096800e-03
3.7570110e-03
-8.4412490e-04
-6.2053240e-03
-1.1284540e-02
-1.4491830e-02
-1.5177060e-02
-1.4067600e-02
-1.2858720e-02
-1.3694510e-02
-1.7582410e-02
-2.3124350e-02
-2.8854040e-02
-3.4484560e-02
-3.9282410e-02
-4.0730820e-02
-3.6910750e-02
-2.8014020e-02
-1.7905340e-02
-1.1442620e-02
-8.5625110e-03
-5.7550740e-03
-4.5566110e-04
6.4803770e-03
1.0415210e-02
8.3076030e-03
1.1113610e-03
-7.3989970e-03
-1.3671710e-02
-1.6545280e-02
-1.6162140e-02
-1.3196470e-02
-1.0270240e-02
-1.0903420e-02
-1.3624530e-02
-1.5435220e-02
-1.4216640e-02
-9.0352130e-03
2.1971030e-05
1.0341720e-02
1.8425430e-02
2.3039030e-02
2.5545390e-02
2.8056060e-02
3.2097680e-02
3.6691430e-02
3.9200120e-02
3.7570410e-02
3.2140150e-02
2.5403210e-02
1.9944610e-02
1.5455650e-02
1.0761740e-02
7.5698490e-03
7.8828510e-03
1.0410600e-02
1.2807770e-02
1.4918490e-02
1.7993490e-02
2.1811940e-02
2.4220040e-02
2.4267500e-02
2.2998660e-02
2.1957610e-02
2.1611590e-02
2.0847590e-02
1.8471760e-02
1.5201950e-02
1.2548990e-02
1.0905430e-02
9.2258030e-03
6.6681590e-03
4.3385140e-03
4.3989560e-03
6.4286200e-03
7.9138670e-03
6.7855720e-03
3.4138070e-03
-1.5621010e-03
-8.5905050e-03
-1.7945470e-02
-2.8018590e-02
-3.4886130e-02
-3.5385640e-02
-3.1980550e-02
-2.8063610e-02
-2.5382230e-02
-2.3986700e-02
-2.2121600e-02
-1.8025460e-02
-1.2076200e-02
-6.7044280e-03
-3.9572800e-03
-3.9762950e-03
-5.5438930e-03
-7.2069160e-03
-8.8160200e-03
-1.1735110e-02
-1.5765960e-02
-1.8776070e-02
-2.0196270e-02
-2.1432020e-02
-2.2583380e-02
-2.2053400e-02
-1.8948810e-02
-1.3889060e-02
-9.1637740e-03
-6.8993200e-03
-6.9686500e-03
-8.5242480e-03
-1.0433770e-02
-1.1330390e-02
-9.4132930e-03
-3.4624440e-03
5.6061890e-03
1.4696610e-02
2.0501960e-02
2.3185830e-02
2.5483930e-02
2.8951690e-02
3.3173350e-02
3.7164710e-02
4.0745570e-02
4.4159750e-02
4.6042750e-02
4.4617330e-02
3.8613270e-02
2.8421710e-02
1.7224850e-02
8.9274600e-03
3.8179480e-03
-1.4874630e-03
-9.0884880e-03
-1.8614390e-02
-2.8885770e-02
-3.6534380e-02
-3.8981730e-02
-3.7357130e-02
-3.3574100e-02
-2.9374620e-02
-2.5712350e-02
-2.2637540e-02
-1.8411640e-02
-1.0824240e-02
-8.6115800e-04
7.2302300e-03
1.0646440e-02
9.7326910e-03
7.1416580e-03
5.1554510e-03
3.4193090e-03
4.4044520e-04
-4.3257530e-03
-9.2181470e-03
-1.1623490e-02
-9.8215880e-03
-4.3427970e-03
1.3990540e-03
2.6810380e-03
3.6304800e-04
-5.0954670e-04
1.6789580e-03
3.4439420e-03
8.4810540e-04
-4.6513060e-03
-7.9239520e-03
-7.3666570e-03
-5.4149490e-03
-4.4521880e-03
-3.4100590e-03
-2.5960400e-04
3.7709260e-03
5.4463480e-03
2.7819200e-03
-3.1568530e-03
-8.6828490e-03
-1.1161660e-02
-1.0469670e-02
-8.1504050e-03
-6.0844760e-03
-4.1218910e-03
-1.9987740e-03
-9.4264270e-04
-1.6582360e-03
-3.3869320e-03
-6.3764890e-03
-1.1359680e-02
-1.6188680e-02
-1.6815070e-02
-1.2110130e-02
-4.3428920e-03
3.0826710e-03
8.6363810e-03
1.1662980e-02
1.2150170e-02
1.0189860e-02
6.7230320e-03
3.4486990e-03
2.3634300e-03
3.6175510e-03
4.5562580e-03
2.7693600e-03
-1.4088860e-03
-5.9843380e-03
-8.8186810e-03
-9.6087000e-03
-9.3260730e-03
-8.3969720e-03
-6.3088520e-03
-2.9133490e-03
5.1330060e-04
2.0269830e-03
1.1587120e-03
3.4487830e-04
2.1394510e-03
6.9233000e-03
1.3207920e-02
1.9137670e-02
2.3937180e-02
2.8085830e-02
3.2682350e-02
3.7083000e-02
3.9454210e-02
3.8635900e-02
3.4726100e-02
2.9973040e-02
2.6800550e-02
2.5281990e-02
2.2361240e-02
1.4294560e-02
2.0897450e-04
-1.6564330e-02
-2.5975070e-02
-2.5556670e-02
-2.2124860e-02
-1.8338380e-02
-1.3835960e-02
-9.6201800e-03
-6.9737740e-03
-5.2933230e-03
-3.4462120e-03
-1.6068560e-03
-8.9227430e-04
-2.6754790e-03
-7.1486520e-03
-1.1836730e-02
-1.3849910e-02
-1.3143110e-02
-1.1959920e-02
-1.2718160e-02
-1.6049210e-02
-2.0420700e-02
-2.3810160e-02
-2.5113520e-02
-2.4576420e-02
-2.1968840e-02
-1.5913240e-02
-6.5517940e-03
2.4813580e-03
7.1337390e-03
7.1864210e-03
5.3482940e-03
4.3005590e-03
5.7608820e-03
9.5878670e-03
1.4011590e-02
1.8084520e-02
2.2253440e-02
2.6442280e-02
2.9129620e-02
2.8726170e-02
2.4536210e-02
1.7019550e-02
8.5240670e-03
2.2413220e-03
-2.2678380e-04
-3.7480590e-04
-1.7437130e-03
-7.0078200e-03
-1.4454770e-02
-1.8740020e-02
-1.7703240e-02
-1.4690220e-02
-1.1941210e-02
-8.0706470e-03
-2.8613170e-03
8.7872320e-04
4.8747950e-04
-3.3724660e-03
-7.5255780e-03
-9.3682790e-03
-8.7969500e-03
-6.7135700e-03
-3.8009710e-03
-7.3209020e-04
1.9084520e-03
4.8520310e-03
8.6928830e-03
1.2261150e-02
1.3566410e-02
1.1832430e-02
8.4890340e-03
6.4113690e-03
7.0054830e-03
9.7163320e-03
1.3075150e-02
1.5471510e-02
1.5649940e-02
1.2665990e-02
7.2357200e-03
1.9263850e-03
-8.2066220e-04
-2.5551180e-04
2.2695030e-03
4.5854170e-03
5.4208360e-03
4.9029290e-03
3.4216880e-03
1.3891110e-03
-1.1962050e-04
5.5839370e-05
2.0281430e-03
5.3831490e-03
8.8569860e-03
1.0429150e-02
9.4853360e-03
7.3996990e-03
6.0684710e-03
6.5577480e-03
8.5016230e-03
1.0009030e-02
9.2474420e-03
6.7972630e-03
3.2019520e-03
-1.5008200e-03
-5.3046480e-03
-5.8988800e-03
-4.5671800e-03
-4.5188730e-03
-7.1650230e-03
-1.1161770e-02
-1.4411610e-02
-1.6444220e-02
-1.7617170e-02
-1.7570260e-02
-1.5429720e-02
-1.1590500e-02
-7.6840740e-03
-5.1626030e-03
-4.8024350e-03
-5.8915500e-03
-6.2536350e-03
-5.0365540e-03
-2.7239080e-03
-6.8738000e-04
-3.7973940e-04
-2.1431170e-03
-4.5641570e-03
-6.4896560e-03
-7.9561800e-03
-9.1717970e-03
-9.6809670e-03
-9.1600590e-03
-8.0707450e-03
-7.2411460e-03
-8.1949060e-03
-1.0356660e-02
-1.0960440e-02
-8.3694160e-03
-3.2307450e-03
1.7198670e-03
3.9819530e-03
4.2466360e-03
5.3270130e-03
7.8841750e-03
1.0702100e-02
1.2511370e-02
1.3057370e-02
1.2944160e-02
1.2537400e-02
1.1985910e-02
1.1490770e-02
1.0661250e-02
9.1152000e-03
8.1060820e-03
8.3016430e-03
9.5681830e-03
1.0892280e-02
1.0621610e-02
8.1153050e-03
3.2134000e-03
-3.9087100e-03
-1.2111350e-02
-1.8749110e-02
-2.1818690e-02
-2.1437780e-02
-1.8570040e-02
-1.3614700e-02
-7.6681030e-03
-2.9726940e-03
-1.0633510e-03
-2.3727670e-03
-5.6084590e-03
-7.5945350e-03
-6.4427160e-03
-3.3209740e-03
-7.6539760e-04
-6.8416780e-04
-3.5267500e-03
-7.7081480e-03
-1.0681320e-02
-1.1680490e-02
-1.1258780e-02
-9.5725370e-03
-7.0052440e-03
-5.1041570e-03
-5.1896410e-03
-6.4988870e-03
-7.5716290e-03
-7.6829130e-03
-6.1762180e-03
-3.2577150e-03
-6.4405590e-04
3.6315870e-05
-1.6162970e-03
-3.7573770e-03
-3.6494570e-03
-3.1487270e-04
4.5673100e-03
7.8385040e-03
7.5633540e-03
5.0914420e-03
4.6198810e-03
6.8228850e-03
9.7797150e-03
1.2392220e-02
1.3973320e-02
1.5413840e-02
1.7743510e-02
1.9785830e-02
1.9440490e-02
1.6217090e-02
1.2874300e-02
1.2585900e-02
1.5298860e-02
1.7089920e-02
1.4205680e-02
6.4736480e-03
-2.7775280e-03
-8.2732850e-03
-8.2349720e-03
-4.6220170e-03
-4.3089510e-04
1.6772170e-03
9.8755770e-04
-1.5317960e-03
-4.1717760e-03
-5.7334580e-03
-6.2705720e-03
-6.1999640e-03
-5.1232950e-03
-3.9752670e-03
-3.5856660e-03
-3.7746290e-03
-3.6993560e-03
-3.6234470e-03
-3.9255560e-03
-4.5783560e-03
-5.1004610e-03
-5.6000950e-03
-6.2668570e-03
-6.9115740e-03
-7.4465940e-03
-7.7997920e-03
-7.9739640e-03
-8.5693540e-03
-1.0092100e-02
-1.1635310e-02
-1.1849700e-02
-1.1035010e-02
-9.8198260e-03
-8.0196610e-03
-6.4059510e-03
-6.5648380e-03
-8.2596540e-03
-1.0403750e-02
-1.1642830e-02
-1.0127290e-02
-6.1274890e-03
-2.3384880e-03
-9.7452120e-04
-1.5721020e-03
-1.7776140e-03
-3.4334950e-04
2.4870590e-03
5.9881130e-03
9.7475090e-03
1.3112780e-02
1.4539880e-02
1.2788760e-02
8.1774020e-03
3.1971270e-03
8.6482050e-04
2.2034670e-03
5.1638840e-03
7.3917050e-03
8.3091430e-03
8.6602940e-03
8.8850970e-03
9.0988130e-03
9.2582860e-03
9.3845990e-03
9.4716170e-03
9.2012310e-03
7.9241710e-03
5.1438420e-03
2.0774040e-03
1.3572680e-03
3.7024290e-03
6.8875950e-03
8.3662780e-03
7.7977930e-03
6.5007570e-03
5.6885960e-03
5.3801170e-03
5.0326080e-03
3.8089840e-03
1.6683180e-03
-7.7554200e-04
-3.2824110e-03
-5.9085850e-03
-8.9152130e-03
-1.0889630e-02
-9.8011000e-03
-5.3295810e-03
1.0424620e-03
6.4919630e-03
9.5461250e-03
1.0871510e-02
1.2119980e-02
1.4013030e-02
1.5826510e-02
1.6706700e-02
1.5526950e-02
1.2291040e-02
8.3383300e-03
5.1174980e-03
3.0588100e-03
1.3571700e-03
-1.0950180e-03
-4.7766140e-03
-9.4456680e-03
-1.3997470e-02
-1.6957370e-02
-1.7799470e-02
-1.6910230e-02
-1.5291730e-02
-1.4345380e-02
-1.4830360e-02
-1.5866910e-02
-1.5910420e-02
-1.4807050e-02
-1.3585210e-02
-1.2974700e-02
-1.3242290e-02
-1.3019380e-02
-1.1754360e-02
-1.0715760e-02
-1.0440340e-02
-9.2208780e-03
-6.1554610e-03
-1.8871460e-03
2.3705960e-03
6.3876900e-03
9.5132810e-03
1.1074320e-02
1.0941930e-02
9.5967230e-03
7.4960530e-03
4.3678910e-03
4.4353100e-04
-2.3545520e-03
-1.3875950e-03
1.7753480e-03
3.6825000e-03
3.1713110e-03
1.5520480e-03
5.6060910e-04
2.7069670e-04
1.7845650e-04
1.4511790e-04
-5.8453360e-04
-2.9824210e-03
-6.6675430e-03
-9.2810230e-03
-9.8355390e-03
-9.4663120e-03
-9.0237470e-03
-8.5841100e-03
-8.3150930e-03
-8.4373800e-03
-7.8509300e-03
-4.4319590e-03
1.5129160e-03
6.7966900e-03
8.6152200e-03
7.9723710e-03
7.1270220e-03
7.3751630e-03
8.8737760e-03
1.0958060e-02
1.2820880e-02
1.3377820e-02
1.2215190e-02
1.0639460e-02
1.0236240e-02
1.1090320e-02
1.2165200e-02
1.2576950e-02
1.1538630e-02
8.9110570e-03
5.7260140e-03
3.5026490e-03
3.3392680e-03
4.3876370e-03
5.2454560e-03
5.3451530e-03
4.9329940e-03
4.1110130e-03
2.3568140e-03
1.7062770e-04
-4.2325590e-04
1.4882530e-03
3.4660730e-03
4.0469720e-03
3.8693680e-03
3.6779050e-03
3.2855300e-03
2.1584620e-03
1.1664280e-03
4.9684410e-04
5.8045460e-05
2.8121900e-04
7.6243950e-04
9.9756160e-04
1.1103820e-03
1.5520390e-03
1.9098360e-03
1.1794460e-03
4.2848780e-06
-4.7775840e-04
-8.0275670e-04
-2.2537250e-03
-5.2939160e-03
-8.5091430e-03
-9.6050670e-03
-7.9839340e-03
-4.9462910e-03
-2.5293970e-03
-1.6514790e-03
-1.6749210e-03
-1.3288560e-03
-7.8088420e-04
-1.3710290e-03
-3.3593080e-03
-5.2851750e-03
-5.3483310e-03
-3.1584690e-03
-1.9906870e-04
2.0320070e-03
3.3591140e-03
4.5843080e-03
5.6910100e-03
5.9284000e-03
5.6241110e-03
6.1517840e-03
7.5643100e-03
8.9068460e-03
9.5652610e-03
9.2601210e-03
8.1663120e-03
7.1259020e-03
6.7290140e-03
6.5931320e-03
5.9525580e-03
4.3976260e-03
1.7614680e-03
-2.0807960e-03
-5.9907920e-03
-8.1558320e-03
-8.4032600e-03
-8.4065710e-03
-9.8419910e-03
-1.2684870e-02
-1.5585400e-02
-1.7238030e-02
-1.7139380e-02
-1.5707830e-02
-1.4097420e-02
-1.2808340e-02
-1.1578560e-02
-1.0381380e-02
-9.7393630e-03
-9.6813270e-03
-9.7046050e-03
-8.9571330e-03
-7.0046910e-03
-4.7074650e-03
-3.2688830e-03
-2.8626120e-03
-2.1688330e-03
-4.4510640e-04
1.4789090e-03
2.5187380e-03
2.3255420e-03
1.5285670e-03
8.9656140e-04
5.9579830e-04
1.8347210e-04
-7.0433130e-05
1.9200930e-04
2.2414180e-04
-9.3958550e-04
-2.9321070e-03
-5.2508740e-03
-7.6146780e-03
-9.8570680e-03
-1.1800230e-02
-1.3577500e-02
-1.5032310e-02
-1.4924020e-02
-1.2659510e-02
-9.7588040e-03
-8.1177750e-03
-6.2883640e-03
-2.8747510e-03
1.8605620e-03
6.8746900e-03
1.0825570e-02
1.2932490e-02
1.3521740e-02
1.3854950e-02
1.4728530e-02
1.5656770e-02
1.5875770e-02
1.5565500e-02
1.5681600e-02
1.6700390e-02
1.8457360e-02
2.0416270e-02
2.1791450e-02
2.2457410e-02
2.2663680e-02
2.2425850e-02
2.1977090e-02
2.1567680e-02
2.0794390e-02
1.8954350e-02
1.6327720e-02
1.3340480e-02
9.9972050e-03
6.3752340e-03
3.0068300e-03
2.1434010e-06
-2.8000940e-03
-5.5752980e-03
-7.8638730e-03
-8.3649620e-03
-6.4280920e-03
-3.1742230e-03
-8.2853280e-04
-5.7075010e-04
-1.8154350e-03
-3.5352660e-03
-5.2934370e-03
-6.3206700e-03
-6.7589560e-03
-7.4262800e-03
-8.7293740e-03
-1.0484550e-02
-1.1380770e-02
-1.0112850e-02
-7.4345020e-03
-6.0061750e-03
-6.0257620e-03
-6.2261630e-03
-5.5398660e-03
-3.5539820e-03
-6.9261860e-04
1.7886980e-03
2.7335100e-03
2.3610360e-03
1.3092560e-03
-2.2206580e-04
-2.1558770e-03
-4.0084700e-03
-5.0028760e-03
-4.9812970e-03
-4.9780400e-03
-5.9111660e-03
-7.4262500e-03
-8.2396540e-03
-7.7353110e-03
-6.2824800e-03
-5.0767820e-03
-5.4088400e-03
-7.2917000e-03
-9.2857460e-03
-9.2981400e-03
-6.7849150e-03
-3.1086780e-03
-2.3528530e-04
7.2355000e-04
-4.4998720e-05
-1.7340910e-03
-3.3147460e-03
-4.0397630e-03
-3.3327350e-03
-1.5864630e-03
-1.0721450e-04
1.1654430e-04
-8.0544540e-04
-1.7674860e-03
-2.1883470e-03
-2.4521160e-03
-2.3942450e-03
-1.2327960e-03
1.7097300e-03
5.6119540e-03
8.3969410e-03
9.0874770e-03
8.4829000e-03
7.8266770e-03
7.5541410e-03
7.7748130e-03
7.8442450e-03
6.8236090e-03
4.0911120e-03
1.9774450e-04
-3.6950780e-03
-6.4533600e-03
-7.6807790e-03
-7.9767080e-03
-8.1917540e-03
-8.8576120e-03
-1.0067210e-02
-1.1120330e-02
-1.1205460e-02
-1.0114160e-02
-8.2880180e-03
-6.5760070e-03
-5.7850300e-03
-6.4548590e-03
-7.4654420e-03
-6.7847150e-03
-4.4956000e-03
-1.9348690e-03
8.5071560e-05
1.3698090e-03
1.7887750e-03
1.1925820e-03
-2.6150610e-04
-1.3421420e-03
-1.0785790e-03
5.6260070e-04
2.6324270e-03
3.6943300e-03
2.6069630e-03
-2.0267520e-04
-3.0147920e-03
-4.7635220e-03
-5.3291510e-03
-5.2368210e-03
-4.7543030e-03
-4.4580020e-03
-4.8352520e-03
-5.6235130e-03
-6.1772690e-03
-6.1730250e-03
-5.2539410e-03
-2.8282860e-03
1.0387080e-03
4.8249850e-03
6.2549100e-03
5.8770670e-03
5.3544720e-03
5.3674690e-03
5.8956810e-03
6.6501090e-03
6.7419400e-03
5.5314750e-03
3.2027240e-03
7.5769650e-04
-7.1724660e-04
-5.9935860e-04
9.4818840e-04
2.9143130e-03
4.3540530e-03
5.0722860e-03
5.4182250e-03
5.9174420e-03
6.1549590e-03
6.1262260e-03
6.6295610e-03
8.1168820e-03
9.9192270e-03
1.1140120e-02
1.1337410e-02
1.0507960e-02
8.9681390e-03
7.4747310e-03
6.8635370e-03
7.2033400e-03
7.2979770e-03
5.7328180e-03
2.6087160e-03
-1.2137020e-03
-4.3691570e-03
-5.9435620e-03
-6.3765090e-03
-6.8120680e-03
-7.4841540e-03
-7.7948580e-03
-7.1618380e-03
-6.0802480e-03
-5.1451360e-03
-4.3669600e-03
-4.1082380e-03
-4.6340170e-03
-5.3422240e-03
-5.2349830e-03
-4.0535470e-03
-2.6552350e-03
-1.6273000e-03
-6.0401220e-04
1.7639720e-04
3.4570170e-04
1.3110710e-04
-2.3610200e-04
-1.0218450e-03
-2.4924100e-03
-4.5321840e-03
-6.4555420e-03
-7.3172930e-03
-7.2719120e-03
-7.1897960e-03
-7.4277320e-03
-7.2105720e-03
-5.6875130e-03
-3.3125250e-03
-1.4875970e-03
-5.0372280e-04
3.9912910e-04
1.7326440e-03
3.7004230e-03
6.2644330e-03
8.8295950e-03
1.0942780e-02
1.2246480e-02
1.2715640e-02
1.3127160e-02
1.3965950e-02
1.4704070e-02
1.4425080e-02
1.2530650e-02
9.5939150e-03
7.0863070e-03
5.7830220e-03
5.6511630e-03
6.0716000e-03
6.1894450e-03
5.3864890e-03
4.0150090e-03
2.8596560e-03
2.2965540e-03
2.3635490e-03
3.0516790e-03
4.0367260e-03
4.6569420e-03
4.0366240e-03
2.1023510e-03
-2.4009510e-04
-1.4917780e-03
-1.4157170e-03
-1.2225620e-03
-2.0585280e-03
-4.0581610e-03
-6.1677900e-03
-7.3523120e-03
-7.2146370e-03
-5.8919660e-03
-3.6706680e-03
-1.2392640e-03
6.7607980e-04
2.0785030e-03
2.7613940e-03
2.4390480e-03
1.0457330e-03
-9.6943970e-04
-2.3406610e-03
-2.2252950e-03
-1.0528530e-03
-1.0077930e-04
-4.3494330e-04
-1.9560110e-03
-3.7089350e-03
-4.3878310e-03
-3.7532580e-03
-2.9540500e-03
-3.0763800e-03
-4.5685730e-03
-6.5646720e-03
-8.5004740e-03
-1.0606790e-02
-1.2834710e-02
-1.4715860e-02
-1.5799250e-02
-1.6341130e-02
-1.6848310e-02
-1.7483470e-02
-1.7329770e-02
-1.5822340e-02
-1.3574080e-02
-1.1245630e-02
-9.9376110e-03
-9.5049370e-03
-8.3087200e-03
-5.4425620e-03
-1.4417140e-03
2.0317650e-03
4.8036790e-03
7.6764440e-03
1.0740710e-02
1.3055640e-02
1.4884210e-02
1.6789630e-02
1.8343360e-02
1.8719520e-02
1.7764720e-02
1.6336960e-02
1.5286510e-02
1.5111680e-02
1.5586310e-02
1.5923580e-02
1.5532390e-02
1.4029250e-02
1.1445880e-02
8.5280870e-03
6.1037980e-03
