0.01
-5.6819250e-03
-7.3110290e-03
-5.5080390e-03
-1.4711080e-03
2.2297660e-03
5.9580010e-03
9.2306360e-03
1.0131610e-02
8.6617610e-03
6.5552630e-03
3.0163530e-03
-2.7585390e-03
-8.3924700e-03
-1.2222510e-02
-1.2406940e-02
-7.9148250e-03
-6.9314830e-04
6.9353180e-03
1.1021450e-02
7.0552430e-03
2.8025670e-04
-6.1777430e-03
-8.1201510e-03
-1.9127350e-03
7.7611870e-03
1.6944930e-02
1.1854560e-02
7.2116780e-04
-1.0932700e-02
-2.1735070e-02
-2.9418490e-02
-2.3485480e-02
-1.0983060e-02
2.4035990e-03
1.2158960e-02
1.6501830e-02
1.0805310e-02
7.8653450e-03
5.7969160e-03
2.9743730e-03
1.2651530e-04
3.6553730e-03
9.0381430e-03
8.9194090e-03
2.3093690e-03
-7.0506340e-03
-1.4003340e-02
-1.8680090e-02
-1.8116640e-02
-1.3429510e-02
-8.0404510e-03
7.2943100e-03
2.2936730e-02
3.6229000e-02
2.1724090e-02
4.0711490e-03
-8.7929310e-03
-2.1682070e-02
-3.2001990e-02
-2.4424610e-02
-7.6404730e-03
1.1746160e-02
3.1636800e-02
3.4392520e-02
1.5156190e-02
-3.8249160e-03
-1.4506130e-02
-4.2804330e-03
1.0913630e-02
1.0548310e-02
-2.7576650e-03
-1.1105500e-02
-2.2877440e-02
-3.3942660e-02
-2.2273260e-02
-6.7272470e-03
8.1828340e-03
1.4889220e-02
5.0606900e-03
-6.8943280e-03
-3.3615450e-04
1.5240400e-02
3.5262150e-02
4.4688370e-02
2.0828660e-02
-7.3874220e-03
-3.1299800e-02
-5.0519980e-02
-6.1025600e-02
-4.7661310e-02
-2.7437320e-02
-9.5164440e-03
3.6881050e-03
1.8791520e-02
3.6296490e-02
5.0067810e-02
4.8247120e-02
3.5698260e-02
2.5340020e-02
1.9165270e-02
1.2301270e-02
1.9970670e-03
-7.1972770e-03
-1.2812330e-02
-1.8854840e-02
-2.7886480e-02
-2.9828040e-02
-2.9410040e-02
-2.6919140e-02
-1.4151010e-02
1.1209690e-02
4.5275960e-02
8.1003470e-02
6.2106500e-02
1.8369080e-02
-3.1358670e-02
-6.2514440e-02
-7.5480830e-02
-6.6258800e-02
-4.7126040e-02
-1.9786320e-02
3.4350770e-03
1.5939360e-02
2.5226190e-02
3.4180480e-02
4.3396220e-02
5.1060560e-02
4.7421230e-02
2.3498360e-02
-3.2874000e-03
-2.7287170e-02
-2.7251230e-02
-1.4785360e-02
-2.2514930e-03
1.1354510e-02
1.5283980e-02
6.3566400e-03
-1.7480970e-03
-1.2085160e-02
-2.1045420e-02
-2.7806530e-02
-2.6742680e-02
-1.8037710e-02
-2.7957580e-03
1.4518410e-02
2.6623830e-02
2.7460970e-02
1.5814320e-02
-7.2528500e-03
-2.2749090e-02
-3.0406920e-02
-2.0205780e-02
-3.4424310e-03
1.6292380e-02
3.4687900e-02
3.6545900e-02
2.2992050e-02
3.4701530e-03
-8.0531140e-03
-6.9436180e-03
6.0578960e-04
4.5498330e-03
1.0320010e-02
1.4442240e-02
4.1833090e-03
-1.0146930e-02
-2.5973130e-02
-2.1590910e-02
1.5874040e-03
1.9427100e-02
1.5926580e-02
-6.5181990e-03
-2.2592990e-02
-3.0002150e-02
-2.5582400e-02
-1.8627510e-02
-9.1427790e-03
1.0195860e-02
2.9780010e-02
4.4918570e-02
3.2177610e-02
1.5434600e-02
3.0730760e-03
8.6864580e-03
9.2182910e-04
-9.5540030e-03
-2.6178900e-02
-4.1938060e-02
-2.5543310e-02
-2.4549380e-03
1.3888860e-02
1.9923780e-02
9.8014210e-03
6.4335660e-03
1.7160440e-02
8.8283430e-03
-6.5237660e-03
-1.7292580e-02
-1.1202120e-02
-5.5274850e-03
-1.6586120e-02
-3.1457340e-02
-2.7362860e-02
-7.6451350e-03
1.2384770e-02
2.2503580e-02
3.0180060e-02
3.7880280e-02
3.5812610e-02
2.1223050e-02
-6.1812190e-04
-1.7364300e-02
-1.1488990e-02
5.8449690e-03
2.3674560e-02
1.1015960e-02
-1.3209600e-02
-1.7976050e-02
-6.2024100e-03
-5.1986970e-03
-1.0433050e-02
2.6779850e-03
1.6825680e-02
2.4254350e-02
8.5684710e-03
5.3531330e-03
1.5880570e-02
-7.2113390e-03
-4.0926200e-02
-6.4358180e-02
-5.9688660e-02
-3.5892840e-02
-1.0973340e-02
1.2213570e-02
1.9162150e-02
1.0589340e-02
6.0546440e-03
2.2721310e-02
4.1713200e-02
5.7449610e-02
5.6791510e-02
4.6267490e-02
1.8712390e-02
-1.1219880e-02
-3.5994810e-02
-4.7875390e-02
-5.4411040e-02
-5.1795980e-02
-4.6646560e-02
-3.0476070e-02
-1.2050960e-03
3.3361960e-02
5.8266640e-02
6.8717730e-02
3.1024570e-02
6.3447150e-03
-3.3447530e-03
-1.1998630e-02
-2.0363410e-02
-2.3963200e-02
-1.6100900e-02
-2.5680300e-02
-3.8034660e-02
-3.2756860e-02
-1.1119960e-02
1.2223740e-02
3.3159750e-02
5.1378420e-02
6.8802380e-02
6.1357890e-02
3.7106620e-02
-4.1708770e-03
-3.7090190e-02
-6.1844180e-02
-5.3044300e-02
-4.1007110e-02
-2.8855420e-02
-3.5597260e-02
-3.0297850e-02
-8.2525620e-03
1.4910640e-02
3.8255180e-02
5.1870670e-02
4.0486720e-02
3.3083170e-02
2.3184220e-02
-6.7040610e-05
-1.6128940e-02
-8.9464080e-03
-1.5830310e-02
-2.8659820e-02
-3.2071970e-02
-2.3020910e-02
-1.4708600e-02
-5.2957450e-03
4.4884570e-03
1.9015450e-02
3.7285570e-02
5.8037440e-02
7.0305880e-02
4.2936520e-02
1.3351460e-02
-2.8617200e-03
-1.4165970e-02
-3.1114290e-02
-5.1042700e-02
-4.5499810e-02
-3.1795220e-02
-2.3079740e-02
-1.5172180e-02
-6.3760450e-03
6.8483150e-03
2.7654330e-02
2.2961420e-02
-7.0856200e-03
-3.2845060e-02
-2.4624750e-02
-3.7195530e-03
7.4258330e-03
1.1950030e-03
8.6365690e-03
2.2268600e-02
3.5922420e-02
3.1888380e-02
1.9193560e-02
2.4940870e-02
3.6042570e-02
2.8645350e-02
8.2886200e-03
-1.7108710e-02
-3.2397880e-02
-3.1980500e-02
-2.1765160e-02
-1.9298140e-03
1.8002530e-02
2.7852270e-02
1.0666460e-02
-9.4235360e-03
-1.7277050e-02
-7.9202500e-03
4.8217520e-03
1.7398150e-02
2.3509440e-02
9.9923470e-03
-1.2023180e-02
-4.1821170e-02
-6.0286110e-02
-4.3729490e-02
-2.0913090e-02
-6.3783600e-03
3.8440220e-03
1.0226840e-02
1.2243350e-02
2.9243660e-03
4.8880110e-04
1.6863490e-02
3.2253680e-02
1.5009810e-02
-8.8312940e-03
-7.5543570e-03
1.1225480e-03
8.4583230e-03
1.7269890e-02
1.8514990e-02
4.9568170e-03
-9.5835680e-03
-1.6107580e-02
-1.0924060e-02
-1.4397430e-02
-4.3280810e-03
1.4627630e-02
6.2436320e-03
-2.1545520e-02
-4.6802030e-02
-5.7913700e-02
-5.0757740e-02
-3.1127570e-02
-9.6075060e-03
1.4837440e-02
4.3185910e-02
4.0734630e-02
2.2551280e-02
6.8721770e-03
6.3252980e-03
1.9397250e-02
3.1730760e-02
2.2412370e-02
2.9432900e-03
-2.0829950e-02
-3.1949950e-02
-4.0601290e-02
-4.1377320e-02
-3.4920700e-02
-1.4004080e-02
1.0204830e-02
1.7553190e-02
7.0684700e-03
2.4845680e-03
1.7154590e-02
4.2760180e-02
6.8599980e-02
7.9338220e-02
7.1252380e-02
6.0924270e-02
3.9076610e-02
1.4585990e-02
-4.3906540e-03
-1.1492990e-03
1.0354800e-02
-8.4371010e-04
-1.3120760e-02
-2.2447070e-02
-3.0639200e-02
-4.0002200e-02
-3.5640830e-02
-2.0640310e-02
-1.6195810e-02
-3.2709000e-02
-4.8701880e-02
-6.0165800e-02
-6.0148230e-02
-4.9792070e-02
-3.2345140e-02
-1.4938980e-02
1.8249540e-03
1.3230050e-02
1.7075280e-02
9.6733330e-03
-2.2903150e-03
-1.0505940e-02
7.6251440e-03
4.2167240e-02
7.7445810e-02
9.7429540e-02
7.1069040e-02
1.9223300e-02
-9.2789700e-03
-1.9003300e-02
-1.1934110e-02
-8.6816240e-04
1.2914630e-02
-1.2201390e-02
-4.4976680e-02
-6.6354130e-02
-6.2301670e-02
-5.1550110e-02
-5.1914020e-02
-6.6158580e-02
-8.0909510e-02
-8.1074460e-02
-8.2618810e-02
-8.3203890e-02
-4.9827240e-02
-3.8512570e-03
4.1910740e-02
8.7672930e-02
1.3313700e-01
1.5535460e-01
1.3708180e-01
1.2083800e-01
9.5698020e-02
5.0368990e-02
1.8273060e-02
-7.7780280e-03
2.2333680e-04
-1.0057530e-02
-2.3895260e-02
-1.9181460e-02
-5.6132500e-03
-1.1556040e-02
-3.1984630e-02
-4.8788070e-02
-5.4087200e-02
-5.9252630e-02
-7.0753500e-02
-8.4497780e-02
-7.2637590e-02
-5.4237480e-02
-4.3195480e-02
-5.3210460e-02
-4.9156240e-02
-2.6603750e-02
1.1344440e-03
2.3364390e-02
4.9128320e-02
8.0515470e-02
1.1235610e-01
1.2035580e-01
9.5438730e-02
6.9567670e-02
1.9290390e-02
-2.6735790e-02
-5.2491140e-02
-7.3349930e-02
-7.5476560e-02
-4.6973210e-02
-3.4741610e-04
5.3726880e-02
8.6902170e-02
1.3250660e-01
1.4843650e-01
7.0021560e-02
-7.3499720e-03
-8.2101710e-02
-1.2027370e-01
-1.3112460e-01
-1.2132240e-01
-1.1061260e-01
-9.9717480e-02
-7.8001580e-02
-5.1132020e-02
-2.8053370e-02
-1.0961240e-02
6.3777460e-03
2.0821500e-02
3.5960820e-02
5.2228440e-02
7.4063500e-02
9.6615510e-02
1.0998200e-01
1.0062700e-01
8.8984720e-02
6.6885100e-02
2.9226090e-02
3.0458650e-03
-1.0927630e-02
-9.9524000e-03
3.5733980e-03
2.1507830e-02
1.1125030e-02
-2.8503910e-03
7.8720900e-03
2.0150420e-02
2.0853720e-02
-4.7463850e-03
-5.1108630e-02
-8.4317020e-02
-1.0898870e-01
-1.0836270e-01
-7.7661260e-02
-2.4488050e-02
2.0770780e-02
4.3293210e-02
6.1682510e-02
5.9872130e-02
3.8983260e-02
1.7809580e-02
1.6699870e-02
3.3409550e-02
5.2447150e-02
6.3482180e-02
6.2722120e-02
5.4954490e-02
4.7776820e-02
2.2778130e-02
-5.1940300e-03
-4.2060770e-02
-7.0326790e-02
-8.3904140e-02
-8.0527670e-02
-6.8369850e-02
-5.4481510e-02
-4.0581540e-02
-2.8487950e-02
-3.4130770e-02
-4.4933070e-02
-4.9103180e-02
-4.3576440e-02
-3.4937260e-02
-2.3327210e-02
-3.8182690e-03
1.9728050e-02
4.3606260e-02
6.1428270e-02
7.7526800e-02
1.0291150e-01
1.4009020e-01
1.4385960e-01
1.0596790e-01
7.9501960e-02
5.4282370e-02
2.0315570e-02
-3.4656290e-02
-1.0075870e-01
-1.5648460e-01
-1.8257000e-01
-1.8281060e-01
-1.5370510e-01
-1.0122020e-01
-4.8894490e-02
3.5824130e-03
5.6280640e-02
1.0093000e-01
1.3664800e-01
1.2593700e-01
8.1337180e-02
1.7908640e-02
-3.7074550e-02
-5.8840080e-02
-5.9855160e-02
-4.4130030e-02
-2.2407210e-02
-7.0633990e-03
1.9734940e-02
4.1778480e-02
5.9582880e-02
4.6466750e-02
1.0451870e-02
-1.7177790e-02
-2.6179210e-02
-1.9595320e-02
-1.0895750e-02
8.7462450e-03
2.3688760e-02
5.0107930e-02
9.3422820e-02
7.8166240e-02
2.9576570e-02
-1.2090140e-02
-3.9380220e-02
-2.3306110e-02
-1.0192100e-02
-1.0637670e-04
3.9512590e-03
-8.8477000e-03
-1.3173800e-02
-5.3727680e-03
2.7966020e-03
6.0139700e-03
-1.6608500e-04
-8.7059870e-03
-2.4679810e-02
-4.2415950e-02
-3.8721900e-02
-2.0199360e-02
2.6561210e-03
3.6279560e-02
6.2998080e-02
7.9556920e-02
8.4235320e-02
7.3690070e-02
3.4545220e-02
-2.1132300e-02
-5.1348630e-02
-7.5493610e-02
-8.8629200e-02
-8.6222820e-02
-6.0224490e-02
-3.6540570e-02
-1.6899650e-02
1.7636970e-02
4.6593660e-02
5.4002880e-02
3.2406990e-02
2.2367940e-03
-3.5509210e-02
-5.7839530e-02
-6.8313050e-02
-5.8680110e-02
-4.0794090e-02
-1.3785540e-02
1.5671600e-02
2.9332390e-02
1.5444960e-02
1.5644810e-02
2.3148020e-02
3.0218320e-02
3.5222770e-02
3.6523870e-02
3.2875320e-02
2.4209470e-02
3.7797970e-04
-2.3712620e-02
-2.8214030e-02
-9.7273320e-03
9.3895590e-03
2.8597490e-02
4.5823400e-02
5.1958360e-02
4.5331750e-02
3.2518990e-02
6.0724860e-03
-2.3451270e-02
-1.4200520e-02
2.2083760e-02
5.7923890e-02
6.5309030e-02
2.5235350e-02
-1.5823770e-02
-5.3908760e-02
-8.4973040e-02
-9.7943220e-02
-7.3857040e-02
-3.5890580e-02
3.0807150e-03
4.2416610e-02
6.6238110e-02
5.6357740e-02
4.1886190e-02
3.1689940e-02
3.3151150e-02
4.3065080e-02
4.3212920e-02
3.3305660e-02
5.1483590e-02
8.6249980e-02
9.8522130e-02
3.8814670e-02
-2.1010960e-02
-6.0381360e-02
-8.4250000e-02
-1.0651440e-01
-1.2162000e-01
-1.3220190e-01
-1.4090700e-01
-1.4774780e-01
-1.5023410e-01
-1.4502840e-01
-1.0251880e-01
-4.8300110e-02
5.7508130e-03
5.9761490e-02
1.1355570e-01
1.6701760e-01
1.9323070e-01
1.6446230e-01
8.5996760e-02
7.4889360e-03
-7.1956530e-02
-1.3216530e-01
-1.4409590e-01
-1.0917810e-01
-6.3906830e-02
-1.8927300e-02
2.5793560e-02
3.2982410e-02
4.2656400e-02
6.1423170e-02
6.0638710e-02
3.8531910e-02
1.8012100e-02
7.7116200e-03
5.0273600e-03
1.2055520e-02
3.5458220e-02
6.8918200e-02
9.7771740e-02
9.9327850e-02
5.9815000e-02
2.0449570e-02
-1.8428660e-02
-4.7779500e-02
-6.5571470e-02
-8.1790150e-02
-1.0657910e-01
-1.2341740e-01
-1.2866100e-01
-1.0860000e-01
-8.2764070e-02
-5.7683290e-02
-3.3243340e-02
-2.4952740e-03
3.7092200e-02
7.8315000e-02
1.1935380e-01
1.6045420e-01
1.8234810e-01
1.9053720e-01
1.8143790e-01
1.2351010e-01
6.3855060e-02
3.8751690e-03
-5.6146770e-02
-9.7011900e-02
-1.2316280e-01
-1.2809520e-01
-1.1511410e-01
-9.7359020e-02
-7.5673210e-02
-5.5193110e-02
-4.5719860e-02
-5.1074900e-02
-5.7716040e-02
-6.1041180e-02
-3.8421380e-02
4.5113230e-04
3.8846620e-02
7.7703420e-02
1.0160550e-01
1.1822850e-01
1.1298250e-01
1.1250210e-01
9.2621820e-02
6.4316740e-02
4.0145490e-02
2.6212190e-02
2.4368400e-02
2.2064550e-02
1.8947070e-02
1.0618480e-03
-2.1920900e-02
-4.4833250e-02
-6.7879040e-02
-8.6319170e-02
-9.2971280e-02
-8.2378320e-02
-7.0835240e-02
-7.1626980e-02
-8.7621280e-02
-1.0673960e-01
-1.2129570e-01
-1.3495740e-01
-1.2852140e-01
-1.0139900e-01
-5.7582830e-02
-1.4217090e-02
2.9171510e-02
7.2228680e-02
1.1519510e-01
1.1857530e-01
1.1021800e-01
9.0077830e-02
5.8837870e-02
3.3785700e-02
2.1927230e-02
3.0955090e-02
5.0360610e-02
7.5655330e-02
8.3029780e-02
5.5043820e-02
1.8022740e-02
-6.1613140e-03
-1.5140140e-02
-1.2484540e-02
-4.1596790e-03
1.1436850e-02
2.7230560e-02
3.5567360e-02
3.4815210e-02
2.7730920e-02
2.4510570e-02
3.1831650e-02
4.2000320e-02
5.5000700e-02
4.6103570e-02
1.9932710e-02
-2.0191530e-02
-5.2502000e-02
-7.4843920e-02
-9.4244610e-02
-9.7815120e-02
-7.6594470e-02
-5.0596220e-02
-2.5494680e-02
-1.1653530e-02
-1.8708850e-03
1.5763530e-02
3.3973510e-02
2.2706130e-02
-5.6605940e-03
-3.3955520e-02
-5.8765720e-02
-7.0480010e-02
-6.5126040e-02
-3.3544190e-02
8.9555210e-03
3.7405150e-02
5.3622360e-02
4.4843160e-02
3.1024440e-02
1.7185250e-02
-9.7851530e-03
-3.6308490e-02
-5.2880600e-02
-5.5090010e-02
-4.3381430e-02
-2.6038920e-02
-8.7086010e-03
1.7464340e-02
5.2963140e-02
8.4842830e-02
1.0642410e-01
1.0543160e-01
7.9886070e-02
5.2306090e-02
2.1918840e-02
-2.3558690e-03
-2.1132520e-02
-3.0770080e-02
-2.5442320e-02
-1.4686460e-02
-4.1205800e-03
1.1539500e-02
2.0875490e-02
1.6995360e-02
1.8665070e-03
-1.9991300e-02
-4.1496280e-02
-3.4108970e-02
-1.7377470e-02
-4.5646880e-04
9.0131840e-03
1.2911470e-02
3.9494620e-03
-1.8985210e-02
-4.2116040e-02
-4.7724610e-02
-3.7615150e-02
-2.0916630e-02
-3.4820080e-03
1.3970250e-02
2.4110590e-02
3.1474340e-02
2.3243600e-02
3.0953960e-02
4.1322280e-02
5.1133710e-02
4.7097500e-02
2.3550840e-02
9.1857920e-03
1.6170610e-02
1.4490200e-02
9.8640030e-03
5.2416430e-03
-6.5332270e-04
-1.3898390e-02
-3.6774910e-02
-5.8041670e-02
-6.1640670e-02
-5.3875920e-02
-3.8794000e-02
-1.1852180e-02
8.9148000e-03
3.6794040e-02
4.3616120e-02
2.3053040e-02
-4.3481130e-03
-2.0812960e-02
-3.0120220e-02
-3.1890440e-02
-1.1889260e-02
2.0474960e-02
5.1493280e-02
6.9342660e-02
5.7583860e-02
3.4164160e-02
1.0005220e-02
-1.3539680e-02
-3.6318520e-02
-4.7115740e-02
-3.7761470e-02
-3.9643450e-02
-4.9812090e-02
-5.9937290e-02
-6.4977390e-02
-4.7743300e-02
-1.3474820e-02
2.3856210e-02
5.5277930e-02
7.7975410e-02
7.6937420e-02
4.8556690e-02
1.1878110e-02
-1.5983770e-02
-2.6084260e-02
-2.6669450e-02
-2.1186000e-02
-1.2210250e-02
-2.0149940e-03
1.1363790e-02
2.1926190e-02
1.2144090e-02
-1.0916470e-02
-3.4049620e-02
-5.6391470e-02
-6.3668580e-02
-5.0671230e-02
-2.8278970e-02
-8.3396700e-03
-2.9309860e-03
-1.4686170e-02
-2.7176480e-02
-3.8871140e-02
-3.5742450e-02
-2.1904120e-02
5.1530940e-03
3.3570070e-02
5.3176050e-02
6.3296620e-02
6.5858170e-02
6.7651260e-02
7.0706860e-02
5.5542920e-02
3.2563340e-02
9.5933560e-03
-9.4873750e-03
-7.5113040e-03
9.7637400e-04
1.3568550e-02
3.0894340e-02
2.8877320e-02
1.0263380e-02
-4.2853400e-03
-1.6056870e-02
-2.8898930e-02
-4.3750400e-02
-3.5870610e-02
-2.0412550e-02
-1.2032310e-02
-1.7780940e-02
-2.4993410e-02
-3.2160460e-02
-3.1774870e-02
-2.3056630e-02
-8.0668890e-03
1.2471100e-02
2.6473560e-02
3.5650940e-02
3.9621350e-02
3.0843880e-02
7.6745580e-03
-1.7171200e-02
-3.7547590e-02
-4.5882530e-02
-4.8880510e-02
-4.0631330e-02
-2.8315350e-02
-1.5005110e-02
-9.5687380e-04
1.5393310e-02
2.2579370e-02
1.2607820e-02
3.0979350e-03
-4.5641240e-03
-8.2159280e-03
-2.8153960e-03
7.5641350e-04
5.0142720e-03
1.2460950e-02
1.5332840e-02
1.2793030e-02
2.0992750e-02
2.3041610e-02
1.4790810e-02
8.9257760e-03
2.7840480e-03
7.1766140e-04
4.1177520e-03
4.3577030e-03
8.8675300e-05
-1.0685560e-02
-2.7852010e-02
-4.0644750e-02
-4.5561000e-02
-3.0340100e-02
-1.4760810e-02
-5.7759720e-03
-1.7126480e-03
7.4708870e-03
2.1385600e-02
3.3715960e-02
4.0622570e-02
3.6137300e-02
2.8385880e-02
1.8028870e-02
8.9502820e-03
-5.3576530e-05
-9.6098330e-03
-1.3956620e-02
-4.1209640e-03
6.3096150e-03
1.4821640e-02
3.6180480e-03
-3.4545950e-03
-4.9294170e-03
9.2658380e-04
4.5038350e-03
8.2286060e-03
1.4796610e-02
2.0135300e-02
1.2901110e-02
6.6302310e-04
-7.3691530e-03
2.9616650e-04
5.2433510e-03
7.2416810e-03
8.6575160e-03
1.2777970e-02
1.4841780e-02
1.0500860e-02
4.7868530e-03
-2.9396750e-03
-9.9748270e-03
-1.8727040e-02
-3.2434810e-02
-4.8787940e-02
-5.1403560e-02
-3.3383810e-02
-1.3831530e-02
-1.3591230e-03
5.9931680e-03
5.7307260e-03
3.0700540e-04
-5.4130780e-03
-1.3574620e-02
-1.6979000e-02
-7.4342610e-03
2.3929740e-03
9.4786910e-03
1.8129430e-02
2.2698530e-02
2.3470880e-02
1.2920390e-02
-6.0796470e-03
-2.6593760e-02
-4.1982140e-02
-3.8080300e-02
-2.0524820e-02
-4.9643770e-03
5.3045760e-03
5.9631370e-03
1.3066320e-03
4.3680990e-03
1.3654490e-03
-6.8096450e-03
-1.3002730e-02
-2.7576930e-03
6.4634970e-03
1.5870400e-02
1.8324890e-02
1.2794240e-02
-1.1323750e-03
-2.1334290e-02
-4.2317580e-02
-5.1550080e-02
-4.1560190e-02
-1.9948700e-02
2.0520110e-03
1.8173360e-02
3.3129600e-02
4.4577260e-02
4.9583250e-02
3.8686360e-02
2.7520200e-02
2.0682070e-02
1.8959720e-02
1.4838420e-02
6.5426860e-03
-2.0600390e-03
-4.5834130e-03
4.7996380e-03
1.7869300e-02
3.0125550e-02
3.8052390e-02
2.8196180e-02
1.7469350e-02
2.0882970e-03
-9.7377850e-03
-1.5716140e-02
-1.9703700e-02
-1.8268840e-02
-8.4327170e-03
-7.9631400e-04
6.5475540e-03
9.7689600e-03
4.5375210e-03
2.3847310e-03
-8.5626840e-04
7.5337430e-04
4.6165500e-03
4.6109380e-03
-5.3183950e-04
-6.1685970e-03
-1.2833430e-02
-1.7284640e-02
-1.2904270e-02
-5.4085120e-03
-9.5241050e-03
-1.3628390e-02
-1.9497840e-02
-2.1876250e-02
-1.5820980e-02
-7.3625010e-03
6.5285830e-04
9.9417680e-03
1.8013940e-02
2.4137940e-02
2.2281470e-02
1.6226180e-02
1.0428090e-02
4.9928710e-03
-1.1061500e-03
-8.2878880e-03
-6.3189280e-03
-7.0243140e-04
6.4141240e-03
1.2284380e-02
1.6200580e-02
1.6745540e-02
1.9400930e-02
2.1716520e-02
2.4409920e-02
1.9966890e-02
1.1031050e-02
-4.2063420e-03
-1.7524790e-02
-2.7148620e-02
-2.9580110e-02
-2.2668890e-02
-1.5882140e-02
-8.7106380e-03
-3.9112760e-03
-1.4978240e-03
7.0773420e-04
4.2253210e-03
8.2587470e-03
1.1299380e-02
5.1800520e-03
1.5601970e-03
-6.1244130e-03
-1.0786700e-02
-9.7915690e-03
-3.2958900e-03
1.9209460e-03
-6.6934440e-03
-6.9318500e-03
2.6392120e-03
2.9471010e-03
-4.6130200e-03
-1.0006450e-02
-1.3287360e-02
-1.6506730e-02
-1.9743740e-02
-2.4420140e-02
-1.8754450e-02
-5.1189800e-03
1.0524580e-02
2.4281930e-02
3.5653500e-02
3.9651670e-02
3.2286460e-02
1.7008780e-02
-2.3749140e-03
-1.9765980e-02
-2.7553850e-02
-2.5113640e-02
-1.5939410e-02
-6.7315330e-03
-7.3491150e-04
2.4798920e-03
7.7757540e-03
1.5264480e-02
2.2628450e-02
2.0465380e-02
7.6982900e-03
-6.6232170e-03
-2.1485630e-02
-2.9005120e-02
-2.3354680e-02
-1.3556670e-02
2.3671790e-03
1.3955450e-02
1.8416190e-02
1.4894310e-02
8.9036070e-03
7.1108780e-03
7.5375530e-03
8.7536780e-03
1.3023850e-02
1.9062620e-02
1.5122670e-02
1.6526840e-02
1.5961950e-02
6.3874190e-03
-3.7046950e-03
-1.2538370e-02
-1.8960760e-02
-2.3401980e-02
-2.0266660e-02
-1.3028200e-02
-5.4238950e-03
6.8441380e-05
3.3008230e-03
1.0260600e-02
1.6245100e-02
1.4092450e-02
7.7656090e-03
1.0160650e-02
1.7805490e-02
2.5377100e-02
1.7492520e-02
7.5231260e-03
-3.3902990e-03
-1.2729550e-02
-1.7943730e-02
-1.3218430e-02
-8.5788950e-03
-1.4569940e-03
-2.5338290e-03
-9.3165910e-03
-1.7255230e-02
-2.2784100e-02
-1.6423240e-02
-8.1648610e-03
-1.8087300e-03
1.5374750e-03
2.4597620e-03
1.2374410e-03
-7.7765440e-05
-1.9385480e-03
-4.9403660e-03
-1.3154320e-02
-2.0343310e-02
-2.5137520e-02
-1.5523250e-02
-6.4052700e-03
7.9814190e-03
1.7959450e-02
2.1667770e-02
1.0000010e-02
-3.3513590e-03
-1.1628420e-02
-1.3527650e-02
-1.0889910e-02
-7.7978060e-03
-5.4502560e-03
-2.7015530e-03
1.1234170e-03
5.5653080e-03
1.1055910e-02
1.3992150e-02
1.0072050e-02
7.1139790e-03
1.7982290e-03
-3.0935470e-03
4.1472170e-03
1.0211340e-02
5.2984820e-03
2.4670960e-03
6.2628020e-03
2.6227340e-03
-2.8214120e-03
-9.2479890e-03
-1.0221410e-02
-4.4187320e-03
7.1216120e-04
5.0627830e-03
1.3541760e-02
8.6656000e-03
2.3840160e-03
-2.0124010e-03
-4.0676240e-03
2.6343960e-03
7.5665210e-03
8.9865030e-03
3.6226310e-03
-1.0146530e-03
-5.4857880e-03
-8.1437500e-03
-4.6536990e-03
-1.0309650e-03
5.0526760e-03
-9.4411060e-04
-1.5592700e-03
5.4116040e-03
1.0940400e-02
1.1812530e-02
6.9977470e-03
2.5271770e-03
7.8930490e-03
1.5666140e-02
1.7226240e-02
9.6317720e-03
3.8264770e-03
-1.7042400e-03
-6.0676800e-03
-9.4111460e-03
-1.4584200e-02
-1.2952290e-02
-7.8434780e-03
-7.2427470e-03
-1.1578360e-02
-1.6353410e-02
-1.6161250e-02
-1.1885910e-02
-9.7716000e-03
-4.8331490e-03
-4.8969220e-05
-2.8136240e-03
-7.3205770e-03
-7.6553170e-03
-6.1150700e-04
4.8118840e-03
3.5342580e-03
-2.1977670e-03
-4.5936440e-03
-7.3356850e-03
-1.0421250e-02
-8.9048570e-03
-2.1310260e-03
7.7741350e-03
1.5676460e-02
2.3924420e-02
2.1194660e-02
1.3507080e-02
8.2955140e-03
1.1138070e-04
-7.1502100e-03
-5.3958490e-03
2.6653010e-03
1.0116170e-02
1.6209960e-02
1.8624650e-02
1.1570730e-02
4.9569710e-03
-2.1155850e-03
1.9473060e-04
3.8674020e-03
-1.0847980e-03
-7.4031490e-03
-1.1877620e-02
-1.4347170e-02
-1.8076990e-02
-2.0881360e-02
-1.9489700e-02
-1.2683410e-02
-3.8360040e-03
3.9767090e-03
6.9745520e-03
2.2333550e-03
-8.0451770e-04
-4.6941360e-03
-1.4101080e-03
4.7304820e-03
9.8366200e-03
8.8891520e-03
3.7918130e-03
-5.1093930e-04
-6.5365530e-04
4.6723680e-03
1.0599940e-02
9.0039980e-03
3.7091660e-03
-1.4277860e-03
-3.7159030e-03
-5.5135590e-03
-1.5032110e-03
5.1158300e-03
1.4819640e-02
1.7876200e-02
1.0315620e-02
3.6334970e-03
-4.0463620e-03
-1.0547770e-02
-1.5067710e-02
-1.6282570e-02
-1.6051680e-02
-1.3558460e-02
-8.2509730e-03
2.4811920e-03
2.2584010e-03
-7.9623360e-03
-8.3210440e-03
-4.6884400e-03
-6.3469680e-04
4.7961220e-03
1.1999240e-02
1.7985210e-02
2.0146320e-02
1.3352140e-02
3.8344170e-03
-3.8026900e-03
-8.0490760e-03
-4.2582010e-03
-1.6863690e-03
2.1494340e-03
5.4029760e-03
9.4972290e-03
4.8129860e-03
1.9064280e-04
1.1466790e-03
3.0148490e-03
1.3208220e-03
-1.6907080e-03
-5.1961570e-03
-1.0219320e-02
-1.0222740e-02
-3.1179120e-03
6.1850590e-03
1.4017890e-02
2.0505640e-02
1.4910660e-02
9.9132010e-03
5.0216110e-03
6.6271080e-03
3.0269680e-03
-1.9131060e-03
-8.3080410e-03
-1.3776360e-02
-2.0316010e-02
-1.1044270e-02
-3.7396710e-03
6.3394230e-03
1.5017770e-02
1.3835080e-02
4.9086430e-03
-6.0359960e-03
-1.5862510e-02
-2.1416770e-02
-1.8971310e-02
-1.4530130e-02
-9.2006070e-03
-4.5374540e-03
1.2629170e-03
-2.2740500e-03
-3.4209090e-03
2.7772370e-03
6.6093390e-03
1.0328690e-02
4.3167530e-03
8.3140980e-04
-2.9750200e-03
-3.7749420e-03
-1.0074600e-03
1.7074950e-03
5.1511070e-03
2.3451140e-03
1.7777520e-03
-1.8104850e-03
5.8790970e-04
2.7502120e-03
2.7484170e-03
-1.6846080e-03
-4.0347750e-03
-9.4674050e-03
-8.1048680e-03
-1.5890620e-03
-2.5652600e-03
-5.4284910e-03
-9.2706880e-03
-1.0873800e-02
-6.0334040e-03
-2.6420040e-03
6.5320600e-04
1.1120620e-03
-8.6435290e-04
-4.5653930e-03
-9.4898040e-03
-8.1955120e-03
-2.3006380e-03
3.9347500e-03
8.5122860e-03
1.1185570e-02
4.9531010e-03
3.3320340e-03
7.7568500e-03
1.2407320e-02
7.7629710e-03
3.8126310e-03
-5.0044380e-04
-1.6651350e-03
1.1269280e-03
2.7494290e-03
1.8883100e-03
-3.5809600e-03
-7.0527940e-03
-1.1164950e-02
-1.5465650e-02
-2.1828210e-02
-1.6194590e-02
-8.9627530e-03
-3.7017180e-03
-4.1999310e-04
1.8325740e-03
2.0503240e-03
1.9928040e-03
3.1218550e-03
2.1335320e-03
2.0320270e-03
3.1365640e-03
3.2485690e-03
4.2932810e-03
3.1396080e-03
3.9804050e-03
4.5682640e-03
5.7726680e-03
5.0980840e-03
3.1340580e-03
-1.1791450e-04
-2.3313180e-03
-4.2909490e-03
-5.3980530e-03
-5.9046140e-03
-4.7370410e-03
-3.4038410e-03
-9.0591870e-04
-1.4100870e-04
-2.4648570e-04
1.2759060e-03
4.9301280e-03
1.1419620e-02
8.4608210e-03
1.2023240e-03
-4.2364480e-03
-1.1052140e-02
-1.0954940e-02
-5.2610880e-03
-1.6251720e-03
3.4326030e-03
1.1178890e-02
1.4587070e-02
7.5497020e-03
-6.8012650e-04
-6.1234730e-03
-9.8985220e-03
-1.3371890e-02
-1.4509900e-02
-1.2125110e-02
-9.5442040e-03
-7.2472330e-03
-5.2328600e-03
-1.2064800e-03
2.4568740e-03
7.0420040e-03
9.9727810e-03
2.5039680e-03
-2.5303910e-03
-9.1340960e-03
-1.0024460e-02
-3.8288750e-03
1.7094200e-03
7.2741680e-03
1.2762120e-02
1.1519520e-02
8.8037050e-03
5.8168890e-03
3.7238500e-03
1.7265970e-04
-2.4659200e-03
-6.2635560e-03
-1.1416560e-02
-8.5937660e-03
-1.6303320e-03
4.8155710e-03
1.0519710e-02
1.6928110e-02
1.3761190e-02
7.2428450e-03
-4.1430010e-04
-6.0807010e-03
-1.0748350e-02
-1.2124850e-02
-7.3703980e-03
-3.4129750e-03
2.1654580e-03
6.0689930e-03
1.3244990e-02
9.2681230e-03
1.2460870e-03
4.0620720e-03
6.8924720e-03
1.2657330e-02
1.2278380e-02
9.0534460e-03
3.5264160e-03
-1.9244530e-03
-7.4181060e-03
-1.1973790e-02
-1.1930040e-02
-4.6555480e-03
2.5829250e-03
1.0008810e-02
1.3938820e-02
1.3672000e-02
1.0880450e-02
5.8042760e-03
7.3853270e-04
-3.5027860e-03
-5.9656090e-03
-4.7416060e-03
-7.0124740e-03
-6.9491480e-03
-4.4030490e-03
-7.3732250e-04
1.9770000e-03
5.2179030e-03
9.7202580e-03
8.1554520e-03
1.2397990e-03
-2.6534410e-03
-6.8342950e-03
-1.2202530e-02
-1.1787440e-02
-8.5284120e-03
-5.3041680e-03
-2.8766060e-03
-1.6461620e-03
1.7451520e-03
3.5293110e-03
5.4393340e-03
4.2751090e-03
5.2700170e-03
5.2556150e-03
3.0670570e-03
3.0485730e-03
3.0125310e-03
2.9934820e-03
1.8437090e-03
3.1485140e-03
5.3667680e-03
8.5605040e-03
1.0995010e-02
9.3009990e-03
5.6017100e-03
3.1377200e-03
6.1094950e-04
-1.6374370e-03
-1.5416760e-03
-1.4195070e-03
-3.6255610e-03
-3.6961340e-03
-4.7302830e-03
-3.7589070e-03
-2.0447340e-03
4.2739750e-04
3.8623900e-03
8.2116150e-03
1.1904130e-02
9.4390070e-03
6.1451560e-03
4.4198850e-03
8.9064280e-03
1.4376930e-02
1.2062300e-02
7.5626330e-03
4.0019110e-03
1.1014800e-03
-1.5280950e-03
-3.6526590e-03
-3.7966780e-03
-4.0348190e-03
-4.9678360e-03
-5.8658950e-03
-6.0645750e-03
-6.7786950e-03
-7.3142830e-03
-6.1749560e-03
-8.0459930e-03
-8.4080190e-03
-7.8989960e-03
-6.3781980e-03
-5.0344210e-03
-3.8169500e-03
6.7914220e-04
7.0625170e-03
8.5270720e-03
1.6530000e-03
-8.8830340e-04
-1.5339090e-03
-1.5260870e-03
-1.5215300e-03
-1.5231240e-03
-1.5602180e-03
-8.7297140e-04
5.2466550e-04
-9.5668720e-04
-1.5467570e-03
-1.4940110e-03
-2.0292860e-03
-3.4950840e-03
-2.5667870e-03
-1.5202570e-03
-1.4446910e-03
1.2324250e-03
3.9114630e-03
6.6729350e-03
7.7881330e-03
7.9061570e-03
7.6937590e-03
6.3143060e-03
3.2038680e-03
1.6910010e-03
-7.2295690e-04
-2.6847440e-03
-7.1928620e-03
-1.1053480e-02
-1.1089250e-02
-7.3395180e-03
-5.1087770e-03
-4.9435830e-03
-3.8239900e-03
-3.8610020e-03
-2.1945180e-03
-1.2880830e-03
8.9634750e-04
1.4720260e-03
3.3505070e-03
5.5167370e-03
7.5844370e-03
7.6604280e-03
6.6347060e-03
5.7760140e-03
4.1245310e-03
8.4943920e-04
-4.6274980e-03
-6.1092010e-03
3.7855120e-04
3.4134400e-03
7.7845090e-03
8.6352990e-03
7.2025200e-03
3.7149190e-03
1.3684460e-03
-1.2641380e-03
-5.0833690e-03
-9.4203330e-03
-5.2388210e-03
-7.3367610e-04
3.0077250e-03
8.0264520e-03
9.9297250e-03
4.0904580e-03
-5.4132460e-04
-6.0012800e-03
-1.2153740e-02
-1.1396650e-02
-3.5353870e-03
3.1083320e-03
9.7317990e-03
1.1763340e-02
6.7428310e-03
2.0465430e-03
-5.5378540e-03
-1.2729910e-02
-1.7012560e-02
-1.1196780e-02
-8.1668510e-03
-6.0062610e-03
-4.7313530e-03
-3.7838970e-03
-2.9258570e-03
-5.1351880e-04
1.2149770e-03
5.3784590e-03
6.4173510e-03
4.6021870e-03
5.8460350e-04
-1.5468810e-03
-5.9053860e-03
-7.0234420e-03
-5.5645400e-03
-3.5646650e-03
-3.0032920e-04
6.8991690e-04
-3.2613160e-03
-5.9448660e-03
-6.9258700e-03
-9.4545850e-03
-1.2544470e-02
-1.6061590e-02
-1.5522440e-02
-8.8709110e-03
-3.4270130e-03
3.1706440e-03
9.4797400e-03
6.9244550e-03
3.7528560e-03
2.0048120e-04
1.6982800e-03
5.5350090e-03
6.5233260e-03
4.4359430e-03
1.0004260e-03
-1.4347040e-03
-3.6849180e-03
-5.9710380e-03
-1.0422330e-02
-1.5983520e-02
-1.5452920e-02
-8.4276020e-03
-4.1801620e-03
1.3211070e-03
4.5877980e-03
9.4584810e-03
1.2272450e-02
8.6401330e-03
3.6629580e-03
9.7480210e-04
-4.5226900e-03
-4.6663180e-03
-4.5247570e-04
1.3391020e-03
2.9270520e-03
3.4431320e-03
5.0181010e-03
7.6613000e-03
7.7809710e-03
8.0883180e-03
7.7492920e-03
8.3020730e-03
8.7471440e-03
7.0712410e-03
4.0571350e-03
-6.0205490e-05
-3.4984950e-03
-5.5749280e-04
4.3849220e-03
5.5784230e-03
3.6187140e-03
1.6558710e-03
1.9895490e-03
7.2809010e-03
9.1807840e-03
1.1080640e-02
9.5998030e-03
4.4221470e-03
-7.1207790e-04
-2.6347450e-03
-3.1243880e-03
-1.5055750e-03
-1.2843230e-03
-8.9732260e-04
-1.2839120e-03
-2.8303000e-03
-3.5791790e-03
-3.3802510e-03
-1.3126150e-03
-2.7769100e-04
1.1127300e-03
4.3410180e-04
-1.1290720e-03
-1.2365330e-03
-1.2982210e-03
-5.5581590e-05
2.6808380e-03
5.9669820e-03
1.0393150e-02
1.0926870e-02
7.2270970e-03
4.9516210e-03
1.8180330e-03
9.5219790e-04
-6.7012850e-05
1.1095030e-03
1.1794500e-03
-1.0698680e-03
-3.1842350e-03
-4.4577210e-03
-4.5391960e-03
-4.5345610e-03
-5.1870020e-03
-5.5877020e-03
-5.4600600e-03
-3.3676410e-03
-3.3759190e-03
-3.3296230e-03
-3.3794360e-03
-1.3523210e-03
-4.3949250e-03
-7.7592390e-03
-1.1653510e-02
-1.6466270e-02
-1.1931990e-02
-8.4690180e-03
-2.9403810e-03
3.8814550e-04
8.5892390e-03
7.3895830e-03
-2.5528580e-04
-2.8966450e-03
-4.1446390e-03
-3.2899110e-03
-3.1870310e-03
-3.0882710e-03
-1.5891060e-03
-1.1846770e-03
-8.9530300e-04
2.5714380e-04
1.4914300e-03
1.4358970e-03
1.4539800e-03
-7.2811340e-04
-1.2576950e-03
-3.1174490e-03
-3.0750180e-03
-3.0749570e-03
-2.9958520e-03
-4.0746980e-03
-3.0290640e-03
-7.8586270e-04
1.9578550e-03
4.6937300e-03
7.5983620e-03
1.0893350e-02
8.0783090e-03
4.0929460e-03
3.4465870e-04
-1.7195450e-03
3.1779670e-03
3.8511430e-03
4.9438750e-03
