0.01
7.9795530e-03
1.3675100e-02
1.4997150e-02
6.8495830e-03
-2.7097970e-04
-6.4413620e-03
-4.8227700e-03
-8.4762610e-04
-2.2034700e-03
-7.7268440e-03
-9.5729600e-03
-3.8273080e-03
3.0748810e-03
2.3347530e-03
-3.1356330e-03
-9.1001680e-03
-7.3581990e-03
-4.1548850e-04
5.7885770e-03
7.1370540e-03
-7.8702760e-04
-6.8985200e-03
-6.9252510e-03
-3.8154340e-03
-1.2124130e-03
-6.1616010e-03
-1.0210930e-02
-8.9720020e-03
-4.5678670e-03
1.6357460e-03
1.2209720e-02
1.6083290e-02
1.0382990e-02
-1.6230180e-03
-6.9661170e-04
8.3976760e-03
1.1162870e-02
3.0013100e-03
-2.6130680e-03
-7.2498800e-04
5.7755880e-03
7.8703000e-03
2.4267250e-03
-2.7791610e-03
2.4188330e-03
1.0699320e-02
1.0116400e-02
4.8295890e-03
7.4825640e-03
9.9368250e-03
7.2043510e-03
4.3598150e-04
-9.5882020e-03
-1.5778780e-02
-8.6576910e-03
3.6622720e-03
9.6704170e-03
2.3546340e-03
1.1510100e-03
6.4631860e-03
-6.8482650e-03
-1.9256320e-02
-1.5097940e-02
-7.4323920e-03
-2.2515710e-03
4.6861840e-03
1.0919880e-02
7.0065470e-03
-5.5286560e-03
-2.2881530e-04
7.8627280e-03
1.6240880e-02
1.5094420e-02
5.1789140e-03
7.3235890e-03
1.1743840e-02
3.9354060e-03
-5.3041920e-03
-5.6382460e-03
1.4060410e-03
7.7492200e-03
1.0462420e-02
7.3248460e-03
-1.2375470e-03
-7.9241760e-03
-1.0843860e-02
-1.3430260e-02
-1.7047770e-02
-1.2435360e-02
-3.3704080e-03
5.0143550e-03
6.7578570e-03
6.8313250e-03
2.1003890e-03
-5.0844190e-03
-1.0773390e-02
-8.2026740e-03
-4.6710710e-03
-1.1202960e-03
-6.9583670e-04
-1.0137660e-03
-3.2756850e-03
-6.5254090e-03
-3.0255970e-03
-1.1016030e-03
3.4405840e-03
9.9303400e-03
1.6763450e-02
1.7826700e-02
1.0477650e-02
4.4481720e-03
2.2239040e-03
7.3161620e-03
1.1580980e-02
1.1395800e-02
8.0614580e-03
3.1759220e-03
4.6236120e-04
-1.3054000e-04
6.7654030e-07
-9.6026140e-04
-2.5368650e-03
-5.9551890e-03
-7.0591390e-03
-1.0308740e-02
-1.3772120e-02
-1.4837360e-02
-1.0397370e-02
-2.7294190e-03
4.9714690e-03
6.4640480e-03
6.3490180e-04
-5.1698830e-03
-9.0063020e-03
-1.5396080e-02
-2.8055190e-02
3.1616410e-03
9.4398510e-03
3.7471310e-03
9.1819410e-03
1.1983910e-02
5.2941200e-03
-1.2938760e-02
-9.1662670e-03
3.0963610e-03
1.0066390e-02
8.1381110e-03
5.7134410e-03
1.1208730e-02
1.5350280e-02
1.1502880e-02
7.0071590e-03
5.4151590e-04
-8.0707570e-03
-1.7873200e-02
-2.7667880e-02
-3.2977100e-02
-3.5656580e-02
-3.9170760e-02
-4.4356280e-02
-4.5509600e-02
-4.7534390e-02
-5.1731690e-02
-5.9519380e-02
-6.6023550e-02
-6.9947780e-02
-7.1610680e-02
-6.9423940e-02
-6.5158840e-02
-6.0049720e-02
-5.4971260e-02
-5.0546060e-02
-5.1209990e-02
-5.4273290e-02
-4.4929440e-02
-1.3747530e-02
1.7197420e-02
3.6805440e-02
5.0553110e-02
5.9290380e-02
5.6615640e-02
4.9126440e-02
5.0985920e-02
5.5323300e-02
5.0147750e-02
3.4747620e-02
7.5030710e-03
-1.4350410e-02
-3.1480460e-02
-4.7120830e-02
-5.5324220e-02
-5.7205560e-02
-5.0953250e-02
-5.7758040e-02
-5.5861710e-02
-4.3618160e-02
-2.2136780e-02
-6.2960140e-04
2.3477510e-02
5.4923710e-02
8.6840910e-02
1.1896180e-01
1.3193560e-01
1.2967500e-01
1.2038880e-01
1.1388400e-01
1.1908460e-01
1.2350550e-01
1.2062470e-01
1.1437520e-01
1.0025250e-01
6.2384240e-02
-2.2528510e-02
-1.1192650e-01
-1.5122350e-01
-1.6132140e-01
-1.5776750e-01
-1.4863660e-01
-1.3393240e-01
-1.1155760e-01
-8.6461920e-02
-5.1443610e-02
-5.9854110e-03
3.4989630e-02
6.6467280e-02
9.3331710e-02
1.0748730e-01
1.0865050e-01
8.8894900e-02
5.9135850e-02
3.9270950e-02
3.6097870e-02
4.6825890e-02
5.0681060e-02
3.4981600e-02
6.2358360e-03
-1.3203440e-02
-7.5123230e-03
9.9571040e-03
2.4711000e-02
2.0586590e-02
-5.8009250e-04
-2.7691050e-02
-4.9913270e-02
-6.2179530e-02
-6.2452760e-02
-3.9397620e-02
-1.2461820e-02
1.2961880e-02
2.6637640e-02
2.0584740e-02
-1.7721800e-03
-2.7563220e-02
-4.8252530e-02
-6.1642190e-02
-5.5049780e-02
-4.5176320e-02
-3.6312270e-02
-2.8133590e-02
-1.6688250e-02
5.8867510e-03
2.9834060e-02
5.4095450e-02
7.0775460e-02
7.4630680e-02
7.8049980e-02
8.5602840e-02
7.5718660e-02
4.3915070e-02
1.3428510e-02
-2.3900660e-02
-5.9746410e-02
-9.0476220e-02
-1.0479070e-01
-8.9037890e-02
-5.0849000e-02
-1.1984490e-02
2.1790430e-02
4.1086420e-02
3.2939490e-02
1.5961440e-02
1.9178630e-03
-6.1977530e-04
7.2321670e-03
-1.5428690e-04
-1.6971140e-02
-4.2662430e-02
-5.5318070e-02
-3.7392550e-02
-9.5526520e-03
6.8915630e-03
1.5022030e-02
2.3787640e-02
3.7081430e-02
4.9398830e-02
5.2210540e-02
3.8540250e-02
1.8928280e-02
5.4040170e-03
-2.8396250e-03
-1.8981000e-03
1.3304240e-03
-4.8770060e-04
7.6155140e-03
1.6268640e-02
8.3132050e-03
-2.4180040e-02
-6.4288080e-02
-8.8454030e-02
-9.8206850e-02
-8.7261960e-02
-6.9964240e-02
-3.7952620e-02
-1.1579670e-03
4.3540340e-02
6.8148570e-02
5.5918620e-02
1.9683780e-02
-2.1661460e-02
-3.0326660e-02
-1.0616150e-02
5.7541900e-03
2.9859440e-03
-6.7894440e-03
-1.1137690e-02
-1.6566810e-02
-3.4088910e-02
-4.7293340e-02
-4.4771210e-02
-3.4930100e-02
-2.4115390e-02
-1.4156750e-02
-7.5549550e-03
-7.0368870e-03
-1.3211100e-02
-1.2312600e-02
-4.2856200e-03
-4.5255840e-03
-7.8604630e-03
-1.4382630e-02
-2.3402470e-02
-3.2127860e-02
-3.5689590e-02
-2.6670300e-02
-2.7805190e-02
-2.9672270e-02
-2.2223300e-02
-4.2538680e-04
2.4013590e-02
4.3903990e-02
5.0787380e-02
4.6375610e-02
4.1984770e-02
2.7686640e-02
1.3540580e-02
4.5144570e-03
7.9929920e-03
1.5655980e-02
2.5640560e-02
4.3998850e-02
6.2372510e-02
7.5036230e-02
7.7491100e-02
7.9001490e-02
7.8430160e-02
7.4608930e-02
6.8320540e-02
4.2626320e-02
7.5022550e-03
-2.2928810e-02
-2.5236830e-02
-4.3241370e-03
1.5664630e-02
1.5348500e-02
1.1339590e-03
-2.0732960e-02
-3.8075830e-02
-5.2680430e-02
-5.7674300e-02
-4.3182420e-02
-1.1332470e-02
2.1007890e-02
5.3998850e-02
7.4243980e-02
8.0961460e-02
7.6952730e-02
6.6421050e-02
4.1625970e-02
2.6313800e-03
-4.2562700e-02
-7.8794030e-02
-1.0618570e-01
-1.2306100e-01
-1.3498700e-01
-1.3850810e-01
-1.2558340e-01
-1.0856010e-01
-9.6013790e-02
-8.9637410e-02
-7.3366500e-02
-4.5138520e-02
-1.6846250e-02
5.7117510e-03
1.3422140e-02
2.8757930e-03
-6.8565990e-03
-2.9407930e-03
1.5138050e-02
3.5011980e-02
4.6570690e-02
5.0071640e-02
5.2452270e-02
6.0229150e-02
7.4316970e-02
9.1873770e-02
1.1037710e-01
1.2759850e-01
1.3968210e-01
1.4418590e-01
1.2953040e-01
7.6612590e-02
3.0084450e-02
1.0083360e-02
1.6234770e-02
2.7549130e-02
1.9363760e-02
-4.0366300e-03
-2.5362870e-02
-3.9999640e-02
-5.1513790e-02
-6.2350650e-02
-6.9157720e-02
-7.7416700e-02
-8.7634130e-02
-9.5595120e-02
-8.6685880e-02
-6.5597730e-02
-4.5893240e-02
-2.9313180e-02
-1.1165650e-02
9.7014190e-03
3.0667520e-02
4.8276780e-02
5.4277750e-02
5.5896890e-02
5.5249960e-02
4.9940840e-02
3.0329400e-02
1.8316280e-02
2.5439780e-02
4.6806130e-02
6.9383340e-02
8.5523680e-02
9.9108700e-02
1.0651880e-01
1.0116890e-01
6.3678850e-02
2.5086510e-03
-5.2363600e-02
-6.3925460e-02
-4.6489370e-02
-2.8122640e-02
-2.2977490e-02
-2.2559560e-02
-2.9022310e-02
-2.9506910e-02
-3.3946080e-02
-4.6246720e-02
-6.5005940e-02
-8.6600180e-02
-1.1122750e-01
-1.3230370e-01
-1.4399060e-01
-1.4232120e-01
-1.2018950e-01
-8.3616510e-02
-5.2669640e-02
-3.1475910e-02
-1.7398800e-02
-6.5518420e-03
1.0845730e-02
2.4130240e-02
3.0509080e-02
2.7334440e-02
2.2309860e-02
2.1474750e-02
2.8159800e-02
2.2439800e-02
1.1719990e-02
-1.4475360e-02
-4.7954080e-02
-6.9757900e-02
-6.8613180e-02
-4.2809460e-02
-8.1273280e-03
1.6672740e-02
3.4244890e-02
4.3826490e-02
6.0964090e-02
8.2408960e-02
1.0057380e-01
1.1435490e-01
1.1990370e-01
1.1367990e-01
1.1289230e-01
1.1744830e-01
1.0909040e-01
8.1227230e-02
4.5954570e-02
4.3820130e-03
-2.3142440e-02
-9.9850900e-03
1.5923250e-02
4.9642280e-02
7.6273320e-02
8.9176650e-02
8.9542210e-02
7.3529740e-02
3.0623020e-02
-4.3793650e-03
-2.3858750e-02
-1.1464280e-02
1.1927600e-02
3.2712170e-02
4.1487370e-02
3.3256530e-02
2.4744430e-02
1.5038870e-02
9.5314230e-03
6.0626410e-03
4.6289310e-03
1.9063720e-03
-6.1970030e-03
-2.7155290e-02
-4.9453520e-02
-6.0756590e-02
-6.2643760e-02
-6.1406090e-02
-6.8710630e-02
-7.9662390e-02
-8.7673150e-02
-9.5174330e-02
-9.5294750e-02
-9.1072260e-02
-9.4194570e-02
-9.8759190e-02
-8.9005700e-02
-5.6482440e-02
-1.6688070e-02
1.4160990e-02
1.8715900e-02
2.7073560e-04
-1.7229190e-02
-1.8698570e-02
5.2382960e-03
3.0956650e-02
5.4234300e-02
7.6898450e-02
8.8768000e-02
8.1302350e-02
5.6181460e-02
2.3844590e-02
5.7791040e-03
8.3159400e-03
2.5731880e-02
4.8954280e-02
7.7354030e-02
9.9907220e-02
1.0488570e-01
8.2471460e-02
3.8862620e-02
-1.5350650e-02
-3.5804730e-02
-3.2403910e-02
-8.5791070e-03
1.5539020e-02
3.0241110e-02
3.6159570e-02
2.7304840e-02
1.5454550e-02
-1.6584500e-03
-1.6528240e-02
-1.7925160e-02
1.7324300e-03
2.4731430e-02
3.7124220e-02
2.4459390e-02
-4.0830570e-03
-2.6583140e-02
-2.7496110e-02
-1.1548920e-02
1.2010520e-02
3.2148110e-02
4.4734720e-02
4.3156580e-02
3.3670410e-02
2.2335170e-02
1.5548000e-03
-2.5403780e-02
-4.6090310e-02
-3.9586110e-02
-2.4756390e-02
-1.5442480e-02
-1.6715660e-02
-2.9877390e-02
-2.7405380e-02
-1.9947660e-02
-1.8913700e-02
-2.5759430e-02
-2.5318430e-02
-1.1721750e-02
1.9309860e-03
5.6343530e-03
-1.0415600e-02
-2.5905390e-02
-3.0544940e-02
-2.1970580e-02
-1.1888790e-02
-4.0984170e-03
-1.9047200e-03
-1.5259050e-02
-3.4327440e-02
-4.9793320e-02
-5.7940570e-02
-6.4903570e-02
-6.8598780e-02
-6.2632640e-02
-4.9531380e-02
-3.1162900e-02
-1.3301070e-02
4.0145110e-03
2.2822540e-02
3.8098060e-02
4.7834150e-02
4.1349210e-02
2.5671870e-02
6.8516690e-03
-5.8166500e-03
-2.2965480e-03
8.7778220e-03
2.2311640e-02
3.4024500e-02
4.2322800e-02
4.2444470e-02
3.8500070e-02
3.0419680e-02
2.5334350e-02
1.6953920e-02
-5.3396800e-04
-1.9420890e-02
-3.6107450e-02
-4.3166200e-02
-4.6240720e-02
-4.2020800e-02
-3.3463770e-02
-2.3779300e-02
-1.6703700e-02
-1.6331470e-02
-2.9542240e-02
-5.2891760e-02
-6.9672020e-02
-7.0956340e-02
-5.2968200e-02
-2.5475440e-02
6.0986370e-03
2.9425270e-02
5.5243700e-02
6.3600810e-02
5.7751710e-02
4.7998680e-02
3.2787460e-02
1.5222450e-02
-2.1582810e-03
-1.4674470e-02
-2.7290100e-02
-3.0499450e-02
-2.0200760e-02
-1.7945150e-03
1.3326210e-02
1.7198430e-02
9.5380360e-03
-1.2781040e-02
-3.2882790e-02
-3.9569790e-02
-3.0721360e-02
-1.3291940e-02
6.5355310e-03
2.3933890e-02
3.2300490e-02
3.6649110e-02
4.1049610e-02
4.8494220e-02
5.5818110e-02
5.3963820e-02
4.0479870e-02
2.0684380e-02
2.8971070e-03
-7.6962990e-03
-1.8643120e-02
-3.1187690e-02
-4.2822520e-02
-4.2337970e-02
-3.3998910e-02
-2.7813340e-02
-3.4955090e-02
-3.2546590e-02
-1.9698130e-02
2.1007360e-03
2.0346730e-02
1.3479140e-02
-1.3684220e-02
-3.9893650e-02
-5.0029040e-02
-3.8643090e-02
-1.7776320e-02
7.9748750e-03
3.0227170e-02
4.0424070e-02
3.1563760e-02
1.4401980e-02
-2.4109520e-03
-1.0981120e-02
-2.1630250e-03
1.2035980e-02
2.5190540e-02
3.2816030e-02
3.3018060e-02
3.0184200e-02
2.2529270e-02
1.0046850e-02
-3.3677360e-03
-2.3316750e-02
-4.0691450e-02
-5.1319270e-02
-5.6682540e-02
-5.6816320e-02
-5.1757650e-02
-3.9283750e-02
-1.7494210e-02
4.2681160e-03
2.5886780e-02
4.0154710e-02
4.6746140e-02
4.4950070e-02
3.4171460e-02
2.0052380e-02
7.8330410e-03
-3.4189400e-03
-1.3302200e-02
-2.2414690e-02
-2.5400100e-02
-1.0164040e-02
1.1186610e-02
3.2351780e-02
5.1349650e-02
5.8146310e-02
5.4244240e-02
4.6673080e-02
2.8698410e-02
5.7900690e-03
-1.2017330e-02
-2.7087930e-02
-3.7190260e-02
-4.3144900e-02
-4.8688590e-02
-4.7929470e-02
-3.8481630e-02
-2.6490380e-02
-1.6663380e-02
-1.0294850e-02
-1.1185870e-02
-5.6676420e-03
-8.0261760e-03
-1.7255270e-02
-2.9316460e-02
-3.8405270e-02
-4.3242910e-02
-3.9549510e-02
-3.1747940e-02
-2.1301560e-02
-1.0430070e-02
4.5461430e-04
8.5616430e-03
1.3769880e-02
9.1609410e-03
2.5926260e-03
-3.3802090e-03
-7.6022830e-03
-1.1133310e-02
-7.2444920e-03
-1.5476580e-03
7.1125790e-03
1.5493260e-02
2.4543400e-02
3.3664640e-02
4.2856270e-02
4.7230510e-02
4.9323190e-02
5.1981550e-02
5.5863570e-02
5.5437990e-02
4.8296530e-02
4.0171130e-02
2.8204530e-02
1.8820140e-02
1.3984720e-02
1.8888910e-02
2.4920160e-02
2.0843720e-02
1.0446810e-02
-4.9652450e-03
-2.6663230e-02
-4.6304760e-02
-5.7582810e-02
-6.3829540e-02
-6.7590430e-02
-6.2260550e-02
-5.9386200e-02
-6.6655780e-02
-7.4572430e-02
-7.5137580e-02
-6.3446360e-02
-4.5911960e-02
-3.4209060e-02
-3.1475160e-02
-2.7529200e-02
-2.0001210e-02
-5.2287760e-03
5.9834320e-03
1.1891790e-02
1.2503040e-02
7.4396750e-03
1.0159810e-02
1.8397730e-02
2.9220360e-02
4.4361590e-02
5.7983050e-02
6.5385900e-02
7.0590910e-02
7.0790790e-02
6.8810350e-02
6.8468770e-02
6.2617930e-02
5.6049530e-02
3.9021520e-02
2.1735640e-02
1.0982500e-02
5.7509900e-03
1.8076770e-03
-4.4076200e-03
-1.1689980e-02
-1.8285570e-02
-2.1963560e-02
-2.4864170e-02
-2.8503980e-02
-2.9172240e-02
-2.8795880e-02
-2.5951030e-02
-2.3386020e-02
-2.2309070e-02
-2.1255600e-02
-2.1095500e-02
-2.0345260e-02
-1.8692940e-02
-1.4126400e-02
-6.5432850e-03
8.5212440e-04
-2.6199020e-03
-6.3084060e-03
-1.0290870e-02
-1.2945500e-02
-1.0569710e-02
-7.5124740e-03
-6.8305700e-03
-1.1393720e-02
-1.8108590e-02
-2.8574110e-02
-4.0223450e-02
-4.8280110e-02
-5.3986410e-02
-4.9207320e-02
-3.7746120e-02
-2.8094600e-02
-2.4265850e-02
-2.8305290e-02
-2.5414070e-02
-1.8642290e-02
-1.0033010e-02
-1.4291340e-04
9.7879550e-03
2.5636840e-02
4.2511370e-02
5.7607440e-02
6.5097600e-02
6.6959340e-02
6.3234630e-02
5.6388230e-02
4.9613160e-02
4.6138610e-02
5.0949160e-02
5.3916990e-02
5.0946110e-02
4.2819960e-02
3.2495370e-02
1.9232980e-02
9.0827560e-03
2.4986330e-03
1.6244400e-04
2.1845300e-03
8.0268230e-03
1.3981100e-02
2.1106530e-02
2.4171960e-02
1.9429970e-02
1.5007470e-02
1.4827340e-02
1.9012070e-02
1.6535080e-02
1.0730210e-02
3.1464550e-03
-7.1799660e-03
-1.4026340e-02
-2.1878190e-02
-2.5574890e-02
-2.8177260e-02
-2.8605920e-02
-2.7726910e-02
-2.8434680e-02
-2.9850400e-02
-3.4387190e-02
-3.1876760e-02
-2.3772320e-02
-1.5542700e-02
-1.4509330e-02
-1.8642970e-02
-2.2977790e-02
-2.0642780e-02
-1.6680510e-02
-1.1925450e-02
-9.6178290e-03
-1.2303880e-02
-1.4893940e-02
-1.4348720e-02
-1.2672770e-02
-1.0493350e-02
-8.1357390e-03
-9.6316540e-03
-1.2335120e-02
-1.5285070e-02
-1.9540770e-02
-2.5202020e-02
-2.5312570e-02
-1.5706490e-02
-3.4378380e-03
7.1498850e-03
1.1462520e-02
1.1910570e-02
6.9933060e-03
-9.4133920e-05
-6.6179090e-03
-1.0491180e-02
-1.6465160e-02
-1.8391750e-02
-1.7039350e-02
-1.2475080e-02
-1.0262620e-02
-1.0649440e-02
-1.5555070e-02
-2.0530780e-02
-2.3980890e-02
-1.7938470e-02
-8.3989620e-03
6.6178600e-03
2.1153310e-02
2.8318560e-02
3.1885630e-02
3.0846900e-02
2.7644840e-02
3.1341050e-02
3.5317920e-02
3.8673280e-02
4.3412090e-02
3.9793460e-02
3.4714290e-02
3.1075590e-02
2.2964830e-02
2.8434370e-02
3.3923130e-02
4.0240970e-02
4.7418180e-02
5.1186680e-02
4.7357300e-02
4.5755270e-02
4.4100590e-02
4.1417730e-02
3.6465170e-02
2.6785420e-02
1.7855390e-02
1.1774320e-02
6.4916340e-03
-8.9393640e-05
-6.6244250e-03
-1.3121910e-02
-1.6441200e-02
-1.9644040e-02
-2.4910260e-02
-2.8913350e-02
-3.5142480e-02
-3.3528120e-02
-2.8015180e-02
-2.1388710e-02
-1.4781300e-02
-9.7322610e-03
-6.7621110e-03
-4.6431400e-03
-3.9770500e-03
-3.6031340e-03
-2.5253530e-03
-2.5203160e-03
-4.9721240e-03
-7.5879820e-03
-9.1420330e-03
-9.6140760e-03
-1.1941310e-02
-1.2593210e-02
-1.1527190e-02
-7.7211660e-03
-7.8879460e-05
6.0569450e-03
1.0982780e-02
1.7987840e-02
2.0865500e-02
1.9046290e-02
1.1577800e-02
6.5015110e-03
3.4960720e-03
3.3399860e-03
1.4197680e-03
-1.5332590e-03
-5.2654880e-03
-8.8331060e-03
-1.0596320e-02
-1.4010450e-02
-1.6045670e-02
-1.6140370e-02
-1.4210790e-02
-9.1732280e-03
-3.2109160e-03
2.9514910e-03
9.4629530e-03
1.4841290e-02
2.0344650e-02
1.5392190e-02
9.9410900e-03
3.3162450e-03
-3.2778640e-03
-8.5552040e-03
-1.2705220e-02
-1.5963520e-02
-2.0387260e-02
-1.5160380e-02
-1.0497580e-02
-5.0766540e-03
-1.1025610e-03
-2.8336380e-03
-8.2225520e-03
-6.0585100e-03
-3.0620330e-03
-8.4944480e-03
-1.3342910e-02
-1.3215570e-02
-7.7773190e-03
-3.5922670e-03
-1.5943050e-03
-2.8976380e-03
-3.7385950e-03
-4.8457840e-03
-7.8160400e-03
-1.3964870e-02
-1.9801220e-02
-2.2536470e-02
-2.2244140e-02
-2.1950120e-02
-1.9832880e-02
-1.9895670e-02
-1.9644030e-02
-1.7865610e-02
-1.7368040e-02
-1.5928220e-02
-1.2447260e-02
-8.0284280e-03
-1.5047430e-03
3.8803590e-03
7.9927930e-03
1.0620320e-02
1.0295640e-02
7.8656090e-03
5.5131000e-03
1.1729320e-03
-2.7329910e-03
-5.9491310e-03
-8.9680950e-03
-1.1746670e-02
-1.5301980e-02
-1.7193180e-02
-1.7211430e-02
-1.6017270e-02
-1.2534980e-02
-8.1685150e-03
-3.7940490e-03
2.8632050e-04
2.8415950e-03
3.2579800e-03
4.2961110e-03
5.1016570e-03
6.8377390e-03
1.0654710e-02
1.3284370e-02
1.6013390e-02
1.7060530e-02
1.7031190e-02
1.6984460e-02
1.8751570e-02
1.9548480e-02
2.1747290e-02
2.2685390e-02
2.2619640e-02
2.0829020e-02
1.5820140e-02
1.0968780e-02
7.2096370e-03
5.5477190e-03
5.5828470e-03
5.5944560e-03
5.6906380e-03
7.0161900e-03
7.9229120e-03
7.8637770e-03
7.8817630e-03
7.9859650e-03
8.0812480e-03
7.8358510e-03
7.6617470e-03
5.3195590e-03
1.2574610e-03
-4.0652230e-03
-8.3010190e-03
-8.7771620e-03
-9.4827780e-03
-1.0668000e-02
-1.3679450e-02
-1.9879120e-02
-1.9375200e-02
-1.2755590e-02
-5.2462680e-03
-2.4721380e-04
9.5868980e-04
2.0738790e-03
-1.1686020e-04
-1.9177770e-03
-3.5811960e-03
-5.6613160e-03
-6.1561590e-03
7.9393170e-05
4.8496460e-03
9.8085340e-03
1.4633540e-02
1.6400620e-02
1.5051800e-02
1.0043540e-02
6.7218000e-03
3.3343610e-03
4.3460440e-03
7.3259230e-03
9.2620050e-03
6.3240120e-03
5.5639510e-03
9.1172240e-03
1.3658040e-02
1.8128790e-02
2.0959930e-02
2.3511910e-02
2.7514510e-02
3.1373550e-02
3.4128950e-02
3.1326580e-02
2.5363130e-02
1.7250150e-02
8.9113080e-03
1.5577980e-03
-6.2265540e-03
-1.2649890e-02
-1.4769670e-02
-1.6072150e-02
-1.6132040e-02
-1.5144450e-02
-1.6779120e-02
-1.8731840e-02
-2.1042780e-02
-2.3531960e-02
-2.6075780e-02
-2.9373680e-02
-3.3010290e-02
-3.4593290e-02
-3.3524040e-02
-3.0722830e-02
-2.9953420e-02
-2.9971310e-02
-3.0075020e-02
-3.1170150e-02
-3.2231880e-02
-3.2354950e-02
-3.3102800e-02
-3.0664210e-02
-2.6329710e-02
-2.1452400e-02
-1.8825920e-02
-1.7523910e-02
-1.6799730e-02
-1.5208240e-02
-1.4698080e-02
-1.3094550e-02
-1.2770560e-02
-1.2882820e-02
-1.1030830e-02
-7.7467080e-03
-3.3542340e-03
9.3702060e-04
2.6190710e-03
4.2861940e-03
6.1337990e-03
9.3030450e-03
1.1493840e-02
1.2918320e-02
1.2556520e-02
1.2550410e-02
1.0880810e-02
1.1132860e-02
1.3876580e-02
1.8498180e-02
2.1813840e-02
2.3960850e-02
2.3968620e-02
2.3992010e-02
2.3964900e-02
2.5037190e-02
2.6740760e-02
2.9923470e-02
3.2296200e-02
3.4898460e-02
3.6363960e-02
3.6688570e-02
3.6747430e-02
3.5719450e-02
3.2963420e-02
2.9102980e-02
2.5266050e-02
2.3722190e-02
2.2251490e-02
1.8802470e-02
1.3873270e-02
7.2736720e-03
1.8608570e-03
-1.7528930e-03
-2.1024720e-03
-1.9694960e-03
-8.3761330e-04
-5.4458980e-04
-2.4763550e-03
-5.1727820e-03
-8.8902230e-03
-1.1288740e-02
-1.3303300e-02
-1.4400710e-02
-1.3357900e-02
-1.0290560e-02
-5.9018340e-03
-1.5997800e-03
4.3596610e-03
6.1083560e-03
1.2082180e-03
-3.3800400e-03
-8.0525590e-03
-1.3467840e-02
-1.8032140e-02
-2.0649540e-02
-2.0871570e-02
-2.0909090e-02
-2.1071000e-02
-2.2170130e-02
-2.0361330e-02
-1.5970510e-02
-1.0321360e-02
-7.0226260e-03
-4.9262690e-03
-1.4222830e-03
2.3680130e-03
4.4878440e-03
4.5777630e-03
3.1962960e-03
2.2814260e-03
2.4145050e-03
3.5404310e-03
3.4237810e-03
4.5609460e-03
4.6503870e-03
6.7512460e-03
7.3437390e-03
7.6299710e-03
4.7980960e-03
4.0163820e-04
-5.0130740e-03
-9.2068820e-03
-9.5332990e-03
-7.4929140e-03
-3.8831310e-03
-4.5949700e-03
-9.9997970e-03
-1.4306230e-02
-1.9799960e-02
-2.1020400e-02
-1.5327170e-02
-8.5915490e-03
-2.6986500e-03
2.8388540e-03
7.0798230e-03
9.7951140e-03
1.0564810e-02
1.1625020e-02
1.2165180e-02
1.3705650e-02
1.5335130e-02
1.8089430e-02
1.8454680e-02
1.6278860e-02
1.4095770e-02
1.3490700e-02
1.1446530e-02
1.0259700e-02
6.9695030e-03
4.8576630e-03
2.5853430e-03
4.2240200e-03
4.8752160e-03
7.0807380e-03
6.9751560e-03
5.6710550e-03
1.7393700e-03
-2.0899830e-03
-5.9290980e-03
-8.7220210e-03
-1.1394260e-02
-1.0370120e-02
-8.4570240e-03
-6.0193710e-03
-4.0300640e-03
-3.3559610e-03
-1.7542830e-03
1.1225040e-03
3.5241860e-03
3.4325700e-03
3.3016800e-03
4.3550990e-03
4.3970510e-03
2.1387440e-03
-2.1584290e-03
-6.4343450e-03
-8.3040420e-03
-9.9206720e-03
-1.2740710e-02
-1.4288200e-02
-9.9247800e-03
-4.8807140e-03
-4.2555500e-03
-7.8701100e-03
-1.0790040e-02
-1.2807490e-02
-9.3762340e-03
-3.9494630e-03
4.3266060e-04
2.3578880e-03
4.4341760e-03
3.4718790e-03
4.3893450e-03
5.0186020e-03
8.8195800e-03
1.2635020e-02
1.6696940e-02
1.3314290e-02
1.0429980e-02
8.6480260e-03
4.9641220e-03
4.2068540e-03
7.4408550e-03
1.1549320e-02
1.3706920e-02
9.5214830e-03
5.2600070e-03
2.0919840e-03
-2.9650630e-04
1.6498850e-03
4.5740840e-03
7.7001430e-03
9.7574190e-03
1.0289420e-02
1.1183110e-02
1.2221200e-02
1.2192380e-02
1.0259710e-02
8.8160940e-03
9.3082330e-03
8.7616390e-03
7.2880710e-03
3.6202500e-03
-7.8018630e-04
-4.4563740e-03
-7.0972300e-03
-7.6579310e-03
-7.8291200e-03
-4.9789410e-03
-1.5656460e-03
-4.2663800e-04
8.2604330e-04
1.7280550e-03
1.3513430e-03
5.7123240e-04
-3.6212740e-04
-2.3285010e-03
-3.8198720e-03
-7.5040460e-03
-1.1807850e-02
-1.6187460e-02
-2.0864010e-02
-2.3745810e-02
-2.7021420e-02
-2.8160400e-02
-2.9025170e-02
-2.7428790e-02
-2.4870980e-02
-2.3661630e-02
-2.1718520e-02
-2.1182200e-02
-1.8556880e-02
-1.7058830e-02
-1.3272080e-02
-9.9738450e-03
-6.6280700e-03
-6.1083090e-03
-5.8780850e-03
-6.6687080e-03
-9.2240730e-03
-1.1814500e-02
-1.3346910e-02
-1.3316760e-02
-1.3251020e-02
-1.4357760e-02
-1.5047690e-02
-1.6811420e-02
-1.6808200e-02
-1.6285420e-02
-1.3757670e-02
-1.2005790e-02
-1.0409070e-02
-8.9222470e-03
-7.7251690e-03
-6.4770800e-03
-7.5608340e-03
-8.2284440e-03
-1.1028570e-02
-1.2617050e-02
-1.4575120e-02
-1.4666580e-02
-1.2531260e-02
-9.9409690e-03
-5.6787590e-03
-1.3686510e-03
3.3059770e-03
5.9736480e-03
8.6965480e-03
9.5326550e-03
1.0575150e-02
1.1574680e-02
1.2474340e-02
1.2832400e-02
1.2258870e-02
1.0484050e-02
1.0301120e-02
8.2684290e-03
7.2300210e-03
5.5890420e-03
3.6411610e-03
3.6593810e-03
3.5751860e-03
4.9503920e-03
7.0772170e-03
1.2266390e-02
1.9111860e-02
2.3216800e-02
2.7014480e-02
2.9608260e-02
3.4367890e-02
3.3875060e-02
2.9894640e-02
2.7561800e-02
2.4293810e-02
1.9848800e-02
2.1160100e-02
2.5996050e-02
2.9869650e-02
3.3651880e-02
3.7371220e-02
3.8894050e-02
3.4586400e-02
2.7372070e-02
2.2003100e-02
1.7280710e-02
1.5674410e-02
1.8450360e-02
2.1807850e-02
2.2925820e-02
2.0426400e-02
1.5609600e-02
1.3061580e-02
8.3704420e-03
6.0944730e-03
5.9177560e-03
5.4765380e-03
3.5195360e-03
1.7089580e-03
3.1282520e-04
1.7890680e-04
-8.1332440e-04
-2.9599660e-03
-4.8636560e-03
-5.5049140e-03
-5.1654560e-03
-3.1138590e-03
1.6303760e-04
1.4195790e-03
1.3296090e-03
1.1522370e-03
-1.0683400e-03
-9.2286410e-04
-3.0067210e-03
-5.7472480e-03
-7.9371700e-03
-1.0208280e-02
-1.2280140e-02
-1.3092790e-02
-1.3635350e-02
-1.4688290e-02
-1.4595530e-02
-1.4472650e-02
-1.1826420e-02
-1.0126310e-02
-7.4394810e-03
-5.4401130e-03
-4.1957110e-03
-1.8221510e-03
-2.5980760e-04
3.1051690e-04
2.6577820e-04
-9.4117750e-04
-3.2155090e-03
-5.7094840e-03
-7.7837860e-03
-8.9860850e-03
-1.0408270e-02
-1.2250290e-02
-1.3373040e-02
-1.4631360e-02
-1.3738670e-02
-1.2229360e-02
-1.2206080e-02
-1.4006270e-02
-1.2096870e-02
-1.2157780e-02
-9.9344410e-03
-9.6471110e-03
-7.5674460e-03
-4.3717040e-03
-5.3979850e-04
1.4820720e-03
3.6958730e-03
4.1887290e-03
4.9411860e-03
2.5711930e-03
4.7295930e-04
-1.7880020e-03
-3.1230440e-03
-3.0591190e-03
-3.0524980e-03
-3.0675830e-03
-3.1411660e-03
-4.3686670e-03
-4.3813170e-03
-1.5702010e-03
1.5943960e-03
3.7376290e-03
4.5314680e-03
3.7843250e-03
3.8482170e-03
3.8485910e-03
3.8681180e-03
3.8562710e-03
5.9766090e-03
6.1265930e-03
6.1950110e-03
4.9795220e-03
3.7554310e-03
1.5949760e-03
1.5920780e-03
1.5703590e-03
1.5701170e-03
1.6057480e-03
1.6887360e-03
3.9022750e-03
3.8230890e-03
5.6845160e-03
6.3907180e-03
8.5699650e-03
1.0306580e-02
1.0734200e-02
1.0835180e-02
9.1217560e-03
8.4392480e-03
8.4557740e-03
6.5384350e-03
4.1728230e-03
5.6793130e-04
-2.6888120e-03
-5.2469440e-03
-4.4610970e-03
-2.8845670e-03
-3.2093810e-04
1.1371150e-03
2.4341770e-03
1.5162040e-03
6.1753110e-04
-7.8051650e-04
-7.2461010e-04
-7.2128360e-04
-7.4266600e-04
-7.3171490e-04
-2.8871160e-03
-3.4235610e-03
-4.3467920e-03
-4.1548470e-03
-2.8910720e-03
-7.7995550e-04
2.4349190e-03
5.9220750e-03
7.2844500e-03
7.2888790e-03
5.5768950e-03
1.8827820e-03
-2.4678810e-03
-5.9911870e-03
-9.6801060e-03
-1.0946820e-02
-1.1128710e-02
-1.2282320e-02
-1.1078950e-02
-1.0856200e-02
-8.6505100e-03
-7.6802090e-03
-7.6468210e-03
-7.6338900e-03
-7.6756200e-03
-6.5465980e-03
-4.1752710e-03
-1.9328560e-03
4.5680960e-04
1.5831060e-03
5.0717850e-04
2.4088190e-04
-2.1133600e-04
2.5616540e-04
-8.3830650e-04
-1.5534840e-03
-3.2027970e-03
-5.4347830e-03
-7.7777900e-03
-1.0014840e-02
-9.9343090e-03
-9.9350230e-03
-9.9364600e-03
-9.9370370e-03
-9.8887890e-03
-1.0976910e-02
-1.2966890e-02
-1.4674760e-02
-1.5291170e-02
-1.4511560e-02
-1.4745130e-02
-1.5226370e-02
-1.4591810e-02
-1.3259130e-02
-1.1549240e-02
-9.8282740e-03
-9.1315870e-03
-9.7485580e-03
-1.1301240e-02
-1.3909860e-02
-1.4621890e-02
-1.4443860e-02
-1.2943800e-02
-1.1433230e-02
-1.0933400e-02
-8.9653270e-03
-7.9250200e-03
-5.1789840e-03
-2.5086440e-03
1.1570770e-04
1.5473210e-04
1.0400570e-04
1.1973990e-03
1.3317280e-03
4.6740610e-04
-9.1129090e-04
-1.1437010e-03
-1.1431310e-03
-9.7151250e-04
1.1852460e-03
2.5818790e-03
3.7073740e-03
5.8445200e-03
6.3544800e-03
6.4449250e-03
5.7397090e-03
5.7945310e-03
5.7868300e-03
5.7794940e-03
5.7896200e-03
5.9425280e-03
7.4974820e-03
7.9615210e-03
6.8471390e-03
6.9982970e-03
8.1882980e-03
1.0308420e-02
1.0286430e-02
1.0001870e-02
9.1015300e-03
9.1304700e-03
9.1054500e-03
7.9968950e-03
7.9922650e-03
7.9764110e-03
7.9710730e-03
7.9647930e-03
7.9664730e-03
7.9723310e-03
7.9216720e-03
8.9287150e-03
9.1243910e-03
1.0184310e-02
9.0868520e-03
9.1207280e-03
8.0362230e-03
8.0839290e-03
8.4029590e-03
9.0512740e-03
9.6112810e-03
1.0177120e-02
7.9470030e-03
8.0843930e-03
8.0962250e-03
8.1035100e-03
8.1136140e-03
8.1191670e-03
8.1514560e-03
8.2992420e-03
8.2838510e-03
8.0793890e-03
6.9638250e-03
7.0031620e-03
6.9227840e-03
5.8687050e-03
5.2268650e-03
3.7176890e-03
3.5814990e-03
2.4352910e-03
-1.0033430e-04
-9.3402410e-04
-9.0014750e-04
-9.1030620e-04
-9.3579250e-04
-3.1513180e-03
-4.3178960e-03
-5.4487850e-03
-5.4314910e-03
-5.4457440e-03
-7.6392460e-03
-7.6455490e-03
-7.6754370e-03
-7.2442900e-03
-4.7009250e-03
-1.4025880e-03
2.1088840e-03
4.7031130e-03
5.9743190e-03
6.9577080e-03
7.3118650e-03
6.2249160e-03
6.2291170e-03
5.8158650e-03
5.2595210e-03
3.8634300e-03
3.9437440e-03
3.9509230e-03
3.9527220e-03
3.8952320e-03
4.9988410e-03
6.2635240e-03
7.5224780e-03
8.6217430e-03
8.6334450e-03
7.5542340e-03
6.8909060e-03
6.2491620e-03
6.3151310e-03
4.5129610e-03
2.8271540e-03
1.7344080e-03
9.1941540e-04
-4.3832880e-04
-4.6190680e-04
-1.5761660e-03
-1.6856270e-03
-1.7230430e-03
-3.9216790e-03
-3.8543280e-03
-4.8328830e-03
-3.8701340e-03
-4.0289580e-03
-2.9195170e-03
-3.9117870e-03
-5.9592540e-03
-7.6448780e-03
-9.4755800e-03
-1.2041160e-02
-1.3602190e-02
-1.4360880e-02
-1.2974920e-02
-1.1421120e-02
-8.6991170e-03
-6.3801590e-03
-4.3535870e-03
-4.0589080e-03
-4.0524610e-03
-4.0638230e-03
-4.0710300e-03
-4.0885160e-03
-4.0634830e-03
-5.0454010e-03
-4.8648490e-03
-5.0484330e-03
-5.9350590e-03
-7.4404800e-03
-9.2427020e-03
-1.1039760e-02
-1.1016020e-02
-9.0513750e-03
-6.4407590e-03
-4.2995760e-03
-3.1674530e-03
-2.0433400e-03
-1.9662960e-03
-1.9683180e-03
-1.4962200e-03
-6.9533040e-04
5.9959010e-04
1.3399160e-03
3.3541210e-03
3.6152190e-03
5.5680650e-03
6.1045100e-03
7.7692940e-03
7.3942910e-03
8.2531870e-03
8.1512280e-03
8.1402580e-03
8.1509830e-03
7.1108870e-03
5.7373270e-03
5.7743470e-03
5.8033550e-03
4.7090700e-03
3.6591940e-03
1.9780860e-03
5.0201350e-04
-1.0470990e-03
-1.1581050e-03
-1.1095320e-03
3.3316950e-06
4.3743860e-04
8.9464040e-04
-1.9794730e-04
-1.4864670e-04
-3.5648320e-04
-9.1931640e-04
-3.0814640e-04
-1.2092080e-03
-2.5933220e-04
-1.3375020e-03
-2.3399540e-03
-3.3721520e-03
-2.5500480e-03
-1.2635840e-03
9.8814650e-04
9.2719920e-04
9.9770470e-04
-1.2960440e-04
-2.7175700e-04
-1.4076840e-03
-1.3844130e-03
-1.4053540e-03
-1.6532160e-03
-1.6423020e-03
-3.7478220e-03
-3.0507900e-03
-7.1442110e-04
7.5042370e-04
8.2432140e-04
8.2268920e-04
5.3033190e-04
-7.5144100e-04
-1.1645640e-03
1.0011900e-04
2.4354690e-03
3.5471120e-03
5.5251180e-03
7.4663120e-03
7.6401810e-03
6.4974690e-03
5.3604150e-03
5.3367800e-03
4.1383580e-03
3.0485540e-03
1.9398930e-03
3.0155920e-03
1.6067330e-03
7.9702160e-04
8.1110080e-04
-2.9878960e-04
-1.3669120e-03
-2.6608030e-04
-1.3726980e-03
-2.4794190e-03
-3.1136490e-03
-3.9247610e-03
-5.2635720e-03
-7.2112280e-03
-7.1901870e-03
-7.2022390e-03
-7.1356910e-03
-8.2608530e-03
-7.7353030e-03
-7.1319290e-03
-4.6254240e-03
-3.0397690e-03
-2.6199870e-03
-2.6331660e-03
-2.6271340e-03
-2.6362860e-03
-1.6236760e-03
-6.1597590e-04
-2.0142550e-03
-2.6773280e-03
-2.6584340e-03
-2.7642840e-03
-3.0391130e-03
-4.1312960e-03
-4.8508490e-03
-4.7894990e-03
-3.8450860e-03
-3.6537560e-03
-3.6289390e-03
-4.3276020e-03
-6.2284700e-03
-7.5125840e-03
-8.9896860e-03
-1.0647580e-02
-1.0855890e-02
-9.9913100e-03
-9.5323700e-03
-8.4275450e-03
-7.3272860e-03
-6.0025070e-03
-4.3642440e-03
-1.8404280e-03
8.3425330e-04
3.5525180e-03
6.1600230e-03
7.9280540e-03
8.8156580e-03
8.9598670e-03
9.9835700e-03
1.0059620e-02
7.8356990e-03
