0.01
-1.8850330e-03
-1.3611620e-02
-1.3883190e-02
1.1413880e-03
1.4132390e-02
1.3857500e-02
5.9181710e-03
-8.9694280e-03
-2.1325780e-02
-1.7110950e-02
6.2012610e-04
1.1799420e-02
-3.9497970e-04
-1.6041000e-02
-8.5835180e-03
1.1388050e-03
1.7656930e-02
1.7662680e-02
5.2967890e-03
-9.6867170e-03
-3.0257700e-03
7.5640040e-03
1.8738640e-02
1.7074830e-02
5.0380230e-03
1.4327060e-02
1.7691260e-02
7.2270900e-03
1.0819460e-02
2.1220200e-02
7.4363510e-03
-4.3246870e-03
-2.7055940e-02
-2.3398770e-02
-9.0915630e-03
2.1865220e-03
1.1635750e-02
1.9554890e-02
5.9868030e-03
-1.7142230e-02
-2.1692620e-02
-7.1354660e-03
8.3565590e-03
2.2685380e-03
-1.5373490e-02
-2.6401480e-02
-1.5728480e-02
-1.7971310e-02
-1.4199440e-02
-2.4085270e-02
-1.2150530e-02
7.0216570e-04
9.1426500e-03
2.3161950e-02
1.7595580e-02
3.7745770e-03
-1.4123810e-02
-8.7851840e-03
1.6065270e-03
1.2493970e-02
2.0572010e-02
1.8106880e-02
7.7391830e-03
5.3972490e-03
1.8668740e-02
2.1697830e-02
7.4409240e-03
-9.5091040e-03
-1.7517760e-02
-1.0452910e-02
-9.2071740e-04
4.8413800e-03
1.2924860e-02
1.9528280e-02
1.0247340e-02
-1.0853370e-02
1.1429500e-02
5.9020340e-03
-1.5096620e-02
-3.1149790e-02
-3.9167420e-02
-2.3580370e-02
-1.5574350e-02
-1.1573140e-03
1.4827980e-02
1.8781110e-02
2.4481140e-03
-1.7870960e-02
-1.0638640e-02
1.3732890e-03
1.2266670e-02
1.5021180e-02
2.6564710e-03
-8.6634950e-03
-6.7425910e-03
7.0180210e-03
1.9856900e-02
3.4860270e-02
3.4698630e-02
1.7324750e-02
3.9520670e-03
-2.7122280e-03
-1.6117000e-02
-2.7715570e-02
-9.2200870e-03
2.3063290e-03
-1.4171760e-02
-1.0144230e-02
3.7603180e-03
1.9606390e-02
4.4230650e-02
3.2775400e-02
5.4355290e-03
-1.0101360e-02
-2.2467790e-02
-4.0878910e-02
-3.6415750e-02
-1.5226080e-02
9.3473610e-03
2.7870330e-02
4.0065770e-02
3.8832340e-02
2.4259180e-02
8.4291840e-03
-5.2668600e-03
-2.0875100e-02
-4.1171170e-02
-6.7576730e-02
-7.2736150e-02
-3.6969600e-02
3.5208340e-03
1.7699430e-02
3.3583450e-02
5.3431780e-02
4.4251040e-02
2.5977510e-02
1.1721930e-02
2.1686170e-03
-1.2249450e-02
-1.9163280e-02
-2.3825750e-02
-2.5872510e-02
-9.9008650e-03
1.1343910e-02
2.7920010e-02
3.5240480e-02
3.8815290e-02
3.6501970e-02
-5.1390230e-04
-3.4156400e-02
-3.6849530e-02
-2.7058310e-02
-4.9022180e-02
-5.6667210e-02
-4.8892560e-02
-3.8378740e-02
-4.3051600e-04
2.7589560e-02
4.4034980e-02
4.3807400e-02
2.8017910e-02
1.1134710e-02
-1.0777640e-02
-2.3661460e-02
-9.7271460e-03
-1.7406430e-02
-2.7066600e-02
-1.0348330e-02
3.6918040e-03
1.1486320e-02
1.9564230e-02
3.1972720e-02
4.8003360e-02
2.2362620e-02
-1.5636950e-02
-5.3049290e-02
-2.5187910e-02
-6.4830660e-03
6.3071240e-03
1.9695670e-02
2.8312570e-02
7.7467350e-03
-3.1139330e-03
-6.9978680e-04
-6.1855370e-03
-1.9761400e-02
-8.5243230e-03
-2.9060350e-02
-4.5873870e-02
-2.9592060e-02
-1.0267310e-02
1.3219890e-02
9.8808030e-03
-2.9917040e-03
-1.6013830e-02
-1.3529760e-02
-5.1723850e-04
-3.8638220e-04
-7.6350140e-03
8.3532280e-03
3.1065030e-02
5.3900270e-02
6.0568070e-02
3.5097070e-02
8.9920210e-03
2.3548450e-02
-3.2457790e-03
9.5560860e-03
8.3808090e-03
-5.1058860e-03
-1.1569080e-02
-7.5305300e-03
-2.5135740e-02
-2.1099790e-02
-2.8968540e-03
9.1638830e-03
2.7538640e-02
1.7171790e-02
-1.5508330e-02
-4.6508270e-02
-4.4846850e-02
-2.3024270e-02
-5.7537860e-03
-1.5288120e-02
-2.4988840e-02
-1.0073650e-02
-2.4491000e-02
-1.4833320e-02
1.2714690e-02
3.9782430e-02
6.6761620e-02
8.6790190e-02
6.9627540e-02
3.2099600e-02
-4.5802010e-03
-4.9837700e-02
-7.8898420e-02
-7.9411980e-02
-5.6316240e-02
-2.1140860e-02
1.3605860e-02
4.8498770e-02
7.2097380e-02
8.7338260e-02
7.4010630e-02
5.4021150e-02
7.6947640e-02
6.8677980e-02
3.4403370e-02
1.1004610e-02
2.3216560e-02
4.3290240e-02
4.0637550e-02
1.7516320e-02
-2.8275980e-03
-2.3270190e-02
-6.2051110e-02
-8.7313500e-02
-9.5350290e-02
-7.9281350e-02
-6.4131150e-02
-3.3861150e-02
7.7634860e-03
2.3673610e-02
1.2657320e-02
4.1251590e-02
7.1688770e-02
9.4589590e-02
7.3738920e-02
3.5360130e-02
-1.9080530e-02
-6.0791100e-02
-7.7541910e-02
-6.6861230e-02
-3.8101590e-02
2.3313690e-04
3.0696290e-02
1.4910290e-02
4.4891560e-02
9.1633030e-02
1.2044660e-01
1.0498840e-01
2.9167710e-02
-7.3935820e-02
-1.0982580e-01
-3.5234350e-02
2.1555970e-02
4.9187920e-02
-5.9620210e-03
-3.8026920e-02
-1.8314770e-02
5.3975110e-03
3.0234920e-02
2.4514530e-02
-1.9831730e-02
-2.4366460e-03
-4.7907950e-03
-5.0612740e-02
-7.1684290e-02
-3.6058940e-02
5.5947640e-03
3.2793380e-02
2.5887120e-02
6.1210730e-04
-2.9363100e-02
-7.8734850e-02
-1.1460800e-01
-7.7698010e-02
-4.3226530e-02
-4.2533580e-02
-3.7546330e-02
-5.2461590e-05
3.6799890e-02
6.1806310e-02
3.3462100e-03
2.0613520e-02
4.9510240e-02
2.6591620e-02
-9.7301460e-03
-3.5386220e-02
-4.7021610e-02
-4.8426030e-02
-2.9724390e-02
-4.1179760e-02
-6.0948460e-02
-8.1315310e-02
-8.5326090e-02
-5.9288000e-02
-1.6611900e-02
2.4746500e-02
7.2038170e-02
1.1435940e-01
1.4466540e-01
1.1412920e-01
4.4704420e-02
-3.2611710e-02
-7.8927870e-02
-5.2322740e-02
-2.0316690e-02
8.2793060e-03
4.0809140e-02
5.7370500e-02
1.8386510e-03
-8.5649120e-02
-1.4014470e-01
-1.5265390e-01
-1.5257900e-01
-1.5786740e-01
-1.4554980e-01
-1.0987770e-01
-3.4662710e-02
3.7572190e-02
9.3761270e-02
1.5252440e-01
1.9332430e-01
1.8401410e-01
1.1945950e-01
-2.7774700e-02
-1.2792080e-01
-1.4273530e-01
-8.8748750e-02
-2.6466980e-02
-7.5637190e-03
-1.3113090e-02
3.4530100e-02
8.4718210e-02
1.2893980e-01
1.5495420e-01
1.2222080e-01
7.7543750e-02
2.6712920e-02
-1.1676890e-02
-8.1214360e-03
1.8388530e-02
1.4501950e-02
-3.9357840e-02
-9.5564420e-02
-1.0700660e-01
-8.1455910e-02
-5.7247540e-02
-3.0210090e-02
2.6572120e-03
3.8409690e-02
7.6462210e-02
1.2112920e-01
1.4147970e-01
1.3305620e-01
1.2581420e-01
1.1605820e-01
9.5054430e-02
3.9384050e-02
-2.5384320e-02
-8.8276960e-02
-9.8334710e-02
-5.8595730e-02
-2.6372000e-02
-2.0732850e-02
-6.2703710e-02
-1.0167330e-01
-1.0402960e-01
-6.3654070e-02
-2.3529230e-02
1.6164750e-02
1.9186000e-02
3.0720350e-03
3.0484170e-02
2.5113950e-02
-1.5656800e-02
-5.1772410e-02
-6.8879160e-02
-9.1522070e-02
-8.2300870e-02
-5.0253700e-02
-1.1751640e-02
2.7220740e-02
5.2545880e-02
7.0589030e-02
8.6428790e-02
9.9515980e-02
1.1502750e-01
1.2119830e-01
9.5801830e-02
1.6588290e-02
-6.1566930e-02
-9.8553940e-02
-9.0989800e-02
-6.6198410e-02
-2.8461170e-02
1.6047500e-02
-6.9028580e-03
-4.0288020e-02
-2.6702740e-02
4.5713440e-03
3.5983220e-02
6.0602110e-02
3.2794090e-02
2.0828480e-02
4.4246000e-02
2.5467870e-02
8.8561160e-03
-1.1905370e-02
-3.3925890e-02
-3.8910800e-02
-1.9748420e-02
-2.1901160e-02
-3.5497080e-02
-4.6306060e-02
-6.2416730e-02
-6.1149910e-02
-3.9912870e-02
-8.5726400e-03
2.2962960e-02
3.6942270e-02
2.8125580e-02
5.6209570e-02
7.9168710e-02
9.4001470e-02
1.1060420e-01
1.2104320e-01
9.5059230e-02
3.0691620e-02
-3.5328530e-02
-1.0114850e-01
-1.5449980e-01
-1.6815850e-01
-1.5288440e-01
-1.2511610e-01
-9.4829220e-02
-6.2084370e-02
-3.6946380e-02
-2.1860540e-02
-3.5043380e-02
-5.8914600e-02
-8.3765930e-02
-8.4000800e-02
-6.3009020e-02
-3.3994260e-02
-5.5461140e-03
1.1446320e-02
2.6969460e-02
5.5330000e-02
8.1274730e-02
9.9164460e-02
9.6851120e-02
5.7781870e-02
-1.1634500e-02
-8.1209940e-02
-1.4345180e-01
-1.7423680e-01
-1.0827320e-01
-2.3124420e-02
3.8148590e-02
7.5591310e-02
1.1396600e-01
1.4138240e-01
1.5239040e-01
1.6122680e-01
1.5451810e-01
1.4206030e-01
1.1624820e-01
1.1179090e-01
1.1998530e-01
9.1179090e-02
5.5832050e-02
1.1094240e-02
-3.6780090e-02
-6.3650900e-02
-7.8125570e-02
-9.4294010e-02
-1.1078700e-01
-1.2266320e-01
-1.2550360e-01
-1.2216180e-01
-1.0270660e-01
-8.0301800e-02
-5.0497980e-02
1.4355090e-02
8.9061560e-02
1.3122450e-01
1.2395020e-01
6.0299760e-02
1.6445300e-02
2.6150520e-02
4.5747820e-02
6.0563430e-02
5.2060210e-02
2.1171790e-02
-1.6860370e-02
-4.5159150e-02
-6.0321600e-02
-7.9267540e-02
-1.1608230e-01
-1.4513510e-01
-1.4421340e-01
-7.0779250e-02
3.4233390e-03
6.4137330e-02
9.8569190e-02
1.3328890e-01
1.6820130e-01
1.8705890e-01
2.0215440e-01
1.9870160e-01
1.7479110e-01
1.4967030e-01
1.1981120e-01
9.2479490e-02
6.8340430e-02
2.3199580e-02
-7.3781010e-02
-1.2550200e-01
-1.2285940e-01
-7.5280780e-02
-2.8379510e-02
1.9105160e-02
5.0246340e-02
6.7452180e-02
7.4911670e-02
6.1183050e-02
7.1317700e-02
6.5988740e-02
4.1830140e-02
-6.3763180e-03
-3.8402700e-02
-5.3569500e-02
-7.6763700e-02
-1.0169200e-01
-1.1782850e-01
-1.1795020e-01
-1.0409890e-01
-9.2759730e-02
-8.7772960e-02
-8.0931220e-02
-7.4169040e-02
-6.0357660e-02
-4.2093760e-02
-3.5375060e-02
-5.0670730e-02
-3.4536670e-02
1.5927760e-02
6.7054310e-02
1.1760550e-01
1.4638590e-01
9.2442090e-02
-4.8573430e-03
-4.8783030e-02
-5.6742190e-02
-3.5692080e-02
-6.2415680e-03
2.5647840e-02
5.8002880e-02
9.1557050e-02
1.1849580e-01
1.2367790e-01
7.9813470e-02
-1.6571630e-02
-1.1522060e-01
-1.2336520e-01
-8.7227440e-02
-5.6484650e-02
-3.9828000e-02
-6.3619850e-02
-6.9672580e-02
-4.1980030e-02
-6.4526880e-03
-4.8807470e-03
-2.0959940e-02
-3.3485360e-02
-5.3070600e-02
-2.9627040e-02
-5.0950980e-03
1.2601340e-02
8.9370380e-03
9.8057120e-03
3.2599220e-02
5.6221700e-03
-4.8665020e-02
-9.7009760e-02
-8.5534530e-02
-3.7047520e-02
1.5959330e-02
6.8931930e-02
9.4322580e-02
1.1040630e-01
9.3498590e-02
3.2700340e-02
-3.8225740e-02
-8.9042200e-02
-7.5058570e-02
-2.4630120e-02
3.5245020e-02
9.1850560e-02
9.6759680e-02
8.2373490e-02
3.5745320e-02
-1.6782270e-02
-5.3650230e-02
-3.7856670e-02
-1.4683000e-02
6.1496060e-03
2.1517370e-02
1.4464970e-02
1.9381690e-02
3.9817110e-03
-2.0803660e-02
-5.5975150e-02
-8.7140290e-02
-1.2025130e-01
-9.1345000e-02
-4.4132950e-02
3.1107980e-03
3.4068070e-02
5.2102440e-02
3.1125460e-02
2.6383610e-02
4.0175630e-02
6.5863570e-02
9.3942420e-02
1.2116610e-01
1.2385270e-01
9.4510190e-02
5.8050820e-02
4.4761680e-02
3.3058240e-02
8.0518600e-03
-4.3773850e-02
-8.6626560e-02
-1.2899000e-01
-1.6250910e-01
-1.7831690e-01
-1.7077130e-01
-1.5186810e-01
-1.2255900e-01
-8.8007010e-02
-5.1898640e-02
-3.1063060e-02
-4.2817600e-02
-6.1289850e-02
-8.1145770e-02
-7.5541940e-02
-3.5628500e-02
8.2894640e-03
5.2425580e-02
7.3136260e-02
6.4719190e-02
4.9267550e-02
3.2598380e-02
2.3210730e-02
3.1803570e-02
3.0957840e-02
2.0463220e-02
1.5227850e-02
2.5525730e-02
3.8471150e-02
4.9781720e-02
6.3274820e-02
6.8947610e-02
6.6936940e-02
4.8948360e-02
2.1635670e-02
1.6989960e-02
3.8670920e-02
6.3710150e-02
9.4321160e-02
1.1881290e-01
6.8515330e-02
1.4861150e-02
-1.2506260e-02
-3.0443840e-02
-3.0869050e-02
-1.5910590e-02
-2.6561140e-03
-1.6733960e-02
-2.1042870e-02
-2.1030310e-02
-1.7994870e-02
-2.3815600e-02
-3.6172320e-02
-4.9902880e-02
-4.5232690e-02
-4.6939370e-02
-5.5521320e-02
-5.0124750e-02
-4.2759840e-02
-4.7066070e-02
-4.8053830e-02
-4.5047160e-02
-3.4295240e-02
-2.6353600e-02
-2.3158850e-02
-3.5012510e-02
-5.4412160e-02
-4.5771230e-02
-3.5025640e-02
-4.2190330e-02
-5.6269900e-02
-6.4533400e-02
-6.9356390e-02
-5.8127110e-02
-6.2928650e-02
-6.4736310e-02
-5.6778390e-02
-6.0262470e-02
-6.6477010e-02
-5.6979380e-02
-4.2977090e-02
-2.3977010e-02
-3.3809140e-04
1.9964660e-02
3.0020200e-02
-6.9476070e-03
-3.1782760e-02
-3.8632690e-02
-2.9459670e-02
-2.1148110e-02
-2.4984240e-03
2.9965540e-02
5.9114780e-02
9.0672210e-02
1.0739890e-01
1.2056290e-01
1.1335540e-01
1.1145620e-01
1.2368110e-01
1.3037140e-01
1.0005720e-01
6.0008450e-02
2.1665470e-02
-7.8369860e-03
-1.8570740e-02
-8.9720190e-03
2.9811700e-03
1.6037420e-02
3.2157420e-02
4.3257810e-02
5.6946380e-02
6.8925220e-02
8.5424270e-02
9.1978000e-02
7.5622200e-02
6.5465920e-02
6.1914680e-02
6.5248570e-02
6.9338600e-02
6.7103020e-02
5.9858940e-02
4.3468500e-02
1.6138420e-02
-5.6311310e-03
-1.8375400e-02
-2.2963500e-02
-2.9900200e-02
-3.3796660e-02
-3.5369100e-02
-3.4791420e-02
-3.5139760e-02
-3.7507770e-02
-4.5256760e-02
-5.5766480e-02
-6.9835760e-02
-7.9767620e-02
-6.4941430e-02
-5.1144790e-02
-3.9555930e-02
-3.0809980e-02
-4.0015100e-02
-3.5972600e-02
-2.6471900e-02
-1.6329870e-02
3.4154000e-03
1.5329130e-02
2.4965110e-02
3.0439380e-02
3.4904610e-02
3.5012910e-02
3.2954270e-02
3.0702400e-02
2.7666650e-02
2.3997360e-02
1.8050010e-02
6.7501650e-03
-6.8776820e-03
6.9904660e-03
2.1911450e-02
3.7300190e-02
5.0196330e-02
3.5544910e-02
5.0787310e-02
7.0034180e-02
7.8368630e-02
9.3430820e-02
9.3049310e-02
8.7873490e-02
7.5665670e-02
4.3759910e-02
1.1907110e-02
4.1338700e-03
9.2388520e-03
-3.1952810e-03
-1.7190210e-02
-2.6507880e-02
-2.2170980e-02
-1.2268440e-02
5.2414240e-04
-2.7355460e-03
-1.2861110e-02
-2.4947290e-02
-3.3302790e-02
-4.4095030e-02
-6.2674510e-02
-8.0576730e-02
-9.1861060e-02
-7.8819410e-02
-9.2998090e-02
-8.3153500e-02
-7.1546030e-02
-6.1037020e-02
-4.4951330e-02
-3.1051050e-02
-4.7974460e-02
-6.5082620e-02
-8.0047880e-02
-6.9815830e-02
-5.8987930e-02
-4.8966440e-02
-4.1116390e-02
-4.9475860e-02
-5.0662190e-02
-3.6447520e-02
-2.4759130e-02
-1.7827120e-02
-1.2962580e-02
-4.1531260e-03
7.8777150e-03
1.6313880e-02
2.3760270e-02
2.4447520e-02
2.9261640e-02
3.0873980e-02
3.1031110e-02
3.3388130e-02
3.5622560e-02
3.6148510e-02
4.1602430e-02
4.7137930e-02
5.5271820e-02
6.6793540e-02
4.8301560e-02
3.0286220e-02
3.5714540e-02
5.4585090e-02
5.3678230e-02
3.9119570e-02
2.4624260e-02
3.0387640e-02
4.3658960e-02
5.2512850e-02
6.0712210e-02
6.5876080e-02
6.6867250e-02
7.0591600e-02
8.5449520e-02
9.7364720e-02
1.1271290e-01
1.0747200e-01
8.3850040e-02
4.3366850e-02
2.5030450e-03
-3.1317900e-02
-5.0979290e-02
-6.6768560e-02
-6.9045880e-02
-5.7980670e-02
-4.3274570e-02
-5.3760640e-02
-6.5054690e-02
-4.9268280e-02
-4.6336850e-02
-5.9866790e-02
-5.8312300e-02
-4.6592510e-02
-3.8320220e-02
-3.2137010e-02
-2.6266000e-02
-2.4932020e-02
-2.5519480e-02
-2.5221900e-02
-2.5242080e-02
-2.0561210e-02
-1.8433900e-02
-1.1935190e-02
1.7247200e-03
-4.5883280e-03
-1.9429370e-02
-3.1209910e-02
-4.6666960e-02
-4.9800980e-02
-3.5641010e-02
-2.7157890e-02
-1.9686730e-02
-8.2810720e-03
4.1938190e-03
1.7708030e-02
9.3514750e-03
-6.3072120e-03
-2.3665190e-02
-3.5828520e-02
-2.2327090e-02
-7.6690210e-03
4.3090390e-03
9.4674150e-03
1.0943110e-02
4.8542680e-03
-3.5850510e-03
-1.4147730e-02
-2.0588220e-02
-1.2410300e-02
-3.5306370e-03
-1.5284330e-02
-2.7152830e-02
-2.7753750e-02
-2.1464190e-02
-1.2258530e-02
-8.3042990e-04
8.9724580e-03
-5.7413830e-03
-9.2098530e-03
1.5149110e-02
3.8882520e-02
5.2084490e-02
6.4108230e-02
7.2170390e-02
8.1573360e-02
8.9639160e-02
9.4554970e-02
9.6029360e-02
9.0813910e-02
8.2567710e-02
7.5304980e-02
6.3544680e-02
5.2190000e-02
5.6691050e-02
6.4277970e-02
4.7487940e-02
3.1439420e-02
1.1497420e-02
-2.8233110e-03
-1.9136280e-02
-3.5097300e-02
-4.9858070e-02
-6.3474460e-02
-7.2597220e-02
-8.0603140e-02
-7.3730490e-02
-6.5696990e-02
-5.4660830e-02
-3.9137280e-02
-1.9004720e-02
-3.0193530e-03
1.1390130e-02
1.7347820e-02
1.4040960e-02
8.1518650e-03
-2.3667140e-03
-7.3178400e-04
5.3439360e-03
1.1224330e-02
1.1033350e-02
3.9298850e-03
-5.2846910e-03
-1.6942200e-02
-3.2880000e-02
-4.9002820e-02
-6.3295270e-02
-6.6281400e-02
-6.2687720e-02
-5.3565780e-02
-4.1810830e-02
-2.8435130e-02
-1.7535650e-02
-1.8344650e-02
-2.8337830e-02
-1.5648340e-02
1.6909410e-03
3.9810180e-03
-3.7409260e-03
-1.1158820e-02
-6.4719460e-04
3.5465730e-03
1.6173640e-03
-1.0412120e-02
-1.0896530e-02
9.1158580e-04
8.4023050e-03
1.8135780e-02
2.5871800e-02
2.8549830e-02
1.7438850e-02
5.3153680e-03
1.5477520e-02
1.9829840e-02
3.9549370e-03
-6.4089740e-03
-2.3476790e-02
-1.5143010e-02
-3.6762610e-03
9.4034630e-03
1.7859890e-03
-1.2360080e-02
-2.4717500e-02
-1.7357440e-02
-3.1175130e-03
-7.4639020e-03
-2.1302840e-02
-3.4057600e-02
-4.6267190e-02
-5.5647020e-02
-3.6945560e-02
-1.0953530e-02
1.0250060e-02
2.1574800e-02
1.4122690e-02
1.8278070e-04
-1.3327780e-02
-1.2275210e-02
-1.8484120e-03
1.0474370e-02
2.5241710e-02
1.7786280e-02
7.9639450e-03
1.9382880e-02
3.2889130e-02
3.9356700e-02
4.3690940e-02
4.5796840e-02
4.2861580e-02
3.2723540e-02
1.8559710e-02
1.9246010e-02
3.1564560e-02
3.8053240e-02
4.1613680e-02
3.6279930e-02
3.1302220e-02
3.5810080e-02
4.1730500e-02
4.7144950e-02
4.3725760e-02
3.7052120e-02
2.9088700e-02
3.8702470e-02
3.0138350e-02
1.4513630e-02
-7.8187360e-03
-2.5532030e-02
-2.1841720e-02
-2.9683620e-03
-7.4930090e-03
-2.1304420e-02
-1.5402080e-02
-1.2151100e-02
-2.5364180e-02
-4.0802320e-02
-4.9131590e-02
-5.2694900e-02
-5.6304290e-02
-6.0144120e-02
-5.8393720e-02
-5.8539900e-02
-5.8593500e-02
-5.6621900e-02
-5.1365750e-02
-4.7518830e-02
-4.1731960e-02
-3.1840330e-02
-2.1086460e-02
-1.1970850e-02
-1.7319860e-03
7.5407250e-03
1.8292660e-02
-5.1134930e-03
-2.5964850e-02
-3.8954430e-02
-3.0742630e-02
-1.6579820e-02
-2.9944530e-03
3.6922900e-03
-4.6725970e-03
-1.8486010e-02
-1.6914390e-03
1.5768000e-02
3.2275350e-02
3.8113700e-02
3.2511870e-02
2.4537460e-02
1.6301900e-02
2.6096230e-03
1.0652460e-02
1.9157780e-02
2.9136600e-02
3.6081930e-02
1.9815080e-02
7.8185600e-03
7.6277460e-03
9.8332010e-03
9.4510740e-03
4.6757690e-03
-2.9529820e-04
-7.7149370e-03
-2.0629680e-02
-1.8838530e-02
-1.2430180e-02
-2.1685730e-02
-3.3235850e-02
-3.5478970e-02
-2.3021320e-02
-2.9777770e-03
1.7113460e-02
3.5952880e-02
4.8631250e-02
4.4388850e-02
3.7144880e-02
2.8710520e-02
2.0415980e-02
2.5935560e-02
2.8632560e-02
3.1493500e-02
3.3248530e-02
3.3136800e-02
3.3033660e-02
3.2598990e-02
2.9710990e-02
2.4039590e-02
2.5070770e-02
3.5388070e-02
4.1440270e-02
5.0213440e-02
5.6853600e-02
6.2402050e-02
6.5189480e-02
6.2476140e-02
6.2349540e-02
6.0313980e-02
5.4033040e-02
4.2031670e-02
3.0571380e-02
2.1586030e-02
1.7789340e-02
1.0619940e-02
-8.5741820e-04
-1.4613390e-02
-2.9063960e-02
-4.8650010e-02
-6.4709670e-02
-5.6617210e-02
-4.7610990e-02
-4.8027830e-02
-5.8831080e-02
-5.5426850e-02
-4.2397640e-02
-2.9089380e-02
-1.7003380e-02
-2.9818760e-02
-4.7222420e-02
-5.6703820e-02
-4.1617980e-02
-2.6640750e-02
-2.3708570e-02
-3.4384960e-02
-3.3880990e-02
-1.9142520e-02
-7.1424130e-03
1.2589180e-03
1.3074210e-02
2.4800360e-02
3.0897870e-02
3.0247430e-02
1.5097960e-02
-3.9994760e-03
-2.3275910e-02
-3.0782010e-02
-3.3825670e-02
-3.3691810e-02
-3.3788010e-02
-3.3730920e-02
-3.1513830e-02
-2.9919970e-02
-2.2378360e-02
-1.8877700e-02
-1.3230100e-02
-5.0203360e-03
1.0089840e-03
9.2738410e-03
1.5226010e-02
2.5708120e-02
2.5402730e-02
1.3478620e-02
3.7930420e-03
-4.1849940e-03
3.5275680e-03
9.8307110e-03
1.6127050e-02
1.6858150e-02
6.7318400e-03
-3.2318690e-03
6.1552770e-03
1.8092440e-02
3.0729070e-02
4.0469550e-02
4.6649270e-02
3.5136830e-02
2.3100200e-02
1.3083220e-02
5.5956550e-03
-2.1444520e-03
-1.0184370e-02
-1.9381030e-02
-3.5105540e-02
-4.4441270e-02
-3.3494700e-02
-2.2416430e-02
-1.3350890e-02
-2.1454590e-03
5.3157230e-05
5.8860240e-03
7.2203220e-03
1.1780390e-02
1.3138360e-02
1.3550660e-02
1.0176790e-02
6.6462690e-03
-1.3969320e-03
-8.4069720e-03
-1.5350290e-02
-2.9029620e-02
-1.6887320e-02
-5.0915360e-03
8.7813740e-03
1.8164210e-02
3.3193340e-02
3.2687590e-02
2.5472440e-02
2.2125880e-02
1.5209790e-02
-1.5210490e-03
-1.3669590e-02
-2.0848800e-02
-1.8884230e-02
-2.3116810e-02
-2.6216110e-02
-3.4240770e-02
-3.0306550e-02
-2.1445190e-02
-1.4469330e-02
-1.0015420e-02
-1.8514430e-02
-2.5537440e-02
-1.0584580e-02
-2.1825780e-03
9.3191860e-03
-2.0286600e-04
-1.4331870e-02
-1.7722020e-02
-1.1321860e-02
-7.9790310e-03
-6.0226490e-03
-4.5061080e-03
-4.7484980e-03
-3.4214440e-03
-7.4699250e-04
-2.3940710e-03
4.6901980e-03
1.4223660e-02
2.5752740e-02
3.1359710e-02
3.4999720e-02
3.9545060e-02
4.3268350e-02
4.8594260e-02
3.8100640e-02
2.3620040e-02
5.9274280e-03
-3.9567370e-03
3.7402720e-03
1.5301120e-02
9.4632950e-03
-6.1299500e-04
-9.6151710e-03
-1.2145770e-02
-3.7746160e-03
5.5614340e-03
1.4900540e-02
2.5272120e-02
3.3449590e-02
4.3866690e-02
4.0944760e-02
2.2335750e-02
6.8659170e-03
-3.5804780e-03
-7.6470300e-03
-7.0276220e-03
-2.8481320e-03
1.7864420e-03
8.4550120e-04
2.2885440e-03
1.1664220e-03
-7.9795940e-04
1.7097550e-03
6.1515790e-04
-1.6693130e-03
-7.4090800e-03
-1.0875840e-02
-1.4497240e-02
-2.0222160e-02
-2.9702100e-02
-3.9410940e-02
-4.5436390e-02
-3.5766840e-02
-2.4584910e-02
-3.2910980e-02
-4.1722760e-02
-4.8083090e-02
-3.8147990e-02
-3.4855610e-02
-2.8835100e-02
-2.4492410e-02
-1.9061480e-02
-1.2630360e-02
-3.6583490e-03
7.8976050e-03
1.9887570e-02
1.6975040e-02
7.0617890e-03
4.5798840e-03
2.1793050e-03
2.7362790e-03
1.3759960e-03
-8.8015790e-04
-3.1078820e-04
-3.5176790e-03
3.3964130e-05
5.6437060e-03
1.1864350e-02
1.5188270e-02
1.8664110e-02
2.2090480e-02
2.9804210e-02
3.2198760e-02
1.9753810e-02
1.0696520e-02
-1.1170150e-02
-9.9879920e-03
9.7397330e-03
2.6842140e-02
3.5424520e-02
3.9399690e-02
3.1354780e-02
2.1041360e-02
1.3928340e-02
2.0095990e-02
2.6500960e-02
2.6922700e-02
1.6454050e-02
9.2645830e-03
1.4069220e-02
2.3520460e-02
1.7276690e-02
6.8096010e-03
-1.1677010e-04
-8.4368910e-03
3.9104580e-03
1.0792680e-02
1.9761030e-02
2.0764050e-02
1.9507070e-02
1.1531740e-02
1.1072990e-02
1.5214960e-02
1.3661510e-02
1.3437910e-02
1.9935060e-02
3.0070160e-02
2.4960570e-02
1.7246650e-02
8.3135330e-03
-3.3251810e-03
-6.1546030e-03
-3.6485030e-03
3.4057180e-03
1.0003110e-02
1.6047250e-02
7.8633070e-03
-1.0676280e-03
-7.5887630e-03
-1.2988490e-02
-1.1130070e-02
-8.8319210e-03
-8.1266070e-03
-2.0913200e-02
-2.5819760e-02
-3.2973500e-02
-3.5820090e-02
-2.5995460e-02
-1.8511850e-02
-1.1470690e-02
-1.7768600e-02
-2.7663750e-02
-3.0231190e-02
-2.6826390e-02
-2.1501660e-02
-1.5816080e-02
-1.0455090e-02
-6.7904080e-03
-1.1284530e-02
-1.8133760e-02
-2.3759690e-02
-3.1853630e-02
-3.7619770e-02
-3.7838440e-02
-3.9422310e-02
-4.2623500e-02
-4.2929510e-02
-4.1104640e-02
-3.8311360e-02
-3.2180430e-02
-2.6287070e-02
-1.8591200e-02
-1.3470690e-02
-6.3877150e-03
-1.8214110e-03
2.6012240e-03
2.8276530e-03
5.5776680e-04
-7.1480950e-03
-2.0951400e-02
-3.2512700e-02
-2.1220950e-02
-5.7831610e-03
6.8821100e-04
-1.2814640e-02
-2.2723110e-02
-1.6561830e-02
1.0031980e-03
2.1662000e-02
3.4424080e-02
3.9796890e-02
2.7028670e-02
1.4155800e-02
2.2809150e-02
1.6538640e-02
5.5017340e-03
-1.1309040e-03
8.0320280e-03
1.7133240e-02
2.5659150e-02
3.3897900e-02
3.7829630e-02
4.2422000e-02
3.7912330e-02
2.9795670e-02
2.0517010e-02
1.5715360e-02
3.0105270e-02
3.2547040e-02
2.9863540e-02
2.2768480e-02
1.3311680e-02
2.6178870e-03
9.1718310e-03
1.6094640e-02
1.9117960e-02
1.5652840e-02
1.0066000e-02
5.4382730e-03
2.0697910e-04
3.9848840e-03
1.4662580e-02
9.1702670e-03
-4.5642910e-03
-1.8773200e-02
-3.0634920e-02
-2.2666590e-02
-1.5563600e-02
-1.1323610e-02
-8.9987800e-03
-8.7552930e-03
-8.6430930e-03
-8.1972910e-03
-2.4521850e-03
1.8897190e-03
-5.6931830e-05
-4.3976020e-04
-6.0415730e-03
-8.4549690e-03
-8.6572070e-03
-1.2567700e-02
-1.0833760e-02
-1.0915230e-02
-1.0722190e-02
-1.0347880e-02
-1.0198350e-02
-4.2674980e-03
4.0963610e-03
1.3016200e-02
2.3964870e-02
2.0035030e-02
1.1890220e-02
1.4125810e-03
-5.5202800e-03
-1.0418840e-02
-1.3315300e-02
-1.4579900e-02
-1.8104610e-02
-1.8828540e-02
-2.2324980e-02
-2.1819390e-02
-4.5927740e-03
5.5995610e-03
1.9670030e-02
2.4098300e-02
2.0383950e-02
1.1266300e-02
5.9552410e-03
-1.5205110e-03
-9.5607430e-03
-1.5541250e-02
-2.4974040e-02
-3.2987390e-02
-4.0299870e-02
-4.1382460e-02
-3.0812330e-02
-1.5037550e-02
-4.3898900e-03
-8.6847820e-03
-2.4778670e-02
-1.9854890e-02
-9.4352300e-03
4.3352490e-03
1.8095340e-02
9.3759970e-03
8.9032900e-04
-8.9251530e-03
-1.0412940e-02
-1.0567550e-03
7.7968910e-03
8.8701170e-03
-5.4317100e-03
-8.6892730e-03
3.0925540e-03
8.2465880e-03
-5.5734210e-03
-1.2647500e-02
-5.8357250e-03
3.0845080e-03
9.7929090e-03
2.0912720e-02
3.0313420e-02
3.6649120e-02
3.2564590e-02
3.3260640e-02
2.9469930e-02
1.1647390e-02
8.6451780e-03
1.0048680e-02
1.1843360e-02
1.1779960e-02
1.3103960e-02
1.4096160e-02
1.1989160e-02
7.2063850e-03
2.0416440e-03
-3.8156360e-03
-7.3273350e-03
-4.8437100e-03
-6.3406340e-03
-1.0016840e-02
-1.1310080e-02
-1.5145580e-02
-1.4355690e-02
-1.3145000e-02
-1.3903780e-02
-1.5269090e-02
-1.5637020e-02
-1.6672360e-02
-1.4324530e-02
-1.2074740e-02
-1.2038710e-02
-9.5188820e-03
-7.1727840e-03
-5.8863620e-03
-3.9047280e-03
1.2125660e-02
1.9061750e-02
5.0583450e-03
-5.5036750e-04
-7.4538310e-03
-1.7066250e-02
-2.2723170e-02
-2.6224400e-02
-2.5286780e-02
-2.3237790e-02
-2.6176360e-02
-2.7369540e-02
-3.0772750e-02
-3.1030700e-02
-3.0909080e-02
-2.8883140e-02
-2.8608110e-02
-2.8130420e-02
-2.6198180e-02
-2.3512390e-02
-2.1147920e-02
-1.6536250e-02
-1.2000690e-02
-1.1278430e-02
-1.1203510e-02
-1.1214650e-02
-1.2171560e-02
-1.8219150e-02
-1.5786180e-02
-1.4610660e-02
-8.9009890e-03
-6.9726130e-03
-5.4946060e-03
-6.9349160e-03
-1.1159140e-02
-1.3119940e-02
-8.2836260e-03
-7.7281530e-03
-3.9999640e-03
-2.6958280e-05
2.2244050e-03
4.6517150e-03
4.1585490e-03
1.3187290e-02
1.7787780e-02
2.9565360e-02
3.6146280e-02
3.8149770e-02
2.6751900e-02
1.5649580e-02
2.0310490e-02
2.1718270e-02
2.4038480e-02
2.5669660e-02
2.8733030e-02
2.8891140e-02
3.3285310e-02
3.4631300e-02
3.7398470e-02
3.8987880e-02
3.6396200e-02
3.3620510e-02
2.8925370e-02
2.6604430e-02
2.6698760e-02
2.5987350e-02
2.5959920e-02
2.3904860e-02
2.3858970e-02
2.1494800e-02
1.7015160e-02
1.8225090e-02
1.1548320e-02
6.4580030e-03
5.5821970e-03
4.7911430e-03
7.6919900e-03
9.7628600e-03
1.4506430e-02
1.6417560e-02
1.6990420e-02
1.8401840e-02
1.9595880e-02
1.7241040e-02
1.5048950e-02
1.4191970e-02
1.4310150e-02
1.6161380e-02
1.5056160e-02
1.3418990e-02
9.9080610e-03
9.6186040e-03
9.6180490e-03
9.9017580e-03
1.4306860e-02
1.2171930e-02
7.5577750e-03
3.3539680e-03
-2.5325610e-03
-3.6367600e-03
-5.2256590e-03
-3.2421430e-03
-5.5411850e-03
-5.2051110e-03
-1.0520030e-02
-1.4187950e-02
-1.7817510e-02
-1.9482100e-02
-2.0061850e-02
-1.8165160e-02
-2.0199530e-02
-1.7523730e-02
-1.1077740e-02
-1.0912340e-02
-8.9220080e-03
-1.2837590e-02
-1.5369360e-02
-2.4437260e-02
-3.3327230e-02
-2.4001690e-02
-1.9534490e-02
-1.6116360e-02
-1.4300430e-02
-1.6438050e-02
-1.6317580e-02
-1.6811170e-02
-1.6722250e-02
-1.4614060e-02
-1.1666570e-02
-1.1365680e-02
-1.3753490e-02
-1.6206140e-02
-1.7642910e-02
-1.5593010e-02
-1.5978390e-02
-1.1948510e-02
-1.3840350e-02
-1.3508190e-02
-1.1040880e-02
-1.5641450e-02
-2.1968410e-02
-2.6068220e-02
-2.9709410e-02
-3.0832430e-02
-3.3088050e-02
-3.0681120e-02
-2.7814410e-02
-2.3338510e-02
-2.0921330e-02
-1.6412980e-02
-1.3396120e-02
-1.1261480e-02
-8.5092200e-03
-1.1235550e-03
-6.4955370e-05
3.4871630e-03
3.4910370e-03
1.3631580e-03
3.0192990e-03
2.8045060e-03
7.5181650e-04
-1.7607160e-04
2.1207020e-03
2.5920000e-03
-2.4765340e-04
6.0765260e-04
1.7186540e-03
-5.1448060e-04
-2.6347910e-04
4.2961150e-03
1.3388940e-02
1.7807780e-02
2.1267310e-02
1.0843360e-02
4.9829910e-03
2.1879410e-03
1.7785050e-03
-2.5364520e-07
1.9126920e-03
5.2733340e-03
6.2713670e-03
1.2047620e-02
1.3224930e-02
1.2699260e-02
1.0161240e-02
5.6992100e-03
2.1759500e-03
-3.5514490e-03
2.1467900e-03
7.9113830e-03
1.4582100e-02
2.0595680e-02
1.3173700e-02
8.4655000e-03
-5.2937380e-03
-2.6343750e-03
7.2231140e-03
1.2999600e-02
1.8153920e-02
1.9975440e-02
2.8379960e-02
2.4714620e-02
1.8778300e-02
1.2813240e-02
6.1260220e-03
1.4876350e-03
1.6325650e-03
1.3579510e-03
2.0025260e-03
5.6837210e-03
6.4976220e-03
4.8633460e-03
7.7704750e-03
7.8064540e-03
1.3526630e-02
1.7185370e-02
1.7042880e-02
1.4139950e-02
9.1673820e-03
3.6390830e-03
5.8790160e-06
7.8502910e-04
2.1742030e-04
2.4581050e-03
2.6919010e-03
2.8331700e-03
2.8215860e-03
5.1341040e-03
2.9114170e-03
3.1229770e-03
-9.7991510e-04
5.8049260e-04
-3.5629170e-04
-1.5851750e-03
-1.4831140e-03
-1.3028560e-03
-8.6320940e-04
3.8889810e-03
3.6727970e-03
3.7114020e-03
6.1996800e-03
8.6927960e-03
8.1777790e-03
5.0462280e-03
1.9616240e-03
-5.5334670e-04
-6.6899790e-04
-6.1577490e-04
-1.8633710e-03
-1.1321050e-03
-3.6128740e-04
-3.2552340e-03
-5.5432650e-03
-7.9026360e-03
-1.0337580e-02
-1.4935970e-02
-1.5867170e-02
-1.7005430e-02
-1.9166430e-02
-2.0804100e-02
-2.2084330e-02
-2.2440310e-02
-1.8817350e-02
-1.6238180e-02
-1.0492070e-02
-6.5998760e-03
-3.5727990e-03
-3.9736680e-03
-6.3749720e-03
-6.6329680e-03
-8.6705300e-03
-1.3256150e-02
-1.4735150e-02
-1.8450010e-02
-1.8869020e-02
-1.8401910e-02
-1.7997020e-02
-9.9043530e-03
-5.7858330e-03
-6.1427460e-03
-8.5145070e-03
-8.3882620e-03
-8.3246470e-03
-8.0715390e-03
-1.0192010e-02
-5.6877530e-03
-1.3986040e-03
1.2678520e-03
1.3869840e-03
3.7599220e-03
3.4189120e-03
3.5683890e-03
6.8468750e-03
1.0333520e-02
1.2083880e-02
1.5117820e-02
1.7042770e-02
1.4774910e-02
1.2257100e-02
1.2145290e-02
1.2157350e-02
1.4531160e-02
1.9159770e-02
1.8773310e-02
1.7202870e-02
1.7700800e-02
1.7513540e-02
1.4808540e-02
1.2511080e-02
1.2714950e-02
1.2697040e-02
1.5101680e-02
1.5299440e-02
1.5457870e-02
1.4200180e-02
1.3037940e-02
1.2293610e-02
8.3219470e-03
8.4823140e-03
7.3620890e-03
6.0559520e-03
6.2945560e-03
5.0810340e-03
3.8636430e-03
3.7128090e-03
2.0095630e-03
-8.6759000e-04
-2.0218510e-03
-3.1521170e-03
-3.0044870e-03
-2.7806780e-03
-3.9299510e-04
1.8468370e-03
3.9673540e-03
-7.5441030e-04
-6.4231450e-04
-5.1015700e-03
-1.0753910e-02
-1.3474560e-02
-1.6999590e-02
-9.7321280e-03
-4.8511390e-03
2.4089480e-03
1.1110930e-02
1.1517080e-02
4.8454420e-03
3.0458280e-03
2.3229800e-03
1.4970170e-03
2.2735300e-03
1.6367860e-03
1.6876060e-04
-4.0997640e-03
-9.0570160e-03
-7.9844410e-03
1.3311980e-03
6.8268420e-03
1.4827400e-02
2.1562320e-02
1.0688220e-02
1.2436600e-03
4.5868410e-03
1.4196790e-02
1.5092660e-02
1.0690840e-02
3.4256370e-03
1.3747090e-04
-6.5009880e-03
-1.2736160e-02
-6.6538090e-03
