0.01
-1.3175780e-02
-2.0687540e-02
-2.7524230e-02
-3.1786460e-02
-3.2315630e-02
-2.9370210e-02
-2.4580150e-02
-1.9989710e-02
-1.6782620e-02
-1.5446300e-02
-1.6027060e-02
-1.7952440e-02
-2.0229790e-02
-2.1869960e-02
-2.1971960e-02
-2.0044570e-02
-1.6525760e-02
-1.2393350e-02
-8.3970240e-03
-4.8046470e-03
-1.8722000e-03
4.1398830e-04
2.1962400e-03
3.3148820e-03
4.1560430e-03
5.4251560e-03
6.8241300e-03
7.6964370e-03
8.4999010e-03
1.0060970e-02
1.2348190e-02
1.4498690e-02
1.5577950e-02
1.5188280e-02
1.3682250e-02
1.1675410e-02
9.6690860e-03
7.7570900e-03
6.0721800e-03
5.1759540e-03
5.3451420e-03
5.9499720e-03
6.5500230e-03
7.1461440e-03
7.3824410e-03
6.6955500e-03
5.2547120e-03
3.4638340e-03
1.3759250e-03
-5.6785390e-04
-1.2635460e-03
-7.4657180e-04
2.1495560e-04
1.2827420e-03
2.8980840e-03
5.3828760e-03
8.4168020e-03
1.1058360e-02
1.2187670e-02
1.1008070e-02
7.7613370e-03
3.1210770e-03
-2.1869250e-03
-7.1096220e-03
-1.0733480e-02
-1.2611070e-02
-1.3437200e-02
-1.4708870e-02
-1.7401760e-02
-2.1013810e-02
-2.4360390e-02
-2.6091020e-02
-2.5515300e-02
-2.3498980e-02
-2.1746140e-02
-2.1318590e-02
-2.1808740e-02
-2.2389940e-02
-2.2743630e-02
-2.2553150e-02
-2.1486540e-02
-1.9444210e-02
-1.6730510e-02
-1.3669380e-02
-1.0957440e-02
-9.3727850e-03
-8.6253610e-03
-7.9403500e-03
-6.7743580e-03
-4.6723350e-03
-1.3250870e-03
3.1311760e-03
8.0013360e-03
1.2610660e-02
1.6878150e-02
2.0807910e-02
2.4239700e-02
2.7294890e-02
3.0088970e-02
3.2459480e-02
3.4397460e-02
3.6043870e-02
3.7525240e-02
3.8906770e-02
4.0366080e-02
4.2006080e-02
4.3847070e-02
4.5766080e-02
4.7623210e-02
4.8977980e-02
4.9222660e-02
4.8191510e-02
4.6148410e-02
4.3619300e-02
4.1133800e-02
3.9257210e-02
3.8272490e-02
3.7512690e-02
3.5810790e-02
3.2682820e-02
2.8028410e-02
2.1955680e-02
1.5198100e-02
9.3464340e-03
5.8536210e-03
4.7579340e-03
5.0654970e-03
5.8006320e-03
6.0088330e-03
5.3072490e-03
3.9801020e-03
2.0132340e-03
-1.0327630e-03
-5.1595960e-03
-9.5041040e-03
-1.2977210e-02
-1.4936920e-02
-1.5121270e-02
-1.3792730e-02
-1.1701320e-02
-9.8543310e-03
-8.9338920e-03
-9.3058680e-03
-1.0604920e-02
-1.2060590e-02
-1.3257250e-02
-1.4180060e-02
-1.4767990e-02
-1.4877900e-02
-1.4651430e-02
-1.4365820e-02
-1.4245370e-02
-1.4054040e-02
-1.3209860e-02
-1.1323530e-02
-8.7877030e-03
-6.4979040e-03
-4.7971750e-03
-3.7541780e-03
-3.7341520e-03
-4.8879740e-03
-6.3961550e-03
-7.6306400e-03
-8.7651710e-03
-1.0106400e-02
-1.1803190e-02
-1.3391910e-02
-1.4022220e-02
-1.3035800e-02
-1.0431090e-02
-7.0613400e-03
-3.9886220e-03
-1.6613440e-03
-1.9057140e-04
2.2099680e-04
-3.0995620e-04
-8.4800770e-04
-4.6223540e-04
6.8052040e-04
1.8146650e-03
2.5230690e-03
2.6966060e-03
2.5416190e-03
2.9754700e-03
4.5492490e-03
6.8782040e-03
9.6215920e-03
1.2456720e-02
1.4325880e-02
1.4289560e-02
1.2298430e-02
9.2828680e-03
6.4803700e-03
4.2776070e-03
1.7654450e-03
-2.2419860e-03
-7.6229370e-03
-1.3279620e-02
-1.8073740e-02
-2.0974280e-02
-2.1160240e-02
-1.8418940e-02
-1.3744390e-02
-9.3969390e-03
-6.8294520e-03
-5.5427310e-03
-4.1746900e-03
-2.0747190e-03
5.9358690e-04
3.4714050e-03
6.3479260e-03
8.9672020e-03
1.0993410e-02
1.1941160e-02
1.1825730e-02
1.1152420e-02
1.0158330e-02
8.5301690e-03
6.2668550e-03
4.3840480e-03
3.4583780e-03
3.2389980e-03
3.1247600e-03
2.3193360e-03
2.7431810e-04
-2.7612210e-03
-5.8033840e-03
-7.6961060e-03
-7.5958170e-03
-5.2215500e-03
-8.8949690e-04
4.2240310e-03
7.7633550e-03
7.6108750e-03
3.6890810e-03
-2.4926780e-03
-8.7415980e-03
-1.3160800e-02
-1.5199930e-02
-1.5894480e-02
-1.6947030e-02
-1.9676810e-02
-2.4072300e-02
-2.9612160e-02
-3.5962630e-02
-4.2204480e-02
-4.7007890e-02
-4.9630310e-02
-5.0464540e-02
-5.0250470e-02
-4.9607730e-02
-4.9122480e-02
-4.8966260e-02
-4.8876540e-02
-4.8803940e-02
-4.8447700e-02
-4.6842700e-02
-4.3462500e-02
-3.9221640e-02
-3.5528260e-02
-3.2688050e-02
-3.0135750e-02
-2.7977410e-02
-2.6792920e-02
-2.6657680e-02
-2.6725920e-02
-2.6159490e-02
-2.5427850e-02
-2.5797530e-02
-2.7451900e-02
-2.8555170e-02
-2.6911380e-02
-2.2066750e-02
-1.5097410e-02
-6.9845640e-03
1.5590750e-03
1.0000390e-02
1.8004520e-02
2.5092580e-02
3.0446350e-02
3.3840340e-02
3.6548500e-02
4.0432260e-02
4.5498180e-02
4.9732710e-02
5.1379270e-02
5.0614600e-02
4.8425860e-02
4.5251330e-02
4.1593810e-02
3.8193640e-02
3.5952170e-02
3.5244360e-02
3.6022590e-02
3.7524240e-02
3.8106560e-02
3.6632070e-02
3.3462230e-02
2.9897120e-02
2.6795460e-02
2.4660380e-02
2.3315470e-02
2.1975910e-02
2.0005290e-02
1.7446090e-02
1.4544100e-02
1.1306640e-02
8.1668180e-03
6.0564710e-03
5.8027550e-03
7.4361080e-03
9.5737210e-03
9.9639330e-03
7.2542950e-03
2.2452990e-03
-2.9775510e-03
-6.5426100e-03
-7.9565870e-03
-7.9446070e-03
-7.5505840e-03
-7.2139030e-03
-6.9809590e-03
-7.1419850e-03
-7.7212370e-03
-8.1143080e-03
-7.8102740e-03
-6.9943740e-03
-6.3246150e-03
-6.1190720e-03
-5.9914390e-03
-5.6543120e-03
-4.9448650e-03
-3.8634180e-03
-2.7317510e-03
-1.9749230e-03
-1.6584450e-03
-1.2796270e-03
-5.9275120e-04
-4.8489740e-06
-2.6704650e-04
-1.2668500e-03
-1.9219800e-03
-1.2034830e-03
1.3737600e-03
5.4464320e-03
9.8986300e-03
1.3215080e-02
1.4939200e-02
1.6014490e-02
1.7880640e-02
2.1340680e-02
2.6160830e-02
3.1685510e-02
3.7146780e-02
4.1622300e-02
4.4052050e-02
4.3843390e-02
4.1063770e-02
3.7104270e-02
3.3963300e-02
3.2581560e-02
3.2927150e-02
3.5009090e-02
3.8767490e-02
4.3010400e-02
4.5899030e-02
4.6076900e-02
4.3460220e-02
3.8974060e-02
3.3788380e-02
2.8992100e-02
2.5281200e-02
2.2814590e-02
2.1245200e-02
1.9886000e-02
1.7913710e-02
1.4891670e-02
1.1014950e-02
6.8537840e-03
3.0289850e-03
4.2841790e-05
-2.3182660e-03
-4.5361390e-03
-7.3531150e-03
-1.1034020e-02
-1.5127740e-02
-1.9117220e-02
-2.2550390e-02
-2.4713630e-02
-2.5302780e-02
-2.4609970e-02
-2.3199840e-02
-2.1575900e-02
-2.0613030e-02
-2.1071090e-02
-2.2726100e-02
-2.4661550e-02
-2.6077190e-02
-2.6547990e-02
-2.5666680e-02
-2.2895420e-02
-1.7644750e-02
-1.0553730e-02
-3.6446550e-03
5.6173320e-04
3.9033170e-04
-4.1096260e-03
-1.1663380e-02
-2.1118480e-02
-3.1547510e-02
-4.1609980e-02
-4.9662180e-02
-5.4574770e-02
-5.6103950e-02
-5.5043170e-02
-5.2383620e-02
-4.8895980e-02
-4.5159340e-02
-4.2194480e-02
-4.1150740e-02
-4.2218000e-02
-4.4137160e-02
-4.4868210e-02
-4.1845660e-02
-3.2774270e-02
-1.6789220e-02
5.2635770e-03
3.0535200e-02
5.4992610e-02
7.5120700e-02
8.9284060e-02
9.7977650e-02
1.0257080e-01
1.0398890e-01
1.0273510e-01
9.9439460e-02
9.5424900e-02
9.2738510e-02
9.2949080e-02
9.6124530e-02
1.0080350e-01
1.0470550e-01
1.0623170e-01
1.0480570e-01
1.0071910e-01
9.4651430e-02
8.7537500e-02
8.0638120e-02
7.5093180e-02
7.1566790e-02
7.0019690e-02
6.9719220e-02
6.9408720e-02
6.6864900e-02
5.9956420e-02
4.7889980e-02
3.1155100e-02
1.1042270e-02
-1.1128990e-02
-3.4339420e-02
-5.7526060e-02
-7.9086570e-02
-9.7032450e-02
-1.0988100e-01
-1.1733020e-01
-1.2051470e-01
-1.2146830e-01
-1.2181060e-01
-1.2214770e-01
-1.2226370e-01
-1.2214760e-01
-1.2213970e-01
-1.2258950e-01
-1.2370320e-01
-1.2521140e-01
-1.2659660e-01
-1.2699200e-01
-1.2563610e-01
-1.2257640e-01
-1.1837930e-01
-1.1388960e-01
-1.0967430e-01
-1.0571000e-01
-1.0166960e-01
-9.7600170e-02
-9.3732030e-02
-8.9605720e-02
-8.4092420e-02
-7.6226190e-02
-6.6162680e-02
-5.4099970e-02
-4.0128070e-02
-2.5345580e-02
-1.1607490e-02
-5.5108530e-05
9.1754360e-03
1.6452990e-02
2.2297140e-02
2.7099860e-02
3.1313770e-02
3.5928970e-02
4.2250980e-02
5.1060910e-02
6.1997370e-02
7.3883360e-02
8.4880960e-02
9.3233330e-02
9.8463980e-02
1.0145410e-01
1.0356330e-01
1.0534110e-01
1.0697600e-01
1.0859170e-01
1.1028460e-01
1.1215250e-01
1.1387130e-01
1.1459870e-01
1.1312000e-01
1.0886280e-01
1.0241920e-01
9.4987730e-02
8.7661660e-02
8.0745820e-02
7.4304980e-02
6.8806870e-02
6.4562050e-02
6.0901530e-02
5.6656760e-02
5.0961550e-02
4.3893740e-02
3.6003380e-02
2.7700140e-02
1.8789230e-02
8.5178150e-03
-3.4516620e-03
-1.6386220e-02
-2.8677910e-02
-3.8785650e-02
-4.6272380e-02
-5.1913640e-02
-5.6709580e-02
-6.1025770e-02
-6.4641860e-02
-6.6975920e-02
-6.7506330e-02
-6.6299920e-02
-6.3705980e-02
-5.9950970e-02
-5.5363560e-02
-5.0548380e-02
-4.5984780e-02
-4.1625800e-02
-3.7175370e-02
-3.2696270e-02
-2.8837440e-02
-2.6538500e-02
-2.6313030e-02
-2.7912490e-02
-3.1037490e-02
-3.5014200e-02
-3.8790240e-02
-4.1497630e-02
-4.2499620e-02
-4.1004390e-02
-3.6553000e-02
-2.9110490e-02
-1.9539120e-02
-9.1164360e-03
6.1980610e-04
7.9359280e-03
1.1761940e-02
1.2154460e-02
1.0202900e-02
7.5403370e-03
5.6215600e-03
5.1112800e-03
5.9791980e-03
7.7078990e-03
9.3561890e-03
9.9404080e-03
8.6909240e-03
5.4630510e-03
7.3625140e-04
-4.8868320e-03
-1.1112670e-02
-1.7847730e-02
-2.4973210e-02
-3.1821210e-02
-3.7645040e-02
-4.1927500e-02
-4.4359270e-02
-4.5084590e-02
-4.4810100e-02
-4.4217160e-02
-4.3754410e-02
-4.3432710e-02
-4.2336860e-02
-3.9303620e-02
-3.4014930e-02
-2.7403540e-02
-2.0551970e-02
-1.4115970e-02
-8.2250370e-03
-2.5184540e-03
3.2606090e-03
8.9692740e-03
1.4403740e-02
1.9523440e-02
2.4657200e-02
3.0620530e-02
3.7949630e-02
4.6402100e-02
5.4893350e-02
6.2161350e-02
6.7224350e-02
6.9986560e-02
7.1102830e-02
7.1021210e-02
6.9855700e-02
6.7387820e-02
6.3566460e-02
5.8738620e-02
5.3166250e-02
4.6728850e-02
3.9209540e-02
3.0964460e-02
2.2852530e-02
1.5884760e-02
1.0643110e-02
6.6923480e-03
2.4956310e-03
-3.3520000e-03
-1.1254930e-02
-2.0715200e-02
-3.1129830e-02
-4.1939210e-02
-5.2107670e-02
-6.0304510e-02
-6.5548570e-02
-6.7715660e-02
-6.7567470e-02
-6.6006900e-02
-6.3950160e-02
-6.2245060e-02
-6.1003480e-02
-5.9545880e-02
-5.6869240e-02
-5.2687720e-02
-4.8052910e-02
-4.4341800e-02
-4.1760280e-02
-3.9608480e-02
-3.7235200e-02
-3.4192150e-02
-3.0234270e-02
-2.5402780e-02
-2.0062620e-02
-1.4787150e-02
-1.0256690e-02
-7.0981030e-03
-5.4272340e-03
-4.3756950e-03
-2.6507240e-03
1.3096190e-04
3.0836700e-03
5.5357680e-03
7.8778500e-03
1.0700320e-02
1.3844420e-02
1.6581830e-02
1.8145940e-02
1.8091770e-02
1.6604380e-02
1.4195650e-02
1.1218670e-02
7.7980140e-03
4.1488070e-03
6.0608290e-04
-2.8077150e-03
-6.2978980e-03
-9.8605200e-03
-1.3480630e-02
-1.7265030e-02
-2.1166720e-02
-2.4739470e-02
-2.7645650e-02
-2.9825060e-02
-3.1205670e-02
-3.1721060e-02
-3.1943380e-02
-3.2705220e-02
-3.4091820e-02
-3.5676220e-02
-3.7350590e-02
-3.8975920e-02
-3.9928220e-02
-3.9892580e-02
-3.9334690e-02
-3.8900730e-02
-3.8846020e-02
-3.8934110e-02
-3.8322900e-02
-3.6031420e-02
-3.1502790e-02
-2.4943470e-02
-1.7167650e-02
-9.3160360e-03
-2.3181380e-03
3.1309150e-03
6.7631880e-03
8.6090670e-03
8.9755290e-03
8.3689950e-03
7.2108340e-03
5.7658660e-03
4.4827930e-03
3.9171480e-03
4.6166680e-03
6.6636290e-03
9.1949790e-03
1.0943130e-02
1.1230110e-02
1.0220630e-02
8.3640350e-03
5.9531480e-03
3.1605260e-03
4.6321800e-04
-1.2303210e-03
-1.5210380e-03
-1.2221300e-03
-1.6796550e-03
-3.8141680e-03
-7.6732830e-03
-1.2156920e-02
-1.5923470e-02
-1.8020020e-02
-1.8125410e-02
-1.6509770e-02
-1.3647390e-02
-1.0025500e-02
-6.5095740e-03
-3.7170470e-03
-1.8762390e-03
-7.2263660e-04
4.6258660e-04
2.3027650e-03
4.9103000e-03
8.3420430e-03
1.2639330e-02
1.7705100e-02
2.3037920e-02
2.8007630e-02
3.2111780e-02
3.5202900e-02
3.7405330e-02
3.9277310e-02
4.1185040e-02
4.3132270e-02
4.4694990e-02
4.5374080e-02
4.4937690e-02
4.3735460e-02
4.1932340e-02
3.9317890e-02
3.6150620e-02
3.3293680e-02
3.1620550e-02
3.1139710e-02
3.0876820e-02
2.9909960e-02
2.8001460e-02
2.5722780e-02
2.3711320e-02
2.1847950e-02
1.9416850e-02
1.5879020e-02
1.1518470e-02
7.2725920e-03
4.1207710e-03
2.5122710e-03
2.2245790e-03
2.8362690e-03
4.0673400e-03
5.4253400e-03
6.2477560e-03
6.0240870e-03
4.8506890e-03
3.5954330e-03
3.3366930e-03
4.3652290e-03
6.3077500e-03
8.8178550e-03
1.1539300e-02
1.4114020e-02
1.6511610e-02
1.8815230e-02
2.0887600e-02
2.2328290e-02
2.2569300e-02
2.1212550e-02
1.8638480e-02
1.5663850e-02
1.3229660e-02
1.2291880e-02
1.3145850e-02
1.5163960e-02
1.6877520e-02
1.6714920e-02
1.4069310e-02
9.5050040e-03
4.5234310e-03
1.0442230e-03
6.1461630e-04
3.5072360e-03
8.8058900e-03
1.5068950e-02
2.1300750e-02
2.6800260e-02
3.1214230e-02
3.4935420e-02
3.8461140e-02
4.2123890e-02
4.6183880e-02
5.0527760e-02
5.4640240e-02
5.7932710e-02
6.0122110e-02
6.1114720e-02
6.1055760e-02
6.0237710e-02
5.8872900e-02
5.6898210e-02
5.4508080e-02
5.2067310e-02
4.9642920e-02
4.6725020e-02
4.2493470e-02
3.6274940e-02
2.8172580e-02
1.9316050e-02
1.1504760e-02
5.9526690e-03
2.6471280e-03
4.8145430e-04
-1.9955050e-03
-5.4589480e-03
-9.6325690e-03
-1.4003370e-02
-1.8106100e-02
-2.1279260e-02
-2.2535210e-02
-2.1176090e-02
-1.7477020e-02
-1.2416470e-02
-7.1551300e-03
-2.7595500e-03
2.2817730e-05
1.1647400e-03
1.4638020e-03
1.9452350e-03
3.1765000e-03
5.1433730e-03
7.5237090e-03
9.7674560e-03
1.1462780e-02
1.2679940e-02
1.3617890e-02
1.4146110e-02
1.4197590e-02
1.3727440e-02
1.2723160e-02
1.1355210e-02
9.8329230e-03
8.3987020e-03
7.1934060e-03
6.2981450e-03
5.4953880e-03
4.6375770e-03
3.4078420e-03
1.4107810e-03
-1.1296490e-03
-3.4816100e-03
-5.2277830e-03
-6.6742120e-03
-8.5115680e-03
-1.1022770e-02
-1.3988110e-02
-1.7016950e-02
-2.0160390e-02
-2.3704060e-02
-2.7885170e-02
-3.2648940e-02
-3.7875160e-02
-4.3364500e-02
-4.8750660e-02
-5.3406700e-02
-5.6493320e-02
-5.7414440e-02
-5.6520800e-02
-5.4863850e-02
-5.3195030e-02
-5.1794230e-02
-5.0996140e-02
-5.0923800e-02
-5.1653330e-02
-5.3232250e-02
-5.5330240e-02
-5.7327980e-02
-5.8626520e-02
-5.8742590e-02
-5.7500180e-02
-5.4992310e-02
-5.1649730e-02
-4.7973180e-02
-4.4161530e-02
-4.0359520e-02
-3.6861060e-02
-3.3890250e-02
-3.1374670e-02
-2.9124380e-02
-2.7045330e-02
-2.5094060e-02
-2.3319000e-02
-2.1755850e-02
-2.0365740e-02
-1.8931770e-02
-1.7389280e-02
-1.5870520e-02
-1.4698130e-02
-1.4275470e-02
-1.4935960e-02
-1.6330890e-02
-1.7479470e-02
-1.7379230e-02
-1.5783780e-02
-1.2991050e-02
-9.3146460e-03
-4.9734430e-03
-4.6324450e-04
3.4264310e-03
6.1958200e-03
7.8998310e-03
8.8169360e-03
9.1143890e-03
9.0907660e-03
8.8973500e-03
8.7060390e-03
8.8090960e-03
9.2731030e-03
9.8137910e-03
1.0094750e-02
1.0028870e-02
1.0068920e-02
1.0306210e-02
1.0214800e-02
8.9549130e-03
6.2232990e-03
2.1904270e-03
-2.7431130e-03
-7.9910250e-03
-1.2834450e-02
-1.6897490e-02
-2.0023880e-02
-2.2030860e-02
-2.3034200e-02
-2.3302700e-02
-2.3120870e-02
-2.2427930e-02
-2.0884930e-02
-1.8249410e-02
-1.4690000e-02
-1.0739340e-02
-6.9546290e-03
-3.8829740e-03
-1.8411910e-03
-5.8245790e-04
3.5355600e-04
1.5806600e-03
3.6550470e-03
6.7897690e-03
1.0739630e-02
1.4903800e-02
1.8864080e-02
2.2594310e-02
2.6000410e-02
2.8930660e-02
3.1453820e-02
3.3686830e-02
3.5660360e-02
3.7360030e-02
3.8618600e-02
3.9304150e-02
3.9215230e-02
3.8468350e-02
3.7464790e-02
3.6509820e-02
3.5793210e-02
3.5438950e-02
3.5521990e-02
3.5869730e-02
3.6274400e-02
3.6263990e-02
3.5213030e-02
3.2835700e-02
2.9149520e-02
2.4590110e-02
1.9937440e-02
1.5875300e-02
1.2860070e-02
1.1323920e-02
1.1143460e-02
1.1772000e-02
1.2699360e-02
1.3288890e-02
1.3116110e-02
1.2098590e-02
1.0246820e-02
7.8761020e-03
5.3721210e-03
3.1781930e-03
1.4901680e-03
3.7800730e-04
1.5955300e-04
9.6962510e-04
2.7652470e-03
5.1185800e-03
7.6074360e-03
1.0229500e-02
1.3223400e-02
1.6690560e-02
2.0217750e-02
2.3401750e-02
2.6204340e-02
2.8932930e-02
3.1651220e-02
3.4064470e-02
3.6087590e-02
3.7774090e-02
3.9135590e-02
3.9802900e-02
3.9253900e-02
3.7196970e-02
3.4061200e-02
3.0754620e-02
2.7697890e-02
2.4745810e-02
2.1554240e-02
1.7699800e-02
1.2884440e-02
7.2385760e-03
1.0268430e-03
-5.7216790e-03
-1.2874390e-02
-1.9901080e-02
-2.6011810e-02
-3.0476160e-02
-3.3167550e-02
-3.4269260e-02
-3.4252550e-02
-3.4133700e-02
-3.4982460e-02
-3.7176710e-02
-4.0464930e-02
-4.4087860e-02
-4.6979250e-02
-4.8372610e-02
-4.8024280e-02
-4.5717020e-02
-4.1538880e-02
-3.6134490e-02
-3.0591720e-02
-2.5999920e-02
-2.3081480e-02
-2.1654110e-02
-2.1078980e-02
-2.0811450e-02
-2.0424830e-02
-1.9350510e-02
-1.7241890e-02
-1.4230560e-02
-1.0791660e-02
-7.3427240e-03
-4.0508240e-03
-1.0882420e-03
1.0087860e-03
1.8040190e-03
1.5456450e-03
7.8100320e-04
-6.6693010e-05
-9.5259180e-04
-1.8033420e-03
-2.4268870e-03
-2.7278470e-03
-2.8108880e-03
-3.1067490e-03
-4.1544690e-03
-6.1554310e-03
-8.7413390e-03
-1.1322490e-02
-1.3532130e-02
-1.5139320e-02
-1.5753940e-02
-1.5000400e-02
-1.2766080e-02
-9.6031620e-03
-6.4734420e-03
-4.4886090e-03
-4.3310750e-03
-6.0103770e-03
-9.0803890e-03
-1.2824110e-02
-1.6246730e-02
-1.8248260e-02
-1.8345980e-02
-1.6602380e-02
-1.3304340e-02
-9.0189910e-03
-4.4770150e-03
-3.1272040e-04
3.2067620e-03
5.9905810e-03
8.0268760e-03
9.4020390e-03
1.0090970e-02
1.0151870e-02
9.7590080e-03
9.1977490e-03
8.7947140e-03
8.8198760e-03
9.4029130e-03
1.0623800e-02
1.2380920e-02
1.4394670e-02
1.6054760e-02
1.6761100e-02
1.6137020e-02
1.4171020e-02
1.1195850e-02
7.5612980e-03
3.8515910e-03
9.5560180e-04
-5.6439410e-04
-7.7304460e-04
-1.3848590e-04
5.5172520e-04
9.0795200e-04
1.0404100e-03
1.2955360e-03
2.1063970e-03
3.6637260e-03
5.7009360e-03
7.8365960e-03
9.8877920e-03
1.1892170e-02
1.3901770e-02
1.5970260e-02
1.8116370e-02
2.0178970e-02
2.1891220e-02
2.3095120e-02
2.3593140e-02
2.3468460e-02
2.3048760e-02
2.2821340e-02
2.3158820e-02
2.4170520e-02
2.5893920e-02
2.8140950e-02
3.0547950e-02
3.2613940e-02
3.3816750e-02
3.3677220e-02
3.1905750e-02
2.8493850e-02
2.3808290e-02
1.8557000e-02
1.3498530e-02
9.2151320e-03
6.1933040e-03
4.4531370e-03
3.6951570e-03
3.6378810e-03
3.9898230e-03
4.6931060e-03
5.5043290e-03
5.9224150e-03
5.5436470e-03
4.4834620e-03
3.1413540e-03
2.0130830e-03
1.4456720e-03
1.6495110e-03
2.5494110e-03
4.0758450e-03
6.1023850e-03
8.3754000e-03
1.0596450e-02
1.2421430e-02
1.3826270e-02
1.5007310e-02
1.6211630e-02
1.7588510e-02
1.9094510e-02
2.0521170e-02
2.1418700e-02
2.1725900e-02
2.1651850e-02
2.1170670e-02
2.0343290e-02
1.9066730e-02
1.7146090e-02
1.4887100e-02
1.2735240e-02
1.0777640e-02
8.9776310e-03
7.1742300e-03
5.1615690e-03
2.9889450e-03
6.9658460e-04
-1.9569380e-03
-5.2677680e-03
-9.1446890e-03
-1.3236260e-02
-1.7349910e-02
-2.1409450e-02
-2.5117170e-02
-2.8046880e-02
-2.9894350e-02
-3.0636590e-02
-3.0592400e-02
-3.0240610e-02
-2.9946370e-02
-3.0107980e-02
-3.1102130e-02
-3.3099050e-02
-3.5853600e-02
-3.8846730e-02
-4.1294170e-02
-4.2812420e-02
-4.3485240e-02
-4.3598000e-02
-4.3383530e-02
-4.3168440e-02
-4.2962960e-02
-4.2634040e-02
-4.2044170e-02
-4.1142540e-02
-3.9866100e-02
-3.8263570e-02
-3.6491200e-02
-3.4461580e-02
-3.1851130e-02
-2.8586570e-02
-2.4830070e-02
-2.0729220e-02
-1.6379060e-02
-1.2213430e-02
-8.5860030e-03
-5.9736060e-03
-4.8558480e-03
-5.4964670e-03
-7.6634480e-03
-1.1009470e-02
-1.4877570e-02
-1.8394120e-02
-2.1167730e-02
-2.3227040e-02
-2.4740380e-02
-2.5874200e-02
-2.6745440e-02
-2.7483860e-02
-2.8119110e-02
-2.8572470e-02
-2.8725380e-02
-2.8559650e-02
-2.8085010e-02
-2.7463800e-02
-2.6842630e-02
-2.6369300e-02
-2.6304470e-02
-2.6719350e-02
-2.7516410e-02
-2.8305790e-02
-2.8651040e-02
-2.8489140e-02
-2.7932970e-02
-2.7184850e-02
-2.6513070e-02
-2.5994880e-02
-2.5580590e-02
-2.5210560e-02
-2.4626560e-02
-2.3626060e-02
-2.2059200e-02
-1.9951140e-02
-1.7502810e-02
-1.5050690e-02
-1.2614610e-02
-1.0041010e-02
-7.3390770e-03
-4.5094680e-03
-1.5348650e-03
1.5525460e-03
4.6187880e-03
7.7213940e-03
1.1007330e-02
1.4363590e-02
1.7771760e-02
2.1119480e-02
2.4386640e-02
2.7263810e-02
2.9293920e-02
3.0066580e-02
2.9405350e-02
2.7538780e-02
2.4867540e-02
2.1985420e-02
1.9493030e-02
1.7619760e-02
1.6329340e-02
1.5447160e-02
1.4679130e-02
1.3878090e-02
1.2781300e-02
1.1139480e-02
9.1430960e-03
7.1498330e-03
5.5065980e-03
4.3765750e-03
3.8798370e-03
3.8538060e-03
3.9623950e-03
3.8161910e-03
3.0551520e-03
1.5761800e-03
-2.4459410e-04
-1.7621980e-03
-2.3324790e-03
-1.5641290e-03
6.4787000e-04
4.1461570e-03
8.4962190e-03
1.3145280e-02
1.7533430e-02
2.1331990e-02
2.4622520e-02
2.7628920e-02
3.0694900e-02
3.4093370e-02
3.7603710e-02
4.0826360e-02
4.3438250e-02
4.5273680e-02
4.6261970e-02
4.6475670e-02
4.6075160e-02
4.5391450e-02
4.4665470e-02
4.3987200e-02
4.3260460e-02
4.2366680e-02
4.1120180e-02
3.9387130e-02
3.7100340e-02
3.4237730e-02
3.0883130e-02
2.7372310e-02
2.4403560e-02
2.2537040e-02
2.1767370e-02
2.1723480e-02
2.2027900e-02
2.2354260e-02
2.2429590e-02
2.1998350e-02
2.1022620e-02
1.9557650e-02
1.7732180e-02
1.5893980e-02
1.4303970e-02
1.3092890e-02
1.2328400e-02
1.2049250e-02
1.2101080e-02
1.2145880e-02
1.1900460e-02
1.1289270e-02
1.0546620e-02
1.0063890e-02
1.0052740e-02
1.0507940e-02
1.1333630e-02
1.2502320e-02
1.3827490e-02
1.4975420e-02
1.5588350e-02
1.5349940e-02
1.4022990e-02
1.1628760e-02
8.4693400e-03
4.9393930e-03
1.6072790e-03
-1.1038830e-03
-3.1255310e-03
-4.5407970e-03
-5.5205700e-03
-6.3456080e-03
-7.2999580e-03
-8.5994390e-03
-1.0273230e-02
-1.2411740e-02
-1.4752230e-02
-1.7155150e-02
-1.9803630e-02
-2.2747830e-02
-2.5766390e-02
-2.8432620e-02
-3.0222250e-02
-3.0749310e-02
-3.0033630e-02
-2.8402000e-02
-2.6307180e-02
-2.4094660e-02
-2.2019640e-02
-2.0189400e-02
-1.8583520e-02
-1.7086540e-02
-1.5468670e-02
-1.3611580e-02
-1.1654780e-02
-9.7740250e-03
-8.1337440e-03
-6.8511000e-03
-5.9692140e-03
-5.4172660e-03
-5.2678530e-03
-5.4956230e-03
-6.0585370e-03
-6.7927320e-03
-7.4821670e-03
-8.2087700e-03
-9.1792660e-03
-1.0568780e-02
-1.2517140e-02
-1.4996880e-02
-1.7802130e-02
-2.0636950e-02
-2.3066950e-02
-2.4713020e-02
-2.5785390e-02
-2.6646980e-02
-2.7477700e-02
-2.8301140e-02
-2.9178980e-02
-2.9900420e-02
-3.0132640e-02
-2.9389520e-02
-2.7513740e-02
-2.4701460e-02
-2.1412080e-02
-1.8287510e-02
-1.5952440e-02
-1.4474190e-02
-1.3545340e-02
-1.3054230e-02
-1.2732230e-02
-1.2319270e-02
-1.1755880e-02
-1.1096020e-02
-1.0550780e-02
-1.0217740e-02
-1.0115540e-02
-1.0321180e-02
-1.0933270e-02
-1.1932200e-02
-1.3069940e-02
-1.4189060e-02
-1.5018880e-02
-1.5405930e-02
-1.5449920e-02
-1.5225550e-02
-1.4820600e-02
-1.4374340e-02
-1.4030620e-02
-1.3959150e-02
-1.4420610e-02
-1.5289230e-02
-1.6236220e-02
-1.6951100e-02
-1.7120300e-02
-1.6654650e-02
-1.5553840e-02
-1.4039520e-02
-1.2503320e-02
-1.1380860e-02
-1.0932760e-02
-1.1007920e-02
-1.1076020e-02
-1.0663190e-02
-9.8352040e-03
-8.8430950e-03
-8.1083830e-03
-7.7929230e-03
-7.7835270e-03
-7.8280070e-03
-7.5697680e-03
-6.6815980e-03
-5.0623760e-03
-2.8094170e-03
-1.4922020e-04
2.4881630e-03
4.8537840e-03
6.9082770e-03
8.4656720e-03
9.3506100e-03
9.4222560e-03
8.8476030e-03
8.0045860e-03
7.3677090e-03
7.2234720e-03
7.6930760e-03
8.7652140e-03
1.0237380e-02
1.2003810e-02
1.3796020e-02
1.5323400e-02
1.6350750e-02
1.6755030e-02
1.6446340e-02
1.5522950e-02
1.4328420e-02
1.3341200e-02
1.3093410e-02
1.3694040e-02
1.4853070e-02
1.6163960e-02
1.7321070e-02
1.8269500e-02
1.8759550e-02
1.8805010e-02
1.8427530e-02
1.7687080e-02
1.6844020e-02
1.6309410e-02
1.6159240e-02
1.6380030e-02
1.6887230e-02
1.7583270e-02
1.8530510e-02
1.9644330e-02
2.0780140e-02
2.1876960e-02
2.2760510e-02
2.3347630e-02
2.3611420e-02
2.3704760e-02
2.3828600e-02
2.4145680e-02
2.4696380e-02
2.5509160e-02
2.6519720e-02
2.7263930e-02
2.7286610e-02
2.6380300e-02
2.4469090e-02
2.1871020e-02
1.9061970e-02
1.6354380e-02
1.4060390e-02
1.2451190e-02
1.1784720e-02
1.2003260e-02
1.2640940e-02
1.3162370e-02
1.3174080e-02
1.2660020e-02
1.1880490e-02
1.1147000e-02
1.0904720e-02
1.1423940e-02
1.2640170e-02
1.4253080e-02
1.6043150e-02
1.7774330e-02
1.9183920e-02
2.0225200e-02
2.0953030e-02
2.1455800e-02
2.1660250e-02
2.1485840e-02
2.1106110e-02
2.0751320e-02
2.0523630e-02
2.0413660e-02
2.0306880e-02
2.0072360e-02
1.9616410e-02
1.9215050e-02
1.9141740e-02
1.9568580e-02
2.0485100e-02
2.1782730e-02
2.3203760e-02
2.4273620e-02
2.4555210e-02
2.3900710e-02
2.2572760e-02
2.1158700e-02
2.0149360e-02
1.9746090e-02
1.9718950e-02
1.9554320e-02
1.8750390e-02
1.7116140e-02
1.4785180e-02
1.1833500e-02
8.4827780e-03
5.0937300e-03
2.0272180e-03
-3.6804640e-04
-1.9645020e-03
-2.8847420e-03
-3.6175210e-03
-4.5451280e-03
-5.9135720e-03
-7.7497360e-03
-1.0039610e-02
-1.2744370e-02
-1.5634050e-02
-1.8436740e-02
-2.0865640e-02
-2.2576780e-02
-2.3506010e-02
-2.3783560e-02
-2.3639360e-02
-2.3505670e-02
-2.3352110e-02
-2.2866430e-02
-2.1928970e-02
-2.0762970e-02
-1.9782190e-02
-1.9309430e-02
-1.9583050e-02
-2.0470880e-02
-2.1772220e-02
-2.3034260e-02
-2.3869970e-02
-2.3995130e-02
-2.3356620e-02
-2.2539890e-02
-2.2032970e-02
-2.2023430e-02
-2.2515590e-02
-2.3323330e-02
-2.4258620e-02
-2.5014260e-02
-2.5417470e-02
-2.5496570e-02
-2.5298590e-02
-2.4889230e-02
-2.4405100e-02
-2.4156800e-02
-2.4391530e-02
-2.4811440e-02
-2.5179080e-02
-2.5421100e-02
-2.5509110e-02
-2.5418840e-02
-2.5094880e-02
-2.4498720e-02
-2.3743680e-02
-2.3091960e-02
-2.2505260e-02
-2.1820240e-02
-2.0991880e-02
-1.9986820e-02
-1.8676180e-02
-1.7083460e-02
-1.5232820e-02
-1.3138570e-02
-1.0735670e-02
-8.0311960e-03
-5.1938020e-03
-2.4534260e-03
-5.1713680e-05
1.8236610e-03
3.2933870e-03
4.6142200e-03
5.7445200e-03
6.6248890e-03
7.3326830e-03
8.1857690e-03
9.3279490e-03
1.0539430e-02
1.1570630e-02
1.2340000e-02
1.3156090e-02
1.4231800e-02
1.5441550e-02
1.6590940e-02
1.7271550e-02
1.7217710e-02
1.6388270e-02
1.4913740e-02
1.3053190e-02
1.1144920e-02
9.4247530e-03
7.9619950e-03
6.7091890e-03
5.5134260e-03
4.3789660e-03
3.3935120e-03
2.7152090e-03
2.1917400e-03
1.5106190e-03
5.4191050e-04
-5.3839250e-04
-1.6133560e-03
-2.4150650e-03
-2.7957610e-03
-2.8270640e-03
-2.5545220e-03
-2.0520590e-03
-1.4727120e-03
-9.6918400e-04
-5.8643660e-04
-2.5938410e-04
3.4735350e-04
1.5130760e-03
3.2479330e-03
5.4634310e-03
8.0812030e-03
1.0830530e-02
1.3516290e-02
1.6024650e-02
1.8141820e-02
1.9856970e-02
2.1260120e-02
2.2449390e-02
2.3483360e-02
2.4334420e-02
2.5058770e-02
2.5417890e-02
2.5322350e-02
2.4748800e-02
2.3618650e-02
2.1955320e-02
1.9956520e-02
1.7854810e-02
1.5598650e-02
1.3330470e-02
1.1245790e-02
9.4506170e-03
7.9616060e-03
6.8138300e-03
6.1273560e-03
5.8492240e-03
5.9561980e-03
6.5254180e-03
7.5892480e-03
8.9076880e-03
1.0120330e-02
1.0912350e-02
1.1151420e-02
1.0931670e-02
1.0398430e-02
9.8413710e-03
9.6086390e-03
9.9507910e-03
1.0651030e-02
1.1483930e-02
1.2296900e-02
1.2845340e-02
1.2886340e-02
1.2365800e-02
1.1480050e-02
1.0391940e-02
9.1752760e-03
7.9155880e-03
6.6732250e-03
5.6203750e-03
4.9306120e-03
4.8106380e-03
5.0612820e-03
5.2025760e-03
4.8376390e-03
4.0823390e-03
3.2186390e-03
2.3575470e-03
1.6111210e-03
1.1535460e-03
9.7692970e-04
9.3555790e-04
8.7662950e-04
5.6671090e-04
-2.4824570e-04
-1.4545860e-03
-2.7978600e-03
-4.1529910e-03
-5.6176430e-03
-7.2330170e-03
-8.9639960e-03
-1.0808240e-02
-1.2615970e-02
-1.4267280e-02
-1.5796680e-02
-1.7301430e-02
-1.8802650e-02
-2.0310060e-02
-2.1764550e-02
-2.3077990e-02
-2.4181430e-02
-2.4922610e-02
-2.5121650e-02
-2.4898330e-02
-2.4467010e-02
-2.4174200e-02
-2.4172900e-02
-2.4445020e-02
-2.4769250e-02
-2.5077600e-02
-2.5416290e-02
-2.5872850e-02
-2.6384480e-02
-2.6744450e-02
-2.7020930e-02
-2.7146530e-02
-2.7226540e-02
-2.7321930e-02
-2.7379470e-02
-2.7392370e-02
-2.7303770e-02
-2.7192410e-02
-2.7254260e-02
-2.7590490e-02
-2.8190730e-02
-2.8872790e-02
-2.9432460e-02
-2.9905400e-02
-3.0305930e-02
-3.0516420e-02
-3.0484530e-02
-3.0254750e-02
-2.9927000e-02
-2.9710980e-02
-2.9629900e-02
-2.9578500e-02
-2.9442160e-02
-2.9061400e-02
-2.8444770e-02
-2.7696460e-02
-2.7047390e-02
-2.6661960e-02
-2.6514440e-02
-2.6481510e-02
-2.6437010e-02
-2.6267790e-02
-2.5927790e-02
-2.5399780e-02
-2.4770710e-02
-2.4131700e-02
-2.3409540e-02
-2.2550050e-02
-2.1577280e-02
-2.0453620e-02
-1.9142270e-02
-1.7718620e-02
-1.6192680e-02
-1.4481160e-02
-1.2662360e-02
-1.0894220e-02
-9.1384700e-03
-7.4621250e-03
-5.8939940e-03
-4.4334770e-03
-3.1929010e-03
-2.2054000e-03
-1.4406150e-03
-1.0244700e-03
-9.8836860e-04
-1.0634440e-03
-1.1398710e-03
-9.6763620e-04
-3.6294260e-04
6.9628040e-04
1.8410630e-03
2.7728210e-03
3.3322750e-03
3.5552380e-03
3.4284170e-03
2.9600500e-03
2.3279300e-03
1.6225480e-03
9.3343980e-04
2.9601840e-04
-2.5849170e-04
-7.7529740e-04
-1.4672130e-03
-2.2311290e-03
-2.9512290e-03
-3.6941890e-03
-4.3437270e-03
-4.7411160e-03
-4.7763400e-03
-4.4502000e-03
-3.7224670e-03
-2.7124460e-03
-1.5730200e-03
-4.4649050e-04
6.7234130e-04
1.9025620e-03
3.1526000e-03
4.4853370e-03
5.8978850e-03
7.5317360e-03
9.4792780e-03
1.1883980e-02
1.4535490e-02
1.6996670e-02
1.9072380e-02
2.0755620e-02
2.1988380e-02
2.2927740e-02
2.3508820e-02
2.3836570e-02
2.4104950e-02
2.4405040e-02
2.4799260e-02
2.5438180e-02
2.6290700e-02
2.7277270e-02
2.8351850e-02
2.9582690e-02
3.0885000e-02
3.2048830e-02
3.2843120e-02
3.3064550e-02
3.2650280e-02
3.1838630e-02
3.0936720e-02
3.0372980e-02
3.0237550e-02
3.0538180e-02
3.1085700e-02
3.1687900e-02
3.2200100e-02
3.2614530e-02
3.2984020e-02
3.3350830e-02
3.3712810e-02
3.3827430e-02
3.3526360e-02
3.3024520e-02
3.2432990e-02
3.1729610e-02
3.0873840e-02
2.9895170e-02
2.8845180e-02
2.7870940e-02
2.6996530e-02
2.6207450e-02
2.5578790e-02
2.5000940e-02
2.4299880e-02
2.3509470e-02
2.2734920e-02
2.1859400e-02
2.0831130e-02
1.9627220e-02
1.8147210e-02
1.6360570e-02
1.4387370e-02
1.2412270e-02
1.0594600e-02
9.1154660e-03
7.9773400e-03
7.1056710e-03
6.4341610e-03
5.7492330e-03
4.9273640e-03
3.9958890e-03
3.0299840e-03
2.0253650e-03
9.6987060e-04
-1.9469830e-04
-1.6249670e-03
-3.3106150e-03
-5.0547660e-03
-6.7039120e-03
-8.1134110e-03
-9.2130740e-03
-9.9285350e-03
-1.0274680e-02
-1.0473090e-02
-1.0807580e-02
-1.1372260e-02
-1.2055530e-02
-1.2855310e-02
-1.3757390e-02
-1.4686420e-02
-1.5689230e-02
