0.01
1.3288240e-02
3.1319540e-02
4.3017340e-02
5.1377160e-02
4.8955880e-02
1.6770590e-02
-1.8211940e-02
-2.9208530e-02
-2.6829490e-02
-2.7878070e-02
-2.6233370e-02
-1.1953600e-03
2.1078240e-02
2.5684660e-02
2.3511650e-02
1.9590320e-02
1.2560020e-02
7.0586200e-03
4.9362850e-03
-3.3308050e-03
-6.9309940e-03
-1.8333530e-03
1.0793660e-03
-6.7451680e-03
-1.1733690e-02
-2.0421230e-02
-3.9226690e-02
-4.4070900e-02
-2.8898890e-02
-4.4392260e-03
2.1294680e-02
4.0127430e-02
6.1296960e-02
7.7631710e-02
7.1864640e-02
5.7670660e-02
5.2692740e-02
3.7707380e-02
1.2936450e-02
2.2784680e-03
1.4961620e-02
3.1675020e-02
2.6813990e-02
1.6762790e-02
1.9912910e-02
2.8758690e-02
2.1387050e-02
1.1192120e-02
1.9493830e-02
3.3874470e-02
3.8180550e-02
4.5045980e-02
5.0114830e-02
4.9944560e-02
5.2552440e-02
4.4107680e-02
1.5727900e-02
3.9698170e-03
1.1827290e-02
4.1095170e-03
-2.2677120e-02
-3.0434690e-02
-3.0175760e-02
-3.8946430e-02
-4.7286640e-02
-6.6751200e-02
-9.4617740e-02
-1.1050790e-01
-1.1437210e-01
-1.2115930e-01
-1.2800360e-01
-1.2673410e-01
-1.1993170e-01
-1.1246030e-01
-1.0167450e-01
-8.5358230e-02
-6.4347490e-02
-4.7227860e-02
-4.0014300e-02
-3.7928650e-02
-3.0743210e-02
-2.2257160e-02
-2.3163770e-02
-2.7966900e-02
-2.9599870e-02
-2.3129260e-02
-8.6598470e-03
7.1186200e-03
-9.3343960e-03
-2.6040220e-02
-9.2751870e-03
1.5457260e-02
1.8633050e-02
3.9938820e-02
7.6238220e-02
8.8770940e-02
7.6587050e-02
6.0128970e-02
3.7374280e-02
-8.0721070e-03
-4.4778190e-02
-5.1559560e-02
-5.6059310e-02
-5.2987000e-02
-3.8772320e-02
-2.2955020e-02
-9.7918820e-03
-4.3977390e-03
-1.8501780e-02
-1.9850170e-02
-2.7646000e-02
-4.9815420e-02
-5.3683390e-02
-4.3360350e-02
-3.3126160e-02
-2.8354280e-02
-2.1137180e-02
-3.3683020e-02
-3.6239840e-02
4.4907550e-03
4.8893990e-02
6.0849950e-02
3.2118180e-02
4.6878090e-03
-7.7552540e-03
-2.4284900e-02
-4.6741190e-02
-5.7306460e-02
-5.7777890e-02
-5.8405780e-02
-6.4707320e-02
-6.9323430e-02
-4.8511640e-02
-7.6057680e-03
1.8048800e-02
2.7287110e-02
3.1656310e-02
2.4743550e-02
1.6768400e-02
1.4817600e-02
2.6346150e-02
5.1743380e-02
5.2716560e-02
2.6803270e-02
-1.5541930e-03
-2.5230870e-02
-3.9166040e-02
-4.0222550e-02
-2.9059200e-02
-1.5323580e-02
8.3005820e-03
1.7095620e-02
1.1700770e-02
1.2230260e-02
2.9367220e-02
3.4925980e-02
3.3121420e-02
1.0508310e-02
-2.5732910e-02
-1.8360590e-02
3.1857300e-02
5.2406260e-02
3.7915320e-02
2.4872580e-02
2.5826290e-02
4.2472370e-02
4.7090180e-02
2.1813020e-02
1.7781750e-04
-9.5554030e-03
-1.3295750e-02
-2.2976090e-02
-1.7576250e-02
2.2824200e-02
6.2387570e-02
7.4312250e-02
8.1595410e-02
7.7239360e-02
4.6371720e-02
-2.1628040e-02
-6.8992170e-02
-9.1553350e-02
-8.4031230e-02
-7.2373500e-02
-7.4920200e-02
-8.3050080e-02
-7.2620230e-02
-5.0919860e-02
-1.0819600e-02
4.0263020e-02
5.9745260e-02
4.6003350e-02
1.9869240e-02
1.6539410e-02
1.2984490e-02
-8.8260250e-03
-2.0729600e-02
-3.2870320e-04
4.6239480e-02
8.3246600e-02
9.7247970e-02
1.1002470e-01
1.2521420e-01
1.0664750e-01
6.3013590e-02
4.4918230e-02
3.5583870e-02
2.0106540e-02
1.0919280e-02
1.6569670e-02
3.1090650e-02
5.7982600e-02
5.3481420e-02
2.8480470e-03
-1.6876500e-02
-2.0931590e-02
-3.0023420e-02
-6.2854830e-02
-7.8816720e-02
-7.2716500e-02
-6.3855020e-02
-6.7791310e-02
-8.0117160e-02
-8.2667810e-02
-8.4631890e-02
-9.2573230e-02
-6.8911700e-02
-2.3421700e-02
-2.1762680e-03
9.4519550e-03
1.2951190e-02
1.7142620e-02
1.3935020e-02
9.2755080e-04
3.5702120e-03
1.0191490e-02
1.4018350e-02
3.1499320e-02
4.4306450e-02
5.6458610e-02
7.6365630e-02
6.7931920e-02
3.7049980e-02
2.8181520e-02
2.5707230e-02
2.7366000e-02
3.0808570e-02
2.5070030e-02
3.1785130e-02
4.9991150e-02
5.1838500e-02
1.4788870e-02
-1.1547490e-02
4.5454690e-03
3.2633150e-02
1.3515790e-02
-2.9387050e-02
-6.8680300e-03
5.6232730e-02
6.9196490e-02
5.0979820e-02
4.9908530e-02
6.2511890e-02
4.7257250e-02
3.2853940e-02
2.2468630e-02
-3.3294160e-02
-8.3863940e-02
-6.8716140e-02
-1.3443630e-02
4.8573630e-03
-2.6786080e-02
-4.7415270e-02
-2.2005030e-02
4.2610330e-03
-5.9577330e-03
-1.4656780e-02
1.9799940e-03
1.2614520e-02
1.2917000e-02
3.8768990e-02
2.7280170e-02
-5.5238840e-02
-8.7958420e-02
-1.7955990e-02
-1.4093080e-02
-4.7130920e-02
-1.4662990e-02
5.4488940e-02
6.8848020e-02
5.3198540e-02
3.2165240e-02
3.1378520e-02
3.4846370e-02
2.9084850e-02
3.0396330e-02
6.5682870e-02
6.6698030e-02
1.3496790e-02
-1.8104630e-02
-1.9770450e-02
-3.5559980e-02
-4.6345230e-02
-4.6430850e-02
-4.7120200e-02
-3.9895100e-02
-2.3353750e-02
-2.3415240e-02
-3.2788850e-02
-3.3139990e-02
-3.7378570e-02
-5.7395820e-02
-6.6420120e-02
-6.4013970e-02
-4.4942810e-02
-3.5734890e-02
-1.8731330e-02
2.9165650e-02
6.5970200e-02
7.0592370e-02
3.7234280e-02
4.5652820e-03
-4.7036310e-03
-1.7228680e-02
-3.1290610e-02
-3.9858430e-02
-3.9549180e-02
5.7921090e-03
5.0288260e-02
3.9626670e-02
2.7143770e-02
3.1256410e-02
1.2403950e-02
-2.0048640e-02
-3.2094640e-02
-3.2390150e-02
-2.4234950e-02
-2.5593200e-02
-2.0894420e-02
-1.3849710e-02
-3.3828150e-02
-3.6828270e-02
-2.0007840e-03
1.5948980e-02
3.3068340e-03
-1.6407150e-03
1.6702540e-02
3.1490610e-02
4.0956960e-02
4.8018070e-02
4.8238150e-02
4.5206620e-02
4.0183680e-02
2.8259240e-02
1.8033220e-02
9.5462720e-03
1.9972440e-03
8.8458860e-03
2.3635960e-02
1.8140470e-02
1.5707410e-02
2.1110310e-02
-4.8906000e-03
-2.4124110e-02
-2.4614740e-02
-4.7716810e-02
-7.6643600e-02
-7.9444810e-02
-6.1330230e-02
-4.2975400e-02
-1.7595690e-02
3.0587820e-03
-2.7712870e-03
-1.1798410e-02
-6.6634020e-03
2.0748420e-02
3.7029460e-02
4.2943830e-02
4.9256510e-02
4.1041340e-02
2.2631350e-02
8.4286360e-03
5.9907480e-04
-3.2249560e-03
-7.1132570e-03
-7.1267520e-03
-4.4281060e-03
1.5997580e-03
6.1190130e-03
9.2720090e-03
6.0768620e-03
5.8260010e-03
1.5115640e-02
2.0318280e-02
1.9758570e-02
2.3872260e-02
3.4515780e-02
7.9186180e-03
-4.5855950e-02
-5.6190620e-02
-4.5777930e-02
-3.7880680e-02
-2.4885230e-02
9.6724120e-03
3.7355090e-02
4.1416020e-02
3.5719000e-02
2.5467350e-02
-6.4410490e-03
-3.0375000e-02
-1.4774150e-02
9.7920500e-03
-4.1615980e-04
-1.0022040e-02
4.8011240e-03
2.3901080e-02
8.7572820e-03
-2.5889270e-02
-4.4731020e-02
-4.2857040e-02
-3.0472270e-02
-3.3123930e-02
-4.9224140e-02
-6.8208650e-02
-7.7782310e-02
-5.9764360e-02
-3.3377890e-02
-8.5613300e-03
3.5039450e-02
8.1754140e-02
1.1083920e-01
1.0449600e-01
8.0598570e-02
6.6491040e-02
4.0983730e-02
-1.0621350e-03
-2.9411310e-02
-2.9193830e-02
-1.4256020e-02
1.5995290e-02
3.9805470e-02
4.0026710e-02
2.0172490e-02
-9.6721410e-04
-1.5765250e-02
-2.0331970e-02
-3.1689480e-02
-4.5287090e-02
-4.0859210e-02
-1.1300130e-02
1.1550150e-02
2.9108030e-02
3.4743650e-02
1.2656390e-02
-1.2767250e-02
-2.3187000e-02
-4.1159900e-02
-5.1196770e-02
-4.8171200e-02
-3.9912390e-02
-9.3522070e-03
3.2576560e-02
5.6022540e-02
6.1472820e-02
4.6581980e-02
1.2368200e-02
-1.2690700e-02
-1.5459270e-02
-8.9594520e-03
-2.6760010e-03
9.9101910e-03
3.3945330e-02
3.9954400e-02
3.7947870e-02
4.6477250e-02
5.0215610e-02
3.9964020e-02
3.7192310e-02
3.3455920e-02
2.1077990e-02
4.7178880e-03
-4.8461940e-03
-4.1496030e-04
-1.8641670e-03
-2.7491230e-03
1.2341910e-02
1.6926790e-02
1.3135190e-03
-2.9232930e-03
1.2882920e-02
3.4846880e-02
4.2497690e-02
4.0365630e-02
4.1742380e-02
5.0550970e-02
4.7959270e-02
4.6476560e-02
5.1759670e-02
3.7260720e-02
-1.0097210e-02
-4.2532100e-02
-4.8143100e-02
-6.4961150e-02
-8.8711840e-02
-9.3621140e-02
-9.1259520e-02
-9.2868670e-02
-8.4265570e-02
-4.8224100e-02
-1.6541690e-02
-1.4673580e-03
-3.3057960e-03
-1.3449500e-02
-1.7902120e-02
-2.1385370e-02
-2.4882950e-02
-1.7464180e-02
1.5425710e-03
2.6920290e-02
4.1306460e-02
4.4603430e-02
6.4020710e-02
8.2101730e-02
6.8749190e-02
4.0770290e-02
3.1592430e-02
2.9092030e-02
1.0611040e-02
1.0994350e-02
3.0876510e-02
4.6783910e-02
5.8451580e-02
4.2116080e-02
-2.1143260e-03
-3.3694520e-02
-7.2048470e-02
-1.0225170e-01
-1.0427930e-01
-8.6123630e-02
-7.5396240e-02
-6.3748940e-02
-4.4029660e-02
-3.0993010e-02
-2.0223170e-02
-6.5868860e-03
-4.0885400e-03
-5.3027760e-03
1.3490120e-02
4.3765060e-02
4.5376090e-02
3.1024110e-02
1.7307590e-02
1.0620920e-02
1.5907020e-02
3.1472250e-02
5.0566260e-02
6.9286070e-02
7.6744160e-02
7.9257400e-02
8.4684870e-02
7.4410480e-02
5.5453000e-02
5.6107550e-02
6.4242820e-02
4.8050610e-02
3.7518000e-02
4.9766310e-02
5.8896390e-02
4.9343590e-02
3.0390650e-02
-1.3566370e-02
-7.0082600e-02
-9.9082870e-02
-1.0699900e-01
-1.1008520e-01
-1.0790820e-01
-6.9577400e-02
-2.2949490e-02
-1.3192550e-03
1.4026470e-03
5.3780480e-04
7.9476700e-03
1.9277470e-02
2.6796640e-02
2.9088080e-02
3.5645410e-02
5.0603840e-02
4.9745820e-02
3.2115060e-02
2.4930360e-02
2.7250910e-02
3.7805090e-02
5.3633080e-02
6.0038940e-02
5.3558980e-02
3.7379610e-02
1.2258040e-02
-2.9426040e-02
-6.8509760e-02
-9.1481380e-02
-1.0408230e-01
-1.0538250e-01
-7.0649110e-02
-2.0843980e-02
6.5215610e-03
1.8455070e-02
3.6886810e-02
6.9861790e-02
9.6328230e-02
1.0024040e-01
7.0859510e-02
3.0008690e-02
-3.3253300e-02
-9.7192780e-02
-1.1667790e-01
-1.0132920e-01
-7.7255590e-02
-4.3693690e-02
-2.0056350e-03
2.8340330e-02
4.2065740e-02
5.8495050e-02
6.6635930e-02
5.3163750e-02
8.6326650e-03
-1.0377120e-02
4.2479990e-03
2.8592020e-02
1.2687640e-02
-2.4376040e-03
-6.5448560e-03
-2.8519110e-02
-5.5046690e-02
-4.6360800e-02
-6.6661810e-03
2.0333370e-02
2.2961230e-02
8.2650280e-03
-2.4599710e-02
-4.7480740e-02
-6.6426970e-02
-8.8169000e-02
-9.1456090e-02
-4.4083410e-02
2.9643250e-02
7.3440480e-02
9.0067610e-02
9.5396650e-02
9.2087400e-02
7.8646890e-02
3.0346150e-02
-5.4664250e-02
-1.1667370e-01
-1.2871110e-01
-1.2538450e-01
-9.2281000e-02
-4.9916690e-02
-2.1589330e-02
8.2674300e-04
2.5067840e-02
2.9047950e-02
1.7780880e-02
-5.6974780e-03
-3.7459100e-02
-7.6791340e-02
-1.1638470e-01
-1.2909020e-01
-6.9693250e-02
3.4385010e-02
6.2583260e-02
7.0860800e-02
6.4649190e-02
6.1713700e-02
6.3976030e-02
4.7147740e-02
-1.7853610e-02
-8.6685220e-02
-1.2770200e-01
-1.4623030e-01
-1.5242180e-01
-1.3671030e-01
-7.2992660e-02
-1.1105030e-02
1.2674750e-02
-1.5994980e-02
-4.2158590e-02
-5.9354110e-02
-6.7542540e-02
-7.1695810e-02
-8.2282730e-02
-6.8067010e-02
-4.2971430e-05
5.9942300e-02
9.4748440e-02
1.0587160e-01
1.1638790e-01
1.2133830e-01
7.2983920e-02
-1.3943430e-02
-5.1550170e-02
-5.7213770e-02
-4.0637870e-02
-2.0109030e-02
6.6946610e-03
2.0840510e-02
2.2659630e-02
2.1533340e-02
2.4684590e-02
4.1823720e-02
5.4502500e-02
5.4918640e-02
3.8187090e-02
3.0457400e-02
3.8169450e-02
4.6546020e-02
5.9144380e-02
7.8831830e-02
8.5413400e-02
7.6544300e-02
7.6214630e-02
7.7374670e-02
6.5550710e-02
3.7693350e-02
5.2639290e-04
-3.4837940e-02
-6.8936890e-02
-1.0454620e-01
-1.4696650e-01
-1.7924640e-01
-1.1873170e-01
4.4074140e-03
3.7259250e-02
3.4516760e-02
1.8020980e-02
-1.2252960e-02
-2.7462020e-02
-3.6492700e-02
-6.3943590e-02
-1.0769700e-01
-1.3189800e-01
-7.9596190e-02
-3.2580170e-02
6.3687960e-04
1.2703250e-02
1.7573000e-02
2.1007110e-02
3.3168520e-02
3.6337500e-02
2.1987880e-02
1.1162910e-02
1.5841260e-02
2.7864060e-02
3.8087140e-02
4.6291220e-02
4.8372710e-02
4.0220740e-02
2.0257130e-02
-7.7016570e-03
-3.0493020e-02
-4.8480130e-02
-6.0575340e-02
-6.6064940e-02
-7.0917840e-02
-7.1235760e-02
-6.6254840e-02
-5.2987530e-02
-3.4909040e-02
-5.9107230e-04
3.2591700e-02
4.0274640e-02
1.8943810e-02
-8.4015220e-03
-3.2869650e-02
-4.5481270e-02
-4.2664200e-02
-5.7110470e-03
4.6784430e-02
7.6385260e-02
8.6638710e-02
8.9790850e-02
9.8932520e-02
9.3260210e-02
7.6031300e-02
8.1144700e-02
1.0778850e-01
1.1600280e-01
1.1447980e-01
1.1657730e-01
1.2441350e-01
1.3024200e-01
1.2104590e-01
1.0736760e-01
1.0706820e-01
1.1019980e-01
1.0425240e-01
9.0332910e-02
5.7829540e-02
3.3563870e-02
1.4787480e-02
4.6971490e-03
-6.5694090e-04
-5.6218140e-03
-5.1688880e-03
-1.1270040e-02
-2.7419020e-02
-3.0816750e-02
-3.0380810e-02
-3.1975030e-02
-2.5107300e-02
-2.6984280e-02
-4.1508520e-02
-6.1783770e-02
-6.3233280e-02
-3.9514200e-02
-9.1816940e-03
4.5261400e-05
-1.2420080e-02
-2.4514130e-02
-3.0940920e-02
-5.0245740e-02
-6.9225380e-02
-8.3656600e-02
-8.7520550e-02
-8.4434440e-02
-7.7469250e-02
-6.5357000e-02
-5.6211250e-02
-4.1822570e-02
-7.3687140e-03
2.6496180e-03
-1.1456670e-02
-3.2067380e-02
-4.0782240e-02
-4.0002010e-02
-3.1598270e-02
-2.1308790e-02
-2.1378610e-02
-3.3871870e-02
-3.9293630e-02
-3.8802010e-02
-3.1828940e-02
-1.5827000e-02
9.9453010e-05
1.1889130e-03
-7.5688430e-03
-7.1954230e-03
-3.4109050e-03
-3.1916260e-03
-6.9191570e-03
-7.9641130e-03
-2.8448110e-03
2.7258630e-03
9.9938860e-03
3.7446070e-03
-1.4739390e-02
-2.2538390e-02
-1.8960020e-02
-1.2248630e-02
-1.0336740e-02
-6.5146080e-03
-5.8063050e-04
-4.2534570e-03
-1.1191540e-02
-1.1745140e-02
-1.5432820e-02
-1.5589670e-02
-3.0161730e-03
1.2080280e-02
-5.1412290e-03
-2.1026290e-02
-1.7924670e-02
-1.3108050e-02
-1.0304620e-02
-3.8285330e-03
9.8212110e-03
1.2369510e-02
3.6989310e-03
-1.2357410e-02
-2.4349900e-02
-2.6447140e-02
-1.3846120e-02
1.8229790e-03
5.4069410e-03
1.2391200e-02
2.5115260e-02
2.8025690e-02
2.2382050e-02
2.3810000e-02
2.7988660e-02
1.8649980e-02
6.3488560e-03
-1.2172650e-03
-1.6441790e-02
-3.6026630e-02
-4.1335770e-02
-3.7633530e-02
-3.5261890e-02
-3.2701910e-02
-2.4188030e-02
-1.6911320e-02
-1.9367730e-02
-2.2458110e-02
-1.7718210e-02
-7.9481020e-03
2.4473320e-03
1.2919760e-02
1.6134330e-02
1.1006860e-02
1.5990110e-02
2.4729270e-02
1.0882470e-02
1.3594990e-02
2.3830100e-02
1.4909500e-02
-1.8452780e-03
-4.0435800e-03
1.4057510e-02
2.8735670e-02
2.8209050e-02
2.8486930e-02
3.5444080e-02
4.5767590e-02
5.1717960e-02
3.3919100e-02
-6.0750570e-03
-4.1283600e-02
-5.2650480e-02
-4.8289250e-02
-3.6483810e-02
-2.1435160e-02
-9.0098520e-03
-7.8862910e-03
-6.1212560e-03
-1.5851340e-03
8.9727540e-04
-7.4294710e-04
-8.8235790e-03
-2.1448460e-02
-3.0252750e-02
-2.5947580e-02
-1.2001120e-02
5.7848610e-04
6.9332330e-03
1.0723490e-02
9.2196350e-03
1.0088020e-02
1.5395790e-02
1.8984190e-02
1.0903510e-02
8.6102110e-03
1.5055390e-02
1.4939200e-02
2.4522230e-03
-3.1019690e-03
-9.7517970e-04
1.4735640e-03
3.5299260e-03
5.1419680e-03
8.7927770e-03
1.1953960e-02
1.5087890e-02
1.5161010e-02
1.7185860e-02
2.0955320e-02
2.2880140e-02
2.4664360e-02
2.4276620e-02
2.1255900e-02
1.7527960e-02
2.0961530e-02
2.3214030e-02
1.9219870e-02
1.9835050e-02
2.9577930e-02
3.3979970e-02
3.1578840e-02
3.6539290e-02
5.3795360e-02
5.3181000e-02
3.5615790e-02
3.0711050e-02
3.4420300e-02
3.3195880e-02
2.1292600e-02
-2.1760440e-03
-2.4960990e-02
-2.6020590e-02
-1.1237300e-02
-1.2279290e-04
-4.5311220e-04
-3.2928090e-03
-6.0034100e-03
-8.1520370e-03
-1.0132240e-02
-1.3052430e-02
-1.3283710e-02
-1.0234440e-02
-9.4266300e-03
-1.7432230e-02
-2.7408610e-02
-2.7948600e-02
-1.4263360e-03
4.2424160e-02
5.7976640e-02
5.3984370e-02
3.5073910e-02
5.6720970e-03
-2.3477720e-02
-3.8805420e-02
-3.9166760e-02
-2.9130210e-02
-1.5901100e-02
-6.6823040e-03
-1.6538260e-03
1.6657020e-03
3.8292540e-03
3.2895590e-03
3.8294370e-03
4.3188650e-03
2.7332350e-03
-2.1413610e-03
-3.6915380e-03
-2.4232320e-03
2.0373840e-03
1.2967240e-02
2.2774990e-02
2.6371220e-02
2.3942730e-02
2.3459890e-02
2.4104130e-02
2.3105070e-02
1.9102190e-02
2.0092950e-02
2.5868030e-02
3.3349040e-02
3.7417840e-02
3.6217120e-02
3.0711170e-02
2.7210750e-02
2.8704390e-02
2.9785440e-02
2.4455170e-02
2.0567240e-02
2.0218760e-02
1.6596420e-02
1.2310940e-03
-1.2472300e-02
-2.0591350e-02
-2.3026250e-02
-2.1673630e-02
-1.9531740e-02
-2.1089340e-02
-2.5617120e-02
-2.9076920e-02
-3.0317010e-02
-3.2256390e-02
-3.6722300e-02
-3.8182070e-02
-3.7869810e-02
-4.4399570e-02
-5.5886320e-02
-6.0621230e-02
-5.5489970e-02
-4.6715910e-02
-4.1333970e-02
-4.3605030e-02
-5.0641170e-02
-5.8019460e-02
-5.4298600e-02
-1.5343280e-02
1.5564280e-02
1.7481150e-02
9.5841430e-03
1.1688550e-03
-1.5187740e-02
-3.2309680e-02
-3.3642770e-02
-2.1601610e-02
-8.4129360e-03
-3.6229250e-03
-3.4463830e-03
-4.2300330e-03
-3.1310880e-03
3.0912900e-03
1.2324440e-02
1.9869520e-02
2.5269060e-02
2.6277110e-02
7.3601250e-03
-2.3202550e-02
-3.3795790e-02
-3.3485130e-02
-2.8759980e-02
-2.5718510e-02
-2.7241820e-02
-2.5914980e-02
-7.3421750e-03
1.6116480e-02
2.4706750e-02
1.8441660e-02
-1.2095000e-03
-1.7526620e-02
-2.2995830e-02
-2.1266200e-02
-1.4911200e-02
-9.0415410e-03
-2.6692070e-03
4.1382380e-03
1.0706410e-02
1.6720560e-02
1.8621300e-02
1.6102540e-02
1.4607310e-02
1.2474640e-02
8.0936970e-03
2.4366580e-03
-1.6247810e-03
-3.0259810e-03
-2.8370640e-03
-1.6090530e-03
1.2987350e-03
5.1201430e-03
9.2637650e-03
9.3002850e-03
3.2533900e-03
-7.5469490e-03
-2.1204530e-02
-3.3385960e-02
-3.4714050e-02
-1.7230080e-02
-4.9665620e-03
-1.6815510e-02
-2.9654830e-02
-4.1033060e-02
-5.4164890e-02
-6.3878750e-02
-6.2309050e-02
-5.3184920e-02
-3.5821500e-02
4.4590350e-03
2.5030000e-02
1.4458250e-02
-1.3677730e-02
-3.4452650e-02
-3.6184950e-02
-2.5937210e-02
-5.6774210e-03
1.3343620e-02
2.4528190e-02
2.7723550e-02
2.9331160e-02
3.2223100e-02
3.6207540e-02
4.4534920e-02
5.6402660e-02
6.8151940e-02
7.3761090e-02
6.6924120e-02
5.5871220e-02
4.1483100e-02
2.3569000e-02
1.4506770e-02
1.8054200e-02
2.1608910e-02
1.4027600e-02
3.5267630e-03
-1.3755470e-03
-2.0005450e-04
1.2501870e-03
8.1205240e-04
4.5049450e-04
4.9325630e-03
1.3576160e-02
1.7240960e-02
7.3025460e-03
-3.6989420e-03
-8.6436610e-03
-8.3030140e-03
-7.8813710e-03
-9.7875710e-03
-1.4329410e-02
-1.2884170e-02
-9.9088140e-03
-1.5540410e-02
-2.4902480e-02
-2.6817500e-02
-2.3365010e-02
-2.0475810e-02
-2.1160190e-02
-2.0486330e-02
-1.2857980e-02
1.9461960e-03
1.3709310e-02
1.9410480e-02
2.0487760e-02
1.8701480e-02
1.1907850e-02
4.9508320e-03
1.7413690e-03
2.7592860e-03
3.3619480e-03
-2.4194800e-03
-1.0480090e-02
-1.3482710e-02
-1.2759120e-02
-1.2457620e-02
-1.5477240e-02
-1.8908590e-02
-1.8436760e-02
-1.4631190e-02
-1.3562320e-02
-1.6756050e-02
-1.8406150e-02
-1.4861250e-02
-9.0254070e-03
-3.5603960e-03
-7.2297300e-05
3.8255790e-03
9.2231500e-03
1.8556680e-02
3.3942340e-02
5.3178500e-02
7.3978640e-02
8.3662580e-02
6.0393520e-02
5.3416750e-02
5.8040060e-02
6.0281710e-02
6.2753030e-02
6.4213880e-02
6.3756390e-02
6.2349060e-02
5.5221900e-02
4.5805830e-02
3.7155710e-02
2.8158290e-02
1.9909950e-02
1.9600290e-02
2.1273110e-02
1.8931450e-02
1.3852530e-02
1.0155140e-02
3.4468020e-03
-1.4084820e-03
-2.6309050e-03
-6.6979940e-03
-1.6736520e-02
-2.7657020e-02
-2.9541090e-02
-2.0366960e-02
-8.7073190e-03
2.3860830e-03
1.0471820e-02
5.9364350e-03
-3.7604690e-03
-5.9326770e-03
-4.5406500e-03
-4.1244080e-03
-7.4623140e-03
-9.2086660e-03
-8.5643780e-03
-7.1086500e-03
-9.3628150e-03
-1.2050160e-02
-1.2644990e-02
-1.1704550e-02
-1.2124590e-02
-1.2547510e-02
-1.1600730e-02
-9.6148600e-03
-6.3159710e-03
-2.1196090e-03
1.5616470e-03
5.1152710e-03
6.7230980e-03
4.4147880e-03
-2.5472160e-03
-8.0409490e-03
-1.0293880e-02
-1.0787500e-02
-1.2289040e-02
-1.3237150e-02
-1.2303480e-02
-9.8767480e-03
-9.2270250e-03
-1.0428080e-02
-1.3324360e-02
-1.6750180e-02
-2.0434850e-02
-2.5003070e-02
-2.9879930e-02
-3.1592120e-02
-3.1204430e-02
-3.1638090e-02
-3.6864150e-02
-4.4066580e-02
-4.7950210e-02
-4.5640030e-02
-3.6948540e-02
-2.8506830e-02
-2.0113310e-02
-1.4411110e-02
-1.0471340e-02
-9.0048390e-03
-8.9477200e-03
-8.6930840e-03
-6.8183180e-03
-9.6878650e-04
7.5860060e-03
1.5712870e-02
2.2040000e-02
2.7186540e-02
2.8288430e-02
2.9520250e-02
3.1508380e-02
3.5969050e-02
4.0953790e-02
4.4670670e-02
4.6946330e-02
4.9397140e-02
5.3274300e-02
5.6924290e-02
5.9737680e-02
6.1780680e-02
6.3437680e-02
6.2977200e-02
5.4152450e-02
3.6736730e-02
1.8794800e-02
1.7074960e-03
-6.5401360e-03
-8.2856250e-03
-6.9710300e-03
-6.8705030e-03
-1.0001530e-02
-1.6362410e-02
-2.3884350e-02
-2.9579890e-02
-3.4183120e-02
-3.6944580e-02
-3.6347150e-02
-3.4273640e-02
-3.1175550e-02
-3.0900600e-02
-3.5252140e-02
-3.9160320e-02
-3.8637360e-02
-3.5992620e-02
-3.5000680e-02
-3.4669540e-02
-3.2991820e-02
-3.0024220e-02
-2.9458120e-02
-2.8930270e-02
-2.6547260e-02
-2.1053040e-02
-1.8648240e-02
-1.7646380e-02
-1.4814280e-02
-1.1418730e-02
-8.8577100e-03
-7.2630380e-03
-3.8921440e-03
4.3134130e-04
4.8791460e-03
7.5239330e-03
8.5540710e-03
8.2572040e-03
6.4039480e-03
4.8527030e-03
4.8622410e-03
5.5939650e-03
6.6330420e-03
7.2912820e-03
9.0764000e-03
1.0524460e-02
9.1222620e-03
8.4910570e-03
5.6920960e-03
5.4756800e-03
4.0027230e-03
1.7454640e-03
1.0259160e-03
2.0165600e-03
2.7153360e-03
7.1233480e-04
-2.8004370e-03
-2.9662490e-03
-1.0878190e-03
-9.8592220e-06
8.4512290e-04
2.3787600e-03
7.6170860e-03
2.1702510e-02
3.1428580e-02
1.2072460e-02
6.3056500e-03
2.0274580e-02
1.0586060e-02
1.6071500e-03
3.3193510e-03
3.8767810e-03
-2.4073300e-03
-1.2617380e-02
-2.0774290e-02
-2.2507260e-02
-1.3140520e-02
-2.2996160e-03
-6.1393290e-03
-1.4416390e-02
-2.3165070e-02
-3.1844330e-02
-4.2869280e-02
-5.3576570e-02
-5.6819820e-02
-5.3510720e-02
-4.6912370e-02
-4.1053850e-02
-3.8724380e-02
-3.9566700e-02
-4.2980300e-02
-4.8147090e-02
-5.2503330e-02
-5.6182010e-02
-5.7542420e-02
-5.8995450e-02
-6.0833670e-02
-5.7443110e-02
-4.9628290e-02
-4.0258810e-02
-3.1197670e-02
-2.1076360e-02
-1.1228070e-02
-5.3539210e-03
-2.3811420e-03
-2.9513850e-03
-1.7105160e-04
5.5974490e-03
9.2157810e-03
1.1329910e-02
1.2973630e-02
1.5037390e-02
1.4774100e-02
1.3242750e-02
1.3380580e-02
1.7282510e-02
2.1097950e-02
2.4376740e-02
2.7363650e-02
2.9211500e-02
3.1602390e-02
3.3537520e-02
3.5664100e-02
3.7736450e-02
4.1353030e-02
4.4812480e-02
4.8160010e-02
4.9833350e-02
5.0042520e-02
4.9898750e-02
5.0071600e-02
5.1426600e-02
5.2495690e-02
5.4225520e-02
5.4334140e-02
5.4542310e-02
5.6693770e-02
5.9476780e-02
6.0680650e-02
5.8663160e-02
5.7134560e-02
5.8239650e-02
6.1189240e-02
6.2670820e-02
6.1826020e-02
5.8763500e-02
5.5833780e-02
5.1644270e-02
4.6271670e-02
4.0943080e-02
3.7430110e-02
3.6849570e-02
3.3339920e-02
2.7966430e-02
2.2706230e-02
1.8908370e-02
1.6617480e-02
1.4544350e-02
1.1116320e-02
8.5453090e-03
7.2997630e-03
7.4463300e-03
5.4510640e-03
3.2632830e-03
1.8106340e-03
1.1739750e-03
1.5167660e-03
5.3116270e-04
-7.9022190e-04
-2.3984300e-03
-2.8383380e-03
-2.8721570e-03
-2.7390800e-03
-2.2249920e-03
-2.4267890e-03
-3.4174880e-03
-4.2793710e-03
-4.8539150e-03
-6.2326440e-03
-9.5571480e-03
-1.3610600e-02
-1.5337590e-02
-1.5812390e-02
-1.7567560e-02
-2.1680090e-02
-2.6418110e-02
-3.0007860e-02
-3.2547630e-02
-3.4654540e-02
-3.8584890e-02
-4.3124140e-02
-5.0205970e-02
-5.8436830e-02
-6.4859980e-02
-6.7895580e-02
-6.6913520e-02
-6.5271060e-02
-6.4536340e-02
-6.4937070e-02
-6.6728380e-02
-6.9665320e-02
-7.5060240e-02
-8.1865930e-02
-8.7869330e-02
-9.5211820e-02
-1.0094780e-01
-1.0471080e-01
-1.0505190e-01
-1.0311130e-01
-9.8796670e-02
-9.2727350e-02
-8.5240340e-02
-7.8579590e-02
-7.4844980e-02
-7.3201540e-02
-7.0755220e-02
-6.5175300e-02
-5.8587610e-02
-5.2499150e-02
-4.7642040e-02
-4.2939920e-02
-3.7225440e-02
-3.3545730e-02
-3.1015190e-02
-2.8247770e-02
-2.2999540e-02
-1.7345180e-02
-1.1723300e-02
-8.2763160e-03
-4.9663930e-03
-2.2814440e-03
-7.6788490e-04
1.0340130e-03
4.0134310e-03
7.8075770e-03
9.0700650e-03
1.0810920e-02
1.3104990e-02
1.6615080e-02
2.0435170e-02
2.2809490e-02
2.2595640e-02
2.1958640e-02
2.1030910e-02
1.9639380e-02
1.8788400e-02
1.8386900e-02
1.8541970e-02
2.0434050e-02
2.2155700e-02
2.2873110e-02
2.2916810e-02
2.3319180e-02
2.3590690e-02
2.3463820e-02
2.2242810e-02
2.1654200e-02
2.2081940e-02
2.3243080e-02
2.3671700e-02
2.2102450e-02
2.0900090e-02
2.1794190e-02
2.3408590e-02
2.2389050e-02
1.8627980e-02
1.5459970e-02
1.4404860e-02
1.4441580e-02
1.5519750e-02
1.5163220e-02
1.3300810e-02
1.1365630e-02
1.0626280e-02
1.0781990e-02
1.2313990e-02
1.4364030e-02
1.4689100e-02
1.3952110e-02
1.3265830e-02
1.2408310e-02
1.1124210e-02
8.3322250e-03
6.6712250e-03
7.1186800e-03
1.0008650e-02
1.2338750e-02
1.2370050e-02
1.2500710e-02
1.4860160e-02
2.0349120e-02
2.5448390e-02
2.8216820e-02
2.9111630e-02
2.8471380e-02
2.6838740e-02
2.6117510e-02
2.6937040e-02
2.7710730e-02
2.7951360e-02
2.7307280e-02
2.7225580e-02
2.5472740e-02
2.2692960e-02
2.1789690e-02
2.1236340e-02
1.9369580e-02
1.6030790e-02
1.4297080e-02
1.4530830e-02
1.3818800e-02
1.0945230e-02
7.5918360e-03
5.1007010e-03
4.1732760e-03
1.4489710e-03
-3.0673780e-03
-6.2828510e-03
-6.8364730e-03
-7.2105900e-03
-8.1881180e-03
-8.4122210e-03
-6.9934400e-03
-7.1647250e-03
-8.5741460e-03
-1.0836400e-02
-1.1032910e-02
-9.7127020e-03
-8.5911780e-03
-8.5892080e-03
-8.7449770e-03
-8.4049650e-03
-7.7517210e-03
-7.7923090e-03
-6.9884970e-03
-5.9949210e-03
-4.7491430e-03
-4.4197780e-03
-2.5070030e-03
2.4878210e-03
6.7044440e-03
1.0950000e-02
1.4270050e-02
1.6628870e-02
1.7160760e-02
1.6726780e-02
1.4422520e-02
1.3484370e-02
1.4392250e-02
1.5846680e-02
1.6870490e-02
1.8073520e-02
1.9788870e-02
2.3128430e-02
2.6382500e-02
2.6150280e-02
2.3167880e-02
1.9285240e-02
1.7725290e-02
1.8722210e-02
1.9139890e-02
1.8452150e-02
1.5803840e-02
1.3802010e-02
1.0670730e-02
6.6086670e-03
3.7864040e-03
1.1122340e-03
-1.1149750e-03
-2.4338860e-03
-3.1173320e-03
-2.6067220e-03
-1.4482200e-03
6.9829130e-04
1.4449750e-03
2.7651980e-03
5.3566450e-03
8.4072730e-03
9.5437900e-03
6.2615040e-03
-1.4017300e-03
-8.8326230e-03
-1.2977600e-02
-1.2123190e-02
-9.9802780e-03
-7.0715070e-03
-4.0354630e-03
-9.9389020e-04
2.6369190e-03
6.4649560e-03
1.0019110e-02
1.3038580e-02
1.3970630e-02
1.1826090e-02
4.6217010e-03
-5.2015850e-03
-1.1495390e-02
-1.4456060e-02
-1.4154770e-02
-1.4126070e-02
-1.4443200e-02
-1.4176400e-02
-1.2714690e-02
-9.8679100e-03
-7.9001550e-03
-7.3775350e-03
-7.7178260e-03
-7.8897280e-03
-7.5737530e-03
-7.0428960e-03
-7.5251640e-03
-8.6850140e-03
-1.0742050e-02
-1.2004820e-02
-1.2430490e-02
-1.1386080e-02
-1.1164050e-02
-9.7895530e-03
-7.5882000e-03
-5.0498140e-03
-2.8851330e-03
-1.4792430e-03
-2.6924410e-04
1.4913970e-03
2.5882370e-03
2.4981760e-03
1.1378490e-03
-1.0130880e-03
-3.2318100e-03
-4.8109210e-03
-5.8463800e-03
-7.4377530e-03
-9.0333890e-03
-1.0185870e-02
-1.1042990e-02
-1.1318950e-02
-1.2368570e-02
-1.4155410e-02
-1.5257150e-02
-1.5388940e-02
-1.4302990e-02
-1.3580220e-02
-1.2782290e-02
-1.1694890e-02
-9.9026610e-03
-8.0725790e-03
-6.4542970e-03
-3.9635110e-03
-1.3869020e-03
9.1039310e-04
3.1721470e-03
5.4827540e-03
6.5119940e-03
6.7961350e-03
6.6425800e-03
6.4379780e-03
6.5029000e-03
7.3388430e-03
7.8716950e-03
8.0046530e-03
8.6013300e-03
9.1185810e-03
9.9390910e-03
1.1270980e-02
1.2103240e-02
1.2948740e-02
1.3738620e-02
1.5902990e-02
1.8538140e-02
2.2483170e-02
2.6861880e-02
2.9787170e-02
3.2226510e-02
3.4768830e-02
3.6444670e-02
3.7477190e-02
3.8394790e-02
4.2034900e-02
4.7187860e-02
5.3266100e-02
5.7845360e-02
5.8859970e-02
5.6837210e-02
5.3651040e-02
5.1262370e-02
4.9531320e-02
4.8092650e-02
4.6708840e-02
4.4313230e-02
4.1920950e-02
4.0941230e-02
4.0208740e-02
3.9606700e-02
3.9120890e-02
3.8502870e-02
3.7613850e-02
3.5873070e-02
3.4343910e-02
3.2513860e-02
3.1709740e-02
3.0965770e-02
3.0085750e-02
3.0625680e-02
3.1222050e-02
3.1948160e-02
3.2825980e-02
3.2672340e-02
3.3409770e-02
3.4426790e-02
3.3771700e-02
3.1687630e-02
2.9561230e-02
2.8883980e-02
2.9115880e-02
2.9840400e-02
2.9752000e-02
2.9565830e-02
2.9744130e-02
3.0043460e-02
3.0111630e-02
3.0040290e-02
2.8307280e-02
2.6163100e-02
2.4671350e-02
2.3643010e-02
2.2407500e-02
2.1524630e-02
2.0981210e-02
2.1302470e-02
2.2454240e-02
2.3611000e-02
2.4508740e-02
2.5332840e-02
2.6528800e-02
2.7633680e-02
2.8284110e-02
2.8098990e-02
2.7225800e-02
2.6137690e-02
2.5759540e-02
2.5876060e-02
2.5490600e-02
2.6333260e-02
2.7364710e-02
2.9262470e-02
3.1440560e-02
3.4658950e-02
3.8035990e-02
4.0812430e-02
4.3453270e-02
4.5181680e-02
4.7265200e-02
4.8029810e-02
4.7582360e-02
4.5759030e-02
4.3778070e-02
3.9925690e-02
3.6329800e-02
3.3999830e-02
3.3663840e-02
3.4442420e-02
3.5620870e-02
3.4568470e-02
3.2492250e-02
3.0966200e-02
2.9446370e-02
2.7295550e-02
2.5420940e-02
2.3296420e-02
2.1770360e-02
2.0127670e-02
1.7671590e-02
1.4928990e-02
1.2681590e-02
1.1307870e-02
1.0566960e-02
9.5857300e-03
7.7004380e-03
5.3308150e-03
2.6284470e-03
1.5071010e-03
1.1576680e-03
2.4705190e-05
-1.5504850e-03
-2.2972440e-03
-2.0685940e-03
-1.1469010e-03
-1.2795370e-03
-2.3261230e-03
-2.5160050e-03
-2.8026090e-03
-3.3519030e-03
-3.9281120e-03
-5.2832660e-03
-5.6014690e-03
-6.6888420e-03
-7.1790900e-03
-7.9096900e-03
-7.1998000e-03
-7.5393780e-03
-8.4171270e-03
-9.3224020e-03
-1.0521240e-02
-1.1419770e-02
-1.2325590e-02
-1.3092430e-02
-1.3386800e-02
-1.3399390e-02
-1.4712380e-02
-1.6281870e-02
-1.7264020e-02
-1.8323730e-02
-1.9002740e-02
-2.0821160e-02
-2.2926180e-02
-2.6146780e-02
-3.0046680e-02
-3.6349990e-02
-4.4611920e-02
-5.4047350e-02
-6.4580130e-02
-7.9818170e-02
-9.6560140e-02
-1.0851840e-01
-1.1371280e-01
-1.1001080e-01
-9.7722780e-02
-9.1506010e-02
-9.8921490e-02
-1.0792220e-01
-1.1221470e-01
-1.1683490e-01
-1.2418130e-01
-1.3003810e-01
-1.3500140e-01
-1.3806960e-01
-1.3863220e-01
-1.3878750e-01
-1.4155120e-01
-1.4433060e-01
-1.4603410e-01
-1.4701930e-01
-1.4546310e-01
-1.3986680e-01
-1.3272120e-01
-1.2779250e-01
-1.2398480e-01
-1.2047690e-01
-1.1580780e-01
-1.1069040e-01
-1.0452900e-01
-9.9173450e-02
-9.4224490e-02
-8.9462880e-02
-8.4373630e-02
-7.9178150e-02
-7.3603490e-02
-6.8079970e-02
-6.2739990e-02
-5.7174300e-02
-5.2141410e-02
-4.8716760e-02
-4.4584670e-02
-4.0485260e-02
-3.6385590e-02
-3.1867310e-02
-2.7741510e-02
-2.3747150e-02
-1.9690210e-02
-1.5747890e-02
-1.2242840e-02
