0.01
-2.0266240e-03
-3.8560080e-03
-5.8377690e-03
-7.3879550e-03
-7.4660750e-03
-6.6977480e-03
-5.8899250e-03
-4.9943080e-03
-4.0950860e-03
-3.2392550e-03
-2.8697370e-03
-2.7885240e-03
-2.8038420e-03
-2.7309150e-03
-2.6807470e-03
-2.8545190e-03
-3.7242790e-03
-4.8919270e-03
-6.2726320e-03
-7.3211570e-03
-6.6882280e-03
-4.2173910e-03
-1.3194470e-03
1.0851640e-03
2.2802680e-03
3.2045540e-03
4.1352710e-03
4.3908720e-03
3.2771940e-03
1.6298540e-03
-1.2971200e-04
-1.6021990e-03
-1.7754650e-03
-7.3600400e-04
5.5401890e-04
1.4215180e-03
1.2500690e-03
7.6221220e-04
3.0735440e-04
-2.2415130e-04
-8.6647170e-04
-1.1624550e-03
-3.1640060e-04
1.1239240e-03
2.5715510e-03
3.8972150e-03
4.6280080e-03
4.5363520e-03
3.4316710e-03
1.9567700e-03
6.7401060e-04
5.3611400e-04
1.6209000e-03
3.1191790e-03
4.3449820e-03
4.6062260e-03
3.9321120e-03
2.8341040e-03
1.2214100e-03
-5.1747340e-04
-2.4515860e-03
-4.5814530e-03
-6.0022340e-03
-4.8652970e-03
-2.3538140e-03
3.2226240e-04
1.1550910e-03
-3.0248710e-03
-8.9541890e-03
-1.2010320e-02
-8.7674280e-03
-3.3058390e-03
2.0668230e-03
8.3721220e-03
1.3488540e-02
1.2642420e-02
4.4588850e-03
-5.8607310e-03
-1.3965150e-02
-1.4071240e-02
-9.7046730e-03
-4.4979460e-03
9.5736130e-04
5.1114650e-03
5.0757340e-03
3.4538830e-03
1.7418410e-03
-2.4351240e-04
-1.4098730e-03
7.0149190e-05
2.7702260e-03
5.0338920e-03
5.6402310e-03
4.4386380e-03
2.8726790e-03
1.2243940e-03
-5.4556690e-04
-2.0023920e-03
-2.1318660e-03
-1.3005520e-03
-2.7415730e-04
8.3216850e-04
1.8004640e-03
2.1934840e-03
1.9382050e-03
1.5394380e-03
1.1288030e-03
7.3596460e-04
2.8455170e-04
-1.6302340e-04
-4.8939280e-04
-4.3761620e-04
-2.7777940e-04
-1.0460360e-04
5.0701160e-05
1.9743940e-04
3.3318090e-04
6.9753350e-04
1.4285630e-03
2.3484770e-03
3.3225200e-03
4.2124960e-03
4.3880100e-03
3.7274360e-03
2.7969870e-03
1.8732190e-03
8.5385920e-04
8.3982590e-06
-3.4178380e-04
-3.2271290e-04
-3.4252830e-04
-4.4842720e-04
-4.7639540e-04
4.7928780e-04
2.6532120e-03
5.1057970e-03
6.7652520e-03
7.4523750e-03
7.8788800e-03
8.1122090e-03
7.0752170e-03
5.0602000e-03
2.7942540e-03
5.8051420e-04
-1.8323260e-03
-4.2583290e-03
-5.9539380e-03
-5.7596810e-03
-4.9359040e-03
-4.1111470e-03
-3.2785070e-03
-2.3934060e-03
-1.5795810e-03
-9.6726730e-04
-4.7158490e-04
1.0726880e-04
6.1154490e-04
7.6169240e-04
6.2465000e-04
1.4957090e-03
4.0481150e-03
4.7125170e-03
2.6164420e-03
5.7943510e-05
-2.4678960e-03
-4.8181790e-03
-7.6343480e-03
-1.0809890e-02
-1.2610890e-02
-9.2081090e-03
-2.7484180e-03
4.5451470e-03
1.1729070e-02
1.6169690e-02
1.5374590e-02
1.2817370e-02
1.0390400e-02
7.7620070e-03
4.9454410e-03
2.6179660e-03
2.5483160e-03
4.2124360e-03
6.8030280e-03
9.8075290e-03
1.0019430e-02
3.5861020e-03
-1.8902450e-03
2.1073010e-04
5.0337090e-03
1.0224780e-02
1.3810170e-02
1.1950680e-02
6.2510660e-03
5.1964720e-05
-6.7769130e-03
-1.4003380e-02
-1.9258180e-02
-1.7570700e-02
-1.3230760e-02
-8.9161660e-03
-4.8329660e-03
-2.0564830e-03
-5.7230250e-04
6.2835820e-04
1.9235940e-03
2.9163260e-03
2.7232640e-03
1.7021040e-03
5.1924350e-04
-6.3270660e-04
-1.8050600e-03
-2.9218690e-03
-4.0704960e-03
-5.2340660e-03
-6.3033880e-03
-6.7865170e-03
-6.6140150e-03
-6.1787910e-03
-5.8162210e-03
-5.3874070e-03
-5.0016700e-03
-4.5206030e-03
-4.1270220e-03
-3.6745810e-03
-3.2917140e-03
-2.8269560e-03
-2.4327590e-03
-1.9860960e-03
-1.7236690e-03
-1.4401540e-03
-1.2746730e-03
-1.0906370e-03
-1.0750780e-03
-6.7000690e-04
-9.2957840e-05
-6.7533390e-04
-5.8354130e-03
-1.2984900e-02
-1.8182360e-02
-1.6631930e-02
-1.1134740e-02
-5.4401860e-03
1.9680440e-04
6.5176590e-03
1.3535210e-02
1.7886870e-02
1.4315720e-02
8.9832930e-03
8.9681750e-03
1.3315460e-02
1.9245420e-02
2.5254500e-02
2.8522770e-02
2.4695320e-02
1.8156950e-02
1.2609190e-02
1.0030530e-02
1.0209780e-02
1.0766010e-02
1.1466350e-02
1.2189160e-02
1.2848010e-02
1.2431050e-02
1.1244670e-02
9.7461670e-03
8.3253490e-03
6.8236770e-03
5.7235720e-03
4.8157250e-03
3.5080660e-03
-6.9192260e-04
-7.8303710e-03
-1.6766420e-02
-2.6228240e-02
-3.2280860e-02
-2.7233600e-02
-1.8048650e-02
-9.2687220e-03
-4.8704490e-04
8.9610420e-03
1.9138650e-02
2.6606110e-02
2.5778980e-02
2.1632920e-02
1.7703970e-02
1.3666220e-02
9.6936160e-03
5.5508100e-03
1.4924360e-03
-2.6803070e-03
-6.7164920e-03
-9.5373170e-03
-8.6752370e-03
-3.4351790e-03
2.9749300e-03
9.6796920e-03
1.7129490e-02
2.2957580e-02
2.1754610e-02
1.4353200e-02
5.3757380e-03
-4.2482720e-03
-1.3071470e-02
-1.6473210e-02
-1.2817190e-02
-6.6653470e-03
-1.2701200e-04
5.1203020e-03
4.5682150e-03
-9.8607220e-04
-7.9565090e-03
-1.5537990e-02
-2.2269000e-02
-2.3615850e-02
-1.8211310e-02
-1.0594560e-02
-2.2149400e-03
6.3515040e-03
9.4514060e-03
2.3923570e-03
-5.7463740e-03
-4.7419730e-03
1.7259910e-03
9.6771470e-03
1.5799980e-02
1.4264390e-02
4.6152790e-03
-6.8969650e-03
-1.9485650e-02
-3.3030900e-02
-4.2113340e-02
-3.6457700e-02
-2.5013530e-02
-1.3039260e-02
6.4089190e-05
9.5151160e-03
8.1136380e-03
2.9407770e-03
6.9278990e-03
1.6312720e-02
2.3067200e-02
1.7644990e-02
1.7479180e-03
-1.6892420e-02
-3.7298410e-02
-5.5439330e-02
-5.8979590e-02
-4.3453010e-02
-2.2743500e-02
-1.0123690e-03
2.3162170e-02
4.2156110e-02
3.8011430e-02
1.4144180e-02
-1.0966820e-02
-3.1741170e-02
-4.2729380e-02
-3.5942600e-02
-2.2064470e-02
-8.2475870e-03
1.1806680e-03
-1.6083130e-03
-8.8665490e-03
-1.6481270e-02
-2.2774150e-02
-2.2915000e-02
-1.7682370e-02
-1.1073410e-02
-4.4254290e-03
2.0187550e-03
7.6103620e-03
1.2766480e-02
1.8040500e-02
2.3271210e-02
2.6606920e-02
2.5946730e-02
1.9533870e-02
7.8589430e-03
-6.0406050e-03
-2.0857980e-02
-3.2872990e-02
-3.3624500e-02
-2.6312430e-02
-1.7777940e-02
-9.0416620e-03
4.7752070e-04
9.5935560e-03
1.3230330e-02
9.2501730e-03
3.9094770e-03
4.3428710e-03
1.2570280e-02
2.4123210e-02
3.4576070e-02
3.7253750e-02
2.7583700e-02
1.4248420e-02
1.2462620e-04
-1.5395620e-02
-2.6588040e-02
-2.2492990e-02
-9.4334530e-03
4.7940530e-03
1.4485500e-02
8.2961030e-03
-4.4983500e-03
-1.8061400e-02
-2.8646210e-02
-2.7360850e-02
-1.8283600e-02
-8.4269710e-03
-3.0606770e-03
-7.5018450e-03
-1.5241300e-02
-2.1156970e-02
-2.1873590e-02
-2.0031430e-02
-1.8236290e-02
-1.6404290e-02
-1.4531950e-02
-1.2413250e-02
-1.0360930e-02
-9.4993460e-03
-1.0315550e-02
-1.1664930e-02
-1.2921490e-02
-1.4331190e-02
-1.5908380e-02
-1.7051520e-02
-1.6222420e-02
-1.4729580e-02
-1.3555600e-02
-1.3400440e-02
-1.3490860e-02
-1.3797990e-02
-1.4439010e-02
-1.4292690e-02
-9.9466070e-03
-1.8686840e-03
6.9305760e-03
1.5321480e-02
2.4270830e-02
3.4351530e-02
4.3213420e-02
4.1876460e-02
2.6844000e-02
5.8703460e-03
-1.5494460e-02
-2.8168490e-02
-1.7926010e-02
7.4925310e-04
2.0060710e-02
3.8920260e-02
4.9095410e-02
4.5733530e-02
3.7810440e-02
3.0301170e-02
2.2423040e-02
1.4465500e-02
6.6497870e-03
1.4016300e-03
-7.9280110e-04
3.6088820e-03
1.1679100e-02
1.5885100e-02
3.7705810e-03
-2.3178930e-02
-5.5780370e-02
-7.2818030e-02
-4.4480840e-02
3.5704890e-03
4.6581730e-02
6.0821270e-02
3.3588410e-02
-6.6984980e-03
-3.8135480e-02
-3.9255550e-02
-2.0803340e-02
6.1606340e-04
1.7854220e-02
1.8132430e-02
8.2468670e-03
-4.0678280e-03
-1.4720800e-02
-1.6151480e-02
-6.5983880e-03
6.0939880e-03
1.6116770e-02
1.7692180e-02
1.6049730e-02
1.4743010e-02
1.3428580e-02
1.1708620e-02
9.7023270e-03
9.4781210e-03
1.3671380e-02
1.9302720e-02
2.4752730e-02
3.0963080e-02
3.7848200e-02
4.1687520e-02
3.6112820e-02
2.5936770e-02
1.4897880e-02
4.7158070e-03
4.6454530e-03
1.5165620e-02
2.2068390e-02
5.5622300e-03
-2.3523660e-02
-4.8965680e-02
-5.5347010e-02
-4.5084310e-02
-3.2576460e-02
-2.1359040e-02
-5.2779660e-03
2.1264910e-02
4.3218100e-02
3.2758120e-02
8.8332630e-03
-8.8852100e-03
-9.7267450e-03
-1.5778360e-03
5.0897210e-03
8.8982590e-03
1.0503660e-02
1.2750720e-02
1.4184340e-02
1.4669520e-02
1.5153720e-02
2.1117890e-02
2.9768800e-02
3.9584010e-02
4.8021140e-02
4.6547540e-02
3.1640300e-02
1.1401140e-02
-9.9220300e-03
-2.5868960e-02
-2.2979000e-02
-9.9371810e-03
5.2345640e-03
1.8728690e-02
1.8796330e-02
3.3802680e-03
-1.3150270e-02
-1.2765770e-02
7.5206910e-03
3.2342600e-02
4.5286240e-02
3.5783460e-02
1.8750720e-02
2.3165820e-03
-1.5721570e-02
-3.2436850e-02
-4.1330830e-02
-3.8581390e-02
-3.2795560e-02
-2.7043540e-02
-2.0852780e-02
-1.3981940e-02
-9.1579300e-03
-1.0849780e-02
-1.5862940e-02
-2.0854390e-02
-2.6843990e-02
-3.3458910e-02
-3.6674430e-02
-2.8924980e-02
-1.7083760e-02
-5.7466110e-03
7.1655240e-03
2.1222320e-02
2.9782400e-02
1.9266230e-02
2.9215470e-04
-2.0492680e-02
-3.9649760e-02
-4.2159010e-02
-2.0850560e-02
8.9259670e-03
3.1445450e-02
3.1872640e-02
2.0432890e-02
7.9366420e-03
-3.8765700e-03
-6.0616840e-03
3.6388600e-03
1.8337640e-02
3.3823830e-02
4.6748340e-02
4.5048610e-02
3.0797540e-02
1.2673620e-02
-6.0875400e-03
-2.2990660e-02
-2.9591030e-02
-2.7227400e-02
-2.2770960e-02
-1.8525420e-02
-1.2049440e-02
-2.5262030e-03
8.2744040e-03
1.8649990e-02
2.9625510e-02
4.0774550e-02
5.0686100e-02
5.4068190e-02
5.1663520e-02
3.9700480e-02
2.4146340e-02
8.8859670e-03
-7.8630240e-03
-2.5984030e-02
-3.8583510e-02
-3.2827860e-02
-1.8480210e-02
-3.6171190e-03
8.0027070e-03
6.8213110e-03
-4.4881140e-04
-7.7227700e-03
-1.1887520e-02
-1.2709270e-02
-1.2832360e-02
-1.0859710e-02
-1.6047140e-03
1.0709220e-02
1.9687620e-02
1.7607410e-02
9.8926930e-03
2.0348830e-03
-5.7722130e-03
-1.3709940e-02
-2.2409170e-02
-3.0827280e-02
-3.5585400e-02
-3.4240350e-02
-3.0838650e-02
-2.7657400e-02
-2.4567530e-02
-2.1655620e-02
-1.7768210e-02
-1.1586070e-02
-4.0605190e-03
3.4627000e-03
1.2159790e-02
2.1785100e-02
2.7261200e-02
1.9657360e-02
8.5263690e-03
6.4976650e-03
9.4413120e-03
9.7787660e-03
7.0367210e-03
3.6883130e-03
6.2158770e-04
-2.8380260e-03
-6.4723030e-03
-8.4904440e-03
-5.8656390e-03
-1.4327390e-03
3.4650350e-03
8.1123260e-03
9.1308220e-03
4.1263120e-03
-2.7786330e-03
-9.4341720e-03
-1.6302300e-02
-2.3747970e-02
-3.0719930e-02
-3.3289320e-02
-2.9872960e-02
-2.4667120e-02
-1.9574470e-02
-1.4286600e-02
-8.7027130e-03
-3.7717310e-03
-2.1775430e-03
-3.1136730e-03
-4.6912010e-03
-6.4653730e-03
-7.5485690e-03
-6.1119590e-03
-3.1497660e-03
7.2167300e-05
2.8653520e-03
3.3558380e-03
1.8596110e-03
-9.5538210e-05
-1.9201430e-03
-4.0508660e-03
-6.5163570e-03
-8.1996550e-03
-6.2730730e-03
-2.4106200e-03
-1.4218730e-03
-6.8703150e-03
-1.4392930e-02
-2.1997520e-02
-3.0552940e-02
-3.8220370e-02
-3.9092390e-02
-3.0360070e-02
-1.8647320e-02
-6.5981370e-03
5.0861880e-03
1.3410870e-02
1.7069140e-02
1.9166440e-02
2.1704070e-02
2.4542720e-02
2.5887650e-02
2.2310980e-02
1.6378440e-02
9.9546380e-03
4.7212820e-03
5.3576710e-03
1.1396810e-02
1.8949560e-02
2.6660150e-02
3.3639670e-02
3.7538560e-02
3.8851830e-02
3.8937940e-02
3.5545860e-02
2.7256830e-02
1.7484920e-02
7.9181660e-03
-1.5746710e-03
-1.1831990e-02
-2.2731460e-02
-3.0706780e-02
-2.9521770e-02
-2.4498850e-02
-1.9606590e-02
-1.4314490e-02
-9.2763520e-03
-5.3403470e-03
-3.3076420e-03
-1.7798020e-03
-4.7523570e-04
9.3652320e-04
3.0986050e-03
6.3522620e-03
8.1273910e-03
7.0165860e-03
4.7974910e-03
3.6783890e-03
5.9822270e-03
1.0465590e-02
1.5109160e-02
2.0328590e-02
2.5850170e-02
2.9516450e-02
2.6982990e-02
2.1497800e-02
1.4930620e-02
4.2493920e-03
-9.3054990e-03
-2.1011530e-02
-2.3069100e-02
-1.5876430e-02
-6.2683690e-03
3.8014070e-03
1.2334960e-02
1.5336890e-02
1.4754500e-02
1.3923690e-02
1.2692750e-02
9.8405550e-03
4.8316120e-03
-6.2834520e-04
-6.0215010e-03
-1.1214410e-02
-1.6900810e-02
-2.3218010e-02
-2.7910570e-02
-2.5558140e-02
-1.7853530e-02
-9.1066170e-03
-3.2911940e-04
8.6504420e-03
1.7062890e-02
2.3666270e-02
2.9135730e-02
3.2763500e-02
3.0887390e-02
2.6676350e-02
2.2541640e-02
1.8357180e-02
1.3879040e-02
9.1023260e-03
5.6499550e-03
6.0833990e-03
8.3951400e-03
1.0581980e-02
1.0550250e-02
5.6215820e-03
-8.5719210e-04
-7.5275940e-03
-1.4870400e-02
-2.0984240e-02
-2.1470860e-02
-1.6332530e-02
-9.5719830e-03
-2.4906090e-03
3.4632270e-03
5.3589970e-03
4.3689930e-03
2.7410150e-03
1.2958540e-03
2.1340780e-03
5.9206650e-03
1.0599550e-02
1.5050550e-02
2.0169720e-02
2.5761300e-02
2.9275900e-02
2.5245510e-02
1.7349910e-02
8.5575140e-03
-1.0827260e-03
-8.5041900e-03
-6.7917110e-03
2.2273440e-03
1.3070240e-02
2.4856430e-02
3.5278590e-02
3.7629250e-02
3.0227490e-02
1.9287210e-02
8.2089220e-03
1.0739430e-03
2.9443170e-03
7.3800730e-03
7.5492400e-03
2.3823900e-03
-2.0576800e-03
9.9382360e-04
7.0883820e-03
1.3679290e-02
2.0970670e-02
2.5857700e-02
2.2380830e-02
1.3269860e-02
3.4551870e-03
-7.5014220e-03
-1.8782670e-02
-2.5039310e-02
-1.8249660e-02
-6.1155320e-03
2.8406550e-03
-3.0388540e-04
-1.3431820e-02
-2.9434380e-02
-4.6662060e-02
-5.9209040e-02
-5.6310190e-02
-4.4741800e-02
-3.2202260e-02
-1.8399520e-02
-6.1027310e-03
-1.7519630e-03
-8.0879220e-03
-1.7677730e-02
-2.6112310e-02
-2.8685640e-02
-2.5741910e-02
-2.1243200e-02
-1.7134390e-02
-1.3726390e-02
-1.1413910e-02
-9.1857710e-03
-7.1341430e-03
-4.9416920e-03
-3.3219920e-03
-2.0093250e-03
-1.3901030e-03
1.5071330e-04
4.3133180e-03
9.4194920e-03
2.7473900e-03
-9.6513410e-03
-2.2491340e-02
-3.4147960e-02
-3.7658380e-02
-3.2082960e-02
-2.3906480e-02
-1.5527510e-02
-6.2641250e-03
1.6203030e-03
2.8319200e-03
-3.0607030e-03
-1.1261330e-02
-1.9244310e-02
-2.2938900e-02
-1.8876720e-02
-1.2110390e-02
-5.0619870e-03
1.9731540e-03
6.0639800e-03
5.0144760e-03
2.0781860e-03
-6.9661880e-04
-3.5095740e-03
-6.0952380e-03
-9.2322620e-03
-1.4205590e-02
-2.1230370e-02
-2.9386930e-02
-3.8544030e-02
-4.4793600e-02
-4.0316120e-02
-2.8322500e-02
-1.5390850e-02
-2.7454760e-03
9.6088130e-03
2.3644740e-02
3.9186430e-02
4.8767530e-02
3.7816760e-02
1.6036260e-02
-7.2031540e-03
-2.5152760e-02
-2.3112520e-02
-9.7613290e-03
5.7287200e-03
1.9134070e-02
2.2036440e-02
1.4624100e-02
4.3107330e-03
-6.8410620e-03
-1.7292170e-02
-2.0849010e-02
-1.4238560e-02
-4.2706950e-03
6.5150280e-03
1.7685160e-02
2.3200990e-02
1.5887740e-02
3.3025300e-03
-9.9953680e-03
-2.2625860e-02
-2.5523210e-02
-1.4279940e-02
3.3987530e-03
2.2282210e-02
3.5444350e-02
2.6905270e-02
8.1394550e-03
-7.1280010e-03
-8.8634150e-03
-1.2949630e-03
7.5502370e-03
1.7616810e-02
2.6840080e-02
2.7988070e-02
1.6166410e-02
-5.4540080e-04
-1.8224630e-02
-3.2480020e-02
-3.3977580e-02
-2.7847760e-02
-2.4263390e-02
-2.3765040e-02
-2.3951110e-02
-2.3902360e-02
-2.4022620e-02
-2.3715120e-02
-2.2342590e-02
-1.9984860e-02
-1.6795940e-02
-1.0255200e-02
-1.5312650e-03
8.6662630e-03
1.9568110e-02
2.6520520e-02
2.0477420e-02
8.7740660e-03
-4.3721070e-03
-1.9712570e-02
-3.0160840e-02
-1.9589270e-02
6.3675720e-03
2.7983660e-02
2.8600440e-02
1.8345970e-02
7.8832620e-03
5.4999350e-05
2.5718220e-03
8.7680450e-03
1.3446090e-02
1.0540850e-02
1.5652850e-04
-1.3255190e-02
-2.7984270e-02
-3.8727670e-02
-3.2513160e-02
-1.3553080e-02
8.8077910e-03
2.7711440e-02
3.2179810e-02
2.4572290e-02
1.4677930e-02
4.6476220e-03
-6.0215000e-03
-1.6548910e-02
-2.3218510e-02
-2.4114940e-02
-2.3361850e-02
-2.3144760e-02
-2.1696360e-02
-1.6516510e-02
-8.9525980e-03
-1.4907700e-03
5.9967930e-03
1.3738030e-02
2.2367100e-02
2.9214760e-02
2.9486800e-02
2.3854360e-02
1.7252540e-02
1.0365130e-02
3.6562630e-03
-3.1107960e-03
-9.4841840e-03
-1.7023640e-02
-2.5556230e-02
-3.0584910e-02
-2.1316910e-02
-4.3443510e-03
9.9629820e-03
9.7479970e-03
-3.1275780e-03
-1.3540690e-02
-7.5084430e-03
7.9638940e-03
2.5074030e-02
4.3267100e-02
5.7438120e-02
5.8371840e-02
5.1317360e-02
4.2271460e-02
2.9055500e-02
1.3993420e-02
-2.0939550e-03
-2.0020870e-02
-3.6670190e-02
-3.9121160e-02
-1.9391830e-02
8.9334250e-03
3.8937870e-02
6.4049980e-02
6.5160550e-02
4.5109460e-02
1.9052150e-02
-4.3295250e-03
-1.5158190e-02
-1.2830060e-02
-7.2953390e-03
-1.8112190e-03
3.4952250e-03
8.4762270e-03
1.3646270e-02
1.9226880e-02
2.3621060e-02
2.3345030e-02
1.8768350e-02
1.2721500e-02
6.8036280e-03
4.3430950e-03
8.4356840e-03
1.5089720e-02
2.1968420e-02
2.8193960e-02
3.0842940e-02
3.1636190e-02
3.6346210e-02
4.5016150e-02
5.3371260e-02
5.8379110e-02
5.9711640e-02
6.0692010e-02
6.1896310e-02
6.1953530e-02
5.7933520e-02
5.2201390e-02
4.6884450e-02
4.1587070e-02
3.3668570e-02
2.2392840e-02
1.5563470e-02
1.7718220e-02
2.1754140e-02
1.9038210e-02
2.8634330e-03
-1.8897270e-02
-4.2135060e-02
-6.1124390e-02
-6.0510980e-02
-4.1944040e-02
-1.8375670e-02
3.4764090e-03
1.1239580e-02
-4.1823430e-03
-4.8778790e-02
-1.0978240e-01
-1.4400780e-01
-1.3575800e-01
-1.1552920e-01
-9.4212900e-02
-7.0497340e-02
-5.4318470e-02
-6.6480970e-02
-9.4096990e-02
-1.1622650e-01
-1.1688650e-01
-1.0049940e-01
-8.2186890e-02
-6.3956260e-02
-4.5281590e-02
-2.3162210e-02
-1.0411660e-04
1.7674720e-02
2.1211870e-02
2.0133950e-02
2.2064850e-02
2.9150590e-02
3.8279300e-02
4.4981270e-02
4.3065410e-02
3.5753660e-02
3.0587480e-02
3.3973330e-02
4.1407180e-02
4.7151450e-02
4.6754170e-02
3.9442550e-02
3.1366750e-02
2.4008150e-02
1.4220390e-02
-3.4922090e-03
-2.2164930e-02
-2.8312780e-02
-2.2813600e-02
-1.5029200e-02
-7.6098640e-03
-1.9684940e-04
8.4558120e-03
1.7285010e-02
2.0982740e-02
1.3528310e-02
2.4582130e-03
-3.7117580e-03
-8.7567800e-05
7.7922380e-03
1.4839590e-02
1.6085460e-02
7.8070980e-03
-8.3528380e-04
-8.7088920e-04
5.2045420e-03
1.2191840e-02
1.9513720e-02
2.7265710e-02
3.3522980e-02
3.3803410e-02
3.0368970e-02
2.6425640e-02
2.2218160e-02
1.8743310e-02
1.7308290e-02
1.6861520e-02
1.6282040e-02
1.5698870e-02
1.4459270e-02
1.2885090e-02
1.1213110e-02
9.4897930e-03
6.2837790e-03
1.3042710e-03
-4.6277830e-03
-1.0863810e-02
-1.6491500e-02
-1.7625920e-02
-1.3969490e-02
-8.4544730e-03
1.2149280e-03
2.0044890e-02
4.2332850e-02
5.2928790e-02
3.1761570e-02
7.1841730e-03
-5.2922770e-03
-1.5262940e-02
-2.5887200e-02
-3.8120970e-02
-4.7354320e-02
-4.6700450e-02
-3.8588590e-02
-2.9687170e-02
-1.9724180e-02
-8.5163320e-03
-1.1459420e-03
-8.9321080e-03
-2.5813510e-02
-4.2845800e-02
-5.0612580e-02
-3.9480250e-02
-2.2201860e-02
-3.8363360e-03
1.6589310e-02
3.0127190e-02
2.0630290e-02
-5.2089280e-04
-2.0153080e-02
-2.7051470e-02
-1.0674280e-02
1.3839940e-02
3.6318280e-02
4.5984930e-02
3.9011800e-02
2.7323140e-02
1.5845870e-02
3.1385180e-03
-9.0948990e-03
-1.5904270e-02
-1.2902550e-02
-6.9469110e-03
-6.5643850e-04
5.9474660e-03
1.0658270e-02
9.1178690e-03
3.9457830e-03
-5.6830920e-03
-2.2740230e-02
-3.9595720e-02
-4.4397750e-02
-3.6060420e-02
-2.4444500e-02
-1.2669660e-02
2.4731880e-04
1.1510230e-02
1.4098220e-02
8.1022120e-03
1.7760890e-03
1.3865040e-03
6.4096760e-03
1.2490580e-02
1.9314190e-02
2.6262430e-02
2.9305330e-02
2.3972240e-02
1.7028290e-02
1.4872070e-02
1.6980080e-02
2.0345300e-02
2.4004570e-02
2.6184730e-02
2.2714500e-02
1.5282000e-02
6.6998990e-03
-8.6968980e-04
-2.4090220e-03
2.6537370e-03
9.5481030e-03
1.6273000e-02
2.3068470e-02
2.9899560e-02
3.6972450e-02
4.2929150e-02
4.5453390e-02
3.9810570e-02
2.8810560e-02
1.6558040e-02
5.4909970e-03
3.2541540e-04
-3.5442110e-04
-1.5043230e-03
-7.2663350e-03
-1.5810530e-02
-2.4529800e-02
-3.3190050e-02
-4.2404900e-02
-5.1951730e-02
-5.9135130e-02
-6.0197370e-02
-5.9322610e-02
-5.9005840e-02
-5.6978060e-02
-4.9865960e-02
-4.0307320e-02
-3.0846740e-02
-2.1248990e-02
-1.2007790e-02
-2.7349870e-03
7.3015340e-03
2.0315260e-02
3.4863100e-02
5.0135380e-02
6.6838930e-02
8.2140170e-02
8.5835470e-02
7.3531920e-02
5.6382660e-02
3.9721820e-02
2.2742300e-02
5.6028480e-03
-1.1888700e-02
-2.8708010e-02
-4.4340500e-02
-5.8836640e-02
-7.1429380e-02
-7.3748670e-02
-6.2254720e-02
-4.6737010e-02
-3.1745010e-02
-1.5130320e-02
2.2014200e-03
1.3789330e-02
8.8013580e-03
-2.0843420e-03
-1.2248500e-02
-2.2634030e-02
-3.4146550e-02
-4.6150690e-02
-5.1960230e-02
-4.4694100e-02
-3.2928820e-02
-2.4174070e-02
-1.9519070e-02
-1.7157160e-02
-1.4827890e-02
-1.0265920e-02
2.5750980e-03
1.8606980e-02
3.4881570e-02
5.0972610e-02
6.6834480e-02
8.2338700e-02
9.9827360e-02
1.1910150e-01
1.3099500e-01
1.1717780e-01
8.9628890e-02
5.9319380e-02
2.7509250e-02
5.5690110e-03
1.0852790e-02
2.8804160e-02
4.8548200e-02
6.0767890e-02
4.0207360e-02
-3.4751070e-03
-5.3036380e-02
-9.1605320e-02
-9.3452470e-02
-7.5739660e-02
-5.6697230e-02
-3.7442700e-02
-2.1561080e-02
-8.7040800e-03
2.5288660e-03
1.5527550e-02
2.9760280e-02
3.8620270e-02
2.6095130e-02
7.1555020e-04
-2.5800920e-02
-4.1770570e-02
-3.5342440e-02
-2.1384660e-02
-8.3198220e-03
6.1654600e-03
2.1057430e-02
3.2770410e-02
3.4182040e-02
3.4481120e-02
4.2205280e-02
5.4943160e-02
6.9131110e-02
7.7539550e-02
6.3943110e-02
3.6657000e-02
7.2979620e-03
-2.3287130e-02
-5.4408840e-02
-7.7398980e-02
-8.0551660e-02
-6.6229680e-02
-4.6603200e-02
-2.5826040e-02
-1.0124320e-02
-1.0741280e-02
-1.9705990e-02
-2.9219600e-02
-3.5360700e-02
-2.7989930e-02
-1.4160150e-02
2.2258140e-03
1.9755720e-02
2.9342890e-02
1.4824270e-02
-1.0274520e-02
-3.6767390e-02
-5.6823700e-02
-5.3023710e-02
-3.4258350e-02
-1.3551640e-02
9.5797860e-03
3.4073220e-02
4.9059330e-02
3.6070980e-02
1.2985740e-02
-1.0468220e-02
-3.5910910e-02
-5.6958350e-02
-5.9881540e-02
-4.6894660e-02
-2.9615420e-02
-1.3688610e-02
-8.7300720e-03
-1.8969560e-02
-3.4471210e-02
-5.1142710e-02
-6.6750050e-02
-7.0192310e-02
-5.6066490e-02
-3.5026570e-02
-1.3575630e-02
2.4352860e-03
2.6038570e-03
-1.0798490e-03
1.9831400e-03
9.9703370e-03
1.8964250e-02
2.7648600e-02
3.6429500e-02
4.5127920e-02
5.3765980e-02
6.1889230e-02
6.7959460e-02
6.5668430e-02
5.4472700e-02
4.0385000e-02
2.9145670e-02
2.7653850e-02
3.2356570e-02
3.7506150e-02
3.8302910e-02
2.8119080e-02
1.3057700e-02
-3.0226690e-03
-1.3276960e-02
-5.6837490e-03
1.0944300e-02
2.7735010e-02
3.3957120e-02
1.2394400e-02
-1.9817490e-02
-4.3131080e-02
-3.8326000e-02
-1.8674380e-02
8.1807130e-04
2.1811270e-02
4.6782910e-02
6.9207620e-02
6.3002020e-02
1.8815530e-02
-2.4574670e-02
-4.3544790e-02
-5.5249530e-02
-6.8624920e-02
-8.3507570e-02
-9.4473230e-02
-9.1657730e-02
-7.9680560e-02
-6.6558750e-02
-5.3324170e-02
-4.0207390e-02
-2.6906950e-02
-1.3792420e-02
1.9763390e-04
1.4922960e-02
2.6305600e-02
2.5748000e-02
1.8664670e-02
1.0407220e-02
1.3800580e-03
-4.8672380e-03
-2.1135200e-03
5.7669760e-03
1.4234500e-02
2.3908730e-02
3.2668230e-02
3.4704800e-02
2.6166420e-02
1.4687240e-02
3.5374770e-03
-7.4459240e-03
-1.9637180e-02
-3.2729590e-02
-4.1538700e-02
-3.6809320e-02
-2.6759830e-02
-1.8601290e-02
-1.5517250e-02
-1.4905590e-02
-1.2096010e-02
-4.6210740e-03
5.0624950e-03
1.3689540e-02
1.8241110e-02
1.7636930e-02
1.5891870e-02
1.4202380e-02
1.2372500e-02
9.5948530e-03
5.7702490e-03
1.6540650e-03
-2.4276100e-03
-6.5394400e-03
-1.0627020e-02
-1.4705960e-02
-1.8823550e-02
-2.2936280e-02
-2.7033300e-02
-3.0999480e-02
-3.5302410e-02
-3.9961530e-02
-4.3489870e-02
-4.1945590e-02
-3.6285260e-02
-2.9765680e-02
-2.3283910e-02
-1.6454810e-02
-9.8677510e-03
-4.7920870e-03
-2.2524300e-03
-9.0071350e-04
2.6806480e-03
1.5646530e-02
3.3688240e-02
4.7704990e-02
4.2672180e-02
2.1678400e-02
6.9216020e-03
1.9199020e-02
4.2887760e-02
6.6894800e-02
8.7382450e-02
9.0062510e-02
7.8969670e-02
6.4661160e-02
5.0735120e-02
3.6191850e-02
2.1179840e-02
6.6942450e-03
-3.5215400e-03
-1.0026730e-02
-1.5887680e-02
-2.1516080e-02
-2.2901260e-02
-1.8273570e-02
-1.1527450e-02
-5.1020890e-03
1.6174450e-03
8.1931240e-03
1.4795870e-02
2.1055240e-02
2.8393310e-02
3.6491850e-02
4.0768000e-02
3.2347220e-02
1.8317290e-02
3.8753930e-03
-1.1761470e-02
-2.6536310e-02
-3.3557680e-02
-2.8370260e-02
-1.9274540e-02
-1.0535590e-02
-1.8681940e-03
6.6304420e-03
1.6311250e-02
2.7099850e-02
3.3908880e-02
2.5925520e-02
8.5277350e-03
-1.1233520e-02
-2.8153570e-02
-3.0129730e-02
-1.7381150e-02
-1.1397580e-03
1.4706630e-02
3.2119950e-02
5.0698280e-02
6.4086730e-02
6.0859340e-02
5.1320130e-02
4.2333060e-02
3.3039830e-02
2.3913330e-02
1.4548280e-02
5.0907360e-03
-6.2126220e-03
-1.9544930e-02
-3.4061350e-02
-4.6208170e-02
-4.9756240e-02
-4.7068050e-02
-4.3329250e-02
-3.9085560e-02
-3.5637410e-02
-3.5650600e-02
-3.9976370e-02
-4.5600700e-02
-5.0110670e-02
-5.0089550e-02
-4.7055760e-02
-4.2786080e-02
-4.0129290e-02
-4.4886160e-02
-5.5620710e-02
-6.0363160e-02
-5.3344100e-02
-4.2623010e-02
-3.2471830e-02
-2.2147450e-02
-1.1863830e-02
-9.8454450e-04
1.0029620e-02
1.9870470e-02
2.5279430e-02
2.8676610e-02
3.1906250e-02
3.5604250e-02
3.9603050e-02
4.2042110e-02
3.9059680e-02
3.3072550e-02
2.6813560e-02
2.0611180e-02
1.4388860e-02
7.8208860e-03
6.3696380e-04
-5.1022000e-03
-5.1215530e-03
-1.6038150e-04
5.6942530e-03
1.2038300e-02
1.8795780e-02
2.3900740e-02
2.2909590e-02
1.9189540e-02
1.5301880e-02
1.1384160e-02
7.4882900e-03
3.5045780e-03
-8.6013540e-04
-5.7205640e-03
-1.0708500e-02
-1.5680480e-02
-2.1241510e-02
-2.6839770e-02
-3.0075530e-02
-2.7340440e-02
-2.2569810e-02
-1.7918840e-02
-1.3062480e-02
-8.3562330e-03
-4.7464950e-03
-2.7755030e-03
-1.0483220e-03
2.8824890e-04
-1.3638700e-03
-6.7148700e-03
-1.3361740e-02
-2.0276240e-02
-2.6887320e-02
-3.0390340e-02
-3.0016030e-02
-2.8381550e-02
-2.7083460e-02
-2.5791680e-02
-2.3844600e-02
-1.9193330e-02
-1.3027230e-02
-4.4280680e-03
5.7719590e-03
1.7314550e-02
2.8736500e-02
3.3858570e-02
2.6418350e-02
1.4790310e-02
3.6623110e-03
-7.4678350e-03
-1.9419650e-02
-3.2319180e-02
-4.1937420e-02
-4.0782650e-02
-3.4398880e-02
-2.7876890e-02
-2.1191120e-02
-1.4533330e-02
-7.6655340e-03
-9.6282190e-04
5.6674690e-03
1.2607640e-02
2.0235560e-02
2.6318060e-02
2.5838220e-02
1.9661580e-02
1.1872260e-02
3.1863650e-03
-4.3494120e-03
-3.9935010e-03
6.7678150e-03
2.1631950e-02
3.7806130e-02
5.0455700e-02
4.6797130e-02
2.8729710e-02
6.0593670e-03
-1.7742030e-02
-3.6345200e-02
-3.7452590e-02
-2.9831190e-02
-2.2030720e-02
-1.4218580e-02
-6.5209700e-03
2.3490020e-03
1.1772610e-02
1.8250240e-02
1.5638840e-02
1.0984160e-02
1.2067080e-02
1.7338800e-02
2.1643770e-02
1.9944860e-02
1.4880430e-02
9.6861390e-03
4.6219390e-03
-1.1424210e-03
-7.6909320e-03
-1.1435860e-02
-5.7911750e-03
4.6442160e-03
1.5849890e-02
2.7329780e-02
3.5419390e-02
3.6950860e-02
3.9020580e-02
4.5903200e-02
5.4388790e-02
6.3587880e-02
7.0914910e-02
7.1389140e-02
6.5456070e-02
5.8253230e-02
5.1014930e-02
4.3811900e-02
3.6250800e-02
2.9060060e-02
2.3148100e-02
1.8887440e-02
1.6320500e-02
1.7990320e-02
2.1639030e-02
2.5323980e-02
2.8824150e-02
3.2879990e-02
3.7691830e-02
4.0593640e-02
3.5357170e-02
2.3369390e-02
8.6555750e-03
-4.6626130e-03
-5.8482540e-03
8.4780090e-03
2.2298250e-02
2.0936150e-02
1.3727780e-02
7.0453960e-03
2.7779900e-04
-6.3966940e-03
-1.3488840e-02
-2.0531430e-02
-2.8180520e-02
-3.5898040e-02
-4.3767310e-02
-5.1496190e-02
-5.9088700e-02
-6.6481880e-02
-7.4941530e-02
-8.4139190e-02
-8.9371090e-02
-8.1943480e-02
-6.9582490e-02
-5.7315850e-02
-4.4246900e-02
-3.1439670e-02
-2.3415460e-02
-2.3686180e-02
-2.5810020e-02
-2.4658660e-02
-2.1260480e-02
-1.7577180e-02
-1.4113260e-02
-1.0199450e-02
-5.8707670e-03
-2.9918490e-03
-5.7213100e-03
-1.1853200e-02
-1.9085550e-02
-2.6848780e-02
-3.2053730e-02
-2.9328180e-02
-2.3299010e-02
-1.7465560e-02
-1.1597930e-02
-5.6659940e-03
8.9892570e-04
6.9297880e-03
9.7946270e-03
8.2731230e-03
5.5490260e-03
2.8994970e-03
1.8720150e-04
-2.7247300e-03
-5.4677730e-03
-7.0201300e-03
-7.2010860e-03
-7.0134060e-03
-6.8482940e-03
-6.7923150e-03
-6.7265140e-03
-5.9991670e-03
-3.9473910e-03
-1.4894760e-03
7.5960340e-04
3.2255380e-03
6.9224780e-03
1.2281240e-02
1.8076190e-02
2.4057170e-02
3.1651500e-02
3.7184840e-02
3.7893990e-02
3.4195190e-02
2.9195590e-02
2.4274390e-02
2.0925200e-02
2.0807960e-02
2.1788180e-02
2.2897000e-02
2.4066870e-02
2.3941270e-02
2.1096690e-02
1.6939600e-02
1.3364350e-02
1.2354240e-02
1.4239350e-02
1.6705360e-02
1.9213150e-02
2.1999560e-02
2.4659110e-02
2.5102290e-02
2.2015760e-02
1.7821890e-02
1.3745060e-02
9.2069710e-03
4.7589380e-03
2.4249930e-03
4.6895140e-03
8.5913940e-03
1.2719790e-02
1.6469840e-02
1.7268250e-02
1.4165690e-02
9.9471840e-03
5.8582010e-03
1.6914380e-03
-2.5747980e-03
-6.5099010e-03
-9.0707050e-03
-1.0600120e-02
-1.2157320e-02
-1.3930480e-02
-1.4726210e-02
-1.2225660e-02
-8.0859340e-03
-3.8991610e-03
4.0898030e-04
4.3701200e-03
6.9371180e-03
7.8370260e-03
8.4524410e-03
9.2062660e-03
9.5476330e-03
8.3092050e-03
5.9373300e-03
3.4407540e-03
9.9247120e-04
-1.4153480e-03
-3.7867120e-03
-6.1033850e-03
-8.3553950e-03
-1.0553100e-02
-1.2680150e-02
-1.4667310e-02
-1.6467850e-02
-1.8170090e-02
-1.9903080e-02
-2.1599580e-02
-2.3028840e-02
-2.3668460e-02
-2.3946680e-02
-2.4167250e-02
-2.4415410e-02
-2.4686030e-02
-2.4458640e-02
-2.3079710e-02
-2.1229290e-02
-1.9456260e-02
-1.7683200e-02
-1.5989380e-02
-1.4325940e-02
-1.2708720e-02
-1.1083240e-02
-9.4650570e-03
-7.8164250e-03
-6.2410310e-03
-4.7227040e-03
-3.2253320e-03
-1.7579080e-03
-4.5438850e-04
5.2931780e-04
1.3660690e-03
2.1848240e-03
2.9541730e-03
3.6866000e-03
4.3885000e-03
5.0844270e-03
5.6819670e-03
6.0013810e-03
6.0546260e-03
6.0423040e-03
6.0197230e-03
6.0194420e-03
6.0042630e-03
5.8826370e-03
5.7103940e-03
6.0944610e-03
7.7587260e-03
9.9977180e-03
1.1921730e-02
1.2277290e-02
1.0102640e-02
7.2493110e-03
4.5403890e-03
1.9256450e-03
-3.1963920e-04
-1.8719650e-03
-3.0754490e-03
-4.3379000e-03
-5.6087480e-03
-6.2426800e-03
-5.0909660e-03
-3.1661400e-03
-1.3493280e-03
3.0027480e-04
1.7566350e-03
3.1755570e-03
4.5776860e-03
5.5224510e-03
4.8359520e-03
2.7737860e-03
5.3135720e-04
-1.4250240e-03
-2.7332810e-03
-3.1497160e-03
-3.2724220e-03
-3.3816440e-03
-3.4525310e-03
-3.4931760e-03
-3.4817190e-03
-3.4593310e-03
-3.4048870e-03
-3.3215270e-03
-3.1962170e-03
-3.0592960e-03
-2.9239650e-03
-2.7738370e-03
-2.6063110e-03
-2.4167280e-03
-2.2422460e-03
-2.0974390e-03
-1.8783930e-03
-1.4046610e-03
