0.01
2.2083950e-03
2.5377620e-03
2.8809730e-03
3.2197980e-03
3.5477070e-03
3.8823010e-03
4.2198850e-03
4.5649120e-03
4.9022490e-03
5.2374230e-03
5.5602000e-03
5.9053090e-03
6.2810310e-03
6.6434370e-03
6.8133200e-03
6.6195350e-03
6.2492600e-03
5.8703420e-03
5.4900130e-03
5.1253530e-03
4.7355140e-03
4.3277790e-03
3.9067270e-03
3.4958200e-03
3.0778560e-03
2.6626020e-03
2.2383220e-03
1.8217970e-03
1.4102220e-03
1.0204900e-03
5.9260390e-04
1.4650300e-05
-7.9012310e-04
-1.6899050e-03
-2.6033550e-03
-3.4998730e-03
-4.3839800e-03
-5.2756840e-03
-6.2246790e-03
-7.1988710e-03
-7.9863010e-03
-8.1961130e-03
-7.8897210e-03
-7.4032290e-03
-6.9097480e-03
-6.4336730e-03
-5.9630100e-03
-5.4786190e-03
-4.9958880e-03
-4.5120530e-03
-4.0317900e-03
-3.5464730e-03
-3.0662960e-03
-2.5817760e-03
-2.0957040e-03
-1.6072080e-03
-1.1271970e-03
-6.4394730e-04
-1.6223260e-04
3.2239060e-04
8.0451120e-04
1.2896770e-03
1.7732550e-03
2.2568570e-03
2.7312090e-03
3.2166900e-03
3.7415460e-03
4.2721390e-03
4.6122750e-03
4.5299640e-03
4.2282410e-03
3.9126970e-03
3.5994000e-03
3.2987080e-03
2.9893380e-03
2.6871490e-03
2.3727340e-03
2.0499640e-03
1.7208310e-03
1.4670590e-03
1.3683190e-03
1.3561360e-03
1.3399050e-03
1.3002300e-03
1.2421120e-03
1.2580830e-03
1.3830710e-03
1.3665090e-03
5.1104180e-04
-1.6044200e-03
-4.3172610e-03
-6.6664450e-03
-7.6661370e-03
-7.2473190e-03
-6.3472470e-03
-5.4188120e-03
-4.5325440e-03
-3.6024200e-03
-2.6310570e-03
-1.7743880e-03
-1.3606530e-03
-1.3958090e-03
-1.6110210e-03
-1.8318760e-03
-2.0484760e-03
-2.2436890e-03
-2.4438100e-03
-2.6504960e-03
-2.9141200e-03
-3.1836830e-03
-3.2659840e-03
-2.8053270e-03
-1.9301590e-03
-9.1948940e-04
9.0151870e-05
1.0913920e-03
2.0694940e-03
3.0579090e-03
4.0616660e-03
5.0635730e-03
5.7602370e-03
5.5098020e-03
3.5285370e-03
5.9894760e-04
-2.5010500e-03
-5.0444420e-03
-5.9518840e-03
-5.4403500e-03
-4.4646250e-03
-3.4923060e-03
-2.5698730e-03
-1.5522430e-03
-2.4812990e-04
1.2854430e-03
2.6442270e-03
2.9698080e-03
1.7415200e-03
-2.9660920e-04
-2.1768670e-03
-2.7266130e-03
-1.0860390e-03
1.6082850e-03
4.6376970e-03
7.6954610e-03
9.6838220e-03
9.0923450e-03
6.6676970e-03
3.8419110e-03
1.3507870e-03
-2.1827550e-04
-1.4089270e-03
-2.5396590e-03
-3.3751330e-03
-3.3595150e-03
-2.7724110e-03
-2.1115350e-03
-1.6733960e-03
-1.4023150e-03
-1.1719630e-03
-9.0117410e-04
-5.7188670e-04
-1.9699600e-04
1.8381070e-04
6.0049930e-04
1.0105260e-03
1.2955720e-03
1.2871240e-03
1.1177990e-03
1.2291990e-03
2.3836590e-03
4.5158100e-03
6.4051390e-03
6.7090330e-03
5.7199160e-03
4.3150070e-03
2.9160650e-03
1.7198580e-03
8.5942550e-04
1.2429770e-04
-6.5545440e-04
-1.3619020e-03
-1.6090940e-03
-1.0925780e-03
-2.0683150e-04
7.0517840e-04
1.5545920e-03
2.2665560e-03
2.9411290e-03
3.6191600e-03
3.9923310e-03
3.3247270e-03
1.5188210e-03
-8.8976650e-04
-3.5233290e-03
-5.6551230e-03
-5.7590570e-03
-3.3190090e-03
2.8262610e-04
3.6316640e-03
5.4317710e-03
5.0660390e-03
3.8452110e-03
2.5633090e-03
1.3215580e-03
3.2264610e-05
-1.3042990e-03
-2.4082650e-03
-2.7994280e-03
-2.6225270e-03
-2.2122310e-03
-1.6735220e-03
-1.0617910e-03
-3.9830100e-04
4.2201410e-04
1.3114740e-03
1.6987790e-03
5.4399610e-04
-2.0672280e-03
-5.3563940e-03
-8.8124660e-03
-1.1593090e-02
-1.2273790e-02
-1.0804070e-02
-8.5492020e-03
-6.2138460e-03
-3.8053140e-03
-1.3589110e-03
6.8754300e-04
1.4378500e-03
1.0208010e-03
1.8801470e-04
-7.0535360e-04
-1.6288300e-03
-2.4319920e-03
-2.8361200e-03
-2.7267660e-03
-2.6585560e-03
-2.9595860e-03
-2.9731450e-03
-7.0957220e-04
4.8513400e-03
9.5274410e-03
8.5495990e-03
4.5579480e-03
6.9526110e-04
-1.2564300e-03
-1.1335710e-03
-3.8159490e-04
3.6327620e-04
1.0095150e-03
1.6728230e-03
2.4124540e-03
3.1998950e-03
3.8506820e-03
4.1039080e-03
3.9491670e-03
3.6519680e-03
3.3310290e-03
2.9730060e-03
2.6127770e-03
2.4237310e-03
2.6798150e-03
3.2193970e-03
3.8141710e-03
4.4297720e-03
5.1430840e-03
5.8934470e-03
6.2380170e-03
5.5215540e-03
4.1779180e-03
3.0895020e-03
3.1091420e-03
4.2176460e-03
5.7456440e-03
7.2378990e-03
8.2190740e-03
8.3244060e-03
8.0202610e-03
7.7214270e-03
7.5448370e-03
7.4610130e-03
7.3694690e-03
7.2767430e-03
7.1690030e-03
7.0701720e-03
6.9708770e-03
6.8824410e-03
6.7850330e-03
6.6965350e-03
6.5925590e-03
6.4715830e-03
6.3198050e-03
6.1633480e-03
6.0126290e-03
5.9027220e-03
5.8065020e-03
5.5805170e-03
4.9323390e-03
3.9192730e-03
2.7804140e-03
1.6231950e-03
4.2438300e-04
-7.4765640e-04
-1.6560420e-03
-1.9934490e-03
-2.0140490e-03
-1.8766700e-03
-1.7500370e-03
-2.1794580e-03
-3.8617200e-03
-6.2544980e-03
-8.8453400e-03
-1.1765560e-02
-1.5030970e-02
-1.7890310e-02
-1.9237870e-02
-1.9622050e-02
-1.9824180e-02
-2.0221760e-02
-2.0949210e-02
-2.1226400e-02
-1.9414640e-02
-1.4911040e-02
-9.8687940e-03
-7.0136430e-03
-7.9828930e-03
-1.0709310e-02
-1.3540880e-02
-1.6295170e-02
-1.8987930e-02
-2.1887960e-02
-2.4724330e-02
-2.6479160e-02
-2.5855690e-02
-2.3929300e-02
-2.0515010e-02
-1.3704180e-02
-4.7518510e-03
4.7470640e-03
1.3410980e-02
1.9372830e-02
2.1527260e-02
2.1359700e-02
2.0437450e-02
1.8824830e-02
1.6804460e-02
1.4776060e-02
1.3591470e-02
1.4114150e-02
1.5586310e-02
1.7097660e-02
1.7918230e-02
1.7507810e-02
1.6448030e-02
1.5682170e-02
1.6115380e-02
1.7466530e-02
1.5914790e-02
9.2194670e-03
-3.5343720e-04
-9.7799040e-03
-1.4551610e-02
-1.0519940e-02
-2.7187940e-03
4.2545670e-03
9.9429720e-03
1.5235400e-02
2.1082200e-02
2.6274960e-02
2.8251040e-02
2.5381960e-02
2.0336440e-02
1.4822790e-02
9.5532410e-03
5.5062550e-03
3.5730600e-03
2.5683690e-03
1.5074130e-03
5.5353450e-04
7.1871070e-05
1.6844680e-04
-1.0437810e-03
-6.2000580e-03
-1.4377850e-02
-1.5234400e-02
-8.9531540e-03
-1.7315270e-03
3.2646950e-03
5.8315790e-03
7.5736800e-03
8.8652610e-03
9.6729820e-03
8.5960380e-03
6.1183320e-03
2.6265230e-03
-1.1916270e-03
-3.5784680e-03
-4.7497270e-04
8.7676020e-03
2.1369840e-02
3.4121990e-02
4.2389200e-02
4.0449460e-02
3.3502910e-02
2.6024140e-02
1.8784780e-02
1.1668970e-02
3.9546640e-03
-3.8790160e-03
-9.9218940e-03
-1.1739970e-02
-1.1206920e-02
-1.0204550e-02
-9.4259180e-03
-1.0449210e-02
-1.4214940e-02
-1.9627460e-02
-2.5376500e-02
-3.0070260e-02
-3.0220470e-02
-2.4849310e-02
-1.4355100e-02
3.5171700e-04
1.1772670e-02
8.9837580e-03
-1.2433160e-03
-9.5172090e-03
-1.4133790e-02
-1.7186920e-02
-2.0139380e-02
-2.2999360e-02
-2.5064310e-02
-2.5857300e-02
-2.4573630e-02
-2.2150240e-02
-1.9917040e-02
-1.7629190e-02
-1.1907940e-02
7.8656740e-04
1.5538650e-02
1.5026430e-02
1.2833620e-03
-1.5580070e-02
-2.9782860e-02
-3.8052390e-02
-3.7345150e-02
-3.1296400e-02
-2.2658500e-02
-1.1781220e-02
-1.2155010e-04
1.2882860e-02
2.5931430e-02
3.4695520e-02
3.2488390e-02
2.2811260e-02
9.9190580e-03
-6.6551180e-03
-2.4890920e-02
-3.6476710e-02
-3.2041960e-02
-2.0099270e-02
-1.3459420e-02
-1.0688250e-02
-8.6027340e-03
-5.5249930e-03
-1.4210370e-03
2.8640760e-03
6.8798090e-03
1.0854780e-02
1.5284560e-02
2.0281130e-02
2.3827030e-02
2.1799480e-02
1.2617250e-02
-3.3766830e-06
-1.4020450e-02
-2.6994160e-02
-3.2641040e-02
-2.5663070e-02
-1.2024950e-02
1.8376960e-03
1.0760940e-02
9.5798280e-03
3.5931760e-03
-3.2675800e-03
-9.4814240e-03
-1.2678470e-02
-1.1164910e-02
-7.4123710e-03
-3.1981190e-03
1.0552030e-03
4.1403950e-03
4.5757010e-03
3.0969740e-03
1.1176710e-03
-9.4424230e-04
-2.8333060e-03
-4.5063980e-03
-6.0266880e-03
-7.9669330e-03
-1.0446190e-02
-1.1517400e-02
-7.5153600e-03
1.3890200e-03
5.0169360e-03
-7.4430390e-04
-1.0319780e-02
-1.9457890e-02
-2.5396880e-02
-2.8588720e-02
-3.0950520e-02
-3.3038710e-02
-3.3635150e-02
-3.1183520e-02
-2.1247310e-02
-7.5294160e-04
1.7877620e-02
1.9749530e-02
9.3783880e-03
-4.5335630e-03
-1.8474580e-02
-3.1036690e-02
-4.1264850e-02
-4.9572780e-02
-5.7184260e-02
-6.4066550e-02
-6.9480800e-02
-7.3441880e-02
-7.5136270e-02
-7.1908780e-02
-6.4598280e-02
-5.5032810e-02
-4.3132540e-02
-2.9993830e-02
-1.5829350e-02
5.9838610e-04
1.7997680e-02
3.1375450e-02
3.5610120e-02
3.5164990e-02
3.4636530e-02
3.5778100e-02
3.7707890e-02
3.3305540e-02
1.3403310e-02
-1.6265920e-02
-4.5236500e-02
-6.2096320e-02
-5.5278490e-02
-3.7695800e-02
-1.7638230e-02
6.5844350e-03
3.5171810e-02
6.4215700e-02
8.8153040e-02
1.0449300e-01
1.0805300e-01
9.3618340e-02
6.6876420e-02
3.3587480e-02
7.5153480e-03
-1.0086120e-02
-2.6657650e-02
-4.0084180e-02
-4.1146370e-02
-2.3130870e-02
2.7871850e-03
2.9366110e-02
5.5950850e-02
8.4434400e-02
1.1351100e-01
1.3407840e-01
1.3244930e-01
1.1782540e-01
1.0658500e-01
1.0030880e-01
9.4754150e-02
7.9969120e-02
4.5089720e-02
2.2786080e-03
-3.7621920e-02
-7.2006350e-02
-8.9652640e-02
-8.1793130e-02
-6.3266690e-02
-4.6911640e-02
-3.1307950e-02
-8.1548360e-03
2.7576830e-02
5.1577430e-02
6.4724130e-02
7.2967400e-02
7.2135220e-02
6.2780830e-02
4.9626560e-02
3.6366660e-02
2.3328760e-02
1.0388140e-02
-3.8617110e-03
-1.8737650e-02
-2.9823220e-02
-2.8626350e-02
-1.5600740e-02
2.5622800e-03
2.1695330e-02
3.7182950e-02
4.1343450e-02
3.3581620e-02
2.1309900e-02
8.3834420e-03
-5.2085600e-03
-1.8209040e-02
-2.6512290e-02
-2.5691020e-02
-2.0065860e-02
-1.5844270e-02
-1.9658230e-02
-3.3529520e-02
-5.0615200e-02
-6.0396790e-02
-5.1973500e-02
-3.2434630e-02
-1.1252200e-02
9.5765850e-03
3.0362540e-02
5.3409920e-02
7.6648220e-02
9.1881140e-02
8.7358870e-02
7.1106420e-02
5.1326080e-02
2.7717440e-02
-3.3848810e-04
-3.0100880e-02
-5.6331940e-02
-7.3403520e-02
-8.4057970e-02
-8.9340030e-02
-8.2575510e-02
-6.3106350e-02
-3.9832680e-02
-1.9117960e-02
-8.3204680e-04
1.6876910e-02
3.3124120e-02
4.4016480e-02
4.5017290e-02
3.9363080e-02
3.1939350e-02
2.4000000e-02
1.5989860e-02
9.4987450e-03
8.1263910e-03
1.2453510e-02
1.9148530e-02
2.6478100e-02
3.4106600e-02
4.0380680e-02
4.2029320e-02
3.7636550e-02
3.0370300e-02
1.7789660e-02
-7.3805460e-03
-3.9892990e-02
-6.9945890e-02
-8.6213410e-02
-8.4644990e-02
-7.5937800e-02
-6.6349640e-02
-5.6756980e-02
-4.8132540e-02
-4.2724260e-02
-4.2346180e-02
-4.4309020e-02
-4.6972200e-02
-4.9971220e-02
-5.1854790e-02
-4.9224520e-02
-4.0170780e-02
-2.7763930e-02
-1.1615600e-02
1.1071730e-02
3.4191260e-02
4.7448620e-02
4.5189640e-02
3.5830710e-02
2.5375190e-02
1.5101620e-02
7.3636200e-03
4.6519800e-03
5.1471800e-03
6.2565150e-03
7.5535860e-03
8.7465810e-03
9.8166770e-03
1.0373900e-02
1.1502360e-02
1.5554670e-02
2.4112830e-02
3.4341530e-02
3.9170410e-02
2.8931800e-02
7.8090690e-03
-1.3864860e-02
-2.8474810e-02
-3.4733180e-02
-3.7849480e-02
-3.9467510e-02
-3.6946690e-02
-2.7136350e-02
-1.3679710e-02
9.8712810e-04
1.6495280e-02
2.9726770e-02
3.4193610e-02
2.6856730e-02
1.4234970e-02
1.8498720e-03
-6.4502590e-03
-8.6112960e-03
-8.0443820e-03
-7.0388330e-03
-7.0314520e-03
-1.0222550e-02
-1.6869130e-02
-2.4958090e-02
-3.1417970e-02
-3.1713100e-02
-2.4984580e-02
-1.5266850e-02
-5.5493820e-03
2.1142930e-03
5.7626560e-03
6.3025050e-03
3.5230810e-03
-8.8017100e-04
-5.3723180e-03
-9.7280170e-03
-1.3981140e-02
-1.8460570e-02
-2.2463540e-02
-2.4071700e-02
-2.2355570e-02
-1.9251000e-02
-1.6959300e-02
-1.7029110e-02
-1.8842510e-02
-1.9794490e-02
-1.9486720e-02
-1.7184050e-02
-9.4834290e-03
4.9970240e-03
1.3485940e-02
1.2297990e-02
1.0499160e-02
9.9810630e-03
1.0709270e-02
1.2913310e-02
1.5121810e-02
1.2522560e-02
-1.1851530e-03
-2.1192120e-02
-3.8540670e-02
-4.2354620e-02
-2.7881020e-02
-5.7047900e-03
1.6490650e-02
3.4563390e-02
4.5885690e-02
5.1067690e-02
5.1744530e-02
5.0070640e-02
4.6210720e-02
4.1258180e-02
3.5939300e-02
2.6881970e-02
8.6769180e-03
-1.3804720e-02
-2.6516130e-02
-2.1003650e-02
-7.2029660e-03
5.2418890e-03
1.2043180e-02
1.4915940e-02
1.7351300e-02
2.0057980e-02
2.3543950e-02
2.6555680e-02
2.7202870e-02
2.3176870e-02
1.6661590e-02
9.7914850e-03
5.1518940e-03
5.2508050e-03
7.4036040e-03
7.2324620e-03
4.0894160e-03
-4.6924040e-04
-5.5942510e-03
-1.1640670e-02
-1.5926760e-02
-1.2416650e-02
2.8393350e-03
2.5730740e-02
4.7510580e-02
4.9241860e-02
3.3791890e-02
1.5486970e-02
1.4634890e-03
-8.5948320e-03
-1.8652110e-02
-2.8733730e-02
-3.5463380e-02
-3.4103950e-02
-2.8923650e-02
-2.3236740e-02
-1.7540820e-02
-1.1560350e-02
-5.8094920e-03
-2.5753940e-03
-4.0681380e-03
-7.8348390e-03
-1.1880300e-02
-1.5827380e-02
-1.9461880e-02
-2.2676740e-02
-2.5348140e-02
-2.6721430e-02
-2.4508320e-02
-1.8197680e-02
-1.0066890e-02
-1.6601200e-03
5.6067150e-03
9.9797780e-03
1.2152760e-02
1.3799160e-02
1.5870940e-02
1.8822200e-02
2.0640240e-02
1.6636820e-02
3.4580190e-03
-1.3561650e-02
-2.9834910e-02
-4.3022830e-02
-5.0887000e-02
-4.8426360e-02
-3.7291650e-02
-2.3612670e-02
-9.9130170e-03
3.3855000e-03
1.6087910e-02
2.6183250e-02
3.1793170e-02
3.5836570e-02
4.0064450e-02
4.1824240e-02
3.6231640e-02
2.3574190e-02
8.0964860e-03
-7.1198160e-03
-1.8077580e-02
-2.1685750e-02
-2.1836350e-02
-2.1737370e-02
-2.1693300e-02
-2.1923650e-02
-2.2064070e-02
-2.2258570e-02
-2.2441710e-02
-2.2993300e-02
-2.3775030e-02
-2.3764830e-02
-2.0464740e-02
-1.3486170e-02
-5.5831820e-03
3.9773840e-04
4.0221650e-03
6.5821590e-03
8.9339630e-03
1.0850240e-02
1.2431110e-02
1.3026930e-02
1.1441220e-02
7.6836380e-03
3.1711270e-03
-1.6560090e-03
-6.5221670e-03
-1.0746560e-02
-1.2805680e-02
-1.2753140e-02
-1.1902640e-02
-1.1023660e-02
-1.0140620e-02
-9.3125840e-03
-8.4208120e-03
-7.5317480e-03
-6.4714480e-03
-5.3547350e-03
-4.5846690e-03
-5.0772930e-03
-6.5329830e-03
-7.5732930e-03
-6.0249950e-03
-1.4004590e-03
4.4061340e-03
9.6129430e-03
1.3499580e-02
1.6978420e-02
2.1109770e-02
2.5257620e-02
2.6899080e-02
2.2744130e-02
1.6471440e-02
1.3386350e-02
1.3389600e-02
1.4282390e-02
1.5336540e-02
1.6877620e-02
1.9528520e-02
2.2505070e-02
2.5855530e-02
3.0912990e-02
3.8834410e-02
4.8042090e-02
5.5066620e-02
5.5310550e-02
4.9427820e-02
4.1442060e-02
3.3769950e-02
2.7766260e-02
2.3667890e-02
2.0105620e-02
1.7057040e-02
1.5877330e-02
1.7003690e-02
1.9171370e-02
2.1773500e-02
2.4208820e-02
2.5006950e-02
2.2281320e-02
1.7746220e-02
1.2820820e-02
7.6075210e-03
2.8692020e-03
2.5152560e-04
1.1233770e-03
3.5668640e-03
6.1490860e-03
8.5876130e-03
1.0952140e-02
1.3628130e-02
1.6669900e-02
1.9072990e-02
1.8276150e-02
1.3019250e-02
5.8121660e-03
-9.9835480e-04
-6.2899550e-03
-1.0402230e-02
-1.4320500e-02
-1.8102540e-02
-2.1733170e-02
-2.5381850e-02
-3.0089930e-02
-3.6043510e-02
-4.0554020e-02
-3.9128350e-02
-3.4503330e-02
-2.9481600e-02
-2.4978430e-02
-2.1910740e-02
-1.9570570e-02
-1.6903530e-02
-1.3456750e-02
-1.1395980e-02
-1.5666520e-02
-2.8827940e-02
-4.5827750e-02
-6.3183930e-02
-7.9289340e-02
-9.1338700e-02
-9.3217790e-02
-8.1963120e-02
-6.5521910e-02
-4.8020050e-02
-2.7670640e-02
-4.0957200e-03
1.4586360e-02
1.7729080e-02
1.2502680e-02
5.8977920e-03
1.2023490e-03
2.4018520e-03
8.7835640e-03
1.6840720e-02
2.4799260e-02
3.3502200e-02
4.3514580e-02
5.1974020e-02
5.0460260e-02
3.3287750e-02
9.0751060e-03
-1.6139690e-02
-4.2929070e-02
-6.9488790e-02
-8.8465270e-02
-8.6470120e-02
-6.8273930e-02
-4.5305550e-02
-2.2369870e-02
1.4412340e-04
2.3436070e-02
4.7285190e-02
6.7206900e-02
7.6168660e-02
7.1162780e-02
5.7092040e-02
3.9200820e-02
2.1043240e-02
9.0433250e-03
1.2625820e-02
2.6577690e-02
4.3174260e-02
5.4420460e-02
4.8748450e-02
2.7348860e-02
7.1832080e-04
-2.1757060e-02
-3.1891170e-02
-3.2637690e-02
-3.1023470e-02
-2.9717570e-02
-2.8643160e-02
-2.6027980e-02
-2.0368120e-02
-1.2884240e-02
-4.9471500e-03
1.9364120e-03
4.8781350e-03
3.2315680e-03
-3.0939320e-04
-3.9776920e-03
-7.5125160e-03
-1.0883080e-02
-1.4420100e-02
-1.8378780e-02
-2.2417440e-02
-2.4873840e-02
-2.3827100e-02
-2.0666430e-02
-1.7202960e-02
-1.3907830e-02
-1.0742030e-02
-6.5593870e-03
-4.0293550e-04
6.6957260e-03
1.3735240e-02
2.1448390e-02
3.0454240e-02
4.0867540e-02
4.8934770e-02
4.6663810e-02
2.9438400e-02
5.1233500e-03
-2.1787920e-02
-4.8594590e-02
-6.6982790e-02
-6.6165790e-02
-5.4008600e-02
-4.0136460e-02
-2.6388060e-02
-1.2419640e-02
3.9806570e-03
2.0877480e-02
3.1804020e-02
2.7773750e-02
1.5012380e-02
3.4126740e-04
-1.4973020e-02
-2.9856620e-02
-4.1373760e-02
-4.5031040e-02
-4.4386280e-02
-4.2053290e-02
-3.5476140e-02
-2.2442570e-02
-6.6061610e-03
9.6607340e-03
2.7439380e-02
4.6309750e-02
6.0552440e-02
5.7824160e-02
3.6290340e-02
6.9759650e-03
-2.0063390e-02
-3.6417250e-02
-4.0339110e-02
-4.0576900e-02
-4.1516450e-02
-4.0439470e-02
-2.9666030e-02
-5.9144150e-03
2.5105660e-02
5.8258870e-02
8.4523210e-02
8.7397750e-02
6.4406700e-02
2.9137990e-02
-7.1484600e-03
-3.0972600e-02
-2.7804530e-02
-1.3010500e-02
-1.3347220e-02
-2.4470000e-02
-3.8244460e-02
-5.3394030e-02
-6.6056960e-02
-6.8890950e-02
-5.4387340e-02
-3.1491190e-02
-6.9466940e-03
1.4794340e-02
2.7951320e-02
3.2213510e-02
3.3356160e-02
3.4707270e-02
3.7342170e-02
3.8797130e-02
3.2912670e-02
1.4251460e-02
-1.1150460e-02
-4.0150870e-02
-6.9417260e-02
-8.6262550e-02
-7.2681810e-02
-3.8259660e-02
1.9536330e-03
4.5376650e-02
8.9557580e-02
1.2316120e-01
1.2492580e-01
9.7584190e-02
6.0720630e-02
2.3022800e-02
-1.6359070e-02
-5.8203490e-02
-9.3011380e-02
-9.9353030e-02
-7.0429000e-02
-2.7281170e-02
1.8081420e-02
6.5963830e-02
1.1338190e-01
1.4694030e-01
1.4689650e-01
1.2867100e-01
1.0747880e-01
8.8391320e-02
7.3999980e-02
5.5396320e-02
1.6343380e-02
-5.0421610e-02
-1.1055720e-01
-1.1501420e-01
-5.3722950e-02
1.8169470e-02
7.1722350e-02
1.0838240e-01
1.2127920e-01
1.1208710e-01
1.0362950e-01
1.0065630e-01
9.9458450e-02
9.6971750e-02
8.5301690e-02
6.0946960e-02
3.1008450e-02
4.2707810e-03
-1.2990240e-02
-2.1964280e-02
-2.6246790e-02
-2.7029400e-02
-2.3410150e-02
-8.5800490e-03
1.7192940e-02
4.9152970e-02
8.3144800e-02
1.0925640e-01
1.0939520e-01
8.1526380e-02
4.2904440e-02
2.2344230e-03
-3.9416390e-02
-7.6965070e-02
-9.9389130e-02
-1.0158680e-01
-9.4820530e-02
-8.7702020e-02
-8.4703260e-02
-8.7175460e-02
-8.7683810e-02
-7.8963270e-02
-6.6039900e-02
-5.8968900e-02
-6.8030650e-02
-8.8339920e-02
-1.1253930e-01
-1.3581500e-01
-1.4632070e-01
-1.3417090e-01
-1.1219450e-01
-9.2099600e-02
-6.8449920e-02
-2.8569360e-02
3.7164240e-02
9.0422200e-02
1.3273730e-01
1.7333890e-01
1.9842190e-01
1.8970740e-01
1.5782150e-01
1.2055810e-01
8.7319980e-02
6.9353570e-02
6.2363500e-02
5.8411730e-02
3.7265120e-02
-2.6521430e-02
-1.1399320e-01
-1.6352960e-01
-1.4890100e-01
-1.0501130e-01
-6.3902770e-02
-4.5563700e-02
-5.6738570e-02
-8.0253470e-02
-1.0589380e-01
-1.2281150e-01
-1.1505440e-01
-8.2810310e-02
-4.0147570e-02
4.5420170e-03
3.8839020e-02
4.6282160e-02
3.0811560e-02
8.7904980e-03
-1.0908190e-02
-2.1377150e-02
-2.4636310e-02
-2.2882530e-02
-1.2295970e-02
1.0277700e-02
3.6697450e-02
5.3959680e-02
4.5657770e-02
2.0775840e-02
-9.2916730e-03
-3.6626370e-02
-4.9974050e-02
-4.2984030e-02
-2.8144660e-02
-1.8454430e-02
-2.1267310e-02
-3.0363860e-02
-4.0072680e-02
-4.9774780e-02
-5.8371390e-02
-6.3861380e-02
-6.4168510e-02
-6.0572540e-02
-5.1175340e-02
-3.5019950e-02
-1.4890780e-02
6.2882540e-03
2.1174520e-02
1.8608020e-02
8.1643240e-04
-2.3218630e-02
-4.8722740e-02
-6.7098270e-02
-6.5891400e-02
-4.5810560e-02
-1.9071330e-02
9.4507270e-03
3.7564070e-02
6.1180340e-02
7.3079840e-02
7.6778080e-02
7.7553770e-02
7.7492800e-02
7.8518220e-02
8.5842490e-02
1.0234820e-01
1.2365870e-01
1.3908990e-01
1.3369670e-01
1.0348510e-01
6.2680510e-02
1.7070620e-02
-2.6989170e-02
-5.2154030e-02
-3.7789250e-02
-4.1281390e-03
2.8274990e-02
4.9937300e-02
6.0900320e-02
7.0217070e-02
8.1424070e-02
9.0696890e-02
8.6174250e-02
6.0434940e-02
2.5197790e-02
-8.2988300e-03
-3.4520060e-02
-5.4556080e-02
-7.5035610e-02
-9.5828250e-02
-1.0755210e-01
-9.7518810e-02
-7.4582300e-02
-5.1874050e-02
-3.9061850e-02
-4.0759070e-02
-4.6715390e-02
-4.4012380e-02
-2.0914400e-02
1.3439100e-02
5.1571050e-02
8.7022520e-02
1.0451450e-01
9.1010090e-02
6.2593970e-02
3.1387520e-02
-7.9981850e-05
-2.4860850e-02
-3.4633920e-02
-3.2772930e-02
-2.8284100e-02
-2.5288820e-02
-2.6815520e-02
-3.0180690e-02
-3.4327890e-02
-3.8717220e-02
-4.1458070e-02
-3.7845180e-02
-2.6818890e-02
-1.2024710e-02
3.2204750e-03
1.4991220e-02
1.7863540e-02
1.4454020e-02
9.4653810e-03
4.5417870e-03
-3.7394120e-04
-5.8855820e-03
-1.1325010e-02
-1.4029580e-02
-1.1337400e-02
-6.2083620e-03
-3.5422930e-03
-7.9999660e-03
-1.7718580e-02
-2.8469600e-02
-3.8858160e-02
-4.9416370e-02
-6.2492320e-02
-7.8624610e-02
-9.2465180e-02
-9.8711640e-02
-1.0273510e-01
-1.0640050e-01
-9.9714630e-02
-6.8082200e-02
-2.0522170e-02
2.9191840e-02
7.8612130e-02
1.2959810e-01
1.8623360e-01
2.3875310e-01
2.5892780e-01
2.1966240e-01
1.5377320e-01
8.5252250e-02
1.5017090e-02
-5.9288290e-02
-1.3061080e-01
-1.6940480e-01
-1.5095700e-01
-1.0974700e-01
-7.9064080e-02
-6.0569540e-02
-5.1207490e-02
-4.4171800e-02
-3.7851230e-02
-3.0564400e-02
-1.9767170e-02
-2.3066550e-03
1.7973080e-02
3.3859760e-02
3.4604620e-02
2.2044490e-02
7.0981700e-03
1.1514430e-03
9.4662520e-03
2.3416350e-02
3.4061570e-02
3.8911280e-02
4.0720840e-02
4.3483810e-02
4.8862930e-02
5.7201250e-02
6.6083170e-02
7.2043730e-02
6.8925640e-02
5.8462520e-02
4.5351950e-02
3.2233330e-02
1.9189150e-02
6.7010790e-03
-5.8447150e-03
-1.8835750e-02
-3.3812900e-02
-4.8416430e-02
-5.5169180e-02
-4.3969410e-02
-2.4394280e-02
-6.9422110e-03
2.9826110e-03
5.5734750e-03
1.1898480e-02
3.4301270e-02
6.5457660e-02
8.8478020e-02
8.9312780e-02
7.8846560e-02
6.7342220e-02
5.6256420e-02
4.5878520e-02
3.5073850e-02
2.4462450e-02
1.3851990e-02
2.0053780e-03
-1.4088860e-02
-3.3629880e-02
-5.4625670e-02
-7.1833410e-02
-7.5791970e-02
-6.4708760e-02
-4.7543430e-02
-2.8967980e-02
-9.8264370e-03
6.0339280e-03
1.1192020e-02
3.6435390e-03
-8.8270890e-03
-2.1901220e-02
-3.4448970e-02
-4.6139930e-02
-5.5927260e-02
-6.1132460e-02
-5.7256200e-02
-4.8917920e-02
-3.9663020e-02
-2.5542270e-02
7.4089670e-04
3.2917750e-02
5.5474350e-02
5.2692140e-02
3.4729060e-02
1.4350650e-02
-3.5878290e-03
-1.3552710e-02
-1.7181880e-02
-1.6597810e-02
-1.3495570e-02
-9.0253240e-03
-4.5222060e-03
-8.4092840e-04
-2.3695910e-04
-1.6882980e-03
-4.0805730e-03
-6.4379430e-03
-8.6450150e-03
-9.9504750e-03
-1.1455070e-02
-1.6045160e-02
-2.8099410e-02
-4.3624880e-02
-5.8832830e-02
-7.2966340e-02
-8.7972380e-02
-1.0021900e-01
-9.6999380e-02
-6.8325750e-02
-2.7664690e-02
1.4747110e-02
5.4473710e-02
8.5217510e-02
1.0438730e-01
1.1323920e-01
1.0407360e-01
7.4042620e-02
3.2601320e-02
-7.3239720e-03
-3.3333580e-02
-4.9107680e-02
-5.9663820e-02
-6.5835090e-02
-7.0648790e-02
-7.5055260e-02
-7.7742690e-02
-7.6885750e-02
-7.3763720e-02
-6.8219030e-02
-5.7860310e-02
-4.4924800e-02
-3.0922110e-02
-1.5079530e-02
2.6428530e-03
2.2261330e-02
4.2782710e-02
5.8878010e-02
6.1499960e-02
5.1031590e-02
3.6025890e-02
1.9006890e-02
-2.8137460e-03
-2.7756420e-02
-4.6166560e-02
-4.5616440e-02
-3.2506660e-02
-1.6800880e-02
-8.6938980e-04
1.5734270e-02
3.3490120e-02
4.6826280e-02
4.5844870e-02
2.9777190e-02
8.1270540e-03
-1.4434820e-02
-3.5818610e-02
-5.2798030e-02
-5.8405900e-02
-5.0812910e-02
-3.7615430e-02
-2.4607810e-02
-1.4288980e-02
-7.2434630e-03
1.5439890e-03
1.2680290e-02
2.4466500e-02
3.5182540e-02
4.3497380e-02
5.0187560e-02
5.4668410e-02
5.4205610e-02
5.0834190e-02
4.6806380e-02
3.9981450e-02
2.4409700e-02
3.5407920e-04
-2.6474190e-02
-4.8463850e-02
-5.5153470e-02
-4.1570700e-02
-1.9137960e-02
4.2354690e-03
2.5759760e-02
4.2991680e-02
5.7031030e-02
7.1168530e-02
8.5214910e-02
9.2737890e-02
8.5482010e-02
7.0546490e-02
5.4116260e-02
3.7028540e-02
2.2709020e-02
1.6454600e-02
2.0278950e-02
2.7998270e-02
3.6037940e-02
4.3447120e-02
5.1007520e-02
5.9683310e-02
6.9205760e-02
7.4908080e-02
6.9287510e-02
5.2944170e-02
3.3304650e-02
1.6038760e-02
5.5273020e-03
-1.1983660e-03
-6.6645130e-03
-1.1851280e-02
-1.9158430e-02
-3.2417270e-02
-4.9622340e-02
-6.2144290e-02
-5.9249130e-02
-4.4117890e-02
-2.5696420e-02
-7.5575230e-03
1.0070890e-02
2.8838900e-02
4.9256760e-02
6.6901990e-02
7.1736260e-02
5.8844340e-02
3.8011500e-02
1.5259080e-02
-8.4730790e-03
-2.7987580e-02
-3.3483770e-02
-2.1890420e-02
-3.9051270e-03
1.4435650e-02
3.2903560e-02
5.3344270e-02
7.4261440e-02
8.6469050e-02
7.7255150e-02
5.4932870e-02
3.0096880e-02
7.0998880e-03
-9.8678810e-03
-2.2289930e-02
-3.3166120e-02
-4.4379430e-02
-5.5734750e-02
-6.6723650e-02
-7.5415540e-02
-8.0889860e-02
-8.3977700e-02
-8.0154380e-02
-6.0183540e-02
-3.1389360e-02
-9.0961640e-04
3.0399750e-02
6.3230560e-02
9.4361610e-02
1.1338190e-01
1.1174080e-01
1.0019100e-01
8.7852450e-02
7.7599280e-02
6.9474150e-02
5.6018890e-02
2.4756010e-02
-2.4595480e-02
-7.3081280e-02
-9.9526830e-02
-1.0183120e-01
-9.5033140e-02
-8.7992500e-02
-8.1889970e-02
-7.5778700e-02
-6.8626440e-02
-6.1207470e-02
-5.6410890e-02
-5.8020640e-02
-6.3496910e-02
-6.9829490e-02
-7.7339440e-02
-8.6940400e-02
-9.4428220e-02
-8.7689350e-02
-5.7707750e-02
-2.0821550e-02
4.4113310e-03
1.4024930e-02
1.7237630e-02
2.0446650e-02
2.2350440e-02
2.0221990e-02
1.4680000e-02
8.8048000e-03
3.2501260e-03
-2.9425220e-03
-1.3323310e-02
-2.8029430e-02
-4.1366010e-02
-4.5351810e-02
-4.0725590e-02
-3.2999450e-02
-2.4998340e-02
-1.7093110e-02
-1.0217020e-02
-5.5538490e-03
-3.2349950e-03
-1.6692560e-03
-4.6038240e-04
9.5008930e-04
2.6479180e-03
4.8052280e-03
5.7518320e-03
2.7732270e-03
-5.1818990e-03
-1.4779940e-02
-2.4509600e-02
-3.4493110e-02
-4.5711860e-02
-5.6355840e-02
-6.0801450e-02
-5.2382410e-02
-3.7436960e-02
-2.0554840e-02
-3.7340320e-03
7.6263030e-03
6.0775570e-03
-4.0451420e-03
-1.7545230e-02
-3.0471970e-02
-3.3061310e-02
-1.5883380e-02
1.1295170e-02
3.8220930e-02
5.9857750e-02
7.2206540e-02
7.6968510e-02
7.0355420e-02
5.5427970e-02
3.7721810e-02
1.8666030e-02
-1.8371870e-03
-2.0904360e-02
-3.0909880e-02
-2.5362290e-02
-1.2430300e-02
2.0961680e-03
1.6580600e-02
2.7293620e-02
2.9493620e-02
2.5700700e-02
2.0445560e-02
1.5046810e-02
1.0020850e-02
4.9368530e-03
-3.0953550e-04
-6.1046790e-03
-1.1657590e-02
-1.5043540e-02
-1.3927150e-02
-1.0572360e-02
-6.4731910e-03
-2.3342840e-03
2.6551890e-05
-1.9825330e-03
-7.4496460e-03
-1.3858200e-02
-2.0425510e-02
-2.7464730e-02
-3.4856770e-02
-4.0211510e-02
-3.9317450e-02
-3.2564280e-02
-2.3871880e-02
-1.5111230e-02
-6.5269770e-03
2.2956680e-03
1.1551480e-02
2.0007750e-02
2.5009240e-02
2.5613450e-02
2.4458290e-02
2.3233350e-02
2.2122120e-02
2.1047060e-02
1.9685940e-02
1.8162470e-02
1.7385570e-02
1.8958470e-02
2.2713070e-02
2.7206200e-02
3.1674410e-02
3.5941910e-02
4.0243870e-02
4.5174800e-02
5.0616500e-02
5.4027040e-02
5.0614690e-02
3.9962810e-02
2.6541410e-02
1.2531120e-02
-2.0232050e-03
-1.5828630e-02
-2.4988220e-02
-2.6099320e-02
-2.3429210e-02
-2.0352410e-02
-1.7473520e-02
-1.4744700e-02
-1.1588230e-02
-8.3102820e-03
-6.1751580e-03
-7.1910570e-03
-1.0313890e-02
-1.4055510e-02
-1.8193580e-02
-2.2500080e-02
-2.5410220e-02
-2.4237070e-02
-1.9131970e-02
-1.2829520e-02
-6.4605010e-03
5.2837910e-05
7.0865890e-03
1.3576890e-02
1.6718660e-02
1.4555310e-02
1.0280140e-02
7.9555570e-03
1.0722230e-02
1.6194390e-02
2.1838900e-02
2.7360400e-02
3.2869900e-02
3.8938430e-02
4.5053390e-02
4.9109430e-02
4.8329570e-02
4.5057700e-02
4.1530450e-02
3.8116980e-02
3.7196860e-02
3.3252630e-02
2.9348990e-02
2.7170890e-02
2.8567890e-02
3.1646710e-02
3.4818770e-02
3.7935820e-02
4.1133780e-02
4.4554470e-02
4.7240240e-02
4.7506860e-02
4.5051190e-02
4.1666150e-02
3.8229490e-02
3.4802140e-02
3.0910110e-02
2.6855360e-02
2.4736330e-02
2.7287340e-02
3.2374160e-02
3.6866160e-02
3.8478040e-02
3.6872930e-02
3.4117220e-02
3.1268580e-02
2.8541050e-02
2.5854590e-02
2.3162290e-02
2.0382360e-02
1.7568530e-02
1.4877630e-02
1.2604790e-02
1.0819420e-02
9.2470290e-03
7.7280360e-03
6.2299980e-03
4.6539070e-03
2.9414880e-03
1.3274410e-03
5.0450250e-04
8.9837680e-04
1.1324600e-03
-1.0094580e-03
-6.1978010e-03
-1.2582920e-02
-1.8928420e-02
-2.5098770e-02
-3.1115760e-02
-3.7048450e-02
-4.2825630e-02
-4.8432180e-02
-5.3847500e-02
-5.9311810e-02
-6.4851340e-02
-6.9676680e-02
-7.2132520e-02
-7.1684250e-02
-7.0062820e-02
-6.8384390e-02
-6.6733380e-02
-6.5052360e-02
-6.3214970e-02
-6.1592200e-02
-6.0676690e-02
-6.0728280e-02
-6.1096140e-02
-6.1476550e-02
-6.1720710e-02
-6.1849840e-02
-6.1948640e-02
-6.2231410e-02
-6.2517950e-02
-6.1849760e-02
-5.8567950e-02
-5.3146600e-02
-4.7146830e-02
-4.1248360e-02
-3.5582630e-02
-3.0126450e-02
-2.4806930e-02
-1.9576070e-02
-1.4319900e-02
-9.2382920e-03
-5.0614320e-03
-2.6416000e-03
-1.1453210e-03
1.4135040e-04
1.3337810e-03
2.5562520e-03
3.8146940e-03
5.1057070e-03
6.0226030e-03
5.7745550e-03
4.2214870e-03
2.2631420e-03
3.9817790e-04
-1.3102780e-03
-2.9066040e-03
-4.5032290e-03
-6.2138920e-03
-7.5458920e-03
-7.4205420e-03
-5.2355540e-03
-2.2567650e-03
6.7645230e-04
3.4627740e-03
6.0770480e-03
8.6008400e-03
1.0989310e-02
1.3243670e-02
1.5363290e-02
1.7380470e-02
1.9278490e-02
2.0945920e-02
2.2162080e-02
2.2914860e-02
2.3444740e-02
2.3891070e-02
2.4294700e-02
2.4616700e-02
2.4592980e-02
2.3878920e-02
2.2720560e-02
2.1495860e-02
2.0395140e-02
1.9450620e-02
1.8298610e-02
1.6313160e-02
1.3270340e-02
9.8879220e-03
6.7102180e-03
4.3225300e-03
3.5243910e-03
4.0499350e-03
4.9187680e-03
5.7194550e-03
6.4193470e-03
7.0501720e-03
7.4823940e-03
7.4297970e-03
6.9029910e-03
6.2497520e-03
5.6572620e-03
5.1469520e-03
4.7024160e-03
4.3160120e-03
3.9982550e-03
3.7311760e-03
3.4869130e-03
3.2633570e-03
3.1497200e-03
3.3038150e-03
3.7490290e-03
4.2430970e-03
4.6525210e-03
4.9677480e-03
5.2030430e-03
5.3722100e-03
5.4752750e-03
5.5228430e-03
5.5279610e-03
5.4864460e-03
5.3528660e-03
5.0710280e-03
4.7061820e-03
4.3460200e-03
4.0170520e-03
3.7202540e-03
3.4456440e-03
3.1927240e-03
2.9657220e-03
2.7721080e-03
2.5999060e-03
2.4367480e-03
2.2779400e-03
2.1234480e-03
