0.01
-2.2070370e-03
-1.1674430e-02
-1.9538620e-02
-1.9716160e-02
-1.2818600e-02
-3.9545750e-03
1.2995300e-03
2.0759000e-03
3.6878200e-03
1.1531300e-02
2.4325920e-02
3.2864790e-02
3.2995130e-02
2.8305500e-02
2.2012060e-02
1.6321690e-02
1.1985450e-02
7.2297970e-03
-3.9668350e-04
-9.3750250e-03
-1.4199930e-02
-1.0691080e-02
-4.7318400e-04
1.3286610e-02
2.6920570e-02
3.5566320e-02
3.3928250e-02
2.0893020e-02
2.2818710e-03
-1.5982460e-02
-3.0275290e-02
-3.8648190e-02
-3.9132020e-02
-3.2071400e-02
-2.1955160e-02
-1.4126830e-02
-1.2367200e-02
-1.3762470e-02
-1.3758160e-02
-1.2060680e-02
-8.3601900e-03
-1.5380480e-03
6.3762490e-03
1.3379890e-02
1.8382300e-02
2.0299190e-02
1.9692180e-02
1.7403330e-02
1.3090100e-02
6.2904710e-03
-3.1513970e-03
-1.1293920e-02
-1.5284790e-02
-1.6153050e-02
-1.5924340e-02
-1.5073820e-02
-1.4078250e-02
-1.2758230e-02
-9.5240880e-03
-1.5463010e-03
8.2726240e-03
1.4876080e-02
1.7838930e-02
1.9776070e-02
2.1132920e-02
2.0051290e-02
1.6170330e-02
1.2042190e-02
9.9338400e-03
9.0318740e-03
7.6313680e-03
5.3690340e-03
2.4834960e-03
-5.6001560e-04
-2.3820840e-03
-1.0453300e-03
2.6296890e-03
5.5411790e-03
5.3847100e-03
2.1696720e-03
-1.7500920e-03
-3.7963330e-03
-3.0014040e-03
-1.4245650e-03
-1.9063650e-03
-5.9707480e-03
-1.5091760e-02
-2.9565300e-02
-4.0643920e-02
-3.7852200e-02
-2.2618480e-02
-3.5961700e-03
9.9813050e-03
1.4231630e-02
1.3094620e-02
1.2537750e-02
1.3129940e-02
1.3124670e-02
1.0400600e-02
6.7795840e-04
-1.8401680e-02
-3.9071020e-02
-4.8927920e-02
-4.6846660e-02
-4.0621020e-02
-3.6968010e-02
-3.6732320e-02
-3.6018160e-02
-2.9113360e-02
-1.5805340e-02
-3.7184510e-03
-7.5466680e-04
-6.0645210e-03
-1.4904040e-02
-2.4263550e-02
-3.2339740e-02
-3.6772320e-02
-4.0126440e-02
-4.3948300e-02
-4.6024880e-02
-4.4340140e-02
-4.0487320e-02
-3.6370060e-02
-3.2239950e-02
-2.8641730e-02
-2.7002300e-02
-2.5922540e-02
-2.0659410e-02
-7.3310700e-03
1.1243740e-02
2.4946680e-02
2.9049790e-02
2.9169650e-02
3.1938030e-02
4.0532500e-02
5.4234730e-02
6.9220670e-02
8.2618390e-02
9.2119400e-02
9.5786340e-02
9.4381810e-02
8.9649690e-02
8.2433890e-02
7.4511120e-02
6.6201210e-02
5.6623100e-02
4.2818520e-02
2.8076600e-02
1.8819720e-02
1.5103140e-02
1.2861590e-02
1.0574340e-02
8.7164780e-03
6.8127480e-03
4.8730220e-03
2.5077370e-03
-3.6914350e-03
-1.4434110e-02
-2.3372760e-02
-2.6330990e-02
-2.4225290e-02
-1.5711580e-02
-2.5831100e-04
1.7377700e-02
3.3366200e-02
4.5404570e-02
5.1909700e-02
5.3937450e-02
5.3673520e-02
5.3174510e-02
5.2656640e-02
5.0201630e-02
4.4501050e-02
3.5303300e-02
2.5916000e-02
2.2744360e-02
2.5133370e-02
2.9304520e-02
3.1744240e-02
2.9424730e-02
2.2108940e-02
9.5001690e-03
-6.7567040e-03
-2.4483510e-02
-4.0870970e-02
-5.3596440e-02
-6.0667080e-02
-6.3668020e-02
-6.4643010e-02
-6.2268910e-02
-5.4537270e-02
-4.2130070e-02
-3.0044930e-02
-2.2406720e-02
-1.9040280e-02
-2.0165080e-02
-2.8977530e-02
-4.2963600e-02
-5.6261010e-02
-6.7220290e-02
-7.4875230e-02
-7.7336460e-02
-7.5438370e-02
-7.1562300e-02
-6.5531950e-02
-5.7227290e-02
-5.0416800e-02
-4.7748810e-02
-4.6093900e-02
-4.2047250e-02
-3.5379920e-02
-2.7423840e-02
-2.0518810e-02
-1.7435290e-02
-1.7917560e-02
-1.8253060e-02
-1.4937940e-02
-5.1619100e-03
1.1143630e-02
2.8634660e-02
4.2651850e-02
5.2935270e-02
5.8529970e-02
6.0275950e-02
5.7690950e-02
4.9549410e-02
3.7183360e-02
2.2384430e-02
3.1475140e-03
-2.0720940e-02
-4.4522630e-02
-6.5321550e-02
-7.7706320e-02
-7.9168950e-02
-7.3311640e-02
-6.2241970e-02
-4.7414610e-02
-3.2018640e-02
-2.1139730e-02
-1.9067390e-02
-2.2394080e-02
-2.3738670e-02
-2.1598160e-02
-1.7441770e-02
-1.0450710e-02
-2.4975460e-03
3.5777940e-03
9.0282710e-03
1.5439730e-02
2.2936490e-02
3.1377570e-02
3.9353920e-02
4.4967280e-02
4.6072230e-02
4.3806160e-02
4.2654190e-02
4.5162080e-02
5.1568900e-02
6.0532900e-02
6.7001300e-02
6.9332430e-02
7.0135000e-02
7.0405570e-02
6.7226240e-02
5.7612290e-02
3.9849950e-02
2.0117730e-02
7.0614190e-03
-1.3920260e-04
-4.8306220e-03
-7.1885470e-03
-6.8361150e-03
-3.4750510e-03
2.2391360e-03
8.6988400e-03
1.3366790e-02
1.5101210e-02
1.3837690e-02
6.1183830e-03
-1.1081610e-02
-3.4434070e-02
-5.7216280e-02
-7.5094320e-02
-8.7474690e-02
-9.6201530e-02
-1.0340490e-01
-1.0862150e-01
-1.1084130e-01
-1.1091200e-01
-1.1037910e-01
-1.0897220e-01
-1.0565390e-01
-1.0100210e-01
-9.5412920e-02
-8.7266990e-02
-7.6062970e-02
-6.5132150e-02
-5.7607790e-02
-5.3691150e-02
-5.2804800e-02
-5.6527030e-02
-6.4230860e-02
-7.4320940e-02
-8.4659550e-02
-9.2029870e-02
-9.5185340e-02
-9.5022740e-02
-9.2419050e-02
-8.5731550e-02
-7.2382100e-02
-5.6232490e-02
-4.1789020e-02
-2.9587590e-02
-2.1583000e-02
-1.9191310e-02
-2.0521750e-02
-2.4435130e-02
-2.8380060e-02
-3.1364700e-02
-3.4436370e-02
-3.6959630e-02
-3.7197100e-02
-3.5998530e-02
-3.4417840e-02
-3.1131130e-02
-2.6021880e-02
-2.0335840e-02
-1.3347560e-02
-3.7721910e-03
7.8240700e-03
2.0184160e-02
3.2403800e-02
4.6175290e-02
6.6253120e-02
9.5191710e-02
1.2822900e-01
1.5675530e-01
1.7699180e-01
1.8956800e-01
1.9530360e-01
1.9631510e-01
1.9397970e-01
1.8782900e-01
1.7947490e-01
1.7452670e-01
1.7351620e-01
1.6669640e-01
1.4437170e-01
1.1167100e-01
8.0037760e-02
5.0791260e-02
2.4201760e-02
4.7490810e-03
-8.0068400e-03
-1.6532960e-02
-2.1855320e-02
-2.4449830e-02
-2.4808290e-02
-2.4851340e-02
-2.3706600e-02
-1.8678810e-02
-6.9030570e-03
1.1939060e-02
3.5766930e-02
5.9564150e-02
8.0918500e-02
9.7692820e-02
1.0989660e-01
1.2096680e-01
1.3315320e-01
1.4409290e-01
1.4938820e-01
1.4967700e-01
1.4710540e-01
1.4041610e-01
1.2641180e-01
1.0600740e-01
8.3426280e-02
5.8112690e-02
2.6753410e-02
-4.8611480e-03
-2.8786260e-02
-4.4329590e-02
-5.4590720e-02
-6.0812340e-02
-6.4000700e-02
-6.5051730e-02
-6.5803930e-02
-6.8528310e-02
-7.3016550e-02
-7.7471010e-02
-8.1040470e-02
-8.4482850e-02
-8.6636970e-02
-8.4863120e-02
-7.7504270e-02
-6.6160920e-02
-5.0241810e-02
-3.0842020e-02
-1.2761310e-02
7.3161920e-03
2.8982920e-02
5.0428450e-02
7.2463230e-02
9.0965990e-02
1.0029770e-01
1.0096980e-01
9.6434020e-02
9.0808120e-02
8.4297980e-02
7.5566920e-02
6.4064080e-02
5.1324640e-02
3.9870390e-02
3.0890290e-02
2.4257740e-02
2.1086910e-02
2.2396090e-02
2.7326320e-02
3.4053580e-02
4.1180740e-02
4.6150370e-02
4.6600440e-02
4.3162540e-02
3.4979920e-02
2.4726340e-02
1.7451570e-02
1.4842920e-02
1.5569930e-02
1.8185360e-02
2.1513390e-02
2.3320020e-02
2.0851510e-02
1.3556290e-02
2.7422250e-03
-1.1014710e-02
-2.8640150e-02
-5.0310880e-02
-7.1297000e-02
-8.9610520e-02
-1.0761410e-01
-1.2430460e-01
-1.3605840e-01
-1.4427220e-01
-1.5072890e-01
-1.5636990e-01
-1.6312250e-01
-1.7084790e-01
-1.7685130e-01
-1.8049280e-01
-1.8149170e-01
-1.7877230e-01
-1.7076720e-01
-1.5308720e-01
-1.2159210e-01
-7.4572070e-02
-1.8743350e-02
3.3543250e-02
7.5563230e-02
1.0841600e-01
1.3557280e-01
1.6088810e-01
1.8671920e-01
2.1495180e-01
2.4451910e-01
2.6648860e-01
2.7452840e-01
2.7633630e-01
2.7713170e-01
2.7184330e-01
2.5703180e-01
2.3566320e-01
2.1138580e-01
1.8303070e-01
1.5131110e-01
1.2069620e-01
9.1050280e-02
6.0019820e-02
2.8532160e-02
7.3933260e-04
-2.1099570e-02
-3.7306520e-02
-5.0079950e-02
-6.1850840e-02
-7.3312770e-02
-8.4750500e-02
-9.8533300e-02
-1.1422920e-01
-1.2814230e-01
-1.3832050e-01
-1.4333360e-01
-1.3923060e-01
-1.2385510e-01
-1.0325080e-01
-8.3813470e-02
-6.7605170e-02
-5.4619890e-02
-3.9795320e-02
-2.0569000e-02
-3.3522250e-03
5.3183900e-03
6.9944130e-03
4.3178670e-03
-3.9200790e-03
-1.9503640e-02
-4.2123730e-02
-6.7132320e-02
-8.8873800e-02
-1.0413210e-01
-1.1137720e-01
-1.1301580e-01
-1.1170950e-01
-1.0336210e-01
-8.4157250e-02
-6.6609970e-02
-6.1334570e-02
-6.4932530e-02
-7.2281480e-02
-8.3264770e-02
-9.6663150e-02
-1.0928160e-01
-1.2316320e-01
-1.3554680e-01
-1.3830020e-01
-1.3804980e-01
-1.3988190e-01
-1.3887680e-01
-1.3768190e-01
-1.3668550e-01
-1.3186620e-01
-1.2217110e-01
-1.0029880e-01
-5.5527600e-02
6.5547060e-03
6.9194800e-02
1.2330770e-01
1.6759160e-01
2.0412860e-01
2.2688600e-01
2.3168550e-01
2.2219410e-01
1.9834520e-01
1.6243790e-01
1.2036300e-01
7.6021820e-02
3.4759560e-02
6.5076570e-03
-1.6335800e-03
7.6491590e-03
2.8243280e-02
5.0905290e-02
7.2680550e-02
8.7536230e-02
8.6662090e-02
6.7257750e-02
3.4759400e-02
-2.3864660e-03
-3.7972710e-02
-6.6157100e-02
-8.5443300e-02
-9.6081380e-02
-1.0012520e-01
-9.8534100e-02
-8.7848430e-02
-6.8927880e-02
-4.8147500e-02
-2.5247930e-02
1.9655730e-03
3.2274640e-02
6.2191090e-02
8.3699140e-02
9.3062550e-02
9.1746940e-02
7.9342590e-02
5.5675320e-02
2.4645160e-02
-1.3057510e-02
-5.4579060e-02
-9.2873410e-02
-1.2471700e-01
-1.5092520e-01
-1.6985980e-01
-1.8065710e-01
-1.8112670e-01
-1.6707740e-01
-1.3816110e-01
-1.0483720e-01
-7.0541460e-02
-3.4060510e-02
-2.8010950e-03
2.0544260e-02
3.4788440e-02
3.8213190e-02
3.2463420e-02
2.0494960e-02
7.2663250e-03
-7.5059790e-03
-2.7026090e-02
-4.5818680e-02
-5.9621480e-02
-6.9248720e-02
-7.4166250e-02
-7.6736680e-02
-8.1319730e-02
-8.8389730e-02
-9.5229430e-02
-9.9952900e-02
-1.0251760e-01
-1.0315460e-01
-1.0304430e-01
-1.0451310e-01
-1.0824290e-01
-1.1398850e-01
-1.2082630e-01
-1.2624120e-01
-1.2845040e-01
-1.2767850e-01
-1.2550680e-01
-1.2298550e-01
-1.1984930e-01
-1.1532880e-01
-1.0782920e-01
-9.3829470e-02
-6.8692020e-02
-3.1081490e-02
7.4329170e-03
3.2965350e-02
4.3396670e-02
4.2962750e-02
3.1732440e-02
1.1867570e-02
-6.0858600e-03
-1.4064260e-02
-1.3999020e-02
-9.7033870e-03
-7.8156590e-04
8.2402730e-03
9.9463290e-03
4.4142560e-03
-5.3409960e-03
-1.6933960e-02
-2.5454640e-02
-2.7772280e-02
-2.5264150e-02
-1.7327100e-02
-6.3851950e-04
1.9610840e-02
3.6274000e-02
4.6068760e-02
4.8351150e-02
4.7432830e-02
4.8578140e-02
5.4474190e-02
6.7290330e-02
8.2965840e-02
9.6181250e-02
1.0380910e-01
1.0722920e-01
1.1012410e-01
1.1330580e-01
1.1616730e-01
1.1946480e-01
1.2416170e-01
1.2997500e-01
1.3382020e-01
1.3480830e-01
1.3208350e-01
1.2299860e-01
1.0608700e-01
8.4086480e-02
6.0682910e-02
4.2038480e-02
3.2307820e-02
2.9682510e-02
3.0948640e-02
3.3339410e-02
3.4978440e-02
3.4539520e-02
3.1801370e-02
2.7522750e-02
2.1843250e-02
1.4283650e-02
5.7424560e-03
-1.0815950e-03
-4.7158250e-03
-5.7371010e-03
-2.7883600e-03
8.4874480e-03
2.7969140e-02
4.7803240e-02
6.0911570e-02
6.6558580e-02
6.6414630e-02
6.0607300e-02
4.9026550e-02
3.1390730e-02
6.8426750e-03
-2.1215560e-02
-4.5601890e-02
-6.2685930e-02
-7.2571940e-02
-7.7018410e-02
-7.7710700e-02
-7.4364150e-02
-6.4888180e-02
-4.8863210e-02
-3.0532530e-02
-1.5066750e-02
-1.7816590e-03
1.0709460e-02
1.9982590e-02
2.4117130e-02
2.6199620e-02
2.7124530e-02
2.7818060e-02
3.3154310e-02
4.7413990e-02
6.8794140e-02
9.1433260e-02
1.0765100e-01
1.1760840e-01
1.2519970e-01
1.2843450e-01
1.2254790e-01
1.0376130e-01
7.2841910e-02
3.4793980e-02
-3.7765990e-03
-3.4391020e-02
-5.2384100e-02
-6.1597900e-02
-6.6334170e-02
-6.6378890e-02
-5.8379600e-02
-3.9461250e-02
-1.3756700e-02
1.0212660e-02
2.8049630e-02
3.7723710e-02
3.8988960e-02
3.2158580e-02
1.6139010e-02
-6.4117350e-03
-2.6550750e-02
-4.0382730e-02
-4.9100980e-02
-5.1610450e-02
-4.8243380e-02
-4.0324200e-02
-2.9014110e-02
-1.8338980e-02
-1.1177010e-02
-6.1974770e-03
-9.9847720e-04
6.1592730e-03
1.5771680e-02
2.6694990e-02
3.6163070e-02
4.2812910e-02
4.6075180e-02
4.6136380e-02
4.3729500e-02
3.8372250e-02
3.1472340e-02
2.5469430e-02
2.1798090e-02
2.1617880e-02
2.4644810e-02
2.8251800e-02
3.0082570e-02
3.0113390e-02
2.7080970e-02
1.9509690e-02
9.6893290e-03
3.2842910e-03
2.1543900e-03
2.7532710e-03
5.8394360e-03
1.4810290e-02
3.1337290e-02
5.3244100e-02
7.5651830e-02
9.2405270e-02
1.0223740e-01
1.0752580e-01
1.0956100e-01
1.0926280e-01
1.0619370e-01
9.9298980e-02
9.0107390e-02
8.3497910e-02
8.0766570e-02
8.0464030e-02
8.1432800e-02
8.3466790e-02
8.5455560e-02
8.3561430e-02
7.7073040e-02
6.7965600e-02
5.7249360e-02
4.6217750e-02
3.6129340e-02
2.5994720e-02
1.2742760e-02
-4.6784070e-03
-2.3689560e-02
-4.1951400e-02
-5.8970860e-02
-7.2825860e-02
-8.3699510e-02
-9.2889800e-02
-9.9178210e-02
-1.0210070e-01
-1.0568040e-01
-1.0964620e-01
-1.1109270e-01
-1.1113590e-01
-1.1065590e-01
-1.0912120e-01
-1.0786480e-01
-1.0848520e-01
-1.1008570e-01
-1.1313630e-01
-1.1915720e-01
-1.2862820e-01
-1.3813400e-01
-1.4606940e-01
-1.5091410e-01
-1.5008950e-01
-1.4491220e-01
-1.3501100e-01
-1.1945300e-01
-9.6479550e-02
-6.7249540e-02
-3.9773700e-02
-2.1995150e-02
-1.3576430e-02
-9.7817170e-03
-7.9045400e-03
-7.6523760e-03
-8.1562820e-03
-7.0067750e-03
-3.4561450e-03
1.7949530e-03
8.8368810e-03
1.5735910e-02
1.8288510e-02
1.6319570e-02
1.3116960e-02
1.1397670e-02
1.2704520e-02
1.8577620e-02
3.1347740e-02
4.8894010e-02
6.7110380e-02
8.3029650e-02
9.3721100e-02
9.7102010e-02
9.6595520e-02
9.5171200e-02
9.3104290e-02
9.1175530e-02
9.0497160e-02
9.1949420e-02
9.5448250e-02
9.9395370e-02
1.0279330e-01
1.0376460e-01
9.9781250e-02
8.7716680e-02
6.6824600e-02
4.1432560e-02
1.8089760e-02
-1.2451760e-04
-9.5514910e-03
-1.1433780e-02
-1.0619770e-02
-7.9814220e-03
-1.9778350e-03
4.4023530e-03
8.0263370e-03
1.1580230e-02
1.6530270e-02
2.0013520e-02
2.0511770e-02
1.7670040e-02
9.9359270e-03
-2.0493970e-03
-1.5072540e-02
-2.7296800e-02
-3.9284120e-02
-4.9550450e-02
-5.6551130e-02
-5.9185190e-02
-5.5670790e-02
-4.2154930e-02
-1.8936220e-02
4.8631750e-03
2.2778030e-02
3.1204420e-02
2.9799630e-02
2.0053950e-02
1.8541800e-03
-1.9564230e-02
-3.8048040e-02
-5.2592720e-02
-6.1739530e-02
-6.5305350e-02
-6.4620760e-02
-6.0000540e-02
-5.3541970e-02
-4.7144180e-02
-4.0375030e-02
-3.2726470e-02
-2.4482130e-02
-1.7822480e-02
-1.4163200e-02
-1.3224280e-02
-1.4993750e-02
-1.8927550e-02
-2.2311240e-02
-2.4692130e-02
-2.6748140e-02
-2.8380930e-02
-2.9222230e-02
-2.8846100e-02
-2.6086290e-02
-2.0186040e-02
-1.1428560e-02
-6.3847020e-04
1.1457910e-02
2.2165900e-02
3.0041520e-02
3.5473180e-02
3.9050330e-02
3.9668770e-02
3.5612540e-02
2.4082710e-02
7.1166700e-03
-8.1288960e-03
-1.6630760e-02
-1.8134670e-02
-1.5942080e-02
-1.1179480e-02
-5.2689220e-03
-1.6524630e-03
-2.5171180e-03
-5.3170750e-03
-4.9032910e-03
1.6020670e-03
1.3836790e-02
2.6115900e-02
3.3346150e-02
3.6032190e-02
3.6929000e-02
3.7768670e-02
3.8499620e-02
3.7676870e-02
3.3997590e-02
2.4948010e-02
1.0283780e-02
-4.5244290e-03
-1.6180380e-02
-2.5264260e-02
-3.3516820e-02
-4.0623330e-02
-4.4066130e-02
-4.2390180e-02
-3.4887810e-02
-2.0983740e-02
-3.0382940e-03
1.5032960e-02
2.9888990e-02
3.7636050e-02
3.8954010e-02
3.6167720e-02
3.0518670e-02
2.3514750e-02
1.6279340e-02
1.0533510e-02
6.4894410e-03
4.9497340e-03
5.3163280e-03
7.2519560e-03
1.1558980e-02
1.7312880e-02
2.1496080e-02
2.3256850e-02
2.2964080e-02
2.0276140e-02
1.4075370e-02
1.9660600e-03
-1.4520890e-02
-2.7717690e-02
-3.1273300e-02
-2.8900280e-02
-2.5903510e-02
-2.2084990e-02
-1.7654070e-02
-1.5417170e-02
-1.6312150e-02
-1.8325400e-02
-2.0488450e-02
-2.1332920e-02
-2.0631810e-02
-1.9198070e-02
-1.8090920e-02
-1.8343530e-02
-1.9446510e-02
-1.9851710e-02
-2.0440590e-02
-2.1542030e-02
-2.2334570e-02
-2.2189110e-02
-2.1010620e-02
-1.6815180e-02
-8.3423040e-03
2.4404960e-03
1.1846830e-02
1.9128370e-02
2.6091490e-02
3.1156190e-02
3.3030920e-02
3.1360220e-02
2.6190860e-02
1.9513420e-02
1.3195370e-02
1.0400170e-02
1.0847230e-02
1.1526780e-02
1.1713220e-02
1.1816920e-02
1.0212280e-02
5.5584190e-03
-2.7989430e-03
-1.3580070e-02
-2.2254020e-02
-2.4962410e-02
-2.1089620e-02
-1.2388600e-02
-1.4397080e-03
9.3667550e-03
1.7407940e-02
2.0977230e-02
2.0229050e-02
1.4773770e-02
2.1175080e-03
-1.7695830e-02
-3.6600500e-02
-4.8355170e-02
-5.3520930e-02
-5.4134280e-02
-5.2074980e-02
-4.6827350e-02
-3.7210860e-02
-2.6436140e-02
-1.9175850e-02
-1.5975460e-02
-1.4766490e-02
-1.4758340e-02
-1.6439770e-02
-1.7099020e-02
-1.6897380e-02
-1.6568130e-02
-1.7214340e-02
-1.9345850e-02
-2.1783450e-02
-2.2535180e-02
-2.1033960e-02
-1.7286520e-02
-1.2147290e-02
-5.8164350e-03
9.7813240e-04
7.2091070e-03
1.2114850e-02
1.6851120e-02
2.3124990e-02
2.9484700e-02
3.4375010e-02
3.8718830e-02
4.2949030e-02
4.6227750e-02
4.7705720e-02
4.8084470e-02
4.6431600e-02
4.0272040e-02
2.8439160e-02
1.1521240e-02
-7.6969780e-03
-2.4320900e-02
-3.4747810e-02
-4.2471710e-02
-5.0659290e-02
-5.9024700e-02
-6.5221620e-02
-6.8220810e-02
-6.8923270e-02
-6.7941210e-02
-6.3497070e-02
-5.4243680e-02
-4.4315620e-02
-3.6934700e-02
-3.0317230e-02
-2.3384470e-02
-1.7060450e-02
-1.2116590e-02
-9.2363570e-03
-9.8322120e-03
-1.1937160e-02
-1.2679190e-02
-1.4713430e-02
-1.9903550e-02
-2.5077460e-02
-2.7617420e-02
-2.8000190e-02
-2.7622890e-02
-2.7262040e-02
-2.5402830e-02
-2.0154740e-02
-1.1192090e-02
1.3442720e-03
1.5739470e-02
2.8179610e-02
3.7146130e-02
4.4478950e-02
5.1613000e-02
5.8263820e-02
6.2842800e-02
6.4705800e-02
6.4661000e-02
6.2951010e-02
5.8729010e-02
5.1941230e-02
4.4745660e-02
3.8841910e-02
3.2833900e-02
2.6067200e-02
1.6979440e-02
6.8204750e-03
-1.4839430e-03
-6.4532880e-03
-8.4652510e-03
-9.2357600e-03
-1.1160050e-02
-1.5473000e-02
-2.0433670e-02
-2.5595140e-02
-3.1262930e-02
-3.5773660e-02
-3.8384940e-02
-3.9748770e-02
-4.0878590e-02
-4.1564800e-02
-4.1500030e-02
-4.0176090e-02
-3.6774710e-02
-3.2293050e-02
-2.7655430e-02
-2.2305080e-02
-1.5183930e-02
-8.0195730e-03
-3.2508450e-03
-7.3941960e-04
9.7588210e-04
3.0672570e-03
3.6826100e-03
1.9002800e-03
6.5205060e-04
-2.3535360e-04
-1.7940930e-03
-1.8681560e-03
1.0555370e-03
4.1834360e-03
6.4456910e-03
8.5716270e-03
1.1516710e-02
1.4976760e-02
1.7172630e-02
1.8088190e-02
1.8923210e-02
2.0171610e-02
2.1258760e-02
2.1758570e-02
2.1322900e-02
1.9890450e-02
1.7940780e-02
1.4575130e-02
9.8993770e-03
4.5288870e-03
1.0390660e-03
2.8159220e-03
6.6907310e-03
1.0440950e-02
1.3561310e-02
1.5735120e-02
1.8423290e-02
1.8797740e-02
1.7529620e-02
1.5661760e-02
1.0630230e-02
4.1402290e-03
7.3248870e-04
1.9336870e-03
6.9801190e-03
1.4433940e-02
2.2446110e-02
2.9896230e-02
3.5941910e-02
4.0364040e-02
4.3629990e-02
4.4760760e-02
4.3746780e-02
4.2326470e-02
3.9564460e-02
3.4122740e-02
2.8297990e-02
2.0768650e-02
1.0801530e-02
1.6388300e-03
-7.4848800e-03
-1.5868300e-02
-2.0835790e-02
-2.4300620e-02
-2.8175190e-02
-3.0897260e-02
-3.1618030e-02
-3.2685990e-02
-3.3196090e-02
-3.2186310e-02
-3.0894770e-02
-2.9666930e-02
-2.6356090e-02
-2.0860680e-02
-1.3528340e-02
-6.1958510e-03
-5.0874910e-04
2.2944420e-03
1.3681050e-03
-2.2936400e-03
-7.9419940e-03
-1.3695320e-02
-1.7029210e-02
-1.7605380e-02
-1.6841670e-02
-1.4551990e-02
-1.0444900e-02
-7.3587630e-03
-5.4006620e-03
-1.0581830e-03
5.7185440e-03
1.3407820e-02
2.0340500e-02
2.6534350e-02
3.2330480e-02
3.7165860e-02
4.0984670e-02
4.3537260e-02
4.4154180e-02
4.3309970e-02
4.0443190e-02
3.5071070e-02
2.7986920e-02
1.8668630e-02
6.5769190e-03
-6.1747420e-03
-1.7061840e-02
-2.3004120e-02
-2.3437720e-02
-1.9338670e-02
-1.2812930e-02
-7.8759260e-03
-6.8179200e-03
-6.8784330e-03
-5.2693660e-03
-1.8998620e-03
2.2137340e-03
7.5772330e-03
1.3746650e-02
1.7306360e-02
1.6905440e-02
1.3066660e-02
5.4854090e-03
-6.4356310e-03
-2.0774060e-02
-3.2829530e-02
-4.2878860e-02
-5.1673670e-02
-5.7321860e-02
-5.9710270e-02
-5.9468880e-02
-5.6157670e-02
-4.9422240e-02
-3.9928490e-02
-2.9167100e-02
-1.8975110e-02
-9.7466910e-03
-4.5042090e-03
-3.8716570e-03
-3.9452770e-03
-3.0499050e-03
-2.2976640e-03
-1.9374880e-03
-2.4346350e-03
-3.9090800e-03
-5.9420750e-03
-9.3975050e-03
-1.3542020e-02
-1.6919500e-02
-1.7034410e-02
-1.1443260e-02
-1.2124510e-03
1.0034100e-02
2.0389920e-02
2.9790680e-02
3.8333030e-02
4.5951030e-02
4.7931020e-02
4.6102320e-02
4.0464330e-02
2.9609530e-02
1.6570410e-02
7.5059570e-03
3.8387650e-03
2.9803610e-03
4.2463900e-03
6.0447440e-03
6.6711260e-03
6.2676390e-03
5.1645970e-03
4.5169540e-03
5.1892480e-03
6.8845840e-03
8.8710930e-03
1.0208030e-02
1.1756070e-02
1.5449100e-02
1.9185600e-02
2.0190800e-02
1.7406960e-02
1.0316920e-02
8.3036460e-04
-9.2415820e-03
-1.7632480e-02
-2.3207790e-02
-2.6807000e-02
-2.9702920e-02
-3.3669650e-02
-3.7989200e-02
-4.0285160e-02
-3.9675050e-02
-3.5898960e-02
-2.8649680e-02
-2.0757850e-02
-1.4968480e-02
-1.0855090e-02
-6.8349910e-03
-2.7595320e-03
9.3637200e-04
4.8056240e-03
8.4769010e-03
1.1239950e-02
1.4119010e-02
1.7142080e-02
1.8534740e-02
1.8409460e-02
1.6936860e-02
1.4482410e-02
1.1823250e-02
9.6592250e-03
9.1637080e-03
9.6984160e-03
1.0588710e-02
1.2204450e-02
1.3684580e-02
1.4646930e-02
1.6302870e-02
1.9442250e-02
2.3485430e-02
2.8491240e-02
3.3330410e-02
3.7371280e-02
4.0335950e-02
4.2543640e-02
4.4844510e-02
4.6364670e-02
4.6054870e-02
4.5091890e-02
4.3842680e-02
4.0892420e-02
3.5790510e-02
2.9262380e-02
2.1375450e-02
1.3120190e-02
5.7611870e-03
1.3337670e-03
1.1589770e-03
3.0020400e-03
5.8624800e-03
9.0524480e-03
1.1746480e-02
1.2898890e-02
1.1876670e-02
1.0129060e-02
8.5479920e-03
5.0090210e-03
-1.2605820e-03
-9.5604530e-03
-1.9181010e-02
-2.8975870e-02
-3.7841370e-02
-4.4672950e-02
-4.9776150e-02
-5.3379840e-02
-5.5935550e-02
-5.7135670e-02
-5.5270440e-02
-5.0543020e-02
-4.3624440e-02
-3.4569170e-02
-2.5251400e-02
-1.8122120e-02
-1.2673260e-02
-7.3698520e-03
-3.9988990e-03
-2.5198150e-03
-1.8768940e-03
-2.5545040e-03
-2.8539770e-03
-1.4285070e-03
9.5970730e-04
4.8630030e-03
1.0094590e-02
1.5650340e-02
2.0811000e-02
2.5188940e-02
2.9710960e-02
3.2677620e-02
3.2967870e-02
3.1789740e-02
2.9785090e-02
2.6824960e-02
2.4603250e-02
2.2823300e-02
2.1681050e-02
2.2232690e-02
2.5193320e-02
2.8746290e-02
3.2096120e-02
3.6107020e-02
4.1840120e-02
4.8212290e-02
5.3950280e-02
5.8837840e-02
6.1829920e-02
6.1691040e-02
5.8628350e-02
5.2502130e-02
4.2777480e-02
3.2468280e-02
2.4199460e-02
1.6592890e-02
1.2633710e-02
1.2524680e-02
1.4323880e-02
1.6983060e-02
2.0099470e-02
2.1115520e-02
1.8957580e-02
1.5099020e-02
1.0104840e-02
4.6569360e-03
8.2638700e-05
-3.2890630e-03
-7.1226400e-03
-1.2423760e-02
-1.8263780e-02
-2.3684350e-02
-2.8170730e-02
-3.0543470e-02
-3.0341980e-02
-2.7466390e-02
-2.3158520e-02
-1.8821950e-02
-1.4696190e-02
-1.0305930e-02
-4.9124550e-03
2.2483980e-03
1.0531570e-02
1.6959110e-02
1.9643320e-02
1.8298570e-02
1.3052620e-02
4.5986060e-03
-4.8018570e-03
-1.1814840e-02
-1.5281800e-02
-1.6584070e-02
-1.6858570e-02
-1.5943870e-02
-1.3909670e-02
-1.1169220e-02
-7.8100010e-03
-4.1814590e-03
-3.2308200e-04
3.1246130e-03
5.4127860e-03
5.5731520e-03
2.4582590e-03
-2.8543430e-03
-7.3535720e-03
-1.0163520e-02
-1.2671880e-02
-1.3953910e-02
-1.3918970e-02
-1.4133890e-02
-1.3660600e-02
-1.2411090e-02
-1.1417540e-02
-1.0908250e-02
-1.1206680e-02
-1.2994740e-02
-1.6856790e-02
-2.2536520e-02
-2.8238920e-02
-3.4435570e-02
-4.1087730e-02
-4.6036390e-02
-4.7456150e-02
-4.6080090e-02
-4.1995680e-02
-3.4767610e-02
-2.6748540e-02
-1.9904920e-02
-1.5193470e-02
-1.3058850e-02
-1.2048450e-02
-1.1898000e-02
-1.3559470e-02
-1.6115260e-02
-2.0007650e-02
-2.4711730e-02
-2.9608780e-02
-3.4308650e-02
-3.7821830e-02
-3.9980360e-02
-4.0603640e-02
-3.9559930e-02
-3.5561340e-02
-2.7778940e-02
-1.7494370e-02
-6.9686300e-03
6.8883530e-04
5.2940790e-03
7.8470830e-03
7.9138830e-03
6.7825180e-03
3.6011020e-03
-2.8715910e-03
-8.8616280e-03
-1.2534730e-02
-1.4406770e-02
-1.4068980e-02
-1.2683540e-02
-9.6513240e-03
-5.2530220e-03
-4.5954410e-04
4.7499720e-03
9.8553310e-03
1.4566360e-02
1.8059490e-02
2.0458640e-02
2.1848540e-02
2.2039530e-02
2.1234830e-02
1.9953800e-02
1.9226960e-02
1.8861310e-02
1.7649960e-02
1.4708510e-02
9.9112020e-03
4.3279780e-03
-1.9741660e-04
-3.4719430e-03
-6.1204280e-03
-8.7190060e-03
-1.1629340e-02
-1.4187070e-02
-1.5884590e-02
-1.6282580e-02
-1.5666890e-02
-1.3965690e-02
-1.2714080e-02
-1.1966220e-02
-1.1603750e-02
-1.2384510e-02
-1.2127250e-02
-1.0653190e-02
-8.5621270e-03
-6.0795100e-03
-4.4155860e-03
-3.0818960e-03
-1.1181520e-03
1.9710100e-03
7.1823100e-03
1.1741480e-02
1.4223530e-02
1.5448440e-02
1.5768350e-02
1.4608490e-02
1.2975740e-02
1.0440630e-02
5.8442170e-03
6.8866620e-04
-4.2034550e-03
-7.8103370e-03
-8.6811980e-03
-7.9810740e-03
-5.8860890e-03
-2.3315650e-03
2.1590030e-03
6.0262410e-03
9.6076780e-03
1.3395200e-02
1.5273670e-02
1.4821790e-02
1.2670140e-02
9.1317490e-03
4.7067450e-03
2.5832560e-04
-5.2964610e-03
-1.1136620e-02
-1.6356040e-02
-1.9342460e-02
-2.0174020e-02
-1.9717360e-02
-1.7164050e-02
-1.1952880e-02
-4.8567460e-03
1.6432370e-03
5.5663920e-03
6.4250410e-03
4.5795200e-03
1.2943230e-03
-2.0374560e-03
-5.2534930e-03
-8.1174550e-03
-1.1601900e-02
-1.5202350e-02
-1.7573980e-02
-1.8466230e-02
-1.8160390e-02
-1.6297030e-02
-1.3455020e-02
-9.0900140e-03
-4.2062040e-03
-4.9017940e-04
2.5756790e-03
5.1074720e-03
7.8003160e-03
9.7129080e-03
8.5884490e-03
4.9090410e-03
2.2005750e-04
-4.8892670e-03
-9.4202340e-03
-1.2464370e-02
-1.4546150e-02
-1.5845090e-02
-1.6319740e-02
-1.5563870e-02
-1.3757830e-02
-1.0406990e-02
-7.8281100e-03
-7.3481770e-03
-6.9443960e-03
-6.3784200e-03
-6.0867320e-03
-5.5107650e-03
-4.5099470e-03
-3.3879280e-03
-2.0654320e-03
-5.4940730e-04
1.8814170e-03
4.5214020e-03
6.4358320e-03
8.5117510e-03
9.5195180e-03
9.1527150e-03
9.7562060e-03
1.0948920e-02
1.2217270e-02
1.3293020e-02
1.2949260e-02
1.0917570e-02
7.6305920e-03
4.9061960e-03
3.7392460e-03
3.5146350e-03
4.4138180e-03
6.5472760e-03
9.5789460e-03
1.2957660e-02
1.5710430e-02
1.7532200e-02
1.8544680e-02
1.8960380e-02
1.9915110e-02
2.1031710e-02
2.0331710e-02
2.0294850e-02
2.0573070e-02
1.8539730e-02
1.4428040e-02
1.0414230e-02
7.3120690e-03
5.6379890e-03
5.0543470e-03
4.4735430e-03
3.9103680e-03
3.8536870e-03
5.0548790e-03
7.2978470e-03
9.3104460e-03
9.9777360e-03
9.5539790e-03
8.9813650e-03
9.2388040e-03
9.9109680e-03
1.0386180e-02
1.1058400e-02
1.1613490e-02
1.1471090e-02
9.9427660e-03
6.6780840e-03
1.7129140e-03
-2.7680990e-03
-6.8179630e-03
-1.0730020e-02
-1.3356970e-02
-1.3412880e-02
-1.2596250e-02
-1.1778470e-02
-1.0977350e-02
-1.0287440e-02
-8.9791150e-03
-8.1272600e-03
-9.0385020e-03
-1.0818030e-02
-1.2366290e-02
-1.3946390e-02
-1.5722850e-02
-1.7142170e-02
-1.8503610e-02
-2.0698530e-02
-2.3916540e-02
-2.5712980e-02
-2.4844950e-02
-2.3220380e-02
-2.0469270e-02
-1.6971960e-02
-1.3687320e-02
-1.0488050e-02
-7.5637490e-03
-5.2633560e-03
-2.5532780e-03
-1.2989160e-03
-1.8326180e-03
-3.6764510e-03
-5.8966440e-03
-7.1887940e-03
-6.9239980e-03
-5.4616680e-03
-3.3249160e-03
-4.2589990e-04
2.3680800e-03
5.2251430e-03
8.8540920e-03
1.2542240e-02
1.4922360e-02
1.5335350e-02
1.4264530e-02
1.2975810e-02
1.1359460e-02
9.4566600e-03
8.2260800e-03
7.4381370e-03
6.4846430e-03
4.6323040e-03
1.6237380e-03
-1.6129820e-03
-4.2962430e-03
-5.7866320e-03
-5.8377720e-03
-5.6039020e-03
-5.3850560e-03
-3.5307960e-03
-9.5650070e-04
2.4062320e-04
9.1349810e-04
1.5669600e-03
2.1195710e-03
3.9990820e-03
6.9252580e-03
8.9249360e-03
8.5012290e-03
5.4862170e-03
2.1857810e-03
-5.4431930e-04
-2.1763190e-03
-1.5306540e-03
6.1746380e-04
2.3140490e-03
3.3064740e-03
5.0114430e-03
6.8738580e-03
8.1484320e-03
8.6841600e-03
8.7287180e-03
8.4358410e-03
8.1380170e-03
8.1972000e-03
9.6706310e-03
1.3038060e-02
1.7216860e-02
2.0301530e-02
2.2266790e-02
2.3173510e-02
2.3572960e-02
2.3621100e-02
2.2807040e-02
2.1039720e-02
1.9074460e-02
1.7584590e-02
1.6988360e-02
1.7937550e-02
2.0478790e-02
2.3356520e-02
2.4974560e-02
2.6372300e-02
2.7208480e-02
2.6009240e-02
2.4328350e-02
2.3520110e-02
2.2388330e-02
2.0540400e-02
1.8931450e-02
1.6914100e-02
1.4007980e-02
1.1735150e-02
1.1594800e-02
1.2662920e-02
1.3382610e-02
1.3483070e-02
1.2183020e-02
9.3545150e-03
6.5485220e-03
4.6120070e-03
2.5668020e-03
1.3268360e-03
2.0278170e-03
4.6377250e-03
9.1504190e-03
1.4435720e-02
1.8650890e-02
2.0968370e-02
2.1243370e-02
1.9586120e-02
1.6770310e-02
1.3389660e-02
1.0232420e-02
7.5348290e-03
4.7791970e-03
1.6093530e-03
-2.5894030e-03
-7.4744580e-03
-1.1545270e-02
-1.3888760e-02
-1.5839160e-02
-1.7653040e-02
-1.9043660e-02
-1.9951690e-02
-1.9116860e-02
-1.6232370e-02
-1.2049180e-02
-7.2847590e-03
-2.8438910e-03
4.3821630e-04
2.5046840e-03
3.8849710e-03
5.0385210e-03
5.7542570e-03
5.7062400e-03
4.7049710e-03
2.6284510e-03
8.4187490e-05
-1.2542020e-03
-2.1490700e-03
-4.5600760e-03
-7.1833540e-03
-9.4226560e-03
-1.0978030e-02
-1.0887060e-02
-9.8575270e-03
-8.9162670e-03
-9.6475510e-03
-1.1328330e-02
-1.2236510e-02
-1.4447850e-02
-1.7410220e-02
-1.8479870e-02
-1.7903540e-02
-1.7496960e-02
-1.7262190e-02
-1.5801050e-02
-1.3682690e-02
-1.2377630e-02
-1.1002920e-02
-9.3305600e-03
-8.2360650e-03
-5.8046530e-03
-3.1003590e-03
-1.6545050e-03
1.0147940e-04
2.2760790e-03
2.7280770e-03
2.8418060e-03
3.8516710e-03
4.0508680e-03
2.4642320e-03
-1.7156460e-04
-3.2681780e-03
-7.7536590e-03
-1.4471810e-02
-1.9721310e-02
-2.2642230e-02
-2.5044740e-02
-2.5279810e-02
-2.4484590e-02
-2.4508000e-02
-2.5082510e-02
-2.6344710e-02
-2.6570140e-02
-2.4820170e-02
-2.2060810e-02
-1.8465530e-02
-1.4750920e-02
-1.1957220e-02
-1.0110510e-02
-8.2672770e-03
-5.7886630e-03
-2.8561540e-03
-1.3873400e-04
1.8196580e-03
1.5402630e-03
-1.9852290e-03
-7.2278330e-03
-1.2553020e-02
-1.7830020e-02
-2.0908450e-02
-2.1119710e-02
-2.1101070e-02
-2.1197080e-02
-1.9999650e-02
-1.8895360e-02
-1.8755660e-02
-1.8090880e-02
-1.7198040e-02
-1.6531050e-02
-1.4428300e-02
-9.6135430e-03
-3.0159460e-03
4.1793970e-03
1.0443480e-02
1.4382850e-02
1.6321360e-02
1.8797080e-02
2.1945820e-02
2.4075590e-02
2.5059160e-02
2.4932590e-02
2.3821020e-02
2.3006760e-02
2.1942610e-02
1.9848640e-02
1.7076940e-02
1.3584840e-02
9.7319680e-03
5.1927380e-03
-1.0922210e-03
-7.9364860e-03
-1.3520940e-02
-1.7142910e-02
-1.8233730e-02
-1.8000070e-02
-1.7808420e-02
-1.6768040e-02
-1.4401860e-02
-1.2655770e-02
-1.0560720e-02
-7.8477260e-03
-5.9322190e-03
