0.01
8.7860000e-03
2.8583300e-02
2.4632610e-02
1.2189500e-02
2.9579650e-03
-3.9689010e-03
-7.3339000e-03
-1.2051380e-02
-1.6756560e-02
-1.0282400e-02
7.0431300e-03
1.1263570e-02
-3.4631570e-03
-1.2003250e-02
-9.1730710e-03
-1.0441730e-02
-8.5594510e-03
7.5967020e-03
1.3494630e-02
8.5056710e-03
4.9551050e-03
-3.8496350e-05
-7.0671120e-05
9.0876070e-03
9.9148700e-03
2.5293720e-03
4.3025030e-03
6.6535750e-03
5.8685370e-04
-1.3658430e-04
2.8288880e-03
-3.9327660e-03
-7.7011800e-03
4.1116330e-03
6.5380030e-03
-1.1055540e-02
-2.1056020e-02
-8.6580690e-03
3.8075660e-03
9.0359420e-03
1.4182620e-02
8.0378390e-03
-2.3983090e-03
-3.2801740e-03
-1.7854960e-03
-2.8985190e-03
4.1234070e-04
-5.5623230e-04
-1.1954450e-02
-1.4431010e-02
-4.7088690e-03
-2.7296100e-03
-6.0560650e-03
-1.6343450e-03
-5.6435640e-03
-1.6863480e-02
-1.7714000e-02
-1.8899840e-02
-2.5549290e-02
-2.2684730e-02
-7.4536520e-03
7.5185290e-03
1.1052280e-02
8.0070640e-05
-2.1077100e-02
-3.3838060e-02
-3.9601110e-02
-4.9131910e-02
-5.4586790e-02
-4.6810540e-02
-3.3939410e-02
-2.4721720e-02
-2.2763200e-02
-2.2751520e-02
-2.1919710e-02
-2.3698020e-02
-2.4862950e-02
-2.5737920e-02
-2.4136360e-02
-1.5553260e-02
-9.8725970e-03
-1.8045930e-02
-2.4640410e-02
-2.2555430e-02
-2.5036450e-02
-3.8255060e-02
-4.2932530e-02
-2.7994180e-02
9.5556430e-04
2.5140990e-02
4.0553660e-02
5.5403880e-02
6.8418560e-02
7.3396680e-02
7.6415080e-02
7.7573680e-02
6.8399290e-02
4.6946490e-02
2.8072880e-02
2.4535420e-02
3.2179720e-02
4.6069890e-02
5.7200690e-02
5.7317830e-02
5.1301830e-02
4.5240150e-02
3.5539770e-02
2.0676410e-02
9.6822980e-03
6.2958230e-03
-2.8161140e-03
-2.7278960e-02
-4.4662900e-02
-3.6174400e-02
-1.5996790e-02
-8.0757480e-03
-2.0973340e-03
1.2808660e-02
1.9981400e-02
8.1657280e-03
-1.3421090e-02
-2.8537070e-02
-2.9901980e-02
-1.8834930e-02
-1.0670650e-02
-5.4085600e-03
1.5348590e-03
4.0123310e-03
2.8912590e-03
-8.8655470e-04
-1.1926220e-02
-2.7466650e-02
-4.0060250e-02
-4.2824350e-02
-3.5895400e-02
-1.2886460e-02
2.6884790e-02
6.1328950e-02
6.3878890e-02
4.4173000e-02
1.9823510e-02
3.8108190e-03
-1.1792910e-02
-3.9200780e-02
-6.5017300e-02
-7.4620610e-02
-6.8931910e-02
-4.8788340e-02
-1.6208030e-02
4.1344550e-02
8.7226610e-02
9.3842760e-02
8.3520120e-02
6.1335440e-02
2.9090860e-02
-4.0142140e-03
-2.3795720e-02
-1.6987060e-02
1.1839410e-02
3.9979540e-02
6.0250560e-02
7.1885050e-02
6.1566830e-02
4.2062040e-02
2.6114230e-02
8.2223290e-03
-2.2312440e-02
-4.1180680e-02
-4.8474550e-02
-5.3726430e-02
-4.8340780e-02
-3.2722620e-02
-2.3383440e-02
-2.7652240e-02
-3.4907080e-02
-4.3468140e-02
-5.8339570e-02
-6.8439580e-02
-6.5584790e-02
-5.1293290e-02
-4.3792870e-02
-4.1342270e-02
-1.9669500e-02
9.7997760e-03
2.1944020e-02
1.3987760e-02
6.9775230e-03
1.8074950e-02
4.0899270e-02
5.1892070e-02
4.2312570e-02
2.9429110e-02
2.1812550e-02
1.2942400e-03
-2.4031330e-02
-3.1664110e-02
-2.4360400e-02
-1.2026980e-02
-1.4468180e-03
1.3072580e-02
3.3622380e-02
4.0497550e-02
3.1127740e-02
2.3697660e-02
2.0771600e-02
1.2138530e-02
-6.9676010e-03
-2.0153010e-02
-2.7240720e-02
-2.8985530e-02
-1.2335190e-02
1.1442900e-02
1.8664190e-02
1.6733350e-02
9.8381090e-03
-2.5493830e-03
-1.3959780e-02
-1.3461610e-02
1.9018410e-03
1.3375080e-02
1.2653770e-02
1.7219950e-02
3.4272850e-02
4.7336600e-02
4.5145300e-02
3.8751640e-02
2.4973450e-02
-2.0508810e-03
-2.4766750e-02
-3.3079450e-02
-3.0701140e-02
-2.0716260e-02
-1.2155340e-02
-4.0258050e-03
-3.0864740e-04
-1.2357740e-03
-5.6409570e-04
-2.3717330e-04
-5.1284200e-04
3.7835180e-03
1.3406420e-02
2.3636510e-02
3.3765490e-02
3.6308290e-02
1.9041110e-02
4.2905110e-03
1.4227350e-02
3.3913110e-02
3.3733770e-02
1.9669050e-02
1.5304980e-02
1.3873240e-02
1.0130430e-03
-1.1692180e-02
-1.7413430e-02
-3.2654610e-02
-5.6919790e-02
-7.3533620e-02
-7.5891340e-02
-6.5837040e-02
-5.7872000e-02
-6.4033950e-02
-7.4601780e-02
-7.0537200e-02
-5.4630710e-02
-4.4344680e-02
-2.7133260e-02
3.7915030e-03
2.5190420e-02
2.0327720e-02
-4.1479230e-03
-1.7405720e-02
-1.9975130e-02
-3.6597970e-02
-7.0857690e-02
-9.5059760e-02
-9.6303420e-02
-9.1417590e-02
-9.8643200e-02
-1.1058720e-01
-1.0352580e-01
-7.9909900e-02
-6.6337850e-02
-6.1024000e-02
-4.6425490e-02
-2.3972910e-02
-4.9365890e-03
2.1326260e-04
-4.5194790e-03
-5.4564640e-03
-5.9378770e-03
-2.2203140e-02
-4.7248990e-02
-6.1107080e-02
-6.1564490e-02
-4.2488790e-02
-3.7689930e-03
3.5152650e-02
6.6949540e-02
8.8488720e-02
9.9695550e-02
1.1223490e-01
1.2114540e-01
1.1665530e-01
1.1161300e-01
1.1267170e-01
9.2128710e-02
3.7813850e-02
-7.3930210e-03
-1.5989130e-02
-4.2905270e-03
7.7371300e-03
1.2602000e-02
7.2586370e-03
-9.6465590e-03
-1.5078170e-02
2.0013190e-02
6.7223160e-02
8.6001060e-02
9.0221220e-02
1.0405550e-01
1.2868520e-01
1.4221510e-01
1.4316010e-01
1.4025160e-01
1.3267440e-01
1.2538670e-01
1.2798650e-01
1.3464560e-01
1.2730650e-01
1.0351420e-01
3.7866210e-02
-4.4814070e-02
-7.8487230e-02
-8.1503120e-02
-8.0394580e-02
-8.3230630e-02
-8.5573390e-02
-6.3766640e-02
-3.6334100e-02
-3.5077730e-02
-5.7006670e-02
-7.7884560e-02
-8.6944780e-02
-1.0057510e-01
-1.1935050e-01
-1.2992660e-01
-1.1966780e-01
-8.6159400e-02
-5.4522130e-02
-2.5359680e-02
5.2800800e-03
3.5775680e-02
5.1124770e-02
4.2732450e-02
2.7833920e-02
3.7311300e-02
6.3090660e-02
7.5094430e-02
8.1125440e-02
7.7688830e-02
5.7662310e-02
3.6040560e-02
7.4454590e-03
-1.2949200e-02
-2.1679550e-02
-1.8278980e-02
-6.7532390e-04
1.1550310e-02
1.8302010e-02
2.8760620e-02
4.6439640e-02
5.4316710e-02
2.5709440e-02
-1.4504050e-02
-3.1149440e-02
-3.3387610e-02
-3.7783700e-02
-4.2969440e-02
-3.6548650e-02
-4.4384110e-03
3.1350510e-02
3.9606120e-02
3.5073390e-02
4.1564790e-02
6.0225820e-02
6.8780240e-02
5.6841000e-02
3.2721250e-02
-4.0895980e-03
-2.5310100e-02
-9.0171530e-03
2.8540270e-02
4.8781860e-02
3.4227900e-02
1.1846270e-02
4.9686100e-03
-1.7228060e-02
-3.5696690e-02
-3.3137850e-02
-1.6434140e-02
-2.6998320e-03
-5.9570710e-03
-1.6230690e-02
-1.5560390e-02
7.5605740e-03
3.7676000e-02
4.7254330e-02
2.3063440e-02
5.2609530e-04
7.9109100e-03
2.9768960e-02
3.1165230e-02
-1.4328340e-02
-5.7966070e-02
-6.0339300e-02
-4.4529160e-02
-3.6289930e-02
-5.1016590e-02
-6.8604720e-02
-6.6737110e-02
-6.5071120e-02
-8.4488260e-02
-1.0887420e-01
-1.1636030e-01
-1.0429290e-01
-8.7061860e-02
-9.1030910e-02
-9.9934420e-02
-8.2386790e-02
-4.6711340e-02
-2.9785120e-02
-3.4074240e-02
-3.0933440e-02
-7.8647900e-03
1.0866950e-02
3.6278180e-03
-1.6219690e-02
-2.1448730e-02
-6.5757710e-03
2.5574410e-02
5.2639120e-02
6.4698840e-02
6.1502200e-02
6.3417610e-02
7.3054590e-02
7.8128450e-02
6.8532600e-02
5.6318060e-02
6.8465790e-02
8.4280780e-02
8.8343830e-02
7.9327210e-02
6.3712370e-02
5.0914650e-02
2.9726120e-02
-4.2123270e-03
-1.8793040e-02
-8.6651950e-03
5.8084810e-03
5.9695950e-03
-4.2726690e-03
2.2941760e-03
2.1931390e-02
2.3841210e-02
-8.3850070e-03
-2.8202410e-02
-2.7912590e-02
-2.7644620e-02
-5.1288550e-02
-9.4029690e-02
-9.8955570e-02
-6.0005900e-02
-2.2832000e-02
-4.0582320e-02
-5.9766150e-02
-2.3816080e-02
2.5207040e-02
4.1793590e-02
9.8985940e-03
2.5320280e-04
3.6500330e-02
4.9386440e-02
1.4670220e-02
-3.2118770e-02
-5.3391310e-02
-2.7832550e-02
1.8228070e-02
4.0195450e-02
7.8861670e-03
-5.4347460e-02
-5.5072490e-02
-1.9257840e-02
-5.4893150e-03
1.9116140e-04
2.0722970e-02
5.1871120e-02
6.3281300e-02
5.7431930e-02
5.6616230e-02
3.5587100e-02
1.2112000e-02
2.8684950e-02
3.9097740e-02
9.1421570e-03
-2.2915630e-02
-2.4423000e-02
-2.0526360e-02
-5.2539440e-02
-7.8689490e-02
-5.9833630e-02
-1.3530020e-02
1.9632320e-02
1.0504430e-02
-4.3115900e-03
2.1096160e-02
6.3520690e-02
7.1470490e-02
3.8019280e-02
2.7785270e-02
5.1778920e-02
7.6398830e-02
6.4943680e-02
2.3044450e-02
-1.7716720e-02
-4.5582720e-02
-6.1475560e-02
-5.6779490e-02
-2.6360220e-02
1.4263710e-03
1.2280960e-02
1.1936070e-02
1.1875360e-02
1.4516000e-02
1.3340230e-02
1.5245420e-02
1.8392290e-02
1.4211240e-02
2.2615040e-03
-7.7907090e-05
4.3997160e-03
1.1515100e-03
-1.3439790e-02
-4.2595150e-02
-6.1810900e-02
-5.0466930e-02
-7.4003220e-03
1.8663850e-02
6.7525470e-03
-6.7480730e-03
-2.6329720e-03
-1.2672100e-03
-2.0227480e-02
-3.3980220e-02
-2.6565140e-02
-1.4392010e-03
3.9414360e-02
7.2282600e-02
7.8477170e-02
7.5510750e-02
7.5918140e-02
6.2584060e-02
9.1301570e-03
-5.2274260e-02
-6.1706050e-02
-4.6994360e-02
-4.1596870e-02
-3.3899270e-02
-1.4408950e-02
4.3508570e-03
6.7395320e-03
-1.3294490e-02
-3.3238020e-02
-4.0843190e-02
-3.2263570e-02
4.7601930e-03
2.0733540e-02
-2.5419680e-03
-2.6847190e-02
-3.1882030e-02
-2.4731800e-02
-5.8506790e-03
2.0823220e-02
4.3303700e-02
4.5551610e-02
3.0314570e-02
9.5673550e-03
-1.2011550e-02
-2.8150630e-02
-3.6025840e-02
-3.8084350e-02
-4.0189740e-02
-1.6940050e-02
4.1777140e-02
8.2185290e-02
9.0358320e-02
7.5524480e-02
4.2389270e-02
8.9063880e-03
-2.3131730e-02
-4.4130660e-02
-4.5230890e-02
-4.0606100e-02
-4.1025010e-02
-4.6120260e-02
-4.7348350e-02
-3.9095020e-02
-3.1221920e-02
-4.2008410e-02
-5.6975870e-02
-5.8886760e-02
-5.2131200e-02
-5.2465040e-02
-5.4214600e-02
-3.2496830e-02
-1.0576210e-02
-1.6022840e-02
-2.4649340e-02
-1.7512110e-02
-1.0320420e-02
-1.9667590e-02
-2.7514870e-02
-2.2142430e-02
-2.2163740e-02
-3.5290630e-02
-4.3252620e-02
-3.3201920e-02
-7.9080280e-03
1.5345500e-02
3.1981070e-02
3.8038500e-02
1.1673040e-02
-3.1659330e-02
-4.7845790e-02
-3.9505170e-02
-1.9435720e-02
1.9402160e-03
2.6973290e-02
5.6916830e-02
8.1475700e-02
9.0904080e-02
8.3050790e-02
7.3993490e-02
7.7061320e-02
8.0968650e-02
6.2849510e-02
3.7568640e-02
3.6441450e-02
5.5107920e-02
7.1587930e-02
6.5490990e-02
6.0070010e-02
7.4436270e-02
8.3315540e-02
6.9035960e-02
4.9948600e-02
4.1174580e-02
2.9365940e-02
1.4439620e-02
8.8142740e-03
2.1082500e-02
4.0269480e-02
5.1084290e-02
5.6854100e-02
5.3788280e-02
4.6834880e-02
4.4423050e-02
3.6476200e-02
1.9414000e-02
1.0716280e-02
1.4903470e-02
2.0535910e-02
2.4273240e-02
3.0135440e-02
3.8174710e-02
4.2875460e-02
4.0191880e-02
3.2208990e-02
3.0783950e-02
3.5197110e-02
3.5560360e-02
3.4532680e-02
3.3113770e-02
2.4815470e-02
7.3295200e-03
-3.3071930e-03
-7.9748050e-03
-1.5902400e-02
-2.4469380e-02
-3.4513810e-02
-4.1537180e-02
-4.9456690e-02
-5.5912720e-02
-5.4803420e-02
-5.0025290e-02
-4.6189070e-02
-2.6188760e-02
1.4168190e-02
3.4807420e-02
3.3691830e-02
3.0882540e-02
1.5797660e-02
-4.8129460e-03
-2.4774200e-02
-4.5812610e-02
-5.9696990e-02
-6.6090030e-02
-6.3047930e-02
-5.3240300e-02
-4.7249400e-02
-4.5572890e-02
-4.1899060e-02
-3.6912520e-02
-3.3879070e-02
-3.0534840e-02
-2.7168490e-02
-2.6911210e-02
-3.1764690e-02
-3.2147970e-02
-2.3333240e-02
-1.9236470e-02
-3.1154360e-02
-5.3683400e-02
-6.6375450e-02
-7.1150390e-02
-7.8037510e-02
-7.8272530e-02
-5.2000630e-02
-2.0858360e-03
2.6079460e-02
2.6708480e-02
2.7473870e-02
3.6919850e-02
4.9978470e-02
5.3063580e-02
4.8650130e-02
3.9523960e-02
2.5287630e-02
2.5682760e-03
-1.7084190e-02
-2.4486140e-02
-2.3299650e-02
-2.1311790e-02
-2.4139770e-02
-2.5568740e-02
-2.9981000e-02
-3.8378070e-02
-3.9905630e-02
-2.8996420e-02
-6.4841840e-03
7.9339170e-03
1.1514030e-02
1.9895270e-02
3.2718240e-02
3.0935010e-02
9.7048870e-03
-1.0182360e-02
-2.1081240e-02
-2.3462810e-02
-1.5739700e-02
-4.3000230e-03
-6.6838570e-04
-5.3055680e-03
-1.5466610e-02
-2.8554860e-02
-3.0155970e-02
-1.8049760e-02
-3.6844340e-03
9.2958410e-03
5.2685660e-03
-2.0703710e-02
-3.8832190e-02
-4.0090610e-02
-2.2822600e-02
8.5198000e-03
3.2591500e-02
4.4091780e-02
5.1959920e-02
4.6302700e-02
1.7227360e-02
-1.3135910e-02
-3.4574470e-02
-5.4327900e-02
-6.4169900e-02
-5.3860640e-02
-2.1171120e-02
7.2268920e-03
1.6484210e-02
1.4688570e-02
1.7060380e-03
-1.4981440e-02
-2.4002070e-02
-2.0321240e-02
-5.2232540e-03
1.2057280e-02
2.7710990e-02
4.3511890e-02
5.1340000e-02
5.7474900e-02
7.4114890e-02
8.7043480e-02
7.2569990e-02
2.2842810e-02
-2.0035650e-02
-2.8530950e-02
-2.6390280e-02
-2.3894950e-02
-2.0181270e-02
-5.5393570e-03
1.7815300e-02
2.5899680e-02
1.4691860e-02
-1.2749130e-03
-2.0011240e-02
-3.7791610e-02
-5.3044210e-02
-6.1625920e-02
-6.1163970e-02
-5.3580500e-02
-5.2648180e-02
-6.9122730e-02
-8.3529410e-02
-8.3800100e-02
-7.8091770e-02
-6.9697730e-02
-3.7638080e-02
2.1656530e-02
6.2382710e-02
6.1921230e-02
4.8819560e-02
3.6273590e-02
1.1363710e-02
-1.6693630e-02
-2.5901070e-02
-3.0779380e-02
-4.2568290e-02
-4.8436090e-02
-4.1074210e-02
-2.8028520e-02
-1.9218950e-02
-6.8312770e-03
1.0965670e-02
1.3850310e-02
5.8907800e-04
2.0670710e-03
2.3427370e-02
2.8016950e-02
1.3265510e-02
1.6021070e-02
3.3927840e-02
4.5745570e-02
5.0563460e-02
6.0151910e-02
6.9594150e-02
7.5798930e-02
7.0148400e-02
5.3474900e-02
4.4338380e-02
4.0875740e-02
3.6374610e-02
3.8199120e-02
4.6653730e-02
3.5377310e-02
3.3561640e-03
-1.8586000e-02
-4.1291510e-02
-6.8888310e-02
-1.0011230e-01
-1.2150240e-01
-1.2569030e-01
-1.0429770e-01
-5.8807190e-02
3.4142440e-04
6.5464660e-02
1.1683130e-01
1.4295360e-01
1.6376280e-01
1.7575400e-01
1.6605260e-01
1.4687890e-01
1.3745620e-01
1.3019270e-01
1.1800100e-01
9.2179930e-02
6.6045170e-02
5.0260510e-02
3.6066840e-02
3.2032830e-02
4.3716730e-02
5.5776220e-02
6.4556470e-02
8.7679200e-02
1.1728520e-01
1.2860470e-01
1.0980590e-01
8.4869720e-02
6.9860550e-02
5.3604560e-02
1.7143690e-02
-3.2009460e-02
-6.4476890e-02
-5.9357270e-02
-1.2371030e-02
2.9765130e-02
2.9179030e-02
1.9010590e-02
2.1328630e-02
2.0023050e-02
1.3861070e-02
1.5952770e-02
2.1728240e-02
1.5328660e-02
4.7433430e-05
-9.4063820e-03
-1.5730480e-02
-1.6232890e-02
1.3486600e-02
4.7515080e-02
5.1120120e-02
4.2363280e-02
4.0638000e-02
4.6943310e-02
4.6214630e-02
3.8055710e-02
3.0715990e-02
5.4397570e-04
-4.4591040e-02
-7.2750280e-02
-8.7686760e-02
-1.0572240e-01
-1.3861090e-01
-1.8143120e-01
-2.0608070e-01
-2.0360350e-01
-1.9014640e-01
-1.7476400e-01
-1.6270220e-01
-1.6608280e-01
-1.7921110e-01
-1.9430800e-01
-2.0419450e-01
-2.0257670e-01
-1.9703200e-01
-1.9356020e-01
-1.7865520e-01
-1.4440330e-01
-6.9606950e-02
7.4590810e-02
1.7650970e-01
1.7247270e-01
1.5789700e-01
1.6729740e-01
1.6045060e-01
1.3485830e-01
1.3606300e-01
1.4398430e-01
1.3432250e-01
1.3301090e-01
1.4991230e-01
1.5714620e-01
1.4927190e-01
1.3950710e-01
1.1974700e-01
9.2610130e-02
6.9762180e-02
4.4762100e-02
-1.0096430e-02
-6.5547430e-02
-8.2867190e-02
-7.6120200e-02
-6.2694530e-02
-5.8053580e-02
-6.5173730e-02
-8.2619220e-02
-1.0923010e-01
-1.3370180e-01
-1.5034910e-01
-1.4944850e-01
-1.2227370e-01
-9.2111400e-02
-7.9379150e-02
-7.3541570e-02
-7.4933730e-02
-8.9170300e-02
-1.0775010e-01
-1.1068630e-01
-9.3526690e-02
-8.9332320e-02
-1.0885540e-01
-1.1946530e-01
-1.1328620e-01
-1.0208700e-01
-9.6259160e-02
-1.0135870e-01
-9.9167730e-02
-7.6048070e-02
-5.9502820e-02
-6.7244270e-02
-7.4895630e-02
-7.9122260e-02
-1.0087020e-01
-1.2187550e-01
-1.1823570e-01
-1.0196080e-01
-8.8364110e-02
-8.0228000e-02
-7.5763830e-02
-7.9207980e-02
-9.2085360e-02
-1.1035710e-01
-1.1895090e-01
-1.0681160e-01
-7.9348600e-02
-3.5198220e-02
1.7762300e-02
5.1681900e-02
5.9298130e-02
5.6976690e-02
4.7456160e-02
3.6044830e-02
3.4237130e-02
3.8247880e-02
3.7952950e-02
3.6717200e-02
3.5794630e-02
3.6957400e-02
5.0243360e-02
8.4943020e-02
1.2821320e-01
1.6817080e-01
1.8407500e-01
1.8403400e-01
1.8327280e-01
1.7806010e-01
1.6478470e-01
1.5684350e-01
1.5929250e-01
1.5754860e-01
1.3467390e-01
1.1084400e-01
1.0232620e-01
1.0743070e-01
1.2122360e-01
1.3749950e-01
1.5309970e-01
1.3320610e-01
4.5779260e-02
-2.7030560e-02
-3.9834210e-02
-2.5149750e-02
2.2112990e-03
1.9491310e-02
2.5472330e-02
1.9503850e-02
1.1739880e-02
1.4833730e-02
1.9749540e-02
1.8255470e-02
1.5965980e-02
1.7861020e-02
1.5528060e-02
4.6712820e-03
-6.2905770e-03
-7.8137290e-03
1.3068210e-03
1.6319150e-02
1.9428320e-02
6.0295400e-03
-1.2334300e-02
-2.6445160e-02
-3.2295610e-02
-3.9252380e-02
-6.2193630e-02
-8.8371120e-02
-9.5212910e-02
-8.3894390e-02
-7.1552660e-02
-6.8985950e-02
-7.3184800e-02
-8.2593560e-02
-1.0268010e-01
-1.1719920e-01
-1.1671690e-01
-1.1039850e-01
-1.0465760e-01
-8.9996210e-02
-5.7299710e-02
-3.2022260e-02
-3.1054560e-02
-3.7654930e-02
-4.1944480e-02
-4.9458340e-02
-5.7369440e-02
-5.4254820e-02
-5.0421000e-02
-4.8903250e-02
-4.6293330e-02
-4.3644100e-02
-4.2877420e-02
-4.3081910e-02
-4.2711950e-02
-3.6458650e-02
-1.9200110e-02
-6.3573910e-03
-3.3608350e-03
-2.0044000e-04
7.8072850e-03
1.1591910e-02
9.8168350e-03
9.9118690e-03
1.2719170e-02
1.0379890e-02
-9.9541800e-05
-8.7383840e-03
-1.4862190e-02
-1.8944370e-02
-1.3890460e-02
-1.0693210e-03
5.2744540e-03
3.4911550e-03
6.1640130e-03
1.9952210e-02
4.1383030e-02
6.6633340e-02
1.0027270e-01
1.4234660e-01
1.4700410e-01
2.2367210e-02
-6.1967300e-02
-3.3053300e-02
2.9186460e-02
6.5807130e-02
6.5168070e-02
5.0550880e-02
4.9008170e-02
6.4755720e-02
8.2413040e-02
9.4483000e-02
1.0197910e-01
1.0359360e-01
1.1078520e-01
1.2315450e-01
1.2929220e-01
1.1058800e-01
7.0302280e-02
4.7022020e-02
5.5772340e-02
8.7437880e-02
1.1358630e-01
1.2942210e-01
1.4135020e-01
1.4454030e-01
1.2213460e-01
4.9505040e-02
-2.5892580e-02
-5.0097420e-02
-4.4572700e-02
-2.1635650e-02
1.1290220e-03
2.2788220e-02
3.5105820e-02
2.5445760e-02
5.0896580e-03
-4.9140800e-03
9.3690910e-04
1.2347670e-02
1.6317100e-02
1.3072780e-02
1.3919330e-02
2.1453170e-02
2.5860850e-02
2.1195710e-02
1.9276450e-02
2.3043200e-02
2.4538560e-02
1.7720990e-02
6.9076010e-03
2.2937760e-03
-1.0410340e-03
-5.0575450e-03
-8.5849040e-03
-1.0235260e-02
-1.3406940e-02
-1.9525510e-02
-2.5236680e-02
-2.9621580e-02
-3.0669040e-02
-2.6395060e-02
-2.2018780e-02
-2.9285990e-02
-4.4388420e-02
-5.3328230e-02
-5.6968150e-02
-7.0300630e-02
-9.1150930e-02
-1.0455340e-01
-1.0919820e-01
-1.1660930e-01
-1.3006240e-01
-1.3951060e-01
-1.4171600e-01
-1.4005340e-01
-1.3588880e-01
-1.3167530e-01
-1.2784180e-01
-1.1986180e-01
-1.0598520e-01
-9.3089360e-02
-9.1574910e-02
-1.0765880e-01
-1.2259710e-01
-1.2826990e-01
-1.2929350e-01
-1.2676290e-01
-1.2375150e-01
-1.2401590e-01
-1.2522940e-01
-1.2325930e-01
-1.1810750e-01
-9.7524650e-02
-5.4206230e-02
-3.4995110e-02
-3.4951940e-02
-3.4815700e-02
-3.3797260e-02
-3.2969170e-02
-3.3654280e-02
-2.9768290e-02
-2.3973380e-02
-2.2488250e-02
-2.2094480e-02
-1.7327680e-02
-1.0315810e-02
-7.0051030e-03
-6.6195510e-03
-7.1625740e-03
-7.7742330e-03
-8.0249690e-03
-6.4047950e-03
-3.6162230e-03
-5.6463610e-03
-1.1179870e-02
-1.3457740e-02
-1.0897410e-02
-6.9963790e-03
-5.1802770e-03
-3.4319120e-03
2.4176110e-03
9.0269590e-03
9.5149160e-03
7.5608300e-03
8.7596540e-03
1.3416880e-02
1.6639020e-02
1.5460270e-02
1.3294450e-02
1.4020020e-02
1.7578930e-02
2.0909490e-02
2.0056380e-02
1.9391610e-02
2.4426190e-02
3.7506110e-02
5.2816660e-02
6.4179410e-02
6.6133760e-02
6.0935190e-02
5.8191570e-02
5.7466550e-02
5.5376520e-02
5.7263900e-02
6.6214970e-02
7.6321680e-02
7.4512500e-02
5.9661890e-02
4.9586350e-02
5.0377230e-02
5.1525980e-02
4.6903260e-02
4.2658520e-02
4.3618270e-02
4.3985600e-02
3.9842130e-02
3.4983010e-02
3.7182280e-02
4.6938870e-02
5.0948930e-02
3.7018000e-02
2.2935090e-02
1.7320300e-02
2.0755620e-02
3.2383610e-02
4.2885480e-02
4.3549530e-02
3.9732770e-02
4.1740040e-02
4.7733260e-02
5.1719470e-02
5.2209770e-02
5.3859280e-02
5.4690980e-02
5.1892580e-02
4.7961820e-02
4.6043970e-02
4.4723920e-02
4.3713860e-02
4.1696930e-02
2.7403690e-02
1.4723500e-02
1.8910240e-02
3.3598110e-02
4.9818410e-02
5.3138220e-02
3.8185850e-02
6.2618540e-03
-2.9281270e-02
-3.7618050e-02
-2.7705210e-02
-9.9895790e-03
3.5315190e-03
6.9229350e-03
4.0535470e-03
-2.7520460e-03
-8.8979640e-03
-8.7049860e-03
-3.0043240e-03
4.6466370e-03
1.0607980e-02
1.2124340e-02
1.1098470e-02
1.2056680e-02
1.4113480e-02
1.5741500e-02
1.7409300e-02
2.2740740e-02
2.9888630e-02
3.5055430e-02
3.3321500e-02
2.7920290e-02
2.4654650e-02
2.3721640e-02
2.4540750e-02
2.5826500e-02
2.6443400e-02
3.2576450e-02
4.9980200e-02
6.5224230e-02
6.1147190e-02
4.0326870e-02
2.3530150e-02
2.9486520e-02
4.7585530e-02
5.3630460e-02
3.7522510e-02
1.2148740e-02
2.1906120e-03
1.1692500e-03
1.9941990e-04
1.1135490e-03
2.8715450e-03
4.7876030e-03
8.3562490e-03
1.5959140e-02
2.2641810e-02
2.0583580e-02
1.7385910e-02
2.0663720e-02
2.6291760e-02
3.0786160e-02
3.2186950e-02
3.2228250e-02
3.4826910e-02
3.8868300e-02
3.8278930e-02
3.6078040e-02
4.0646340e-02
4.9870340e-02
5.6409550e-02
5.5447700e-02
5.0980890e-02
4.5295130e-02
3.6629350e-02
2.1578440e-02
5.2220760e-03
-2.9510700e-03
-1.1173110e-03
5.4177100e-03
8.3776890e-03
3.4992290e-03
-1.8953990e-03
-1.4555840e-04
6.5759260e-03
1.0787650e-02
1.0002550e-02
9.0252560e-03
1.1253120e-02
1.5198340e-02
1.4099350e-02
8.2919400e-03
7.3411470e-03
9.4524020e-03
6.9479210e-03
-1.4361520e-03
-7.2284180e-03
-7.4256270e-03
-4.1436050e-03
-2.9591010e-03
-3.7913320e-03
-1.7864660e-03
5.8618100e-03
1.2418840e-02
1.4418110e-02
1.4017840e-02
1.5457010e-02
1.9060750e-02
2.2037510e-02
2.3391660e-02
2.5580220e-02
2.7530940e-02
2.4338840e-02
1.7071490e-02
1.4101110e-02
1.5802570e-02
1.7550210e-02
1.5793220e-02
1.1953890e-02
1.0034460e-02
1.1372010e-02
1.4373160e-02
1.6826430e-02
1.5508750e-02
1.2960140e-02
1.1423860e-02
9.1832490e-03
7.8689530e-03
7.5193920e-03
6.1133580e-03
3.2430090e-04
-1.6396740e-02
-4.3929510e-02
-7.4505250e-02
-9.8404880e-02
-9.8326490e-02
-6.9121970e-02
-5.2094240e-02
-6.0378900e-02
-8.0511140e-02
-9.9362980e-02
-1.1505330e-01
-1.2505080e-01
-1.2670320e-01
-1.2959970e-01
-1.3768190e-01
-1.4332410e-01
-1.3959160e-01
-1.3121930e-01
-1.2140950e-01
-1.1281880e-01
-1.0731170e-01
-1.0292330e-01
-1.0126860e-01
-1.0249380e-01
-1.0135490e-01
-9.5974330e-02
-8.5437500e-02
-6.9815030e-02
-5.3625030e-02
-4.0100390e-02
-3.2229500e-02
-2.8526840e-02
-2.9114540e-02
-3.4108220e-02
-4.0781560e-02
-4.1861960e-02
-3.6920180e-02
-3.2396370e-02
-3.0897030e-02
-2.9306680e-02
-2.4464970e-02
-1.8546510e-02
-1.5811570e-02
-1.4843900e-02
-1.0662410e-02
-4.3405030e-03
-1.4346970e-03
-6.4069950e-04
1.1872840e-03
4.2436070e-03
8.1393470e-03
1.1478610e-02
1.3152100e-02
1.4451530e-02
1.5214310e-02
1.4954680e-02
1.2649220e-02
9.0995680e-03
7.9044340e-03
9.0782290e-03
1.0117950e-02
8.6883090e-03
7.2976170e-03
8.9014770e-03
1.0540560e-02
1.1182960e-02
1.2973780e-02
1.6423530e-02
1.9072060e-02
1.9706550e-02
2.0085920e-02
2.1305250e-02
2.3665440e-02
2.6556250e-02
2.8789850e-02
3.1954790e-02
4.1639170e-02
6.2486850e-02
7.5670730e-02
7.1785140e-02
6.0684980e-02
5.4561780e-02
5.8559450e-02
6.8805330e-02
8.0976930e-02
9.0656230e-02
9.6263950e-02
1.0006830e-01
1.0113490e-01
9.6637330e-02
9.0596070e-02
8.8720800e-02
9.0611550e-02
9.4530050e-02
9.7199300e-02
9.7922230e-02
9.7563950e-02
9.7041970e-02
9.7896420e-02
1.0108760e-01
1.0743740e-01
1.1464310e-01
1.2171360e-01
1.2844390e-01
1.3483700e-01
1.4086330e-01
1.4611050e-01
1.4744850e-01
1.4434470e-01
1.3068470e-01
1.0494000e-01
7.7916310e-02
5.8526880e-02
4.9246520e-02
4.5857760e-02
4.5327110e-02
4.7464240e-02
4.8715600e-02
4.6343870e-02
4.2319180e-02
3.7794190e-02
3.5889180e-02
3.5517780e-02
3.2874700e-02
2.6521320e-02
2.1336180e-02
2.1341310e-02
2.4981010e-02
2.7228890e-02
2.6847120e-02
2.6993880e-02
2.8447950e-02
2.8270450e-02
2.6690210e-02
2.5742410e-02
2.6655710e-02
2.7036380e-02
2.5563350e-02
2.3715270e-02
2.2408700e-02
2.2516750e-02
2.2525270e-02
2.1845700e-02
2.1844650e-02
2.3416360e-02
2.4678050e-02
2.4302120e-02
2.4523340e-02
2.4705280e-02
2.3372170e-02
2.0321350e-02
1.6511360e-02
1.1432870e-02
3.9212040e-03
-2.4244470e-03
-7.1593210e-03
-9.2858440e-03
-9.0078040e-03
-7.5595010e-03
-4.7375560e-03
-2.0879810e-03
-1.2200750e-03
-7.3703790e-04
1.1763090e-03
3.6530820e-03
3.9678360e-03
6.2415590e-04
-4.4186510e-03
-9.8005160e-03
-1.6940390e-02
-2.5601610e-02
-3.5379960e-02
-5.5569940e-02
-1.0764100e-01
-1.7217350e-01
-1.8132220e-01
-9.9504530e-02
-3.1057400e-02
-4.0559960e-02
-8.7594100e-02
-1.1432110e-01
-1.2918570e-01
-1.4028040e-01
-1.3872520e-01
-1.4034050e-01
-1.6831460e-01
-1.9735490e-01
-2.0255430e-01
-1.9917550e-01
-1.9931890e-01
-2.0011760e-01
-1.9486370e-01
-1.7967460e-01
-1.5864630e-01
-1.3637000e-01
-1.1713500e-01
-1.0805800e-01
-1.0531980e-01
-1.0521280e-01
-1.0616590e-01
-1.0758060e-01
-1.0952000e-01
-1.1001280e-01
-1.0736850e-01
-1.0162710e-01
-9.5780860e-02
-8.8515900e-02
-7.9393200e-02
-6.7196560e-02
-5.7650470e-02
-4.8607540e-02
-3.9851810e-02
-3.4792580e-02
-3.0682280e-02
-2.8393370e-02
-3.0357670e-02
-3.0808000e-02
-2.7995380e-02
-2.5889720e-02
-2.4515070e-02
-2.1413640e-02
-1.8188330e-02
-1.4750250e-02
-1.2188350e-02
-9.9903250e-03
-5.1714090e-03
-9.2172030e-04
-9.1254740e-04
-1.5662250e-03
-1.9771110e-03
-2.3741740e-03
-1.4408950e-03
-1.2273900e-03
-8.0313060e-04
9.4696290e-04
2.7338640e-03
4.8198770e-03
5.4815220e-03
3.9267880e-03
1.8266660e-03
-3.8047160e-04
-1.5322080e-03
-8.1914870e-04
3.9028880e-04
8.2167730e-04
-9.8872500e-05
-8.1218550e-04
2.0018200e-04
1.5764920e-03
1.6841300e-03
3.7842160e-04
-8.4663310e-04
-8.0128270e-04
-1.5240770e-04
-1.0549930e-03
-3.1791120e-03
-4.4586880e-03
-5.5731250e-03
-6.2468590e-03
-6.7009120e-03
-6.2708100e-03
-3.3411520e-03
-1.4610420e-04
5.5314080e-04
-6.2615610e-04
-1.0004180e-03
1.3145340e-04
2.3175660e-03
3.1114970e-03
3.4146310e-03
5.0909290e-03
8.3690080e-03
1.0747550e-02
1.1415470e-02
1.2380490e-02
1.4977360e-02
1.9822780e-02
2.3953780e-02
2.5780660e-02
2.6235420e-02
2.6867220e-02
2.8189350e-02
2.9609080e-02
3.1818290e-02
3.3962920e-02
3.4637090e-02
3.4662100e-02
3.5057500e-02
3.6674580e-02
3.7948170e-02
3.8522030e-02
4.0114800e-02
4.3034800e-02
4.5836570e-02
4.7730410e-02
4.9618800e-02
5.2451250e-02
5.5777680e-02
5.8758440e-02
6.0639000e-02
6.1957540e-02
6.2131130e-02
6.2372120e-02
6.2231480e-02
5.8840820e-02
5.4342460e-02
5.1155420e-02
4.9388010e-02
4.7122210e-02
4.4912510e-02
4.3530510e-02
4.2748080e-02
4.3186140e-02
4.5453150e-02
4.7467190e-02
4.7973600e-02
4.7844960e-02
4.7678620e-02
4.5419670e-02
4.0788120e-02
3.4995190e-02
2.9420980e-02
2.4058010e-02
2.0824440e-02
1.9520320e-02
1.8198490e-02
1.7268170e-02
1.6157720e-02
1.5113290e-02
1.3036550e-02
1.2182040e-02
1.3861270e-02
1.6111330e-02
1.7237770e-02
1.5949110e-02
1.3959980e-02
1.2763870e-02
1.1872580e-02
1.0600700e-02
9.1862960e-03
7.8105690e-03
7.2163410e-03
6.3899270e-03
5.0168020e-03
4.6020070e-03
4.2287050e-03
3.0334580e-03
1.6322600e-03
1.3944560e-03
2.6179410e-03
3.2956110e-03
2.8348520e-03
2.7409040e-03
2.7389870e-03
2.9668380e-03
2.9290560e-03
2.8396290e-03
2.8288750e-03
3.6065490e-03
4.7229510e-03
5.1381210e-03
4.4329900e-03
3.3667660e-03
2.9468950e-03
2.0045580e-03
2.3406420e-04
-1.0467630e-03
-8.5248880e-04
7.0038990e-04
1.1017100e-03
-8.7590270e-04
-3.4333290e-03
-3.8019860e-03
-2.5777440e-03
-1.2823320e-03
-1.3373210e-03
-2.7061270e-03
-3.0445490e-03
-2.9294600e-03
-1.5990030e-03
-6.6499090e-04
-8.8926190e-04
-1.9405530e-03
-3.3214800e-03
-4.4531000e-03
-4.6675590e-03
-2.9028480e-03
-1.6092320e-03
-9.9915760e-04
2.5179280e-04
2.7493540e-03
5.4257460e-03
7.6100840e-03
1.0508860e-02
1.3777040e-02
1.7014100e-02
1.8713250e-02
1.7911630e-02
1.7275800e-02
1.9064230e-02
2.3499870e-02
2.7095340e-02
2.7822300e-02
2.6847070e-02
2.4761860e-02
2.1830190e-02
1.8687170e-02
1.8509430e-02
1.8965200e-02
1.8716520e-02
1.8097230e-02
1.8159650e-02
1.7940410e-02
1.7951520e-02
1.8215900e-02
1.8089670e-02
1.8349430e-02
1.7282010e-02
1.6919470e-02
1.9128410e-02
2.0322030e-02
1.9916800e-02
1.8383380e-02
1.7333760e-02
1.7293970e-02
1.7054760e-02
1.5902990e-02
1.4191870e-02
1.4196160e-02
1.4151370e-02
1.2897280e-02
1.1020870e-02
1.0346620e-02
9.8545910e-03
8.9492800e-03
7.1104500e-03
5.1352220e-03
3.6772030e-03
1.9189370e-03
7.1682630e-04
-2.4154330e-04
-1.8843460e-03
-2.9963530e-03
-4.2676440e-03
-5.4844900e-03
-5.2942930e-03
-4.5396910e-03
-6.0264430e-03
-8.1850760e-03
-7.4763620e-03
-7.2705830e-03
-7.8716940e-03
-9.2229160e-03
-1.0573960e-02
-1.1961590e-02
-1.3723080e-02
-1.6154030e-02
-1.8747890e-02
-2.0179200e-02
-2.1587320e-02
-2.2898860e-02
-2.5249370e-02
-2.8447340e-02
-3.0618210e-02
-3.2946440e-02
-3.5535910e-02
-3.6263280e-02
-3.4410200e-02
-3.1988270e-02
-3.1433480e-02
-3.4862920e-02
-3.9176870e-02
-4.1617250e-02
-4.0743520e-02
-3.8436010e-02
-3.6865180e-02
-3.5828750e-02
-3.5285260e-02
-3.5996510e-02
-3.8858470e-02
-4.3351850e-02
-4.6605540e-02
-4.9679880e-02
-5.3582240e-02
-5.7771220e-02
-6.3457040e-02
-6.8225760e-02
-6.8686360e-02
-6.2947880e-02
-5.7970980e-02
-5.9162170e-02
-6.3986330e-02
-6.6425440e-02
-6.5339090e-02
-6.4081100e-02
-6.2488890e-02
-6.2371580e-02
-6.4721680e-02
-6.7172370e-02
-6.8452960e-02
-6.8095660e-02
-6.5789290e-02
-6.2395650e-02
-5.8309490e-02
-5.3339650e-02
-4.6752250e-02
-4.3679070e-02
-4.4625240e-02
-4.6342820e-02
-4.7919750e-02
-4.9411310e-02
-5.0252170e-02
-4.9656120e-02
-4.7223530e-02
-4.3307980e-02
-3.9769360e-02
-3.6550790e-02
-3.4268700e-02
-3.2616280e-02
-2.9289780e-02
-2.4803050e-02
-2.0858790e-02
-1.9809640e-02
-2.0619630e-02
-2.1363890e-02
-2.1648800e-02
-2.1048100e-02
-1.9551900e-02
-1.8261800e-02
-1.7525130e-02
-1.7149350e-02
-1.7144360e-02
-1.5875150e-02
-1.3956160e-02
-1.1988330e-02
-1.1320910e-02
-1.1140620e-02
-1.0507940e-02
-1.0234750e-02
-9.8705040e-03
-9.4348340e-03
-9.5641580e-03
-9.2095290e-03
-8.1981630e-03
-5.9862920e-03
-3.6304660e-03
-3.1650590e-03
-3.9525430e-03
-5.4318400e-03
-6.9108110e-03
-7.7736710e-03
-8.7114630e-03
-1.0666000e-02
-1.3175320e-02
-1.4655660e-02
-1.5517330e-02
-1.5808300e-02
-1.5041390e-02
-1.3814010e-02
-1.2826780e-02
-1.1914660e-02
-1.0737620e-02
-9.2104560e-03
