0.01
4.7370840e-04
5.5446720e-04
6.3991280e-04
7.1934110e-04
8.0553380e-04
8.9505310e-04
9.8246190e-04
1.0479740e-03
1.1064130e-03
1.1977990e-03
1.3804190e-03
1.5053860e-03
1.0828380e-03
-3.4000510e-04
-2.3551270e-03
-4.3341610e-03
-5.3908860e-03
-4.6528310e-03
-3.0064350e-03
-1.2484100e-03
2.3420330e-04
9.2718560e-04
9.8007480e-04
8.2569010e-04
6.8065730e-04
5.4103640e-04
3.8224380e-04
1.7650040e-04
4.8059050e-05
2.0690160e-04
7.2935590e-04
1.3849960e-03
2.0603480e-03
2.7197350e-03
3.3769060e-03
4.0256580e-03
4.6923240e-03
5.3823280e-03
6.0972750e-03
6.6807400e-03
6.8990580e-03
6.7730350e-03
6.5378940e-03
6.2880770e-03
6.0593230e-03
5.8239120e-03
5.5910220e-03
5.3450870e-03
5.1063340e-03
4.8650610e-03
4.6308000e-03
4.3893860e-03
4.1520270e-03
3.9072850e-03
3.6742610e-03
3.4340900e-03
3.1998250e-03
2.9574210e-03
2.7224340e-03
2.4802030e-03
2.2450240e-03
2.0026430e-03
1.7677310e-03
1.5256360e-03
1.2900450e-03
1.0453200e-03
8.0832090e-04
5.6675530e-04
3.3181860e-04
8.9375170e-05
-1.4750850e-04
-3.8987600e-04
-6.1878750e-04
-8.5955260e-04
-1.0946630e-03
-1.3369700e-03
-1.5686640e-03
-1.8091590e-03
-2.0624840e-03
-2.3269650e-03
-2.5057450e-03
-2.4904170e-03
-2.3302050e-03
-2.1468140e-03
-1.9575050e-03
-1.7882040e-03
-1.6088380e-03
-1.4310530e-03
-1.2402130e-03
-1.0585770e-03
-8.6874220e-04
-6.8838540e-04
-4.9810200e-04
-3.1550050e-04
-1.2402450e-04
5.4001470e-05
2.3532270e-04
4.1222780e-04
6.1547810e-04
8.1612410e-04
9.6335480e-04
9.3259170e-04
7.7790750e-04
5.7633130e-04
3.8186090e-04
1.8369710e-04
-7.2273170e-06
-2.0956400e-04
-4.0386150e-04
-6.0279240e-04
-7.9365270e-04
-9.9530430e-04
-1.1849080e-03
-1.3793180e-03
-1.5779630e-03
-1.8101540e-03
-2.0105130e-03
-2.1103720e-03
-2.1715970e-03
-2.6841360e-03
-4.3136370e-03
-6.7954300e-03
-9.5680050e-03
-1.2645420e-02
-1.5901000e-02
-1.8100310e-02
-1.6822540e-02
-1.2185050e-02
-6.4166880e-03
-1.5873180e-03
4.4444290e-04
3.2648760e-04
-3.4749210e-04
-1.0292770e-03
-1.6210920e-03
-2.2559280e-03
-2.9349950e-03
-3.6103480e-03
-4.0878360e-03
-4.3300280e-03
-4.4470430e-03
-4.5772250e-03
-4.6910140e-03
-4.8222280e-03
-4.9336230e-03
-5.0634440e-03
-5.1859130e-03
-5.3331610e-03
-5.4224700e-03
-5.3939550e-03
-5.2046170e-03
-4.9807430e-03
-4.7327060e-03
-4.5122490e-03
-4.2786800e-03
-4.0595260e-03
-3.7919730e-03
-3.5175780e-03
-3.2629300e-03
-3.1943590e-03
-3.1304200e-03
-2.3898020e-03
9.9197370e-05
3.6264740e-03
7.4645180e-03
1.0686770e-02
1.1631960e-02
9.7388140e-03
6.6180380e-03
3.3323970e-03
4.8039060e-04
-1.1271220e-03
-1.5068580e-03
-1.4423740e-03
-1.3407330e-03
-1.2666620e-03
-1.1964190e-03
-1.1117730e-03
-1.0100290e-03
-9.1226670e-04
-8.2349040e-04
-7.7889960e-04
-7.6820470e-04
-7.9126910e-04
-8.2419590e-04
-8.5202700e-04
-7.9985810e-04
-7.1979080e-04
-9.0090940e-04
-1.8548840e-03
-3.4193220e-03
-5.1561520e-03
-6.4332860e-03
-6.4517650e-03
-5.4890860e-03
-4.2643710e-03
-3.0445750e-03
-1.8875290e-03
-6.8090860e-04
6.4939030e-04
2.0028850e-03
2.8388940e-03
2.5208250e-03
1.5748790e-03
5.5053090e-04
-3.6856770e-04
-8.7122900e-04
-1.0188720e-03
-1.0001830e-03
-1.0073890e-03
-1.0601380e-03
-1.1729500e-03
-1.0404160e-03
-2.4515460e-04
1.3028070e-03
3.1155150e-03
5.3131130e-03
8.1243820e-03
1.0527200e-02
9.2882690e-03
2.0933120e-03
-5.7989120e-03
-8.6978040e-03
-8.4522790e-03
-7.4529420e-03
-6.5891820e-03
-5.8911710e-03
-5.2413490e-03
-4.5295850e-03
-3.6199410e-03
-2.0169530e-03
2.6906860e-04
3.0317470e-03
5.4673640e-03
5.9983440e-03
3.5874920e-03
6.0101430e-04
-7.0781700e-04
-6.2013080e-04
-1.4253100e-04
1.0547340e-04
-3.7522730e-04
-1.1278700e-03
-8.0821880e-04
2.5839450e-03
8.0939250e-03
1.2722030e-02
1.3724960e-02
1.2456080e-02
1.0705070e-02
8.9886210e-03
7.6172910e-03
6.9473060e-03
7.0243150e-03
7.3701820e-03
7.7038860e-03
7.9777540e-03
8.3638520e-03
9.2698500e-03
1.0805390e-02
1.2642640e-02
1.4427180e-02
1.6122700e-02
1.7887620e-02
2.0009240e-02
2.2160980e-02
2.2886400e-02
2.0062640e-02
1.5354630e-02
1.0758430e-02
7.7110000e-03
6.9313580e-03
7.0520830e-03
7.2050780e-03
7.3087050e-03
7.4449060e-03
7.7210630e-03
7.8317810e-03
7.1597420e-03
5.3357700e-03
3.0469520e-03
6.9906480e-04
-1.6303900e-03
-3.9996630e-03
-6.3259220e-03
-8.4330770e-03
-1.0100300e-02
-1.1741430e-02
-1.3198860e-02
-1.3492620e-02
-1.1510320e-02
-8.4373870e-03
-5.1870220e-03
-1.9463550e-03
1.1572810e-03
3.9950200e-03
6.6332240e-03
9.3423880e-03
1.2407540e-02
1.5384760e-02
1.6603720e-02
1.4161590e-02
9.9911640e-03
6.5126240e-03
5.5876920e-03
7.0452420e-03
9.1691550e-03
1.1298170e-02
1.3417420e-02
1.5755810e-02
1.8033200e-02
1.9267790e-02
1.8423690e-02
1.6576160e-02
1.4633600e-02
1.2852040e-02
1.1226500e-02
9.1093430e-03
5.4688040e-03
-5.2201880e-05
-6.3896560e-03
-1.3151710e-02
-2.0045360e-02
-2.5652260e-02
-2.7484430e-02
-2.5858490e-02
-2.3083740e-02
-2.0238420e-02
-1.7443350e-02
-1.4649960e-02
-1.1749900e-02
-8.7500110e-03
-5.6224690e-03
-2.6621010e-03
-5.3116790e-04
2.6712620e-04
4.6360180e-04
1.7106810e-04
-1.2331250e-03
-3.5676880e-03
-6.3021020e-03
-9.1617960e-03
-1.1602730e-02
-1.2806550e-02
-1.2716430e-02
-1.2144730e-02
-1.1516720e-02
-1.0966540e-02
-1.0386400e-02
-9.7997140e-03
-9.1921090e-03
-8.6088350e-03
-8.0177790e-03
-7.4226250e-03
-6.7750230e-03
-6.2270410e-03
-5.9858220e-03
-6.1744680e-03
-6.5956650e-03
-6.8354520e-03
-5.8804930e-03
-3.1996790e-03
3.7401220e-04
3.7842930e-03
6.1324630e-03
6.7488560e-03
6.7351680e-03
6.3645720e-03
4.9015210e-03
1.8240910e-03
-1.9404490e-03
-5.8912270e-03
-1.0015240e-02
-1.4126250e-02
-1.7300780e-02
-1.8395290e-02
-1.8448750e-02
-1.8608480e-02
-1.8768550e-02
-1.8254330e-02
-1.5676160e-02
-1.1614410e-02
-6.7607950e-03
-3.7089690e-04
8.6232970e-03
1.6500320e-02
1.7156730e-02
9.7817590e-03
-4.9410960e-04
-1.1114440e-02
-2.1726220e-02
-3.2256000e-02
-4.0832600e-02
-4.4628090e-02
-3.8920440e-02
-2.6622770e-02
-1.1896940e-02
3.3018710e-03
1.5434890e-02
1.9203700e-02
1.5494110e-02
1.0011040e-02
5.9929000e-03
2.9310980e-03
-2.9707440e-05
-2.5804670e-03
-3.7388300e-03
-3.6152200e-03
-2.6383360e-03
-9.5439940e-04
1.9021510e-04
-2.4745110e-03
-1.0358330e-02
-1.5747170e-02
-9.0759270e-03
5.4428350e-03
2.2767620e-02
4.0080190e-02
5.1813950e-02
5.1195030e-02
4.3237460e-02
3.4082750e-02
2.4990500e-02
1.6206650e-02
6.7510000e-03
-2.9568420e-03
-1.0990040e-02
-1.3956840e-02
-1.2876720e-02
-1.0485960e-02
-8.2668260e-03
-6.7703850e-03
-5.9255250e-03
-4.9819550e-03
-3.8652200e-03
-3.7486020e-03
-6.6643580e-03
-1.2082860e-02
-1.7964210e-02
-2.0437220e-02
-1.4534670e-02
-3.6795560e-03
7.7297200e-03
1.5716810e-02
1.5490970e-02
1.0699450e-02
5.1739930e-03
-4.0021010e-04
-6.7903370e-03
-1.5123650e-02
-2.5075160e-02
-3.5629970e-02
-4.3222280e-02
-4.2216430e-02
-3.3279760e-02
-2.1740190e-02
-1.0044570e-02
1.4638700e-03
1.3265820e-02
2.5220400e-02
3.6073610e-02
4.3849590e-02
4.9507770e-02
5.4695650e-02
5.9974000e-02
6.5125130e-02
6.9569020e-02
7.2712240e-02
7.5131700e-02
7.4321950e-02
6.5155770e-02
4.9271210e-02
3.1485750e-02
1.3725670e-02
-3.8349350e-03
-2.2086520e-02
-4.0902850e-02
-5.7823450e-02
-6.7820380e-02
-7.0483450e-02
-7.0464050e-02
-7.0907060e-02
-7.1722240e-02
-7.0403500e-02
-6.2552280e-02
-4.9530530e-02
-3.4804780e-02
-2.0025920e-02
-5.4834070e-03
8.4358150e-03
2.2518350e-02
3.8388070e-02
5.7527170e-02
7.5947610e-02
8.1652370e-02
6.1154450e-02
2.8142380e-02
-2.9760960e-03
-2.4838140e-02
-3.9023530e-02
-5.2323700e-02
-6.6826210e-02
-7.9855530e-02
-8.3595390e-02
-7.3965020e-02
-5.8090250e-02
-4.0969930e-02
-2.4355230e-02
-1.2063530e-02
-7.4564010e-03
-6.6647110e-03
-6.1606360e-03
-5.4873210e-03
-4.4103770e-03
-3.8102600e-03
-4.1558990e-03
-4.6215600e-03
-9.9840350e-04
1.1543430e-02
2.7965520e-02
4.1473710e-02
4.9709940e-02
5.5438110e-02
5.9472450e-02
5.7600880e-02
4.9336350e-02
3.8210960e-02
2.8156340e-02
2.1888840e-02
1.9231390e-02
1.7015180e-02
1.3404620e-02
8.1782090e-03
2.7521580e-03
-9.1121910e-04
-3.0195890e-05
3.4094420e-03
7.3560860e-03
1.1065860e-02
1.4730310e-02
1.8777560e-02
2.3542490e-02
2.7255170e-02
2.5914190e-02
1.7230970e-02
5.4281490e-03
-6.4878920e-03
-1.8025060e-02
-2.9758410e-02
-4.2808150e-02
-5.6149750e-02
-6.4590380e-02
-6.0855230e-02
-4.9276330e-02
-3.6229930e-02
-2.5331600e-02
-1.9849660e-02
-1.6937950e-02
-1.4202220e-02
-1.0349180e-02
-4.9976010e-03
-1.0971900e-06
2.4455440e-03
5.0806980e-03
1.2018960e-02
2.2499450e-02
3.4525330e-02
4.7251620e-02
5.7977780e-02
6.1610340e-02
5.6255620e-02
4.7249710e-02
3.7877030e-02
2.8778820e-02
1.9930680e-02
1.1165610e-02
2.3056170e-03
-6.7261970e-03
-1.5765370e-02
-2.3962260e-02
-3.0060180e-02
-3.4107020e-02
-3.5628810e-02
-3.1659920e-02
-2.2451410e-02
-1.1487630e-02
-1.6750390e-03
4.9942980e-03
9.6956760e-03
1.3480900e-02
1.5797930e-02
1.7298710e-02
1.8513700e-02
1.9740340e-02
2.0954970e-02
2.2277840e-02
2.3602170e-02
2.4584800e-02
2.4559640e-02
2.3923610e-02
2.3189610e-02
2.2472680e-02
2.1779730e-02
2.1136050e-02
2.0457310e-02
1.9722730e-02
1.8988390e-02
1.8222200e-02
1.7447880e-02
1.6689980e-02
1.5936450e-02
1.5110490e-02
1.4285210e-02
1.3507400e-02
1.2811670e-02
1.2108070e-02
1.1197640e-02
9.8507470e-03
8.3381660e-03
7.0282430e-03
5.3837280e-03
1.2307150e-03
-7.0948120e-03
-1.8190470e-02
-2.9483970e-02
-3.6234800e-02
-3.2494040e-02
-2.3318240e-02
-1.3220790e-02
-3.3307330e-03
5.1555720e-03
1.1641780e-02
1.7482590e-02
2.2858020e-02
2.3380210e-02
1.3609970e-02
-1.5691440e-03
-1.4815140e-02
-1.9807360e-02
-1.5862860e-02
-1.0500190e-02
-8.8655810e-03
-1.0004680e-02
-1.1213530e-02
-1.1264260e-02
-1.0032300e-02
-8.5917160e-03
-7.0092730e-03
-5.5623250e-03
-4.2174510e-03
-3.4958130e-03
-3.2246210e-03
-3.2106940e-03
-3.1364440e-03
-3.1631940e-03
-3.1698000e-03
-3.2223950e-03
-2.9627840e-03
-2.6295990e-03
-2.9984660e-03
-5.6646150e-03
-9.6823690e-03
-1.2392020e-02
-9.6883940e-03
-1.5168700e-03
8.9881260e-03
1.8639610e-02
2.3659460e-02
2.1973220e-02
1.7470310e-02
1.2822450e-02
8.5900660e-03
4.2092570e-03
-2.0661430e-03
-1.1499250e-02
-2.2630590e-02
-3.2721310e-02
-3.8080870e-02
-3.7425710e-02
-3.4419540e-02
-3.2098230e-02
-3.1685430e-02
-3.2246430e-02
-3.2749280e-02
-3.3186870e-02
-3.3557390e-02
-3.4046370e-02
-3.4395780e-02
-3.4821900e-02
-3.5666670e-02
-3.7550220e-02
-3.9920030e-02
-4.2619520e-02
-4.5749360e-02
-4.8412870e-02
-4.7572780e-02
-4.0812400e-02
-3.1234970e-02
-2.1304850e-02
-1.0935610e-02
-7.1876370e-04
7.7756460e-03
1.1670190e-02
1.2697490e-02
1.2830970e-02
1.1314970e-02
5.5806600e-03
-3.0020310e-03
-1.2827670e-02
-2.2707670e-02
-2.9984730e-02
-3.1140240e-02
-2.8586900e-02
-2.5298240e-02
-2.2155830e-02
-1.9253530e-02
-1.5703020e-02
-1.0321590e-02
-3.1048660e-03
4.9643710e-03
1.3059970e-02
1.9998500e-02
2.3908110e-02
2.4826020e-02
2.1852030e-02
1.6627170e-02
1.1014510e-02
5.2033300e-03
-8.4008840e-04
-6.6808490e-03
-1.0538490e-02
-1.0966140e-02
-9.7365440e-03
-8.2850290e-03
-6.9594140e-03
-6.0277400e-03
-5.4558790e-03
-5.0665830e-03
-4.6995690e-03
-4.5188870e-03
-4.1868560e-03
-2.9827100e-03
-1.7730660e-04
3.3574410e-03
6.9542470e-03
1.0489580e-02
1.4022900e-02
1.7695200e-02
2.1428390e-02
2.4658750e-02
2.6647990e-02
2.7992360e-02
2.9407410e-02
3.0243600e-02
2.8713610e-02
2.4118760e-02
1.8353200e-02
1.4322300e-02
1.5263830e-02
1.9790380e-02
2.4438950e-02
2.6720820e-02
2.6560960e-02
2.5674510e-02
2.4756530e-02
2.3977480e-02
2.3200930e-02
2.2405790e-02
2.1416000e-02
2.0137030e-02
1.8713040e-02
1.7382570e-02
1.6247310e-02
1.5407580e-02
1.4649090e-02
1.3880970e-02
1.3079390e-02
1.2455450e-02
1.2269880e-02
1.2480580e-02
1.2850240e-02
1.3446700e-02
1.4042370e-02
1.3813540e-02
1.1497210e-02
7.8505570e-03
3.7909560e-03
-3.4022410e-04
-4.0090740e-03
-6.3760320e-03
-7.3270180e-03
-7.7745930e-03
-8.1274010e-03
-8.3847300e-03
-8.5793170e-03
-8.8415600e-03
-9.6057860e-03
-1.0676560e-02
-1.0618630e-02
-6.7220780e-03
1.1836230e-03
1.1108190e-02
2.1297520e-02
2.8848930e-02
2.9851170e-02
2.6115430e-02
2.0923150e-02
1.5287500e-02
1.0089980e-02
6.8834270e-03
6.9393210e-03
7.5138310e-03
5.4521010e-03
6.6936810e-04
-5.1579860e-03
-1.1295730e-02
-1.7732060e-02
-2.3552590e-02
-2.6337850e-02
-2.4343140e-02
-2.0232740e-02
-1.5931760e-02
-1.1718310e-02
-7.6116200e-03
-3.2812770e-03
1.1428810e-03
4.9110340e-03
6.8355610e-03
7.4972050e-03
7.8676300e-03
8.7684290e-03
1.1040780e-02
1.4274830e-02
1.7783140e-02
2.1453390e-02
2.5110860e-02
2.8142630e-02
2.9747510e-02
3.0589960e-02
3.1130810e-02
3.1124690e-02
3.0532260e-02
2.9664830e-02
2.8817320e-02
2.8054480e-02
2.6906760e-02
2.4752260e-02
2.1705050e-02
1.8297950e-02
1.4638340e-02
1.0959030e-02
8.2396870e-03
7.9777030e-03
9.4698820e-03
1.1393190e-02
1.3446400e-02
1.5857670e-02
1.8350610e-02
1.9122220e-02
1.5607190e-02
9.3329020e-03
2.4941570e-03
-4.3948070e-03
-1.1318770e-02
-1.8445180e-02
-2.4894880e-02
-2.9208300e-02
-3.1278650e-02
-3.2577000e-02
-3.3802020e-02
-3.5248050e-02
-3.6882440e-02
-3.8073280e-02
-3.7634480e-02
-3.5266670e-02
-3.2134840e-02
-2.9685690e-02
-2.9092180e-02
-2.9871460e-02
-3.0998030e-02
-3.2303710e-02
-3.3412020e-02
-3.3653720e-02
-3.2352280e-02
-3.0286900e-02
-2.7893880e-02
-2.5468190e-02
-2.3799020e-02
-2.3993230e-02
-2.5629030e-02
-2.7629680e-02
-2.9703420e-02
-3.1856600e-02
-3.3974710e-02
-3.5578120e-02
-3.6202450e-02
-3.6504380e-02
-3.7081130e-02
-3.7244090e-02
-3.5151880e-02
-2.9408440e-02
-2.2017380e-02
-1.4390390e-02
-6.8420340e-03
5.9007030e-04
7.9373080e-03
1.5297990e-02
2.3030580e-02
3.1327680e-02
3.8836430e-02
4.1926160e-02
3.7911790e-02
3.0409970e-02
2.2372000e-02
1.5353830e-02
1.1533160e-02
1.0718660e-02
1.0649000e-02
9.4135370e-03
6.5953260e-03
3.4907070e-03
2.0870560e-03
3.5687460e-03
6.3296940e-03
8.1786750e-03
7.3289500e-03
4.4119920e-03
1.0146650e-03
-2.3277730e-03
-5.5421000e-03
-8.8974940e-03
-1.2681980e-02
-1.6499690e-02
-1.8565690e-02
-1.6550200e-02
-1.2140320e-02
-7.1895330e-03
-2.2552380e-03
1.5951490e-03
3.4663160e-03
4.5606960e-03
5.6804350e-03
5.0084220e-03
-3.0278530e-04
-9.2212860e-03
-1.8980240e-02
-2.6835280e-02
-2.9298410e-02
-2.7885580e-02
-2.5366430e-02
-2.2904970e-02
-2.0577170e-02
-1.8238850e-02
-1.5763910e-02
-1.3237810e-02
-1.0695200e-02
-8.4260140e-03
-6.6665970e-03
-5.3869680e-03
-4.2277790e-03
-3.1264020e-03
-2.1736080e-03
-1.3319490e-03
1.5491930e-04
3.4798850e-03
8.4799020e-03
1.3938730e-02
1.9373760e-02
2.4749760e-02
3.0444270e-02
3.6409980e-02
4.1514480e-02
4.3211470e-02
4.0913320e-02
3.7052390e-02
3.3028340e-02
2.8810930e-02
2.4624390e-02
2.1345470e-02
2.0746410e-02
2.2202090e-02
2.4210990e-02
2.6128910e-02
2.8027870e-02
3.0367230e-02
3.2942180e-02
3.3793290e-02
2.9990470e-02
2.2658660e-02
1.4393910e-02
5.9926600e-03
-2.5889560e-03
-1.1294350e-02
-1.8741110e-02
-2.2918370e-02
-2.4812840e-02
-2.6343390e-02
-2.8387360e-02
-3.0683280e-02
-3.0757730e-02
-2.5483160e-02
-1.6544110e-02
-6.8664460e-03
2.6903580e-03
1.2102520e-02
2.2119710e-02
3.2421920e-02
4.1027160e-02
4.4336940e-02
4.3123270e-02
4.0384330e-02
3.7248170e-02
3.2959520e-02
2.7394170e-02
2.1267150e-02
1.5148330e-02
9.0614230e-03
2.9905480e-03
-3.3828910e-03
-9.7860990e-03
-1.5251710e-02
-1.8176480e-02
-1.9562370e-02
-2.0669780e-02
-2.1561490e-02
-2.1431260e-02
-1.9838140e-02
-1.7583820e-02
-1.5307640e-02
-1.3027580e-02
-1.0813440e-02
-8.5586100e-03
-6.2541430e-03
-3.8200020e-03
-1.7388600e-03
-7.2035440e-04
-1.0510020e-03
-1.9058370e-03
-3.3196320e-03
-5.6680700e-03
-8.7330820e-03
-1.2087190e-02
-1.4715230e-02
-1.4609560e-02
-1.1397850e-02
-6.8223720e-03
-1.9084910e-03
3.3352530e-03
7.8223450e-03
9.2965810e-03
6.1921470e-03
8.0208860e-04
-5.2145880e-03
-9.8562420e-03
-1.0065860e-02
-5.0769750e-03
2.1099930e-03
1.0121900e-02
1.8407590e-02
2.4511080e-02
2.3828250e-02
1.6061270e-02
5.3548250e-03
-6.4203780e-03
-1.8377400e-02
-2.6854340e-02
-2.6431770e-02
-1.8862150e-02
-9.3106910e-03
3.2583020e-04
9.4077880e-03
1.8659120e-02
2.8712540e-02
3.9682630e-02
4.8157500e-02
4.7930520e-02
3.7010970e-02
2.2168560e-02
7.0924380e-03
-7.9810280e-03
-2.4401590e-02
-4.1068350e-02
-5.2279540e-02
-4.9746410e-02
-3.9155640e-02
-2.7367240e-02
-1.6561280e-02
-5.7408000e-03
9.4095890e-03
3.1816160e-02
5.5580110e-02
7.0551090e-02
7.0082410e-02
6.1790100e-02
5.2449650e-02
4.4995130e-02
4.1660330e-02
3.7217590e-02
1.5675660e-02
-3.7160680e-02
-9.0537960e-02
-1.0542460e-01
-9.5338250e-02
-7.9717180e-02
-6.4635340e-02
-5.1347130e-02
-3.7765000e-02
-2.3126000e-02
-6.9421040e-03
7.7339170e-03
1.4489040e-02
8.1892840e-03
-3.7020240e-03
-1.5971350e-02
-2.8399890e-02
-4.2008180e-02
-5.5934890e-02
-6.3722440e-02
-5.6740620e-02
-4.0845110e-02
-2.2842660e-02
-3.7670040e-03
1.3720330e-02
2.4405990e-02
2.3394410e-02
1.7254570e-02
1.0456230e-02
3.7757990e-03
-3.1039520e-03
-9.8470100e-03
-1.4801910e-02
-1.6458810e-02
-1.6869140e-02
-1.9965830e-02
-3.0080590e-02
-4.2960530e-02
-4.9782580e-02
-4.3325300e-02
-3.0456220e-02
-1.7233340e-02
-4.2237100e-03
9.3237130e-03
2.3905200e-02
3.5568830e-02
3.6742740e-02
2.5983960e-02
9.7465130e-03
-6.8514020e-03
-1.8073420e-02
-1.7635910e-02
-1.1437080e-02
-4.6768030e-03
1.9857350e-03
8.3431270e-03
1.4960960e-02
2.1609480e-02
2.8248350e-02
3.4666060e-02
4.1247950e-02
4.8403530e-02
5.5823470e-02
6.0829320e-02
5.9573740e-02
5.3776200e-02
4.7545750e-02
4.3500020e-02
4.2218140e-02
4.2113780e-02
4.2145810e-02
4.0559730e-02
3.5303470e-02
2.7507260e-02
1.9066060e-02
1.0566290e-02
2.3107480e-03
-5.9436400e-03
-1.4350480e-02
-2.3260250e-02
-3.2158960e-02
-3.9148410e-02
-4.1274270e-02
-3.9579190e-02
-3.3907220e-02
-2.3357010e-02
-1.0569740e-02
3.3453750e-03
1.7707050e-02
2.8756000e-02
3.0325710e-02
2.3136730e-02
1.3131440e-02
2.7255860e-03
-8.2622590e-03
-1.9632570e-02
-2.7825140e-02
-2.7093340e-02
-1.9040820e-02
-8.6694840e-03
2.2341700e-03
1.2579890e-02
2.0736500e-02
2.4938870e-02
2.7538160e-02
2.8883020e-02
2.5816670e-02
1.6809500e-02
4.3940670e-03
-8.4433740e-03
-1.7169690e-02
-1.5661390e-02
-7.5856080e-03
2.0531290e-03
9.9079930e-03
1.1864980e-02
8.5397150e-03
4.2585980e-03
3.0485670e-03
5.6066660e-03
4.9921620e-03
-2.7068510e-03
-1.3441860e-02
-2.4518880e-02
-3.5014130e-02
-4.5337060e-02
-5.6426210e-02
-6.8692200e-02
-7.9261340e-02
-8.1562390e-02
-7.1695830e-02
-5.6586200e-02
-4.0927140e-02
-2.5183620e-02
-9.4413490e-03
5.2996630e-03
1.6524210e-02
2.4566310e-02
3.1938970e-02
3.9862950e-02
4.6319270e-02
4.6481840e-02
3.8568600e-02
2.7379960e-02
1.6043560e-02
5.1465590e-03
-5.7930340e-03
-1.7899860e-02
-3.0683820e-02
-3.9680500e-02
-3.7305630e-02
-2.4041420e-02
-6.4486920e-03
1.2451040e-02
3.0024100e-02
4.0843110e-02
4.0302780e-02
3.4528720e-02
2.8066920e-02
2.1393810e-02
1.5113260e-02
1.0278890e-02
8.7254540e-03
8.7193760e-03
8.9917640e-03
9.2807210e-03
9.4754780e-03
9.3393700e-03
8.5173640e-03
7.3436120e-03
6.0997800e-03
4.8240970e-03
3.5955830e-03
2.5065690e-03
1.4969730e-03
-1.8363550e-05
-3.0830500e-03
-7.6532250e-03
-1.2776460e-02
-1.8240220e-02
-2.4573460e-02
-3.0857660e-02
-3.3160860e-02
-2.6290470e-02
-1.4572470e-02
-2.3975330e-03
9.6401170e-03
2.1824850e-02
3.5096590e-02
4.7594980e-02
5.4329650e-02
5.0724070e-02
4.2350850e-02
3.3413490e-02
2.4616030e-02
1.6234410e-02
7.8972050e-03
-7.6445170e-04
-1.0540380e-02
-2.0500140e-02
-2.6260960e-02
-2.1337340e-02
-8.9554150e-03
5.1816850e-03
1.9664600e-02
3.5046920e-02
5.0714960e-02
6.1455080e-02
5.9949000e-02
5.0684910e-02
3.9910500e-02
2.9111350e-02
1.8850550e-02
8.7903830e-03
-6.0732730e-05
-5.4814640e-03
-5.0086970e-03
-1.9422830e-03
1.8361800e-03
6.3266020e-03
1.0411430e-02
9.8250010e-03
6.3325620e-05
-1.4017980e-02
-2.8694450e-02
-4.5143110e-02
-6.2426440e-02
-7.3854780e-02
-6.5606720e-02
-3.7767060e-02
-1.0022210e-03
3.6324090e-02
6.4477500e-02
7.1509340e-02
6.6459790e-02
5.9076920e-02
4.9213520e-02
3.2346270e-02
9.0322380e-03
-1.7347450e-02
-4.2728510e-02
-5.8797560e-02
-5.9332390e-02
-5.2918380e-02
-4.5943800e-02
-3.7796200e-02
-2.6652560e-02
-1.2450580e-02
2.9043920e-03
1.9784470e-02
3.7275160e-02
5.0077640e-02
4.8048560e-02
3.1396930e-02
8.6015980e-03
-1.5295690e-02
-3.6005300e-02
-4.6557300e-02
-4.6075190e-02
-4.1311110e-02
-3.6587620e-02
-3.2541080e-02
-2.8286290e-02
-2.1239810e-02
-1.1349160e-02
-5.5636830e-03
-1.2238300e-02
-2.4058530e-02
-3.1726010e-02
-3.3180460e-02
-3.2029230e-02
-3.2296000e-02
-3.6181550e-02
-4.1967900e-02
-4.7543190e-02
-5.2866930e-02
-5.8639340e-02
-6.5959140e-02
-7.2413820e-02
-7.0642900e-02
-5.3670780e-02
-2.9007090e-02
-4.0478030e-03
1.6876260e-02
2.9921070e-02
3.9910990e-02
4.7830790e-02
4.8993160e-02
4.1431430e-02
3.0194890e-02
1.8343500e-02
5.7037150e-03
-7.1447160e-03
-1.6556500e-02
-1.5939310e-02
-6.8181520e-03
5.0388550e-03
1.7391810e-02
2.9653390e-02
4.0509110e-02
4.7228870e-02
4.9446280e-02
4.7083350e-02
3.9481730e-02
2.9748850e-02
1.9910230e-02
1.0308740e-02
8.3904770e-04
-9.3505130e-03
-2.0432880e-02
-3.0292510e-02
-3.3217230e-02
-2.5647340e-02
-1.3429780e-02
-1.1404870e-03
1.0696620e-02
2.2768250e-02
3.7006870e-02
5.1409170e-02
5.7734750e-02
4.4273120e-02
1.9343290e-02
-8.1135350e-03
-3.3637160e-02
-5.0245090e-02
-5.5270030e-02
-5.1873860e-02
-4.5960840e-02
-3.9702750e-02
-3.3496290e-02
-2.7770650e-02
-2.3753160e-02
-2.1378560e-02
-1.9613930e-02
-1.7963810e-02
-1.6419750e-02
-1.4696520e-02
-1.1920380e-02
-7.0677820e-03
-6.9243520e-04
6.2346020e-03
1.0814780e-02
8.0705110e-03
-2.1276740e-03
-1.5685720e-02
-3.0304550e-02
-4.2693890e-02
-4.6677460e-02
-3.9802600e-02
-2.8481690e-02
-1.6583440e-02
-3.9464290e-03
8.8049420e-03
1.8120050e-02
1.8229070e-02
1.2226680e-02
5.9552790e-03
3.6418740e-03
6.3021800e-03
1.0392470e-02
1.2516970e-02
1.0591090e-02
6.6214010e-03
2.4156480e-03
-8.6721920e-04
-1.6784200e-03
-5.4686980e-04
1.0642650e-03
2.6379980e-03
4.6768140e-03
8.2224800e-03
1.3209780e-02
1.8957490e-02
2.5055200e-02
3.0214620e-02
3.1877530e-02
2.9193470e-02
2.4569670e-02
2.0585590e-02
2.0028270e-02
2.3980060e-02
2.9792590e-02
3.5853810e-02
4.1919760e-02
4.7419470e-02
5.1113290e-02
5.2297760e-02
5.0792590e-02
4.6581880e-02
4.1395350e-02
3.6141410e-02
3.0902430e-02
2.5473870e-02
2.0016200e-02
1.4953340e-02
1.0486240e-02
4.9872750e-03
-5.0127990e-03
-2.0611300e-02
-3.6577630e-02
-4.4940490e-02
-4.0983330e-02
-3.1644680e-02
-2.1936410e-02
-1.2270630e-02
-2.3865370e-03
7.6629470e-03
1.5566450e-02
1.8668760e-02
1.9236430e-02
1.9782810e-02
2.0756030e-02
2.1595460e-02
1.9550970e-02
1.2736450e-02
3.0695330e-03
-6.2505110e-03
-1.1158790e-02
-7.7625110e-03
-5.3718580e-04
7.1546400e-03
1.4677350e-02
2.1889230e-02
2.8941120e-02
3.6219540e-02
4.4506320e-02
5.3463730e-02
5.9015030e-02
5.3609650e-02
3.6644340e-02
1.4517170e-02
-8.7100710e-03
-2.7848440e-02
-3.5043520e-02
-3.0297700e-02
-2.1280910e-02
-1.1865580e-02
-2.7200930e-03
6.3371050e-03
1.5283740e-02
2.4142080e-02
3.3349160e-02
4.3893110e-02
5.4499790e-02
5.9612510e-02
5.1764940e-02
3.6649150e-02
2.0537030e-02
4.7376190e-03
-1.0809700e-02
-2.7650200e-02
-4.5307070e-02
-5.9356820e-02
-6.1628300e-02
-5.2299050e-02
-3.8724730e-02
-2.4508140e-02
-9.5556460e-03
5.1348610e-03
1.5202560e-02
1.4575160e-02
8.5230430e-03
1.5559430e-03
-5.4908040e-03
-1.1077610e-02
-1.3511620e-02
-1.2998110e-02
-1.1580240e-02
-9.9609780e-03
-8.5633750e-03
-7.2337900e-03
-5.7805840e-03
-3.8611120e-03
-1.9524330e-03
-1.5304840e-03
-4.9680640e-03
-1.0981560e-02
-1.7676120e-02
-2.4332860e-02
-3.0756300e-02
-3.7073280e-02
-4.3613920e-02
-5.0954920e-02
-5.8520420e-02
-6.2957030e-02
-5.9284570e-02
-4.9357820e-02
-3.7842580e-02
-2.6255410e-02
-1.4437340e-02
-1.9140130e-03
9.3920940e-03
1.5218730e-02
1.3289660e-02
8.0985120e-03
2.6283160e-03
-2.5972540e-03
-7.7601960e-03
-1.3357690e-02
-1.9288610e-02
-2.4063830e-02
-2.5102800e-02
-2.2127230e-02
-1.7693790e-02
-1.3156230e-02
-8.8713180e-03
-4.6149260e-03
-4.3023490e-05
5.0832000e-03
9.5685210e-03
1.0644150e-02
6.2616460e-03
-3.9840820e-04
-7.3046020e-03
-1.4627580e-02
-2.2572890e-02
-2.9139890e-02
-2.9474350e-02
-2.1083970e-02
-8.7783820e-03
4.6253570e-03
1.8491850e-02
2.9740720e-02
3.2673420e-02
2.6465850e-02
1.6587600e-02
7.7623530e-03
4.0970740e-03
5.5454370e-03
5.6236400e-03
-1.5031650e-03
-1.2394240e-02
-2.3411250e-02
-3.4063130e-02
-4.4885330e-02
-5.7401620e-02
-6.9915430e-02
-7.5824840e-02
-6.6416600e-02
-4.9363360e-02
-3.1430400e-02
-1.3922020e-02
2.8975390e-03
2.0212610e-02
3.8828180e-02
5.8009400e-02
7.2325300e-02
7.3685960e-02
6.4761170e-02
5.2636010e-02
3.9935380e-02
2.8458740e-02
2.0493850e-02
1.7568690e-02
1.6760350e-02
1.6259670e-02
1.5562040e-02
1.4628880e-02
1.3781420e-02
1.3862900e-02
1.5360680e-02
1.6363670e-02
1.4109110e-02
8.8912060e-03
2.6907450e-03
-3.4713940e-03
-9.6283260e-03
-1.6136210e-02
-2.2767250e-02
-2.7866870e-02
-2.9124410e-02
-2.7702850e-02
-2.5586000e-02
-2.3378110e-02
-2.1377550e-02
-1.9540980e-02
-1.7709770e-02
-1.5107190e-02
-1.1020770e-02
-6.3821740e-03
-4.2665630e-03
-8.4374300e-03
-1.6571270e-02
-2.5091540e-02
-3.0455260e-02
-2.7914400e-02
-2.0819330e-02
-1.2180850e-02
-3.4951360e-03
2.2993790e-03
1.2038320e-03
-4.1721290e-03
-9.4792700e-03
-1.1027830e-02
-6.9860940e-03
-4.1508280e-04
6.5279690e-03
1.2408520e-02
1.5230420e-02
1.5013290e-02
1.3680960e-02
1.2256520e-02
1.0844970e-02
9.5009660e-03
8.3430450e-03
7.5811820e-03
6.9993360e-03
6.4750130e-03
5.9447050e-03
5.4008280e-03
4.7719350e-03
4.1453810e-03
3.8107320e-03
4.2705770e-03
5.2531440e-03
6.3700770e-03
7.4531800e-03
8.5310570e-03
9.6793910e-03
1.0938240e-02
1.1957060e-02
1.2080840e-02
1.1061460e-02
9.6014740e-03
8.1044120e-03
6.7143700e-03
5.3384880e-03
3.7104510e-03
1.3998550e-03
-1.3838470e-03
-4.3116850e-03
-7.2998680e-03
-1.0509350e-02
-1.3696890e-02
-1.5899230e-02
-1.5725130e-02
-1.3985660e-02
-1.1424240e-02
-7.3286520e-03
-1.0619150e-03
6.1193850e-03
1.3411790e-02
2.0904960e-02
2.8746540e-02
3.6180750e-02
4.0839570e-02
4.0765500e-02
3.8473930e-02
3.5996110e-02
3.3634420e-02
3.1406510e-02
2.9058210e-02
2.6581590e-02
2.4122640e-02
2.2238960e-02
2.1404790e-02
2.1116080e-02
2.0858360e-02
2.0607570e-02
2.0293380e-02
1.9982390e-02
1.9656090e-02
1.9350090e-02
1.9086870e-02
1.9021630e-02
1.8946020e-02
1.8093160e-02
1.5556220e-02
1.2160030e-02
8.5872400e-03
4.8774390e-03
1.3749550e-03
-1.1727320e-03
-2.0583770e-03
-2.1947760e-03
-2.2352970e-03
-2.3112390e-03
-2.4152890e-03
-2.5062490e-03
-2.5704300e-03
-2.6325530e-03
-2.6891790e-03
-2.7753160e-03
-2.8952660e-03
-2.9644540e-03
-2.8123980e-03
-2.7666670e-03
-3.6749290e-03
-6.5858600e-03
-1.0606040e-02
-1.5108680e-02
-1.9456940e-02
-2.1704920e-02
-1.9824230e-02
-1.5927490e-02
-1.1860630e-02
-7.8333400e-03
-3.8707170e-03
1.7098850e-04
4.1512520e-03
7.8228710e-03
1.0896970e-02
1.3605380e-02
1.5021430e-02
1.3444650e-02
1.0043690e-02
6.2919020e-03
2.5855870e-03
-9.8136560e-04
-4.6804110e-03
-8.6728660e-03
-1.2706380e-02
-1.5377110e-02
-1.4883660e-02
-1.2681730e-02
-1.0285640e-02
-7.8880960e-03
-5.5995560e-03
-3.2217320e-03
-8.7480330e-04
1.4644840e-03
3.7847140e-03
6.3483060e-03
8.9678050e-03
1.0812650e-02
1.0337360e-02
7.9613270e-03
4.8267280e-03
1.6221060e-03
-9.2503780e-04
-1.7620270e-03
-1.2637130e-03
-3.5517870e-04
5.3481290e-04
1.3930720e-03
2.3081920e-03
3.3588340e-03
3.4755610e-03
3.4883630e-03
2.3187720e-03
6.4574530e-04
-1.0874960e-03
-2.7661110e-03
-4.3934220e-03
-6.0238420e-03
-7.7790480e-03
-9.6380010e-03
-1.1161110e-02
-1.1199670e-02
-9.3381200e-03
-6.7086950e-03
-4.0986770e-03
-1.5989010e-03
9.1601470e-04
3.8492300e-03
6.8970710e-03
8.4437600e-03
5.8710210e-03
5.7857600e-05
-6.7421480e-03
-1.3797130e-02
-2.1009530e-02
-2.7495970e-02
-3.0914230e-02
-2.9857860e-02
-2.6910600e-02
-2.3787470e-02
-2.0727090e-02
-1.7622310e-02
-1.4428790e-02
-1.1953930e-02
-1.1304200e-02
-1.1822110e-02
-1.2563870e-02
-1.3263690e-02
-1.3846940e-02
-1.4444830e-02
-1.5062390e-02
-1.5624650e-02
-1.6195440e-02
-1.6887700e-02
-1.7547300e-02
-1.7592520e-02
-1.6111540e-02
-1.3601160e-02
-1.0785960e-02
-7.7564370e-03
-4.6390600e-03
-2.5143570e-03
-3.5399770e-03
-7.6746740e-03
-1.3211550e-02
-1.8710150e-02
-2.1985460e-02
-2.0529330e-02
-1.6703900e-02
-1.2722760e-02
-8.9063730e-03
-5.2181300e-03
-1.2196460e-03
2.6848330e-03
5.1606610e-03
4.4294380e-03
2.1261940e-03
-3.6245930e-04
-2.8446820e-03
-5.3802990e-03
-7.5533920e-03
-7.9875280e-03
-5.9286040e-03
-2.8271110e-03
2.7836750e-04
3.2566150e-03
6.0873500e-03
8.8715080e-03
1.1483090e-02
1.3966000e-02
1.6422260e-02
1.9130230e-02
2.1701840e-02
2.2722820e-02
2.0420170e-02
1.6539070e-02
1.2599870e-02
8.7923540e-03
5.0078580e-03
1.2365080e-03
-1.6123310e-03
-2.1546820e-03
-8.2730150e-04
1.0310240e-03
2.8440400e-03
4.4823340e-03
6.0513000e-03
7.5465090e-03
8.9903340e-03
1.0378770e-02
1.1730680e-02
1.2891960e-02
1.3569750e-02
1.3641170e-02
1.3469280e-02
1.3310430e-02
1.3251460e-02
1.3099110e-02
1.2325010e-02
1.0579750e-02
8.4646310e-03
6.3656210e-03
4.2821310e-03
2.3712930e-03
1.1214790e-03
1.0937780e-03
1.6254950e-03
2.1772870e-03
2.6426970e-03
2.9764490e-03
3.3182390e-03
3.8795420e-03
4.8041150e-03
5.6339220e-03
5.8008830e-03
5.1838190e-03
4.3004000e-03
3.4484650e-03
2.6455860e-03
1.8907780e-03
1.2867230e-03
1.0359390e-03
1.0715130e-03
1.0954170e-03
7.8866780e-04
3.1161300e-05
-8.4201400e-04
-1.6206790e-03
-2.2925940e-03
-2.8777300e-03
-3.3844800e-03
-3.7089370e-03
-3.6984110e-03
-3.4308440e-03
-3.0999830e-03
-2.7964340e-03
-2.5287990e-03
-2.2769960e-03
-2.0459490e-03
-1.8249730e-03
-1.6265740e-03
-1.4935860e-03
-1.4484900e-03
-1.4274070e-03
-1.3991840e-03
-1.3553510e-03
-1.3051820e-03
-1.2593380e-03
-1.2201080e-03
-1.1818120e-03
-1.1423680e-03
-1.0891090e-03
-9.8787950e-04
-7.9828570e-04
-5.8495190e-04
-4.0041300e-04
