0.01
-6.5094350e-03
-1.0218540e-02
-2.5171480e-03
9.5940860e-03
1.3686730e-02
1.0231950e-02
5.5471510e-03
-1.6013230e-03
-1.7267040e-02
-3.3026030e-02
-3.2386360e-02
-2.1602660e-02
-7.6178060e-03
1.5466630e-03
6.8775010e-03
1.7221340e-02
2.5784680e-02
2.5344550e-02
2.3592770e-02
2.4025050e-02
2.0473270e-02
1.2077780e-02
8.9806540e-03
1.2991160e-02
1.4865490e-02
1.1776340e-02
7.7278110e-03
1.8679180e-03
-3.9775050e-03
-6.1792540e-03
-1.3277520e-02
-2.3718340e-02
-2.4875030e-02
-2.2406930e-02
-2.1135470e-02
-1.6469860e-02
-7.9333130e-03
2.1886230e-03
8.8546520e-03
9.8965890e-03
8.0357320e-03
7.6170840e-03
9.6553440e-03
1.3550400e-02
1.7676170e-02
1.8484600e-02
1.6579300e-02
1.5906700e-02
1.3336510e-02
8.3095680e-03
2.9531690e-03
-5.8260540e-04
-5.4233070e-03
-1.3754460e-02
-2.0044060e-02
-2.1182890e-02
-2.0614960e-02
-1.8710640e-02
-1.0653320e-02
4.2421850e-03
2.0838650e-02
3.5632400e-02
4.0323710e-02
3.5264280e-02
2.7243580e-02
1.7815040e-02
8.8870030e-03
1.0550020e-03
-5.4056980e-03
-7.7005200e-03
-8.7550430e-03
-1.2362650e-02
-1.8965370e-02
-1.9985800e-02
-1.6465580e-02
-1.6177080e-02
-1.5317060e-02
-1.3041310e-02
-1.1790060e-02
-8.1063720e-03
1.5782190e-03
1.6317960e-02
2.8434510e-02
2.9666850e-02
2.5413380e-02
2.4007230e-02
2.5296220e-02
2.3585540e-02
1.3686960e-02
-1.3220760e-03
-1.3295720e-02
-2.2487980e-02
-2.9569480e-02
-2.8376670e-02
-2.0137750e-02
-1.5039730e-02
-1.5471680e-02
-1.4837270e-02
-6.8847650e-03
3.5219650e-03
9.2470580e-03
1.2402480e-02
1.3339930e-02
9.1090940e-03
4.4094630e-03
5.3459270e-03
1.2311750e-02
1.8542220e-02
1.9222340e-02
1.5685430e-02
8.8406640e-03
3.1913790e-03
4.1666900e-03
3.6009660e-03
-3.9407860e-03
-1.1058080e-02
-1.6377870e-02
-2.3264260e-02
-2.7649790e-02
-2.6378990e-02
-2.8075300e-02
-4.0602720e-02
-5.1931070e-02
-5.0486630e-02
-3.7692420e-02
-1.3499680e-02
1.2824700e-02
2.9531930e-02
3.7126890e-02
4.1031970e-02
3.9464160e-02
3.2425650e-02
2.2815760e-02
1.5150510e-02
9.4694800e-03
2.2029650e-03
2.6217630e-03
1.2735300e-02
1.8697340e-02
1.7008970e-02
1.3932430e-02
1.2207910e-02
1.5801210e-02
2.4306610e-02
3.0832870e-02
3.2298350e-02
3.2216230e-02
3.3159690e-02
3.5638770e-02
4.0084560e-02
4.2002980e-02
3.9942060e-02
3.6778290e-02
3.4488420e-02
3.1272290e-02
2.4210480e-02
1.3983110e-02
4.1800330e-03
-4.0393950e-03
-1.0223780e-02
-1.3771830e-02
-1.5371820e-02
-1.7361270e-02
-1.9105330e-02
-1.9948260e-02
-2.1425350e-02
-1.9646770e-02
-1.3257800e-02
-9.7190340e-03
-1.2965250e-02
-1.8720260e-02
-2.3761760e-02
-2.6964400e-02
-2.6847220e-02
-2.4898030e-02
-2.6850760e-02
-3.2013830e-02
-3.6853680e-02
-3.9943830e-02
-4.1676510e-02
-4.2251430e-02
-4.2526320e-02
-4.2032360e-02
-3.9712050e-02
-3.6927680e-02
-3.8133010e-02
-4.1059280e-02
-3.8891350e-02
-3.2220460e-02
-2.7016670e-02
-1.9720220e-02
-8.6283390e-03
-2.3817960e-03
-5.9849480e-03
-1.1504890e-02
-1.4392810e-02
-1.7313100e-02
-1.8321380e-02
-1.5856200e-02
-1.5038910e-02
-2.0461060e-02
-2.8535660e-02
-3.4235630e-02
-3.5240520e-02
-3.0673780e-02
-2.0771560e-02
-1.0042020e-02
-2.9750410e-03
2.4528190e-03
7.5878550e-03
1.0141750e-02
1.0476600e-02
9.5531740e-03
5.0859180e-03
-1.0487260e-03
-1.0591990e-03
9.2076010e-03
2.6822160e-02
4.7900150e-02
6.3639000e-02
6.8880730e-02
6.4112970e-02
4.9812630e-02
2.9314050e-02
9.4430290e-03
-6.2195590e-03
-1.5911160e-02
-1.9721980e-02
-1.7980470e-02
-1.2326440e-02
-4.0688710e-03
7.0812420e-03
1.4539540e-02
1.4760150e-02
1.5601600e-02
1.8314420e-02
1.6248090e-02
6.8839670e-03
-7.2491800e-03
-1.8786970e-02
-2.4659850e-02
-2.6273210e-02
-2.7833440e-02
-3.1056510e-02
-3.0420150e-02
-2.3258670e-02
-8.4670990e-03
1.1264240e-02
2.9656260e-02
4.4269030e-02
5.4739800e-02
6.2556610e-02
7.1577190e-02
8.0925510e-02
8.5093490e-02
8.2764820e-02
7.3101380e-02
5.2836930e-02
2.9586980e-02
1.5217140e-02
9.4234420e-03
5.4391870e-03
6.6475090e-03
1.5398940e-02
2.5954670e-02
3.6071680e-02
4.8317890e-02
5.8474350e-02
5.8149980e-02
5.2713860e-02
5.5109260e-02
6.4054270e-02
6.8156210e-02
6.7761510e-02
6.7169850e-02
6.0352340e-02
4.9291350e-02
4.1248610e-02
3.4586360e-02
2.6804330e-02
1.9281470e-02
1.0806340e-02
9.1373530e-04
-7.8926180e-03
-1.4132890e-02
-2.0347030e-02
-2.9657310e-02
-4.0956460e-02
-5.1947290e-02
-6.1241540e-02
-6.7833500e-02
-7.1710480e-02
-7.3175640e-02
-7.4669050e-02
-7.5848860e-02
-7.3118630e-02
-6.3334240e-02
-4.0764510e-02
-1.1007650e-02
8.1349680e-03
1.0753560e-02
5.1661680e-03
-2.8200170e-03
-1.3820770e-02
-2.3151670e-02
-2.6424670e-02
-2.7457300e-02
-3.0463910e-02
-3.4195650e-02
-3.4365450e-02
-3.1223400e-02
-2.3133810e-02
-6.9364070e-03
9.8220710e-03
2.2604720e-02
3.5683980e-02
4.9840740e-02
6.4078850e-02
7.4968000e-02
7.9304750e-02
7.7458950e-02
7.4424190e-02
7.4761980e-02
7.8596380e-02
8.4375060e-02
9.3163430e-02
1.0420080e-01
1.0958800e-01
1.0732180e-01
1.0431080e-01
1.0362790e-01
1.0430740e-01
1.0672690e-01
1.0880240e-01
1.0934290e-01
1.0745270e-01
1.0308150e-01
9.8712690e-02
9.1754620e-02
8.1398310e-02
7.2726900e-02
6.4760850e-02
5.7754600e-02
5.4703650e-02
5.7012990e-02
6.2441240e-02
6.8372860e-02
7.6480040e-02
8.8883930e-02
1.0285440e-01
1.1527980e-01
1.2588000e-01
1.3136840e-01
1.3284530e-01
1.3508840e-01
1.3583280e-01
1.2994660e-01
1.1758860e-01
1.0178780e-01
8.4321480e-02
5.8708430e-02
2.2504240e-02
-1.0050170e-02
-3.4576280e-02
-5.7892200e-02
-8.4249770e-02
-1.1088320e-01
-1.3264040e-01
-1.5058480e-01
-1.6223770e-01
-1.6537340e-01
-1.6489560e-01
-1.6240670e-01
-1.5907860e-01
-1.5755380e-01
-1.5794650e-01
-1.5688020e-01
-1.5741390e-01
-1.5843640e-01
-1.5569740e-01
-1.4859370e-01
-1.3764070e-01
-1.2375170e-01
-1.1121690e-01
-1.0310590e-01
-9.5746180e-02
-8.5989000e-02
-7.9772860e-02
-7.9520260e-02
-7.7637620e-02
-6.7690110e-02
-5.4190820e-02
-3.9835170e-02
-2.9224720e-02
-2.4397700e-02
-2.0144330e-02
-1.4018180e-02
-7.9886690e-03
-6.1266120e-03
-7.4061030e-03
-1.0201720e-02
-1.8410850e-02
-3.2549790e-02
-5.0768150e-02
-7.4184510e-02
-9.7108690e-02
-1.1598320e-01
-1.2846670e-01
-1.3281910e-01
-1.3185760e-01
-1.2776320e-01
-1.2298170e-01
-1.1924500e-01
-1.1349460e-01
-1.0566820e-01
-9.8538460e-02
-9.5733800e-02
-9.6163900e-02
-9.5400970e-02
-9.2265360e-02
-8.5976260e-02
-7.4985400e-02
-6.0613280e-02
-4.5028720e-02
-2.9697370e-02
-1.6085730e-02
-2.0888800e-03
6.1455990e-03
4.2837170e-03
-9.1183050e-03
-3.2841990e-02
-5.6431100e-02
-7.5590440e-02
-9.0924760e-02
-9.8596050e-02
-9.9134470e-02
-9.2660210e-02
-7.2885650e-02
-3.4973040e-02
1.4207470e-02
4.6605630e-02
6.7135040e-02
8.3878480e-02
9.5247070e-02
1.1068560e-01
1.2390560e-01
1.2765080e-01
1.2437480e-01
1.1636790e-01
1.0357960e-01
9.1137560e-02
8.8405210e-02
9.3857230e-02
1.0143430e-01
1.0861830e-01
1.1850770e-01
1.3502170e-01
1.5262740e-01
1.6177120e-01
1.6097900e-01
1.5499320e-01
1.4712640e-01
1.3973430e-01
1.3399670e-01
1.2740320e-01
1.1626100e-01
1.0188580e-01
8.6113830e-02
7.3233250e-02
6.4452230e-02
5.3105760e-02
4.0262090e-02
3.0502650e-02
1.9771510e-02
5.8598960e-03
-3.4418970e-03
-7.4165800e-03
-1.2264220e-02
-1.7364870e-02
-1.8171300e-02
-1.0787750e-02
2.0134780e-03
1.6845850e-02
2.6900440e-02
2.1815150e-02
-1.0696430e-02
-5.6634570e-02
-9.4714030e-02
-1.3067950e-01
-1.5822200e-01
-1.6905350e-01
-1.6416310e-01
-1.4543700e-01
-1.1574330e-01
-8.1675240e-02
-5.6732500e-02
-4.7701200e-02
-4.0846920e-02
-3.1193560e-02
-2.6092940e-02
-2.8034860e-02
-3.7865360e-02
-5.8360900e-02
-7.8398020e-02
-8.8112510e-02
-9.0275650e-02
-8.9129170e-02
-8.3096220e-02
-7.3391800e-02
-6.3810420e-02
-5.8855320e-02
-5.6112930e-02
-5.4037420e-02
-5.6689030e-02
-6.0080720e-02
-5.9297470e-02
-5.2368340e-02
-4.2183890e-02
-3.6254510e-02
-3.7146910e-02
-4.0876470e-02
-4.7595340e-02
-5.6784760e-02
-6.2773060e-02
-6.4678100e-02
-6.1399670e-02
-4.6904660e-02
-1.7988140e-02
1.9742340e-02
5.0315170e-02
7.1774080e-02
8.8503750e-02
1.0060780e-01
1.0804450e-01
1.1384490e-01
1.2026120e-01
1.3042810e-01
1.4456160e-01
1.5979890e-01
1.7513080e-01
1.8828540e-01
1.9477680e-01
1.9008000e-01
1.7887530e-01
1.6562030e-01
1.4800060e-01
1.1329700e-01
7.6234550e-02
5.2427000e-02
4.5427830e-02
5.2497830e-02
6.3894970e-02
7.7202360e-02
8.5628180e-02
8.4110960e-02
7.9051470e-02
6.8847150e-02
5.4918370e-02
4.2739160e-02
2.3839020e-02
-4.8279240e-04
-2.8579060e-02
-4.7210790e-02
-5.4651630e-02
-5.9025670e-02
-6.4957710e-02
-7.3056070e-02
-7.6586860e-02
-6.9605140e-02
-5.5141610e-02
-3.7238970e-02
-2.4383380e-02
-1.8964210e-02
-1.5655730e-02
-1.6618210e-02
-1.9946180e-02
-2.1726940e-02
-2.8378510e-02
-4.4066800e-02
-6.1559100e-02
-7.1804370e-02
-8.2518800e-02
-9.9332330e-02
-1.1006060e-01
-1.1078030e-01
-1.0634280e-01
-9.4001650e-02
-7.0921590e-02
-4.5800920e-02
-2.7992610e-02
-1.4800700e-02
-6.1048280e-03
-2.2766870e-03
8.1567750e-04
1.1621050e-03
-1.5032070e-03
-1.2076570e-03
4.4647490e-03
1.2067510e-02
2.2750560e-02
3.3304030e-02
3.7408240e-02
3.8751130e-02
4.3077800e-02
4.9147960e-02
5.2442060e-02
5.1444820e-02
4.8252050e-02
4.6942480e-02
5.0099040e-02
5.3673970e-02
5.4603390e-02
5.0785630e-02
3.8437680e-02
1.4335410e-02
-1.7085260e-02
-3.8798260e-02
-4.5801090e-02
-4.3196960e-02
-3.3986750e-02
-2.1066840e-02
-9.1133000e-03
3.3464520e-03
1.4413260e-02
2.2593960e-02
2.7785300e-02
2.5843890e-02
1.5726600e-02
-1.9695210e-03
-2.2559560e-02
-4.2357970e-02
-5.4390110e-02
-5.5142220e-02
-4.8459270e-02
-3.8592010e-02
-2.7701730e-02
-1.4781570e-02
5.0288800e-03
2.3603290e-02
3.4479420e-02
4.0730070e-02
4.1416840e-02
3.5662370e-02
2.3311010e-02
9.3092780e-03
-4.1597790e-04
-5.9586670e-03
-8.7313050e-03
-9.3430980e-03
-7.9107150e-03
-4.4494730e-03
1.0876460e-03
4.5991820e-03
4.5096490e-03
2.9383740e-03
2.4347650e-03
8.1500580e-03
2.1659480e-02
3.8247130e-02
5.4768660e-02
6.7229220e-02
7.3899600e-02
7.3716420e-02
6.7861300e-02
5.4832640e-02
3.7623980e-02
2.2412510e-02
1.3496190e-02
1.1350260e-02
1.5510080e-02
2.3009550e-02
3.4896390e-02
4.8906550e-02
5.3935650e-02
5.0143280e-02
4.2940470e-02
3.3725270e-02
2.4315560e-02
1.4008640e-02
-2.0489530e-04
-1.4759680e-02
-2.6017840e-02
-3.3398410e-02
-3.4423640e-02
-2.7449060e-02
-1.5984600e-02
-3.3232200e-03
1.0389210e-02
2.3054430e-02
3.0559620e-02
3.4413200e-02
3.4909360e-02
3.0711020e-02
2.2761750e-02
9.6257430e-03
-6.9124420e-03
-2.1301140e-02
-3.3052030e-02
-4.1206200e-02
-4.3632050e-02
-4.2505700e-02
-4.0382850e-02
-4.0338920e-02
-4.3016990e-02
-4.7387810e-02
-5.4326500e-02
-6.1795110e-02
-6.5437580e-02
-6.4760100e-02
-6.0656210e-02
-5.0803220e-02
-3.5783570e-02
-1.6051210e-02
6.0286750e-03
2.7151190e-02
4.1917180e-02
4.6904470e-02
4.5444090e-02
4.0366220e-02
2.8818160e-02
1.2367490e-02
-6.0288250e-03
-2.3437800e-02
-3.6641830e-02
-4.1791360e-02
-4.1482110e-02
-3.7037820e-02
-3.0173090e-02
-2.3440150e-02
-1.7420700e-02
-1.3430690e-02
-1.2242030e-02
-1.6905900e-02
-2.6037540e-02
-4.0204190e-02
-5.6573470e-02
-6.8810770e-02
-7.2179620e-02
-7.1720710e-02
-7.2704030e-02
-7.3903730e-02
-7.5326310e-02
-7.5210670e-02
-7.2005440e-02
-6.5883470e-02
-5.4660250e-02
-3.8426270e-02
-2.5105760e-02
-2.1137040e-02
-2.3582500e-02
-2.7164210e-02
-3.0501530e-02
-3.4131440e-02
-3.8971410e-02
-4.4873320e-02
-4.8970980e-02
-5.0748200e-02
-5.0309090e-02
-4.8381780e-02
-4.3328250e-02
-3.3722580e-02
-1.8558710e-02
-7.6131790e-04
2.1339790e-02
3.9918990e-02
4.5760320e-02
4.0725920e-02
2.3704120e-02
-5.3429200e-03
-3.9982960e-02
-6.9271400e-02
-8.6720020e-02
-9.3641430e-02
-8.9610530e-02
-7.8639230e-02
-6.4746520e-02
-4.8180620e-02
-2.8846700e-02
-1.5255370e-02
-4.6113730e-03
6.2455210e-04
8.0798320e-04
4.3225540e-03
9.7702800e-03
1.3176900e-02
1.2540000e-02
9.5917910e-03
5.2067610e-03
1.0287080e-03
-3.3054480e-03
-9.8509270e-03
-2.1354810e-02
-3.7348580e-02
-5.1961530e-02
-6.4510800e-02
-7.6265040e-02
-8.3472370e-02
-8.2555430e-02
-7.5842130e-02
-6.2259600e-02
-4.1580590e-02
-2.2991990e-02
-1.0118090e-02
-5.1844250e-03
-6.6609930e-03
-1.1033640e-02
-1.8834690e-02
-2.6834640e-02
-2.8748950e-02
-2.7057270e-02
-2.4491290e-02
-2.1832560e-02
-1.6700770e-02
-9.6943150e-03
-3.7716790e-03
-8.0587980e-04
2.2088010e-03
9.3830890e-03
2.0308490e-02
3.1068940e-02
3.9138320e-02
4.3633050e-02
4.5682490e-02
4.7183270e-02
4.9196830e-02
5.0460780e-02
5.1525500e-02
5.0101090e-02
4.4943350e-02
3.8605130e-02
2.9964830e-02
2.2279380e-02
1.6405890e-02
7.1536150e-03
-5.8431810e-03
-1.5671160e-02
-1.8055600e-02
-1.3545830e-02
-7.4925060e-03
-1.6045490e-03
3.9854600e-03
7.6128320e-03
6.4141210e-03
-5.3745000e-04
-1.4719340e-02
-3.0989640e-02
-4.2321630e-02
-4.8564130e-02
-5.0233700e-02
-4.7791300e-02
-4.2498850e-02
-3.5110390e-02
-2.5807460e-02
-1.6257650e-02
-6.3740050e-03
3.1324830e-03
8.2562480e-03
1.1721460e-02
1.4570950e-02
1.6168410e-02
1.8095490e-02
2.5301340e-02
3.7734300e-02
4.6871600e-02
4.8472230e-02
4.6561620e-02
4.0458340e-02
2.9080770e-02
1.5746280e-02
4.9077040e-03
-1.1791180e-03
-2.4788310e-03
4.9257330e-04
9.6061670e-03
2.4579520e-02
3.7903840e-02
4.9511700e-02
5.9579030e-02
6.6974820e-02
7.2491900e-02
7.3997420e-02
7.2787430e-02
6.9841020e-02
6.3594660e-02
5.4206980e-02
4.2101730e-02
2.8962810e-02
2.4455430e-02
2.6075520e-02
3.0832700e-02
3.6695730e-02
3.8914880e-02
3.6861450e-02
3.0383850e-02
2.0280370e-02
1.0387850e-02
-2.5390700e-03
-1.8053290e-02
-2.9753450e-02
-3.6153240e-02
-3.4843580e-02
-2.4962630e-02
-6.9845140e-03
1.3635890e-02
2.7465850e-02
3.3759500e-02
3.5025280e-02
3.3525430e-02
3.0149680e-02
2.7184210e-02
2.3942790e-02
2.1273610e-02
1.8925320e-02
1.6309700e-02
1.4439320e-02
1.1686950e-02
8.1706990e-03
6.8437150e-03
6.8784840e-03
8.4937110e-03
1.1831620e-02
1.5414220e-02
1.8286310e-02
1.8294030e-02
1.1937900e-02
-2.0078760e-03
-1.9802640e-02
-2.8303040e-02
-3.2048910e-02
-3.6173860e-02
-3.7974720e-02
-3.6701560e-02
-3.3022480e-02
-2.4636360e-02
-1.2097000e-02
-1.2758100e-04
1.1439300e-02
1.6768400e-02
1.6247220e-02
1.6680510e-02
2.1064840e-02
2.6030110e-02
2.9131130e-02
3.0730250e-02
3.0208170e-02
3.0069520e-02
2.9781170e-02
2.7276830e-02
2.4914930e-02
2.4027420e-02
2.3773270e-02
2.6913280e-02
3.4390940e-02
4.3192280e-02
4.8824580e-02
4.9627430e-02
4.7558080e-02
4.0199970e-02
2.8835550e-02
1.7014070e-02
9.7179340e-03
5.3176960e-03
3.4599760e-03
3.9225330e-03
7.4993880e-03
1.2620910e-02
1.7072740e-02
2.0736380e-02
2.0699640e-02
1.6948680e-02
1.2022840e-02
6.4362110e-03
4.5416830e-03
5.9284710e-03
1.0522820e-02
1.4224360e-02
1.4288340e-02
9.4407180e-03
-1.8609070e-03
-1.5453920e-02
-2.6003050e-02
-3.3173060e-02
-3.8730640e-02
-4.0427130e-02
-3.9554500e-02
-3.7797420e-02
-3.3996830e-02
-3.0678590e-02
-2.9664490e-02
-2.8192030e-02
-2.5144330e-02
-2.0933340e-02
-1.6243380e-02
-1.1162030e-02
-7.4282690e-03
-4.5856850e-03
-1.6358390e-03
1.4015890e-03
4.4809940e-03
1.1086450e-02
2.3933320e-02
3.4087430e-02
3.6971680e-02
3.7664750e-02
3.9669210e-02
3.9530700e-02
3.7610980e-02
3.8277010e-02
3.8957690e-02
3.7681150e-02
3.8533410e-02
3.7777990e-02
3.1804700e-02
2.3683390e-02
1.0051710e-02
-2.9599520e-03
-6.9499710e-03
-8.8159100e-03
-1.0639790e-02
-9.9398900e-03
-7.6406970e-03
-6.3717850e-03
-6.2187530e-03
-9.9878540e-03
-1.6397590e-02
-2.4639730e-02
-3.3341150e-02
-4.0258450e-02
-4.8570350e-02
-5.5020210e-02
-5.6506110e-02
-5.4243770e-02
-4.8757550e-02
-4.0581120e-02
-3.1978700e-02
-2.5357820e-02
-2.0296360e-02
-1.5084590e-02
-1.0804340e-02
-7.6648440e-03
-1.4171980e-03
9.4410480e-03
2.2718940e-02
3.6256120e-02
4.8347710e-02
5.7127430e-02
6.2763380e-02
6.6001390e-02
6.5980450e-02
6.1524260e-02
5.4299830e-02
4.4459390e-02
3.3926570e-02
2.3390670e-02
1.2081160e-02
-6.2147930e-04
-9.1973460e-03
-1.1124890e-02
-8.0498800e-03
-3.0049170e-03
8.1623450e-05
1.2155040e-03
1.5880530e-03
6.5845650e-04
-2.7239540e-04
-1.3929880e-03
-2.6442760e-03
-5.3289050e-03
-9.0312790e-03
-1.3622400e-02
-1.8823530e-02
-2.2016610e-02
-2.1795680e-02
-1.9872890e-02
-1.6894390e-02
-1.5685080e-02
-1.5086330e-02
-1.4963850e-02
-1.8654530e-02
-2.4241070e-02
-2.8823990e-02
-3.0732610e-02
-3.2265180e-02
-3.4222730e-02
-3.5787970e-02
-3.5294380e-02
-3.0950080e-02
-2.3780000e-02
-1.8047340e-02
-1.4191380e-02
-9.0375650e-03
-1.5814370e-03
7.5548520e-03
1.4715180e-02
1.8726470e-02
1.9719560e-02
1.7601860e-02
1.4479600e-02
1.1577270e-02
8.8417210e-03
5.9995820e-03
3.4822570e-03
2.6774780e-03
2.2375360e-03
1.5506160e-03
1.4974050e-03
2.9996390e-03
3.6077640e-03
1.5515380e-03
-2.0821080e-03
-4.4924720e-03
-3.9868330e-03
-7.5589940e-04
3.0882220e-03
6.1083090e-03
8.5103970e-03
1.1015950e-02
1.5015880e-02
1.9694840e-02
2.2429270e-02
2.2985460e-02
2.1554520e-02
1.7751520e-02
1.0132260e-02
9.3137460e-04
-8.3017060e-03
-1.7587030e-02
-2.8055430e-02
-3.6715680e-02
-3.9454160e-02
-3.6014250e-02
-2.9258170e-02
-2.3090230e-02
-1.9718570e-02
-1.7495280e-02
-1.3977250e-02
-8.1438970e-03
-3.9634150e-04
7.0206820e-03
1.2897950e-02
1.5216130e-02
1.2729170e-02
7.1544260e-03
-2.3089440e-04
-7.2845420e-03
-1.3477860e-02
-1.8463430e-02
-1.9750760e-02
-1.6565890e-02
-9.9087330e-03
-1.2126390e-03
8.3093470e-03
1.6378140e-02
2.0144330e-02
1.9483860e-02
1.6348590e-02
1.1219370e-02
7.5352380e-03
4.6625270e-03
1.0536910e-03
-5.4794900e-03
-1.4425430e-02
-2.2012710e-02
-2.5113490e-02
-2.4092420e-02
-2.1460510e-02
-1.8251050e-02
-1.3656980e-02
-8.3835030e-03
-3.6567410e-03
-9.1955220e-04
-9.6963300e-04
-9.4194750e-04
-1.2768240e-03
-3.7554800e-03
-7.7562430e-03
-8.6846050e-03
-7.2365030e-03
-4.4319540e-03
1.0084150e-03
7.2957600e-03
1.0261750e-02
8.6437910e-03
4.1225870e-03
-1.3403020e-03
-4.1481880e-03
-1.8865740e-03
5.8749300e-03
1.6529430e-02
2.5455800e-02
3.1377100e-02
3.2333320e-02
2.7968770e-02
1.9748390e-02
9.6510590e-03
1.9223180e-03
-2.1315590e-03
-2.8219170e-03
1.4809060e-03
7.0161010e-03
1.3277630e-02
2.2169260e-02
3.1330900e-02
3.6563490e-02
3.9571000e-02
4.1414400e-02
4.0778040e-02
3.8474460e-02
3.5261040e-02
3.2852050e-02
3.2664700e-02
3.3965770e-02
3.6702330e-02
4.0874430e-02
4.3699200e-02
4.5728010e-02
4.7479800e-02
4.9020700e-02
4.9794150e-02
4.8468210e-02
4.7141140e-02
4.5505330e-02
4.1731270e-02
3.7365940e-02
3.0927540e-02
2.3236300e-02
1.4530470e-02
5.1923060e-03
-1.1655300e-03
-4.5001480e-03
-6.9834460e-03
-7.4786980e-03
-5.4040780e-03
-9.3285460e-04
6.2732580e-03
1.4085920e-02
1.8552200e-02
1.9588900e-02
1.9377240e-02
1.9034050e-02
1.9163700e-02
2.0039110e-02
2.2406480e-02
2.4947160e-02
2.4580250e-02
2.1743560e-02
1.8336010e-02
1.2461280e-02
6.6530870e-03
2.5515610e-03
1.1436360e-03
3.5866520e-03
8.4756880e-03
1.2676800e-02
1.5388290e-02
1.8273380e-02
1.9633710e-02
1.7988510e-02
1.7246000e-02
1.8449610e-02
2.1415640e-02
2.7329480e-02
3.2419450e-02
3.3679610e-02
3.1292020e-02
2.4479020e-02
1.5690940e-02
7.2818410e-03
5.8540300e-05
-5.9567200e-03
-9.2454090e-03
-1.0403000e-02
-9.7950930e-03
-6.5367190e-03
-3.8334100e-03
-3.5159510e-03
-2.8824100e-03
-5.1924640e-03
-9.6909200e-03
-1.2420510e-02
-1.3687130e-02
-1.4206440e-02
-1.3964050e-02
-1.3815180e-02
-1.4950310e-02
-1.8465460e-02
-2.4182850e-02
-2.9752340e-02
-3.5824110e-02
-4.1826580e-02
-4.6029540e-02
-4.7224710e-02
-4.7041850e-02
-4.4728860e-02
-3.9428790e-02
-3.2555770e-02
-2.7510180e-02
-2.7206740e-02
-3.0732020e-02
-3.5750160e-02
-3.9383200e-02
-4.1600300e-02
-4.3905320e-02
-4.5586790e-02
-4.7500570e-02
-4.7706020e-02
-4.7036790e-02
-4.2618780e-02
-3.8370540e-02
-3.4109940e-02
-2.8602380e-02
-2.3938640e-02
-2.0231540e-02
-1.6865370e-02
-1.4400800e-02
-1.4766230e-02
-1.6951380e-02
-1.5885690e-02
-1.3621050e-02
-1.0542280e-02
-7.3352100e-03
-8.0597300e-03
-1.3361040e-02
-2.2184880e-02
-3.0701350e-02
-3.7728890e-02
-3.9891550e-02
-3.8304250e-02
-3.5029480e-02
-3.0323610e-02
-2.5544430e-02
-2.1540440e-02
-2.0093810e-02
-2.2895390e-02
-2.7561630e-02
-3.2343880e-02
-3.6771220e-02
-3.8445190e-02
-3.8085640e-02
-3.5877480e-02
-3.1545140e-02
-2.6218380e-02
-2.1672470e-02
-1.7541280e-02
-1.1633060e-02
-5.0221290e-03
4.9119960e-04
4.6452560e-03
5.2774530e-03
1.7228290e-03
-3.7187490e-03
-1.0020910e-02
-1.6505220e-02
-2.2993750e-02
-2.7468500e-02
-2.9944650e-02
-3.1263900e-02
-2.7767560e-02
-2.0770190e-02
-1.2842790e-02
-4.9592070e-03
2.6737710e-03
9.4753090e-03
1.3413890e-02
1.2524500e-02
9.5697980e-03
6.9564960e-03
5.1453730e-03
3.1863440e-03
-4.3654770e-04
-3.5437090e-03
-6.1175140e-03
-8.7497940e-03
-9.7518860e-03
-1.0890020e-02
-1.3063430e-02
-1.3538770e-02
-1.5571070e-02
-1.7324030e-02
-1.7051970e-02
-1.4627460e-02
-9.0054570e-03
-5.3234340e-05
9.8826490e-03
1.7314260e-02
2.1356690e-02
2.1534170e-02
2.0649430e-02
1.7561160e-02
1.3779520e-02
1.2448390e-02
1.1263620e-02
8.6438630e-03
5.9108810e-03
4.1091320e-03
3.8291470e-03
4.5210370e-03
5.5449340e-03
6.1735890e-03
6.1573930e-03
5.9501870e-03
4.5969590e-03
2.8665380e-03
2.0466560e-03
3.0042740e-03
4.6619700e-03
7.4547700e-03
8.4400340e-03
6.4195910e-03
4.0298440e-03
2.6509390e-03
2.8511860e-03
3.4318810e-03
5.1557240e-03
6.9586820e-03
6.5406150e-03
4.5598140e-03
1.5413000e-03
-4.6721550e-03
-1.4043180e-02
-2.2586050e-02
-2.5706610e-02
-2.3971580e-02
-1.7388120e-02
-8.9110370e-03
4.1904230e-04
7.7650500e-03
1.1669120e-02
1.0551090e-02
7.9253690e-03
6.6032840e-03
6.9556970e-03
9.9842980e-03
1.4533750e-02
1.8348210e-02
2.1833200e-02
2.5327710e-02
2.9512800e-02
3.2305960e-02
3.2476190e-02
3.2816180e-02
3.4659720e-02
3.4474880e-02
3.2456270e-02
2.9662920e-02
2.6772780e-02
2.4298610e-02
2.0717910e-02
1.7280340e-02
1.6131080e-02
1.7869530e-02
2.0007490e-02
2.2564480e-02
2.6831810e-02
3.1695090e-02
3.8705320e-02
4.6034860e-02
5.1217400e-02
5.4623230e-02
5.4100880e-02
5.0729020e-02
4.5990620e-02
3.7441550e-02
2.7186230e-02
1.9338800e-02
1.3584810e-02
8.8002650e-03
4.7769110e-03
2.6511040e-03
2.2432290e-03
1.1622990e-03
1.5446460e-03
3.4239310e-03
4.7486290e-03
5.4896300e-03
4.9856440e-03
5.9260810e-03
5.3610360e-03
2.8310680e-03
9.5401510e-04
5.1553960e-04
-1.2623340e-03
-3.0100890e-03
-3.9613730e-03
-4.1571330e-03
-3.6139640e-03
-3.4992860e-03
-3.8976530e-03
-6.5025860e-03
-1.1880210e-02
-1.5608060e-02
-1.7146510e-02
-1.8327120e-02
-1.9576470e-02
-2.0965190e-02
-2.2252940e-02
-2.3924470e-02
-2.7122360e-02
-3.0185040e-02
-3.1424330e-02
-2.8675060e-02
-2.3294960e-02
-1.8128760e-02
-1.4556960e-02
-1.1970960e-02
-1.0569720e-02
-1.0448290e-02
-1.1113650e-02
-1.2714790e-02
-1.3509610e-02
-1.2007450e-02
-8.9796320e-03
-4.8118000e-03
1.1020330e-03
5.8715440e-03
8.3949610e-03
8.3257490e-03
4.1585190e-03
-4.1465270e-03
-1.4908050e-02
-2.3471000e-02
-2.5549230e-02
-2.6896080e-02
-3.1275850e-02
-3.5031560e-02
-3.8201530e-02
-3.9162830e-02
-3.9239450e-02
-3.9322600e-02
-3.7960950e-02
-3.4926420e-02
-3.1300090e-02
-2.8085770e-02
-2.6673550e-02
-2.6914930e-02
-2.8851140e-02
-3.2258220e-02
-3.4052330e-02
-3.4727340e-02
-3.5275480e-02
-3.4207560e-02
-3.1932910e-02
-2.8808320e-02
-2.5679750e-02
-2.2753330e-02
-1.9438520e-02
-1.4852640e-02
-7.4627230e-03
1.1703410e-03
8.7250570e-03
1.3595500e-02
1.5582570e-02
1.6029380e-02
1.5575690e-02
1.4120270e-02
1.2408660e-02
1.0833670e-02
9.9818370e-03
8.6214820e-03
5.1579170e-03
1.4552390e-03
-2.1324320e-03
-5.3448990e-03
-6.9038260e-03
-6.7007950e-03
-5.5880880e-03
-1.3515620e-03
3.7173210e-03
7.4649760e-03
1.0497070e-02
1.2323260e-02
1.2567340e-02
1.0429760e-02
6.8801840e-03
3.8238660e-03
1.0832150e-03
1.2950100e-03
5.4028230e-03
1.0026090e-02
1.5359270e-02
2.0944500e-02
2.5719750e-02
2.7953610e-02
2.6851200e-02
2.2548580e-02
1.6969530e-02
1.2179200e-02
9.0200070e-03
7.7918620e-03
7.1938740e-03
5.5009760e-03
3.8451330e-03
2.0764290e-03
7.4919330e-04
2.5697450e-04
-1.0691160e-03
-1.7520220e-03
-2.9066150e-03
-6.3569480e-03
-1.1106380e-02
-1.6122840e-02
-2.0387730e-02
-2.3042720e-02
-2.4179260e-02
-2.4139710e-02
-2.3661530e-02
-2.3032990e-02
-2.1553930e-02
-2.0186840e-02
-1.8794380e-02
-1.6598240e-02
-1.5408650e-02
-1.5070110e-02
-1.4376520e-02
-1.6121190e-02
-1.9398820e-02
-2.2917680e-02
-2.7228270e-02
-3.0933080e-02
-3.1695130e-02
-2.8402570e-02
-2.0410880e-02
-9.7358690e-03
1.3890660e-03
8.9229840e-03
1.3478190e-02
1.7123670e-02
2.0030880e-02
2.1554670e-02
2.2539230e-02
2.2667140e-02
2.2000730e-02
2.1182360e-02
1.9694280e-02
1.9076320e-02
1.9318370e-02
1.8383070e-02
1.8090640e-02
1.7000760e-02
1.4262740e-02
1.3999140e-02
1.7098640e-02
2.0539210e-02
2.3110850e-02
2.4951460e-02
2.5895310e-02
2.5308360e-02
2.4930930e-02
2.4263990e-02
2.1966920e-02
1.9341430e-02
1.6260490e-02
1.5350380e-02
1.3786790e-02
1.0855270e-02
8.8913560e-03
7.2506460e-03
5.8277660e-03
6.4185380e-03
8.0189350e-03
9.0173180e-03
9.5103190e-03
9.0186640e-03
7.4399720e-03
6.0969630e-03
4.7308490e-03
4.1044830e-03
4.7426750e-03
5.2317190e-03
5.4341810e-03
4.8037880e-03
4.2505640e-03
3.8585490e-03
3.8775450e-03
3.9383860e-03
4.6003100e-03
6.0699860e-03
6.9322490e-03
7.6440660e-03
7.5744050e-03
5.6384900e-03
2.3850470e-03
1.4884710e-03
1.5923970e-03
1.1538500e-03
-2.9118570e-04
-1.2970560e-03
5.4618490e-04
3.9118330e-03
7.9973900e-03
1.2055600e-02
1.2585040e-02
9.7443460e-03
6.4488340e-03
2.8288570e-03
-9.4184300e-05
-1.3033100e-03
-1.1664290e-03
-1.1627990e-03
-3.0147450e-03
-5.4705880e-03
-8.9938940e-03
-1.3961410e-02
-1.7208450e-02
-1.5142390e-02
-9.1048870e-03
-2.6665080e-03
5.9173560e-03
1.5066060e-02
2.2050400e-02
2.6770420e-02
2.7227210e-02
2.5373670e-02
2.1446790e-02
1.4808190e-02
1.0450520e-02
8.8933670e-03
7.1356120e-03
6.7396140e-03
7.2037660e-03
6.3171490e-03
4.6809790e-03
1.8534700e-03
-1.3029170e-03
-2.8340510e-03
-2.8649390e-03
2.5567380e-04
4.4814570e-03
5.6887900e-03
5.1833140e-03
4.6244740e-03
3.1579960e-03
1.2026630e-03
5.5285420e-04
2.7360040e-03
5.4546920e-03
6.7474230e-03
7.9937920e-03
4.6338720e-03
-1.1465980e-03
-4.6709040e-03
-8.5217370e-03
-1.2888720e-02
-1.5721300e-02
-1.6507330e-02
-1.5709280e-02
-1.2749020e-02
-8.6433640e-03
-4.1701700e-03
8.6403410e-04
5.7118850e-03
8.2504150e-03
9.1258610e-03
1.0483120e-02
1.1364050e-02
1.1317970e-02
1.0970310e-02
1.1174010e-02
1.0556960e-02
1.0090090e-02
9.7615380e-03
8.1502230e-03
5.0887460e-03
9.0171280e-04
-4.4041180e-03
-8.3166190e-03
-9.4219070e-03
-8.5908080e-03
-5.9397750e-03
-2.0555620e-03
1.2569040e-03
4.1326540e-03
5.6369690e-03
5.7058490e-03
3.8660930e-03
-5.9299200e-04
-2.4205590e-03
-1.1161110e-03
9.1270380e-04
4.8834830e-03
9.9536330e-03
1.3884580e-02
1.5761320e-02
1.5902830e-02
1.4890250e-02
1.4983670e-02
1.7231070e-02
1.9961850e-02
2.1238620e-02
1.9993070e-02
1.8172630e-02
1.6193200e-02
1.4519010e-02
1.3561860e-02
1.3926800e-02
1.7309390e-02
2.1554620e-02
2.4833780e-02
2.7038290e-02
2.7783770e-02
2.5950190e-02
2.1706830e-02
1.6709170e-02
1.2129320e-02
7.9123460e-03
2.9936330e-03
-1.1961020e-03
-3.5156970e-03
-3.9899100e-03
-3.4621980e-03
-2.6037490e-03
-1.9861900e-03
-1.4335040e-03
-1.2432290e-03
-8.6084230e-04
-1.1884470e-03
-1.8948460e-03
-3.7136370e-03
-6.6763390e-03
-9.5339460e-03
-1.2397460e-02
-1.3177880e-02
-1.2723980e-02
-1.1679150e-02
-1.1480130e-02
-1.0945540e-02
-8.6754460e-03
-6.7192810e-03
-6.2327780e-03
-6.5528150e-03
-6.6348700e-03
-6.7369780e-03
-6.5802510e-03
-6.7822830e-03
-6.9072240e-03
-7.0542530e-03
-7.9005460e-03
-8.3709800e-03
-8.8810380e-03
-1.1707440e-02
-1.3853410e-02
-1.3423920e-02
-1.2748740e-02
-1.2142100e-02
-1.3162320e-02
-1.6352240e-02
-1.9603670e-02
-2.1357050e-02
-2.1289550e-02
-1.9386570e-02
-1.6134320e-02
-1.2322550e-02
-8.4311030e-03
-4.9574350e-03
-2.5094240e-03
-1.0019550e-03
1.3538860e-05
7.1413640e-04
1.2953800e-03
1.3700170e-03
5.5058550e-04
-6.1903690e-04
-3.0025290e-03
-7.2303940e-03
-1.1396680e-02
-1.4517900e-02
-1.8011810e-02
-2.0915840e-02
-2.1922240e-02
-2.1951650e-02
-2.2276990e-02
-2.2027750e-02
-1.9866870e-02
-1.7521200e-02
-1.6256270e-02
-1.5880290e-02
-1.3513040e-02
-9.0317640e-03
-4.6345540e-03
-1.4174450e-03
-6.0543060e-04
-2.9533950e-03
-7.3851560e-03
-1.2805700e-02
-1.9462090e-02
-2.5475920e-02
-2.8066880e-02
-2.6442960e-02
-2.3058360e-02
-2.0078140e-02
-1.5830600e-02
-1.0517420e-02
-6.7323160e-03
-4.3757160e-03
-3.4993280e-03
-3.4454280e-03
-4.1665610e-03
-3.9570320e-03
-2.7768780e-03
-1.3809360e-03
1.1287150e-03
2.7454690e-03
6.4122080e-03
9.2526820e-03
1.0701740e-02
1.2178010e-02
1.3404500e-02
1.4524090e-02
1.5565280e-02
1.5371420e-02
1.3785850e-02
1.2222580e-02
1.1497210e-02
1.1260290e-02
1.0986810e-02
1.0722200e-02
1.0929220e-02
1.1156760e-02
1.0450930e-02
9.4009910e-03
8.8095150e-03
8.2879160e-03
8.0128700e-03
8.1239920e-03
7.6268660e-03
5.5243090e-03
3.1507250e-03
7.9405670e-04
-2.3976060e-03
-5.6765110e-03
-1.2278640e-02
-1.9505570e-02
-2.5323100e-02
-2.8989170e-02
-3.0359580e-02
-3.1113820e-02
-2.8531130e-02
-2.4320150e-02
-1.9931900e-02
-1.4190950e-02
-7.0395310e-03
-7.8079350e-05
5.2133940e-03
9.5975320e-03
1.2927390e-02
1.4093150e-02
1.3545810e-02
1.2244460e-02
1.0087440e-02
7.2471830e-03
5.3929550e-03
4.2815330e-03
3.6489940e-03
4.8713040e-03
7.3262260e-03
1.0649420e-02
1.4172150e-02
1.5376700e-02
1.3689700e-02
9.5828820e-03
3.8134070e-03
-1.5627060e-03
-5.8429710e-03
-8.1419290e-03
-8.4224280e-03
-8.5760380e-03
-5.8642280e-03
-1.6906040e-03
5.6890750e-05
1.4939140e-03
3.2907100e-03
3.6948060e-03
4.8065620e-03
7.5971990e-03
1.0335020e-02
1.3391160e-02
1.8512140e-02
2.2954360e-02
2.4504040e-02
2.3754250e-02
2.1813450e-02
1.8042400e-02
1.3915250e-02
9.7547990e-03
5.1088200e-03
4.3872930e-03
8.5131370e-03
1.5921310e-02
2.2765160e-02
2.7515500e-02
2.9734860e-02
2.9205590e-02
2.6915160e-02
2.4068160e-02
1.9907390e-02
1.6926900e-02
1.6025860e-02
1.4201560e-02
1.1572130e-02
9.6490910e-03
7.0325410e-03
