0.01
-5.5128070e-03
-6.9467550e-03
-8.1162280e-03
-8.6940630e-03
-8.7130940e-03
-8.5321320e-03
-8.3678850e-03
-8.3312670e-03
-8.2419480e-03
-7.6754390e-03
-6.1291750e-03
-4.0046740e-03
-1.8157860e-03
1.8574320e-04
2.0344070e-03
3.6167710e-03
4.5931220e-03
4.8567300e-03
4.7766400e-03
4.6148340e-03
4.4741680e-03
4.3552030e-03
4.2437590e-03
4.1142780e-03
3.9856630e-03
3.8477370e-03
3.7276540e-03
3.6110800e-03
3.4903640e-03
3.3241220e-03
3.1539140e-03
3.1010870e-03
3.4317060e-03
4.1750130e-03
5.2141980e-03
6.2569600e-03
6.7166200e-03
5.8052030e-03
3.7193580e-03
1.1541030e-03
-1.2218750e-03
-2.7880000e-03
-3.3145390e-03
-3.3459620e-03
-3.2978970e-03
-3.3077300e-03
-3.3351920e-03
-3.2455940e-03
-2.9009390e-03
-2.3984710e-03
-1.8246500e-03
-1.2137920e-03
-6.2126550e-04
-2.3305410e-04
-2.5191980e-04
-5.5707960e-04
-8.7184410e-04
-8.9278360e-04
-2.9134660e-04
6.5455260e-04
1.5625720e-03
2.1690810e-03
2.5664030e-03
2.8994670e-03
3.0815940e-03
2.7295710e-03
1.7011310e-03
1.4487560e-04
-1.2895350e-03
-1.2832630e-03
1.4679250e-03
5.4685030e-03
8.1267290e-03
7.3060100e-03
3.8820660e-03
-7.3550060e-04
-5.2873910e-03
-6.8395390e-03
-5.9188930e-03
-3.4570960e-03
6.6707800e-04
5.5221760e-03
8.6882390e-03
8.8092260e-03
7.2701440e-03
5.2168160e-03
2.9593620e-03
8.2037740e-04
-3.4825910e-04
7.3752330e-04
3.3768290e-03
6.7483660e-03
1.0004840e-02
1.1404440e-02
9.1836630e-03
4.6478140e-03
7.5062010e-04
-1.7780650e-04
1.3829660e-03
3.7750000e-03
5.9829610e-03
7.1767950e-03
7.2811590e-03
6.8575940e-03
6.3996710e-03
5.9257570e-03
5.4727490e-03
5.0214930e-03
4.8162010e-03
5.0152630e-03
5.5178150e-03
6.0537630e-03
6.4359720e-03
6.3587250e-03
5.9189460e-03
5.3007800e-03
4.6731250e-03
4.0200390e-03
3.4032190e-03
2.8730040e-03
2.6028230e-03
2.5167200e-03
2.5307460e-03
2.5374680e-03
2.5525290e-03
2.5431980e-03
2.5545850e-03
2.5528830e-03
2.5713740e-03
2.5673800e-03
2.5722420e-03
2.5566810e-03
2.5784580e-03
2.6201100e-03
2.6722480e-03
2.5381760e-03
2.0427380e-03
1.2077050e-03
2.5690850e-04
-7.4554270e-04
-1.6892450e-03
-2.5285420e-03
-3.1659880e-03
-3.7471570e-03
-4.3437260e-03
-4.9819670e-03
-5.4326530e-03
-5.4059950e-03
-4.7784710e-03
-3.8829810e-03
-2.9150850e-03
-1.9815880e-03
-1.0477000e-03
-1.1991520e-04
8.4386320e-04
1.7915990e-03
2.7342980e-03
3.6510440e-03
4.6425380e-03
5.7464680e-03
6.8665600e-03
7.4295720e-03
6.7418690e-03
4.9254640e-03
2.7459340e-03
8.7521990e-04
-1.5193430e-05
-5.7168970e-05
2.6625030e-04
6.1353100e-04
9.5116330e-04
1.2447840e-03
1.5109290e-03
1.6462710e-03
1.7062370e-03
1.7124330e-03
1.7371930e-03
1.7161220e-03
1.6238320e-03
1.3838470e-03
1.0985780e-03
7.8024770e-04
4.9090980e-04
1.9556250e-04
-7.6927390e-05
-3.9928040e-04
-7.4789560e-04
-1.1058120e-03
-1.2327740e-03
-9.3826830e-04
-2.8295520e-04
4.0904320e-04
1.0785290e-03
1.8265310e-03
3.0405860e-03
4.6939130e-03
5.8689800e-03
5.0397540e-03
1.9865250e-03
-2.2683620e-03
-6.5449670e-03
-9.7823460e-03
-1.0987270e-02
-1.1107930e-02
-1.1018570e-02
-1.1072830e-02
-1.1187300e-02
-1.0955440e-02
-9.8197540e-03
-7.9260350e-03
-5.6546600e-03
-3.3932350e-03
-1.5433620e-03
-5.9477220e-04
-3.3088460e-04
-3.3254290e-04
-3.2745620e-04
-3.3505290e-04
-4.4107060e-04
-7.9769640e-04
-1.3125800e-03
-1.8752770e-03
-2.1092090e-03
-1.6400980e-03
-4.7121640e-04
9.6195070e-04
2.4900390e-03
3.9596160e-03
5.3711420e-03
6.6147100e-03
7.8506950e-03
9.2431610e-03
1.0999560e-02
1.2564710e-02
1.2653130e-02
9.7918350e-03
5.3794120e-03
1.8268440e-03
1.0780660e-03
2.2731060e-03
4.0594050e-03
5.8732550e-03
7.5552150e-03
9.0713900e-03
1.0285280e-02
1.1142580e-02
1.1959050e-02
1.2945000e-02
1.3957820e-02
1.3869500e-02
1.1053500e-02
5.5674530e-03
-1.2678650e-03
-8.7253270e-03
-1.5796040e-02
-2.0669960e-02
-2.1205660e-02
-1.8932690e-02
-1.5796840e-02
-1.2615850e-02
-9.6043690e-03
-6.6371860e-03
-3.7753080e-03
-1.2525020e-03
9.6807950e-04
3.1292310e-03
5.5547480e-03
8.3015780e-03
1.0576070e-02
1.0453940e-02
6.3500570e-03
-2.4133850e-05
-7.0563110e-03
-1.4516840e-02
-2.1927160e-02
-2.7936930e-02
-2.9778540e-02
-2.6691980e-02
-2.1011580e-02
-1.4836900e-02
-9.1978190e-03
-5.1253420e-03
-2.5129520e-03
-6.4422270e-04
1.1408060e-03
2.7406210e-03
4.3938170e-03
6.2407030e-03
8.8373390e-03
1.1271620e-02
1.0833860e-02
3.1695260e-03
-1.0598880e-02
-2.8244230e-02
-4.4724830e-02
-4.9615570e-02
-3.2278160e-02
-3.3598350e-03
1.8958330e-02
1.9317260e-02
-5.7313220e-04
-2.6659640e-02
-4.5680230e-02
-4.6226970e-02
-3.2868780e-02
-1.3980410e-02
4.6568190e-03
1.6725410e-02
1.5903160e-02
5.3123610e-03
-8.0141750e-03
-1.7631650e-02
-1.7347220e-02
-8.4580890e-03
4.7597600e-03
1.8604230e-02
2.7473810e-02
2.3992060e-02
8.2482320e-03
-1.1860180e-02
-2.6135960e-02
-2.4860520e-02
-1.0849490e-02
3.9907700e-03
8.0689920e-03
-2.5838880e-03
-1.9325470e-02
-3.0548260e-02
-2.5949840e-02
-8.1103380e-03
1.5219860e-02
3.5923340e-02
4.2628510e-02
2.8161030e-02
1.9858600e-03
-2.1854410e-02
-3.0221630e-02
-1.7041480e-02
5.0574180e-03
2.1217980e-02
2.0669320e-02
8.2881440e-03
-8.1736300e-03
-2.5080980e-02
-3.8283020e-02
-4.2509390e-02
-3.5113260e-02
-2.1793770e-02
-6.5409440e-03
9.5583150e-03
2.4547160e-02
3.3861660e-02
3.2191140e-02
2.3900510e-02
1.3897320e-02
4.1142790e-03
-4.0026890e-03
-1.0399200e-02
-1.6016710e-02
-2.2123190e-02
-2.9070770e-02
-3.5736630e-02
-3.8110040e-02
-3.1788310e-02
-1.9502750e-02
-6.0171750e-03
4.2640520e-03
5.6381020e-03
-1.3936600e-03
-1.2618540e-02
-2.3215820e-02
-2.8098520e-02
-2.2827630e-02
-1.1624520e-02
1.5390880e-03
1.3583510e-02
2.0306910e-02
1.8195280e-02
1.0950290e-02
2.4889640e-03
-4.5241730e-03
-7.3480800e-03
-5.5418320e-03
-1.6336370e-03
2.4314860e-03
5.8064180e-03
8.4761640e-03
1.0508960e-02
1.1855710e-02
1.2878730e-02
1.4323240e-02
1.5866450e-02
1.5887880e-02
1.1615010e-02
3.4425280e-03
-2.6102820e-03
-7.9918740e-04
6.0917000e-03
1.4565870e-02
2.1509890e-02
2.3461710e-02
1.8619740e-02
8.8275010e-03
-6.4470910e-03
-2.6308980e-02
-4.0275830e-02
-3.4542390e-02
-1.5350410e-02
8.1761270e-03
2.9176990e-02
3.8952620e-02
3.3190520e-02
1.9117250e-02
2.9204070e-03
-1.4205370e-02
-3.0300040e-02
-4.1228340e-02
-4.0498210e-02
-3.0304820e-02
-1.6512460e-02
-1.8409500e-03
1.3895480e-02
3.0678480e-02
4.4163930e-02
4.4976720e-02
2.8024610e-02
3.4024580e-03
-1.3572100e-02
-1.0193880e-02
8.5968850e-03
3.0122320e-02
4.2206470e-02
3.3322280e-02
1.1202320e-02
-1.4893810e-02
-3.6115630e-02
-4.0807470e-02
-2.3355000e-02
6.7662560e-03
4.0286000e-02
6.8365010e-02
7.8633390e-02
6.5407170e-02
3.8785200e-02
7.3832390e-03
-2.2741950e-02
-4.0057560e-02
-3.2322430e-02
-6.1795280e-03
2.5577410e-02
5.1429340e-02
5.5607790e-02
3.3220610e-02
-1.0493920e-02
-6.4207250e-02
-1.0554000e-01
-1.0641770e-01
-6.6501000e-02
-6.2584000e-03
5.3673780e-02
9.2533530e-02
9.1892960e-02
6.9022050e-02
4.1248590e-02
1.4471760e-02
-9.3271450e-03
-2.9974800e-02
-4.2111670e-02
-3.6865110e-02
-1.8303930e-02
5.0836810e-03
2.3490880e-02
2.4229080e-02
3.6413520e-03
-2.5002700e-02
-4.4030010e-02
-3.9585570e-02
-2.0071610e-02
-2.5922300e-03
-1.3115040e-06
-1.2105070e-02
-2.9642950e-02
-4.3838910e-02
-4.5752440e-02
-3.3460010e-02
-1.3554320e-02
9.2098640e-03
3.1493470e-02
4.5683710e-02
4.1927640e-02
2.1849140e-02
-5.3519250e-03
-3.0697280e-02
-4.3375460e-02
-3.6812390e-02
-1.8948820e-02
2.1386370e-03
2.0878580e-02
2.8928700e-02
2.1331820e-02
4.9155650e-03
-1.0109040e-02
-1.4425220e-02
-2.6288840e-03
1.8162290e-02
4.0084720e-02
5.4167550e-02
5.1990680e-02
3.7819830e-02
2.1801200e-02
1.1551030e-02
1.0525570e-02
1.4005240e-02
1.8405590e-02
2.1927720e-02
2.3715020e-02
2.2483540e-02
1.8497750e-02
8.6090700e-03
-1.3675900e-02
-4.6922880e-02
-6.2904950e-02
-4.1099270e-02
3.5780450e-03
4.8749160e-02
7.0784940e-02
5.4161350e-02
1.5484330e-02
-2.1403950e-02
-3.2538750e-02
-3.9469820e-03
3.4652110e-02
5.0168060e-02
4.0465610e-02
1.8133570e-02
-4.4412110e-03
-1.7283700e-02
-1.3034240e-02
2.8501050e-04
1.2701640e-02
1.7727820e-02
1.4515940e-02
7.9777560e-03
1.0273970e-03
-5.7420690e-03
-1.2801330e-02
-1.9693780e-02
-2.4161320e-02
-2.3328710e-02
-1.8831620e-02
-1.3241280e-02
-7.7479560e-03
-2.7594020e-03
2.2942940e-03
8.2136980e-03
1.5194230e-02
2.0712460e-02
1.9323520e-02
6.8634540e-03
-1.1256230e-02
-2.6841860e-02
-3.2869690e-02
-2.9135970e-02
-2.2280900e-02
-1.8475470e-02
-2.1324860e-02
-2.5741370e-02
-2.2725370e-02
-1.0530170e-02
7.4458010e-03
2.7229530e-02
3.9887100e-02
3.3204950e-02
4.7518260e-03
-3.0261160e-02
-5.1162530e-02
-4.0478170e-02
-1.1718960e-02
1.1366700e-02
1.4791390e-02
9.8367760e-03
8.4711500e-03
9.8083050e-03
1.0641540e-02
7.6937390e-03
2.5486090e-03
-3.4949990e-03
-9.6974560e-03
-1.6419470e-02
-2.2599020e-02
-2.5223930e-02
-2.0164660e-02
-9.6471300e-03
3.5721720e-03
1.8251810e-02
3.1271500e-02
3.6085130e-02
2.6784480e-02
1.0601490e-02
-1.9664610e-03
-3.5804280e-03
3.1441680e-03
1.2251730e-02
2.0653210e-02
2.5513790e-02
2.6685260e-02
2.6177470e-02
2.6045510e-02
2.5783680e-02
2.3705220e-02
1.6609510e-02
5.4776460e-03
-8.2819520e-03
-2.1726030e-02
-2.8872960e-02
-2.2842530e-02
-8.3136030e-03
3.8880680e-03
2.5913600e-03
-1.4135710e-02
-3.4227540e-02
-4.1211690e-02
-2.4922160e-02
-3.2538410e-03
2.5669470e-03
-4.2583150e-03
-1.2497840e-02
-1.2136180e-02
-3.1757950e-03
8.7239490e-03
1.6154040e-02
1.2033970e-02
-2.3864390e-03
-1.9649850e-02
-3.1998020e-02
-3.2391830e-02
-2.4124270e-02
-1.2748450e-02
-5.1144650e-04
1.2332090e-02
2.3830230e-02
2.8649340e-02
2.0901200e-02
5.2883530e-03
-1.3250720e-02
-3.0912500e-02
-4.1591580e-02
-3.9380640e-02
-2.8969380e-02
-1.5768960e-02
-2.3809310e-03
6.7340190e-03
6.4850190e-03
-3.1727980e-03
-1.6098220e-02
-2.5950450e-02
-2.7702680e-02
-2.3958320e-02
-2.1376690e-02
-2.3098430e-02
-2.3741880e-02
-1.6889750e-02
-4.3039440e-03
9.8988370e-03
2.0086970e-02
1.9150540e-02
6.9399110e-03
-1.0373890e-02
-2.5367790e-02
-2.9904150e-02
-2.0136300e-02
-2.6503460e-03
1.7434040e-02
3.7825180e-02
5.3835200e-02
5.8285610e-02
4.8228890e-02
3.0155220e-02
9.0743370e-03
-1.0896480e-02
-2.2745360e-02
-1.9259910e-02
-6.0565730e-03
8.5003520e-03
1.8192360e-02
1.8025870e-02
1.2139290e-02
4.2548780e-03
-2.9778690e-03
-5.7794220e-03
-2.7366880e-04
1.0196120e-02
1.9074480e-02
2.0756770e-02
1.5560920e-02
7.4770290e-03
-6.7842020e-04
-6.6441340e-03
-8.9987350e-03
-9.3109960e-03
-9.2531190e-03
-9.1641640e-03
-9.1095410e-03
-8.9536130e-03
-9.1496850e-03
-1.0174950e-02
-1.1687890e-02
-1.1496580e-02
-6.4395560e-03
4.1102350e-03
1.7982750e-02
3.2649810e-02
4.3206640e-02
4.3178870e-02
3.1950830e-02
1.8782390e-02
9.3028080e-03
1.6010030e-03
-7.6869740e-03
-1.9492730e-02
-3.2617020e-02
-4.2663740e-02
-4.3233190e-02
-3.2986430e-02
-1.6988990e-02
8.7971660e-04
1.7288600e-02
2.6932800e-02
2.5107270e-02
1.6500880e-02
5.5551640e-03
-6.4305280e-03
-1.6357960e-02
-1.8987710e-02
-9.8710690e-03
2.7584310e-03
9.8439420e-03
1.0706970e-02
9.3195630e-03
9.1686740e-03
1.0947640e-02
1.3673350e-02
1.6491410e-02
1.8746150e-02
1.9766900e-02
1.9049710e-02
1.6192520e-02
1.0267000e-02
2.4791410e-03
-5.9090580e-03
-1.4765850e-02
-2.4303980e-02
-3.3595660e-02
-3.9336180e-02
-3.7269260e-02
-2.9110620e-02
-1.8872560e-02
-8.5766460e-03
1.3467050e-03
1.1701770e-02
2.3045860e-02
3.4063340e-02
4.0186600e-02
3.6119940e-02
2.4586130e-02
9.9840510e-03
-5.8724900e-03
-2.0081880e-02
-2.7597260e-02
-2.3212230e-02
-1.2180110e-02
6.8700430e-04
1.4116130e-02
2.7045840e-02
3.7401870e-02
4.1431960e-02
3.9133910e-02
3.3844790e-02
2.8024890e-02
2.2877210e-02
1.9311570e-02
1.6976080e-02
1.5047950e-02
1.2113890e-02
6.8421600e-03
1.2616360e-04
-1.7475100e-03
5.9517630e-03
1.9884510e-02
3.4334330e-02
4.2214650e-02
3.6465700e-02
2.1906250e-02
4.7377820e-03
-1.0558300e-02
-1.8762880e-02
-1.7656700e-02
-1.1386530e-02
-3.4332060e-03
4.7144380e-03
9.7048560e-03
7.1772900e-03
-3.4660300e-03
-1.6486040e-02
-2.3899780e-02
-1.7790640e-02
-2.0255340e-03
1.7539680e-02
3.4878720e-02
4.0129460e-02
2.5909220e-02
-1.8333860e-04
-2.7581730e-02
-4.6434550e-02
-4.6660290e-02
-3.3964510e-02
-1.6641790e-02
-7.8867780e-05
1.0989540e-02
1.3126030e-02
1.0520390e-02
7.0420060e-03
3.9703110e-03
2.0974130e-03
1.8676310e-03
5.7352120e-03
1.6666790e-02
3.0311820e-02
3.5277040e-02
2.5554520e-02
6.7590560e-03
-1.5805370e-02
-3.7160570e-02
-4.8578670e-02
-4.1401680e-02
-2.3346890e-02
-1.0255620e-02
-9.2429250e-03
-1.5374640e-02
-2.2548330e-02
-2.8099880e-02
-3.1465290e-02
-3.4007980e-02
-3.5775460e-02
-3.6213760e-02
-3.5379230e-02
-3.3441680e-02
-2.9703920e-02
-2.4566900e-02
-1.8250110e-02
-1.1069500e-02
-4.8701750e-03
-4.0486440e-03
-1.2292620e-02
-2.5794800e-02
-3.8355150e-02
-4.3959600e-02
-3.9234880e-02
-2.8979440e-02
-1.6675370e-02
-3.7161700e-03
6.8965290e-03
9.2460220e-03
-8.9629250e-04
-1.7835050e-02
-3.2774020e-02
-3.6532140e-02
-2.4982930e-02
-4.9747950e-03
1.6154850e-02
3.1040470e-02
3.2213120e-02
2.2351770e-02
8.1075980e-03
-5.7888860e-03
-1.4428430e-02
-1.4163110e-02
-8.6879250e-03
-1.7684350e-03
5.3274230e-03
1.0242040e-02
1.0247010e-02
4.2166390e-03
-5.1148810e-03
-1.5424700e-02
-2.3042630e-02
-2.3324310e-02
-1.4589620e-02
-4.5238590e-04
1.5935990e-02
2.8898860e-02
2.9511220e-02
1.2450580e-02
-1.1484830e-02
-2.7312860e-02
-2.4077800e-02
-8.8110550e-03
1.0318280e-02
3.0204430e-02
4.5461000e-02
4.8693670e-02
3.5983270e-02
1.6246250e-02
7.5757680e-04
-5.5724890e-04
1.0666420e-02
2.5525260e-02
3.3855600e-02
2.6425770e-02
7.0808650e-03
-1.4521650e-02
-2.8437130e-02
-2.5757910e-02
-1.2310260e-02
5.2761430e-03
2.3757190e-02
3.7665810e-02
3.8216900e-02
2.0788770e-02
-6.8793140e-03
-3.5131200e-02
-5.3545070e-02
-5.2505810e-02
-3.9650500e-02
-2.3599450e-02
-6.8683450e-03
1.0055970e-02
2.5998180e-02
3.5837780e-02
3.4127120e-02
2.5477560e-02
1.5294970e-02
5.2978090e-03
-3.8755840e-03
-1.3366480e-02
-2.3753910e-02
-3.4878340e-02
-4.3276970e-02
-4.3242640e-02
-3.2073830e-02
-1.5012880e-02
4.2930090e-03
2.4130240e-02
4.1081420e-02
4.8690660e-02
4.2733570e-02
2.9178010e-02
1.3228380e-02
-2.9726460e-03
-1.5788830e-02
-2.0560650e-02
-1.5711000e-02
-6.3521570e-03
2.7091050e-03
7.3601900e-03
6.3592640e-03
2.7106400e-03
-1.8003480e-04
-3.7815150e-04
2.0865690e-03
5.5873430e-03
9.6240340e-03
1.3507110e-02
1.6123140e-02
1.5196820e-02
1.0466040e-02
3.8242730e-03
-3.1596780e-03
-1.0639190e-02
-1.8396660e-02
-2.5171910e-02
-2.6926950e-02
-2.0859360e-02
-8.6067500e-03
7.6424220e-03
2.4894950e-02
3.2968820e-02
3.4380040e-02
3.3863060e-02
3.3246600e-02
3.3504460e-02
3.4234860e-02
3.4272080e-02
3.1547100e-02
2.4701650e-02
1.5245900e-02
5.8284980e-03
7.7105960e-04
3.5765500e-03
9.8174110e-03
6.9957940e-03
-6.6273030e-03
-1.7028460e-02
-1.1552490e-02
4.7217430e-03
2.4698130e-02
4.3174230e-02
5.4302940e-02
5.4533670e-02
4.8865080e-02
4.2048560e-02
3.5589480e-02
3.0084060e-02
2.4623370e-02
1.7554820e-02
6.9760670e-03
-5.8047210e-03
-1.6058220e-02
-1.7911320e-02
-1.0809660e-02
3.0135770e-04
1.2028650e-02
2.3062260e-02
3.3630950e-02
4.4643310e-02
5.7171230e-02
7.0173920e-02
7.8747170e-02
7.4509280e-02
5.6013110e-02
2.9628470e-02
3.3724130e-03
-1.2687860e-02
-8.6567830e-03
7.4968710e-03
2.7042590e-02
4.3999230e-02
5.0979950e-02
4.4121730e-02
2.9440500e-02
1.2235610e-02
-4.4354870e-03
-1.5177320e-02
-1.3991370e-02
-3.3002880e-03
1.1517110e-02
2.5823010e-02
3.2540000e-02
2.5082740e-02
8.4642100e-03
-1.1032820e-02
-3.1717340e-02
-5.1963560e-02
-6.8247550e-02
-7.3520400e-02
-6.5523550e-02
-4.8278940e-02
-2.1788910e-02
1.3098700e-02
3.9874380e-02
3.7950220e-02
1.7220610e-02
-8.6697070e-03
-3.2967170e-02
-4.8326060e-02
-4.8621540e-02
-3.1940310e-02
-1.5720100e-02
-1.7442860e-02
-3.5222690e-02
-5.7620330e-02
-7.3431760e-02
-7.3014910e-02
-6.1727150e-02
-4.7042030e-02
-3.4822480e-02
-3.0952500e-02
-3.7970220e-02
-5.0871140e-02
-6.4590390e-02
-7.4050090e-02
-7.4121660e-02
-6.5957860e-02
-5.4760580e-02
-4.2580280e-02
-2.9202470e-02
-1.4708170e-02
-3.7314950e-03
-4.7974670e-03
-2.1245800e-02
-3.7769900e-02
-3.6878660e-02
-1.8687420e-02
5.1206480e-03
2.1495220e-02
2.0134300e-02
7.6395380e-03
-6.8979550e-03
-1.6653440e-02
-1.5282050e-02
-4.8962860e-03
9.3618320e-03
2.3571490e-02
3.3482380e-02
3.4961570e-02
3.0106540e-02
2.3670000e-02
1.6977250e-02
7.7154320e-03
-7.9771920e-03
-2.7589880e-02
-4.0934080e-02
-3.5614780e-02
-1.3160190e-02
1.4786150e-02
3.5126750e-02
3.5562170e-02
1.9827400e-02
-3.4399390e-03
-2.6236510e-02
-3.6056450e-02
-2.0279700e-02
1.2759150e-02
4.2959320e-02
5.3400760e-02
4.3117610e-02
2.3262160e-02
7.3501810e-05
-2.1144560e-02
-3.2537340e-02
-2.4360650e-02
-3.8041040e-03
1.7373160e-02
2.5728370e-02
1.0801660e-02
-1.6227390e-02
-3.6564760e-02
-3.3601580e-02
-6.5418910e-03
2.7936480e-02
5.1518690e-02
4.7662520e-02
2.4315920e-02
-6.9474780e-03
-3.6390520e-02
-5.0615050e-02
-3.6103110e-02
-3.4764880e-03
3.5513410e-02
7.2240820e-02
9.2764340e-02
8.4353450e-02
5.8051970e-02
2.4489480e-02
-1.4533420e-02
-5.1915440e-02
-7.4250930e-02
-7.5480510e-02
-6.6200850e-02
-5.3865380e-02
-4.1577070e-02
-3.0895820e-02
-2.5034730e-02
-2.6785980e-02
-3.3195010e-02
-4.1397480e-02
-5.1035730e-02
-5.9045080e-02
-5.9206310e-02
-4.4376250e-02
-1.9809110e-02
7.9868410e-03
3.1079150e-02
3.8527730e-02
2.6258680e-02
7.6629460e-03
-2.0590590e-03
3.0931190e-03
1.6427100e-02
3.1594320e-02
4.7259540e-02
6.2278290e-02
7.2927760e-02
7.1578740e-02
5.5763050e-02
2.5228350e-02
-2.0747780e-02
-6.6861540e-02
-8.7173250e-02
-7.1553130e-02
-3.5730260e-02
9.5289210e-04
2.0260120e-02
8.2237800e-03
-2.0720820e-02
-4.6587120e-02
-5.2082860e-02
-3.2004900e-02
-2.5119310e-03
1.6916440e-02
1.2749080e-02
-7.5485110e-03
-2.9445170e-02
-3.6257010e-02
-1.0951980e-02
3.4574570e-02
7.3648760e-02
8.3637550e-02
6.9616850e-02
4.8052220e-02
2.9783740e-02
2.0621140e-02
1.5960550e-02
9.7004730e-03
-7.6355170e-04
-1.3454210e-02
-2.6493660e-02
-3.9693030e-02
-5.3595800e-02
-6.7570360e-02
-7.7672750e-02
-7.7940990e-02
-6.8492260e-02
-5.4728860e-02
-4.0650390e-02
-2.8825120e-02
-2.0224930e-02
-1.3270540e-02
-6.2262370e-03
1.6073250e-03
9.8510500e-03
1.5658740e-02
1.4831240e-02
6.4518400e-03
-5.3496030e-03
-1.6757600e-02
-2.4843260e-02
-2.9298570e-02
-3.2892720e-02
-3.8295470e-02
-4.4630710e-02
-4.5521360e-02
-3.0898990e-02
-1.1505650e-03
2.5193740e-02
2.7970390e-02
1.0239160e-02
-1.5410220e-02
-3.7880810e-02
-4.7806400e-02
-4.4292130e-02
-3.8003670e-02
-3.9526120e-02
-5.0830040e-02
-6.8011630e-02
-8.6328100e-02
-9.8103860e-02
-9.2708620e-02
-6.7990500e-02
-3.2797150e-02
4.6889330e-03
3.4659680e-02
4.4987460e-02
3.4127820e-02
1.4596840e-02
-1.2581830e-03
-5.0724790e-03
-1.0936080e-04
5.4268240e-03
6.1153350e-03
3.0156050e-03
1.0946180e-03
4.9429380e-03
1.4075040e-02
2.5149330e-02
3.6114520e-02
4.6628010e-02
5.7498170e-02
6.9801100e-02
8.2254530e-02
8.9339680e-02
8.2745230e-02
6.3178280e-02
3.7127300e-02
1.2047780e-02
-2.1736980e-03
2.5649960e-03
1.7051880e-02
2.8616740e-02
2.7833320e-02
1.4856920e-02
-3.9786020e-03
-2.3229690e-02
-3.4873280e-02
-2.9578950e-02
-8.7150130e-03
1.9650100e-02
4.7849940e-02
6.5103610e-02
6.0752490e-02
4.1065870e-02
1.5213100e-02
-1.2638230e-02
-3.5202680e-02
-4.0982360e-02
-2.2238330e-02
1.0235470e-02
4.2058360e-02
5.7735270e-02
4.6361010e-02
1.8692500e-02
-1.2684300e-02
-3.5924620e-02
-3.6404900e-02
-1.2479900e-02
2.1961000e-02
5.1690140e-02
6.5406680e-02
6.3878690e-02
5.8206270e-02
5.5264970e-02
5.5668240e-02
5.6482280e-02
5.3708580e-02
4.3059070e-02
2.6868280e-02
7.8972340e-03
-1.1976750e-02
-2.8790920e-02
-3.5263090e-02
-2.7054770e-02
-1.0356070e-02
8.2123180e-03
2.3453460e-02
2.9011250e-02
2.4182810e-02
1.3816090e-02
2.7651900e-03
-4.4925660e-03
-2.4989980e-03
7.6524230e-03
2.0782630e-02
3.0404260e-02
3.0240860e-02
2.0160000e-02
5.1743550e-03
-1.1943110e-02
-2.7865060e-02
-3.6864090e-02
-3.2549010e-02
-2.0800400e-02
-1.0894640e-02
-9.9220060e-03
-1.6484910e-02
-2.0443320e-02
-1.2592840e-02
3.3960960e-03
1.8453210e-02
2.3221710e-02
1.3053860e-02
-4.7366070e-03
-2.4880180e-02
-4.6585610e-02
-6.7945480e-02
-8.1311860e-02
-7.4009010e-02
-4.4960210e-02
-3.9952160e-03
4.0138620e-02
7.5817680e-02
8.6605940e-02
6.6914260e-02
3.2834770e-02
6.9201800e-04
-1.9715320e-02
-2.1385750e-02
-1.1272270e-02
2.4362900e-03
1.6186990e-02
2.7588900e-02
3.4433560e-02
3.6427900e-02
3.6342290e-02
3.6229090e-02
3.6834050e-02
3.6974750e-02
3.3280410e-02
2.1949260e-02
5.3063330e-03
-1.3964490e-02
-3.4102610e-02
-4.9826310e-02
-5.2577480e-02
-3.8320680e-02
-1.4433360e-02
1.2076860e-02
3.4139620e-02
4.2241630e-02
3.2752330e-02
1.3659970e-02
-6.3159820e-03
-1.9055970e-02
-1.7052100e-02
-5.6679500e-03
6.7021570e-03
1.5270430e-02
2.0646590e-02
2.6354890e-02
3.4529590e-02
4.4408990e-02
5.4511710e-02
6.4259530e-02
7.3728370e-02
8.3860120e-02
9.5230810e-02
1.0623710e-01
1.1123050e-01
1.0316480e-01
8.5127740e-02
6.3141730e-02
4.0555310e-02
2.2193040e-02
1.3902170e-02
1.7100300e-02
2.6052050e-02
3.6549870e-02
4.4831550e-02
4.6499910e-02
3.9212800e-02
2.7375620e-02
1.4010570e-02
-2.3945250e-04
-1.4063270e-02
-2.2950330e-02
-2.0519240e-02
-7.5472930e-03
1.0604790e-02
3.1136840e-02
5.0317140e-02
6.1156260e-02
5.5283560e-02
3.8370250e-02
1.8003580e-02
-2.3570330e-04
-1.0083860e-02
-8.9660040e-03
-2.1109140e-03
6.2785660e-03
1.5292350e-02
2.3297860e-02
2.6856410e-02
2.1611470e-02
1.0825380e-02
-1.9814170e-03
-1.5728120e-02
-2.8948100e-02
-3.8305110e-02
-3.8592260e-02
-3.0453500e-02
-1.7990480e-02
-4.1077380e-03
7.5017670e-03
1.0703350e-02
1.4395650e-03
-1.5429220e-02
-3.3257170e-02
-4.4498350e-02
-4.0615450e-02
-2.4457950e-02
-2.8560110e-03
1.8815770e-02
3.4259840e-02
3.6974970e-02
2.9652630e-02
1.8426710e-02
6.7594530e-03
-2.7752540e-03
-7.9767670e-03
-9.2147890e-03
-9.6632350e-03
-1.2301800e-02
-1.8318760e-02
-3.0029590e-02
-4.8144960e-02
-6.2990200e-02
-6.1300270e-02
-4.5962930e-02
-2.4665430e-02
-2.0390630e-03
1.5533230e-02
1.9921850e-02
7.3804720e-03
-1.4337440e-02
-3.9456250e-02
-6.3692810e-02
-7.9570290e-02
-7.8198290e-02
-6.2754610e-02
-4.1102410e-02
-1.7341960e-02
3.6994540e-03
1.4289440e-02
7.5918280e-03
-9.4176090e-03
-2.8517090e-02
-4.2894080e-02
-4.5293660e-02
-3.7060770e-02
-2.4506570e-02
-1.3651700e-02
-9.7483610e-03
-1.4433200e-02
-2.3095660e-02
-3.2425360e-02
-4.1816100e-02
-5.1588360e-02
-6.1223090e-02
-6.7889110e-02
-6.7794890e-02
-6.2165370e-02
-5.4509260e-02
-4.6605920e-02
-3.8953420e-02
-3.1219800e-02
-2.3351050e-02
-1.6119780e-02
-1.0943490e-02
-8.3035260e-03
-6.9438820e-03
-6.5305900e-03
-7.9243860e-03
-1.0922940e-02
-1.1430330e-02
-6.1092880e-03
2.5523830e-03
1.2016640e-02
2.1231930e-02
3.0064570e-02
3.9179550e-02
4.9086140e-02
5.9159260e-02
6.6529670e-02
6.6938260e-02
6.0184470e-02
5.0203690e-02
3.9642100e-02
2.9336970e-02
1.9242780e-02
9.2741220e-03
-5.2147820e-04
-1.0365360e-02
-2.0934640e-02
-3.2655120e-02
-4.3771890e-02
-4.8878440e-02
-4.2124100e-02
-2.7982020e-02
-1.3782620e-02
-6.3969550e-03
-1.1177360e-02
-2.3010940e-02
-3.7864760e-02
-5.3285280e-02
-6.3420750e-02
-5.8744720e-02
-3.6258400e-02
-4.9719290e-03
2.3555120e-02
3.7780120e-02
3.2674370e-02
1.7060790e-02
-1.8069020e-03
-1.8139220e-02
-2.3918250e-02
-1.3209360e-02
5.4996030e-03
2.1000770e-02
2.5584420e-02
2.0876790e-02
1.2845360e-02
3.7146630e-03
-6.0417610e-03
-1.5036010e-02
-1.7765940e-02
-8.1217410e-03
9.0600290e-03
2.4884780e-02
3.0662800e-02
2.1935590e-02
5.2689910e-03
-1.2420200e-02
-2.3886850e-02
-2.2636230e-02
-1.2473710e-02
-1.8120590e-03
2.6074140e-03
-1.9364310e-03
-1.0675210e-02
-2.0120580e-02
-2.9202400e-02
-3.8427770e-02
-4.7998240e-02
-5.6760060e-02
-6.1573370e-02
-6.0766820e-02
-5.6393030e-02
-5.2053390e-02
-5.1821350e-02
-5.9410920e-02
-7.0123850e-02
-7.6903030e-02
-7.4351070e-02
-6.6226950e-02
-5.6896750e-02
-4.7805650e-02
-3.9251600e-02
-3.0579250e-02
-2.1510400e-02
-1.2346260e-02
-4.5015610e-03
5.7503030e-05
1.2163960e-03
-1.3181700e-03
-6.7994150e-03
-1.3243070e-02
-1.8016900e-02
-1.7575740e-02
-1.1056010e-02
-1.4011890e-03
8.9931450e-03
1.8644300e-02
2.5918400e-02
3.0011770e-02
3.2386870e-02
3.4451210e-02
3.6709690e-02
3.9448790e-02
4.2132660e-02
4.3502770e-02
4.1718840e-02
3.7045270e-02
3.1026610e-02
2.4886980e-02
1.9544030e-02
1.5852070e-02
1.3434420e-02
1.1480430e-02
9.6032290e-03
7.6745590e-03
5.6416220e-03
3.5200970e-03
1.4747670e-03
2.9717950e-05
-2.9204340e-04
5.7643120e-05
4.0732550e-04
4.9028730e-04
5.0241450e-04
1.7637490e-03
6.0148850e-03
1.3326760e-02
2.2442470e-02
3.2747400e-02
4.2313540e-02
4.6915600e-02
4.1721240e-02
3.0190670e-02
1.7042400e-02
4.0939270e-03
-8.7009030e-03
-2.2515440e-02
-3.7189820e-02
-4.8992370e-02
-5.0562700e-02
-3.7912880e-02
-1.7034980e-02
6.5383040e-03
2.8087580e-02
4.0490930e-02
3.8469300e-02
2.8569330e-02
1.7217990e-02
5.8755260e-03
-5.3252890e-03
-1.7324790e-02
-2.8372280e-02
-3.4618610e-02
-3.2183900e-02
-2.4954420e-02
-1.6181840e-02
-6.8869450e-03
2.0310460e-03
7.9838220e-03
7.0558180e-03
-6.1560310e-04
-1.1672770e-02
-2.4156760e-02
-3.5696750e-02
-4.2255050e-02
-3.9392550e-02
-3.1048860e-02
-2.1473980e-02
-1.2130600e-02
-3.4467720e-03
5.2529800e-03
1.4698950e-02
2.5249440e-02
3.5162260e-02
3.9987280e-02
3.5431640e-02
2.6538860e-02
2.1486960e-02
2.1727950e-02
2.5183500e-02
2.9624460e-02
3.1905090e-02
2.7130340e-02
1.2655970e-02
-7.6732420e-03
-2.9123800e-02
-4.6168120e-02
-5.1833260e-02
-4.6037350e-02
-3.5215660e-02
-2.3898590e-02
-1.2949780e-02
-1.6639170e-03
1.1082600e-02
2.3403710e-02
2.9808260e-02
2.3696430e-02
9.7631480e-03
-3.2814290e-03
-8.2459490e-03
-4.5730200e-03
3.0426740e-03
1.0434080e-02
1.3635710e-02
9.9434220e-03
2.1947790e-03
-6.5667850e-03
-1.4186960e-02
-1.7694710e-02
-1.5888420e-02
-1.1063760e-02
-6.0098840e-03
-3.2123530e-03
-5.1114060e-03
-9.9121170e-03
-1.5355100e-02
-1.9286490e-02
-1.9397620e-02
-1.5696080e-02
-1.0391270e-02
-4.8442000e-03
7.2795550e-04
6.5145920e-03
1.2289310e-02
1.6688450e-02
1.7753220e-02
1.5774180e-02
1.2266200e-02
8.3311090e-03
5.6543850e-03
6.6561730e-03
1.2478070e-02
2.0770280e-02
2.9831270e-02
3.9331250e-02
4.8659590e-02
5.5850580e-02
5.7819470e-02
5.4731760e-02
4.9347960e-02
4.3643680e-02
3.8827040e-02
3.5569090e-02
3.3300900e-02
3.1331890e-02
2.9458730e-02
2.7672610e-02
2.5845200e-02
2.3363960e-02
1.9371020e-02
1.4077150e-02
8.3851110e-03
2.8313520e-03
-2.6300890e-03
-8.6468170e-03
-1.5644870e-02
-2.2352790e-02
-2.4761180e-02
-1.8763950e-02
-8.2886930e-03
-3.5042750e-03
-8.0792450e-03
-1.7000630e-02
-2.3675260e-02
-2.3135900e-02
-1.6976770e-02
-9.1581120e-03
-1.3351960e-03
6.2907290e-03
1.4540090e-02
2.3012080e-02
2.9392990e-02
2.9573430e-02
2.3784980e-02
1.5205950e-02
5.7311510e-03
-4.1636550e-03
-1.3137400e-02
-1.8116440e-02
-1.5716290e-02
-8.7536750e-03
-1.4770160e-04
8.0372130e-03
1.2596460e-02
1.0440090e-02
3.8596410e-03
-3.8542160e-03
-1.1444760e-02
-1.8588730e-02
-2.5907270e-02
-3.2949020e-02
-3.7703770e-02
-3.7617880e-02
-3.4303770e-02
-3.0078490e-02
-2.5757110e-02
-2.1328190e-02
-1.6397690e-02
-7.3139570e-03
-5.7296080e-03
-9.9368210e-03
-1.7269280e-02
-2.3224680e-02
-2.3502310e-02
-1.7481160e-02
-8.6484160e-03
5.3452340e-04
9.1477300e-03
1.7386890e-02
2.6160300e-02
3.6134880e-02
4.6158280e-02
5.1626990e-02
4.6313000e-02
3.1405880e-02
1.4310790e-02
2.9198610e-03
2.9846360e-03
9.6672390e-03
1.7708260e-02
2.4454320e-02
2.8074910e-02
2.9041240e-02
2.9361970e-02
3.0971490e-02
3.4462570e-02
3.8825890e-02
4.3272720e-02
4.7860180e-02
5.2662460e-02
5.7208420e-02
5.9679310e-02
5.7971490e-02
5.3574860e-02
4.9469450e-02
4.7875150e-02
4.8864170e-02
5.0768280e-02
5.1961060e-02
5.0687960e-02
4.6668770e-02
4.1337500e-02
3.5711220e-02
3.0030460e-02
2.4773630e-02
2.0654230e-02
1.8511500e-02
1.7455710e-02
1.6643160e-02
1.5773410e-02
1.4810990e-02
1.3844350e-02
1.2984930e-02
1.2274810e-02
1.1720670e-02
1.1204240e-02
1.0738490e-02
1.0366710e-02
1.0070500e-02
9.6102010e-03
8.4474140e-03
6.1193340e-03
3.0923390e-03
8.0675430e-05
-2.0244520e-03
-2.3773120e-03
-1.5553750e-03
-4.6171240e-04
1.7806860e-04
-2.0616360e-04
-1.3121250e-03
-2.6584850e-03
-3.9688680e-03
-5.2005590e-03
-6.3815040e-03
-7.5025180e-03
-8.6428410e-03
-1.0069390e-02
-1.2019860e-02
-1.4301960e-02
-1.6609840e-02
-1.8857340e-02
-2.1098970e-02
-2.3537450e-02
-2.6211840e-02
-2.9171050e-02
-3.2683150e-02
-3.6902790e-02
-4.1298160e-02
-4.5547420e-02
-4.9675820e-02
-5.3786290e-02
-5.7615910e-02
-6.0249000e-02
-6.0434350e-02
-5.8599820e-02
-5.6043020e-02
-5.3442930e-02
-5.0973280e-02
-4.8551580e-02
-4.6077060e-02
-4.3658940e-02
-4.1627380e-02
-4.0320150e-02
-3.9366780e-02
-3.8023580e-02
-3.5815080e-02
-3.3091360e-02
-3.0202560e-02
-2.7424180e-02
-2.5201690e-02
-2.4057900e-02
-2.3882480e-02
-2.4011550e-02
-2.4088690e-02
-2.4038680e-02
-2.3938140e-02
-2.3825850e-02
-2.3557160e-02
-2.2770150e-02
-2.1082900e-02
-1.8896150e-02
-1.6656570e-02
-1.4536090e-02
-1.2593280e-02
-1.0761560e-02
-8.8865360e-03
-6.7329680e-03
-4.3364060e-03
-1.9961960e-03
-1.2372930e-04
9.4639210e-04
1.3944970e-03
1.6258090e-03
1.8348900e-03
2.0710710e-03
2.3536810e-03
2.7630120e-03
3.3774520e-03
4.0912780e-03
4.7797710e-03
5.4003690e-03
5.9463270e-03
6.4417130e-03
6.8944420e-03
7.3100090e-03
7.6608000e-03
7.8948390e-03
7.9543410e-03
7.9095290e-03
7.8378270e-03
7.7667620e-03
7.7204710e-03
7.7496120e-03
7.9209160e-03
8.1961050e-03
8.4667410e-03
8.6771200e-03
8.8177840e-03
8.8984170e-03
8.9335330e-03
8.9335230e-03
8.8965090e-03
8.7989160e-03
8.6071430e-03
8.3313910e-03
8.0358950e-03
7.7590830e-03
7.5072690e-03
7.2758980e-03
7.0634050e-03
6.8801180e-03
6.7363600e-03
6.6163460e-03
6.4953050e-03
6.3629490e-03
6.2183920e-03
