0.01
3.1849790e-03
3.2696900e-03
3.3606600e-03
3.4518960e-03
3.5421960e-03
3.6266150e-03
3.7219500e-03
3.8123600e-03
3.8949440e-03
3.9576550e-03
4.0930640e-03
4.2957960e-03
4.2289240e-03
3.1802710e-03
1.6035590e-03
1.0970640e-04
-7.4544880e-04
-7.6193830e-04
-5.6370690e-04
-3.7930050e-04
-1.8235550e-04
2.5315810e-05
2.3271210e-04
4.4203790e-04
6.8562550e-04
9.0674720e-04
8.2726750e-04
2.6391920e-04
-4.4376720e-04
-1.1366150e-03
-1.8300150e-03
-2.5623330e-03
-3.3509330e-03
-3.9624840e-03
-3.9458050e-03
-3.5620670e-03
-3.1444340e-03
-2.7213590e-03
-2.2978410e-03
-1.8627290e-03
-1.4310980e-03
-9.9855690e-04
-5.6120070e-04
-1.2125740e-04
3.0213230e-04
7.1504160e-04
1.1837450e-03
1.7056060e-03
2.0135100e-03
1.6211130e-03
9.0159830e-04
1.7788580e-04
-5.5114270e-04
-1.2784350e-03
-2.0243220e-03
-2.7763600e-03
-3.5218700e-03
-4.2349440e-03
-4.9305070e-03
-5.7516760e-03
-6.6910690e-03
-7.0908120e-03
-5.8372000e-03
-3.9553140e-03
-2.1515920e-03
-2.6057460e-04
1.6986640e-03
3.4668960e-03
4.3078060e-03
4.5152760e-03
4.5976260e-03
4.6998560e-03
4.7893710e-03
4.8666360e-03
4.9304530e-03
5.0084900e-03
5.0845390e-03
5.1739690e-03
5.2586460e-03
5.3143250e-03
5.3330920e-03
5.4802430e-03
5.7916060e-03
5.5920510e-03
3.4326580e-03
-8.8241310e-05
-3.8933310e-03
-6.9558390e-03
-7.5151850e-03
-6.9239850e-03
-6.3120000e-03
-5.6639550e-03
-5.0081880e-03
-4.3206390e-03
-3.6854280e-03
-2.9830290e-03
-1.9808450e-03
-7.7986980e-04
1.1091640e-04
8.6570080e-06
-5.7957830e-04
-1.1407690e-03
-1.7149860e-03
-2.3444540e-03
-3.0731790e-03
-3.4872610e-03
-3.0013890e-03
-2.1465880e-03
-1.3510640e-03
-5.0725380e-04
3.3415230e-04
1.1732040e-03
1.7206890e-03
1.9946910e-03
2.1524970e-03
2.3827620e-03
2.6724070e-03
2.8273140e-03
2.1138170e-03
5.2566990e-04
-1.4637360e-03
-3.5414970e-03
-5.0278140e-03
-4.5902510e-03
-3.4605660e-03
-2.3953790e-03
-1.2871760e-03
-8.4210930e-05
1.0875530e-03
1.5838030e-03
1.0414730e-03
1.7188900e-04
-6.7756450e-04
-1.5430540e-03
-2.4171050e-03
-3.2783900e-03
-4.1024290e-03
-5.0085770e-03
-6.0947420e-03
-6.8473130e-03
-5.9679610e-03
-3.3742340e-03
-3.0139310e-04
2.9516670e-03
6.0709250e-03
7.7925960e-03
7.3137420e-03
6.1013920e-03
4.8378840e-03
3.4781730e-03
2.0777810e-03
6.4999750e-04
-7.2535890e-04
-2.0716520e-03
-3.5510470e-03
-5.2357750e-03
-6.3547930e-03
-5.2948530e-03
-2.6555060e-03
1.9539340e-04
3.0098240e-03
5.8696300e-03
8.9998110e-03
1.1960310e-02
1.3384540e-02
1.2379220e-02
1.0676720e-02
8.9369060e-03
6.8329320e-03
4.5007560e-03
2.0179280e-03
-5.9486010e-04
-2.9598710e-03
-4.0297200e-03
-3.7480310e-03
-3.1253010e-03
-2.5262410e-03
-1.9147340e-03
-1.2870720e-03
-6.4104260e-04
1.4800900e-05
6.6488580e-04
1.2664240e-03
1.8315550e-03
2.5470940e-03
3.4913680e-03
3.8189890e-03
1.6399000e-03
-2.4929150e-03
-7.1174680e-03
-1.1262670e-02
-1.3312700e-02
-1.3566660e-02
-1.3429640e-02
-1.3222730e-02
-1.2988990e-02
-1.2801280e-02
-1.2712220e-02
-1.2711450e-02
-1.2712530e-02
-1.2675930e-02
-1.2525720e-02
-1.2608320e-02
-1.3627020e-02
-1.5498650e-02
-1.7494670e-02
-1.9416970e-02
-2.1311780e-02
-2.3556370e-02
-2.5781210e-02
-2.6358450e-02
-2.3727850e-02
-2.0048860e-02
-1.6519650e-02
-1.2904370e-02
-9.1502280e-03
-5.1789480e-03
-1.9228930e-03
-9.7840440e-04
-1.1582790e-03
-1.2762290e-03
-1.4744280e-03
-2.0998990e-03
-3.5604590e-03
-5.4592270e-03
-6.1482440e-03
-2.1838610e-03
5.0194910e-03
1.3045600e-02
2.1685680e-02
2.9393910e-02
3.1640850e-02
2.7867630e-02
2.3146800e-02
2.0701860e-02
2.0511140e-02
2.0835190e-02
2.1093120e-02
2.1442180e-02
2.1882030e-02
2.1990040e-02
2.0912590e-02
1.9364110e-02
1.7805400e-02
1.6267240e-02
1.4763280e-02
1.3241810e-02
1.1715000e-02
1.0089460e-02
8.3072450e-03
7.0501610e-03
7.7947240e-03
9.9413190e-03
1.2344240e-02
1.5050710e-02
1.7879310e-02
1.9025710e-02
1.5886370e-02
1.1179830e-02
6.6089930e-03
1.9370190e-03
-2.7518640e-03
-7.4492730e-03
-1.1867520e-02
-1.6652210e-02
-2.3190180e-02
-3.1178740e-02
-3.7964290e-02
-3.8755750e-02
-3.3145430e-02
-2.6001080e-02
-1.8784760e-02
-1.1584360e-02
-4.3762920e-03
2.7382240e-03
1.0324470e-02
1.8467530e-02
2.4912760e-02
2.4836670e-02
2.0284290e-02
1.4982060e-02
9.6435340e-03
3.7291490e-03
-1.9552270e-03
-4.0770620e-03
-4.3102380e-04
4.9846990e-03
1.0151910e-02
1.5283350e-02
2.0989110e-02
2.7260820e-02
3.1329370e-02
2.8432380e-02
2.2833880e-02
1.7486000e-02
1.2004290e-02
6.6634770e-03
1.1942960e-03
-4.4667800e-03
-1.0579410e-02
-1.5476450e-02
-1.5918330e-02
-1.2933940e-02
-9.4464210e-03
-6.1095010e-03
-3.3501150e-03
-6.1491590e-04
1.9916920e-03
3.9078300e-03
5.5956140e-03
1.1145080e-02
2.3991410e-02
3.6523890e-02
3.7826380e-02
2.9673580e-02
1.9398530e-02
9.5371040e-03
-3.1600270e-04
-1.0833600e-02
-2.2445140e-02
-3.1803790e-02
-3.1521570e-02
-2.2418290e-02
-1.1628210e-02
-1.0553410e-03
9.3145170e-03
2.0860400e-02
3.3388740e-02
4.2196530e-02
3.7976740e-02
2.7400250e-02
1.7161080e-02
9.2187770e-03
3.4458780e-03
-2.0576330e-03
-7.8271550e-03
-1.4093290e-02
-1.9181040e-02
-1.9287200e-02
-1.4982710e-02
-9.7150760e-03
-4.4722150e-03
6.7324660e-04
5.8309110e-03
1.1262840e-02
1.7179260e-02
2.2039190e-02
2.2415730e-02
1.8789260e-02
1.4329550e-02
9.9776660e-03
5.6250570e-03
8.4968040e-04
-4.2783700e-03
-7.8799610e-03
-6.7719360e-03
-3.7491040e-03
-9.2465100e-04
1.9291780e-03
4.6574430e-03
7.9049710e-03
1.1371950e-02
1.3676970e-02
1.1590510e-02
7.3448040e-03
3.7727200e-03
5.6359280e-05
-9.8566830e-03
-2.8733120e-02
-4.4690060e-02
-4.2129320e-02
-3.0642350e-02
-1.8828640e-02
-7.0490640e-03
4.5121700e-03
1.6334570e-02
2.8997570e-02
4.2643210e-02
5.2424410e-02
4.9945120e-02
4.1322270e-02
3.2622460e-02
2.3938270e-02
1.5735230e-02
7.2603870e-03
-1.0888370e-03
-9.5891220e-03
-1.7893650e-02
-2.6133340e-02
-3.4209960e-02
-4.3077350e-02
-5.2551400e-02
-5.9099100e-02
-5.5681390e-02
-4.7582980e-02
-3.9145840e-02
-2.9679880e-02
-2.0776080e-02
-1.7982910e-02
-2.5472640e-02
-3.6201160e-02
-4.6568580e-02
-5.6899270e-02
-6.8040250e-02
-8.0090600e-02
-8.8944030e-02
-8.7195900e-02
-8.0056230e-02
-7.2877940e-02
-6.5511150e-02
-5.8239070e-02
-5.0697130e-02
-4.3193660e-02
-3.5438880e-02
-2.8095480e-02
-2.2042260e-02
-1.7678820e-02
-1.3184150e-02
-9.0925470e-03
-9.3505490e-03
-1.6627480e-02
-2.5841970e-02
-3.4761750e-02
-4.4517000e-02
-5.5340470e-02
-6.3328830e-02
-5.9809790e-02
-4.7723740e-02
-3.3476610e-02
-1.8543640e-02
-6.5818580e-03
-4.2109300e-03
-6.7726690e-03
-9.3962690e-03
-1.2272220e-02
-1.5071850e-02
-1.8234390e-02
-2.0990860e-02
-2.3666320e-02
-2.6968890e-02
-3.3043830e-02
-4.0660750e-02
-4.8577430e-02
-5.7173270e-02
-6.7199070e-02
-7.4125020e-02
-6.7642900e-02
-4.8728140e-02
-2.7412950e-02
-6.1895920e-03
1.4778100e-02
3.6993320e-02
6.0198050e-02
7.9803690e-02
8.5791600e-02
8.3731770e-02
8.0523890e-02
7.7034000e-02
7.3861580e-02
7.3149830e-02
7.4458440e-02
7.4126590e-02
6.6010730e-02
5.3749530e-02
4.4194740e-02
4.4359620e-02
4.9389670e-02
5.4436990e-02
5.9608940e-02
6.4789420e-02
7.0042000e-02
7.5314670e-02
8.1314190e-02
8.8280360e-02
9.5286050e-02
1.0201970e-01
1.0938110e-01
1.1841390e-01
1.2578890e-01
1.2368330e-01
1.0919790e-01
9.1756920e-02
7.4882690e-02
5.7482850e-02
3.8859910e-02
2.0651420e-02
1.0102450e-02
1.1849600e-02
1.7353270e-02
2.2101370e-02
2.7454240e-02
3.5415970e-02
4.5297980e-02
4.9075740e-02
4.3698410e-02
3.5703810e-02
2.8064280e-02
2.0411210e-02
1.2201670e-02
3.2372360e-03
-3.3987570e-03
-2.7704660e-03
1.4458270e-03
5.5379610e-03
1.0259370e-02
1.5705020e-02
1.9711840e-02
1.5879910e-02
5.2334480e-03
-6.8278290e-03
-1.8596960e-02
-3.1386820e-02
-4.6870690e-02
-6.3659690e-02
-8.0730170e-02
-9.9048490e-02
-1.1632300e-01
-1.2487290e-01
-1.1918350e-01
-1.0882600e-01
-9.8500880e-02
-8.7945080e-02
-7.7398290e-02
-6.6763850e-02
-5.6041680e-02
-4.4677770e-02
-3.4022880e-02
-2.8202580e-02
-2.8898130e-02
-3.1818190e-02
-3.5177950e-02
-3.7469800e-02
-3.4260270e-02
-2.5850590e-02
-1.5714860e-02
-5.8798900e-03
2.9634160e-04
3.6039090e-04
-1.7555110e-03
-3.4505460e-03
-3.3703590e-03
-7.3872810e-04
2.5423610e-03
5.9035450e-03
9.1779700e-03
1.2155310e-02
1.5296320e-02
2.1390620e-02
3.2209710e-02
4.4739900e-02
5.7058060e-02
6.9149470e-02
8.0992410e-02
9.4122930e-02
1.0851520e-01
1.1853060e-01
1.1195450e-01
9.7453570e-02
8.2884960e-02
6.8082880e-02
5.3258470e-02
3.8215460e-02
2.3549380e-02
8.5710050e-03
-7.4392600e-03
-2.2965110e-02
-3.0821900e-02
-2.6605560e-02
-1.8458050e-02
-1.0807780e-02
-2.3319320e-03
6.7150590e-03
1.3628930e-02
1.2328900e-02
7.0392240e-03
1.3518530e-03
-4.4746820e-03
-9.7342480e-03
-1.2976280e-02
-1.5125990e-02
-1.7139580e-02
-1.9229020e-02
-2.1624310e-02
-2.3259190e-02
-2.1710410e-02
-1.7775050e-02
-1.3161440e-02
-8.1613710e-03
-4.2592840e-03
-4.5356460e-03
-7.9593990e-03
-1.1897860e-02
-1.6236780e-02
-2.0800110e-02
-2.3557250e-02
-2.1250300e-02
-1.7112450e-02
-1.3212970e-02
-9.2460360e-03
-5.0799230e-03
-6.0529540e-04
2.9713170e-03
3.8796840e-03
3.5476760e-03
3.2141260e-03
2.9222910e-03
3.2902900e-03
3.1759830e-03
-1.1091970e-03
-1.2426670e-02
-2.6185440e-02
-4.0762480e-02
-5.4948290e-02
-6.2668060e-02
-5.9842580e-02
-5.3424500e-02
-4.7307380e-02
-4.1071070e-02
-3.4901900e-02
-2.8159390e-02
-2.1155820e-02
-1.5779740e-02
-1.6083290e-02
-1.9156420e-02
-2.2789300e-02
-2.6789200e-02
-2.9482890e-02
-2.7461830e-02
-2.2342000e-02
-1.6887530e-02
-1.1318610e-02
-5.7912420e-03
-2.7937690e-04
5.1315450e-03
1.1035390e-02
1.7436450e-02
2.1953580e-02
1.9575250e-02
1.2939290e-02
5.7472530e-03
-2.0348330e-03
-9.8094480e-03
-1.4589770e-02
-1.2734770e-02
-8.6401480e-03
-4.7656620e-03
-8.3645780e-04
3.3760790e-03
7.8315460e-03
1.0976190e-02
1.0812170e-02
9.6334370e-03
8.8482310e-03
6.9721460e-03
2.1283120e-03
-4.0430440e-03
-1.0057380e-02
-1.6271890e-02
-2.2563350e-02
-2.8653170e-02
-3.2885630e-02
-3.5502290e-02
-3.7728910e-02
-4.0230280e-02
-4.2477050e-02
-4.3395310e-02
-4.2386070e-02
-4.1049850e-02
-3.9830000e-02
-3.7730310e-02
-3.2887920e-02
-2.7067080e-02
-2.1322870e-02
-1.5589200e-02
-9.9433390e-03
-4.2900800e-03
1.6770230e-03
7.8687820e-03
1.2974700e-02
1.4473100e-02
1.4511800e-02
1.4607030e-02
1.4630400e-02
1.4635840e-02
1.4688080e-02
1.4897990e-02
1.4636340e-02
1.2687720e-02
9.6751470e-03
6.6727870e-03
3.5112610e-03
-2.4472720e-04
-3.4569480e-03
-2.1891390e-03
5.2605020e-03
1.4472770e-02
2.3455100e-02
3.2765690e-02
4.2764540e-02
5.1811540e-02
5.4841830e-02
5.1151900e-02
4.5656710e-02
4.0354260e-02
3.4820190e-02
2.8990840e-02
2.3518520e-02
2.0158970e-02
1.8698660e-02
1.7732570e-02
1.6737960e-02
1.5718170e-02
1.4714550e-02
1.3677660e-02
1.2684500e-02
1.1711490e-02
1.0726720e-02
9.7221250e-03
8.7491030e-03
7.9520280e-03
7.2960790e-03
6.6146970e-03
5.7353420e-03
5.2169620e-03
6.3221820e-03
9.2308700e-03
1.2669340e-02
1.6817180e-02
2.1065370e-02
2.1497570e-02
1.3812690e-02
3.1086730e-03
-7.2057740e-03
-1.7426940e-02
-2.7827640e-02
-3.9534390e-02
-5.0215360e-02
-5.3195050e-02
-4.5342480e-02
-3.4486870e-02
-2.4021040e-02
-1.3166170e-02
-1.2362370e-03
9.4590580e-03
1.2191060e-02
5.6249570e-03
-3.3744030e-03
-1.2057470e-02
-2.0830790e-02
-3.0528620e-02
-4.0408130e-02
-4.5667600e-02
-4.0881660e-02
-3.2580300e-02
-2.4555780e-02
-1.6087390e-02
-7.7735070e-03
-7.8188580e-04
3.2856840e-03
6.3852150e-03
9.4329440e-03
1.2915140e-02
1.6724550e-02
1.8933970e-02
1.6160700e-02
1.0894630e-02
5.4908850e-03
-6.0845990e-04
-7.1423530e-03
-1.0802510e-02
-6.2788340e-03
1.3266370e-03
8.6319410e-03
1.6123560e-02
2.3584400e-02
3.1105640e-02
3.8363380e-02
4.6334340e-02
5.4770030e-02
6.1024000e-02
5.9241680e-02
5.3189410e-02
4.6771950e-02
4.0131410e-02
3.3790950e-02
2.9130430e-02
2.6583040e-02
2.4567940e-02
2.2499190e-02
2.0563630e-02
1.8769880e-02
1.6772070e-02
1.4431810e-02
1.2852820e-02
1.4421620e-02
1.8604920e-02
2.3225610e-02
2.7773270e-02
3.2348380e-02
3.7429450e-02
4.2519050e-02
4.5512030e-02
4.3908080e-02
4.0679910e-02
3.7619940e-02
3.4489500e-02
3.1280410e-02
2.8034500e-02
2.4782730e-02
2.1510770e-02
1.8417310e-02
1.5508420e-02
1.1895500e-02
5.8744650e-03
-1.4817020e-03
-8.9247790e-03
-1.6305650e-02
-2.3639190e-02
-3.1377600e-02
-3.9246550e-02
-4.5284460e-02
-4.7116370e-02
-4.7475470e-02
-4.8044350e-02
-4.8588670e-02
-4.8949600e-02
-4.8961250e-02
-5.0200920e-02
-5.4125190e-02
-5.7214300e-02
-5.5079440e-02
-5.1113650e-02
-4.7190550e-02
-4.2955900e-02
-3.9336390e-02
-3.8255230e-02
-3.9374070e-02
-4.0979310e-02
-4.2589620e-02
-4.4085570e-02
-4.5911850e-02
-4.7900840e-02
-4.8905420e-02
-4.6444550e-02
-4.2465110e-02
-3.8461270e-02
-3.4403990e-02
-3.0398820e-02
-2.6316870e-02
-2.2305670e-02
-1.8180040e-02
-1.3730930e-02
-8.9904390e-03
-4.2095540e-03
4.9481310e-04
5.0748880e-03
9.8060230e-03
1.5120960e-02
1.9974920e-02
2.0502550e-02
1.4639040e-02
6.7526150e-03
-8.7430890e-04
-8.4382420e-03
-1.6208870e-02
-2.4853420e-02
-3.2794880e-02
-3.5472560e-02
-3.0185520e-02
-2.2538540e-02
-1.5108920e-02
-7.6624740e-03
-8.2500670e-05
7.9334110e-03
1.5641490e-02
2.1334280e-02
2.3984450e-02
2.5766240e-02
2.7928540e-02
2.9765100e-02
2.9177790e-02
2.5687950e-02
2.1466900e-02
1.7406720e-02
1.3047850e-02
8.2371080e-03
4.5706120e-03
5.3233080e-03
9.1115520e-03
1.3345660e-02
1.7562510e-02
2.1682200e-02
2.6016830e-02
3.0357200e-02
3.4603550e-02
3.8765540e-02
4.3230540e-02
4.8035670e-02
5.1901990e-02
5.1363400e-02
4.7208520e-02
4.2248060e-02
3.7657970e-02
3.3279820e-02
2.7344420e-02
1.6905920e-02
4.9205420e-03
-7.4349960e-03
-2.0822360e-02
-3.1953600e-02
-3.3846380e-02
-2.7827480e-02
-2.0328610e-02
-1.2921830e-02
-5.4837710e-03
2.5951200e-03
1.0358630e-02
1.5121410e-02
1.5271140e-02
1.4110330e-02
1.3028030e-02
1.1886810e-02
1.0713990e-02
9.4864590e-03
8.2286380e-03
7.0578750e-03
6.0741760e-03
5.2016290e-03
4.3141790e-03
3.4410460e-03
2.5363060e-03
1.6523110e-03
7.8435570e-04
-6.0399650e-06
-1.0057160e-03
-2.6583610e-03
-4.8354390e-03
-7.1957560e-03
-9.2468860e-03
-9.5106710e-03
-8.0464080e-03
-6.0864980e-03
-4.1527870e-03
-2.1904000e-03
-4.1268290e-04
1.5116830e-03
4.5157000e-03
9.6277210e-03
1.5551150e-02
2.2239530e-02
2.8754250e-02
3.0680760e-02
2.4108190e-02
1.4744250e-02
5.7806310e-03
-3.4859720e-03
-1.3590950e-02
-2.3219590e-02
-2.6821150e-02
-2.1377470e-02
-1.3104790e-02
-5.1431270e-03
3.2194950e-03
1.1821940e-02
1.9579260e-02
2.3838680e-02
2.6066480e-02
2.6628360e-02
2.2335210e-02
1.3875090e-02
4.6823680e-03
-4.6123920e-03
-1.4640010e-02
-2.4589810e-02
-3.0132820e-02
-2.7562610e-02
-2.2293810e-02
-1.7392210e-02
-1.1952470e-02
-6.0626880e-03
-1.4204980e-03
-2.6652280e-03
-7.8288290e-03
-1.3705800e-02
-1.9469420e-02
-2.5448110e-02
-3.1401200e-02
-3.7193690e-02
-4.2997690e-02
-4.9728350e-02
-5.6194970e-02
-5.7617200e-02
-4.9074540e-02
-3.7228960e-02
-2.5546210e-02
-1.3746750e-02
-2.1539020e-03
9.3720040e-03
2.1679930e-02
3.5030570e-02
4.5283160e-02
4.3705820e-02
3.3781030e-02
2.2428300e-02
1.1127120e-02
5.4395150e-05
-1.1031120e-02
-2.3201960e-02
-3.6523890e-02
-4.5587800e-02
-3.9885350e-02
-2.5649270e-02
-1.0841020e-02
4.4249940e-03
2.0615490e-02
3.5976600e-02
4.3258650e-02
4.0540160e-02
3.4796020e-02
2.9428250e-02
2.3897400e-02
1.8206080e-02
1.1823470e-02
5.4155710e-03
-1.5780480e-03
-8.9479920e-03
-1.4140430e-02
-1.2347290e-02
-8.0406810e-03
-4.1207830e-03
2.7651250e-04
6.2730490e-03
1.4059390e-02
2.2460200e-02
3.1825260e-02
4.0528190e-02
4.2729240e-02
3.4727970e-02
2.3535550e-02
1.2678020e-02
2.0950250e-03
-7.7477240e-03
-1.5715510e-02
-1.7115390e-02
-1.2717770e-02
-7.1264750e-03
-1.5436100e-03
4.0444540e-03
9.8834440e-03
1.5639150e-02
2.1161070e-02
2.6454330e-02
3.3004890e-02
4.0512080e-02
4.3171920e-02
3.0413430e-02
1.1674000e-02
-6.6980380e-03
-2.5206990e-02
-4.3266930e-02
-6.1417730e-02
-8.0722480e-02
-1.0195210e-01
-1.1802040e-01
-1.1356980e-01
-9.5112310e-02
-7.4614990e-02
-5.3735140e-02
-3.2947950e-02
-1.1546710e-02
9.4939030e-03
3.0388050e-02
5.1717970e-02
7.4780930e-02
9.5001310e-02
1.0147350e-01
9.3050440e-02
8.1107900e-02
6.9381190e-02
5.7051120e-02
4.2224350e-02
2.5976920e-02
9.0671270e-03
-7.6787100e-03
-2.2038670e-02
-3.1554600e-02
-3.9437740e-02
-4.7156480e-02
-5.4822140e-02
-6.3520210e-02
-7.2683880e-02
-7.6140300e-02
-6.5687070e-02
-5.0052990e-02
-3.4998600e-02
-1.9634290e-02
-4.4412270e-03
1.1324110e-02
2.6727780e-02
4.2011630e-02
5.7033300e-02
7.3682300e-02
9.0737890e-02
1.0098420e-01
9.3622050e-02
7.9837630e-02
6.6334250e-02
5.3307360e-02
4.2583060e-02
3.3280390e-02
2.4369360e-02
1.5551410e-02
6.7413140e-03
-2.0656910e-03
-1.0950950e-02
-1.9727880e-02
-2.8115600e-02
-3.5704530e-02
-4.3393050e-02
-5.1613400e-02
-5.8710780e-02
-6.0426800e-02
-5.7478260e-02
-5.3504360e-02
-4.9706310e-02
-4.5820310e-02
-4.1780430e-02
-3.7625590e-02
-3.3734670e-02
-2.9994240e-02
-2.5768790e-02
-2.0610090e-02
-1.7741740e-02
-2.3556310e-02
-3.5939840e-02
-4.9267830e-02
-6.2763270e-02
-7.6087340e-02
-8.9666750e-02
-1.0338570e-01
-1.1756730e-01
-1.3093140e-01
-1.3977580e-01
-1.3959640e-01
-1.3308270e-01
-1.1379880e-01
-8.4353710e-02
-5.2849460e-02
-2.1541390e-02
9.3346870e-03
4.0743290e-02
7.4564280e-02
1.0712880e-01
1.2452200e-01
1.1588760e-01
9.9211250e-02
8.3386970e-02
6.7349810e-02
5.1530300e-02
3.4525800e-02
1.6471900e-02
1.0546010e-03
-2.1624260e-03
5.4403680e-03
1.5483680e-02
2.5419330e-02
3.5442850e-02
4.5495840e-02
5.5549440e-02
6.6064350e-02
7.7014250e-02
8.6132150e-02
8.9225070e-02
8.9652120e-02
9.0121010e-02
8.9064850e-02
8.4231520e-02
7.7809410e-02
7.1131130e-02
6.4101380e-02
5.9133100e-02
5.8816100e-02
5.8409320e-02
5.0781920e-02
3.8171020e-02
2.4737750e-02
1.1432970e-02
-2.5939270e-03
-1.6939460e-02
-2.8366130e-02
-3.2365230e-02
-3.4235250e-02
-3.6294990e-02
-3.4790950e-02
-2.6462610e-02
-1.5554360e-02
-4.8531640e-03
6.0856040e-03
1.6666870e-02
2.7218720e-02
3.8272070e-02
5.0997210e-02
6.1086150e-02
5.7810610e-02
3.9459190e-02
1.7428700e-02
-4.2540340e-03
-2.5796470e-02
-4.8715910e-02
-7.2682330e-02
-9.2554100e-02
-9.8400150e-02
-9.7557390e-02
-9.6434370e-02
-9.5331730e-02
-9.3931380e-02
-9.1074990e-02
-8.6906730e-02
-8.2883500e-02
-7.9462880e-02
-7.4154360e-02
-6.1984300e-02
-4.5571010e-02
-2.8611130e-02
-1.1650760e-02
5.4772620e-03
2.2613530e-02
3.9390160e-02
5.5948600e-02
7.4089850e-02
9.3466530e-02
1.0641200e-01
9.9136770e-02
8.3346290e-02
6.7888400e-02
5.2289380e-02
3.7033280e-02
2.0609950e-02
3.2315250e-03
-1.1709130e-02
-1.4864730e-02
-7.3820840e-03
2.6264720e-03
1.2459500e-02
2.2498370e-02
3.2662090e-02
4.2682360e-02
5.2469570e-02
6.3257880e-02
7.5057930e-02
8.3113900e-02
7.7385760e-02
6.2918860e-02
4.7449950e-02
3.1769130e-02
1.6225660e-02
5.7373010e-04
-1.4863840e-02
-3.1372770e-02
-4.8693970e-02
-6.2116130e-02
-6.1997730e-02
-5.5005030e-02
-4.7530320e-02
-4.0007670e-02
-3.2488500e-02
-2.4649320e-02
-1.6784410e-02
-9.3086420e-03
-2.5103810e-03
4.0028430e-03
1.0372650e-02
1.6598750e-02
2.3681060e-02
3.1438670e-02
3.5832340e-02
2.9387380e-02
1.8453390e-02
7.5748750e-03
-3.7388210e-03
-1.4548380e-02
-2.2872530e-02
-2.7893780e-02
-3.1825750e-02
-3.2430860e-02
-2.5971530e-02
-1.6930630e-02
-7.2807860e-03
2.4341610e-03
8.1120980e-03
5.6085150e-03
5.7074890e-04
-4.2155780e-03
-1.1584050e-02
-2.4112720e-02
-3.8861360e-02
-5.4271880e-02
-6.9774930e-02
-8.0283760e-02
-8.0925100e-02
-7.8946600e-02
-7.8042010e-02
-7.2172570e-02
-5.3817110e-02
-3.0275280e-02
-7.6256120e-03
1.4886100e-02
3.7528590e-02
6.3073830e-02
8.7339420e-02
9.6136270e-02
7.7702760e-02
5.0574900e-02
2.4242650e-02
-1.8485630e-03
-2.8777580e-02
-5.8211840e-02
-8.5440920e-02
-9.6323520e-02
-8.4687880e-02
-6.6658780e-02
-4.8939890e-02
-2.9141250e-02
-9.7417500e-03
-1.4917970e-03
-1.4443140e-02
-3.5577030e-02
-5.3895640e-02
-5.9315300e-02
-4.9697730e-02
-3.6374740e-02
-2.3103430e-02
-9.7194450e-03
3.6736540e-03
1.7001110e-02
3.1065820e-02
4.6164480e-02
5.8373800e-02
5.9017910e-02
5.0575910e-02
4.0634600e-02
3.0623360e-02
1.9871270e-02
9.0896480e-03
2.5997210e-03
3.9143260e-03
8.2467560e-03
1.1411910e-02
1.0516810e-02
5.4870260e-03
-1.7244330e-04
-5.7756370e-03
-1.1648900e-02
-1.8395610e-02
-2.3925540e-02
-2.3065900e-02
-1.4768730e-02
-4.5657320e-03
6.1576810e-03
1.7219400e-02
2.5979290e-02
2.7725880e-02
2.6780570e-02
2.6086040e-02
2.5269480e-02
2.4445450e-02
2.3615470e-02
2.3084310e-02
2.2106400e-02
1.8513140e-02
1.1934150e-02
4.6645250e-03
-2.4735560e-03
-9.8166400e-03
-1.7777910e-02
-2.5245460e-02
-2.8201580e-02
-2.4870740e-02
-1.9648950e-02
-1.4616350e-02
-9.3280660e-03
-3.8668240e-03
1.1107740e-03
4.0367250e-03
5.8919410e-03
7.6440860e-03
9.3810850e-03
1.1104820e-02
1.2899840e-02
1.4630780e-02
1.5882740e-02
1.6519310e-02
1.7018040e-02
1.7475280e-02
1.7893780e-02
1.8286490e-02
1.8659700e-02
1.8870020e-02
1.9043360e-02
2.0166560e-02
2.3262490e-02
2.7288040e-02
2.7449510e-02
1.7393240e-02
3.6825560e-03
-9.4161440e-03
-2.3961670e-02
-3.9523210e-02
-5.0330200e-02
-4.4498100e-02
-3.1279830e-02
-1.7802050e-02
-4.8959230e-03
4.9695110e-03
1.2784880e-02
2.0607000e-02
2.9033240e-02
3.5461940e-02
3.4858920e-02
2.9430100e-02
2.3511010e-02
1.7565080e-02
1.1763720e-02
5.3720730e-03
-1.4985200e-03
-6.7588870e-03
-5.7975630e-03
-7.4997160e-04
4.9373150e-03
1.0681590e-02
1.6276980e-02
2.1820340e-02
2.7642740e-02
3.5082060e-02
4.3585200e-02
4.9280440e-02
4.5675380e-02
3.6886080e-02
2.7787940e-02
1.8536350e-02
9.3142600e-03
-1.8163860e-04
-9.5178130e-03
-1.8842660e-02
-2.8065560e-02
-3.7805290e-02
-4.7531520e-02
-5.5262930e-02
-5.8546490e-02
-6.0711370e-02
-6.3032930e-02
-6.3302050e-02
-5.8968230e-02
-5.2966040e-02
-4.7055990e-02
-4.1146490e-02
-3.5212430e-02
-2.9155430e-02
-2.3216460e-02
-1.7345740e-02
-1.1224580e-02
-4.8022170e-03
7.6190150e-04
2.7236870e-03
1.7023540e-03
-3.0623980e-05
-1.8635780e-03
-3.1178560e-03
-2.6046290e-03
-9.4949700e-04
1.9555900e-03
8.2722900e-03
1.6137020e-02
2.3922820e-02
3.1659470e-02
3.9515280e-02
4.7958330e-02
5.5905560e-02
6.0384300e-02
5.9626960e-02
5.7296000e-02
5.5027250e-02
5.2708130e-02
5.0427240e-02
4.8059400e-02
4.5623080e-02
4.3071830e-02
4.1006370e-02
4.0353800e-02
4.0284130e-02
4.0061230e-02
3.9717410e-02
3.9349360e-02
3.9827410e-02
4.1707940e-02
4.2977370e-02
4.0292980e-02
3.4412500e-02
2.7898870e-02
2.1398140e-02
1.4749670e-02
8.1006000e-03
1.9441970e-03
-4.1381520e-03
-1.3100390e-02
-2.7013140e-02
-3.9770030e-02
-4.2569720e-02
-3.8755690e-02
-3.4153970e-02
-2.9623370e-02
-2.4536970e-02
-1.8595940e-02
-1.4977790e-02
-1.9979190e-02
-3.0900100e-02
-4.2761620e-02
-5.5928720e-02
-6.8719910e-02
-7.4276410e-02
-6.5955870e-02
-5.2981700e-02
-4.0410750e-02
-2.7773120e-02
-1.5276870e-02
-2.0883180e-03
1.2071210e-02
2.4364660e-02
2.7005910e-02
1.9938880e-02
1.0533030e-02
1.3683780e-03
-7.9215640e-03
-1.7727560e-02
-2.7708010e-02
-3.5960840e-02
-4.0265930e-02
-4.3328270e-02
-4.3797060e-02
-3.5660370e-02
-2.4339290e-02
-1.3312070e-02
-2.3602710e-03
8.6434050e-03
2.0669830e-02
3.2490370e-02
3.9140670e-02
3.5864840e-02
2.9219410e-02
2.2947400e-02
1.6718490e-02
1.0366440e-02
3.1574110e-03
-3.8287010e-03
-6.7622130e-03
-2.1438780e-03
4.8307500e-03
1.1666180e-02
1.9326630e-02
2.6817170e-02
3.0001480e-02
2.4614610e-02
1.6380770e-02
8.3982810e-03
4.1797940e-04
-7.7540210e-03
-1.6579780e-02
-2.4775460e-02
-2.9092740e-02
-2.8610670e-02
-2.6712120e-02
-2.5357270e-02
-2.4420100e-02
-2.1329170e-02
-1.1934040e-02
-2.4033670e-04
1.0866700e-02
2.1921320e-02
3.4267610e-02
4.8160070e-02
5.6227910e-02
4.6315470e-02
2.8003840e-02
9.8417010e-03
-1.0044300e-02
-3.0081260e-02
-4.3839560e-02
-4.0968960e-02
-3.2318290e-02
-2.3993110e-02
-1.5811290e-02
-7.0874740e-03
2.5163870e-03
1.0514120e-02
1.1067180e-02
5.1605700e-03
-2.9387540e-03
-1.0587400e-02
-1.3167810e-02
-6.6906520e-03
2.9795590e-03
8.7705640e-03
2.9727390e-03
-7.1982920e-03
-1.6926900e-02
-2.6846430e-02
-3.6437190e-02
-4.6187700e-02
-5.6866800e-02
-6.8310890e-02
-7.5821570e-02
-7.1394660e-02
-6.2295180e-02
-5.3681330e-02
-4.4826700e-02
-3.6214460e-02
-2.7230310e-02
-1.8188170e-02
-8.7920340e-03
-4.2084170e-04
5.0207760e-03
8.3580820e-03
1.0956390e-02
1.0883680e-02
8.2370210e-03
4.7665190e-03
1.4140120e-03
-2.0778210e-03
-5.4837470e-03
-8.9227990e-03
-1.2239600e-02
-1.6004150e-02
-2.0034990e-02
-2.2560310e-02
-1.9602990e-02
-1.3852810e-02
-7.4722470e-03
-1.7295870e-03
-4.4624710e-04
-4.8352090e-03
-1.1429600e-02
-1.8412430e-02
-2.3428130e-02
-2.1365280e-02
-1.5240110e-02
-8.6846430e-03
-2.0215420e-03
4.6915680e-03
1.1537710e-02
1.8162800e-02
2.4745850e-02
3.1845510e-02
3.9624910e-02
4.5079030e-02
4.2300010e-02
3.4431290e-02
2.6185310e-02
1.7958160e-02
9.9569610e-03
1.0945630e-03
-8.3081910e-03
-1.5330300e-02
-1.3999090e-02
-8.7998870e-03
-3.5617360e-03
1.6320650e-03
7.0546760e-03
1.3089300e-02
1.8331800e-02
1.9436570e-02
1.6170700e-02
1.1822670e-02
7.5325780e-03
3.1808520e-03
-1.1972360e-03
-5.5666880e-03
-9.9095110e-03
-1.4584010e-02
-1.9491360e-02
-2.2924440e-02
-2.1925650e-02
-1.9256070e-02
-1.6743210e-02
-1.3920150e-02
-1.1077100e-02
-9.1670560e-03
-8.7286840e-03
-6.0727400e-03
-8.6540980e-04
4.8294890e-03
1.0519320e-02
1.6173890e-02
2.1916070e-02
2.7617310e-02
3.3342520e-02
3.8995290e-02
4.4766870e-02
5.0930350e-02
5.6321660e-02
5.8270730e-02
5.7220020e-02
5.5509690e-02
5.3817570e-02
5.2122200e-02
5.0284360e-02
4.8589120e-02
4.7457290e-02
4.6553220e-02
4.5688540e-02
4.4802970e-02
4.3909760e-02
4.3160620e-02
4.2277540e-02
4.0511070e-02
3.7514220e-02
3.4139210e-02
3.0823510e-02
2.7496290e-02
2.4112340e-02
2.0759940e-02
1.7452610e-02
1.4077040e-02
1.0632740e-02
7.1197080e-03
4.0219070e-03
1.2928370e-03
-2.9075680e-03
-1.1766460e-02
-2.1629660e-02
-2.6966280e-02
-2.6596600e-02
-2.4537640e-02
-2.2751790e-02
-2.0840520e-02
-1.8958160e-02
-1.6926750e-02
-1.4918960e-02
-1.2909380e-02
-1.1002100e-02
-8.8426940e-03
-6.6650120e-03
-5.2609170e-03
-5.9045670e-03
-7.2189440e-03
-8.6418860e-03
-1.0289060e-02
-1.1396090e-02
-1.0225890e-02
-7.3796070e-03
-4.2301840e-03
-1.1011640e-03
1.9789220e-03
5.0481170e-03
8.3745270e-03
1.1934630e-02
1.4531960e-02
1.3847270e-02
1.1484320e-02
9.0770440e-03
6.6466430e-03
4.2432010e-03
1.8050670e-03
-6.7532950e-04
-3.3367600e-03
-5.7932700e-03
-6.8834270e-03
-6.1516370e-03
-4.8907060e-03
-3.6680420e-03
-2.4159450e-03
-1.1495130e-03
1.5138160e-04
1.4019660e-03
2.6357010e-03
3.9539970e-03
5.4645170e-03
6.5403900e-03
5.8987980e-03
3.7046910e-03
1.2260170e-03
-1.5245710e-03
-4.5280680e-03
-6.5122340e-03
-4.8975220e-03
-1.4950860e-03
1.9926880e-03
5.5207470e-03
9.0837580e-03
1.2671250e-02
1.6099150e-02
1.9672970e-02
2.3696910e-02
2.7272790e-02
2.7558210e-02
2.3351640e-02
1.7796360e-02
1.2356270e-02
6.9213510e-03
1.2536810e-03
-4.5701770e-03
-9.4083820e-03
-1.1737810e-02
-1.3128170e-02
-1.4562870e-02
-1.5938910e-02
-1.7303830e-02
-1.8838220e-02
-2.0830730e-02
-2.2957150e-02
-2.5086900e-02
-2.7234940e-02
-2.9390420e-02
-3.1533020e-02
-3.3616430e-02
-3.5962580e-02
-3.8467690e-02
-3.9654410e-02
-3.7296970e-02
-3.3687100e-02
-3.0227230e-02
-2.6671920e-02
-2.3250630e-02
-1.9718100e-02
-1.5900830e-02
-1.2013660e-02
-9.4381740e-03
-1.0185590e-02
-1.2230840e-02
-1.4132140e-02
-1.6190100e-02
-1.8307270e-02
-2.0291850e-02
-2.1194800e-02
-2.1580460e-02
-2.1944630e-02
-2.2393160e-02
-2.2609450e-02
-2.2713760e-02
-2.3559510e-02
-2.6445490e-02
-3.0053910e-02
-3.3499490e-02
-3.6875950e-02
-4.0582810e-02
-4.4746940e-02
-4.7847120e-02
-4.6572710e-02
-4.1224060e-02
-3.4996080e-02
-2.8755220e-02
-2.2446260e-02
-1.6036970e-02
-9.6891440e-03
-4.7239940e-03
1.8319220e-03
8.4585150e-03
1.5011550e-02
2.1435170e-02
2.7755330e-02
3.4602440e-02
4.1860930e-02
4.6870010e-02
4.4828690e-02
3.9949040e-02
3.5168510e-02
3.0321580e-02
2.5496310e-02
2.0506540e-02
1.5357560e-02
1.0440700e-02
7.3814450e-03
6.7387010e-03
6.8529990e-03
6.8796710e-03
6.9594480e-03
7.0267040e-03
7.1447940e-03
7.2278970e-03
7.3104430e-03
7.3918960e-03
7.5090800e-03
7.5374770e-03
7.2343720e-03
6.6242810e-03
5.9118570e-03
5.1635550e-03
4.4287770e-03
3.9568390e-03
3.4870230e-03
1.6385040e-03
-3.1334460e-03
-8.8404560e-03
-1.4416570e-02
-1.9938220e-02
-2.5225530e-02
-3.0341900e-02
-3.5923490e-02
-4.1853860e-02
-4.5260450e-02
-4.1168710e-02
-3.3973730e-02
-2.6997480e-02
-1.9906830e-02
-1.3077770e-02
-6.2510370e-03
3.5013620e-04
7.0274640e-03
1.3769660e-02
1.9815810e-02
2.2787450e-02
2.3029970e-02
2.2629190e-02
2.2274580e-02
2.1852560e-02
2.1369540e-02
2.0871450e-02
2.0421240e-02
1.9952940e-02
1.9502320e-02
1.9030760e-02
1.8579200e-02
1.8094760e-02
1.7584580e-02
1.7063100e-02
1.6609620e-02
1.6345420e-02
1.6359670e-02
1.6445480e-02
1.6497700e-02
1.6487350e-02
1.6468740e-02
1.6454540e-02
1.6523840e-02
1.6456790e-02
1.5894140e-02
1.4545910e-02
1.3004230e-02
1.1531650e-02
1.0205480e-02
9.3273270e-03
8.6689070e-03
8.0379480e-03
7.4695010e-03
6.8766670e-03
6.2682220e-03
5.5801800e-03
5.2602540e-03
6.0121490e-03
7.2844890e-03
8.5236770e-03
9.8718380e-03
1.1086360e-02
1.1375470e-02
1.0119450e-02
8.4374250e-03
6.8661670e-03
5.3544600e-03
3.8131690e-03
2.3774230e-03
1.4509260e-03
1.2230410e-03
1.1814190e-03
1.1277870e-03
1.0698980e-03
1.0117440e-03
9.2920660e-04
8.4590980e-04
7.6801910e-04
6.6081020e-04
3.5718130e-04
-1.7876010e-04
-7.7042630e-04
-1.3187270e-03
-1.8405750e-03
-2.3327020e-03
-2.8162620e-03
-3.2658670e-03
-3.6482700e-03
-3.9510950e-03
-4.4037810e-03
-5.3559720e-03
-6.5107230e-03
-7.5542150e-03
-8.4906260e-03
-9.2912780e-03
-9.9700910e-03
-1.0556170e-02
-1.1123220e-02
-1.1466830e-02
-1.1047250e-02
-9.6657560e-03
-8.1127650e-03
-6.6726970e-03
-5.3269830e-03
-4.2535030e-03
-3.7564490e-03
-3.5999290e-03
-3.4879200e-03
-3.3749270e-03
-3.2655630e-03
-3.1462440e-03
