0.01
7.0368340e-03
1.0363140e-02
1.1720090e-02
4.1740080e-03
-4.2064290e-03
-1.1600590e-02
-1.2984010e-02
-5.1954370e-03
8.1524180e-03
1.1764010e-02
4.6147160e-03
-3.4779210e-03
3.1190720e-03
1.4491690e-02
8.0645850e-03
4.6779580e-04
2.2518960e-03
-3.8874130e-03
-1.8528040e-02
-1.8203570e-02
-1.8661800e-03
2.6325340e-03
-1.8703760e-03
1.4547850e-03
8.9819070e-03
1.4589910e-03
-1.6127880e-02
-1.9699050e-02
-1.0496320e-02
-7.1314150e-03
-1.0726360e-02
1.6502170e-03
2.9154750e-02
3.3862670e-02
2.1553280e-02
1.4019880e-02
6.1251630e-03
-4.9912600e-03
-7.6618780e-03
-7.6434170e-04
-5.8806790e-03
-2.6922320e-02
-4.1159890e-02
-4.0759920e-02
-2.9465980e-02
-1.6544220e-02
-9.6794590e-04
1.5573760e-02
2.6464790e-02
2.4832800e-02
1.5472530e-02
1.3859420e-02
2.1119070e-02
1.5761280e-02
-7.1421090e-03
-1.3291610e-02
-6.8461330e-03
-5.4418400e-03
-1.6530840e-02
-2.1961540e-02
-1.6309790e-02
-7.8840850e-03
1.6803190e-03
5.3032520e-03
7.7906200e-03
1.8135980e-02
1.8609390e-02
-3.1027710e-03
-1.9662300e-02
-1.9687340e-02
-1.2604610e-02
-2.1513050e-05
2.2150000e-02
3.2846890e-02
2.2122870e-02
1.3230460e-03
-1.6394580e-02
-2.0770770e-02
6.0541750e-05
1.9667220e-02
1.8769000e-02
1.0493200e-02
1.9465100e-03
-7.8106960e-04
-2.0970580e-03
-5.2568980e-03
-3.1709370e-03
-2.2220820e-03
-3.2196290e-03
-2.8308640e-03
3.6201370e-03
1.2149730e-02
1.2431080e-02
1.0925870e-02
1.0987670e-02
-6.5665300e-03
-3.1510530e-02
-3.6195970e-02
-2.0224150e-02
3.0149030e-03
7.2250980e-03
-1.5374830e-03
2.3934990e-03
2.5201610e-02
3.0433650e-02
6.4083010e-03
-1.2415310e-02
-1.7221610e-02
-1.7899850e-02
-7.3951290e-03
1.7289030e-03
-2.6918800e-03
-7.5991170e-03
5.8867530e-03
1.1776700e-02
-4.9372020e-04
-1.0587420e-02
-1.0575270e-02
-2.3522360e-03
8.1033380e-03
2.0148490e-02
2.8705750e-02
2.2145670e-02
5.4298280e-03
-8.2675550e-03
-1.5496820e-02
-2.5118920e-02
-3.3956750e-02
-1.8299810e-02
2.5643640e-02
4.5832630e-02
3.4381560e-02
1.3247190e-02
-5.1067180e-03
-1.2615600e-02
-5.2461170e-03
3.9685640e-04
-1.4919270e-03
-1.4777060e-03
-6.0513550e-03
-9.1842290e-03
-1.8610760e-03
6.3584840e-03
1.4004810e-02
1.9692640e-02
1.7958090e-02
3.2597130e-03
-7.4966580e-03
-8.2532660e-03
-1.1204160e-02
-1.5635490e-02
-4.8795860e-03
9.9589260e-03
9.7770680e-03
2.3245860e-03
-7.6539300e-03
-1.3759920e-02
-2.1405590e-02
-3.3422260e-02
-3.7244430e-02
-1.2784410e-02
2.3828390e-02
2.9317160e-02
1.5189990e-02
1.0787210e-02
8.2996960e-03
7.2920760e-03
6.5272280e-04
-1.2716410e-02
-1.6345440e-02
-4.2384330e-03
1.6293780e-02
3.1156730e-02
4.6380750e-02
5.4733210e-02
5.3663040e-02
5.2109600e-02
5.3790210e-02
5.5798350e-02
5.0958000e-02
2.9598010e-02
2.9881030e-03
-7.1278440e-03
-8.5403540e-03
-1.0975110e-02
-1.6221770e-02
-2.0144800e-02
-2.6836210e-02
-2.9449980e-02
-2.0991860e-02
-1.0240450e-02
-8.5961760e-03
-6.3136610e-03
9.1303070e-03
2.3902150e-02
2.5299950e-02
2.3562920e-02
1.7657670e-02
5.4183470e-03
8.5188550e-04
4.8000640e-03
1.1228820e-02
1.4178340e-02
1.5663950e-02
1.2833650e-02
1.3751850e-02
2.4657900e-02
3.3452600e-02
3.3545820e-02
2.3912250e-02
1.4073150e-02
1.7031890e-02
2.6215190e-02
1.1004170e-02
-2.9403490e-02
-7.3292210e-02
-1.0011350e-01
-1.1038680e-01
-1.0905760e-01
-9.6826280e-02
-8.0995620e-02
-6.9188580e-02
-5.4046580e-02
-3.1330950e-02
-2.3939540e-02
-3.3053270e-02
-3.8700240e-02
-3.4666220e-02
-1.2649480e-02
1.0707960e-02
2.4094190e-02
3.1882840e-02
4.9240210e-02
6.6216060e-02
6.4730180e-02
5.3116490e-02
5.1729260e-02
6.1057000e-02
7.0668170e-02
7.4746430e-02
7.2698470e-02
6.3326530e-02
5.0862400e-02
2.9459110e-02
4.9467580e-03
-4.8694870e-03
-2.5357360e-03
-4.8875460e-04
-1.1103940e-02
-1.9583040e-02
-1.2843950e-02
3.9409020e-03
1.8060900e-02
4.3723480e-02
7.6492810e-02
1.0114790e-01
1.0867140e-01
1.0138220e-01
7.3595450e-02
3.4863460e-02
4.7389650e-03
-1.0151530e-02
-2.0403730e-02
-2.6388560e-02
-3.1595870e-02
-3.2260570e-02
-3.0067730e-02
-2.1649510e-02
2.6753720e-03
3.3353750e-02
4.9604560e-02
4.0466430e-02
1.4465130e-02
-2.3014830e-02
-6.0735840e-02
-9.0824580e-02
-1.0187260e-01
-1.0356270e-01
-9.9523250e-02
-8.4055710e-02
-3.3973040e-02
3.5512860e-02
7.2980100e-02
6.5359060e-02
4.1677830e-02
1.4276560e-02
-1.2246120e-02
-2.0390480e-02
-1.8579880e-02
-7.9141860e-03
-1.2879730e-02
-3.7803600e-02
-7.5524120e-02
-1.0438600e-01
-1.2221160e-01
-1.2912090e-01
-1.3075510e-01
-1.3007780e-01
-1.3288860e-01
-1.1383670e-01
-2.1972730e-02
2.6456630e-02
8.0237380e-03
-5.1839840e-04
9.5572630e-03
2.2675480e-02
3.1757450e-02
3.5709570e-02
2.3606650e-02
-4.3332210e-03
-1.1308210e-02
3.8744000e-03
2.9935580e-02
5.0077260e-02
6.6854880e-02
8.5175340e-02
1.0625860e-01
1.1581970e-01
1.0935170e-01
9.2291250e-02
5.0281250e-02
-2.9913250e-02
-7.6001020e-02
-6.9186380e-02
-2.7905140e-02
-5.4107590e-03
3.4870320e-03
9.2184980e-03
1.6016740e-02
7.3180550e-03
-6.4428310e-03
4.2754710e-03
3.9815500e-02
6.6643440e-02
7.9933610e-02
7.0457190e-02
3.0740550e-02
-1.9676890e-02
-6.3751810e-02
-1.0335460e-01
-1.1657560e-01
-1.1304330e-01
-1.1122200e-01
-1.2073060e-01
-1.1767490e-01
-9.1361770e-02
-4.5680060e-02
9.7353950e-03
6.1089720e-02
9.7617170e-02
1.1090040e-01
1.0395200e-01
5.9105740e-02
-7.8475960e-03
-5.2475710e-02
-7.0857590e-02
-8.6436210e-02
-8.9394750e-02
-6.2311060e-02
-3.6343410e-03
1.7641140e-02
-8.6120770e-03
-2.9160570e-02
-6.9333000e-03
3.9955360e-02
6.3293790e-02
6.0942590e-02
3.3907560e-02
1.0868950e-02
1.4032610e-04
-5.8990300e-03
-1.4851070e-02
-1.7546720e-02
-1.1656400e-03
4.4871830e-02
7.6574930e-02
8.1259690e-02
6.5947120e-02
4.1857450e-02
6.3655580e-03
-2.2070770e-02
-2.7338060e-02
-1.8436240e-02
-7.8541010e-03
-4.6688640e-03
-1.2907840e-02
-2.0207610e-02
-1.9391820e-02
-1.5005310e-02
-1.5965300e-02
-2.5528170e-02
-3.4704970e-02
-3.4594720e-02
-3.2103900e-02
-2.4348890e-02
-1.9289780e-02
-2.5053510e-02
-3.0324130e-02
-2.5269410e-02
-9.1038490e-03
7.4560070e-03
1.6512070e-02
1.8442210e-02
1.7800490e-02
1.2293600e-02
4.3114830e-03
8.6379560e-04
1.1394430e-02
3.8455690e-02
5.8174000e-02
6.2421790e-02
5.9007910e-02
4.9375020e-02
2.2815780e-02
-1.2222330e-02
-3.7573170e-02
-4.7508180e-02
-4.2040140e-02
-3.4273910e-03
6.0604180e-02
8.9386320e-02
9.3654040e-02
8.8638350e-02
5.7646180e-02
-9.4386030e-03
-6.3184140e-02
-8.5954430e-02
-8.6078990e-02
-7.2352010e-02
-5.5520730e-02
-3.6192090e-02
-1.2247520e-02
1.5977760e-02
3.0588040e-02
2.2326450e-02
-5.1860150e-03
-3.3188610e-02
-3.9249170e-02
-3.2266560e-02
-1.1280500e-02
5.0058420e-03
1.3381930e-02
4.6893540e-03
-1.7469200e-02
-3.3221600e-02
-3.2278840e-02
-2.0463490e-02
1.0610360e-02
4.1381300e-02
5.8389390e-02
6.2011360e-02
5.9077590e-02
5.0151370e-02
3.1462800e-02
9.8142620e-03
-5.6813590e-03
-8.9938310e-03
-1.4942120e-02
-2.4648000e-02
-2.8166070e-02
-2.6007170e-02
-1.9112730e-02
-6.1290370e-03
1.7856810e-02
3.1112090e-02
3.4944230e-02
2.4686920e-02
9.2331040e-03
-7.7513670e-03
-2.2652850e-02
-2.8686210e-02
-2.6323760e-02
-1.5661640e-02
5.1492870e-03
1.6846290e-02
1.6265500e-02
5.5678500e-03
-2.4251010e-03
-7.9650160e-03
-1.4937250e-02
-2.0145670e-02
-1.9861410e-02
-1.6949170e-02
-1.3826370e-02
-1.4937400e-02
-1.7911070e-02
-1.4284960e-02
1.3242260e-04
1.8740630e-02
1.3133890e-02
-1.5066230e-02
-2.7952490e-02
-2.1030480e-02
-3.4655750e-03
7.5356180e-03
1.0874760e-02
1.8698520e-02
3.4748060e-02
4.4820380e-02
4.3107850e-02
3.0290500e-02
1.1991360e-02
3.7311680e-03
1.3974940e-03
1.5503710e-03
4.6662290e-03
8.8789120e-03
8.8623670e-03
6.8257400e-03
6.9313750e-03
3.5902330e-03
-3.2641950e-03
-1.0493020e-02
-1.4636290e-02
-1.5184440e-02
-1.0906450e-02
-6.2945810e-03
-3.2389780e-03
2.5794300e-03
9.6842750e-03
1.2825240e-02
1.4565360e-02
2.0397090e-02
2.9412030e-02
3.6788810e-02
4.0077030e-02
3.5891730e-02
2.5833860e-02
1.7462560e-02
1.4530070e-02
1.2067990e-02
4.9649040e-03
-6.2401580e-03
-1.9048120e-02
-2.4589370e-02
-2.1800170e-02
-1.1586550e-02
-4.4583680e-03
-2.3988180e-03
-3.1352090e-03
-6.6184380e-03
-1.1677120e-02
-1.8708220e-02
-2.4376300e-02
-2.1299170e-02
-6.3775170e-03
4.5371590e-03
5.2274210e-03
-1.3385080e-03
-1.5536150e-02
-3.4748460e-02
-4.8989190e-02
-5.1810750e-02
-4.6378480e-02
-3.9552550e-02
-3.0703250e-02
-1.7875390e-02
-9.5583260e-03
-4.1285840e-03
-4.9782860e-04
2.3420030e-03
4.5475370e-03
6.7178790e-03
9.6510140e-03
1.2980770e-02
1.4672210e-02
1.7004290e-02
2.4318560e-02
3.7395010e-02
5.1420920e-02
5.5156430e-02
4.4912370e-02
2.1047190e-02
-2.3481350e-03
-1.5981550e-02
-1.9674340e-02
-1.9746040e-02
-2.1653850e-02
-2.4266690e-02
-2.3874300e-02
-2.2394520e-02
-2.3847310e-02
-2.9166610e-02
-3.5580400e-02
-4.0168730e-02
-3.9265940e-02
-2.9149380e-02
-1.0453330e-02
1.2547260e-02
3.3549520e-02
5.0779500e-02
5.6620560e-02
5.1272230e-02
3.3317000e-02
1.1182310e-02
-6.5487970e-03
-1.4330640e-02
-1.5535980e-02
-1.0396260e-02
1.6072560e-03
1.6474370e-02
2.7370080e-02
2.6610040e-02
8.4423850e-03
-1.0647040e-02
-2.3784880e-02
-2.5764500e-02
-2.4664080e-02
-2.3054880e-02
-2.4401170e-02
-2.8669680e-02
-2.9571750e-02
-2.2683410e-02
-8.5813480e-03
3.0135590e-03
8.5580150e-03
1.1616040e-02
1.2822410e-02
1.4260410e-02
1.9588390e-02
2.6629210e-02
2.7924780e-02
2.6291520e-02
2.5820360e-02
2.7403960e-02
3.0128520e-02
3.1291770e-02
3.1010660e-02
2.8017160e-02
2.0062020e-02
5.9797680e-03
-5.5011990e-03
-9.3307820e-03
-7.4245090e-03
-2.6774420e-03
1.0511710e-03
-2.4168760e-04
-9.7241450e-03
-2.6623980e-02
-4.1786970e-02
-5.2042230e-02
-5.1695650e-02
-4.0931020e-02
-1.1215200e-02
2.8048450e-02
5.7085180e-02
6.5194750e-02
5.5462970e-02
2.1791730e-02
-1.4861820e-02
-3.6415240e-02
-3.8381410e-02
-2.7448860e-02
-1.3587580e-02
5.0881460e-04
1.1095210e-02
1.3442410e-02
1.3028760e-02
1.8344980e-02
2.7207500e-02
3.3032110e-02
3.3503290e-02
3.2504100e-02
3.2551230e-02
3.5214000e-02
3.5315170e-02
2.6907690e-02
1.0990310e-02
-5.3514980e-03
-1.5003880e-02
-1.9023440e-02
-1.7011590e-02
-1.3155960e-02
-1.1276860e-02
-8.0557290e-03
-2.7632730e-03
5.8807280e-03
1.6114580e-02
2.6244520e-02
3.0136810e-02
2.0803910e-02
2.4289350e-03
-1.5429010e-02
-2.6583610e-02
-3.1670080e-02
-3.6890760e-02
-4.2677050e-02
-4.4160620e-02
-3.4912390e-02
-9.1776820e-03
2.2302280e-02
3.5918840e-02
3.3711450e-02
1.7397080e-02
-2.5321140e-03
-1.1258690e-02
-7.5137700e-03
4.6150730e-04
4.5450820e-03
3.8918680e-03
4.5379960e-03
1.0622950e-02
1.8628950e-02
2.1957520e-02
1.9874800e-02
1.8048660e-02
2.0859320e-02
2.5421550e-02
3.0094270e-02
3.2150720e-02
3.1947380e-02
3.1371500e-02
2.7694450e-02
1.7497110e-02
8.0596220e-03
4.3889800e-03
5.6299180e-03
6.6826550e-03
3.0839930e-03
-1.3603590e-03
-8.3131040e-03
-1.1977610e-02
-1.2428000e-02
-1.0620850e-02
-8.7158200e-03
-6.3219150e-03
-4.6929020e-03
-6.6439440e-03
-1.6835560e-02
-3.0106940e-02
-3.7300490e-02
-4.1805800e-02
-4.1828300e-02
-3.6012270e-02
-1.9646820e-02
2.7221470e-03
1.6632260e-02
2.0355870e-02
1.8486960e-02
1.8608220e-02
2.1584870e-02
2.5584150e-02
2.9626010e-02
2.8875050e-02
2.4021830e-02
1.8238450e-02
1.3114880e-02
1.1534730e-02
1.2433120e-02
1.1523350e-02
9.3447960e-03
6.2380540e-03
5.0159270e-03
7.8593970e-03
1.3813710e-02
2.1153800e-02
2.4874470e-02
2.3883090e-02
1.7673950e-02
6.5263000e-03
-7.5711970e-03
-2.3748780e-02
-3.7282770e-02
-4.6885660e-02
-5.1990700e-02
-4.8221890e-02
-3.8909410e-02
-3.1584290e-02
-2.4929360e-02
-1.8643740e-02
-1.0067050e-02
-1.2644960e-03
9.1985440e-03
2.0230400e-02
2.8934930e-02
3.1109190e-02
2.5759370e-02
1.2737390e-02
8.5990440e-04
-4.3475180e-03
-3.9285090e-03
-1.5365870e-03
2.2278320e-03
3.6300940e-03
3.4743380e-03
4.1791570e-03
8.2436710e-03
1.5447110e-02
2.4968890e-02
3.6022040e-02
4.6195340e-02
5.4122560e-02
5.8479640e-02
5.9173110e-02
5.4070790e-02
3.9128420e-02
1.9710160e-02
4.0926240e-03
-5.6248490e-03
-1.1792590e-02
-1.5623780e-02
-2.2930000e-02
-3.4790170e-02
-5.0027040e-02
-6.7636820e-02
-7.8628190e-02
-8.6671010e-02
-9.1768810e-02
-9.3836010e-02
-9.2010140e-02
-8.3841580e-02
-6.5078810e-02
-4.2785770e-02
-2.2145410e-02
-6.6840820e-03
1.8468990e-03
5.0673700e-03
3.2811490e-03
-3.4296930e-03
-1.5394330e-02
-2.5509530e-02
-3.0930800e-02
-3.1943480e-02
-2.4911970e-02
-1.3026390e-02
-4.2559200e-03
-1.0060840e-04
-2.1305790e-03
-7.4194800e-03
-1.1285340e-02
-1.2461100e-02
-1.1035210e-02
-8.4480070e-03
-6.3673910e-03
-8.4650300e-03
-1.2419090e-02
-1.9939330e-02
-2.6258340e-02
-3.0515820e-02
-3.1245240e-02
-2.7778180e-02
-2.0975190e-02
-1.6128160e-02
-1.5359320e-02
-1.7691450e-02
-1.7948500e-02
-1.4980700e-02
-1.0207800e-02
-7.9365250e-03
-8.7703380e-03
-1.5367290e-02
-2.7265340e-02
-4.1321790e-02
-5.3604840e-02
-6.2466930e-02
-6.9495210e-02
-7.4618990e-02
-7.6073680e-02
-7.2855470e-02
-6.4952630e-02
-5.2531100e-02
-3.9009700e-02
-2.5762910e-02
-1.2145400e-02
5.1969550e-04
1.5395130e-02
2.7009950e-02
3.2647080e-02
3.2866550e-02
2.9652640e-02
2.4188350e-02
1.9646170e-02
1.5303820e-02
1.1181330e-02
7.6875120e-03
7.6346900e-03
1.0816630e-02
1.5452770e-02
1.8937480e-02
1.8016140e-02
1.2391290e-02
4.8912310e-04
-1.3555090e-02
-2.6430290e-02
-3.5022100e-02
-3.8777610e-02
-3.7941690e-02
-3.5459860e-02
-3.2359150e-02
-2.8816040e-02
-2.6003280e-02
-2.5315600e-02
-2.8009040e-02
-3.2473820e-02
-3.6053230e-02
-3.7979280e-02
-3.6994060e-02
-3.0437660e-02
-1.7328110e-02
-2.5067260e-03
1.0988550e-02
2.3223180e-02
3.2932630e-02
3.7061770e-02
3.8742240e-02
3.7559900e-02
3.6469330e-02
3.6824460e-02
4.1261530e-02
4.9837940e-02
6.0611030e-02
7.2314760e-02
8.1054050e-02
8.8982780e-02
9.4147370e-02
9.5673940e-02
9.5696250e-02
9.2801800e-02
9.0907650e-02
8.7900320e-02
8.5402860e-02
8.2693950e-02
7.8414280e-02
7.3242540e-02
6.6541920e-02
5.8068220e-02
5.0850210e-02
4.4860610e-02
3.9899310e-02
3.6184100e-02
3.4985210e-02
3.4003020e-02
3.3743310e-02
3.2205170e-02
3.0689780e-02
2.9560250e-02
2.8524280e-02
2.6719740e-02
2.5047900e-02
2.1009800e-02
1.7053860e-02
1.0568860e-02
4.0880420e-03
-7.2547600e-04
-4.7212580e-03
-9.4111040e-03
-1.4376970e-02
-1.9301780e-02
-2.2185670e-02
-2.3445380e-02
-2.1159780e-02
-1.2926810e-02
7.8500630e-04
1.8667250e-02
3.4540140e-02
4.5467770e-02
5.3351370e-02
5.6856240e-02
5.6916580e-02
5.2426360e-02
4.3117150e-02
2.9399870e-02
1.7156040e-02
6.0607720e-03
-1.9122760e-03
-8.1889290e-03
-1.2966990e-02
-1.4684540e-02
-1.4494250e-02
-1.0828810e-02
-4.9962190e-03
1.3321130e-03
5.6247850e-03
4.5171410e-03
-1.0374300e-03
-8.4305080e-03
-1.7117950e-02
-2.3241440e-02
-2.6290880e-02
-2.5081170e-02
-2.2382760e-02
-2.0178440e-02
-2.0734280e-02
-2.0333470e-02
-2.1155080e-02
-2.2584780e-02
-2.6328060e-02
-3.0233030e-02
-3.3491680e-02
-3.4904980e-02
-3.4158690e-02
-3.1411510e-02
-2.6163670e-02
-1.8991330e-02
-1.1093440e-02
-5.0109910e-03
2.7262680e-03
9.3990920e-03
1.3570020e-02
1.4705260e-02
1.1249690e-02
4.8064730e-03
-3.6921430e-03
-1.1927890e-02
-1.8293350e-02
-2.0622890e-02
-1.9343570e-02
-1.5627580e-02
-1.1020460e-02
-5.6623210e-03
1.7795930e-03
8.9924550e-03
1.2642460e-02
1.3385500e-02
1.1429200e-02
8.8993520e-03
4.3682000e-03
-7.6092160e-04
-8.1466290e-03
-1.8051570e-02
-2.7656780e-02
-3.6103580e-02
-4.3587000e-02
-4.8784140e-02
-5.3287050e-02
-5.6223870e-02
-5.5120930e-02
-4.8751620e-02
-4.0169470e-02
-3.0180730e-02
-2.2936440e-02
-1.7775970e-02
-1.5710420e-02
-1.6466290e-02
-1.7290100e-02
-1.7949280e-02
-1.6514480e-02
-1.3136450e-02
-1.1129170e-02
-1.0214130e-02
-1.0812920e-02
-1.3419930e-02
-1.6353040e-02
-1.8114710e-02
-1.9234860e-02
-1.7539600e-02
-1.0451450e-02
3.9292390e-03
1.7795880e-02
2.9080330e-02
4.2291640e-02
5.1135210e-02
5.4959760e-02
5.2854690e-02
4.8550310e-02
4.2540610e-02
3.8606740e-02
3.2953970e-02
2.5936130e-02
1.4828540e-02
2.5692180e-03
-7.2996640e-03
-1.4620730e-02
-1.8972380e-02
-2.2021990e-02
-2.3214650e-02
-2.1190730e-02
-1.4991650e-02
-5.3983830e-03
5.9141520e-03
1.4078750e-02
1.8069590e-02
2.0142730e-02
1.7964180e-02
1.3606140e-02
6.8061810e-03
3.4205200e-04
-4.3713720e-03
-7.0077500e-03
-8.2543490e-03
-7.2125210e-03
-5.6634250e-03
-4.5821280e-03
-6.3869320e-03
-1.0648600e-02
-1.5977380e-02
-2.0617680e-02
-2.5091560e-02
-2.5196750e-02
-2.3038820e-02
-1.7655720e-02
-1.0711930e-02
-1.6570960e-03
9.9552730e-03
2.3219820e-02
3.4941830e-02
4.3136950e-02
4.6874820e-02
4.6241070e-02
4.1282660e-02
3.3952060e-02
2.5118500e-02
1.8334500e-02
1.1494330e-02
4.5144210e-03
-2.0121950e-03
-7.4641930e-03
-1.1756840e-02
-1.4998620e-02
-1.7650020e-02
-1.9459690e-02
-2.1390360e-02
-2.1534560e-02
-1.8783920e-02
-1.4236310e-02
-9.4353110e-03
-4.8795160e-03
-2.6607820e-03
-1.5785850e-03
-1.9327890e-03
-1.2343030e-03
-1.2096920e-03
-1.8175070e-03
-2.2694480e-03
-2.0471720e-03
-1.3320510e-03
2.4064270e-03
7.7966400e-03
1.3172620e-02
1.6829280e-02
1.7658970e-02
1.6341580e-02
1.4785240e-02
1.2654850e-02
1.2083110e-02
1.2057700e-02
1.4072090e-02
1.6790130e-02
1.8634310e-02
1.8040310e-02
1.3336090e-02
3.0063490e-03
-1.0038300e-02
-2.1528230e-02
-3.0112630e-02
-3.5386380e-02
-3.7824530e-02
-3.8044050e-02
-3.6384200e-02
-3.4115450e-02
-3.1171760e-02
-2.7068540e-02
-2.2322620e-02
-1.6552930e-02
-1.1703490e-02
-9.3395700e-03
-9.3159890e-03
-1.1901580e-02
-1.4610170e-02
-1.6843290e-02
-1.9135520e-02
-2.0785600e-02
-2.0949470e-02
-2.2311570e-02
-2.4005750e-02
-2.6918720e-02
-2.8802270e-02
-2.8135220e-02
-2.6407470e-02
-2.2470580e-02
-1.5514890e-02
-7.6370830e-03
7.3735590e-04
7.1407570e-03
1.1721890e-02
1.4927150e-02
1.7066260e-02
1.7586610e-02
1.8459390e-02
1.8158710e-02
1.9517760e-02
2.0736360e-02
2.1046580e-02
1.9022540e-02
1.5745400e-02
1.0364210e-02
4.7113700e-03
-8.2903610e-05
-4.7385690e-03
-6.9854970e-03
-8.0387600e-03
-6.8684680e-03
-4.9488350e-03
-3.0042480e-03
-1.1323380e-03
-5.0449070e-04
2.8777240e-04
1.1256440e-03
1.5557270e-03
1.7085480e-03
9.1937380e-04
-9.1035310e-04
-3.5919050e-03
-5.7882050e-03
-5.8817010e-03
-4.9720770e-03
-3.0008660e-03
4.5798830e-04
6.5496500e-03
1.1244420e-02
1.5125160e-02
1.5684950e-02
1.3042960e-02
7.8893010e-03
2.1242670e-03
-4.1556890e-03
-7.8545750e-03
-1.0184530e-02
-1.0297890e-02
-9.5920190e-03
-9.0978800e-03
-8.6793750e-03
-8.5504710e-03
-7.6354720e-03
-5.5547670e-03
-3.8882800e-03
-1.6537820e-03
-5.2535970e-04
8.3156490e-04
3.1923900e-03
6.6358200e-03
1.2249780e-02
1.6377010e-02
1.9042920e-02
1.9101060e-02
1.7506970e-02
1.3728830e-02
9.0422220e-03
3.9279830e-03
1.2900610e-03
2.5214140e-03
6.3997470e-03
1.1781250e-02
1.7031130e-02
2.0319950e-02
2.0815690e-02
1.7271170e-02
1.2471200e-02
5.9298180e-03
1.6672060e-04
-4.9256600e-03
-8.9774470e-03
-1.1936860e-02
-1.3151030e-02
-1.3901540e-02
-1.3821880e-02
-1.3470150e-02
-1.3664640e-02
-1.3396180e-02
-1.1782480e-02
-8.2846310e-03
-1.2674240e-03
4.4476340e-03
8.1436880e-03
9.5385840e-03
1.0298980e-02
1.0698860e-02
8.8946800e-03
5.8231080e-03
2.8080580e-03
1.1269130e-04
-1.8870420e-03
-3.6167840e-03
-4.0523260e-03
-3.1760940e-03
-1.2653770e-03
-8.0938270e-04
-3.6864510e-04
-1.0357730e-03
-5.4701600e-04
-8.0919630e-04
-1.1652120e-03
-1.8622900e-03
-3.5597800e-03
-6.0362600e-03
-9.0718210e-03
-1.3064780e-02
-1.6882520e-02
-1.9635050e-02
-2.0960890e-02
-2.1325880e-02
-2.0673160e-02
-2.0075050e-02
-1.9027130e-02
-1.8151520e-02
-1.7301620e-02
-1.7498810e-02
-1.8248100e-02
-1.7526580e-02
-1.5903250e-02
-1.3492500e-02
-1.2194270e-02
-1.2211940e-02
-1.3238590e-02
-1.4850620e-02
-1.8110580e-02
-2.1198030e-02
-2.3565670e-02
-2.5094570e-02
-2.5002840e-02
-2.4425350e-02
-2.2036430e-02
-1.7404590e-02
-1.2352860e-02
-4.6446620e-03
3.5392220e-03
1.0949080e-02
1.7256110e-02
2.1827730e-02
2.4459160e-02
2.6426300e-02
2.7984640e-02
2.9974520e-02
3.0235630e-02
3.0034760e-02
2.8177700e-02
2.4523470e-02
1.9715770e-02
1.5604730e-02
1.1015400e-02
7.6484480e-03
6.7053060e-03
7.9977570e-03
1.0671080e-02
1.2659050e-02
1.3605690e-02
1.4254730e-02
1.4096830e-02
1.4179100e-02
1.4635690e-02
1.4853420e-02
1.6209220e-02
1.8235290e-02
1.9582660e-02
2.0557280e-02
1.9990810e-02
2.0942920e-02
2.2332460e-02
2.3259900e-02
2.3636190e-02
2.3650270e-02
2.3358470e-02
2.3858740e-02
2.3628140e-02
2.3662470e-02
2.3887960e-02
2.5065420e-02
2.7412480e-02
3.0173590e-02
3.2862540e-02
3.5396710e-02
3.7140380e-02
3.7923820e-02
3.7582540e-02
3.6841520e-02
3.5281820e-02
3.3009250e-02
2.8692180e-02
2.4470140e-02
1.8567250e-02
1.2447450e-02
7.0375430e-03
2.1815420e-03
-1.4874400e-03
-3.6483240e-03
-6.5978790e-03
-8.1282380e-03
-9.3482090e-03
-8.5666600e-03
-8.1443700e-03
-8.0657430e-03
-6.7788870e-03
-5.9567110e-03
-5.5613410e-03
-5.7918530e-03
-6.6395960e-03
-7.7703680e-03
-8.0540550e-03
-7.9484020e-03
-7.4120070e-03
-6.3708970e-03
-5.8077830e-03
-5.5090340e-03
-5.7706410e-03
-7.7945330e-03
-1.0086490e-02
-1.3203650e-02
-1.6165560e-02
-1.9140890e-02
-2.1074980e-02
-2.3215690e-02
-2.4971110e-02
-2.6792280e-02
-2.7879230e-02
-2.9556110e-02
-3.0915540e-02
-3.1475720e-02
-3.1949390e-02
-3.1993480e-02
-3.0857180e-02
-2.9731360e-02
-2.6976240e-02
-2.4106850e-02
-2.0458370e-02
-1.6781510e-02
-1.3429790e-02
-9.7376130e-03
-7.0335190e-03
-5.4019620e-03
-4.0225240e-03
-3.0046820e-03
-1.9389120e-03
-4.2471350e-04
2.3284910e-04
1.2830930e-03
1.3424970e-03
9.6001940e-04
5.5046290e-04
6.4757630e-04
1.6297440e-03
3.7713100e-03
6.1973830e-03
8.6758840e-03
1.0690800e-02
1.2075650e-02
1.3099060e-02
1.3021900e-02
1.2144300e-02
1.1351150e-02
1.0116590e-02
9.8201350e-03
9.7989950e-03
9.8756700e-03
1.0578680e-02
1.0838910e-02
9.9444190e-03
8.8031590e-03
7.1063640e-03
4.5338390e-03
1.5080800e-03
-1.5339290e-03
-3.4556660e-03
-5.1617090e-03
-4.1975420e-03
-3.0596530e-03
-1.8774720e-03
-1.2629050e-03
-4.2367160e-04
-2.6412860e-04
-1.1113960e-04
9.5685250e-05
4.2466340e-04
1.5756250e-03
3.1898440e-03
4.6581420e-03
6.1305650e-03
7.0830080e-03
7.8375830e-03
7.1295290e-03
6.3139790e-03
4.9655690e-03
3.3855040e-03
1.5307550e-03
-6.6413650e-04
-2.4672210e-03
-3.4921610e-03
-4.1918460e-03
-3.8141390e-03
-2.3587480e-03
-9.5616810e-04
9.5385560e-04
3.3882970e-03
5.6766210e-03
7.9402020e-03
1.0456700e-02
1.3023720e-02
1.5619650e-02
1.6557330e-02
1.7365310e-02
1.6996500e-02
1.5572480e-02
1.3609260e-02
9.7054390e-03
4.5532320e-03
-9.3869010e-04
-6.4119830e-03
-1.0671010e-02
-1.4013290e-02
-1.7016470e-02
-1.9907950e-02
-2.2243980e-02
-2.4796000e-02
-2.6839250e-02
-3.0011570e-02
-3.2451090e-02
-3.3237930e-02
-3.3195570e-02
-3.1541530e-02
-2.9731380e-02
-2.7912130e-02
-2.6095150e-02
-2.5090020e-02
-2.3901090e-02
-2.3686870e-02
-2.3299970e-02
-2.2902970e-02
-2.2161720e-02
-2.1190780e-02
-1.8953460e-02
-1.6022330e-02
-1.1895520e-02
-7.5917000e-03
-4.1142790e-03
-1.3840400e-03
-1.7640320e-04
5.5215470e-05
-2.3353320e-03
-6.0941770e-03
-9.7969380e-03
-1.2501220e-02
-1.3850700e-02
-1.3243430e-02
-1.1795460e-02
-8.8664030e-03
-6.1393870e-03
-2.8069670e-03
1.2485090e-03
5.4727620e-03
9.9688680e-03
1.3714630e-02
1.5869690e-02
1.8051260e-02
1.8924060e-02
1.8817090e-02
1.7741400e-02
1.5841800e-02
1.3059380e-02
9.6128100e-03
4.4334120e-03
-6.4471320e-04
-4.9129280e-03
-8.5339350e-03
-1.1910010e-02
-1.4984390e-02
-1.8601650e-02
-2.0984550e-02
-2.3744390e-02
-2.5728590e-02
-2.6868760e-02
-2.6752600e-02
-2.5782980e-02
-2.3465070e-02
-2.0752730e-02
-1.6526600e-02
-1.2960470e-02
-9.9699310e-03
-7.5351290e-03
-6.3657360e-03
-5.4396140e-03
-4.1311350e-03
-2.8069480e-03
-1.1863470e-03
1.7685910e-04
2.2145540e-03
4.5050260e-03
6.5792830e-03
8.8011400e-03
1.0312260e-02
1.1486240e-02
1.2191460e-02
1.2356150e-02
1.2089840e-02
1.1692490e-02
1.0344230e-02
8.7837500e-03
6.7528120e-03
4.0285820e-03
1.2629320e-03
-1.6662780e-03
-3.6069150e-03
-3.5175190e-03
-1.9349480e-03
1.3462590e-03
5.8144390e-03
9.9107510e-03
1.4350340e-02
1.7055900e-02
1.9165440e-02
2.0430450e-02
2.1455090e-02
2.1891500e-02
2.2763800e-02
2.2423210e-02
2.0723390e-02
1.8554140e-02
1.6066390e-02
1.3921180e-02
1.2626590e-02
1.1884310e-02
1.1628740e-02
1.0447090e-02
9.6315010e-03
7.1772220e-03
4.2313380e-03
2.1628170e-03
1.4055110e-03
9.2115290e-04
6.8233950e-04
5.9913440e-04
7.2989190e-04
9.9671670e-04
1.3721130e-03
2.3990290e-03
4.0426870e-03
5.8936420e-03
7.4011530e-03
7.6132310e-03
7.2257650e-03
5.9533640e-03
3.7706680e-03
1.9389630e-03
-4.7767620e-05
-1.7995610e-03
-3.0476140e-03
-4.4261590e-03
-4.7322720e-03
-4.6382800e-03
-3.8877340e-03
-1.9715360e-03
5.3460880e-04
2.7989260e-03
4.5694720e-03
5.6239780e-03
5.8238370e-03
5.4326270e-03
5.5808670e-03
6.8183760e-03
8.6619560e-03
9.6552680e-03
1.0921050e-02
1.0496360e-02
8.2292890e-03
5.0380890e-03
1.6976770e-05
-3.1956440e-03
-5.5930500e-03
-7.0555310e-03
-6.9959780e-03
-6.5459050e-03
-5.9354270e-03
-5.3616720e-03
-5.8502490e-03
-6.3462080e-03
-6.3195080e-03
-6.2304090e-03
-5.4755820e-03
-2.9699830e-03
6.9034780e-05
4.9508570e-03
8.1412880e-03
1.1197380e-02
1.3192710e-02
1.3872800e-02
1.4356160e-02
1.4612850e-02
1.4702890e-02
1.5243110e-02
1.5835940e-02
1.7063380e-02
1.8209460e-02
1.8760110e-02
1.8168720e-02
1.8285010e-02
1.6805670e-02
1.5939750e-02
1.5013490e-02
1.5721560e-02
1.7173800e-02
1.9560300e-02
2.1934180e-02
2.5437640e-02
2.8485560e-02
3.1325450e-02
3.3251990e-02
3.3223100e-02
3.2453490e-02
3.0939030e-02
2.8548530e-02
2.6778600e-02
2.5397610e-02
2.4528800e-02
2.4071200e-02
2.3957510e-02
2.3040260e-02
2.1872930e-02
1.9818180e-02
1.8146710e-02
1.5804090e-02
1.4697810e-02
1.4189040e-02
1.4144590e-02
1.4564830e-02
1.5614280e-02
1.6609880e-02
1.7795890e-02
1.8507560e-02
1.9189670e-02
1.9465340e-02
1.8720010e-02
1.8331670e-02
1.7058330e-02
1.5236780e-02
1.3576260e-02
1.1585230e-02
1.0104020e-02
9.6764510e-03
8.6584220e-03
7.7553890e-03
6.4679210e-03
5.3491160e-03
4.4440890e-03
3.9121570e-03
3.1302720e-03
2.9688870e-03
1.4467970e-03
2.2403640e-04
-1.0743950e-04
-1.0487950e-03
-1.8654490e-03
-2.7463370e-03
-4.4657700e-03
-5.6793220e-03
-7.3070690e-03
-7.8845600e-03
-8.5983690e-03
-8.7960770e-03
-8.8865190e-03
-9.0145350e-03
-1.0175330e-02
-1.1352670e-02
-1.3402200e-02
-1.5139930e-02
-1.7175740e-02
-1.9019650e-02
-2.0654440e-02
-2.1908750e-02
-2.3727640e-02
-2.5318750e-02
-2.7242720e-02
-2.9439990e-02
-3.1348980e-02
-3.2715470e-02
-3.4249820e-02
-3.4231480e-02
-3.4134390e-02
-3.2709920e-02
-3.2117990e-02
-3.0648250e-02
-2.9020420e-02
-2.7557770e-02
-2.5744130e-02
-2.3784880e-02
-2.2426520e-02
-2.0600980e-02
-1.8934340e-02
-1.7466980e-02
-1.5881620e-02
-1.4559920e-02
-1.3478840e-02
-1.2568490e-02
-1.2480100e-02
-1.1797490e-02
-1.1732550e-02
-1.1565830e-02
-1.1762970e-02
-1.2271560e-02
-1.3123310e-02
-1.3343620e-02
-1.4014260e-02
-1.3759430e-02
-1.3871480e-02
-1.4158240e-02
-1.3624030e-02
-1.3676180e-02
-1.4387140e-02
-1.4684890e-02
-1.5407100e-02
-1.5742130e-02
-1.6600940e-02
-1.7961930e-02
-1.9245060e-02
-2.0877350e-02
-2.2270760e-02
-2.2773990e-02
-2.3314660e-02
-2.2351890e-02
-2.1438180e-02
-2.0018370e-02
-1.8028120e-02
-1.7538230e-02
-1.6957470e-02
-1.6539040e-02
-1.6755220e-02
-1.7549590e-02
-1.7791530e-02
-1.7588220e-02
-1.6482480e-02
-1.5543150e-02
-1.4086050e-02
-1.3473340e-02
-1.2882520e-02
-1.2171070e-02
-1.1842100e-02
-1.1118190e-02
-1.0146920e-02
-9.5431960e-03
-9.1465510e-03
-9.2869920e-03
-9.7556260e-03
-1.0599890e-02
-1.1612630e-02
-1.3404990e-02
-1.4897500e-02
-1.7427720e-02
-1.9458410e-02
-2.1016780e-02
-2.2860940e-02
-2.3398560e-02
-2.3028250e-02
-2.2552930e-02
-2.0832200e-02
-1.9282130e-02
-1.7311890e-02
-1.5202520e-02
-1.3321620e-02
-1.0890910e-02
-8.9862030e-03
-7.5042850e-03
-5.6744820e-03
-5.2048260e-03
-4.2632130e-03
-4.8463320e-03
-5.9040060e-03
-6.6409780e-03
-8.5245930e-03
-9.4157000e-03
-9.7793850e-03
-1.0464850e-02
-1.0597040e-02
-1.0347280e-02
-1.0128010e-02
-9.0387830e-03
-7.7072510e-03
-6.2164210e-03
-3.8962770e-03
-1.9146150e-03
4.0592610e-04
2.3792820e-03
3.4918060e-03
4.7806720e-03
4.9048590e-03
5.0009080e-03
5.3491990e-03
5.3065760e-03
5.6388980e-03
5.8877530e-03
5.0771350e-03
4.6876870e-03
3.5986420e-03
2.4940840e-03
1.4521770e-03
1.1452100e-03
7.5064840e-04
1.7685820e-03
2.1122230e-03
3.2180390e-03
4.1498050e-03
5.3218280e-03
6.8777450e-03
8.5678200e-03
1.0148610e-02
1.1901180e-02
1.2900710e-02
1.4104100e-02
1.4819650e-02
1.4961270e-02
1.5245420e-02
1.5508140e-02
1.5188460e-02
1.5933890e-02
1.5512960e-02
1.5877580e-02
1.5774900e-02
1.6122970e-02
1.6779400e-02
1.7825810e-02
1.8895180e-02
2.0267190e-02
2.1356450e-02
2.1381930e-02
2.0556330e-02
1.8500670e-02
1.6268590e-02
1.4418100e-02
1.3047660e-02
1.2916070e-02
1.2781100e-02
1.3591170e-02
1.4445460e-02
1.4465690e-02
1.4440010e-02
1.3625730e-02
1.2630550e-02
1.1913040e-02
1.1334860e-02
1.0593730e-02
9.9379030e-03
9.6837600e-03
9.8196400e-03
9.8337150e-03
9.8242460e-03
9.8003450e-03
1.0410400e-02
1.0232960e-02
1.0784680e-02
1.0425210e-02
1.0023040e-02
9.7382270e-03
8.4090950e-03
7.0944360e-03
5.5403950e-03
3.2558330e-03
1.5460370e-03
-7.2573820e-04
-2.1326960e-03
-3.1919360e-03
-3.9123720e-03
-3.6132150e-03
-2.5419380e-03
-1.9333380e-03
-8.6484130e-04
1.2518770e-04
1.3046510e-03
2.6741270e-03
3.3443880e-03
3.2679950e-03
3.3139650e-03
2.9937490e-03
3.7311660e-03
4.7687770e-03
5.6679080e-03
7.0669640e-03
8.7620490e-03
1.0473560e-02
1.1903340e-02
1.3627190e-02
1.5700950e-02
1.6599700e-02
1.8182340e-02
1.9233950e-02
2.0056760e-02
2.0696820e-02
2.1181560e-02
2.1382710e-02
2.1390300e-02
2.1261290e-02
2.0248550e-02
1.9423660e-02
1.7775930e-02
1.5651850e-02
1.3961410e-02
1.1581090e-02
1.0152090e-02
9.1518380e-03
7.5337960e-03
6.8173040e-03
6.0257940e-03
5.4960710e-03
5.7353020e-03
6.5044900e-03
7.1211000e-03
8.7238910e-03
9.5710040e-03
1.0768950e-02
1.1291760e-02
1.1602310e-02
1.1349330e-02
1.0888490e-02
9.7688100e-03
8.8234240e-03
7.4877490e-03
