0.01
-1.1727110e-02
-1.4559530e-02
-1.2266000e-02
1.8635820e-03
1.6017590e-02
3.0707920e-03
-2.4421910e-02
-2.1922990e-02
1.8606940e-03
2.0171780e-02
1.0158550e-02
-1.4071500e-02
-2.9383860e-02
-1.8302850e-02
7.2545290e-04
5.7124330e-03
-4.2837650e-03
-1.3712970e-02
-7.4046510e-03
2.4062060e-03
-2.3415800e-03
-1.0754210e-02
-6.0612490e-03
4.0070780e-03
1.0389320e-02
1.0730930e-02
-1.2428930e-03
-1.8446850e-02
-2.4385380e-02
-8.5380720e-03
-3.4079950e-03
-1.8713240e-02
-2.1299520e-02
-1.4638600e-02
-6.6632490e-03
2.3120830e-03
9.0007640e-03
6.5288000e-03
-3.1130120e-03
-2.4385810e-04
9.2345600e-03
8.6998690e-03
-4.6960980e-03
-1.3154950e-02
-7.1543830e-05
1.4859630e-02
1.2614220e-02
1.1035810e-03
-1.2091710e-02
-1.7357020e-02
2.0635270e-03
8.7144640e-03
-9.8661840e-03
-4.3816680e-03
2.4691700e-02
3.6834590e-02
2.1836410e-02
-1.3378060e-03
-1.3210590e-02
1.9209650e-03
1.6678750e-02
7.8075400e-04
-1.4894240e-02
-7.5176740e-03
-1.8054490e-03
-1.2359280e-03
-4.0241000e-04
-7.4070430e-05
1.3441280e-04
-1.1291330e-03
-1.3136650e-04
4.6243600e-03
5.6223460e-03
1.7692960e-03
6.9699340e-03
1.4007120e-02
8.6500370e-03
-2.4085350e-03
-7.5469560e-04
-2.7634110e-03
-7.8299590e-03
1.3149510e-03
4.9588740e-03
1.1112150e-02
1.8309170e-02
1.3792880e-02
4.2463010e-03
-3.6653630e-03
-1.3549340e-03
7.7096190e-03
1.7164560e-02
1.8253040e-02
6.1389130e-03
-3.7137090e-03
2.7197920e-03
7.4126040e-03
1.0019050e-03
-1.0346770e-03
-1.6460310e-04
-6.2517370e-03
-9.0726580e-03
1.9295260e-03
9.9254670e-03
6.8245170e-03
-2.8190930e-04
-5.6271950e-03
-4.9703460e-03
-3.1065140e-03
-1.3844670e-03
-1.7452670e-04
1.8106990e-03
3.0607900e-03
1.4417900e-03
-3.1184140e-03
-1.5664510e-03
1.0639270e-02
1.9019530e-02
7.5059980e-03
-2.4309620e-03
-6.9212930e-03
-7.7353050e-03
-5.8336280e-03
-3.5192770e-03
3.9891560e-04
5.2116050e-03
7.1121100e-03
7.5547250e-03
8.4583340e-03
9.9218030e-03
9.9861010e-03
4.7849300e-03
-2.8563470e-03
-7.8705340e-03
-8.2746410e-03
-5.2930010e-03
1.4339700e-03
1.0461690e-02
1.3469500e-02
7.4349360e-03
6.8169960e-03
1.9155250e-02
5.0904930e-03
2.2702280e-03
2.1498980e-03
-1.9413450e-02
-2.2884160e-02
-4.5328340e-05
2.4721710e-02
2.2913690e-02
-7.2407510e-03
-9.4441440e-03
5.9729110e-03
1.7199780e-02
2.3706060e-02
1.0507790e-02
-8.8498990e-03
-6.5471150e-03
9.9610190e-03
1.4724510e-03
-1.7087880e-02
-1.6569660e-02
7.3695440e-03
3.5266440e-02
4.8197530e-02
2.6828890e-02
1.6177450e-02
2.6498090e-02
1.9524150e-02
-1.2630900e-02
-1.3510440e-02
2.6192820e-03
4.0992280e-03
-1.5890410e-02
-4.0204930e-02
-3.9751140e-02
-1.1382150e-02
1.2475990e-02
-3.5386110e-03
-3.5744470e-02
-6.8926670e-02
-9.6151010e-02
-9.7059170e-02
-7.9765180e-02
-7.2987240e-02
-7.2965360e-02
-6.3090650e-02
-9.2316000e-02
-1.3074560e-01
-1.1486050e-01
-6.0270530e-02
-1.8878040e-02
3.3839020e-03
7.3511730e-03
-1.3310220e-02
-2.4602220e-02
-7.6315340e-04
1.5289240e-02
6.1450140e-03
4.7867590e-03
-1.5806940e-02
-2.9034820e-02
-3.7462200e-02
-5.7810950e-02
-3.1887210e-02
2.1972430e-02
6.8802340e-02
8.4960030e-02
7.9755610e-02
6.1263170e-02
5.0562980e-02
3.3593060e-02
-2.3021370e-02
-6.0056340e-02
-2.5121410e-02
1.6584350e-02
5.0534920e-03
-1.2421800e-02
-3.3803200e-02
-4.8495740e-02
-7.0755770e-04
7.0927480e-02
1.3396370e-01
1.8388420e-01
1.6383970e-01
6.1926980e-02
-1.7199820e-02
3.2888560e-02
1.0381420e-01
8.9063490e-02
3.5576880e-02
-2.6151620e-02
-9.4387330e-02
-1.3220030e-01
-7.6458320e-02
1.1903970e-02
3.1342330e-02
8.7092010e-03
-2.8774790e-02
-5.7999720e-02
-4.6343640e-02
-5.3378800e-03
2.3035050e-02
3.0334330e-02
1.0806910e-02
-1.3040940e-02
-8.8802250e-03
3.0874550e-02
8.5997410e-02
1.4100930e-01
1.6852300e-01
1.3708920e-01
8.1716390e-02
4.6070600e-02
7.2110220e-02
1.3234640e-01
1.7487410e-01
1.8841500e-01
1.4285080e-01
8.7215400e-02
5.4859840e-02
4.3963050e-02
3.2028950e-02
-1.3663100e-02
-6.6512770e-02
-8.9475920e-02
-8.4819900e-02
-7.5108780e-02
-9.7125710e-02
-1.1274610e-01
-6.9638900e-02
-7.3144930e-03
-1.4620570e-02
-4.9491260e-02
-6.6338370e-02
-7.4949250e-02
-9.2036950e-02
-1.1192200e-01
-1.1749990e-01
-1.3594690e-01
-1.6658950e-01
-1.7397270e-01
-1.3091950e-01
-6.7950810e-02
-9.7983080e-04
5.8568520e-02
7.0721950e-02
2.8483370e-02
-3.3763900e-02
-7.7961060e-02
-5.9806860e-02
-2.2004040e-03
1.1286950e-02
2.6906690e-02
7.8981550e-02
1.3604560e-01
1.7881340e-01
2.0997830e-01
2.4162380e-01
2.5777710e-01
2.3071970e-01
1.7474890e-01
9.9421920e-02
4.0191260e-02
4.9219820e-02
7.2438000e-02
5.2756780e-02
2.4403360e-02
3.1047960e-02
6.3297640e-02
8.1761830e-02
4.7934150e-02
3.5878000e-03
9.7036500e-03
3.9903930e-02
5.3527260e-02
1.0982730e-02
-5.7952280e-02
-6.9712050e-02
1.6444610e-02
9.5149960e-02
8.2256070e-02
6.2650660e-02
5.5974880e-02
2.6009800e-02
-8.2139640e-03
-1.5639310e-03
3.0028340e-02
2.5191610e-02
-2.8194620e-03
-2.9574890e-02
-3.8340270e-02
3.2026250e-03
5.9376270e-02
9.1290390e-02
7.6520060e-02
5.2581860e-02
5.3739720e-02
7.2988890e-02
7.6163970e-02
4.1387080e-02
-2.3138160e-02
-7.1234080e-02
-8.0388550e-02
-6.7606550e-02
-5.6215200e-02
-5.9769440e-02
-7.0968480e-02
-7.1278250e-02
-6.0503610e-02
-5.3403530e-02
-6.2741960e-02
-7.8393740e-02
-8.7770760e-02
-7.3794570e-02
-4.8199500e-02
-3.8303020e-02
-3.6000530e-02
-6.4862290e-03
4.7390110e-02
1.0347840e-01
1.2254640e-01
8.5194760e-02
1.9526700e-02
1.0663230e-02
2.8990330e-02
4.5422530e-02
6.6049140e-02
8.1021960e-02
7.0396140e-02
3.3366200e-02
9.4546630e-03
4.3730560e-02
1.0569860e-01
1.3706120e-01
1.2926960e-01
7.8825730e-02
2.1910370e-02
1.5985500e-02
5.6447670e-02
9.0272470e-02
7.5485260e-02
4.6171160e-02
2.9191420e-02
3.8695610e-02
6.5518560e-02
7.0438520e-02
3.7603270e-02
-8.5886910e-03
-3.6573630e-02
-3.7713920e-02
-5.7650300e-02
-1.3470700e-01
-1.7575440e-01
-1.7269130e-01
-1.6830680e-01
-1.7267000e-01
-1.8011050e-01
-1.8490330e-01
-1.8730760e-01
-1.8977490e-01
-1.9171020e-01
-1.8818970e-01
-1.7640560e-01
-1.6523990e-01
-1.6552170e-01
-1.7294530e-01
-1.6915890e-01
-1.5081570e-01
-1.3152080e-01
-1.1087380e-01
-9.7305850e-02
-9.2301170e-02
-5.5866530e-02
-3.4873190e-03
3.8152180e-02
6.6855380e-02
7.6441190e-02
6.7655480e-02
5.2523330e-02
3.5721620e-02
2.4411030e-02
2.8619930e-02
3.4716420e-02
1.1270800e-02
-6.4213270e-03
1.3257610e-02
3.6721470e-02
3.1838900e-02
9.1794680e-03
-1.1583920e-02
-1.9596660e-02
-2.1002800e-02
-2.6031510e-02
-4.5183310e-02
-7.6308980e-02
-9.6649870e-02
-7.9365560e-02
-4.7075410e-02
-4.6454190e-02
-6.1937220e-02
-8.0608890e-02
-1.0622150e-01
-1.3384930e-01
-1.4381280e-01
-1.1693500e-01
-1.1149640e-01
-1.2673630e-01
-1.2603420e-01
-1.2955310e-01
-1.4034760e-01
-1.4076220e-01
-1.2493140e-01
-1.0878270e-01
-1.0663180e-01
-1.1469200e-01
-1.1089580e-01
-8.7982160e-02
-5.7338820e-02
-3.2560210e-02
-2.4886800e-02
-2.6506120e-02
-1.3007710e-02
2.7750980e-03
5.0259780e-03
-5.4319190e-04
-6.0666670e-03
-1.1212360e-02
-5.3968010e-03
1.7826030e-02
4.3973590e-02
5.7086520e-02
6.0496170e-02
6.0803680e-02
6.6292600e-02
8.1779120e-02
9.3731840e-02
7.6360370e-02
3.6600470e-02
2.7889340e-04
-2.2258560e-02
-2.8050520e-02
-6.4160490e-03
6.1481940e-03
-2.3584110e-02
-4.7601240e-02
-2.2703210e-02
1.6195970e-02
3.9198080e-02
3.2081170e-02
7.3650180e-03
-1.1404340e-03
5.3789370e-02
1.2846850e-01
1.7564020e-01
1.8523270e-01
1.9074840e-01
2.0871810e-01
2.1486770e-01
1.8706020e-01
1.3133380e-01
7.7698610e-02
5.6199990e-02
3.2351700e-02
-4.4192720e-03
-1.9783870e-02
1.9743600e-03
2.7134940e-02
1.9309420e-02
-3.8132810e-03
1.9144080e-04
2.1703550e-02
4.2807200e-02
5.2542120e-02
3.2666910e-02
1.6697390e-02
1.8593220e-02
1.3900980e-02
-2.5677030e-03
-2.1445650e-02
-3.5859010e-02
-3.7939960e-02
-4.0958510e-02
-5.7336600e-02
-7.7174530e-02
-8.8853910e-02
-1.0463220e-01
-1.1904880e-01
-1.0812660e-01
-1.0134040e-01
-1.1848580e-01
-1.0645670e-01
-6.3916060e-02
-1.7777730e-02
2.4598200e-02
5.8469120e-02
7.9325710e-02
1.0380410e-01
1.2438530e-01
1.1571060e-01
9.6486980e-02
8.4902040e-02
7.6854400e-02
5.8206630e-02
3.4643620e-02
1.3853650e-02
1.1802230e-03
3.3636660e-04
-2.3975200e-03
-2.0226490e-02
-4.2745530e-02
-6.7902350e-02
-9.5884190e-02
-1.1186140e-01
-8.7323950e-02
-4.2437950e-02
4.1289740e-03
5.2088530e-02
9.6465330e-02
1.2941900e-01
1.5326020e-01
1.7066120e-01
1.6692990e-01
1.4117160e-01
1.2324360e-01
1.1653680e-01
1.1233600e-01
1.1333090e-01
1.1690510e-01
1.2378050e-01
1.3320300e-01
1.4341310e-01
1.4803320e-01
1.3422910e-01
1.1334750e-01
9.6394570e-02
7.9551150e-02
6.8067160e-02
6.6398900e-02
5.7761330e-02
3.1315470e-02
1.0679070e-02
9.6781480e-03
1.2741880e-02
9.3547440e-04
-3.2337350e-02
-7.0981670e-02
-9.9591840e-02
-1.1734630e-01
-1.2705480e-01
-1.3188560e-01
-1.2746110e-01
-1.2094730e-01
-1.1307480e-01
-9.8439760e-02
-7.3757890e-02
-4.4137840e-02
-2.0876930e-02
-2.5031710e-02
-4.7359120e-02
-5.9978710e-02
-3.2940100e-02
1.6124870e-02
6.4098820e-02
9.8481000e-02
1.0981180e-01
1.1479020e-01
1.1940610e-01
1.2300300e-01
1.2529220e-01
1.2981240e-01
1.3794270e-01
1.4320960e-01
1.1817510e-01
5.0623080e-02
-3.3366390e-02
-1.1096330e-01
-1.5808810e-01
-1.6765660e-01
-1.8123670e-01
-2.0415410e-01
-2.3105960e-01
-2.5921590e-01
-2.7003490e-01
-2.3428070e-01
-1.8034500e-01
-1.3238090e-01
-1.0033890e-01
-7.7603370e-02
-5.5345760e-02
-4.6158460e-02
-6.1366200e-02
-5.8101880e-02
-7.9198490e-03
4.4174970e-02
5.2620110e-02
3.5443570e-02
2.7676380e-02
4.6366160e-02
5.9611010e-02
7.4267910e-02
1.0747420e-01
1.3965300e-01
1.5697870e-01
1.6039770e-01
1.4362450e-01
1.1225410e-01
7.9873930e-02
4.6842960e-02
2.0613880e-02
3.0043770e-03
-8.2342220e-04
-8.0964660e-03
-2.2225090e-02
-3.1442090e-02
-1.5689490e-02
2.1724930e-02
6.4419730e-02
9.4124660e-02
8.8781340e-02
6.9713630e-02
5.8515510e-02
6.4258580e-02
7.0506580e-02
4.7617710e-02
2.0469230e-03
-4.6735490e-02
-7.6171600e-02
-7.6587150e-02
-7.3013210e-02
-8.9445880e-02
-1.1265390e-01
-1.2600540e-01
-1.1355490e-01
-9.2562310e-02
-7.5056500e-02
-6.2840690e-02
-5.6004750e-02
-5.9505970e-02
-6.7359360e-02
-7.4773040e-02
-8.3251960e-02
-9.1452950e-02
-9.2892370e-02
-7.3807560e-02
-4.6118180e-02
-1.8030660e-02
1.1334280e-02
3.6602380e-02
5.0979060e-02
6.1955620e-02
8.0027530e-02
9.9301250e-02
1.1456010e-01
1.2495590e-01
1.2817970e-01
1.1540750e-01
1.0054540e-01
1.0509570e-01
1.1786060e-01
1.3374500e-01
1.6087030e-01
1.9027280e-01
2.1669020e-01
2.4143180e-01
2.5263860e-01
2.1751150e-01
1.5869800e-01
9.9096210e-02
3.9595870e-02
-2.0712310e-02
-8.4647720e-02
-1.4697540e-01
-1.9188420e-01
-2.1104290e-01
-2.3081600e-01
-2.4040460e-01
-2.0261850e-01
-1.3999860e-01
-7.4190060e-02
-3.1189470e-02
-4.8147000e-02
-6.9526860e-02
-6.8849530e-02
-8.3265680e-02
-1.0839320e-01
-1.3109120e-01
-1.4729600e-01
-1.5336140e-01
-1.3736700e-01
-1.1129530e-01
-7.8171050e-02
-3.9533100e-02
-4.3382430e-04
3.4703350e-02
5.8737400e-02
8.0810610e-02
1.0337050e-01
1.1566720e-01
1.0691870e-01
9.0867010e-02
7.8329050e-02
7.0278380e-02
6.4611530e-02
6.2479470e-02
6.4242060e-02
6.1786570e-02
5.1462470e-02
5.0665200e-02
7.1128370e-02
8.7259120e-02
7.3622250e-02
5.0521270e-02
3.5694060e-02
1.6175830e-02
-1.1262280e-02
-4.3437010e-02
-7.6382280e-02
-1.0073660e-01
-1.0200070e-01
-1.0172710e-01
-1.0737540e-01
-1.0990010e-01
-9.1828370e-02
-4.2260780e-02
1.7555320e-02
6.8916840e-02
9.4763220e-02
1.0564660e-01
1.0585400e-01
8.8397690e-02
6.4859010e-02
4.7076140e-02
5.0291380e-02
6.1668160e-02
6.3909270e-02
4.7714650e-02
2.6454560e-02
1.2064580e-02
2.5190720e-03
-4.2787200e-03
-6.5401650e-03
-3.6328250e-03
5.0805360e-04
6.8671390e-03
1.3496470e-02
1.4273470e-02
1.5973300e-03
-1.7232330e-02
-3.1364170e-02
-2.3735940e-02
-3.9370900e-03
-8.2991940e-03
-6.3626330e-02
-1.1238200e-01
-1.3313960e-01
-1.4867070e-01
-1.5516490e-01
-1.3882050e-01
-1.1412030e-01
-9.7667820e-02
-6.8324070e-02
-3.4952670e-02
-2.1927740e-02
-1.3397040e-02
1.1310970e-02
4.3677970e-02
7.0927620e-02
7.1343170e-02
3.3701230e-02
8.6007190e-03
2.7585400e-02
5.6670560e-02
7.8100940e-02
9.0257910e-02
9.6499010e-02
9.5898060e-02
1.0843650e-01
1.4361810e-01
1.6644610e-01
1.3441320e-01
8.0574960e-02
2.4841920e-02
-2.3129060e-02
-3.9708750e-02
-3.4660290e-02
-4.4260730e-02
-6.3341750e-02
-6.5954280e-02
-4.9383090e-02
-3.0920260e-02
-2.8311300e-02
-4.6203650e-02
-6.9823020e-02
-8.3705490e-02
-7.3660500e-02
-6.3005690e-02
-6.1148850e-02
-5.8177840e-02
-4.6995980e-02
-2.8523120e-02
-8.7570930e-03
5.7398400e-03
3.4560620e-03
-1.2714010e-02
-2.7918480e-02
-2.0870030e-02
9.9504440e-03
3.3571330e-02
2.5131760e-02
1.5036600e-02
2.2020680e-02
3.3161270e-02
4.0260240e-02
3.8028200e-02
3.0389190e-02
2.1294060e-02
1.2397250e-02
4.9235620e-04
-1.5996510e-02
-2.8072500e-02
-2.4309140e-02
-1.6753050e-02
-1.4693530e-02
-1.7164170e-02
-2.1639250e-02
-2.1972570e-02
-3.6384160e-03
2.6096550e-02
4.4156940e-02
2.4564570e-02
-4.7037890e-03
5.5390100e-03
3.3860120e-02
5.9898810e-02
7.3654550e-02
6.0648990e-02
1.8424360e-02
-2.4667230e-02
-5.1614960e-02
-8.9087770e-02
-1.0726540e-01
-1.1239540e-01
-1.2502030e-01
-1.2964900e-01
-9.3063550e-02
-3.9480230e-02
1.6467630e-02
7.2293120e-02
1.0493940e-01
9.2211670e-02
5.5049540e-02
1.2143470e-02
-1.8931750e-04
6.0940310e-03
-1.1283050e-02
-4.5235950e-02
-5.3150220e-02
-3.6741310e-02
-2.9899030e-02
-2.7350860e-02
-1.9844090e-02
-2.3839970e-02
-4.4945180e-02
-6.6581290e-02
-7.9577790e-02
-6.6338880e-02
-4.3351000e-02
-2.6505470e-02
-2.3564480e-02
-4.7624910e-02
-7.5682880e-02
-8.0481270e-02
-8.5561800e-02
-6.0475990e-02
-3.0796220e-03
4.2621400e-02
4.0035180e-02
2.2417920e-02
2.8973070e-02
5.6466550e-02
9.3409810e-02
1.2318170e-01
1.2036150e-01
7.9177700e-02
5.7053360e-02
6.4024560e-02
6.9447750e-02
6.9789420e-02
6.4461740e-02
5.1455460e-02
5.0670440e-02
6.4844580e-02
8.4220200e-02
1.0399330e-01
1.1105370e-01
8.4774200e-02
5.3451260e-02
2.1123640e-02
-3.7338060e-02
-8.5570310e-02
-1.0014970e-01
-1.1261000e-01
-9.9485660e-02
-6.4949420e-02
-5.5822190e-02
-7.2640090e-02
-1.0400490e-01
-1.2511040e-01
-1.0131950e-01
-5.9681240e-02
-3.1997750e-02
-2.7913670e-02
-1.8920950e-02
4.7767550e-03
3.1293780e-02
5.9323670e-02
8.5335840e-02
1.0555920e-01
1.1600040e-01
1.2337830e-01
1.2632070e-01
1.2521610e-01
1.2265700e-01
1.2398290e-01
1.3313030e-01
1.3680240e-01
1.0143810e-01
3.9573470e-02
-9.5919770e-03
-1.3453380e-02
-7.0420090e-03
-2.1256270e-02
-2.4712550e-02
-9.3418890e-03
1.0026070e-02
1.8089420e-02
3.2785930e-03
-2.0322620e-02
-3.6095510e-02
-2.8499000e-02
-8.9683630e-03
6.5634380e-03
1.0412640e-02
-2.8325990e-04
-6.5288810e-03
1.1661670e-02
3.4003950e-02
2.3742690e-02
2.0725700e-02
2.3328480e-02
6.5991570e-03
-2.3640120e-02
-5.2330730e-02
-6.0909740e-02
-5.2914800e-02
-4.2818740e-02
-3.6944120e-02
-3.0932680e-02
-1.2490200e-02
1.8104540e-02
5.4729210e-02
7.4731250e-02
3.7248250e-02
-2.6164580e-02
-4.7538790e-02
-2.9893910e-02
-1.3270680e-02
-1.7939220e-02
-4.1870590e-02
-5.0301110e-02
-1.2194920e-02
2.6098410e-02
1.7948120e-02
-1.3069740e-02
-1.7124880e-02
-2.6472580e-02
-5.5572140e-02
-9.5880170e-02
-1.3893160e-01
-1.5691000e-01
-1.2323470e-01
-7.8033270e-02
-4.7244570e-02
-2.5696300e-02
-2.7826830e-02
-4.3930780e-02
-3.5018760e-02
-1.4762210e-02
-2.3354210e-02
-5.3401240e-02
-7.2717870e-02
-6.1909410e-02
-3.3675090e-02
8.1725290e-04
4.1514840e-02
8.5607560e-02
9.9865090e-02
4.6692160e-02
-1.7131930e-02
-2.7400050e-02
-3.4804450e-03
1.7930790e-02
1.3778780e-02
-4.5722320e-03
-3.1699760e-02
-4.3698360e-02
-1.6310750e-02
1.4202050e-03
4.4049770e-03
1.8246850e-02
8.2751710e-04
-4.1273560e-02
-8.0551500e-02
-8.7644670e-02
-6.6393210e-02
-5.0593640e-02
-7.3651960e-02
-1.1156270e-01
-1.1698370e-01
-6.3893520e-02
-2.7796420e-02
-4.6550390e-02
-5.6370770e-02
-3.9815690e-02
-2.1022630e-02
-7.9563230e-03
3.8202600e-03
1.6661410e-02
3.0892930e-02
4.5074700e-02
5.9681440e-02
7.4856010e-02
8.7801770e-02
9.3098540e-02
9.5443410e-02
9.7908570e-02
9.2764750e-02
7.0245410e-02
3.6161380e-02
-1.4672760e-03
-3.2955180e-02
-3.7797180e-02
-2.6722830e-02
-2.6284160e-02
-2.7259540e-02
-1.9056050e-02
-1.7132410e-02
-2.0310560e-02
-1.8477480e-02
-2.3634270e-02
-4.6400470e-02
-7.2005150e-02
-9.2216750e-02
-1.0726190e-01
-1.1893320e-01
-1.0331050e-01
-7.5681760e-02
-4.5314120e-02
-7.4747850e-03
3.8335050e-02
6.7079930e-02
2.4522380e-02
-6.4528980e-02
-9.2787500e-02
-7.3513110e-02
-4.2943330e-02
-2.8601250e-02
-6.1863260e-02
-8.1749720e-02
-4.8248330e-02
-1.0848370e-02
-1.5559880e-02
-3.3006490e-02
-3.1681660e-02
-2.0271320e-02
-9.1229390e-03
-5.7257880e-03
-1.6388630e-02
-2.1972590e-02
-3.0108340e-03
2.0632170e-02
8.8829800e-03
-2.1816890e-02
-3.8869670e-02
-3.4977070e-02
-1.8586730e-02
-3.1330510e-03
3.2099980e-03
7.4163980e-03
2.2397510e-02
4.1522470e-02
5.5647670e-02
6.0496100e-02
5.2826080e-02
3.0258860e-02
9.0593000e-03
4.9072550e-03
-1.1391240e-03
-2.9614720e-03
-1.0122700e-03
-3.2366470e-03
9.4873880e-03
3.2000750e-02
5.4954060e-02
7.5954300e-02
9.0024160e-02
9.5766940e-02
9.7575680e-02
1.0115980e-01
8.4821970e-02
4.4784290e-02
-3.3845830e-03
-4.2871510e-02
-4.7741510e-02
-2.6157510e-02
-9.1612190e-04
1.7501430e-02
2.5593380e-02
5.1009860e-02
1.0216920e-01
1.5484820e-01
1.7906740e-01
1.7104150e-01
1.6573460e-01
1.7262330e-01
1.5727520e-01
1.2701730e-01
9.4693900e-02
6.1299570e-02
3.2495100e-02
1.7766690e-02
1.1842100e-02
6.8837500e-03
3.2946590e-03
1.6165570e-03
2.0589020e-03
-3.5195310e-03
-2.9969580e-02
-6.6750440e-02
-9.8067840e-02
-1.0811920e-01
-9.7127930e-02
-7.8007110e-02
-6.8747800e-02
-7.4031320e-02
-6.9665130e-02
-5.4730740e-02
-4.5868220e-02
-6.6585440e-02
-1.0255680e-01
-1.3267050e-01
-1.4101190e-01
-1.3962320e-01
-1.5620710e-01
-1.7197600e-01
-1.4336200e-01
-9.4848210e-02
-5.5777110e-02
-4.6066140e-02
-5.6949670e-02
-7.0814910e-02
-7.8380170e-02
-6.0063360e-02
-2.8068280e-02
2.4452590e-03
1.5433870e-02
5.8105250e-03
-7.0575530e-03
-1.0046980e-02
-9.7029160e-03
-1.0440150e-02
-1.2226650e-02
-1.1292770e-02
-2.5717660e-03
7.1888400e-03
2.4850930e-03
-3.5671640e-03
1.2243400e-02
4.1604410e-02
7.6785670e-02
1.0592990e-01
9.5116450e-02
4.0348880e-02
-8.2887720e-04
1.0469720e-04
2.3381620e-02
5.5547890e-02
7.6793480e-02
6.7597480e-02
5.8759340e-02
8.4426990e-02
1.1381670e-01
1.2014610e-01
1.2076990e-01
1.2951900e-01
1.1589430e-01
7.3981220e-02
2.6146150e-02
-1.0398160e-02
-2.7074410e-02
-4.1893410e-02
-5.9127150e-02
-5.5956640e-02
-2.7602160e-02
1.0630150e-02
4.8231620e-02
6.8950470e-02
5.4992380e-02
2.9315010e-02
4.3191300e-03
-1.9210500e-02
-3.6090350e-02
-3.7957120e-02
-3.3297310e-02
-2.3011870e-02
5.5458520e-03
4.0826380e-02
7.1483200e-02
8.7499470e-02
9.7560950e-02
1.0850140e-01
1.1501930e-01
1.0645100e-01
9.0394370e-02
8.8054400e-02
1.0562160e-01
1.2724090e-01
1.3988010e-01
1.4616250e-01
1.5254320e-01
1.5717490e-01
1.4449410e-01
1.0736540e-01
6.0255650e-02
1.9649040e-02
2.3373410e-03
2.4211940e-03
-4.8182590e-03
-1.7306250e-02
-3.0412640e-02
-4.1424390e-02
-4.3775820e-02
-3.7491230e-02
-2.8434590e-02
-2.1799960e-02
-2.6629910e-02
-4.1957280e-02
-6.1103250e-02
-8.1655960e-02
-9.7308190e-02
-9.5505590e-02
-8.5306190e-02
-8.2737470e-02
-8.7931120e-02
-9.4417720e-02
-9.5268470e-02
-8.5802500e-02
-7.5773220e-02
-7.3893820e-02
-7.3921060e-02
-6.9115980e-02
-6.4027790e-02
-6.7168590e-02
-7.1165610e-02
-5.1533070e-02
-7.3953110e-03
4.0560510e-02
7.5714220e-02
9.2379370e-02
1.0449300e-01
1.0909030e-01
8.6959400e-02
5.3448780e-02
1.8642070e-02
-1.7766640e-02
-4.8294240e-02
-6.3757600e-02
-7.5413080e-02
-1.0285810e-01
-1.1238330e-01
-8.7775270e-02
-5.1957050e-02
-1.3530400e-02
1.7534810e-02
1.9534390e-02
-2.0474060e-03
-2.2201070e-02
-4.0202770e-02
-5.7583050e-02
-6.8703750e-02
-6.9930290e-02
-5.9592630e-02
-4.4057750e-02
-3.6836610e-02
-3.3146390e-02
-2.8180940e-02
-2.5443960e-02
-3.3013460e-02
-4.8940100e-02
-6.2945440e-02
-6.7044000e-02
-6.6502010e-02
-6.4438770e-02
-4.8808570e-02
-1.0474810e-02
3.5223700e-02
7.9778410e-02
1.2647980e-01
1.7610620e-01
2.1897090e-01
2.2844760e-01
2.0664640e-01
1.7063240e-01
1.1701040e-01
5.3042810e-02
-1.4571870e-02
-6.9155630e-02
-7.1516870e-02
-4.1299700e-02
-6.8605740e-03
2.7091700e-02
6.3018720e-02
1.0179000e-01
1.3429920e-01
1.4049540e-01
1.2505730e-01
9.3058900e-02
5.3789290e-02
1.2338930e-02
-2.4030780e-02
-3.2871720e-02
-1.6481110e-02
8.0874600e-03
1.8184990e-02
-1.8922070e-02
-7.4285240e-02
-1.0907700e-01
-1.1140040e-01
-1.1245390e-01
-1.4928630e-01
-2.0885690e-01
-2.6931830e-01
-2.6259180e-01
-1.2726050e-01
1.6090320e-02
7.5972250e-02
1.1339980e-01
1.5576910e-01
1.8988210e-01
1.8370440e-01
1.5089990e-01
1.1069280e-01
6.7332720e-02
3.7641150e-02
5.3157040e-02
8.2563660e-02
8.3525250e-02
5.2231000e-02
2.5463850e-02
4.3317080e-02
8.3499510e-02
1.1904960e-01
1.2463870e-01
8.7782010e-02
4.5692380e-02
2.0061590e-02
-1.7184380e-03
-3.7055180e-02
-7.5742230e-02
-9.3336590e-02
-6.4068130e-02
-1.8450990e-02
3.0335560e-02
7.9847730e-02
1.0553780e-01
7.9592450e-02
3.5208360e-02
-8.0854430e-03
-5.2641980e-02
-9.5869990e-02
-1.3071240e-01
-1.4837430e-01
-1.3109010e-01
-8.2854540e-02
-2.8100830e-02
2.8641520e-02
9.4543300e-02
1.6792000e-01
2.1653710e-01
1.7913410e-01
9.3924520e-02
7.4597760e-03
-6.4084380e-02
-1.1164120e-01
-1.5539770e-01
-1.8618110e-01
-1.7086360e-01
-1.2861780e-01
-8.1102860e-02
-3.6021610e-02
-1.6156110e-02
-2.8926570e-02
-5.0131550e-02
-5.9848170e-02
-5.8063090e-02
-6.6109500e-02
-8.6483590e-02
-1.1125960e-01
-1.3740400e-01
-1.4146770e-01
-9.8948310e-02
-3.4252780e-02
3.4451790e-02
8.6929950e-02
6.9485920e-02
4.5647300e-03
-6.3985140e-02
-1.0619420e-01
-1.1567440e-01
-1.2574310e-01
-1.4389840e-01
-1.5647680e-01
-1.4478690e-01
-1.0519300e-01
-5.9507600e-02
-7.7281490e-03
5.0484100e-02
8.6146400e-02
4.4762960e-02
-2.8020170e-02
-5.4609580e-02
-5.7915310e-02
-5.9554050e-02
-5.1219020e-02
-3.5379790e-02
-1.4565350e-02
8.2171340e-03
2.5629630e-02
1.6937940e-02
-1.2010760e-02
-4.3412020e-02
-6.6580270e-02
-8.4662200e-02
-1.0247240e-01
-1.0666450e-01
-6.8743210e-02
-1.5196020e-02
3.6976610e-02
8.8696680e-02
1.4079110e-01
1.9719810e-01
2.5138320e-01
2.8455650e-01
2.8604260e-01
2.7627640e-01
2.6907510e-01
2.6950990e-01
2.7980610e-01
2.8617890e-01
2.5396370e-01
1.6262440e-01
5.9104070e-02
-1.8328580e-02
-6.7323900e-02
-1.0919740e-01
-1.4332920e-01
-1.5661530e-01
-1.6385320e-01
-1.6233060e-01
-1.1819040e-01
-4.5766500e-02
1.5973240e-02
2.6849820e-02
8.2818140e-03
-1.2584910e-02
-2.7819250e-02
-2.9324440e-02
-3.5061870e-02
-5.7711140e-02
-8.6015420e-02
-1.1668770e-01
-1.4949360e-01
-1.6843060e-01
-1.4818470e-01
-1.1195320e-01
-7.7489720e-02
-4.3392880e-02
-1.0562840e-02
2.3642500e-02
5.7025530e-02
9.0101680e-02
1.2196450e-01
1.5757920e-01
1.9530510e-01
2.2275020e-01
2.1185070e-01
1.7781700e-01
1.4597360e-01
1.3392820e-01
1.3589240e-01
1.2271770e-01
8.9970390e-02
5.2149000e-02
1.3990410e-02
-2.2764700e-02
-5.0707600e-02
-6.8022390e-02
-8.3182350e-02
-9.9952830e-02
-1.1297500e-01
-1.1105650e-01
-9.6617580e-02
-7.9630170e-02
-6.2005050e-02
-4.4914440e-02
-3.2580040e-02
-2.7824290e-02
-2.5372310e-02
-2.2793070e-02
-2.0450380e-02
-1.8376640e-02
-1.5610800e-02
-1.0170350e-02
-3.2456630e-03
3.7702470e-03
1.0945220e-02
1.8332080e-02
2.5394720e-02
2.9833910e-02
3.0464830e-02
2.8762790e-02
2.7177780e-02
3.2205440e-02
4.8364850e-02
6.0893630e-02
5.2382460e-02
3.7975720e-02
4.0856650e-02
5.5432140e-02
6.8063240e-02
7.5738140e-02
8.2797540e-02
8.7367490e-02
8.0505980e-02
6.5953130e-02
4.9818970e-02
3.2532720e-02
1.6570820e-02
8.8577880e-03
1.1530920e-02
1.6865910e-02
2.2116170e-02
2.8199640e-02
3.4700780e-02
3.6947170e-02
2.8959370e-02
1.6821060e-02
4.4357150e-03
-6.6067250e-03
-1.0793020e-02
-9.8915860e-03
-8.3898760e-03
-1.1661740e-02
-2.1438180e-02
-2.7432230e-02
-2.1720180e-02
-1.2303170e-02
-2.6222340e-03
7.1677590e-03
1.4406020e-02
1.5485040e-02
1.4169610e-02
1.2863650e-02
1.1568650e-02
1.0766950e-02
9.5870790e-03
5.1260460e-03
-3.6342930e-03
-1.0608340e-02
-7.8858490e-03
1.3329460e-03
1.1377220e-02
2.2853890e-02
3.5468910e-02
4.2319570e-02
3.0620920e-02
1.1650330e-02
-7.1926790e-03
-2.6081520e-02
-4.1059010e-02
-5.0840520e-02
-5.9199370e-02
-6.4867800e-02
-5.8099070e-02
-4.2810500e-02
-2.7653980e-02
-1.8490360e-02
-1.2798350e-02
-9.6277590e-03
-7.2971120e-03
1.6198460e-03
1.5368380e-02
3.0212660e-02
4.4028400e-02
5.0767570e-02
5.0209540e-02
4.7957110e-02
4.1913550e-02
2.2788150e-02
-2.1941020e-03
-2.8174040e-02
-5.0614430e-02
-5.7816090e-02
-5.1122070e-02
-3.1443340e-02
-1.6759800e-03
3.0234610e-02
5.9857270e-02
8.2220720e-02
9.9693930e-02
1.0577200e-01
7.6434200e-02
2.2834090e-02
-3.5480530e-02
-8.4317350e-02
-9.6864940e-02
-8.9096710e-02
-7.7897990e-02
-6.7123060e-02
-6.1104230e-02
-6.2842390e-02
-5.7120490e-02
-5.3697780e-02
-6.1436700e-02
-6.9469500e-02
-6.8209560e-02
-5.9230930e-02
-5.2825960e-02
-5.6765110e-02
-6.4663080e-02
-5.9359280e-02
-4.6732120e-02
-3.4772390e-02
-2.7185550e-02
-2.4040430e-02
-2.1526740e-02
-1.9033650e-02
-1.7403610e-02
-1.5788930e-02
-9.1473700e-03
7.3004350e-03
2.7535150e-02
4.7967300e-02
6.7220560e-02
7.9940170e-02
8.4764510e-02
8.0062850e-02
6.1719310e-02
3.8403830e-02
1.5061200e-02
-9.4190940e-03
-3.1589930e-02
-4.6817230e-02
-5.7131500e-02
-6.8520570e-02
-8.0874100e-02
-8.9138940e-02
-8.0798900e-02
-6.4400920e-02
-5.1536680e-02
-5.2880940e-02
-6.0382370e-02
-6.3684430e-02
-5.3335030e-02
-3.4548270e-02
-1.7466540e-02
-7.4427600e-03
-1.9146170e-03
-9.1800600e-04
-6.3308320e-03
-1.3740610e-02
-2.1800280e-02
-2.8969320e-02
-3.1445420e-02
-2.8897590e-02
-2.4994240e-02
-2.1399180e-02
-1.8100320e-02
-1.3766400e-02
-5.6878380e-03
4.3394260e-03
1.3179880e-02
1.7325320e-02
1.7585670e-02
1.4647940e-02
4.0965760e-03
-1.0031870e-02
-1.9749670e-02
-2.5002180e-02
-3.3820350e-02
-4.9620240e-02
-6.7794600e-02
-7.8906640e-02
-6.7158030e-02
-4.6970920e-02
-2.7847940e-02
-8.8392940e-03
1.1670550e-02
3.4967510e-02
5.1871650e-02
4.3027610e-02
1.3769150e-02
-2.0871020e-02
-5.1344910e-02
-5.9819720e-02
-4.5439740e-02
-2.4910210e-02
-3.3697020e-03
1.8440370e-02
3.2392400e-02
3.0949210e-02
2.4097940e-02
1.7860830e-02
1.0661270e-02
2.9046320e-03
-2.7928220e-03
1.1784920e-03
1.1005530e-02
2.2102870e-02
3.2531400e-02
3.9103250e-02
4.0467850e-02
4.0150360e-02
4.0099110e-02
4.0590450e-02
4.0337470e-02
3.5114390e-02
2.3328230e-02
8.5795230e-03
-6.9534580e-03
-1.8323910e-02
-1.6882320e-02
-1.0661370e-02
-5.0092230e-03
1.9867490e-03
1.0158310e-02
1.4121880e-02
2.0921730e-03
-1.8406750e-02
-3.8748700e-02
-5.4650090e-02
-6.3549130e-02
-7.1192920e-02
-7.8180890e-02
-7.9947670e-02
-7.4800670e-02
-6.7253730e-02
-5.8197620e-02
-4.8151380e-02
-3.7110820e-02
-2.5440080e-02
-1.6707270e-02
-1.7082170e-02
-2.1015470e-02
-2.4659080e-02
-2.8847320e-02
-3.3391360e-02
-3.6560130e-02
-3.4498500e-02
-3.0101140e-02
-2.6926970e-02
-2.5393410e-02
-1.9965430e-02
1.6499190e-03
3.2670430e-02
5.2228430e-02
5.0103970e-02
4.1026110e-02
3.2760540e-02
2.4357250e-02
1.6047860e-02
7.2014970e-03
-2.2169810e-03
-1.1659090e-02
-1.6682300e-02
-1.3344770e-02
-7.2149980e-03
-9.4766310e-04
8.0880100e-03
1.9859030e-02
3.3180060e-02
4.5296530e-02
5.1997870e-02
5.3982640e-02
5.9504350e-02
7.0623100e-02
7.3719710e-02
6.2407130e-02
4.6876720e-02
3.1581140e-02
1.6770390e-02
2.0666960e-03
-1.4235360e-02
-3.2206510e-02
-4.4044560e-02
-3.4710340e-02
-1.3325710e-02
9.3269980e-03
2.7627480e-02
3.1348080e-02
2.8958970e-02
2.3002010e-02
1.1971040e-02
-1.0954100e-03
-1.1530790e-02
-1.1858390e-02
-5.8037830e-03
9.1540830e-04
7.2368700e-03
1.2486870e-02
1.7538560e-02
2.2803820e-02
2.8531230e-02
3.3591690e-02
3.5329440e-02
3.2167010e-02
2.7437460e-02
2.2538000e-02
1.8108910e-02
1.6076100e-02
1.6994570e-02
1.8961090e-02
2.0354680e-02
1.9030790e-02
1.5615980e-02
1.1926490e-02
8.4169380e-03
5.0616240e-03
1.0980980e-03
-4.0984080e-03
-7.4106840e-03
-8.4400720e-04
1.3148540e-02
1.6345750e-02
9.3214710e-04
-1.9457690e-02
-3.5720410e-02
-4.6013810e-02
-5.4850520e-02
-6.8358840e-02
-7.5955350e-02
-7.9209010e-02
-8.0645630e-02
-8.2035940e-02
-8.3100960e-02
-8.5128820e-02
-8.8115860e-02
-8.7328910e-02
-7.4002590e-02
-5.5143920e-02
-4.3948230e-02
-3.5577290e-02
-2.4696830e-02
-1.2714010e-02
-5.4575190e-04
1.0598730e-02
1.9342720e-02
2.6686880e-02
3.3568440e-02
3.6541280e-02
3.2656620e-02
2.6243320e-02
2.1814100e-02
2.2891960e-02
2.6678720e-02
3.0522330e-02
3.6028470e-02
4.3146450e-02
5.0008580e-02
5.2654660e-02
5.0874580e-02
4.7906890e-02
4.5902930e-02
4.5051490e-02
4.4680520e-02
4.3977320e-02
4.3226610e-02
4.2998980e-02
4.3342110e-02
4.1172120e-02
3.1661540e-02
1.9161780e-02
7.2346420e-03
-5.4250720e-03
-1.8265660e-02
-2.8444750e-02
-2.9830500e-02
-2.7741780e-02
-2.5628120e-02
-2.3450710e-02
-2.1223380e-02
-1.9506790e-02
-1.8885550e-02
-1.8696130e-02
-1.8425450e-02
-1.8157860e-02
-1.7791090e-02
-1.7599600e-02
-1.7387020e-02
-1.6971240e-02
-1.5535220e-02
-1.3635810e-02
-1.1689490e-02
-9.8198470e-03
-7.9397900e-03
-6.1388270e-03
-4.3581440e-03
-2.5979580e-03
-6.2968810e-04
1.3938430e-03
3.3769470e-03
5.1954320e-03
7.0619810e-03
9.1583610e-03
1.1141120e-02
1.0851270e-02
6.8932370e-03
2.0912030e-03
-1.3386160e-03
-3.7559090e-03
-5.9037550e-03
-8.1758470e-03
-9.7522630e-03
-1.0018450e-02
-9.6807570e-03
-8.4934940e-03
-4.0773680e-03
2.1459600e-03
8.5938880e-03
1.4835770e-02
2.0506090e-02
2.4673110e-02
2.8113230e-02
3.1385210e-02
3.4649090e-02
3.7788160e-02
4.0113170e-02
4.0537460e-02
4.0340500e-02
4.0105810e-02
3.9869770e-02
3.9711890e-02
3.9220640e-02
3.7241790e-02
3.3939990e-02
3.0382040e-02
2.6975090e-02
2.3782270e-02
2.0620570e-02
1.6920260e-02
1.2667240e-02
