0.01
-2.5208700e-03
-5.7800210e-04
2.3134530e-03
2.4330900e-03
7.3842830e-04
1.5654080e-04
-9.2915490e-05
2.3475600e-03
5.1026390e-03
5.6244020e-03
4.8101080e-03
3.3557160e-03
1.5854750e-03
2.1522550e-04
9.0404430e-04
4.4260310e-04
-6.6576980e-04
3.6811770e-04
2.8566150e-03
3.0752400e-03
4.2020080e-04
-2.7094780e-03
-4.0794140e-03
-1.3287750e-03
1.9211730e-03
1.6167200e-03
-8.0863980e-06
-2.9669020e-03
-2.5762640e-03
-3.3902710e-04
-3.3633120e-04
-2.6685740e-03
-4.1385340e-03
-5.5863640e-03
-2.9118780e-03
-1.0543100e-04
-1.5316280e-04
2.3257240e-03
5.3780170e-03
5.4510930e-03
1.6575630e-03
-8.7178220e-04
-2.7108790e-04
1.6257570e-03
3.0176840e-03
1.1815980e-03
-5.9681310e-04
-1.2208120e-03
-2.5568080e-03
-2.4256690e-03
-1.4267040e-04
2.2276540e-03
4.1521240e-03
5.7110680e-03
6.0159150e-03
6.0679870e-03
4.7180350e-03
3.3610390e-03
3.4849410e-03
3.3030330e-03
4.7003880e-03
5.5253510e-03
6.6046060e-03
7.0218370e-03
3.4918890e-03
-4.4953500e-05
-2.3030160e-04
1.0518260e-03
1.1131500e-03
2.0692170e-03
4.1763120e-03
5.9906050e-03
6.1551630e-03
4.6714350e-03
1.6040930e-03
-1.1753090e-03
-1.7491360e-03
-5.9732560e-04
-1.3162470e-03
-2.6561850e-03
-7.2250500e-04
2.2048900e-03
3.3694680e-03
8.0804120e-04
-2.0947350e-03
-1.8024470e-03
-2.8104150e-04
1.9232650e-03
1.4682350e-03
-1.2298560e-03
-1.2348770e-03
-1.4728140e-04
-1.1296170e-03
-3.4017230e-03
-3.8704690e-03
-2.8303820e-03
-1.8563600e-03
-1.3307980e-03
-1.3314700e-03
-6.9586870e-04
-6.7350920e-04
3.5289080e-04
3.2435940e-03
6.2794110e-03
1.0052870e-02
7.4974910e-03
3.9662480e-03
2.0044840e-03
3.1430060e-03
6.8369550e-03
9.7947790e-03
7.8246370e-03
2.9277260e-03
1.4664320e-03
3.7358740e-04
-2.4638320e-03
-3.7973720e-03
-4.4813910e-03
-3.2445390e-03
-1.2166790e-04
-2.4734880e-05
-8.5341190e-04
-1.5660970e-03
-4.9588210e-05
6.2497240e-04
2.2186230e-04
-8.3462110e-04
3.0931820e-04
1.2659260e-03
8.6435380e-04
-1.9631720e-03
-3.0398810e-03
-2.1403640e-03
-2.1945450e-03
-3.1600810e-03
-2.9241900e-03
7.3757090e-04
3.9081100e-03
3.7363320e-03
2.8837950e-03
1.7992450e-03
1.7035550e-03
3.2836360e-03
4.7073260e-03
4.6490470e-03
2.7241800e-03
3.0653550e-03
5.3693370e-03
6.7668590e-03
5.1832060e-03
1.8223420e-03
-3.8228700e-05
1.0658410e-03
3.9795990e-03
3.2204140e-03
1.0400690e-03
1.7979250e-03
3.9720790e-03
5.0208940e-03
4.2894750e-03
2.2127930e-03
1.7449360e-03
3.5760100e-03
2.4116330e-03
-5.6305060e-04
6.0559710e-04
2.8230580e-03
4.7140580e-03
7.2306310e-03
7.0555700e-03
4.3306240e-03
-3.5326000e-05
-2.8138180e-03
-3.5834460e-03
-2.9014480e-03
-9.6841770e-06
4.9259430e-04
-2.5246980e-03
-5.6974740e-03
-4.9233160e-03
-3.1351230e-03
-1.1816930e-03
-2.0790160e-03
-2.5104640e-03
-2.2331710e-03
-7.6292330e-04
4.4201940e-04
7.5387770e-04
3.1267710e-03
2.8841850e-03
-1.7844150e-03
-5.7143430e-03
-6.3976500e-03
-5.1574200e-03
-5.3003520e-03
-8.2162130e-03
-1.3548340e-02
-1.3518130e-02
-9.7342130e-03
-5.9661120e-03
-4.9596790e-03
-4.2525140e-03
-2.2713730e-03
-1.7714060e-03
-2.7964020e-03
-5.5862550e-03
-6.5719200e-03
-3.8227490e-03
-7.1005700e-04
8.9213990e-04
-2.6475740e-03
-5.4648330e-03
-7.4113350e-03
-7.7159800e-03
-8.9617060e-03
-1.3134250e-02
-1.7624770e-02
-2.1963050e-02
-2.4619340e-02
-2.0550070e-02
-1.6713170e-02
-1.5187020e-02
-1.5753630e-02
-1.7713990e-02
-1.6671590e-02
-1.5046910e-02
-1.4045920e-02
-1.4996150e-02
-1.3277370e-02
-9.3379020e-03
-4.5320260e-03
-4.4642240e-03
-7.1925680e-03
-9.2471950e-03
-8.8849570e-03
-8.4256260e-03
-5.9804280e-03
-3.7396460e-03
-2.1959010e-03
1.3609930e-03
4.3465930e-03
6.1447850e-03
1.0839930e-02
1.9500730e-02
2.8191160e-02
2.9972660e-02
3.0535970e-02
2.9967520e-02
2.9687870e-02
2.9300800e-02
2.7616880e-02
2.6042250e-02
2.6799260e-02
2.8269700e-02
2.9549660e-02
2.7987380e-02
2.3876180e-02
2.0459280e-02
1.8546290e-02
1.6009330e-02
1.3213650e-02
1.1417040e-02
8.9388560e-03
7.1176300e-03
5.0350650e-03
3.5561450e-03
2.9475190e-03
4.1553790e-03
6.6721930e-03
8.1165070e-03
9.6511170e-03
1.1885570e-02
1.4630060e-02
1.5555570e-02
1.2544120e-02
6.9525490e-03
5.0826730e-04
-3.7580000e-03
-6.0445020e-03
-7.3478850e-03
-1.0905140e-02
-1.3348110e-02
-1.3346360e-02
-1.2446630e-02
-1.2768620e-02
-1.4832820e-02
-1.5016870e-02
-1.4315060e-02
-1.3518460e-02
-1.4869640e-02
-1.7099500e-02
-1.7309690e-02
-1.6190510e-02
-1.6479560e-02
-2.0016720e-02
-2.3253940e-02
-2.6619580e-02
-2.5652830e-02
-2.2829030e-02
-1.7948780e-02
-1.3952580e-02
-1.0688420e-02
-6.3440300e-03
-8.8312180e-04
5.4584910e-03
8.5812090e-03
1.1498860e-02
1.5846070e-02
2.0873470e-02
2.6074200e-02
2.8877980e-02
2.8424320e-02
2.5772850e-02
2.4162450e-02
2.4461120e-02
2.4257690e-02
2.2761560e-02
2.0531050e-02
1.9811910e-02
1.7277530e-02
1.3702290e-02
8.7858480e-03
2.5151670e-03
-3.3917680e-03
-6.3453260e-03
-7.7532110e-03
-1.0465630e-02
-1.3995820e-02
-1.5175280e-02
-1.4431090e-02
-1.2009550e-02
-8.9272350e-03
-6.0595400e-03
-3.7230780e-03
-3.5519890e-03
-3.9249930e-03
-3.2683650e-03
-7.9342070e-04
1.4202620e-03
3.9454490e-03
5.8757970e-03
8.2418150e-03
1.0674810e-02
1.3717510e-02
1.7018030e-02
1.8514490e-02
1.8012650e-02
1.7512560e-02
1.8794750e-02
1.8581590e-02
1.5702910e-02
9.3956040e-03
3.9441380e-03
-4.4852670e-04
-4.1371270e-03
-7.1759070e-03
-9.1902070e-03
-9.8388080e-03
-1.0546100e-02
-1.2844070e-02
-1.2658440e-02
-1.0685660e-02
-6.2371070e-03
-3.9810060e-03
-3.4748420e-03
-1.3732970e-03
2.9839340e-03
9.6878330e-03
1.3619210e-02
1.3892350e-02
1.1372860e-02
9.1753470e-03
7.4999120e-03
5.7744730e-03
8.2915930e-03
1.3180120e-02
2.0689590e-02
2.7063450e-02
2.9021440e-02
2.7825060e-02
2.5930340e-02
2.4353340e-02
2.4154770e-02
2.4928930e-02
2.4426450e-02
2.2205570e-02
1.9115230e-02
1.4869890e-02
8.9518200e-03
4.8481690e-03
2.1585330e-04
-3.7983650e-03
-5.7820210e-03
-6.7934990e-03
-5.4395720e-03
-4.3305980e-03
-5.8030300e-03
-7.6646680e-03
-1.0697610e-02
-1.4967890e-02
-1.8859810e-02
-2.1535980e-02
-2.4032550e-02
-2.5771330e-02
-2.5625030e-02
-2.2564730e-02
-1.9683290e-02
-1.7193630e-02
-1.6551820e-02
-1.6383260e-02
-1.4786040e-02
-1.3401290e-02
-1.5524660e-02
-2.2217020e-02
-2.9277680e-02
-3.4993820e-02
-3.8485290e-02
-4.3201830e-02
-4.8335320e-02
-4.8069900e-02
-4.4970410e-02
-4.0511020e-02
-3.8189970e-02
-4.0727490e-02
-4.5058930e-02
-4.5655990e-02
-4.3588630e-02
-4.0514030e-02
-3.7025170e-02
-3.3090480e-02
-3.1703070e-02
-3.4605010e-02
-3.7573820e-02
-3.8268290e-02
-3.7455570e-02
-3.4306230e-02
-2.8915500e-02
-2.1348590e-02
-1.1636380e-02
8.8976040e-03
3.6434130e-02
5.0953310e-02
4.7566250e-02
4.0444090e-02
3.5510890e-02
3.4511600e-02
3.6709760e-02
4.2049030e-02
4.6241320e-02
4.7728600e-02
4.5772910e-02
3.9398000e-02
2.5781510e-02
1.2900520e-02
7.0464020e-03
7.0751980e-03
7.2484620e-03
4.7542670e-03
-2.2665380e-04
-4.1771800e-03
-8.0318000e-03
-1.1974660e-02
-1.1923900e-02
-9.7618030e-03
-8.5795640e-03
-8.7497170e-03
-7.3393560e-03
-2.2868880e-03
8.9984370e-03
2.0333410e-02
2.3593590e-02
2.2833620e-02
2.0908620e-02
1.8491320e-02
1.4519460e-02
6.1002370e-03
-7.5228010e-03
-2.4715950e-02
-3.6031410e-02
-3.7668490e-02
-3.6777740e-02
-3.2543610e-02
-3.1673250e-02
-3.2818000e-02
-3.5888370e-02
-3.7386330e-02
-3.8293130e-02
-4.0870670e-02
-4.4664020e-02
-4.7927310e-02
-5.0930330e-02
-5.7044320e-02
-6.2081120e-02
-6.3641150e-02
-5.8988360e-02
-4.7383390e-02
-3.4391110e-02
-1.7189190e-02
4.0033290e-03
2.6644650e-02
4.2698350e-02
5.3337090e-02
5.7200460e-02
5.7885950e-02
5.3625680e-02
4.4884880e-02
3.7105820e-02
3.2167160e-02
2.8859770e-02
2.2850480e-02
1.5871490e-02
5.8603750e-03
-9.0926170e-03
-2.1292900e-02
-2.6925020e-02
-2.5478290e-02
-2.2136380e-02
-1.7790540e-02
-1.6503020e-02
-1.6686890e-02
-1.4331720e-02
-1.2499640e-02
-1.0661000e-02
-9.7972830e-03
-8.2872220e-03
-3.5353110e-03
4.6569040e-03
1.2258980e-02
1.8190660e-02
2.3375700e-02
3.2150450e-02
3.8104230e-02
4.4876680e-02
5.6527080e-02
6.9517890e-02
8.3661020e-02
9.5529220e-02
1.0355720e-01
1.0437680e-01
9.5700180e-02
7.6080920e-02
5.1394350e-02
3.2744270e-02
2.5751950e-02
2.3922990e-02
1.9376290e-02
1.1438790e-02
-1.6192900e-04
-1.8952540e-02
-3.9324900e-02
-5.1181500e-02
-5.4010810e-02
-5.5074850e-02
-5.4732150e-02
-5.1793560e-02
-4.7100170e-02
-4.1890840e-02
-4.0251910e-02
-4.3557890e-02
-4.8791690e-02
-5.0071940e-02
-4.6625190e-02
-4.2402160e-02
-3.9958230e-02
-3.9262200e-02
-3.8788740e-02
-3.5901570e-02
-2.8586190e-02
-1.8253570e-02
-1.3723060e-02
-1.0784630e-02
-9.9173160e-03
-9.4471810e-03
-7.8244450e-03
-6.3050680e-03
6.3852540e-04
1.9714700e-02
3.9822140e-02
4.6633810e-02
4.2244150e-02
3.1487640e-02
1.7001480e-02
4.4064730e-03
-2.0371960e-03
-4.1193050e-03
-4.1526450e-03
-2.8021850e-03
-2.0198430e-04
-2.9470840e-03
-1.0092230e-02
-1.7052960e-02
-2.1401520e-02
-2.2073220e-02
-1.9978390e-02
-1.9907020e-02
-2.8351100e-02
-3.6762070e-02
-4.0078040e-02
-3.6906780e-02
-3.1493830e-02
-2.7691600e-02
-2.6972080e-02
-2.3952650e-02
-1.7143590e-02
-8.4791860e-03
-2.3829590e-03
-3.0315090e-03
-6.5585200e-03
-9.4848880e-03
-1.3743590e-02
-1.4616390e-02
-9.1798800e-03
1.1719720e-02
4.1281390e-02
5.9683040e-02
6.3023440e-02
6.2542350e-02
6.6902470e-02
7.5300410e-02
8.4300720e-02
8.4983160e-02
7.8563110e-02
5.8659150e-02
3.8330690e-02
3.1562470e-02
3.2244430e-02
3.0372790e-02
2.8282090e-02
2.4540930e-02
2.0834270e-02
1.7936480e-02
2.1111330e-02
3.2683970e-02
4.1659130e-02
4.3664390e-02
4.0646090e-02
3.0388160e-02
1.4751290e-02
-1.2146970e-03
-1.2160020e-02
-1.6612930e-02
-1.9049070e-02
-2.0835360e-02
-2.1599690e-02
-1.7573740e-02
-8.9256710e-03
-6.8697960e-05
5.8314300e-03
7.0207910e-03
4.6833020e-03
-4.1517960e-04
-4.1738640e-03
-7.7331610e-03
-7.3221550e-03
1.6600270e-03
1.8531080e-02
3.0647060e-02
3.2164830e-02
2.9368300e-02
2.6498580e-02
2.5828920e-02
2.5564490e-02
2.1249560e-02
9.7798870e-03
-4.8758740e-03
-2.1024590e-02
-4.0969130e-02
-5.6613240e-02
-6.0744960e-02
-5.8122690e-02
-5.2703440e-02
-4.7888710e-02
-4.3876890e-02
-3.6596900e-02
-2.0428550e-02
-4.0558720e-03
-5.1287470e-03
-1.3184580e-02
-1.9029770e-02
-1.7453110e-02
-7.6985010e-03
1.0242710e-03
2.1702740e-03
-1.6444070e-03
-4.0647260e-03
-1.5386500e-03
3.5077940e-03
4.7009330e-03
2.9258290e-03
4.5655620e-03
2.0005560e-02
4.2145770e-02
5.2738220e-02
4.8965380e-02
3.8753320e-02
2.6786620e-02
1.9446630e-02
1.8967060e-02
2.1080560e-02
1.5645290e-02
-4.1182990e-03
-2.8126210e-02
-3.9493250e-02
-2.9843270e-02
-1.2409120e-02
-4.2945920e-03
-3.5803320e-03
-2.4671180e-03
2.3072230e-03
7.5891500e-03
7.6718900e-03
-4.6638220e-05
-1.5132550e-02
-2.9544220e-02
-3.6274060e-02
-3.5069390e-02
-3.0721430e-02
-1.4837560e-02
4.7219830e-03
1.0027270e-02
7.2245710e-03
3.5700310e-03
6.5875640e-03
1.9164270e-02
3.2092000e-02
3.2166780e-02
2.5893360e-02
2.1560210e-02
1.1509270e-02
-3.3050210e-03
-1.4599580e-02
-1.9461210e-02
-1.9424910e-02
-1.7860240e-02
-1.4595430e-02
-1.1740920e-02
-9.0992900e-03
-6.5481100e-03
-2.8966380e-03
-4.7721280e-03
-7.8120450e-03
-9.8933780e-03
-7.1974850e-03
-3.6719780e-03
-4.9282760e-03
-1.2313480e-02
-1.9894780e-02
-2.4294790e-02
-2.4400990e-02
-2.1423650e-02
-1.8765610e-02
-1.7836410e-02
-1.2841590e-02
-5.6898750e-03
-1.9953060e-03
-2.2475210e-03
-4.9176000e-04
4.0941470e-03
7.1103550e-03
6.1426340e-03
3.1823680e-03
1.9262760e-03
3.9147260e-03
8.8559430e-03
1.4525360e-02
1.8225000e-02
1.9300580e-02
1.9815550e-02
1.9726260e-02
1.6896240e-02
9.1615450e-03
4.7642080e-04
-4.5923070e-03
-6.4848020e-03
-6.9958320e-03
-6.0018240e-03
-7.9408710e-03
-1.1869830e-02
-1.7410540e-02
-2.2736630e-02
-2.7237720e-02
-2.8175620e-02
-2.6567820e-02
-2.1455800e-02
-2.0185470e-02
-2.4197300e-02
-2.6318540e-02
-2.2699580e-02
-1.4456290e-02
-6.2631500e-03
2.7313570e-03
1.2274220e-02
1.6408330e-02
1.6690830e-02
1.6261100e-02
1.5555220e-02
1.0802180e-02
4.7379760e-03
-1.3491150e-03
-5.0087260e-03
-3.4980920e-03
2.5054720e-03
8.9337500e-03
9.7621770e-03
8.3479800e-03
1.0280920e-02
1.4443550e-02
1.4917640e-02
7.6652560e-03
4.8971810e-04
-1.3740580e-03
2.8838140e-03
6.6234270e-03
4.5301660e-03
-1.2406780e-03
-6.3097360e-03
-9.6252350e-03
-1.2464630e-02
-1.4102980e-02
-1.4924950e-02
-1.6700910e-02
-1.5155700e-02
-1.1513310e-02
-3.9762330e-03
1.7525710e-03
3.9727160e-03
4.2723020e-03
4.7786370e-03
4.7672430e-03
3.6189690e-03
3.6923840e-03
4.8054380e-03
4.2188100e-03
4.7480460e-03
8.7177020e-03
1.1663310e-02
1.3340890e-02
1.4976260e-02
1.5328680e-02
1.6068630e-02
1.5453130e-02
1.1290330e-02
3.3676690e-03
-2.5901720e-03
-1.5515580e-03
2.0129190e-03
4.7706480e-03
5.8817850e-03
6.3956180e-03
8.6409630e-03
7.2666180e-03
2.1677280e-03
-1.3090610e-03
-2.2820660e-03
-1.8882650e-03
6.7754140e-04
1.1119670e-03
1.3291290e-04
5.1941480e-04
2.7915500e-03
4.7305520e-03
8.0462050e-03
7.7808270e-03
3.6300940e-03
-1.0885930e-03
-2.6643160e-03
-1.7078070e-03
-4.4571290e-03
-1.0406390e-02
-1.4675790e-02
-1.5158930e-02
-1.1715730e-02
-6.1226790e-03
-1.7657380e-03
2.1056990e-03
5.9840710e-03
8.7365400e-03
1.1623670e-02
1.5659320e-02
1.7688080e-02
1.3276270e-02
3.3996270e-03
-7.5807950e-03
-1.0885590e-02
-1.0237170e-02
-9.2561500e-03
-4.0000260e-03
-7.3896390e-04
-1.8356800e-03
-6.2993470e-03
-9.2378870e-03
-7.0156970e-03
-2.2462660e-03
1.9627850e-03
3.6515100e-03
4.9940110e-03
5.8488620e-03
6.1340930e-03
8.3695270e-03
8.5338250e-03
1.0313840e-02
1.1982000e-02
1.5232400e-02
1.7915200e-02
2.0416310e-02
2.0112250e-02
1.7851320e-02
1.8695850e-02
1.8116290e-02
1.5736180e-02
1.3268490e-02
9.5941210e-03
8.1705510e-03
9.1382560e-03
1.3089660e-02
1.4928460e-02
8.9408150e-03
-2.6048830e-03
-1.3626880e-02
-1.5609580e-02
-1.6719670e-02
-1.8515480e-02
-2.1388380e-02
-2.3693980e-02
-2.1600050e-02
-1.7675070e-02
-1.2775260e-02
-1.1622350e-02
-1.5586720e-02
-1.8048540e-02
-1.8833510e-02
-1.7453890e-02
-1.6480390e-02
-1.7468560e-02
-2.0113380e-02
-2.3113740e-02
-2.4139220e-02
-1.8034240e-02
-9.3465940e-03
-3.1691800e-03
-2.0112820e-03
-2.0963550e-03
-4.7445300e-04
1.9623120e-03
3.6288930e-03
3.6859680e-03
3.5855030e-03
4.2677850e-03
6.4283050e-03
1.0707190e-02
1.1833920e-02
1.1003720e-02
6.7583020e-03
4.5409980e-03
7.2301770e-03
1.3571230e-02
1.6359760e-02
1.3332730e-02
8.5241780e-03
6.6699430e-03
7.8116500e-03
9.5993260e-03
1.2011110e-02
1.3315760e-02
1.1800180e-02
4.8619690e-03
1.9559550e-04
-2.7121390e-03
-7.2474230e-03
-9.4886140e-03
-8.6255650e-03
-6.5748080e-03
-3.1863300e-03
-2.9607840e-03
-4.2774120e-03
-6.5393460e-03
-8.7066470e-03
-8.3536130e-03
-6.7240490e-03
-5.8645630e-03
-5.8605680e-03
-4.2724740e-03
-3.7024390e-03
-5.8426380e-03
-7.2552170e-03
-1.0214040e-02
-1.4729350e-02
-1.7577160e-02
-1.5929780e-02
-1.2387590e-02
-9.9768940e-03
-9.1165180e-03
-6.3520850e-03
-1.2641550e-03
1.1397770e-03
-5.6526770e-04
-4.2534080e-03
-6.8394840e-03
-6.8902640e-03
-6.8014780e-03
-8.9069960e-03
-1.1023110e-02
-1.2046000e-02
-1.1448160e-02
-9.3428100e-03
-7.2231670e-03
-3.3698250e-03
-9.5423580e-04
-6.5196850e-04
6.4626950e-04
2.9526390e-03
5.6789230e-03
4.6494530e-03
2.1042470e-03
5.2613840e-04
7.1913700e-05
1.4437630e-03
2.7451350e-03
4.6549900e-03
5.0738730e-03
2.9466310e-03
1.1333220e-03
1.3418610e-03
1.8803190e-03
2.0616560e-03
2.0085240e-03
3.7887280e-03
6.5930360e-03
6.5467430e-03
1.1747110e-03
-4.7691580e-03
-9.7255980e-03
-1.3454210e-02
-1.4216990e-02
-1.6145740e-02
-1.4925980e-02
-1.2760020e-02
-1.0464460e-02
-7.3333010e-03
-3.4154520e-03
6.0053880e-04
4.8008080e-03
5.7668400e-03
3.4910050e-03
2.4870100e-03
6.9150330e-04
5.3091670e-04
1.1913390e-03
3.2525580e-03
1.2015690e-03
-2.2185700e-03
-4.7207430e-03
-3.8441910e-03
-2.2477890e-03
-3.0328950e-03
-2.6726500e-03
-1.2264490e-03
8.7924730e-04
7.9865830e-04
1.0194240e-03
3.2842640e-03
3.7544640e-03
2.1176670e-03
-6.6448810e-04
-1.8912190e-03
-1.6444750e-03
-2.0051830e-03
-2.2725200e-03
-1.3771090e-03
9.5709960e-04
2.7341380e-03
3.5331620e-03
3.5395460e-03
4.8593450e-03
6.4115020e-03
7.1253500e-03
8.6793170e-03
1.0736330e-02
8.9040430e-03
8.1664910e-03
9.7789790e-03
1.1145220e-02
8.4651850e-03
5.6871830e-03
7.7383520e-03
9.9162430e-03
1.4546010e-02
1.7732090e-02
1.6685070e-02
1.1931930e-02
9.2187590e-03
7.4394510e-03
4.9447610e-03
4.4271070e-03
4.6013450e-03
5.7729750e-03
7.2561930e-03
7.3506030e-03
7.0606120e-03
3.1124980e-03
-3.0486940e-03
-8.7422460e-03
-1.0530290e-02
-9.1324350e-03
-7.5842260e-03
-9.0373370e-03
-8.9082830e-03
-6.5390420e-03
-6.2243390e-03
-4.8769430e-03
-2.8484920e-03
-1.3885780e-03
1.1411660e-03
4.7246580e-03
8.3895920e-03
1.0399710e-02
9.8469160e-03
9.3145090e-03
8.0373200e-03
6.9738200e-03
7.0233470e-03
8.4902520e-03
9.8453410e-03
1.0605570e-02
9.8704440e-03
7.4970520e-03
6.1345250e-03
7.8770780e-03
9.2684100e-03
1.0723550e-02
1.2962020e-02
1.2550900e-02
9.3239700e-03
5.5546170e-03
3.9637790e-04
-3.8299510e-03
-4.4090310e-03
-1.9783060e-03
-4.4151960e-04
-1.1106340e-05
-1.7694890e-03
-4.3585720e-03
-4.0426670e-03
-4.1220080e-03
-5.2492510e-03
-5.5343050e-03
-2.3802180e-03
4.3423620e-03
1.1512940e-02
1.2230940e-02
6.9382140e-03
4.2769110e-03
4.6652220e-03
5.5979760e-03
6.1139070e-03
8.3840670e-03
1.0223690e-02
8.2663290e-03
3.0255050e-03
-2.4403410e-03
-2.4636360e-03
3.3363170e-03
1.2991480e-02
1.9129040e-02
2.2405110e-02
2.3390610e-02
2.1629710e-02
1.8627210e-02
1.4763160e-02
1.1753350e-02
8.1270010e-03
4.7287970e-03
3.3648450e-03
3.5074980e-03
3.3093990e-03
1.8413690e-03
-2.9776790e-03
-6.5867920e-03
-6.2423180e-03
-2.9106440e-03
6.9904140e-04
2.9131220e-03
3.2039580e-03
2.5907680e-03
5.0909910e-04
-1.4680560e-03
-2.2458580e-03
-2.0529340e-03
-2.9435570e-03
-2.2775790e-03
-2.0386580e-03
-2.2655570e-03
-4.4938950e-03
-8.1065130e-03
-8.9646240e-03
-8.2328000e-03
-3.8020850e-03
7.3982950e-04
2.8490570e-03
1.0533610e-03
4.6732140e-04
7.2854940e-04
-1.9468410e-03
-7.1877520e-03
-9.3313130e-03
-9.0855490e-03
-8.2686430e-03
-7.2053030e-03
-5.1236380e-03
-5.1285570e-03
-8.0849150e-03
-1.0700390e-02
-1.2368690e-02
-1.3484090e-02
-1.4766230e-02
-1.4712510e-02
-1.4407590e-02
-1.5051400e-02
-1.7293390e-02
-2.0265790e-02
-2.0430090e-02
-1.6125900e-02
-1.2010130e-02
-8.7752580e-03
-7.2007830e-03
-7.9991910e-03
-1.0887410e-02
-1.1811250e-02
-1.2691260e-02
-1.0989520e-02
-9.0902570e-03
-7.8960530e-03
-7.4287740e-03
-5.8205930e-03
-2.3139000e-03
-1.3329660e-04
2.5537300e-03
5.6853620e-03
1.4722080e-02
2.3845670e-02
2.6067260e-02
2.4040080e-02
2.0338440e-02
1.8833710e-02
1.8974360e-02
1.8563370e-02
1.8205000e-02
1.8084090e-02
1.7929150e-02
1.7730260e-02
1.7501180e-02
1.6255420e-02
1.2735190e-02
9.6812490e-03
7.6763600e-03
5.7989630e-03
3.4037130e-03
2.2365690e-03
1.3437030e-03
2.7015420e-03
3.6133200e-03
3.2442650e-03
7.1847830e-04
-1.2469240e-03
-5.5962500e-03
-8.3869020e-03
-1.0113890e-02
-1.0142760e-02
-5.9141920e-03
3.0566070e-04
3.4559930e-03
5.5068610e-03
6.0354570e-03
3.7970240e-03
2.4126380e-03
2.3886080e-03
2.8134710e-03
3.2811040e-03
1.9960630e-03
-8.4203680e-04
-3.5428410e-03
-6.1255750e-03
-7.7369370e-03
-7.2742930e-03
-3.6060220e-03
1.3648620e-03
5.5549650e-03
7.7885750e-03
6.5104200e-03
4.0160070e-03
2.6589410e-03
7.4594060e-04
-1.1779900e-03
-3.3003670e-03
-3.0219620e-03
-2.0545310e-03
-2.3085150e-03
-1.4946150e-03
5.7734500e-04
3.4777410e-03
7.2804360e-03
8.3698650e-03
8.2193670e-03
8.2644950e-03
8.2803060e-03
8.1608440e-03
8.0556420e-03
7.9862850e-03
6.9923880e-03
5.9109180e-03
7.8051590e-03
9.8085700e-03
1.1147120e-02
1.2608660e-02
1.0594070e-02
6.6493430e-03
6.4994270e-04
-3.9573000e-03
-4.6286670e-03
-4.1000640e-03
-3.2724770e-03
-5.9553590e-03
-9.4527730e-03
-1.0533840e-02
-8.4463700e-03
-5.0325250e-03
-3.3833970e-03
-3.4522730e-03
-3.2499640e-03
-1.2168420e-03
-3.7513180e-04
-7.8284380e-04
-2.0217650e-03
-2.2823310e-03
-2.2381280e-04
2.9945980e-03
5.8461380e-03
7.4203680e-03
7.2513580e-03
7.2286100e-03
6.4395810e-03
6.5647450e-03
7.1849590e-03
6.9086690e-03
7.8181950e-03
9.6869120e-03
1.1506450e-02
1.0810650e-02
8.4471220e-03
5.8232420e-03
3.4863420e-03
3.3921450e-03
3.4661770e-03
1.4123100e-03
-1.6206800e-03
-2.4349000e-03
-2.3069490e-03
-3.6798520e-03
-3.6551370e-03
-1.1538710e-03
6.3998450e-04
1.6279700e-04
-1.3090950e-03
-2.3544890e-03
-2.2676760e-03
-2.5605500e-03
-5.0031780e-03
-4.9572120e-03
-2.5640460e-03
-1.1484960e-03
-2.9388290e-03
-6.2348850e-03
-7.2735060e-03
-5.5514810e-03
-2.0102860e-03
4.7711640e-04
2.0902180e-03
3.3686100e-03
1.2931480e-03
-8.5243140e-04
-1.8895180e-03
-3.0427330e-03
-3.1760040e-03
-2.4641960e-03
-2.3955680e-03
-2.6147570e-03
-3.7377960e-03
-4.6240190e-03
-5.1096350e-03
-4.9602180e-03
-4.9509250e-03
-6.7450110e-03
-8.9523010e-03
-1.1378170e-02
-1.2936590e-02
-1.1523660e-02
-8.3318980e-03
-4.2339610e-03
4.3506280e-04
2.9386330e-03
1.5773590e-03
6.6842250e-04
1.0427770e-03
9.0994200e-04
-1.2063120e-03
-1.2755400e-03
-1.4689800e-04
1.7147500e-03
4.4186020e-03
6.2241750e-03
6.0958480e-03
5.7546350e-03
4.1396570e-03
4.2436180e-03
6.9262330e-03
8.7653060e-03
8.9196930e-03
5.5600850e-03
1.5043210e-03
-8.2701450e-04
-2.1487250e-03
-7.1896320e-04
1.0709780e-03
2.8543240e-03
5.1854050e-03
6.8798890e-03
9.4640190e-03
1.0756640e-02
1.1215730e-02
1.0429290e-02
8.5288100e-03
5.2423810e-03
4.8604130e-03
5.0567080e-03
4.5459080e-03
2.1553460e-03
-4.2081680e-04
-1.7331980e-03
-3.4348090e-03
-2.9589220e-03
-8.2817220e-04
3.5630210e-04
-1.0751630e-03
-4.5807210e-03
-5.9949950e-03
-5.9476070e-03
-5.9721560e-03
-6.0611980e-03
-6.0050000e-03
-5.9880640e-03
-6.5368090e-03
-5.8871020e-03
-6.3107760e-03
-9.5461620e-03
-1.2229140e-02
-1.2982900e-02
-1.0578150e-02
-8.1889300e-03
-6.6715000e-03
-5.9194080e-03
-3.7434840e-03
-7.2798030e-04
1.4771610e-03
3.6968670e-03
5.4688610e-03
7.6344950e-03
7.7189650e-03
5.4725570e-03
3.6730200e-03
2.5769650e-03
2.6355620e-03
2.6319640e-03
3.0923560e-03
2.5006930e-03
2.3802350e-03
2.4669180e-03
1.9553650e-03
-1.0404850e-04
-3.7008380e-04
-1.5525840e-04
-2.5695790e-04
-1.3551500e-03
-2.1495180e-03
-1.9560750e-03
-1.5347990e-05
1.4158700e-03
2.5503890e-03
2.4615960e-03
9.3754990e-04
-7.5411370e-04
-1.9304770e-03
-1.8416450e-03
-2.4654810e-03
-3.8805710e-03
-6.2087390e-03
-8.0024110e-03
-7.6653940e-03
-5.0937720e-03
-2.3658200e-03
-2.4116260e-04
-8.3625650e-05
-1.0815460e-03
-2.8287840e-03
-2.6992470e-03
-2.7311930e-03
-4.5397460e-03
-3.8326190e-03
-2.6455280e-03
-2.8406370e-03
-3.3817790e-03
-4.8183930e-03
-7.2651600e-03
-9.4942600e-03
-1.0590040e-02
-1.0643850e-02
-7.7320460e-03
-5.6848260e-03
-4.2058060e-03
-5.0535660e-03
-4.6359840e-03
-1.7652690e-03
4.1907890e-04
1.9049180e-03
1.8879280e-03
2.7367070e-03
4.7657740e-03
5.6818110e-03
5.3906170e-03
5.3745440e-03
4.7101980e-03
2.7550940e-03
1.9246980e-03
6.3976360e-04
-1.9406560e-04
-2.1371670e-04
-6.7973070e-04
4.9227830e-04
1.9567540e-03
3.7930750e-03
5.3429870e-03
5.1529620e-03
5.1898780e-03
5.6974030e-03
5.0982430e-03
4.8569180e-03
3.7297090e-03
1.5825290e-03
-2.4007970e-03
-6.4234460e-03
-9.0659070e-03
-1.0392030e-02
-1.0035260e-02
-8.4399610e-03
-5.7823830e-03
-5.1880930e-03
-5.6031850e-03
-5.6448620e-03
-3.6809340e-03
-1.4860460e-03
-1.5438540e-03
-1.0753290e-03
-5.2355220e-05
-1.5255550e-04
-2.9118020e-04
-2.2959710e-04
-2.9926800e-04
-2.0207750e-03
-3.7244290e-03
-4.9425390e-03
-5.7271760e-03
-6.2257290e-03
-4.8831080e-03
-2.2107670e-03
-2.3845260e-04
-2.0066760e-04
-2.2081830e-04
-8.3786900e-05
-6.8844110e-04
-2.0644150e-03
-3.8151690e-03
-6.0689530e-03
-7.8115820e-03
-1.0013550e-02
-1.1385520e-02
-1.3177740e-02
-1.3389080e-02
-1.1635460e-02
-9.7425990e-03
-7.9481540e-03
-6.6532240e-03
-4.7164330e-03
-4.6320570e-03
-3.1736000e-03
-1.6785380e-03
-1.8950200e-03
-3.4681600e-03
-4.7104890e-03
-5.9380180e-03
-7.1967160e-03
-7.0319440e-03
-6.9686710e-03
-6.9585400e-03
-6.9587310e-03
-6.8573810e-03
-6.7830200e-03
-6.7724170e-03
-6.6649770e-03
-5.1445570e-03
-3.6710690e-03
-1.7122830e-03
-1.8688830e-03
-2.9340580e-03
-2.8767360e-03
-3.7746630e-03
-4.8665850e-03
-5.0999070e-03
-3.3949860e-03
-6.1518740e-04
1.4678080e-03
1.9882100e-03
2.0225310e-03
1.7205330e-03
1.7879760e-03
1.4905860e-03
-5.9038290e-04
-7.0296750e-04
1.6580070e-03
2.6492630e-03
4.4929040e-03
4.5512640e-03
4.4300930e-03
3.9665690e-03
1.4915650e-03
-1.2414800e-03
-3.6329240e-03
-3.3646880e-03
-1.9861610e-03
6.5754910e-04
1.4942340e-03
-7.8298250e-04
-8.2653540e-04
-2.4423240e-03
-4.1298590e-03
-6.0477540e-03
-5.9657530e-03
-5.7899310e-03
-4.5579960e-03
-2.0550100e-03
-1.6761130e-03
-2.8764890e-03
-3.8328040e-03
-5.6854570e-03
-5.7377110e-03
-5.6077610e-03
-5.6574020e-03
-5.6448720e-03
-5.5684780e-03
-5.5446810e-03
-5.5337890e-03
-5.4696200e-03
-6.0253000e-03
-8.1756360e-03
-8.0930950e-03
-7.0210080e-03
-7.4718510e-03
-5.2045680e-03
-5.8254410e-03
-7.5344390e-03
-7.7637370e-03
-8.3831050e-03
-9.0731230e-03
-9.9881960e-03
-7.7872550e-03
-7.0971170e-03
-7.3128250e-03
-7.1804320e-03
-7.1314000e-03
-7.4221290e-03
-5.7362870e-03
-2.8282360e-03
-1.1955790e-03
4.2378610e-04
1.6295280e-03
1.4340390e-03
1.2867330e-03
-7.1194840e-04
-1.2773650e-03
-1.9477490e-03
-1.5104710e-03
4.7633940e-04
3.4840650e-03
4.4969620e-03
4.1262500e-03
3.9057340e-03
1.5436980e-03
1.4971660e-03
1.7408180e-03
1.3978290e-03
9.1374240e-04
1.6309220e-03
1.5731900e-03
2.3134790e-03
4.2378070e-03
4.1620120e-03
3.9621970e-03
4.2005090e-03
4.5883540e-03
3.9318420e-03
3.7863230e-03
2.6863890e-03
1.7480600e-03
1.8912300e-03
3.3640650e-03
4.1152000e-03
6.2323270e-03
6.5243160e-03
6.2791310e-03
6.2298600e-03
5.6629710e-03
4.3490710e-03
2.0874540e-03
9.0703320e-04
6.3808900e-04
-1.5538740e-03
-2.1754220e-03
-1.8617960e-03
-2.4567020e-03
-2.7658040e-03
-1.8293250e-03
-1.7455940e-03
-1.3893390e-04
3.1378130e-04
-1.8236710e-03
-2.0409070e-03
-3.4390010e-03
-4.6439990e-03
-3.3760460e-03
-1.4813020e-03
-1.3153510e-04
1.0804940e-03
1.0321590e-03
1.0174460e-03
1.0992500e-03
1.0972030e-03
1.0326280e-03
-4.1407640e-04
-1.2052630e-03
9.5996530e-04
1.2767010e-03
1.7906590e-05
3.8973700e-04
1.0290170e-03
1.8280680e-04
-3.4586170e-04
-1.1240980e-03
-1.4496380e-03
-9.1354010e-04
5.0274940e-04
1.4395710e-03
8.3229040e-04
-1.1945020e-03
-1.4155640e-03
-1.1762670e-03
-1.3095970e-03
-9.0608370e-04
8.5992640e-05
7.5434600e-05
9.4802920e-04
1.8323900e-03
3.5008880e-03
3.6978320e-03
3.9304710e-03
3.3015560e-03
3.8573360e-03
4.2731440e-03
4.2230840e-03
2.3977950e-03
5.6540670e-04
-1.3111190e-03
-1.7412530e-03
-1.5791350e-03
-3.3508430e-04
1.2200090e-03
1.0719170e-03
1.0058240e-03
1.1311220e-03
1.1589560e-03
1.5107660e-03
3.2010550e-03
1.6126970e-03
-3.6802170e-04
-1.5572490e-03
-1.4552330e-03
-1.4675700e-03
-1.4966210e-03
-1.4344740e-03
-1.3663910e-03
-1.4021630e-03
-1.3225790e-03
-3.6108760e-04
8.1924460e-05
8.8248320e-04
1.5240780e-03
4.6314940e-04
-1.3444130e-04
1.1432270e-04
1.2961940e-04
-8.0227450e-04
2.9670240e-05
6.9345230e-04
1.0649840e-03
2.3883570e-03
3.9367060e-03
4.0707870e-03
4.9919900e-03
4.7688280e-03
4.3488870e-03
1.6100970e-03
8.5448190e-04
1.0310300e-03
9.4120940e-04
8.3318360e-04
-4.4705910e-04
-2.0068160e-03
-1.8151330e-03
-1.7170130e-03
-1.8190820e-03
-1.7841180e-03
-1.5709490e-03
5.6724190e-04
2.0120400e-03
1.0618080e-03
1.1736430e-03
1.8074900e-03
1.4650660e-03
8.9131500e-04
1.9127470e-03
2.6505170e-03
3.6420490e-03
3.6553300e-03
3.5341070e-03
3.5482940e-03
3.3711780e-03
1.2600220e-03
-1.1727010e-04
7.3254850e-04
8.3030230e-04
6.6093520e-04
7.1329060e-04
-4.0791120e-05
-1.9269890e-03
-2.0164210e-03
-2.1930310e-03
-1.7435830e-03
-1.6792730e-03
-1.7094500e-03
-1.6241850e-03
-7.8275350e-04
-5.8306280e-04
1.1652590e-04
3.1416700e-04
-4.3207560e-04
-1.4034860e-04
3.6817330e-05
6.0340650e-04
9.3925350e-04
1.7330500e-03
3.4930460e-03
3.6270620e-03
2.7080590e-03
3.2409000e-03
3.3772750e-03
4.0428650e-03
3.3852730e-03
3.5774100e-03
3.9024350e-03
3.1637210e-03
3.7082520e-03
3.7747090e-03
3.6113810e-03
3.4823190e-03
2.0054820e-03
1.0502780e-03
1.5442090e-03
2.5214960e-03
3.3746430e-03
3.2450270e-03
2.8293600e-03
5.5477630e-04
-1.2577470e-03
-1.8229320e-03
-1.0468220e-03
5.9305400e-04
2.5924540e-03
4.7437930e-03
6.0517830e-03
7.2025220e-03
7.4413260e-03
5.7336690e-03
4.8431270e-03
4.5290690e-03
4.8351620e-03
5.8400280e-03
5.8227730e-03
5.7325020e-03
5.6098710e-03
3.4873100e-03
3.0284340e-03
3.7812700e-03
4.2921260e-03
4.2646010e-03
3.5038410e-03
4.1448900e-03
3.4118460e-03
1.7828200e-03
4.0503490e-04
9.1705440e-06
1.3166210e-04
-8.5755630e-04
-2.4251660e-03
-2.7966160e-03
-2.4364160e-03
-2.1651580e-03
-2.2180440e-03
-2.6777810e-03
-2.7189450e-03
-2.6356450e-03
-2.6314420e-03
-2.7188580e-03
-4.5216550e-03
-4.2204740e-03
-2.9665280e-03
-3.1877220e-03
-4.7930210e-03
-5.2862820e-03
-4.9926660e-03
-5.0797790e-03
-5.1542460e-03
-4.2901200e-03
-3.4213380e-03
-3.1311520e-03
-3.6872020e-03
-3.5608970e-03
-4.1951890e-03
-4.4159670e-03
-4.5315540e-03
-3.5845250e-03
-1.8843560e-03
-2.4823640e-03
-1.9755810e-03
-1.8494740e-03
-2.3462560e-03
-1.7725520e-03
-1.6843380e-03
-1.0345640e-03
9.6140300e-04
1.7787520e-03
2.5188840e-03
3.0442790e-03
3.5577300e-03
4.3828990e-03
5.6651580e-03
6.5293910e-03
6.4501640e-03
7.0319230e-03
7.0295610e-03
6.3835850e-03
6.9295050e-03
7.3789480e-03
7.0175220e-03
8.0712790e-03
7.0511300e-03
5.8338690e-03
5.9384430e-03
6.4245850e-03
8.2025740e-03
8.4816740e-03
8.1418750e-03
7.4914200e-03
8.0243190e-03
8.0628890e-03
7.8681290e-03
7.8062270e-03
7.4456100e-03
5.9494220e-03
4.7924620e-03
4.9013040e-03
3.9273320e-03
4.2056500e-03
4.1444460e-03
4.5781570e-03
4.6584720e-03
4.5419280e-03
4.5130170e-03
3.5982530e-03
2.8278490e-03
1.9730570e-03
3.2283600e-03
4.6048750e-03
3.5060210e-03
1.8933050e-03
