0.01
2.9504558e-03
3.2292511e-03
6.8746605e-04
-1.0002746e-04
2.6091117e-03
5.9118941e-03
7.1253585e-03
5.4738725e-03
3.4554261e-03
2.5136883e-03
7.7800384e-04
-9.0639100e-04
-1.9435135e-03
-1.4293034e-03
-2.1850367e-04
-2.0284845e-03
-3.9427697e-03
-5.0708819e-03
-5.4126038e-03
-7.1389358e-03
-1.0768461e-02
-1.0112251e-02
-5.9584761e-03
4.2860899e-04
5.1613287e-03
4.4458105e-03
1.9922192e-03
2.7794748e-03
5.6018395e-03
7.1757630e-03
7.5687494e-03
7.4792956e-03
7.3201985e-03
3.7768537e-03
4.6356859e-04
1.4651207e-03
7.1802196e-03
1.1375196e-02
6.4539932e-03
7.1227901e-04
-2.3438284e-03
-4.7937727e-03
-7.0487030e-03
-7.5832027e-03
-1.6763829e-03
4.4601291e-03
3.2181039e-03
-2.6654869e-03
-4.8741916e-03
-1.4985219e-03
-4.3505320e-03
-1.1364147e-02
-1.1963283e-02
-7.5882342e-03
-3.7780046e-03
-5.0943375e-03
-5.8390471e-03
-3.5182331e-03
2.2876957e-03
6.9539383e-03
7.8968633e-03
1.1292085e-02
1.6953976e-02
2.1784164e-02
1.8449663e-02
1.0842490e-02
6.7896910e-03
8.1197828e-03
1.0980211e-02
9.9169375e-03
4.4672185e-03
-3.7463829e-03
-8.7207732e-03
-9.0694065e-03
-6.3352955e-03
-3.6033085e-03
-2.8374503e-03
-4.2781993e-03
-1.1138831e-02
-1.7045379e-02
-1.6944512e-02
-1.5179399e-02
-1.2202371e-02
-7.1409874e-03
1.8317704e-04
4.7900455e-03
9.0401599e-03
1.4309674e-02
1.4129758e-02
1.1105907e-02
7.4251114e-03
3.4853914e-03
3.6518875e-04
9.5565826e-04
1.8724036e-03
-3.1086487e-03
-1.0402501e-02
-1.1206343e-02
-5.7230709e-03
2.5457391e-04
6.9519295e-03
1.0273099e-02
6.7516499e-03
7.7256980e-04
2.6164577e-03
9.8837322e-03
9.3775460e-03
5.4442213e-03
8.4062283e-03
1.5155592e-02
1.1846565e-02
-1.9190670e-03
-1.0258196e-02
-9.6713475e-03
-7.4318228e-03
-8.2754163e-03
-1.0152280e-02
-6.2442331e-03
-4.9764123e-04
-4.0031491e-04
-2.5505812e-03
-4.4125257e-03
-3.1800982e-03
1.1068105e-04
-4.9734786e-03
-1.3428643e-02
-1.6236103e-02
-1.2547703e-02
-4.1956755e-03
1.9162339e-03
6.7135427e-03
8.8808315e-03
5.0985503e-03
5.8063437e-04
2.1661888e-03
7.5249269e-03
9.1760509e-03
1.1808405e-02
1.8856317e-02
2.1560891e-02
1.1506380e-02
-8.8098256e-03
-2.7286645e-02
-3.4146477e-02
-2.9703988e-02
-1.8951663e-02
-7.0245733e-03
1.8034704e-03
3.4538691e-03
-3.2365668e-03
-1.4891568e-02
-3.0138726e-02
-4.3927249e-02
-4.9490371e-02
-5.0740206e-02
-5.5712186e-02
-6.4680200e-02
-7.0797010e-02
-6.7141452e-02
-6.1332951e-02
-6.0717224e-02
-5.8424812e-02
-4.7595669e-02
-2.5415817e-02
-4.0753003e-03
1.0008553e-02
2.1831401e-02
3.3423948e-02
4.8220980e-02
5.9324956e-02
6.7146517e-02
8.0905516e-02
1.0164591e-01
1.2131917e-01
1.3077868e-01
1.3344723e-01
1.3390940e-01
1.2830698e-01
1.0892609e-01
7.6508182e-02
3.5575775e-02
-5.4402320e-03
-3.4199936e-02
-5.0074727e-02
-5.8808893e-02
-6.7228873e-02
-7.6607775e-02
-8.5047526e-02
-9.2395752e-02
-1.0135111e-01
-1.1316153e-01
-1.2319483e-01
-1.2972641e-01
-1.3411643e-01
-1.3750080e-01
-1.3637067e-01
-1.2703412e-01
-1.0934096e-01
-9.4983691e-02
-9.1631128e-02
-8.8033621e-02
-7.2577187e-02
-3.5574619e-02
1.6170450e-02
6.9954998e-02
1.2096774e-01
1.6538827e-01
2.0503816e-01
2.3560778e-01
2.5112915e-01
2.5017998e-01
2.3466531e-01
2.1156968e-01
1.8775640e-01
1.6766315e-01
1.5326982e-01
1.4497908e-01
1.4131126e-01
1.3858760e-01
1.3011161e-01
1.1006782e-01
7.5643220e-02
3.1624033e-02
-1.1149956e-02
-4.8385820e-02
-8.0915289e-02
-1.1336357e-01
-1.4863441e-01
-1.7999462e-01
-1.9709818e-01
-1.9225941e-01
-1.7037162e-01
-1.4686977e-01
-1.3018356e-01
-1.1590086e-01
-9.7110326e-02
-7.4357752e-02
-5.3730017e-02
-4.0865584e-02
-3.5237011e-02
-3.0767792e-02
-2.1994332e-02
-9.7278832e-03
8.2718544e-05
3.5469271e-03
2.0866216e-03
3.7385606e-03
1.0290330e-02
1.6710794e-02
2.2870120e-02
2.5936825e-02
2.9850200e-02
3.6268276e-02
3.8099892e-02
3.9512129e-02
4.2838387e-02
4.6081775e-02
4.1263395e-02
2.7096159e-02
1.8078761e-02
2.0133497e-02
3.2031662e-02
4.4117194e-02
4.9822600e-02
4.9579578e-02
4.6146661e-02
4.9592825e-02
5.7779893e-02
6.0177799e-02
4.7123939e-02
1.6492384e-02
-1.7308981e-02
-4.4451681e-02
-6.9600394e-02
-9.4993009e-02
-1.1575818e-01
-1.2469737e-01
-1.1729725e-01
-9.7278814e-02
-7.4166125e-02
-5.9484703e-02
-5.5743815e-02
-6.0314348e-02
-7.2307861e-02
-8.5833240e-02
-9.6230863e-02
-1.0365350e-01
-1.0885803e-01
-1.0957330e-01
-9.9939468e-02
-7.5615588e-02
-4.5235342e-02
-2.0812832e-02
-1.6848953e-03
1.9361291e-02
4.7609290e-02
7.5960170e-02
9.6166877e-02
1.0939131e-01
1.1728158e-01
1.2186762e-01
1.2326948e-01
1.2215922e-01
1.2164979e-01
1.2213064e-01
1.2360281e-01
1.2757935e-01
1.3166563e-01
1.3174312e-01
1.2586188e-01
1.1145905e-01
9.2300912e-02
7.4019179e-02
5.5091783e-02
3.2706180e-02
6.7517173e-03
-1.9195480e-02
-4.4354245e-02
-6.9389741e-02
-9.2864078e-02
-1.1568952e-01
-1.3348857e-01
-1.4010507e-01
-1.3472994e-01
-1.2110203e-01
-1.0715203e-01
-9.4088063e-02
-7.9180313e-02
-6.4249078e-02
-5.3599536e-02
-4.7072895e-02
-3.8858070e-02
-2.8051889e-02
-1.9379865e-02
-1.5337822e-02
-1.2462376e-02
-6.5373057e-03
4.6092711e-03
2.0292938e-02
3.8946307e-02
5.8370772e-02
7.3562453e-02
8.4225420e-02
9.0490310e-02
9.0751082e-02
8.3764740e-02
6.9472390e-02
5.3025059e-02
3.8401358e-02
2.7181692e-02
2.0189719e-02
1.6399670e-02
1.3941871e-02
1.1027708e-02
7.0073294e-03
1.3431646e-03
-8.1118253e-03
-2.0396084e-02
-3.1005267e-02
-3.7373738e-02
-3.9022957e-02
-4.1071784e-02
-4.6333872e-02
-5.1064082e-02
-5.2127669e-02
-4.8159480e-02
-4.2456801e-02
-3.6502133e-02
-3.0012585e-02
-2.4437257e-02
-2.0517468e-02
-1.8127215e-02
-1.4441014e-02
-7.7765399e-03
2.7461984e-03
1.5265147e-02
2.5901119e-02
3.2195900e-02
3.1889091e-02
2.5906933e-02
1.6306559e-02
8.0761763e-03
3.6488236e-03
7.7895064e-04
-1.1750492e-03
-2.0480570e-03
1.0258535e-03
3.8695845e-03
1.5098106e-03
-2.8124829e-03
-6.3919588e-03
-6.7248681e-03
-5.2566803e-03
-3.7315082e-03
-4.4276529e-04
3.2666543e-03
5.4648908e-03
5.5374632e-03
5.1517783e-03
6.5334105e-03
5.8265601e-03
5.3263932e-04
-5.3363336e-03
-8.6080766e-03
-1.0349018e-02
-1.3213047e-02
-1.4623231e-02
-8.7883096e-03
3.9102722e-03
1.6473015e-02
2.3605681e-02
2.6626053e-02
3.0186604e-02
3.6116270e-02
4.1690033e-02
4.3856473e-02
4.2760304e-02
4.2954808e-02
4.5119559e-02
4.5191357e-02
4.1531755e-02
3.3603416e-02
2.4388901e-02
1.5241066e-02
5.1107583e-03
-7.5176651e-03
-2.1683659e-02
-3.1999273e-02
-3.7928677e-02
-3.9551551e-02
-4.0198605e-02
-4.2764104e-02
-4.5108256e-02
-4.8028542e-02
-5.0541310e-02
-5.0976351e-02
-4.8688487e-02
-4.4582570e-02
-3.9667435e-02
-3.3387592e-02
-2.7676443e-02
-2.3677955e-02
-1.9432196e-02
-1.4707141e-02
-9.3968621e-03
-2.5083806e-03
6.0010578e-03
1.6445247e-02
2.6296565e-02
3.5712492e-02
4.4179586e-02
4.9103615e-02
5.0886025e-02
5.0035631e-02
5.0459357e-02
5.1936960e-02
5.0252414e-02
4.3146679e-02
3.2242125e-02
2.3617076e-02
1.8791425e-02
1.4202394e-02
3.7243139e-03
-1.1671295e-02
-2.4014990e-02
-3.2885964e-02
-4.0785672e-02
-4.7373878e-02
-4.8641530e-02
-4.2658361e-02
-3.3975786e-02
-2.7115491e-02
-2.2474923e-02
-1.8008566e-02
-1.5203292e-02
-1.3864261e-02
-1.2887904e-02
-1.1454344e-02
-9.8383952e-03
-9.9645770e-03
-8.5401385e-03
-4.7462081e-03
1.4658628e-03
9.4025019e-03
1.6506813e-02
2.2260053e-02
2.5610789e-02
2.7419894e-02
2.7116605e-02
2.4563114e-02
2.1151434e-02
1.7270415e-02
1.3326684e-02
9.5452587e-03
6.1329229e-03
3.0707249e-03
-3.8360247e-04
-4.9154128e-03
-7.2528058e-03
-6.4362285e-03
-4.6339888e-03
-3.7598529e-03
-4.2991159e-03
-4.8575460e-03
-6.5550613e-03
-9.1708031e-03
-1.2744817e-02
-1.6709284e-02
-1.8953385e-02
-2.0597775e-02
-2.1847024e-02
-2.1730543e-02
-1.9992603e-02
-1.6433927e-02
-1.2414943e-02
-9.0618520e-03
-6.0887723e-03
-2.9062069e-03
1.0200717e-03
5.2287951e-03
9.4398507e-03
1.4167639e-02
1.9081859e-02
2.2626553e-02
2.4039822e-02
2.5252866e-02
2.7059685e-02
2.8205896e-02
2.8012944e-02
2.5974436e-02
2.3453611e-02
2.0771374e-02
1.8094391e-02
1.6103888e-02
1.4927757e-02
1.4659151e-02
1.3331300e-02
1.0467742e-02
5.4575387e-03
-1.2120507e-03
-9.2752397e-03
-1.8133601e-02
-2.4614425e-02
-2.8166188e-02
-2.8541926e-02
-2.7578458e-02
-2.7049032e-02
-2.5729296e-02
-2.3848370e-02
-2.2114534e-02
-2.0250369e-02
-1.9272725e-02
-1.9271387e-02
-1.9643156e-02
-2.0097805e-02
-1.8240790e-02
-1.5010810e-02
-1.1508331e-02
-7.5514658e-03
-3.7188266e-03
3.5257928e-04
3.3214553e-03
5.0152022e-03
5.6044135e-03
7.1133431e-03
1.1795984e-02
1.7323170e-02
2.1920919e-02
2.4568305e-02
2.5098030e-02
2.4412459e-02
2.2635981e-02
2.0303847e-02
1.7487229e-02
1.5519225e-02
1.5131055e-02
1.5453465e-02
1.7152180e-02
1.9298428e-02
2.0611085e-02
1.9660392e-02
1.6075788e-02
1.0642368e-02
4.1283273e-03
-1.2555651e-03
-5.8444172e-03
-9.7273554e-03
-1.2141109e-02
-1.2012852e-02
-8.7248058e-03
-5.2541936e-03
-3.8840970e-03
-4.3669229e-03
-7.0537996e-03
-1.1730434e-02
-1.6121176e-02
-1.9288301e-02
-2.0899446e-02
-2.0788481e-02
-1.8498680e-02
-1.5065047e-02
-1.2123263e-02
-8.2623831e-03
-4.7295560e-03
-2.8314759e-03
-9.4231972e-04
1.9323941e-03
4.5324021e-03
3.7910627e-03
7.3411570e-04
-1.1533539e-03
-7.5188682e-04
6.8120556e-04
2.3081093e-03
4.6798273e-03
6.2176281e-03
7.0821475e-03
8.1784056e-03
9.0036628e-03
1.0481485e-02
1.1853452e-02
1.2554951e-02
1.2115455e-02
1.0962748e-02
1.0510641e-02
1.0845682e-02
1.1458210e-02
9.9594275e-03
7.1090882e-03
3.2716796e-03
-1.4908097e-03
-4.9932933e-03
-6.7632821e-03
-7.1271959e-03
-8.4503866e-03
-9.5445541e-03
-9.4095154e-03
-1.0113427e-02
-1.1958084e-02
-1.3989123e-02
-1.3733931e-02
-1.1909169e-02
-1.2082884e-02
-1.4879767e-02
-1.7276831e-02
-1.7109177e-02
-1.5150609e-02
-1.3238368e-02
-1.2233023e-02
-1.1110911e-02
-8.3418495e-03
-5.2809265e-03
-3.5347886e-03
-2.3775348e-04
5.0590195e-03
1.0518637e-02
1.4986438e-02
1.7870237e-02
1.9384818e-02
1.8256213e-02
1.5567973e-02
1.3269109e-02
1.1840604e-02
1.0710437e-02
1.0157080e-02
1.0063753e-02
7.9237732e-03
3.7991746e-03
-5.2977547e-04
-3.7361006e-03
-5.5177446e-03
-5.4643955e-03
-4.5166887e-03
-4.9695325e-03
-6.7336650e-03
-8.8625955e-03
-1.0358243e-02
-1.1064506e-02
-1.1584409e-02
-1.2571661e-02
-1.3252460e-02
-1.2724484e-02
-1.1701672e-02
-1.0680718e-02
-1.0507956e-02
-9.7264254e-03
-6.4637556e-03
-8.9555219e-04
4.8957375e-03
8.4152967e-03
9.6774690e-03
8.7152485e-03
6.9273838e-03
5.2305108e-03
3.6136500e-03
3.6648585e-03
6.0837799e-03
9.5917261e-03
1.1920971e-02
1.2004713e-02
9.9734266e-03
6.3279306e-03
2.1694693e-03
-1.0980300e-03
-2.7662145e-03
-1.6450815e-03
1.9993533e-03
5.4806281e-03
7.4584061e-03
7.9076403e-03
6.7014122e-03
3.8537705e-03
7.8141247e-04
-4.2928740e-04
7.3545194e-04
2.6748615e-03
4.2226839e-03
5.5251195e-03
7.1847725e-03
9.2460538e-03
1.0184132e-02
8.8385342e-03
6.0801389e-03
4.6279904e-03
4.3920563e-03
3.1242781e-03
1.9134614e-03
2.3579481e-03
3.4206328e-03
2.8905765e-03
1.3527203e-03
1.3546147e-03
2.9009248e-03
4.7044055e-03
6.0563593e-03
6.5205240e-03
5.3247147e-03
2.5588097e-03
-7.5821073e-04
-4.0681727e-03
-6.7059960e-03
-9.0839795e-03
-1.1444205e-02
-1.3646536e-02
-1.5489013e-02
-1.4985088e-02
-1.2373319e-02
-8.9531518e-03
-5.2671490e-03
-2.0607756e-03
2.0336352e-04
6.8322430e-04
1.0961252e-03
2.1531110e-03
1.8635678e-03
-6.9652817e-04
-4.5737689e-03
-7.3356605e-03
-8.3862626e-03
-8.3007575e-03
-7.0007552e-03
-4.8112131e-03
-2.9960109e-03
-1.6989019e-03
-5.0963547e-06
2.2453411e-03
3.9077283e-03
3.2022979e-03
7.2579375e-04
-1.7250252e-03
-2.3048514e-03
-7.1850879e-04
1.3052108e-03
2.8408757e-03
3.4660543e-03
2.9754611e-03
1.3568968e-03
-4.4609704e-05
-4.6926758e-04
-8.1699852e-04
-1.3034871e-03
-2.2545102e-03
-3.4401823e-03
-4.3722845e-03
-4.8375782e-03
-5.2679241e-03
-6.6594296e-03
-8.4055278e-03
-8.6481659e-03
-7.1377592e-03
-5.7016701e-03
-4.5985267e-03
-3.5498746e-03
-2.3097149e-03
-8.7809655e-04
4.5489824e-04
2.4750710e-03
3.8578807e-03
3.9836706e-03
3.5496434e-03
2.9774092e-03
2.1989658e-03
1.0298523e-03
9.2046556e-04
1.7122670e-03
2.4503770e-03
1.2836593e-03
-1.6326230e-03
-3.8364521e-03
-4.1893488e-03
-1.5031494e-03
2.7109945e-03
6.3697741e-03
7.3257499e-03
5.5726098e-03
3.8057516e-03
2.4459645e-03
1.8939219e-03
2.4698656e-03
4.4038693e-03
6.9116175e-03
8.6356999e-03
9.6065264e-03
1.0242240e-02
1.0710722e-02
1.1257340e-02
1.2244397e-02
1.2828106e-02
1.2222031e-02
1.0720762e-02
9.3380233e-03
8.5089391e-03
7.8220606e-03
6.7724829e-03
5.4423667e-03
4.0957196e-03
2.2842538e-03
-2.5625143e-04
-3.7722709e-03
-7.0671940e-03
-8.5151887e-03
-9.0391673e-03
-1.0001720e-02
-1.1845952e-02
-1.3702339e-02
-1.4601640e-02
-1.4911529e-02
-1.5035786e-02
-1.5103567e-02
-1.4798750e-02
-1.3859712e-02
-1.2321483e-02
-1.0732398e-02
-9.5185322e-03
-8.6619536e-03
-7.5049249e-03
-6.0558616e-03
-5.4929152e-03
-5.3026993e-03
-4.2665369e-03
-1.6791775e-03
1.0040642e-03
2.6253159e-03
3.9423241e-03
5.3032222e-03
7.9898595e-03
1.1069245e-02
1.2539019e-02
1.2399037e-02
1.2499750e-02
1.4530063e-02
1.6048287e-02
1.5051746e-02
1.2377425e-02
1.0067063e-02
8.5330849e-03
6.3914964e-03
3.4269858e-03
3.1441465e-04
-1.3601869e-03
-1.3328142e-03
-8.5484309e-04
-1.2834660e-03
-2.6357228e-03
-5.3419914e-03
-9.1808541e-03
-1.1601870e-02
-1.1883748e-02
-1.1112895e-02
-1.0183623e-02
-8.2371908e-03
-5.7189897e-03
-4.2921012e-03
-3.7732284e-03
-3.0265968e-03
-1.6471644e-03
-7.6509066e-04
-9.9293325e-04
-1.0950841e-03
-8.1184763e-05
7.9673958e-04
8.3938649e-04
5.6028525e-04
9.6032231e-04
2.6604121e-03
4.6985793e-03
5.7480007e-03
5.2618300e-03
3.9268569e-03
2.2162357e-03
8.2518981e-04
-3.8704119e-04
-2.2491751e-03
-3.8004557e-03
-3.3923327e-03
-6.7658362e-04
2.4394509e-03
4.9456640e-03
6.2937063e-03
6.1255887e-03
5.0814791e-03
3.1620426e-03
8.8352708e-04
-1.3324107e-03
-2.4276544e-03
-1.8671353e-03
-2.8097463e-04
1.6942238e-03
3.4746066e-03
5.2505198e-03
6.1215464e-03
5.1348042e-03
3.3258408e-03
2.3064890e-03
2.2534112e-03
2.1942415e-03
2.3469140e-03
3.6953734e-03
5.0865872e-03
4.4162146e-03
1.4590312e-03
-2.2852798e-03
-4.9125933e-03
-5.8874143e-03
-5.8069380e-03
-5.1584848e-03
-3.2896186e-03
-4.5201727e-04
1.2847147e-03
5.8035464e-04
-2.2961497e-03
-4.7175528e-03
-5.2196511e-03
-4.6537282e-03
-4.0322750e-03
-3.2518437e-03
-6.8376024e-04
2.6654099e-03
4.0935502e-03
3.0853776e-03
1.4651177e-03
1.7866541e-04
-1.7182252e-03
-3.9374762e-03
-5.9219483e-03
-7.0920584e-03
-7.5933513e-03
-8.1147131e-03
-7.9527541e-03
-6.8487677e-03
-5.6278437e-03
-5.5318368e-03
-6.2778184e-03
-5.6983336e-03
-2.7550105e-03
1.7990483e-04
1.3621168e-03
1.9746813e-03
2.7223695e-03
2.8902380e-03
1.7374073e-03
6.8433761e-04
1.1625201e-03
2.8337326e-03
4.0775856e-03
3.8345779e-03
3.5035906e-03
4.5946813e-03
6.3857509e-03
6.9908077e-03
6.5546333e-03
6.3914546e-03
6.9166460e-03
7.5796548e-03
7.2511787e-03
5.6920533e-03
4.0041770e-03
3.7404013e-03
4.7180970e-03
4.8681377e-03
3.8326993e-03
2.6740439e-03
2.0883110e-03
2.1883321e-03
2.2914344e-03
2.6025644e-03
2.9958004e-03
3.0208539e-03
2.8535755e-03
2.6022449e-03
2.5259467e-03
2.3257504e-03
1.7602345e-03
5.7962289e-04
-6.1363296e-04
-1.4176014e-03
-3.1084945e-03
-5.6868922e-03
-8.0432922e-03
-1.0106016e-02
-1.2296666e-02
-1.3666287e-02
-1.3342871e-02
-1.1717635e-02
-9.7511154e-03
-7.6698284e-03
-4.4748958e-03
-7.8281767e-04
1.9004015e-03
2.7610960e-03
2.2180400e-03
1.1000115e-03
1.8526342e-04
2.6098901e-04
1.6795199e-04
-3.2335900e-04
-3.6345394e-04
5.2815485e-04
2.3318689e-03
3.8818895e-03
4.6435736e-03
4.5180968e-03
3.9654542e-03
3.4906945e-03
2.9540921e-03
2.2050805e-03
1.1697894e-03
-7.6221565e-05
-1.4974548e-03
-3.0027891e-03
-3.5106513e-03
-2.9989600e-03
-3.5012881e-03
-5.2189736e-03
-7.0423247e-03
-8.1423853e-03
-8.2277882e-03
-7.8100594e-03
-7.4200907e-03
-7.1953732e-03
-6.6508254e-03
-6.0202240e-03
-5.6331111e-03
-4.7338929e-03
-2.8260506e-03
-8.5357369e-04
4.1631809e-04
1.2069400e-03
1.7308213e-03
2.2229918e-03
2.8623456e-03
4.2658526e-03
6.2980735e-03
8.3838168e-03
9.5705351e-03
9.0724081e-03
7.8893492e-03
6.4568417e-03
5.2607735e-03
4.8383446e-03
5.4918218e-03
6.8723296e-03
7.3419587e-03
6.5747787e-03
5.2821490e-03
4.0363945e-03
3.1602162e-03
2.7454358e-03
2.9864258e-03
3.3748225e-03
2.9189531e-03
1.7543773e-03
4.3568976e-04
-2.4983661e-04
-3.7951664e-04
-4.1105516e-04
-4.3984582e-04
-1.3294263e-03
-3.1447786e-03
-5.5916702e-03
-7.2768509e-03
-6.8509939e-03
-4.3737013e-03
-1.3701177e-03
-3.7807360e-04
-1.4224146e-03
-2.9196460e-03
-3.0417279e-03
-1.9530699e-03
-9.3698644e-04
-3.0999877e-04
-1.5724037e-04
3.0839588e-04
4.7686337e-04
-3.4521898e-04
-1.3926508e-03
-1.2666736e-03
-3.4588702e-04
-3.9590871e-04
-1.0095132e-03
-1.2248374e-03
-1.0277855e-03
-1.2324663e-03
-1.3723754e-03
-5.8822749e-04
7.3046476e-04
1.6923363e-03
1.6331960e-03
4.9733837e-04
-1.5845879e-03
-3.2946947e-03
-3.5369876e-03
-2.5295243e-03
-1.7240468e-03
-1.9220627e-03
-2.0981042e-03
-1.4449317e-03
-2.3139173e-04
6.0074195e-04
1.5309327e-03
2.6995342e-03
3.0262117e-03
2.9214281e-03
2.9637769e-03
2.9520597e-03
2.0104984e-03
2.3105957e-04
-9.6016016e-04
-1.2590425e-03
-8.0514655e-04
1.1446644e-05
1.3609764e-03
3.2972417e-03
4.6549145e-03
5.3773198e-03
5.6861455e-03
5.6650774e-03
5.6803882e-03
5.9993253e-03
6.6158624e-03
6.4527715e-03
5.4819463e-03
4.6417204e-03
3.9469582e-03
3.5614808e-03
3.4707580e-03
3.6024462e-03
3.4300525e-03
2.2615068e-03
6.9030753e-04
-6.7992838e-04
-1.4405287e-03
-1.5904368e-03
-1.3933127e-03
-1.2118125e-03
-1.2477753e-03
-1.0589898e-03
-9.2546045e-04
-1.2552462e-03
-2.0749616e-03
-2.8894655e-03
-2.9054968e-03
-2.2250823e-03
-1.8464388e-03
-2.2595389e-03
-2.6817070e-03
-2.9848885e-03
-3.6953798e-03
-5.2570243e-03
-6.8891262e-03
-7.5501374e-03
-7.4682413e-03
-7.2121583e-03
-7.4194343e-03
-7.4745558e-03
-6.6570441e-03
-5.3785228e-03
-5.2479029e-03
-6.6502564e-03
-7.8029464e-03
-7.8992380e-03
-7.4182713e-03
-6.7950559e-03
-5.6126847e-03
-4.2924619e-03
-3.7405185e-03
-3.8080959e-03
-4.0436050e-03
-4.0976654e-03
-3.9329172e-03
-3.3261601e-03
-2.1430005e-03
-5.1033760e-04
1.4869108e-03
3.4436974e-03
5.0056023e-03
6.0199396e-03
6.8165954e-03
7.4239874e-03
7.0800726e-03
6.0073380e-03
5.1995542e-03
4.8661446e-03
4.5625679e-03
4.7442753e-03
5.9445939e-03
7.6928881e-03
8.7690887e-03
8.5064336e-03
8.1063121e-03
7.6073819e-03
6.5612391e-03
5.4487222e-03
4.8837598e-03
5.3476207e-03
5.7566793e-03
5.5962813e-03
5.2019820e-03
4.5500435e-03
3.6535837e-03
2.2928142e-03
6.7976197e-04
-6.6677335e-04
-1.8422671e-03
-2.9776926e-03
-3.8629471e-03
-4.3094403e-03
-4.6367758e-03
-5.3344119e-03
-5.5829743e-03
-4.9218665e-03
-4.1988958e-03
-4.3718866e-03
-4.9842913e-03
-4.3627019e-03
-2.9911120e-03
-1.8405190e-03
-7.8168365e-04
1.4763711e-04
6.9678713e-04
3.9515114e-04
-4.9436957e-04
-1.5294964e-03
-2.0604811e-03
-1.6450751e-03
-6.1373564e-04
6.5574379e-04
1.6638204e-03
2.3450072e-03
2.2965736e-03
1.6371603e-03
1.3112831e-03
1.4023914e-03
1.3776578e-03
8.1339149e-04
2.7119169e-04
1.9257446e-04
3.4080193e-04
3.8195734e-04
2.5290090e-04
2.5823458e-04
1.7356326e-04
-2.6441442e-04
-7.8907719e-04
-1.3529049e-03
-2.0987726e-03
-2.8150686e-03
-3.2590572e-03
-3.1503943e-03
-2.8386033e-03
-2.4197417e-03
-1.3431770e-03
-5.3990310e-04
-6.7837558e-04
-1.2612826e-03
-1.7492220e-03
-1.9221405e-03
-2.1577086e-03
-2.6414134e-03
-3.2948905e-03
-3.2713843e-03
-2.3094798e-03
-1.4276160e-03
-1.4265027e-03
-2.3205905e-03
-3.1548020e-03
-3.7448605e-03
-4.4038536e-03
-4.9526220e-03
-4.9263066e-03
-4.0898195e-03
-2.6058956e-03
-2.0273983e-04
2.4773933e-03
4.2920967e-03
5.0701673e-03
5.0615021e-03
4.7862651e-03
4.9065595e-03
5.5623891e-03
6.4917737e-03
6.9667402e-03
6.6981624e-03
6.1144580e-03
5.5501251e-03
5.3285272e-03
5.1749046e-03
5.3679321e-03
6.0867076e-03
6.5104090e-03
5.5664782e-03
3.5210140e-03
1.8131138e-03
1.1828103e-03
1.7872288e-03
2.4953672e-03
2.5620170e-03
2.1923533e-03
1.8654568e-03
1.6891156e-03
1.1792021e-03
3.3116807e-04
-5.9187147e-04
-1.2981128e-03
-1.7775797e-03
-1.7517401e-03
-1.2403164e-03
-7.4860752e-04
-7.9361753e-04
-1.3797478e-03
-1.9004033e-03
-2.2494823e-03
-2.9597458e-03
-4.2220775e-03
-5.1875908e-03
-5.0379811e-03
-4.2595032e-03
-3.7557817e-03
-3.3126811e-03
-3.0841428e-03
-3.5487897e-03
-4.2772282e-03
-4.6370574e-03
-4.5166463e-03
-4.2481828e-03
-3.6011834e-03
-2.7706744e-03
-2.2264463e-03
-1.8785628e-03
-1.8305643e-03
-2.1821468e-03
-2.5571848e-03
-2.0398226e-03
-4.2212358e-04
1.3787831e-03
2.5411523e-03
3.2963856e-03
4.0233708e-03
4.3305384e-03
4.0601905e-03
3.1272059e-03
1.5891201e-03
-4.2018269e-05
-1.0437453e-03
-9.9801133e-04
-1.5665644e-04
6.3830263e-04
5.9408653e-04
2.8769031e-04
2.1823569e-04
9.1275868e-05
-1.3609077e-04
-3.8156653e-04
-3.0738203e-04
2.6071127e-04
1.2216743e-03
2.1985920e-03
2.2984891e-03
1.5981532e-03
1.0192726e-03
7.9609573e-04
5.5507193e-04
1.1800238e-04
-4.1961816e-04
-1.3577943e-03
-2.6114673e-03
-3.6883423e-03
-4.1111495e-03
-3.6805859e-03
-3.0394523e-03
-2.6484897e-03
-2.6596503e-03
-2.8661843e-03
-3.0124113e-03
-3.3942938e-03
-3.9958937e-03
-4.1758475e-03
-3.4545285e-03
-2.4228542e-03
-1.6213064e-03
-9.4130485e-04
-4.6296567e-04
-1.5142530e-04
3.3601476e-04
9.7240862e-04
1.5599032e-03
2.4316724e-03
3.8413302e-03
5.4165857e-03
6.2855467e-03
6.3279600e-03
6.2120422e-03
6.3567277e-03
6.6869678e-03
6.6254747e-03
6.2078254e-03
5.5141429e-03
4.8532848e-03
4.8541262e-03
5.2566842e-03
5.7948521e-03
5.9412801e-03
5.3657368e-03
4.1699459e-03
2.8014668e-03
1.9287534e-03
1.2901094e-03
6.0531240e-04
-8.1579581e-06
-2.1394200e-04
-1.7290772e-04
-4.0367754e-04
-1.0313735e-03
-2.0190812e-03
-3.1535877e-03
-4.1114807e-03
-4.3866135e-03
-4.1679895e-03
-3.9470349e-03
-3.6285587e-03
-2.9678733e-03
-2.2335316e-03
-2.0003175e-03
-2.1021717e-03
-2.6314044e-03
-3.5879841e-03
-4.4019461e-03
-4.6796919e-03
-4.0722450e-03
-3.3167826e-03
-3.0473608e-03
-2.9063803e-03
-2.5789933e-03
-2.0156408e-03
-1.5213872e-03
-1.2107381e-03
-8.5294222e-04
-5.3893415e-04
-6.0257859e-04
-9.9622649e-04
-1.6181312e-03
-2.2088534e-03
-2.7487978e-03
-2.9561848e-03
-2.1863298e-03
-1.0817634e-03
-7.7797276e-04
-1.3485188e-03
-1.7132452e-03
-1.7005827e-03
-1.6926130e-03
-1.5215220e-03
-1.2680598e-03
-1.0419115e-03
-1.1941976e-03
-1.2794807e-03
-5.7335603e-04
5.6827275e-04
1.4307577e-03
1.8228525e-03
2.0253643e-03
1.9731375e-03
1.6128542e-03
9.2102652e-04
3.5338391e-04
6.2368714e-04
1.6701636e-03
2.4965870e-03
2.3309602e-03
2.0483421e-03
2.2817509e-03
2.4906446e-03
1.9595376e-03
1.0664129e-03
7.8763398e-04
7.2363893e-04
3.7987653e-04
1.6476374e-04
2.0154741e-04
-5.8562465e-05
-6.5104314e-04
-8.3182258e-04
-7.4666704e-05
1.2292892e-03
1.9674337e-03
1.6179776e-03
8.2461501e-04
6.1990436e-04
1.1543761e-03
1.5821533e-03
1.5535288e-03
1.6576454e-03
1.8472834e-03
1.3432348e-03
2.3537207e-04
-3.6614565e-04
-1.5092626e-04
-1.6924723e-04
-6.7968704e-04
-8.7274213e-04
-4.1614011e-04
9.1402027e-05
2.9053011e-04
5.0573689e-04
5.2422403e-04
2.4056937e-05
-4.8403190e-04
-1.3344918e-04
7.5587365e-04
1.1678263e-03
1.2867518e-03
1.3427668e-03
8.2590132e-04
-2.2457638e-04
-1.0985219e-03
-1.1117517e-03
-3.2005863e-04
5.0927700e-04
7.3304159e-04
4.9031513e-05
-1.0327615e-03
-1.4895242e-03
-1.0944353e-03
-1.9565123e-04
8.7895490e-04
2.1050028e-03
3.3849251e-03
3.9219751e-03
3.1649863e-03
1.5771062e-03
1.9998447e-04
-4.2320583e-04
-2.3621990e-04
5.5807066e-04
1.3592890e-03
1.8113765e-03
1.9970903e-03
2.2499286e-03
2.2785241e-03
1.9931307e-03
1.6724707e-03
1.2569172e-03
7.6248963e-04
2.2057239e-04
4.7853989e-06
1.0657726e-04
2.6980054e-04
3.3951701e-04
4.1344154e-04
5.5275981e-04
5.7652829e-04
6.1581564e-04
5.7858424e-04
3.7677132e-04
2.8104401e-04
7.6783967e-04
1.5933196e-03
1.9291325e-03
1.5077581e-03
8.8109969e-04
5.0817749e-04
1.0135202e-04
-3.9090896e-04
-5.0139219e-04
4.0765244e-06
6.6137605e-04
8.1709756e-04
2.1849568e-04
-7.5722251e-04
-1.6505188e-03
-2.2515860e-03
-2.6410578e-03
-3.0916669e-03
-3.6882858e-03
-4.5863692e-03
-5.2520619e-03
-5.2738896e-03
-5.0519087e-03
-4.7787352e-03
-4.6053313e-03
-4.3777440e-03
-4.2576896e-03
-4.4820049e-03
-4.8306335e-03
-5.1764994e-03
-4.9073500e-03
-3.9502683e-03
-2.9338158e-03
-2.0501955e-03
-1.3739556e-03
-1.0094202e-03
-9.7420180e-04
-1.0650876e-03
-1.2760213e-03
-1.8032823e-03
-2.5040527e-03
-2.9656088e-03
-2.7964865e-03
-2.0811567e-03
-1.2852102e-03
-7.5062016e-04
-6.2808586e-04
-7.7582710e-04
-6.7398624e-04
-2.4713113e-04
3.7403542e-04
1.0987335e-03
1.4392753e-03
1.2753009e-03
9.2517638e-04
9.5645042e-04
1.1584119e-03
9.0625620e-04
6.7831798e-04
1.0536674e-03
1.8931225e-03
2.6474192e-03
3.1730088e-03
3.5400603e-03
4.0549199e-03
4.8904192e-03
5.0588475e-03
4.1152870e-03
3.0248841e-03
2.7411865e-03
2.9234252e-03
2.9119085e-03
2.9270301e-03
3.1626384e-03
3.4499349e-03
3.6149366e-03
3.9143650e-03
4.2734562e-03
4.2932137e-03
3.9851204e-03
3.3967387e-03
2.7720814e-03
2.2623037e-03
1.9202531e-03
1.6406183e-03
1.3332855e-03
1.0257351e-03
6.8308499e-04
3.8921023e-04
-4.9912687e-05
-5.4632577e-04
-8.2885070e-04
-9.0467579e-04
-1.0610366e-03
-1.5600028e-03
-2.1517125e-03
-2.6026033e-03
-2.9718220e-03
-3.5620377e-03
-3.8858804e-03
-3.2049970e-03
-1.9431118e-03
-9.8218853e-04
-9.5190287e-04
-1.6049684e-03
-2.3165936e-03
-2.8496605e-03
-3.0435550e-03
-2.8258595e-03
-2.1935629e-03
-1.1990774e-03
-1.4663334e-04
5.3175766e-04
6.8218964e-04
6.6065458e-04
8.4294587e-04
1.0353699e-03
1.0921252e-03
1.2868836e-03
1.5295854e-03
1.5632980e-03
1.3649989e-03
9.8306424e-04
6.1116836e-04
4.5388867e-04
7.2641426e-04
1.2555679e-03
1.5255642e-03
1.3145489e-03
8.8258539e-04
5.1680618e-04
-2.9246904e-05
-6.6690506e-04
-9.1949794e-04
-9.0360258e-04
-1.0611856e-03
-1.3240593e-03
-9.9696294e-04
2.7106109e-04
1.6568712e-03
2.1904232e-03
1.8605060e-03
1.3022394e-03
1.1282912e-03
1.0234777e-03
3.0873798e-04
-6.1201219e-04
-8.8762124e-04
-6.1047542e-04
-5.3468432e-04
-1.1700958e-03
-1.9464193e-03
-1.8840946e-03
-1.1418091e-03
-3.7335923e-04
2.4662759e-05
1.8516749e-05
-3.2893922e-04
-9.4313725e-04
-1.5345727e-03
-1.9894741e-03
-2.2920246e-03
-2.2760644e-03
-1.7630203e-03
-1.0316466e-03
-3.6397699e-04
2.6093202e-04
7.3782731e-04
8.0454302e-04
3.8846602e-04
-1.0993230e-04
-4.6539405e-04
-5.9133729e-04
-4.7136487e-04
-2.8479995e-04
5.6324894e-05
6.6462962e-04
1.1079722e-03
1.0403898e-03
8.4039128e-04
7.6606561e-04
7.2235482e-04
1.9394988e-04
-6.7974680e-04
-1.0108161e-03
-9.5729823e-04
-1.0296922e-03
-1.1625401e-03
-9.2847819e-04
-5.7773868e-04
-6.8007708e-04
-9.1654428e-04
-9.5982980e-04
-7.7840053e-04
-5.6008580e-04
-7.3025144e-04
-1.1756104e-03
-1.5162046e-03
-1.6667248e-03
-1.7163890e-03
-1.4321868e-03
-4.7489638e-04
6.6762178e-04
1.1068977e-03
4.2065268e-04
-5.8248304e-04
-9.9467679e-04
-9.8351596e-04
-1.0305211e-03
-1.1621471e-03
-8.7083792e-04
-2.0414641e-04
3.0369335e-04
2.7004062e-04
-5.9988035e-05
-2.7222737e-05
5.2877004e-04
1.1894382e-03
1.6241293e-03
1.6674866e-03
1.2267371e-03
1.1507868e-03
1.7608768e-03
2.1443343e-03
2.1930287e-03
2.6101549e-03
3.4311718e-03
4.0352099e-03
4.0881372e-03
3.6138336e-03
2.8078387e-03
2.0246334e-03
1.7217934e-03
1.7861844e-03
1.5709588e-03
1.1838175e-03
1.0037491e-03
9.5497129e-04
1.1020378e-03
1.4696558e-03
1.6929901e-03
1.3790692e-03
8.2349473e-04
3.3680086e-04
-2.8421786e-04
-8.6360069e-04
-1.4290498e-03
-1.9730118e-03
-2.0315406e-03
-1.7133164e-03
-1.6048163e-03
-1.9024810e-03
-2.2846434e-03
-2.4400928e-03
-2.3077404e-03
-2.3369512e-03
-2.8643226e-03
-3.1137678e-03
-2.4871682e-03
-1.8662924e-03
-1.5568922e-03
-1.1316930e-03
-8.5977320e-04
-9.4433567e-04
-1.2662611e-03
-1.4667872e-03
-1.4330317e-03
-1.1954602e-03
-6.9500813e-04
-3.0763526e-04
-2.3979475e-04
-1.0306412e-04
6.5334590e-05
-2.8840807e-04
-9.8257352e-04
-1.1860263e-03
-7.1242493e-04
-2.1816648e-04
-3.0636349e-04
-6.8757604e-04
-7.8406025e-04
-5.8611086e-04
-6.8334659e-05
7.1452871e-04
1.4353722e-03
1.6563103e-03
1.5307749e-03
1.4183517e-03
1.2050524e-03
1.1572775e-03
1.4440772e-03
2.0993838e-03
2.8133685e-03
3.2812218e-03
3.2917828e-03
2.5772769e-03
1.8403258e-03
1.4093490e-03
9.3448096e-04
2.5722956e-04
-1.4013749e-04
4.2600658e-05
2.2521507e-04
3.0370981e-04
7.1009570e-04
1.3932271e-03
1.5262101e-03
9.0987424e-04
4.7176973e-04
7.8011582e-04
1.1139699e-03
6.9705956e-04
-7.4575069e-05
-5.8834720e-04
-7.2381220e-04
-6.9287602e-04
-5.9868235e-04
-4.6570102e-04
-2.1762112e-04
3.0210389e-04
5.2019963e-04
-1.8223069e-05
-9.7752181e-04
-1.6753064e-03
-1.9609932e-03
-2.0609956e-03
-1.7109857e-03
-1.3137064e-03
-1.3445900e-03
-1.6725164e-03
-1.7315768e-03
-1.4390505e-03
-1.4474858e-03
-1.6830209e-03
-1.7994383e-03
-1.4963593e-03
-9.3957299e-04
-4.4167449e-04
-4.5351387e-05
4.4585206e-04
1.1548053e-03
1.6476143e-03
1.6772404e-03
1.0927710e-03
2.8303688e-04
-1.3245224e-04
-4.2904442e-04
-7.5888500e-04
-8.5641076e-04
-4.9229720e-04
2.5888282e-04
7.4582857e-04
6.3450559e-04
-1.2238133e-04
-1.4189537e-03
-2.5840129e-03
-2.8059091e-03
-1.9919676e-03
-7.4320377e-04
4.4874757e-04
1.0869165e-03
8.9330010e-04
3.0054763e-04
-2.6648659e-04
-7.5365892e-04
-7.7936681e-04
-4.4165067e-05
1.2289345e-03
2.2428803e-03
2.2745237e-03
1.5608760e-03
4.4606174e-04
-5.5898563e-04
-7.8360368e-04
-3.5666977e-04
-2.7745087e-04
-9.1557024e-04
-1.4088144e-03
-1.2955331e-03
-6.7824918e-04
-9.6230013e-05
3.0486215e-04
9.2040520e-04
1.5021160e-03
1.7197453e-03
1.6104180e-03
1.5884731e-03
1.5996375e-03
1.5447467e-03
1.5260369e-03
1.3755390e-03
1.2009864e-03
1.0839319e-03
9.9431382e-04
6.2980825e-04
2.7098939e-05
-5.8157471e-04
-1.2460605e-03
-1.5938172e-03
-1.0258488e-03
4.4202287e-04
2.0041310e-03
3.0344923e-03
3.4574863e-03
3.5062355e-03
3.1392542e-03
