0.01
-2.0988510e-03
-7.1740150e-03
-1.2226300e-02
-1.6077010e-02
-1.4517460e-02
-8.1502720e-03
1.0893990e-03
7.7092680e-03
7.4058870e-03
4.6207490e-03
-1.8473550e-03
-1.1132120e-02
-1.7696870e-02
-2.3583070e-02
-2.3415100e-02
-1.9186720e-02
-1.2281380e-02
-8.0189290e-03
-4.5830020e-03
-2.5495540e-03
-5.3498480e-04
-2.5832200e-03
-3.0716190e-03
-3.3384840e-03
-3.5494690e-03
5.5664000e-04
8.6507410e-03
1.6163280e-02
2.1469710e-02
2.4574120e-02
2.7214730e-02
2.9757730e-02
3.2935310e-02
2.7581710e-02
1.6393470e-02
6.2812150e-03
6.5309370e-04
-5.2487100e-03
-8.2354760e-03
-9.4253250e-03
-8.0644000e-03
3.5699790e-04
5.8557930e-03
3.7393760e-03
-2.3759350e-03
-6.3516950e-03
-6.6794570e-03
-4.3260880e-03
1.6090190e-03
4.2577990e-04
-2.6954070e-03
-8.5382580e-03
-1.1419100e-02
-1.0970470e-02
-9.5268240e-03
-3.0002910e-03
-9.8105240e-04
-7.6728230e-03
-1.5841940e-02
-2.2917150e-02
-2.0054360e-02
-1.4326550e-02
-6.1040120e-03
2.3689100e-03
2.8018750e-03
-1.6238670e-03
-1.0202760e-02
-1.2886600e-02
-1.2549520e-02
-1.2576950e-02
-1.2461580e-02
-1.0777610e-02
-1.1099180e-02
-7.5496550e-03
-8.8960100e-03
-3.8956830e-03
3.2394010e-03
6.0194790e-03
4.3190920e-03
-6.9164680e-04
-8.8612980e-03
-1.5506020e-02
-1.5054910e-02
-1.2493670e-02
-2.6614560e-03
8.5787930e-03
1.8216080e-02
2.6997980e-02
3.2693160e-02
3.5234570e-02
3.5356150e-02
3.4070100e-02
2.6020540e-02
1.8397860e-02
1.6705920e-02
1.0096970e-02
-1.1037920e-03
-1.1949840e-02
-1.3956290e-02
-1.7430800e-02
-2.2375100e-02
-2.2778260e-02
-2.4609420e-02
-2.4243790e-02
-2.2217810e-02
-1.1364670e-02
-2.5866360e-03
-2.9366330e-03
-4.2201720e-03
-1.7678620e-03
-2.2536120e-03
-1.8181130e-04
4.5266000e-03
7.3659750e-03
3.7823910e-03
1.6459910e-04
-1.6392140e-03
-5.5990550e-03
-9.9495320e-03
-5.1177450e-03
1.0513040e-03
-1.6867160e-03
-8.3422450e-03
-1.2793560e-02
-1.7891230e-02
-1.9501760e-02
-9.6823230e-03
4.4640740e-04
-5.8484650e-03
-1.4824900e-02
-1.9074990e-02
-1.9961170e-02
-1.7928230e-02
-1.0049100e-02
6.8764620e-03
1.9156790e-02
2.2592080e-02
2.1752830e-02
1.5931370e-02
9.0264710e-03
5.2819520e-03
5.0717300e-03
1.7391960e-03
-4.3897350e-04
-5.0403200e-03
-1.5246720e-02
-2.8363920e-02
-3.5835930e-02
-3.4146630e-02
-3.0259170e-02
-2.9901930e-02
-2.9093370e-02
-2.9234130e-02
-2.6669650e-02
-2.4273840e-02
-1.3392070e-02
5.7034920e-03
1.5709420e-02
1.3665250e-02
6.7907220e-03
4.6610720e-03
1.1261320e-02
1.8799780e-02
2.5893500e-02
2.7453280e-02
2.1029330e-02
7.9343990e-03
-3.5941250e-03
-8.5045530e-03
-6.0193630e-03
2.7631580e-03
1.3917770e-02
2.5761440e-02
3.7836610e-02
4.1574320e-02
2.8097530e-02
1.0239820e-02
-1.2907100e-03
-7.1153120e-03
-9.8853010e-03
-1.3717190e-02
-5.1143710e-03
2.0365770e-03
-5.5670570e-03
-1.3815250e-02
-1.6570300e-02
-8.5456280e-03
-5.4358150e-03
-2.2032690e-03
-5.6893000e-04
1.0709480e-03
9.9272620e-04
-7.2117990e-03
-1.6601240e-02
-2.3084260e-02
-2.8702560e-02
-3.0765430e-02
-3.1255450e-02
-3.3028630e-02
-3.1610340e-02
-2.2916060e-02
-1.0190000e-02
-1.9953720e-03
7.3686310e-03
1.1922900e-02
1.8860830e-02
2.7332980e-02
3.7666770e-02
4.8167060e-02
5.2155570e-02
5.3518700e-02
5.0950780e-02
4.0189900e-02
2.4828580e-02
1.3646130e-02
1.1280740e-02
1.5597880e-02
2.0984660e-02
2.6689660e-02
2.7059300e-02
2.6265370e-02
2.3010240e-02
1.9011790e-02
2.0674580e-02
2.3723040e-02
1.9910450e-02
1.3118880e-02
7.6847140e-03
1.2483350e-04
-1.9230180e-03
-3.5423010e-04
1.1205070e-03
1.2474680e-03
-5.5029670e-03
-9.3980620e-03
-1.3905120e-02
-2.0540610e-02
-1.9428240e-02
-7.7740130e-03
8.5490640e-03
2.4867820e-02
4.1176990e-02
5.0659770e-02
5.4955190e-02
4.9986870e-02
3.8639700e-02
2.2236300e-02
1.0189230e-03
-1.8932870e-02
-3.8095870e-02
-5.8620920e-02
-7.1674380e-02
-8.0790000e-02
-8.5073690e-02
-8.4505260e-02
-8.1376180e-02
-7.6337170e-02
-6.5289920e-02
-4.9253250e-02
-2.5872430e-02
2.5286270e-03
2.6241880e-02
4.5786900e-02
6.5148150e-02
7.0943510e-02
6.0878710e-02
4.4830780e-02
3.4777820e-02
3.0855150e-02
3.3032850e-02
4.2570370e-02
5.7952730e-02
7.6241950e-02
8.8094760e-02
9.1220780e-02
8.5312700e-02
6.6525410e-02
4.2816250e-02
2.4228490e-02
1.2324860e-02
5.7763200e-03
5.2845820e-03
1.2102540e-02
2.1645010e-02
3.6201820e-02
4.7629780e-02
5.3907400e-02
5.4914720e-02
4.6156900e-02
3.4806870e-02
2.1117900e-02
5.2805020e-03
-7.1923770e-03
-1.7800370e-02
-2.8305560e-02
-3.9592380e-02
-5.1907450e-02
-5.7646780e-02
-5.0123710e-02
-2.0365110e-02
2.4110730e-02
6.1232440e-02
8.9818620e-02
1.0679580e-01
1.1368280e-01
1.1443580e-01
1.1670690e-01
1.1473800e-01
1.0714600e-01
9.1305020e-02
6.7000460e-02
3.7079410e-02
2.3862360e-03
-3.8119390e-02
-7.8398810e-02
-1.1506030e-01
-1.4338850e-01
-1.6392070e-01
-1.7177970e-01
-1.6653130e-01
-1.3362180e-01
-8.1915890e-02
-4.3983160e-02
-1.8987630e-02
-6.0441020e-03
2.6499680e-03
8.8450570e-03
8.4628140e-03
-4.0049200e-03
-2.6736340e-02
-4.6156690e-02
-5.9725750e-02
-6.7129260e-02
-6.5376690e-02
-5.5438730e-02
-3.7102260e-02
-2.6517010e-02
-2.5152360e-02
-3.0573190e-02
-3.7569020e-02
-4.7355350e-02
-5.7861460e-02
-6.8782760e-02
-7.7892110e-02
-7.3206480e-02
-5.8793590e-02
-3.5411540e-02
-1.9409590e-02
-1.1196110e-02
-1.1357990e-03
7.6532960e-03
1.3468950e-02
1.8668360e-02
2.3654700e-02
3.0279300e-02
3.5395540e-02
3.3692060e-02
3.6065230e-02
3.8264470e-02
3.8393940e-02
3.8803150e-02
4.1272590e-02
4.4749150e-02
4.7774560e-02
5.5775580e-02
6.1092360e-02
6.6091970e-02
6.9696400e-02
6.3777410e-02
4.3700160e-02
1.2422820e-02
-1.8014060e-02
-3.6037520e-02
-4.0600710e-02
-3.5365440e-02
-2.1150920e-02
-2.1058390e-03
1.5090710e-02
2.3522980e-02
2.7971210e-02
3.5009370e-02
4.1744700e-02
4.8868100e-02
5.6338750e-02
5.9361860e-02
5.3561920e-02
3.9302130e-02
2.3691720e-02
9.1326140e-03
-3.8593560e-03
-1.7881530e-02
-3.0975660e-02
-4.3388200e-02
-5.6048160e-02
-7.0028340e-02
-8.2261410e-02
-9.2772090e-02
-1.0282510e-01
-1.0995190e-01
-1.1849110e-01
-1.2745560e-01
-1.3509630e-01
-1.3683290e-01
-1.3605660e-01
-1.3259150e-01
-1.1639780e-01
-8.7792170e-02
-6.3563120e-02
-4.5278710e-02
-3.6974340e-02
-3.6363380e-02
-3.9480130e-02
-3.8869460e-02
-3.1057600e-02
-1.1969080e-02
7.4142190e-03
2.6123050e-02
3.8379240e-02
4.4672670e-02
4.5813370e-02
4.5556460e-02
4.7598260e-02
5.1248070e-02
5.8487940e-02
7.0864050e-02
7.9318920e-02
8.4600110e-02
8.5360300e-02
8.1526410e-02
7.6058460e-02
7.6164930e-02
8.5052960e-02
9.6114340e-02
1.1099520e-01
1.2860450e-01
1.3371280e-01
1.1642030e-01
8.1121580e-02
3.6512350e-02
-7.4374740e-04
-3.1370960e-02
-5.9821430e-02
-7.9062600e-02
-9.3567540e-02
-9.5541720e-02
-9.5498180e-02
-8.8975490e-02
-7.3584300e-02
-5.4224390e-02
-3.5616350e-02
-1.8938820e-02
5.5859300e-03
4.0962460e-02
8.1273520e-02
1.1445840e-01
1.3796800e-01
1.5621190e-01
1.6804540e-01
1.7699470e-01
1.8357900e-01
1.8602290e-01
1.8861470e-01
1.8834590e-01
1.8370920e-01
1.7362610e-01
1.5976420e-01
1.3861060e-01
1.1000080e-01
7.6411170e-02
4.0145430e-02
3.4833550e-03
-2.6131370e-02
-4.6874840e-02
-6.4036040e-02
-7.7592610e-02
-8.6274240e-02
-9.2017320e-02
-9.9139300e-02
-1.0343310e-01
-9.9575210e-02
-8.5181990e-02
-6.2114870e-02
-3.8207450e-02
-1.8964500e-02
5.9210140e-04
1.3977400e-02
1.3962360e-02
1.4636850e-02
1.2818710e-02
-2.7819300e-03
-2.6529210e-02
-5.4294940e-02
-7.4988460e-02
-9.2830070e-02
-1.0924050e-01
-1.2235390e-01
-1.3387940e-01
-1.4636420e-01
-1.5593140e-01
-1.5822730e-01
-1.5253750e-01
-1.2811280e-01
-7.8223950e-02
-2.4730080e-02
1.5428550e-02
4.3455440e-02
6.8404360e-02
8.4224140e-02
1.0037820e-01
1.1595890e-01
1.2835840e-01
1.4071790e-01
1.5589820e-01
1.5902720e-01
1.4838610e-01
1.1851690e-01
7.9657190e-02
4.1762160e-02
1.6047660e-02
-3.1176320e-03
-1.9504050e-02
-2.5660010e-02
-2.9882280e-02
-2.8509850e-02
-1.7258240e-02
-3.8583750e-03
1.7969820e-02
4.1460630e-02
6.1536710e-02
7.0531830e-02
5.9053490e-02
3.4125880e-02
1.3057180e-02
-9.2494790e-03
-3.3696160e-02
-5.6690470e-02
-7.7291880e-02
-8.5952380e-02
-8.1337340e-02
-7.1155740e-02
-6.0404670e-02
-5.1257370e-02
-3.8227550e-02
-2.4310200e-02
-1.9071210e-02
-2.0677610e-02
-3.3575770e-02
-5.3126610e-02
-7.1227500e-02
-8.4711770e-02
-9.6873420e-02
-1.0879710e-01
-1.1650410e-01
-1.1915840e-01
-1.1955150e-01
-1.2140170e-01
-1.2655290e-01
-1.3268820e-01
-1.4065910e-01
-1.5051600e-01
-1.5508600e-01
-1.5715210e-01
-1.4805840e-01
-1.0872400e-01
-6.2987900e-02
-2.7763580e-02
1.7802280e-03
1.8732010e-02
2.5546860e-02
1.8010930e-02
6.3469870e-04
-1.1274730e-02
-1.7097110e-02
-1.1650400e-02
-1.3918870e-04
9.3920730e-03
7.5454830e-03
-2.8360400e-03
-1.6345150e-02
-2.4352490e-02
-2.3256040e-02
-7.3909720e-03
1.1478730e-02
2.0178910e-02
3.3815200e-02
5.4008450e-02
7.2319110e-02
8.6870700e-02
9.9934940e-02
1.0402660e-01
1.0334760e-01
9.5551050e-02
8.7377900e-02
8.1772180e-02
8.3084850e-02
8.2811020e-02
7.6750100e-02
6.8211700e-02
5.6619650e-02
3.9876680e-02
6.6149100e-03
-3.1512090e-02
-6.6804180e-02
-9.4097180e-02
-1.1767730e-01
-1.3594040e-01
-1.4156380e-01
-1.3852930e-01
-1.2536990e-01
-1.0201890e-01
-7.3490920e-02
-4.5911590e-02
-2.0341530e-02
7.1343420e-03
3.1342640e-02
4.6154470e-02
5.2709650e-02
5.9208300e-02
6.2597550e-02
6.7063590e-02
6.7293460e-02
6.3513500e-02
5.8344060e-02
5.3740620e-02
5.1369170e-02
5.1778120e-02
5.4670570e-02
5.9054140e-02
6.3686940e-02
5.9487560e-02
4.6841820e-02
2.7305500e-02
5.2879370e-03
-1.4721800e-02
-3.7685390e-02
-5.4821760e-02
-7.0275420e-02
-8.3600370e-02
-8.8854510e-02
-8.3339780e-02
-7.7046690e-02
-6.1269250e-02
-4.4623780e-02
-2.6811680e-02
-7.0205340e-03
1.4875750e-02
3.7507500e-02
5.0507220e-02
5.5600610e-02
4.5256380e-02
2.3044600e-02
-7.4781540e-06
-2.0067420e-02
-3.3993230e-02
-4.2623460e-02
-3.7063130e-02
-2.3992620e-02
-6.8758790e-03
7.5570060e-03
1.6347590e-02
1.4815350e-02
9.0356440e-03
1.2303670e-03
-1.9671620e-03
-3.1837050e-03
-4.4475180e-03
-4.5998330e-03
-1.9437620e-03
-5.8219550e-04
7.2810710e-04
6.4501750e-03
1.3269350e-02
2.1820740e-02
3.3804680e-02
4.4521810e-02
5.4036130e-02
6.1216670e-02
6.8185370e-02
6.9787060e-02
7.0325710e-02
6.9378880e-02
6.0402520e-02
5.1625850e-02
3.9110210e-02
2.6377570e-02
1.4366800e-02
2.1189260e-03
-1.1108150e-02
-1.7095870e-02
-2.1256200e-02
-1.9540030e-02
-1.0776050e-02
-1.3352200e-03
6.4256950e-03
1.1421390e-02
1.4522820e-02
1.3843640e-02
7.6750110e-03
-5.0385500e-03
-2.4806990e-02
-4.3756180e-02
-6.6364060e-02
-9.0174860e-02
-1.0932480e-01
-1.2226720e-01
-1.2949210e-01
-1.3531800e-01
-1.3084450e-01
-1.1526520e-01
-9.6046140e-02
-8.5064340e-02
-7.4751250e-02
-6.5503770e-02
-5.6552260e-02
-4.6534040e-02
-3.4352040e-02
-2.1210430e-02
-1.1838960e-02
-3.3328730e-03
-1.1228780e-03
-2.9477870e-03
-3.9314940e-03
-4.9826000e-03
-2.0277970e-03
4.6710860e-03
1.4011790e-02
2.5935110e-02
4.0156300e-02
5.2722800e-02
6.3009860e-02
6.6176620e-02
6.3058080e-02
5.4559400e-02
4.1459990e-02
2.2960200e-02
9.7988260e-03
-2.9597150e-03
-1.4699980e-02
-2.1558810e-02
-2.6877390e-02
-2.5870130e-02
-2.1105180e-02
-1.1744270e-02
-1.5867900e-04
1.4229970e-02
2.5724770e-02
3.4078660e-02
4.2067160e-02
4.7758090e-02
4.9330820e-02
4.9887720e-02
4.5560800e-02
3.9633720e-02
2.8448570e-02
1.5548980e-02
-4.9315610e-05
-1.8797060e-02
-3.3753850e-02
-4.8951820e-02
-6.3997390e-02
-7.4099180e-02
-8.0459600e-02
-7.7052450e-02
-6.8364130e-02
-5.6735400e-02
-4.1789160e-02
-3.1672700e-02
-1.8009660e-02
-1.2976170e-03
1.5445610e-02
3.3434850e-02
4.7261030e-02
5.7068800e-02
6.3810640e-02
6.9466480e-02
7.4734200e-02
7.9487450e-02
7.9136180e-02
7.4750690e-02
6.3022230e-02
4.8659890e-02
3.0861710e-02
1.4463350e-02
6.9639690e-04
-1.1399580e-02
-1.6244370e-02
-1.9747670e-02
-1.8373110e-02
-1.1415560e-02
7.6522620e-04
1.3522440e-02
2.5938520e-02
3.6333970e-02
4.5613380e-02
5.0548720e-02
5.1486610e-02
4.8540070e-02
3.9267080e-02
2.7061270e-02
2.3202650e-02
2.1549560e-02
2.5296250e-02
3.2281460e-02
3.9255170e-02
4.9588990e-02
5.5011250e-02
6.4251830e-02
6.9899410e-02
7.4311330e-02
7.5966080e-02
7.2111680e-02
6.2036250e-02
3.9579990e-02
1.6440510e-02
-1.0164830e-03
-1.4000140e-02
-1.8286630e-02
-2.1064280e-02
-2.0925900e-02
-1.6129130e-02
-1.3823870e-02
-7.6372140e-03
-1.4808860e-04
7.3892160e-03
1.2091310e-02
1.4218260e-02
1.4698960e-02
1.6676880e-02
2.0106460e-02
2.2259890e-02
2.7889580e-02
3.3528210e-02
3.5055060e-02
3.2786530e-02
2.7437250e-02
1.9992650e-02
1.1935450e-02
8.7373000e-03
1.7068790e-03
-3.1878480e-03
-6.3565490e-03
-6.0454700e-03
3.7941740e-04
1.1850660e-02
2.4123720e-02
3.4272980e-02
4.1492600e-02
4.7406100e-02
4.8895010e-02
4.3156310e-02
3.4133270e-02
2.1176250e-02
7.1015070e-03
-3.5970570e-03
-1.5171800e-02
-2.6603280e-02
-3.9210310e-02
-4.9566690e-02
-5.7739520e-02
-6.4847890e-02
-6.7123440e-02
-6.3243300e-02
-5.8775160e-02
-5.0292040e-02
-3.9431200e-02
-3.2050930e-02
-2.8220650e-02
-2.6817080e-02
-2.6960030e-02
-3.1038560e-02
-3.1692540e-02
-2.9164640e-02
-1.9901530e-02
-6.4324560e-03
1.0397910e-02
2.7700750e-02
3.9568640e-02
4.7420430e-02
5.1540980e-02
4.6295850e-02
4.0265050e-02
3.2295310e-02
2.1446210e-02
1.2424480e-02
3.9704170e-03
-1.8331010e-03
-6.5143830e-03
-9.3838940e-03
-5.6116520e-03
1.2983570e-03
7.5855230e-03
1.2421620e-02
1.6284910e-02
1.3168240e-02
6.7273690e-03
4.8464580e-04
-4.1537970e-03
-7.0901850e-03
-6.7510940e-03
-5.2132850e-03
-5.5194580e-03
-6.8081690e-03
-6.8963940e-03
-6.0227290e-03
-5.9341840e-03
-9.3891110e-03
-9.3992280e-03
-1.3514960e-02
-1.4327840e-02
-1.5184790e-02
-1.3914990e-02
-1.2153450e-02
-1.1700230e-02
-1.4570840e-02
-2.0446470e-02
-2.5197210e-02
-3.1016320e-02
-3.8347020e-02
-4.3411130e-02
-4.3356740e-02
-4.4988830e-02
-4.2402020e-02
-3.9108330e-02
-3.9126630e-02
-3.7641890e-02
-3.2896300e-02
-2.9342380e-02
-2.1262100e-02
-1.0612970e-02
-2.0817310e-03
6.9110080e-03
1.4098880e-02
1.8648920e-02
1.9892880e-02
2.3970940e-02
2.5780740e-02
2.6240580e-02
2.8104780e-02
2.4566180e-02
1.6304050e-02
7.3225390e-03
1.1534430e-03
-3.3435160e-03
-6.2428110e-03
-2.7222450e-03
5.1225870e-04
4.7952990e-03
4.5368000e-03
-3.9397740e-04
1.2521120e-03
5.8355790e-03
1.2149660e-02
2.5235120e-02
3.7120560e-02
4.6803380e-02
5.3825690e-02
5.8682270e-02
6.2394910e-02
6.5156590e-02
6.1051040e-02
4.9887650e-02
3.3888450e-02
1.8223650e-02
3.0877090e-03
-1.2643650e-02
-1.9782510e-02
-2.6593040e-02
-2.8289580e-02
-2.2281990e-02
-1.3213070e-02
-4.6187190e-03
-8.4409490e-04
-2.7203850e-04
-6.1373730e-03
-1.4734190e-02
-2.5359850e-02
-3.4453040e-02
-4.6784660e-02
-5.7165660e-02
-6.7394160e-02
-7.2181830e-02
-7.3809840e-02
-7.3576840e-02
-6.7551410e-02
-6.0352680e-02
-5.2281320e-02
-4.6237000e-02
-4.6827150e-02
-4.9279100e-02
-5.3835530e-02
-5.6657330e-02
-5.7842720e-02
-5.1833950e-02
-3.7748480e-02
-2.1163140e-02
-3.0851000e-03
1.8418430e-02
3.5109560e-02
4.6424560e-02
5.5354250e-02
5.5709420e-02
5.1121630e-02
4.2949740e-02
3.0271510e-02
2.1263340e-02
1.2155560e-02
7.1779160e-03
5.9261860e-04
-1.6309250e-03
-3.3998400e-03
-3.5609730e-03
-1.5315380e-03
3.9873550e-03
1.2598600e-02
2.2038160e-02
3.0590080e-02
3.8004150e-02
4.0590900e-02
4.5185770e-02
4.7586430e-02
4.6830600e-02
4.7911300e-02
4.8028160e-02
4.8260600e-02
4.8678580e-02
4.7234600e-02
4.6247830e-02
4.1537210e-02
3.4479910e-02
2.4543440e-02
1.0027140e-02
-2.9859170e-03
-1.1153160e-02
-1.8807200e-02
-2.1371700e-02
-1.6045550e-02
-5.9829260e-03
3.5456580e-03
1.4594180e-02
2.7466730e-02
3.7648680e-02
4.4884450e-02
5.1141770e-02
5.3055770e-02
5.4195170e-02
4.8511610e-02
3.8236440e-02
2.6064510e-02
1.7178710e-02
8.6450560e-03
4.4323480e-04
-3.1046540e-03
-5.2100710e-03
-1.0522230e-02
-1.5943790e-02
-2.1802680e-02
-2.6615380e-02
-3.2467720e-02
-3.5186950e-02
-3.6595900e-02
-3.7304760e-02
-3.7399490e-02
-3.3977320e-02
-3.0582200e-02
-2.9064260e-02
-2.7565230e-02
-2.8533870e-02
-2.8522230e-02
-2.6753220e-02
-2.2339260e-02
-1.3731480e-02
-6.3554540e-03
3.6823070e-03
1.0351310e-02
1.5102790e-02
1.8690320e-02
1.7607820e-02
1.3336930e-02
8.6772380e-03
4.4118910e-03
3.2904960e-03
7.2645240e-04
-4.2709800e-03
-7.0148240e-03
-7.8450910e-03
-1.2090960e-02
-1.6231280e-02
-1.6417940e-02
-1.0848950e-02
-4.6502640e-03
2.7578120e-03
1.0565890e-02
1.8735900e-02
2.6116760e-02
3.0927150e-02
3.6178610e-02
4.1594180e-02
4.4461950e-02
4.6832350e-02
4.9168370e-02
5.0539000e-02
4.7967580e-02
4.4334380e-02
4.0014710e-02
3.2800140e-02
2.8496200e-02
2.5852440e-02
2.5381060e-02
2.6887090e-02
2.5660560e-02
2.3266420e-02
1.7932280e-02
7.9429200e-03
-3.5376720e-04
-7.6095650e-03
-1.2509660e-02
-1.2756480e-02
-1.2205710e-02
-9.8977320e-03
-9.6107240e-03
-1.5179200e-02
-2.3900030e-02
-3.2527050e-02
-4.0153760e-02
-4.8506730e-02
-5.2669880e-02
-5.2038030e-02
-5.2493020e-02
-4.9733400e-02
-4.5606750e-02
-4.4176520e-02
-4.3483220e-02
-4.3679860e-02
-4.2603270e-02
-4.3273180e-02
-4.1108780e-02
-3.6979320e-02
-3.1724170e-02
-2.5978310e-02
-1.7420730e-02
-9.7652100e-03
-1.3972470e-03
4.1896990e-03
7.1557060e-03
1.0324950e-02
1.1723580e-02
1.2763330e-02
1.3492070e-02
1.2450340e-02
7.5624160e-03
3.8713200e-04
-5.4161630e-03
-8.7297370e-03
-1.1504610e-02
-9.8460930e-03
-6.3397040e-03
-6.2858140e-03
-6.2820620e-03
-7.9037810e-03
-1.0155120e-02
-7.1348090e-03
-3.4857060e-03
1.7680190e-03
9.4822050e-03
1.4913210e-02
1.4842770e-02
1.1184670e-02
3.5967470e-03
-7.8275010e-03
-1.4774410e-02
-1.8019770e-02
-2.4146650e-02
-2.3002530e-02
-2.2112800e-02
-2.0384020e-02
-1.5359230e-02
-8.3871330e-03
-2.3294350e-03
1.9277400e-03
7.4382680e-03
9.2497970e-03
5.3803490e-03
-6.2221510e-03
-1.2729510e-02
-2.0652240e-02
-2.7210280e-02
-2.9070520e-02
-2.8494040e-02
-2.7114650e-02
-2.6776410e-02
-2.8742280e-02
-2.9258960e-02
-2.8415150e-02
-2.6292570e-02
-2.1298400e-02
-1.5222070e-02
-8.2733170e-03
-4.3200650e-03
-1.1781860e-03
5.4484620e-03
9.5500910e-03
9.7578540e-03
8.6496190e-03
7.5060990e-03
4.4438010e-03
3.1233960e-03
4.5081720e-04
-2.8474810e-03
-7.5443780e-03
-1.2342800e-02
-1.9133510e-02
-2.4504490e-02
-2.8560040e-02
-2.7626350e-02
-2.7958060e-02
-2.8313750e-02
-2.8353900e-02
-2.6885730e-02
-2.3564460e-02
-2.1488350e-02
-1.8842070e-02
-1.2684530e-02
-6.7384760e-03
-2.6928970e-03
1.2525860e-03
5.6022850e-03
9.7171350e-03
1.1903480e-02
1.4853270e-02
1.6700710e-02
1.6999140e-02
2.0076680e-02
1.8405400e-02
1.7973390e-02
1.8509970e-02
1.7629680e-02
1.4256020e-02
1.4617930e-02
1.3214350e-02
1.1364330e-02
6.6241760e-03
2.6494090e-03
3.1015740e-04
-5.4681510e-04
-1.1755750e-03
-8.3269790e-04
1.2331040e-03
5.6212010e-03
1.0197830e-02
1.2508330e-02
1.5256290e-02
2.1635250e-02
2.3195300e-02
2.1608140e-02
2.0339630e-02
1.5516620e-02
1.2236360e-02
9.9055040e-03
9.1591960e-03
8.9372700e-03
8.6732080e-03
7.4862080e-03
9.9545290e-03
7.9434810e-03
6.3620870e-03
6.3937800e-03
6.7692580e-03
5.8375920e-03
1.2853460e-02
1.8825020e-02
2.1426700e-02
2.6781420e-02
2.6392610e-02
2.5384540e-02
2.4918060e-02
2.1521240e-02
1.9075260e-02
1.7171470e-02
1.4497240e-02
1.1706090e-02
7.1036580e-03
2.7833280e-03
-1.7998940e-03
-5.3306430e-03
-8.2628570e-03
-1.0423680e-02
-1.1071190e-02
-1.0723440e-02
-9.6896640e-03
-8.9232690e-03
-1.1659930e-02
-1.3681180e-02
-1.5315990e-02
-1.7780060e-02
-1.7885570e-02
-1.6513250e-02
-1.2820390e-02
-8.4012360e-03
-5.2549630e-03
-1.5642110e-04
4.2721720e-03
7.5651200e-03
9.9096710e-03
1.1771230e-02
1.1483640e-02
1.0693710e-02
7.4993380e-03
3.4045110e-03
-2.9482170e-04
-6.0389430e-03
-9.2260210e-03
-9.5251500e-03
-8.6275790e-03
-6.4686230e-03
-5.6443830e-03
-2.0787080e-03
-9.6296680e-04
8.4090290e-04
6.1022740e-03
9.6086210e-03
1.0424870e-02
9.5999250e-03
7.9071680e-03
9.3309480e-03
7.8056850e-03
6.2307020e-03
7.6469610e-03
1.1421430e-02
1.6240660e-02
2.0036810e-02
2.5921300e-02
3.1404770e-02
3.5132230e-02
3.8411170e-02
3.9187180e-02
3.4200050e-02
2.8584800e-02
2.3455490e-02
1.6996680e-02
1.2997340e-02
6.4837830e-03
4.0802860e-03
1.4216970e-03
-2.4365810e-03
-7.0085970e-03
-9.5742290e-03
-9.5220680e-03
-1.0442810e-02
-7.3396890e-03
-4.5767430e-03
-4.1794970e-03
-4.3479620e-03
-3.7180470e-03
-3.6528030e-03
-4.7039500e-03
-7.4624700e-03
-7.8870070e-03
-1.1821610e-02
-1.3006810e-02
-1.6459580e-02
-2.0355420e-02
-2.2579570e-02
-2.5394490e-02
-2.2992430e-02
-2.2575320e-02
-2.1091630e-02
-1.3447610e-02
-1.0449630e-02
-7.9002050e-03
-4.9882340e-03
-8.1460710e-03
-1.3159980e-02
-2.0341450e-02
-2.7063050e-02
-3.1222680e-02
-3.4028260e-02
-3.4844680e-02
-3.4794820e-02
-3.6970850e-02
-3.3421530e-02
-3.2572550e-02
-3.0250650e-02
-2.8061950e-02
-2.4301590e-02
-1.9877950e-02
-1.6946030e-02
-1.3938420e-02
-1.0222740e-02
-6.7024090e-03
-2.0362980e-03
1.0352020e-03
4.3397780e-03
6.4609820e-03
6.6910230e-03
6.4171790e-03
4.8816750e-03
1.3260440e-04
-2.5378740e-03
-3.7041330e-03
-1.1938860e-03
-1.0596350e-03
-2.9532320e-04
8.0599810e-04
4.1362460e-04
-1.0312030e-03
-2.1213860e-03
-3.2593960e-03
-3.6316940e-03
-1.7962500e-03
-1.0372320e-03
2.3860050e-03
5.8934300e-03
8.9418720e-03
1.2199900e-02
1.9094260e-02
2.5862640e-02
2.8147840e-02
2.8193260e-02
2.5731540e-02
2.0564770e-02
1.3931980e-02
6.2863260e-03
2.0786700e-03
-2.2073680e-03
-6.4359100e-03
-8.4469740e-03
-1.2368760e-02
-1.6199560e-02
-1.9752270e-02
-2.2920630e-02
-2.8182260e-02
-2.8791800e-02
-2.6984790e-02
-2.7382590e-02
-2.7889440e-02
-2.5917350e-02
-2.4269200e-02
-2.0776030e-02
-1.5478840e-02
-1.2387910e-02
-9.6503010e-03
-6.7709500e-03
-4.4746400e-03
-3.3112340e-03
-4.2467220e-03
-4.1005130e-03
-4.1462070e-03
-6.5597280e-03
-7.4702980e-03
-9.3522020e-03
-1.1372950e-02
-1.5561330e-02
-1.8117380e-02
-1.9045950e-02
-1.9045550e-02
-2.0271620e-02
-1.7699040e-02
-1.7114860e-02
-1.0835060e-02
-2.7002270e-03
6.3200040e-04
6.3988410e-03
1.2573760e-02
1.4822540e-02
1.7756030e-02
1.8322270e-02
1.7205580e-02
1.4760920e-02
1.0299120e-02
7.9478730e-03
3.8957700e-03
1.2022290e-03
-1.7197790e-03
-4.3921610e-03
-4.0091750e-03
-2.2764340e-03
-1.0891570e-03
-1.7204680e-03
-2.9419140e-03
-4.8921590e-03
-5.1080430e-03
-8.3664010e-03
-9.0794080e-03
-1.1150400e-02
-1.2079840e-02
-9.7988690e-03
-6.5788450e-03
-1.5788960e-04
6.6784150e-03
1.1073820e-02
1.4174590e-02
1.7213200e-02
1.6413370e-02
1.4301250e-02
1.0568470e-02
7.9268470e-03
6.0440800e-03
4.6533540e-03
4.4811320e-03
3.9774380e-03
5.8195540e-03
8.7193760e-03
9.5555930e-03
1.4542550e-02
1.9688780e-02
2.1766790e-02
2.5589880e-02
2.7611580e-02
2.7452620e-02
2.5844920e-02
1.9899580e-02
1.3225950e-02
3.8985320e-03
-3.9109830e-03
-1.1866010e-02
-1.6265180e-02
-1.8425610e-02
-1.9888230e-02
-1.8190800e-02
-1.3937720e-02
-8.3464980e-03
-4.3824990e-03
-8.1984090e-04
2.8002410e-03
7.7108360e-03
1.2286790e-02
1.4989820e-02
1.9066800e-02
1.9900750e-02
1.7042630e-02
1.4197560e-02
7.5868740e-03
3.6196560e-03
-2.3029770e-03
-7.6473330e-03
-1.1868630e-02
-1.4626560e-02
-1.5578410e-02
-1.2662290e-02
-1.1322940e-02
-1.0476960e-02
-8.8690630e-03
-7.6326040e-03
-5.5922380e-03
-1.9462760e-03
2.0225900e-03
6.9066950e-03
1.3601370e-02
1.7201090e-02
1.8093750e-02
1.9634500e-02
1.5862760e-02
1.0375230e-02
4.0225440e-03
-2.0982090e-03
-8.2012570e-03
-1.2413010e-02
-1.3976240e-02
-1.6541480e-02
-1.4408560e-02
-1.5019820e-02
-1.4405210e-02
-1.3092130e-02
-1.1691110e-02
-8.9876910e-03
-7.9639710e-03
-5.7847730e-03
-5.4282470e-03
-2.9425870e-03
-3.6008760e-03
-4.5969470e-03
-7.2512560e-03
-9.0330760e-03
-1.0806250e-02
-1.1131270e-02
-9.9672320e-03
-8.8317470e-03
-5.4474710e-03
-2.7730440e-03
2.9034600e-04
2.5663680e-03
5.5929310e-03
9.6262820e-03
1.1723940e-02
1.7060440e-02
2.1076400e-02
2.3677810e-02
2.5703570e-02
2.4257310e-02
1.8902730e-02
1.1453780e-02
4.7382640e-03
-1.2098150e-03
-6.5251480e-03
-1.2519270e-02
-1.3493670e-02
-1.6571560e-02
-1.7175120e-02
-1.5809180e-02
-1.4031670e-02
-1.0751090e-02
-7.4086190e-03
-4.4565230e-03
3.4856610e-03
9.7253050e-03
1.3944490e-02
1.9608600e-02
2.3082400e-02
2.7760770e-02
2.7918990e-02
2.8081140e-02
2.6979430e-02
2.4945840e-02
2.0200100e-02
1.6194130e-02
1.0381520e-02
7.2639880e-03
6.5565500e-03
7.2698580e-03
1.2089240e-02
1.7013670e-02
2.0686780e-02
2.6559420e-02
2.8700200e-02
2.9697640e-02
3.0699050e-02
3.0554370e-02
3.0986180e-02
2.7604650e-02
2.2477330e-02
1.7428050e-02
1.3150970e-02
6.4056740e-03
2.5516650e-03
5.9646240e-05
-3.7378240e-04
3.2098820e-03
3.5235850e-03
4.0670290e-03
6.4840260e-03
6.8887150e-03
7.9898930e-03
1.0575300e-02
1.1950670e-02
1.2708440e-02
1.3928380e-02
1.4584340e-02
1.3516740e-02
1.0955100e-02
7.5494000e-03
4.3019870e-03
2.4776380e-03
4.3773250e-04
-1.7535090e-03
-1.7416060e-03
-1.3903700e-03
-4.5750910e-03
-4.7472630e-03
-3.3957330e-03
-3.8566430e-03
-2.5560750e-03
-8.8667980e-03
-1.0564610e-02
-9.6340800e-03
-1.1097270e-02
-8.5131580e-03
-3.6826330e-03
-1.8968380e-03
2.7773860e-03
7.7043120e-03
1.2177590e-02
1.6345590e-02
1.8835770e-02
2.2570850e-02
2.6315050e-02
2.7371190e-02
2.7441560e-02
2.5785800e-02
2.3687520e-02
1.8577470e-02
1.4888770e-02
1.0442550e-02
8.6044400e-03
7.0917170e-03
5.2201600e-03
4.3622260e-03
4.2850020e-03
2.8358330e-03
2.3958530e-03
4.1950480e-03
3.1412370e-03
2.5391310e-03
4.6504230e-03
3.8496870e-03
5.1999680e-03
5.8927690e-03
7.1664970e-03
6.2542340e-03
5.6948530e-03
1.4100990e-03
-4.1764600e-03
-1.0782250e-02
-1.4383730e-02
-1.7947180e-02
-1.5423980e-02
-1.3207570e-02
-8.4850840e-03
-2.9360010e-03
-2.4549690e-04
1.7278450e-03
4.7291570e-03
5.1723930e-03
6.0281160e-03
6.3667050e-03
8.3445000e-03
7.6175030e-03
4.9832530e-03
5.5497980e-03
1.8470160e-03
-5.6026770e-04
-2.7612570e-03
-5.4474320e-03
-6.3820560e-03
-9.1288410e-03
-9.4361240e-03
-6.0846960e-03
-3.5216990e-03
-1.8020850e-03
-1.1234230e-03
-2.1520440e-03
-7.0448150e-04
-1.0333370e-03
-1.1204290e-03
8.6227230e-04
9.0924600e-04
-6.9511240e-04
-1.9500000e-04
6.7578970e-04
-1.5013990e-03
7.8093750e-04
2.1292580e-03
2.8588810e-03
4.3016560e-03
6.9519240e-03
9.7502150e-03
9.1109690e-03
1.2636190e-02
1.3577890e-02
1.3876490e-02
1.3118940e-02
1.0498010e-02
7.8317560e-03
6.7668720e-03
4.6922040e-03
1.5015660e-03
-9.0839370e-04
-3.0042430e-03
-4.7874040e-03
-6.4723450e-03
-1.0911660e-02
-1.2286170e-02
-1.2092810e-02
-1.1610870e-02
-9.3985670e-03
-4.8950570e-03
-3.8050470e-03
-3.1693810e-03
-3.1957620e-03
-3.1574770e-03
-3.0937880e-03
-2.8768910e-03
-3.9391190e-04
2.8756900e-03
5.3279260e-03
1.1355980e-02
1.5927360e-02
1.7228740e-02
1.8302470e-02
2.1456710e-02
1.7499040e-02
1.5709180e-02
1.1796400e-02
6.1348990e-03
6.5671660e-04
-5.0511120e-03
-1.4022950e-02
-1.8435560e-02
-2.1941190e-02
-2.6149930e-02
-2.7375180e-02
-2.7532760e-02
-2.5967480e-02
-2.2709580e-02
-1.8313030e-02
-1.4974060e-02
-1.0247370e-02
-7.2119440e-03
-4.1727460e-03
-2.1999570e-03
-5.1141340e-05
2.9788370e-03
3.0957660e-03
3.1137040e-03
5.0320100e-03
4.9539880e-03
4.7359300e-03
1.1200290e-03
-1.7380190e-03
-2.6141680e-03
-3.7644080e-03
-5.3674900e-03
-7.4530000e-03
-8.8093270e-03
-9.4417200e-03
-8.7244000e-03
-6.9156420e-03
-6.3237510e-03
-4.9662410e-03
-2.5808890e-03
3.5937630e-04
4.0162910e-03
4.3128160e-03
3.8045090e-04
-2.2795150e-04
-2.4185760e-03
-5.7936730e-03
-7.9082020e-03
-8.5749130e-03
-5.3394860e-03
-4.8451500e-03
-2.8982360e-03
1.1889480e-04
5.5996470e-04
3.9068680e-03
6.3636320e-03
7.5867710e-03
7.5579050e-03
1.0902570e-02
9.5540520e-03
7.9270710e-03
8.6600450e-03
5.2733010e-03
8.7180260e-04
-6.5340340e-03
-1.0604840e-02
-1.0436260e-02
-1.3646530e-02
-1.0422470e-02
-8.1692650e-03
-6.8121340e-03
-2.9042570e-03
1.1157130e-03
4.3846950e-03
7.4333430e-03
1.2330480e-02
1.6987590e-02
1.6302250e-02
1.7740930e-02
1.7312080e-02
1.4349050e-02
1.4615940e-02
1.2549910e-02
7.1731080e-03
2.7802850e-03
-3.9518380e-04
-3.6570660e-03
-6.6494670e-03
-7.1000510e-03
-9.7263130e-03
-1.1984430e-02
-1.1406710e-02
-6.7517760e-03
-4.8477630e-03
-2.4275300e-03
2.1605890e-04
2.8965940e-03
4.2601500e-03
4.2424090e-03
3.8245160e-03
3.0865460e-03
-1.2043960e-04
-2.3037310e-03
-5.5687700e-03
-7.8816600e-03
-1.0490350e-02
-1.1183070e-02
-1.2136120e-02
-1.2880810e-02
-1.3714440e-02
-1.6811910e-02
-1.6389510e-02
-1.5737750e-02
-1.6308980e-02
-1.6542210e-02
-1.4463550e-02
-1.7085960e-02
-1.6476780e-02
-1.6511460e-02
-1.6286670e-02
-1.7000080e-02
-1.5252140e-02
-1.8727640e-02
-1.9640880e-02
-2.0028200e-02
-2.1593460e-02
-2.0959790e-02
-2.2913840e-02
-2.1944060e-02
-1.8998970e-02
-1.5422740e-02
-1.3622690e-02
-1.1280010e-02
-7.5447900e-03
-3.3000410e-03
2.0952280e-05
4.5352040e-03
6.4142670e-03
5.5403850e-03
6.5799620e-03
5.4821020e-03
3.2912980e-03
2.1798090e-03
1.8971590e-04
-1.3908260e-03
-3.2825460e-03
-1.5526830e-03
7.8447690e-04
3.8161740e-03
4.9764900e-03
9.5899100e-03
1.3124360e-02
1.2413940e-02
1.3845770e-02
1.1446110e-02
7.2069860e-03
4.9707600e-03
2.6230880e-03
-5.9787700e-04
-1.7142050e-03
-2.9466280e-03
-6.6527130e-03
-7.3854550e-03
-7.7680710e-03
-6.3798340e-03
-6.0665350e-03
-5.1305610e-03
-2.5653080e-03
3.7227190e-04
2.0407670e-03
4.1160470e-03
6.0975820e-03
8.2970830e-03
8.1123040e-03
8.1961010e-03
1.0105040e-02
1.0646180e-02
9.4821130e-03
8.4799190e-03
7.3284380e-03
4.0624930e-03
2.0541120e-03
4.4465240e-03
3.9893560e-03
3.2906260e-03
4.7336480e-03
1.9368780e-03
2.9218620e-03
3.0137430e-03
-3.2474240e-04
-1.2355550e-03
-3.0629240e-03
-6.4688620e-03
-6.7914380e-03
-8.4950330e-03
-1.2502200e-02
-1.4476100e-02
-1.4660690e-02
-1.3472270e-02
-1.0218830e-02
-6.9478050e-03
-7.0296860e-04
5.0858420e-03
1.2508100e-02
1.8558690e-02
1.5621960e-02
1.8179370e-02
2.0031170e-02
1.9293620e-02
1.7639960e-02
1.4192430e-02
1.0003480e-02
6.4288620e-03
3.4627250e-03
2.4851890e-03
1.3762550e-05
-2.5494730e-03
-1.3612530e-03
-1.5340010e-04
-2.4709370e-03
-2.9631310e-03
-2.5935980e-03
