0.01
2.2458840e-03
9.9816720e-03
1.5231830e-02
1.6921970e-02
1.3373160e-02
7.9513150e-03
-2.2757890e-03
-8.1904460e-03
-1.1877590e-02
-1.3405730e-02
-1.1984660e-02
-1.3499210e-02
-1.2218000e-02
-1.2212590e-02
-8.1955180e-03
-4.0842370e-03
9.3670470e-04
4.5245290e-03
8.2459810e-03
8.4980720e-03
6.3512960e-03
6.8689210e-03
8.4178470e-03
9.9190780e-03
1.3504380e-02
1.1876880e-02
4.6369110e-03
-6.0902510e-03
-1.2326040e-02
-1.0611300e-02
-4.7467350e-03
3.4109230e-04
4.5355560e-03
3.1662440e-03
-2.4488130e-03
8.5674350e-04
5.8291220e-03
1.0861520e-02
1.2355040e-02
1.0790490e-02
2.3889370e-03
-7.3384190e-03
-1.2094170e-02
-9.8965800e-03
-5.0101340e-03
-8.3380020e-05
1.6504120e-03
-2.8784870e-03
-1.0002680e-02
-1.0011590e-02
-3.5426820e-03
6.0801230e-03
1.2412710e-02
1.5437230e-02
1.0396530e-02
2.5822680e-03
-2.1556850e-03
-5.8425760e-03
-4.0558740e-03
-2.7081030e-03
-1.7293360e-03
-2.6073270e-03
-8.0328420e-04
2.2902130e-03
5.0571260e-03
4.9637710e-03
7.9467550e-03
9.1519050e-03
9.0797690e-03
9.6890140e-03
1.2365430e-02
1.3591110e-02
1.2738190e-02
8.4959680e-03
5.4947330e-04
-6.2876860e-03
-1.1167170e-02
-1.0010750e-02
-5.5313890e-03
2.2591100e-05
5.0507390e-03
5.5928830e-03
3.0547710e-03
2.5457370e-04
1.9243600e-03
2.2356270e-03
1.3270090e-03
3.2863330e-03
9.3218370e-03
1.3565270e-02
1.1572620e-02
5.6065740e-03
-4.8414420e-03
-1.2048930e-02
-1.1239530e-02
-3.4813940e-05
1.4289060e-02
2.8897840e-02
4.0396070e-02
4.3725640e-02
3.9551570e-02
3.4313770e-02
2.6559550e-02
1.8576680e-02
1.2963330e-02
6.7308400e-03
-3.5830120e-03
-2.0896470e-02
-3.7709870e-02
-5.4043400e-02
-6.7060200e-02
-7.2654130e-02
-7.1211160e-02
-6.3065160e-02
-4.5082500e-02
-2.7176500e-02
-1.5379000e-02
-6.7771400e-03
6.4789700e-03
1.9818300e-02
3.2363980e-02
4.2383140e-02
4.9631940e-02
4.7771070e-02
4.0961550e-02
3.3515800e-02
2.7830240e-02
2.3917510e-02
2.1296290e-02
1.5423310e-02
1.3111680e-02
1.3405010e-02
1.9174560e-02
2.3723120e-02
2.4491290e-02
2.5029830e-02
1.6448190e-02
3.5057160e-03
-8.1011910e-03
-1.5955140e-02
-1.4323130e-02
-6.2423150e-03
4.5897180e-03
1.1683510e-02
1.3983340e-02
1.3599990e-02
1.8704520e-02
3.0267700e-02
4.2958400e-02
5.8947920e-02
6.9982950e-02
7.6023450e-02
7.9523310e-02
7.7926040e-02
7.4098080e-02
6.8632270e-02
6.6446200e-02
6.6266810e-02
6.4349470e-02
6.1772570e-02
5.7175020e-02
4.9515090e-02
3.5970510e-02
1.9763880e-02
-1.9827910e-03
-2.7276180e-02
-5.6263680e-02
-8.3423890e-02
-1.0524680e-01
-1.2427060e-01
-1.4189290e-01
-1.5740230e-01
-1.6558460e-01
-1.7367890e-01
-1.8121480e-01
-1.7977390e-01
-1.7847420e-01
-1.7155350e-01
-1.4567930e-01
-1.0369590e-01
-6.0947520e-02
-2.0619110e-02
1.2146780e-02
3.3817580e-02
4.6751490e-02
4.8227060e-02
4.3623330e-02
4.3934530e-02
5.1528410e-02
5.9880250e-02
7.2859790e-02
8.6693270e-02
9.9150350e-02
1.0733970e-01
1.0815530e-01
1.0812740e-01
1.0705000e-01
1.0375790e-01
9.9604840e-02
8.7938730e-02
7.6060820e-02
6.7454660e-02
6.4169340e-02
6.4594790e-02
6.5602990e-02
6.0289490e-02
5.0020170e-02
3.2013040e-02
1.4959360e-02
1.7466600e-03
-6.3669340e-03
-5.9284430e-03
-1.2605930e-03
8.2385640e-03
1.8480390e-02
2.7287910e-02
3.4039190e-02
3.8688720e-02
4.2311410e-02
4.9735070e-02
6.2383170e-02
7.5465730e-02
7.3845620e-02
5.4340630e-02
2.7704870e-02
-2.4148730e-03
-2.8380610e-02
-4.4740160e-02
-5.1859140e-02
-5.7044590e-02
-6.2521110e-02
-7.3504300e-02
-8.6552070e-02
-1.0267910e-01
-1.1643260e-01
-1.2052920e-01
-1.1482950e-01
-1.0584420e-01
-9.8377000e-02
-9.5614240e-02
-9.5516730e-02
-1.0235350e-01
-1.1378560e-01
-1.1260360e-01
-9.4212670e-02
-7.3679630e-02
-4.9350360e-02
-3.2411520e-02
-2.5237910e-02
-2.2787090e-02
-2.9297880e-02
-3.9333800e-02
-4.7119530e-02
-5.6277280e-02
-6.0532160e-02
-5.8741870e-02
-4.8155340e-02
-3.2114370e-02
-1.4489650e-02
4.4776800e-03
1.9933110e-02
3.1602230e-02
3.9765460e-02
4.0336370e-02
3.8007120e-02
2.7212870e-02
1.7688800e-02
1.7038400e-02
2.7772080e-02
3.7622210e-02
4.5588330e-02
5.6478220e-02
6.5428050e-02
7.4831880e-02
8.3284350e-02
8.4918050e-02
7.4015930e-02
3.5385410e-02
-9.4563270e-03
-5.0511130e-02
-8.3603850e-02
-1.0488350e-01
-1.0901080e-01
-9.8335370e-02
-6.8575320e-02
-3.2353300e-02
-5.5641970e-05
3.1689680e-02
5.6332720e-02
7.4579050e-02
9.0618540e-02
1.0564450e-01
1.1063260e-01
1.0781050e-01
1.0260000e-01
9.3548220e-02
8.0265750e-02
6.1829590e-02
4.4035070e-02
2.8118120e-02
1.4173790e-02
3.0902920e-03
-5.7361110e-05
7.6889130e-04
8.1918920e-03
1.4424560e-02
1.3146610e-02
-3.8729840e-03
-2.6371970e-02
-4.4489090e-02
-6.8011130e-02
-9.2506020e-02
-1.1148710e-01
-1.2930320e-01
-1.4239570e-01
-1.5169430e-01
-1.5524150e-01
-1.4815810e-01
-1.2527580e-01
-9.0418760e-02
-5.7158030e-02
-3.0086510e-02
-1.2993220e-02
-4.6030910e-03
-5.9201060e-03
-1.8334690e-02
-2.7662460e-02
-3.1555320e-02
-2.5768290e-02
-1.8873950e-02
-4.5565420e-03
1.0580500e-02
2.3569440e-02
3.5984730e-02
4.5439610e-02
4.6071240e-02
4.3567970e-02
3.9233530e-02
3.5756370e-02
3.4024400e-02
3.2581160e-02
3.2227580e-02
3.6160990e-02
4.9333140e-02
5.7238970e-02
6.7279800e-02
7.9337290e-02
9.1824300e-02
1.0512270e-01
1.1374140e-01
1.2239880e-01
1.2645560e-01
1.3208790e-01
1.3122860e-01
1.2446030e-01
1.1379280e-01
9.6974140e-02
7.1632760e-02
3.9620780e-02
1.6770670e-02
1.5574230e-02
2.4303690e-02
2.9089180e-02
3.1486010e-02
3.4042770e-02
3.2208790e-02
2.4377350e-02
1.7488670e-02
1.2775760e-02
7.2025770e-03
1.1573210e-02
2.9078000e-02
4.0902160e-02
4.4640070e-02
4.0654520e-02
2.7981680e-02
1.6042250e-02
5.1160150e-03
-4.6844170e-03
-1.4276830e-02
-2.2902870e-02
-3.1027940e-02
-4.0831020e-02
-5.1839520e-02
-6.6294800e-02
-8.1899240e-02
-9.8881080e-02
-1.1963540e-01
-1.3755230e-01
-1.5267410e-01
-1.5686110e-01
-1.5061860e-01
-1.3277480e-01
-1.0271150e-01
-7.0680610e-02
-3.5948970e-02
-2.4895690e-03
2.4140610e-02
4.5348390e-02
6.1005700e-02
7.0775650e-02
7.6267290e-02
8.3022760e-02
9.1165070e-02
9.8162080e-02
1.0415800e-01
9.2542640e-02
4.4161790e-02
-2.4085490e-02
-8.7369910e-02
-1.3795280e-01
-1.7007720e-01
-1.7776350e-01
-1.5631170e-01
-1.0717970e-01
-5.4553530e-02
-1.2047370e-02
2.0997630e-02
4.3124890e-02
5.2650970e-02
5.6337490e-02
6.7962040e-02
8.7725710e-02
1.1557900e-01
1.2507550e-01
1.0017870e-01
4.7151620e-02
-1.0148430e-02
-6.3022240e-02
-1.0129110e-01
-1.2591830e-01
-1.3356230e-01
-1.3432520e-01
-1.3256210e-01
-1.3847930e-01
-1.5389590e-01
-1.7321840e-01
-1.9001300e-01
-1.9605790e-01
-1.7701070e-01
-1.1111000e-01
-2.4629080e-02
3.9302720e-02
9.8236290e-02
1.4733310e-01
1.8109300e-01
2.0092920e-01
2.1342540e-01
2.1441530e-01
1.9793510e-01
1.6323040e-01
1.0964840e-01
3.0997400e-02
-3.9041640e-02
-9.0054360e-02
-1.2707540e-01
-1.4861770e-01
-1.5620310e-01
-1.4117050e-01
-9.7676820e-02
-4.3346760e-02
6.0543610e-03
5.4690210e-02
1.0030540e-01
1.3204940e-01
1.4577440e-01
1.3608050e-01
1.0146520e-01
5.4456300e-02
1.2177510e-02
-2.1983850e-02
-4.9421270e-02
-6.4750110e-02
-6.3097420e-02
-5.1902810e-02
-3.8747100e-02
-3.1127480e-02
-3.1832640e-02
-4.1447230e-02
-4.9738940e-02
-5.7200120e-02
-6.4903480e-02
-6.9536220e-02
-7.6198660e-02
-7.8452000e-02
-6.3851850e-02
-3.3519460e-02
-1.1326360e-02
4.5357770e-03
1.4152100e-02
1.0272070e-02
-2.0569170e-03
-1.6749350e-02
-2.9486710e-02
-3.3939010e-02
-2.8179460e-02
-1.9437250e-02
-8.0928170e-03
-3.2015270e-04
1.9780480e-03
1.8783550e-03
1.6896960e-03
5.1866740e-03
1.4174510e-02
2.1785260e-02
3.2356990e-02
5.0503720e-02
7.1136860e-02
9.1476530e-02
1.0204370e-01
1.0632770e-01
1.0184440e-01
9.1618120e-02
7.9994620e-02
7.3383280e-02
7.0217430e-02
6.3532440e-02
4.5402990e-02
1.1807520e-02
-2.8039140e-02
-6.4933940e-02
-8.7264460e-02
-9.0888410e-02
-7.2097140e-02
-4.3022380e-02
-1.7748510e-02
3.2858240e-03
1.0164360e-02
5.9411230e-03
-5.2233310e-03
-1.2370620e-02
-8.2704670e-03
1.0248370e-02
2.7634700e-02
3.3510660e-02
2.9625180e-02
1.5091320e-02
-1.5322120e-03
-1.8124820e-02
-2.7840670e-02
-2.9592680e-02
-2.8474540e-02
-3.1981580e-02
-3.8242880e-02
-5.0056540e-02
-6.0376260e-02
-6.7940180e-02
-7.3773760e-02
-7.5203710e-02
-6.8122930e-02
-5.3934350e-02
-2.7540560e-02
7.1634020e-03
3.7702970e-02
6.7102260e-02
9.0816510e-02
1.0851570e-01
1.2363260e-01
1.2950300e-01
1.3102580e-01
1.2954990e-01
1.2489320e-01
1.2174060e-01
1.2121380e-01
1.2224960e-01
1.2331840e-01
1.2237230e-01
1.1808190e-01
1.0700660e-01
8.7119870e-02
6.2855320e-02
2.5280000e-02
-1.6098440e-02
-4.8332020e-02
-7.8151270e-02
-9.6984370e-02
-1.0803040e-01
-1.1004530e-01
-1.0375100e-01
-9.5614760e-02
-9.2489170e-02
-9.7357410e-02
-1.0864580e-01
-1.1778050e-01
-1.2863770e-01
-1.4383170e-01
-1.5428740e-01
-1.5469090e-01
-1.2927300e-01
-8.3285700e-02
-5.3733140e-02
-2.5943160e-02
-3.4875470e-03
1.2097650e-02
2.2644960e-02
2.7178000e-02
2.7973240e-02
2.4991820e-02
2.0317260e-02
1.2238720e-02
1.5436490e-03
-6.0859050e-03
-1.4713340e-02
-2.0441170e-02
-2.7978260e-02
-2.9544710e-02
-3.1522250e-02
-2.6750830e-02
-2.0567770e-02
-2.0035590e-02
-2.2037230e-02
-2.6726730e-02
-2.8566560e-02
-2.3411090e-02
-1.3983210e-02
-1.5620700e-03
1.4964890e-02
2.8711500e-02
4.3064600e-02
5.6163920e-02
6.4833820e-02
7.3221430e-02
8.4417580e-02
9.3439580e-02
1.0131270e-01
1.0937450e-01
1.1432470e-01
1.1467970e-01
1.0948760e-01
8.9694320e-02
6.0873010e-02
2.9320740e-02
3.7720990e-03
-1.9033330e-02
-3.9011220e-02
-4.9389270e-02
-5.4515930e-02
-5.3218300e-02
-4.1309280e-02
-2.7017480e-02
-1.2580850e-02
-1.3812120e-03
7.7737060e-03
1.5324670e-02
2.1641980e-02
2.6518250e-02
3.5421880e-02
4.4295490e-02
5.1392480e-02
5.8893880e-02
5.9857060e-02
5.7754300e-02
5.3755690e-02
4.7861060e-02
3.9539950e-02
2.3434870e-02
2.6248570e-03
-2.1632530e-02
-4.7570910e-02
-6.9909750e-02
-9.1125080e-02
-1.0758710e-01
-1.1846200e-01
-1.2807750e-01
-1.2994630e-01
-1.2544390e-01
-1.2113260e-01
-1.1154130e-01
-1.0087040e-01
-9.3174310e-02
-8.6914990e-02
-7.4104170e-02
-6.0024670e-02
-4.2493420e-02
-2.5774620e-02
-9.7946150e-03
4.1412630e-03
9.9023170e-03
1.1365230e-02
8.2708180e-03
3.0144570e-03
-2.5185480e-03
-4.3504120e-03
-1.0923230e-02
-1.7653540e-02
-2.1419610e-02
-2.9137170e-02
-3.2896130e-02
-3.3124900e-02
-2.7386050e-02
-1.6925640e-02
-8.3482040e-03
1.2023100e-03
1.0510230e-02
1.3135100e-02
1.0831160e-02
8.6220010e-03
6.7869390e-03
4.6946520e-03
2.7812830e-03
3.0235640e-03
7.6267330e-03
1.9437620e-02
3.1824430e-02
4.2761340e-02
5.5554270e-02
6.7379830e-02
7.5279130e-02
7.8647100e-02
7.8810850e-02
7.8051700e-02
7.4242200e-02
6.9341170e-02
6.3260220e-02
5.9221540e-02
5.7378940e-02
5.1006410e-02
4.1954070e-02
3.1051950e-02
1.6700840e-02
4.6523980e-03
-7.7083280e-03
-1.8471890e-02
-2.3848200e-02
-2.8305890e-02
-2.8307670e-02
-2.6127820e-02
-2.6562550e-02
-2.2769020e-02
-1.4799780e-02
-6.0490000e-03
6.0265420e-03
1.8270570e-02
3.3648360e-02
3.8312990e-02
3.7935930e-02
3.0869820e-02
1.6783200e-02
2.2344970e-03
-9.4610480e-03
-2.2815010e-02
-3.2012210e-02
-3.6577180e-02
-3.8697120e-02
-3.6215720e-02
-2.8499870e-02
-2.0744330e-02
-1.1937910e-02
-2.1343990e-03
4.2829440e-03
1.4121780e-02
2.6365750e-02
3.9559460e-02
4.9831280e-02
5.5404820e-02
5.5622090e-02
5.0667110e-02
3.5193710e-02
1.3815560e-02
-1.9566300e-03
-1.0509520e-02
-1.4965860e-02
-1.5866240e-02
-1.1336760e-02
-6.1329510e-03
-4.5068980e-03
-7.2373690e-03
-9.8834290e-03
-1.3089990e-02
-1.6487950e-02
-1.5847550e-02
-1.7058900e-02
-1.2967300e-02
-3.8740130e-03
8.7183310e-03
2.0808300e-02
3.1758910e-02
3.9403880e-02
4.0953290e-02
3.6654240e-02
2.6265040e-02
1.3209020e-02
4.5321390e-03
-5.3257810e-04
-1.6582060e-03
1.6372140e-03
9.5618260e-03
2.0167900e-02
2.2866330e-02
2.5866520e-02
3.0012900e-02
3.1292020e-02
3.1319780e-02
2.9891310e-02
2.2328730e-02
9.3160070e-03
-7.0007290e-03
-2.4372410e-02
-3.6974460e-02
-4.8726020e-02
-5.6344780e-02
-5.5178370e-02
-5.1481070e-02
-4.5121170e-02
-3.7419530e-02
-3.2545810e-02
-2.9912110e-02
-2.7182310e-02
-2.8389320e-02
-3.4830700e-02
-3.9660050e-02
-4.6030550e-02
-5.0292270e-02
-5.2270880e-02
-5.0220500e-02
-4.4158900e-02
-3.5423570e-02
-2.7862960e-02
-2.0499530e-02
-1.5389800e-02
-5.5771270e-03
5.1310560e-03
1.7465090e-02
2.8825970e-02
4.1122840e-02
5.0369210e-02
5.4515060e-02
5.5880020e-02
5.3599780e-02
4.8930730e-02
4.4130310e-02
4.0571350e-02
4.0860080e-02
4.4725480e-02
4.7044670e-02
4.5935990e-02
4.2758360e-02
3.6336980e-02
2.2985580e-02
1.3994140e-02
6.8684920e-03
2.9680250e-03
3.2983600e-04
-1.6750910e-03
-3.9124690e-03
-8.3218760e-03
-1.5675570e-02
-2.8724840e-02
-4.2483590e-02
-5.6231610e-02
-6.4935780e-02
-7.3781430e-02
-7.8900760e-02
-7.7953710e-02
-7.0010960e-02
-6.4956000e-02
-5.6753050e-02
-4.9945510e-02
-4.8371280e-02
-4.4600540e-02
-3.9653300e-02
-3.4116060e-02
-2.9488240e-02
-2.9510240e-02
-3.0919510e-02
-3.5053560e-02
-3.9910890e-02
-4.9464620e-02
-5.2955060e-02
-5.2774190e-02
-5.0657520e-02
-4.6795000e-02
-4.0066440e-02
-3.5124160e-02
-2.9105270e-02
-2.3536100e-02
-1.9225520e-02
-1.3811830e-02
-3.1223500e-03
6.0967070e-03
1.7270280e-02
2.8264840e-02
4.2066990e-02
4.9344910e-02
5.4264860e-02
5.2600950e-02
4.6882680e-02
3.3747210e-02
1.9333540e-02
6.1240080e-03
-5.3722150e-03
-6.8694990e-03
-7.1536260e-04
9.1810330e-03
2.1058810e-02
3.1708990e-02
3.3284450e-02
2.9446440e-02
2.5141750e-02
1.7531650e-02
1.2662430e-02
6.2582500e-03
2.6001780e-03
2.6181120e-03
9.3851060e-03
1.9214430e-02
3.1161350e-02
4.4258000e-02
5.2180370e-02
5.6604810e-02
6.0132490e-02
6.3709230e-02
6.3663910e-02
6.2242600e-02
6.1729730e-02
6.1644020e-02
5.8947580e-02
5.4755630e-02
5.2141120e-02
4.4484340e-02
3.5173180e-02
2.6855110e-02
2.0914330e-02
1.6509200e-02
1.2919310e-02
1.4079550e-02
2.0193980e-02
2.8699210e-02
3.6597180e-02
4.1685750e-02
4.5077810e-02
4.4100470e-02
3.9838630e-02
3.2513170e-02
2.2523750e-02
1.3377220e-02
1.1352360e-02
9.2288270e-03
1.0131080e-02
8.9865780e-03
9.5570520e-03
8.6068670e-03
4.9864490e-03
3.6272610e-03
4.1322320e-03
3.1901330e-04
-4.5370990e-03
-3.7518950e-03
-1.7365280e-03
2.4547350e-03
1.0999080e-02
2.2298180e-02
3.5896780e-02
4.9041510e-02
6.1082900e-02
6.8057090e-02
7.6813250e-02
8.1692410e-02
8.1681410e-02
7.7601270e-02
6.8128230e-02
5.6995850e-02
4.4743380e-02
3.2898200e-02
2.0132970e-02
9.5096290e-03
1.3984340e-04
-6.0415950e-03
-7.6033770e-03
-9.1941020e-03
-7.0140010e-03
-5.6758660e-03
-7.4006040e-03
-1.2015610e-02
-1.5698530e-02
-1.9952790e-02
-2.4266790e-02
-2.5028860e-02
-2.4240340e-02
-2.5071340e-02
-2.5201460e-02
-2.5952340e-02
-2.8740650e-02
-2.7328140e-02
-2.7026830e-02
-2.4800330e-02
-1.6472470e-02
-1.2220600e-02
-1.3468840e-02
-1.8581930e-02
-2.9585340e-02
-3.5620830e-02
-4.2820560e-02
-5.1727250e-02
-5.7700080e-02
-6.2795830e-02
-6.5638130e-02
-6.7308760e-02
-6.6458270e-02
-6.0334990e-02
-4.9791450e-02
-3.8476460e-02
-2.7469810e-02
-1.7611620e-02
-8.9449010e-03
-6.5177160e-04
4.6146200e-03
8.2555520e-03
7.8195230e-03
6.4266220e-03
-2.7602450e-04
-4.0940970e-03
-9.8437670e-03
-1.5157670e-02
-2.0850780e-02
-2.3461290e-02
-2.5041930e-02
-2.5576010e-02
-2.4777000e-02
-2.3923520e-02
-2.2827370e-02
-2.0403760e-02
-1.8543720e-02
-1.1722250e-02
-1.2091900e-03
7.6639620e-03
2.0033470e-02
3.4482770e-02
4.9071810e-02
6.0111680e-02
7.2288040e-02
7.8542550e-02
8.4743760e-02
8.6241990e-02
8.4460480e-02
7.8658940e-02
7.4801210e-02
6.9109030e-02
6.3553580e-02
5.9801830e-02
5.5308650e-02
5.2124050e-02
4.8176220e-02
4.6775880e-02
4.3537020e-02
3.9144420e-02
3.6154820e-02
3.0907480e-02
2.5057170e-02
2.0607390e-02
1.3683790e-02
3.4715880e-03
-5.3179130e-03
-1.5894550e-02
-2.3245350e-02
-3.2045100e-02
-3.9036990e-02
-4.1799050e-02
-4.6056150e-02
-4.5211960e-02
-4.4943000e-02
-4.4981670e-02
-4.4242850e-02
-4.0328000e-02
-3.1944100e-02
-2.1222610e-02
-8.5010960e-03
2.0330960e-03
7.6993070e-03
1.0693680e-02
1.1683710e-02
1.1318370e-02
8.0786990e-03
3.6220550e-03
-7.2627150e-04
-6.3302570e-03
-1.3596690e-02
-1.8995400e-02
-2.5381430e-02
-2.8411320e-02
-2.8171790e-02
-2.8299670e-02
-2.7310190e-02
-2.4954310e-02
-2.4062740e-02
-2.2064000e-02
-2.0574100e-02
-1.3347580e-02
-8.1523620e-03
-1.5759260e-03
8.4384570e-03
1.6382730e-02
2.2889890e-02
2.5007920e-02
2.6180720e-02
2.4967430e-02
2.0631770e-02
1.6768240e-02
9.8895550e-03
3.9492790e-03
4.6931030e-03
-1.4079360e-03
-5.0920680e-03
-7.3732940e-03
-7.0186040e-03
-2.3748140e-03
6.7924310e-03
1.5283940e-02
2.1706480e-02
2.8666330e-02
3.0159410e-02
3.2052950e-02
3.0834770e-02
2.7291170e-02
2.6195470e-02
2.4410700e-02
2.0834220e-02
1.8830450e-02
1.8898670e-02
1.9366240e-02
2.0665400e-02
2.1975950e-02
2.4320870e-02
2.4793940e-02
2.0813190e-02
1.8223500e-02
1.2410750e-02
5.6182170e-03
9.4588880e-04
-1.6902860e-03
-8.0029490e-03
-1.4599440e-02
-1.8126670e-02
-2.3194160e-02
-2.9410430e-02
-3.3536790e-02
-3.7249530e-02
-3.8232910e-02
-3.6674920e-02
-3.1631110e-02
-2.5273380e-02
-1.8660240e-02
-1.5617360e-02
-1.2207750e-02
-1.5489100e-02
-2.1262140e-02
-2.4018390e-02
-3.4355010e-02
-4.0822560e-02
-4.4921580e-02
-4.7409750e-02
-4.8761220e-02
-5.2537950e-02
-5.3344550e-02
-5.0149150e-02
-4.2246780e-02
-3.3590360e-02
-2.2781120e-02
-1.3096230e-02
-7.8044110e-03
-3.2310620e-03
4.6303350e-04
1.4841020e-03
6.2195290e-03
1.1352580e-02
1.7204560e-02
2.0135610e-02
2.2674970e-02
2.3001230e-02
1.7545500e-02
1.1973600e-02
7.2072070e-03
-3.7027280e-04
-7.0123280e-03
-1.0697090e-02
-1.2246780e-02
-1.1491600e-02
-8.7621610e-03
-1.8356970e-03
5.7738010e-03
1.3314400e-02
1.9799700e-02
2.5452500e-02
2.6033020e-02
2.3488970e-02
1.8646140e-02
1.2251160e-02
7.2318200e-03
-8.9366260e-04
-9.7076940e-03
-1.6370680e-02
-1.6674590e-02
-2.0450290e-02
-2.0951080e-02
-2.1162490e-02
-2.1251670e-02
-2.0799720e-02
-1.8888200e-02
-1.7522040e-02
-1.4596600e-02
-1.1801520e-02
-1.0986330e-02
-1.1589960e-02
-1.5129990e-02
-1.6865270e-02
-1.7762800e-02
-1.9998900e-02
-1.9028930e-02
-1.7726600e-02
-1.6310440e-02
-1.3092070e-02
-1.2852780e-02
-1.1353260e-02
-8.7307480e-03
-8.4504880e-03
-7.9918010e-03
-6.4427840e-03
-4.1260960e-03
8.7033970e-06
2.0367400e-03
3.3726760e-03
2.9153480e-03
8.7792250e-04
-1.5983390e-03
-5.5816490e-03
-8.9311280e-03
-1.0551120e-02
-1.4286670e-02
-1.3490940e-02
-1.3723720e-02
-1.4441520e-02
-1.1787290e-02
-7.1175730e-03
-2.6438750e-03
6.0674860e-03
1.3105750e-02
1.9767490e-02
2.5872940e-02
2.9022610e-02
3.0000170e-02
2.8410970e-02
2.6736170e-02
2.0654210e-02
1.5168640e-02
1.3634370e-02
1.5488160e-02
1.5221210e-02
1.6026160e-02
2.0132540e-02
2.1587340e-02
2.4125790e-02
2.6839240e-02
2.8810190e-02
2.9201790e-02
3.1200310e-02
2.7013470e-02
2.3564870e-02
2.3365940e-02
2.1242050e-02
1.7469120e-02
1.5089580e-02
1.3289760e-02
7.2544830e-03
4.0882910e-03
1.9151570e-03
-2.3211290e-03
-4.7270850e-03
-7.0014140e-03
-9.9518310e-03
-1.1741200e-02
-1.8621730e-02
-2.4534400e-02
-2.7684720e-02
-3.0781520e-02
-3.0342910e-02
-2.6625140e-02
-2.2211230e-02
-1.7773430e-02
-1.5152990e-02
-1.2989760e-02
-7.5158780e-03
-3.3569740e-03
1.6259790e-03
7.9232910e-04
-1.2201900e-03
-3.0470290e-03
-8.1225970e-03
-1.1611030e-02
-1.5029620e-02
-1.4175400e-02
-1.3017160e-02
-1.2793850e-02
-1.1949060e-02
-9.3082340e-03
-7.8565260e-03
-4.4472120e-03
-3.5809850e-03
8.3841430e-04
3.3512170e-03
3.2542370e-03
9.8542960e-04
-1.2110260e-03
-2.4308260e-03
-3.2405360e-03
-2.6759210e-03
-1.7683470e-03
5.1049920e-04
1.8574070e-03
4.0185260e-03
5.0977190e-03
5.5242510e-03
7.5730630e-03
8.0477290e-03
8.4352510e-03
7.1702940e-03
5.9866390e-03
3.9005040e-03
-1.3268760e-03
-7.7614680e-03
-1.5777690e-02
-2.3642950e-02
-3.0078990e-02
-3.5508300e-02
-3.9554560e-02
-4.1821840e-02
-3.9398120e-02
-3.8219310e-02
-3.0417340e-02
-2.8188780e-02
-2.5776800e-02
-2.5157520e-02
-2.4204690e-02
-2.3280720e-02
-2.2173030e-02
-1.8212250e-02
-1.2680870e-02
-1.1390270e-02
-1.2673470e-02
-1.6923690e-02
-2.4073730e-02
-2.9542530e-02
-3.5415820e-02
-4.0619680e-02
-4.2954080e-02
-4.4745400e-02
-4.8623180e-02
-4.9517540e-02
-5.1452490e-02
-5.2760120e-02
-5.2719940e-02
-5.2475070e-02
-5.0784680e-02
-4.9720700e-02
-4.7461030e-02
-4.4898810e-02
-4.0327840e-02
-4.0525360e-02
-3.9137010e-02
-3.8579150e-02
-4.0947680e-02
-4.1755420e-02
-4.0460900e-02
-3.9688200e-02
-3.7005380e-02
-3.0459390e-02
-2.5397700e-02
-2.0642230e-02
-1.5195410e-02
-1.2032280e-02
-1.1273800e-02
-9.2664650e-03
-9.1461530e-03
-9.8231290e-03
-9.8068540e-03
-8.1651040e-03
-5.0277450e-03
1.5094370e-03
5.5240240e-03
1.0519780e-02
1.3180020e-02
1.6315100e-02
1.7646940e-02
2.0919230e-02
2.6836370e-02
2.8980540e-02
3.0121250e-02
3.1464960e-02
3.0550840e-02
2.3787480e-02
1.6002920e-02
7.1612930e-03
-2.8130120e-04
-1.0647840e-02
-1.7491310e-02
-2.2028600e-02
-2.4839360e-02
-2.7541650e-02
-2.8232580e-02
-2.8423310e-02
-2.5402860e-02
-2.6471910e-02
-2.7132240e-02
-2.3569860e-02
-2.0263380e-02
-1.5668170e-02
-1.2358920e-02
-7.6946940e-03
-4.6856860e-03
-1.3724620e-03
3.2050710e-03
7.7204870e-03
1.1851350e-02
1.7692500e-02
2.2925020e-02
2.8251640e-02
3.1460380e-02
3.2494570e-02
3.0801760e-02
3.0535090e-02
2.6945880e-02
2.4336290e-02
2.0048200e-02
2.0469350e-02
2.2340360e-02
1.9597040e-02
1.8863220e-02
1.8824500e-02
1.8497810e-02
1.6268970e-02
1.8214220e-02
1.7032830e-02
1.5301070e-02
1.7350760e-02
1.5233770e-02
1.4235190e-02
1.5562720e-02
1.6013530e-02
1.8463680e-02
1.7682730e-02
1.5894410e-02
1.5841350e-02
1.5041680e-02
1.4822220e-02
1.2598460e-02
9.9493750e-03
7.3319730e-03
4.7806050e-03
2.2835520e-03
1.2306810e-03
2.0726760e-03
2.0538810e-03
-3.5891780e-04
4.9083920e-04
9.8311960e-04
1.7955680e-03
3.6903760e-03
8.5567010e-03
1.0648180e-02
1.6042080e-02
1.8578000e-02
2.1832210e-02
2.3546520e-02
2.4727400e-02
2.0896960e-02
1.5818170e-02
1.0783200e-02
8.1551500e-03
4.6312720e-03
2.6374710e-03
4.8299140e-04
-2.4750620e-03
-3.8112570e-03
-3.8153370e-03
-3.6747250e-03
-4.1250220e-03
-2.1455000e-03
5.6137190e-03
1.2310110e-02
1.5909930e-02
1.9013350e-02
2.1884240e-02
2.3562480e-02
2.2851590e-02
2.2351450e-02
1.9260040e-02
2.0992640e-02
1.7997490e-02
1.5242580e-02
1.2355870e-02
1.2095230e-02
1.0784900e-02
1.0531720e-02
7.5604180e-03
4.9782620e-03
6.8033870e-04
-3.9814900e-03
-6.3606980e-03
-8.7088130e-03
-1.1716510e-02
-1.1192530e-02
-1.1315810e-02
-1.2202250e-02
-9.1681730e-03
-6.6661440e-03
-7.1357000e-03
-6.8808700e-03
-3.7150460e-03
-2.4749270e-03
-3.5418750e-04
-4.8153310e-03
-6.0481510e-03
-9.8234000e-03
-1.3159420e-02
-1.0377460e-02
-7.7283930e-03
-5.7673390e-03
-2.0352310e-04
1.6800260e-03
1.0064660e-03
3.8751660e-03
7.2813520e-03
9.3377960e-03
9.1346590e-03
1.0996510e-02
1.2048990e-02
1.3084840e-02
1.5099600e-02
1.3501420e-02
1.4333440e-02
1.3470740e-02
1.0576940e-02
8.4493820e-03
5.9410460e-03
3.4182630e-03
2.3685890e-03
1.6476340e-03
4.0547590e-03
6.4859800e-03
7.6427570e-03
9.1212100e-03
9.5667250e-03
8.5762640e-03
8.1074040e-03
8.7735480e-03
8.1716260e-03
6.7690040e-03
3.7894590e-03
-3.8256810e-04
-6.7861480e-03
-9.2734990e-03
-1.3881390e-02
-1.8990720e-02
-2.1047480e-02
-2.4932970e-02
-2.2602880e-02
-2.3110450e-02
-2.5571760e-02
-2.5501300e-02
-2.6261540e-02
-2.8955050e-02
-2.7730330e-02
-2.5866670e-02
-2.5214840e-02
-2.0655190e-02
-2.0164390e-02
-1.5263120e-02
-1.2239240e-02
-7.1039940e-03
-2.5161540e-03
2.7484090e-03
5.8178740e-03
8.4953650e-03
9.6571950e-03
1.1479600e-02
1.3138100e-02
1.5878400e-02
1.9175470e-02
2.1368450e-02
2.3949840e-02
2.5880930e-02
2.8040020e-02
2.8552500e-02
2.9233070e-02
2.8194480e-02
2.6500070e-02
2.2780630e-02
2.1789740e-02
2.1569200e-02
1.7545120e-02
1.6291130e-02
1.6831670e-02
1.7684860e-02
1.7078650e-02
1.8521360e-02
1.8087870e-02
1.5121070e-02
1.2148780e-02
9.2213320e-03
5.8658870e-03
9.4770890e-04
-2.5578980e-03
-3.3250780e-03
-5.4913410e-03
-4.1377870e-03
-2.3030030e-04
7.5839270e-03
9.5721810e-03
1.2394160e-02
1.6394280e-02
1.3650270e-02
9.0559410e-03
4.8951480e-03
-4.7414950e-03
-1.0197720e-02
-1.5553940e-02
-2.0805160e-02
-2.2469570e-02
-2.3402180e-02
-2.4156300e-02
-2.5460650e-02
-2.1692520e-02
-1.6692410e-02
-1.2928110e-02
-8.6053910e-03
-3.6505900e-03
-1.0581030e-03
-8.9062910e-04
-1.6663520e-03
-2.4855240e-03
-5.1548830e-03
-6.8438110e-03
-7.7677730e-03
-3.2204640e-03
1.8361290e-04
5.4771090e-03
9.7539420e-03
1.3601050e-02
2.0262190e-02
2.2872060e-02
2.2298230e-02
2.5704360e-02
2.8131320e-02
2.7230190e-02
2.7669130e-02
2.4500970e-02
1.9062530e-02
1.6259600e-02
9.7932150e-03
6.9924040e-03
3.2658020e-03
1.6929600e-03
1.0207980e-03
4.2583730e-03
6.4686820e-03
9.5013750e-03
1.6138730e-02
2.3590330e-02
3.0206580e-02
3.4836190e-02
3.5440980e-02
3.5576910e-02
3.3116980e-02
2.9748440e-02
2.5473770e-02
2.1102390e-02
1.7183530e-02
1.4814680e-02
1.4784480e-02
1.1321850e-02
1.0231860e-02
1.1814290e-02
1.2186170e-02
1.3334900e-02
1.4050870e-02
1.5466670e-02
1.4897330e-02
1.3700380e-02
1.5178730e-02
1.4102960e-02
1.3337340e-02
9.8646690e-03
7.4677290e-03
5.2418210e-03
4.4724330e-03
2.8009270e-03
1.6521640e-03
5.6526700e-04
2.0891850e-03
7.8840010e-04
-1.2004690e-03
1.0675950e-03
2.5958850e-03
1.1318230e-03
-2.1684930e-03
-2.4193940e-03
-3.7927800e-03
-6.0704000e-03
-9.4614300e-03
-1.0400560e-02
-1.1265370e-02
-1.1052740e-02
-8.3765960e-03
-6.4813760e-03
-2.4661590e-03
2.2424780e-03
5.8566290e-03
1.1126850e-02
1.4819270e-02
1.8167060e-02
1.9777590e-02
2.0885820e-02
2.2340840e-02
2.3715530e-02
2.3252180e-02
2.3005940e-02
2.1880010e-02
1.9517720e-02
1.6272590e-02
1.2959420e-02
1.1917360e-02
9.9371110e-03
5.8334430e-03
4.9970730e-03
5.2119500e-03
4.9811170e-03
4.3319770e-03
6.4389360e-03
9.7298900e-03
1.1335930e-02
9.1607690e-03
7.0275280e-03
4.8713040e-03
3.7335680e-03
-3.6741460e-04
6.2267890e-04
-3.3575130e-03
-2.4968160e-03
4.7013940e-04
1.4472900e-03
-2.5416260e-05
-8.2817410e-04
-2.1493820e-03
-2.3693740e-03
3.4978630e-04
3.3370550e-03
4.2110590e-03
5.7076140e-03
5.9428110e-03
6.0919350e-03
5.7271950e-03
4.3563620e-03
1.7271840e-03
7.5410590e-04
1.0759670e-03
1.8082320e-04
-2.7108110e-03
-1.5451270e-03
-4.0621820e-03
-4.2566970e-03
-6.3258970e-03
-5.0736500e-03
-4.5139050e-03
-5.0027920e-03
-4.5670720e-03
-3.4584080e-03
-2.2330730e-03
-2.1700580e-03
-1.4050120e-03
-4.7811460e-04
-1.6076160e-03
-3.7902660e-03
-5.1581370e-03
-5.0487900e-03
-4.2343850e-03
-4.5328760e-03
-6.7396530e-03
-5.1263970e-03
-2.4366910e-03
-4.1054520e-04
3.5406540e-03
4.0184340e-03
5.2487240e-03
4.7067320e-03
5.0583670e-03
8.1385480e-03
1.0064720e-02
1.2797070e-02
1.4601120e-02
1.7377850e-02
2.0181340e-02
2.0824040e-02
1.8444760e-02
1.9330920e-02
1.8553700e-02
1.5844790e-02
1.6419640e-02
1.5126830e-02
1.2255130e-02
8.9936560e-03
3.8207250e-03
-3.3135410e-04
-7.7555450e-03
-1.2582110e-02
-1.4361490e-02
-1.8200750e-02
-1.7328400e-02
-1.7034130e-02
-1.4845490e-02
-1.1425870e-02
-6.8739920e-03
-6.3121740e-03
-5.2449750e-03
-5.7531370e-03
-8.1601340e-03
-7.2513710e-03
-1.0329700e-02
-1.2868490e-02
-1.3531430e-02
-1.5302320e-02
-1.5668010e-02
-1.6388590e-02
-1.5669550e-02
-1.5132650e-02
-1.2664250e-02
-7.9680900e-03
-5.0461310e-03
-9.3060970e-04
2.8434960e-04
1.1592330e-03
2.9839690e-03
5.0058620e-03
5.1579960e-03
5.5491500e-03
5.6927030e-03
6.4270970e-03
4.3352410e-03
5.2214730e-03
4.6737240e-03
3.8583840e-03
5.0500830e-03
4.7308750e-03
6.3725430e-03
6.2565230e-03
5.0532050e-03
6.0526890e-03
6.0197660e-03
6.5070140e-03
6.6065810e-03
7.9997040e-03
1.0552300e-02
1.0867390e-02
1.0025740e-02
1.0261300e-02
9.1630890e-03
2.7746000e-03
-3.4040140e-03
-6.3242960e-03
-7.1341930e-03
-9.8654300e-03
-8.8517550e-03
-9.1446440e-03
-1.0819500e-02
-1.1173670e-02
-1.1344990e-02
-1.0838640e-02
-9.9939120e-03
-1.1188610e-02
-9.2893990e-03
-4.0819250e-03
-3.5793220e-03
-3.7095750e-03
-1.7801140e-03
-2.4569620e-03
-5.1309330e-04
-1.1057140e-03
-1.6939970e-03
-2.8993380e-03
-2.2716930e-03
-4.8537080e-03
-4.4252960e-03
-9.3497500e-03
-1.0951770e-02
-1.0736640e-02
-1.2772270e-02
-1.3319000e-02
-1.4829420e-02
-1.3999710e-02
-1.4342700e-02
-1.4300780e-02
-1.5063280e-02
-1.3481110e-02
-1.4925400e-02
-1.7628480e-02
-1.5261510e-02
-1.7154570e-02
-1.5472730e-02
-1.6172710e-02
-1.6062990e-02
-1.7392370e-02
-1.8989680e-02
-1.9087450e-02
-1.9087300e-02
-1.9525820e-02
-1.7874220e-02
-1.6605460e-02
-1.8267250e-02
-1.7870540e-02
-1.8343140e-02
-1.7709440e-02
-1.8354440e-02
-1.7056800e-02
-1.6318370e-02
-1.7676250e-02
-1.7057970e-02
-1.8845940e-02
-2.1390040e-02
-2.0795760e-02
-1.9874420e-02
-1.9666520e-02
-1.5297280e-02
-1.4456590e-02
-1.4003080e-02
-1.2724800e-02
-1.3041650e-02
-1.1694980e-02
-1.2276620e-02
-1.3652820e-02
-1.6006210e-02
-1.5966890e-02
-1.3430020e-02
-1.4848150e-02
-1.4441620e-02
-1.3132880e-02
-1.1476540e-02
-1.3450770e-02
-1.2140900e-02
-1.1387390e-02
-1.1072140e-02
-7.2951200e-03
-6.1688560e-03
-5.0091870e-03
-2.8885280e-03
-2.0500600e-03
-3.5949290e-03
-4.7191560e-03
-6.0280420e-03
-6.6308020e-03
-4.0553840e-03
-2.6976340e-03
-1.3003760e-03
-1.3598670e-03
4.8439580e-04
-4.7820370e-04
-3.6303100e-03
-4.0567930e-03
-4.1326330e-03
-6.4153370e-03
-7.9502240e-03
-1.0054280e-02
-1.2876450e-02
-1.2901200e-02
-8.8145210e-03
-8.2991450e-03
-8.4321470e-03
-4.8541680e-03
-4.1620090e-03
-3.0506310e-03
-1.9856830e-04
-1.2236310e-03
-2.1802160e-03
-4.1020780e-03
-5.6049120e-03
-5.3400450e-03
-5.1897530e-03
-6.7906520e-03
-4.6272610e-03
-3.9262310e-03
-4.8243870e-03
-3.8708860e-03
-5.2292730e-03
-5.9705050e-03
-6.5015110e-03
-7.4090560e-03
-9.1426700e-03
-9.0062050e-03
-9.6213990e-03
-9.5984300e-03
-1.0606410e-02
-1.0829480e-02
-1.1635910e-02
-1.4638720e-02
-1.5289360e-02
-1.7992900e-02
-1.7654030e-02
-1.6418910e-02
-1.3892520e-02
-1.2143810e-02
-1.0221910e-02
-9.5510240e-03
-7.5799180e-03
-5.5599870e-03
