0.01
8.1749440e-03
1.0675950e-02
1.2355200e-02
1.2910450e-02
1.2535880e-02
1.1686550e-02
1.0598550e-02
9.3638230e-03
8.1179940e-03
6.9544320e-03
5.8634350e-03
4.8246620e-03
3.8398800e-03
2.8918320e-03
1.9292920e-03
7.0455120e-04
-9.7632320e-04
-3.0883520e-03
-5.5104680e-03
-8.0533820e-03
-1.0352330e-02
-1.1925000e-02
-1.2575720e-02
-1.2113370e-02
-1.0470450e-02
-8.2802020e-03
-6.2368760e-03
-4.8621020e-03
-4.4279790e-03
-4.9138090e-03
-5.9838730e-03
-7.2056740e-03
-8.2650880e-03
-8.9969170e-03
-9.3665330e-03
-9.4371310e-03
-9.3484800e-03
-9.1752260e-03
-8.8553770e-03
-8.1877390e-03
-7.1740270e-03
-6.0143150e-03
-4.8802920e-03
-3.7787790e-03
-2.7044150e-03
-1.6947160e-03
-8.0575650e-04
-6.4368880e-05
6.2586010e-04
1.5931070e-03
2.6315650e-03
3.3280160e-03
3.4954520e-03
3.2470780e-03
2.7524410e-03
2.1455060e-03
1.5243590e-03
8.6066560e-04
3.7068080e-05
-9.8382200e-04
-2.1286450e-03
-3.1278900e-03
-3.7348840e-03
-3.9532250e-03
-3.6625910e-03
-2.0651000e-03
1.5373360e-03
6.4122400e-03
1.1136030e-02
1.4356050e-02
1.5459170e-02
1.4839570e-02
1.3349680e-02
1.1639380e-02
1.0011810e-02
8.5201600e-03
7.0644440e-03
5.5223120e-03
3.8776050e-03
2.3911760e-03
1.7460720e-03
2.5056320e-03
4.8404050e-03
8.0709190e-03
1.0624480e-02
1.1202250e-02
9.7454060e-03
7.1847760e-03
4.6142080e-03
2.7724660e-03
1.7675970e-03
1.1615470e-03
3.8796190e-04
-8.6861700e-04
-2.5867820e-03
-4.5245980e-03
-6.4100410e-03
-7.9715540e-03
-9.0113410e-03
-9.4857640e-03
-9.2895930e-03
-8.3357520e-03
-6.3807430e-03
-4.0646370e-03
-2.6003840e-03
-2.5411510e-03
-3.5651960e-03
-5.0774270e-03
-6.5760760e-03
-7.4640860e-03
-7.2412810e-03
-5.8305510e-03
-3.6694270e-03
-1.8568970e-03
-1.3036680e-03
-2.1760140e-03
-4.1230470e-03
-6.3596230e-03
-8.1867370e-03
-9.3515180e-03
-9.9430620e-03
-1.0271250e-02
-1.0608930e-02
-1.1082290e-02
-1.1688440e-02
-1.2457810e-02
-1.3513130e-02
-1.4799470e-02
-1.6052700e-02
-1.7041570e-02
-1.7662720e-02
-1.7811670e-02
-1.6994030e-02
-1.4536450e-02
-1.0299030e-02
-4.6059430e-03
6.2862160e-04
3.4627940e-03
3.5594050e-03
1.5848900e-03
-1.4444350e-03
-4.2028330e-03
-5.8133100e-03
-5.7572560e-03
-3.0048220e-03
3.6680940e-03
1.2614190e-02
2.0923840e-02
2.6665890e-02
2.9029940e-02
2.7816010e-02
2.3281610e-02
1.6268770e-02
7.0809970e-03
-3.8167400e-03
-1.5301440e-02
-2.6091620e-02
-3.5243540e-02
-4.1395490e-02
-4.4074750e-02
-4.3144870e-02
-3.8950610e-02
-3.2694410e-02
-2.6198240e-02
-2.0950190e-02
-1.7154550e-02
-1.4178000e-02
-1.1386770e-02
-8.3647560e-03
-4.8479020e-03
-5.7450210e-04
4.8391070e-03
1.1785240e-02
1.9732630e-02
2.7355440e-02
3.3850110e-02
3.9289860e-02
4.3978420e-02
4.8144520e-02
5.2061410e-02
5.5929020e-02
5.9836710e-02
6.3787350e-02
6.7237220e-02
6.9138310e-02
6.9003960e-02
6.6967980e-02
6.3682560e-02
5.9321210e-02
5.3740690e-02
4.6870010e-02
3.8124800e-02
2.7737090e-02
1.7155160e-02
7.7597220e-03
8.0300680e-05
-6.3900230e-03
-1.2545890e-02
-1.9024870e-02
-2.5917670e-02
-3.2727240e-02
-3.8994200e-02
-4.4762310e-02
-5.0028660e-02
-5.3653270e-02
-5.4227970e-02
-5.1748430e-02
-4.7563530e-02
-4.3197560e-02
-3.9485300e-02
-3.6334290e-02
-3.3342490e-02
-3.0960090e-02
-2.9792750e-02
-3.0009530e-02
-3.1516130e-02
-3.3823460e-02
-3.5933280e-02
-3.7014090e-02
-3.6284830e-02
-3.3321210e-02
-2.8566070e-02
-2.3118740e-02
-1.8383370e-02
-1.5501590e-02
-1.4117030e-02
-1.2865960e-02
-1.0672800e-02
-7.3585070e-03
-3.3990330e-03
5.6907710e-04
3.8428950e-03
5.9018930e-03
6.9426610e-03
7.6235800e-03
8.5949630e-03
1.0174350e-02
1.2598200e-02
1.6370330e-02
2.1335090e-02
2.6588940e-02
3.1302070e-02
3.5217630e-02
3.8444230e-02
4.0411060e-02
3.8991800e-02
3.2584410e-02
2.2945870e-02
1.2794300e-02
3.7309710e-03
-4.1354840e-03
-1.0759120e-02
-1.5087900e-02
-1.6521720e-02
-1.5034610e-02
-1.0606480e-02
-3.8372610e-03
4.1827690e-03
1.2081020e-02
1.9092540e-02
2.5146210e-02
3.0230930e-02
3.3573980e-02
3.4827400e-02
3.4543620e-02
3.3687060e-02
3.2996620e-02
3.2727110e-02
3.2768980e-02
3.3005000e-02
3.3638350e-02
3.4872990e-02
3.6691100e-02
3.8562320e-02
3.9073300e-02
3.6821090e-02
3.1886630e-02
2.5235450e-02
1.5338230e-02
6.6643480e-04
-1.6476040e-02
-3.2379870e-02
-4.4812470e-02
-5.3277880e-02
-5.8853390e-02
-6.2852730e-02
-6.5942730e-02
-6.7442400e-02
-6.6783540e-02
-6.4345060e-02
-6.0910080e-02
-5.7160340e-02
-5.3486850e-02
-4.9459450e-02
-4.3321980e-02
-3.3848140e-02
-1.8867020e-02
-1.0274860e-03
1.4186530e-02
2.4290720e-02
2.9896530e-02
3.2795870e-02
3.4892710e-02
3.6969370e-02
3.8843610e-02
4.0040400e-02
4.0376750e-02
4.0035120e-02
3.9406940e-02
3.8845580e-02
3.8635800e-02
3.8862530e-02
3.9285040e-02
3.8767740e-02
3.5467720e-02
2.8832670e-02
1.9206930e-02
9.3178000e-03
2.2202130e-03
-6.6754920e-04
-2.6853590e-05
2.2204090e-03
3.9595050e-03
3.7269040e-03
1.4996370e-03
-1.7135990e-03
-4.8664860e-03
-7.4231660e-03
-9.3021470e-03
-1.0451840e-02
-1.1008160e-02
-1.1214370e-02
-1.1097640e-02
-1.0317960e-02
-9.0908290e-03
-8.0918870e-03
-7.7009910e-03
-7.8282160e-03
-8.1379500e-03
-8.2304890e-03
-7.7721330e-03
-6.5778480e-03
-4.6083680e-03
-2.2392790e-03
-1.3681440e-04
1.2943240e-03
1.8432380e-03
1.5211230e-03
-2.2005770e-04
-4.2031990e-03
-1.0491360e-02
-1.8542480e-02
-2.7518810e-02
-3.6364140e-02
-4.4327720e-02
-5.0758390e-02
-5.4510260e-02
-5.5099430e-02
-5.3057010e-02
-4.9760840e-02
-4.6817170e-02
-4.5069110e-02
-4.4021930e-02
-4.1882070e-02
-3.4323820e-02
-1.8118480e-02
5.8800230e-03
3.3803940e-02
6.1533580e-02
8.6242180e-02
1.0569130e-01
1.1780690e-01
1.2164800e-01
1.1672590e-01
9.9827190e-02
7.3960820e-02
4.6051310e-02
1.9545500e-02
-2.1138740e-03
-1.3105610e-02
-1.1082620e-02
-8.9557000e-04
1.0620600e-02
1.9160640e-02
2.4090550e-02
2.5477810e-02
2.0719960e-02
8.5281300e-03
-8.1185350e-03
-2.4828420e-02
-3.8625430e-02
-4.6966720e-02
-4.9279810e-02
-4.7163800e-02
-4.3039440e-02
-3.9457140e-02
-3.8332270e-02
-4.0552900e-02
-4.5365020e-02
-5.0442090e-02
-5.3065340e-02
-5.0210600e-02
-4.0870110e-02
-2.7519050e-02
-1.3293050e-02
8.0370940e-04
1.2852340e-02
2.1110760e-02
2.5477230e-02
2.5802980e-02
2.0952030e-02
1.2043740e-02
2.0883420e-03
-7.2150220e-03
-1.7197500e-02
-2.7394050e-02
-3.4970570e-02
-3.8483540e-02
-3.8709740e-02
-3.7450590e-02
-3.5787940e-02
-3.3253760e-02
-2.9854000e-02
-2.6135290e-02
-2.3240280e-02
-2.2121060e-02
-2.3340160e-02
-2.6741550e-02
-3.1427840e-02
-3.6930650e-02
-4.2540950e-02
-4.6371410e-02
-4.6363840e-02
-3.9615350e-02
-2.5968860e-02
-8.4150270e-03
9.8082650e-03
2.7913550e-02
4.4747210e-02
5.7847690e-02
6.6229190e-02
7.0526960e-02
7.2043970e-02
7.1757380e-02
6.9123780e-02
6.2730670e-02
5.2009610e-02
3.8719970e-02
2.4783600e-02
1.0599040e-02
-1.3420470e-03
-8.3267090e-03
-1.0289830e-02
-8.8547410e-03
-5.6169210e-03
-1.6571760e-03
2.2306450e-03
5.3394240e-03
7.5717380e-03
9.4051310e-03
1.1423560e-02
1.3938450e-02
1.6912280e-02
2.0170610e-02
2.3118190e-02
2.4837870e-02
2.4852130e-02
2.2779090e-02
1.8221140e-02
1.2142020e-02
6.6780430e-03
2.9656710e-03
1.9871460e-04
-3.4419300e-03
-8.4816000e-03
-1.4707860e-02
-2.1800660e-02
-2.7935120e-02
-3.1793230e-02
-3.3419170e-02
-3.3608850e-02
-3.3323770e-02
-3.3004250e-02
-3.2558330e-02
-3.1564190e-02
-2.9573510e-02
-2.6294400e-02
-2.1928210e-02
-1.7033430e-02
-1.2403710e-02
-9.1165680e-03
-7.9536330e-03
-8.8463510e-03
-1.1131670e-02
-1.3737050e-02
-1.5550540e-02
-1.6145300e-02
-1.5643360e-02
-1.3938230e-02
-1.0387480e-02
-4.6830780e-03
2.8573670e-03
1.0732800e-02
1.7486350e-02
2.2461140e-02
2.5826840e-02
2.8196890e-02
3.0052840e-02
3.1670080e-02
3.3227520e-02
3.4857550e-02
3.6579550e-02
3.8015090e-02
3.8330520e-02
3.6803290e-02
3.3667340e-02
2.9816130e-02
2.6395080e-02
2.4172580e-02
2.2913710e-02
2.1510330e-02
1.8727550e-02
1.4293540e-02
9.0424810e-03
3.9256650e-03
-8.2941930e-04
-5.4239860e-03
-9.2712630e-03
-1.1754720e-02
-1.2845860e-02
-1.2413220e-02
-9.9060940e-03
-6.0570330e-03
-2.2078120e-03
1.5180890e-04
2.9612140e-04
-1.3328680e-03
-4.0373170e-03
-7.7786020e-03
-1.1997940e-02
-1.5696420e-02
-1.8456500e-02
-2.0268890e-02
-2.0655420e-02
-1.9161790e-02
-1.6152090e-02
-1.2200810e-02
-8.3443500e-03
-5.6519570e-03
-4.6619540e-03
-5.2152560e-03
-6.7435230e-03
-8.4895110e-03
-9.9303280e-03
-1.0923400e-02
-1.1531540e-02
-1.1781170e-02
-1.0760800e-02
-7.0873810e-03
-7.0910300e-04
7.0585100e-03
1.4437410e-02
2.0256250e-02
2.3931570e-02
2.5364410e-02
2.4113090e-02
2.0082920e-02
1.4795750e-02
9.6066380e-03
3.8101810e-03
-3.3932230e-03
-1.1148130e-02
-1.8812620e-02
-2.6069600e-02
-3.1912410e-02
-3.5495500e-02
-3.6999190e-02
-3.6963980e-02
-3.5585500e-02
-3.2744150e-02
-2.7912640e-02
-2.1112060e-02
-1.3692530e-02
-7.0930300e-03
-2.3338630e-03
2.1182620e-04
8.6245750e-04
3.9449020e-04
-3.3705380e-04
-8.2296590e-04
-9.6949720e-04
-9.1041310e-04
-7.2776880e-04
-1.8674070e-05
1.6637870e-03
5.4859180e-03
1.1391990e-02
1.7815760e-02
2.3427990e-02
2.7292220e-02
2.8895720e-02
2.8562000e-02
2.6662840e-02
2.3384300e-02
1.9155800e-02
1.5172790e-02
1.2726920e-02
1.2022690e-02
1.2343000e-02
1.2745070e-02
1.2588060e-02
1.1779760e-02
1.0666830e-02
9.8525790e-03
9.7746090e-03
1.0339010e-02
1.1040750e-02
1.1354720e-02
1.0910670e-02
9.5974170e-03
7.1465830e-03
3.6745670e-03
1.0560090e-04
-2.7397440e-03
-4.6160990e-03
-5.6431280e-03
-5.7136490e-03
-4.2826140e-03
-1.1855510e-03
3.1309230e-03
8.0097130e-03
1.2816240e-02
1.7050350e-02
2.0393060e-02
2.2716220e-02
2.4003330e-02
2.4399890e-02
2.4139340e-02
2.3156350e-02
2.1364200e-02
1.8922800e-02
1.5551910e-02
1.0849100e-02
5.2606180e-03
-4.9442600e-04
-6.3072370e-03
-1.2299610e-02
-1.7689090e-02
-2.1182150e-02
-2.2392720e-02
-2.1674530e-02
-1.9851020e-02
-1.7788770e-02
-1.6061590e-02
-1.4852520e-02
-1.3929770e-02
-1.2606560e-02
-1.0304990e-02
-7.0288900e-03
-3.1767300e-03
5.1646600e-04
3.2771190e-03
4.3665110e-03
3.3949210e-03
9.2973940e-04
-2.5007210e-03
-7.2864130e-03
-1.3073840e-02
-1.9354750e-02
-2.5805760e-02
-3.1239920e-02
-3.4488570e-02
-3.5298420e-02
-3.4311120e-02
-3.2632540e-02
-3.0816420e-02
-2.8606130e-02
-2.6345880e-02
-2.4435380e-02
-2.3030540e-02
-2.1983770e-02
-2.0968240e-02
-1.9487420e-02
-1.7201040e-02
-1.4119180e-02
-1.0507940e-02
-6.5120800e-03
-2.2333780e-03
2.3784560e-03
7.3729970e-03
1.2193110e-02
1.6081480e-02
1.8907640e-02
2.1070030e-02
2.2939090e-02
2.4708470e-02
2.6477790e-02
2.8254800e-02
2.9902860e-02
3.0832910e-02
3.0489660e-02
2.8706590e-02
2.5471090e-02
2.1536810e-02
1.8327980e-02
1.6539690e-02
1.6014190e-02
1.6177140e-02
1.6518110e-02
1.6867700e-02
1.7246660e-02
1.7638990e-02
1.7918360e-02
1.7813770e-02
1.7066150e-02
1.5441280e-02
1.2890620e-02
9.3574680e-03
4.3897410e-03
-1.2163340e-03
-5.9434350e-03
-8.9997630e-03
-1.0455100e-02
-1.0611630e-02
-9.6177500e-03
-7.6705130e-03
-5.1479730e-03
-2.9490610e-03
-1.6756310e-03
-1.2161400e-03
-1.0700480e-03
-7.5928810e-04
-2.1235420e-05
1.1243180e-03
2.5230300e-03
3.9687860e-03
5.0728800e-03
5.4891140e-03
4.9233630e-03
3.2581490e-03
7.7080350e-04
-2.0958750e-03
-4.9656870e-03
-7.6541300e-03
-1.0098810e-02
-1.2357800e-02
-1.4570780e-02
-1.6852510e-02
-1.9244220e-02
-2.1745940e-02
-2.4237920e-02
-2.6434270e-02
-2.8222130e-02
-2.9762400e-02
-3.1121320e-02
-3.1829160e-02
-3.1176090e-02
-2.8537810e-02
-2.3587330e-02
-1.7306450e-02
-1.1044020e-02
-5.6970160e-03
-1.8438170e-03
-2.0624720e-05
-1.8613760e-05
-1.0053400e-03
-2.0676030e-03
-2.6520020e-03
-2.7012670e-03
-2.2078350e-03
-9.4209050e-04
9.0793970e-04
2.8734340e-03
4.5132570e-03
5.5707780e-03
6.0947390e-03
6.3534700e-03
6.6123490e-03
7.0291210e-03
7.6720520e-03
8.5832060e-03
9.9542240e-03
1.2091480e-02
1.4514460e-02
1.6487170e-02
1.7652260e-02
1.8015790e-02
1.7863420e-02
1.7454330e-02
1.6910650e-02
1.6258740e-02
1.5380100e-02
1.4154450e-02
1.2373040e-02
9.8192240e-03
6.9116650e-03
4.4404430e-03
2.8799470e-03
2.1207190e-03
1.7105840e-03
1.1177500e-03
3.9390460e-05
-1.4594340e-03
-3.1153690e-03
-4.7722950e-03
-6.4321660e-03
-7.8468070e-03
-8.6285060e-03
-8.4611030e-03
-7.6184260e-03
-6.7000740e-03
-6.0928330e-03
-5.7646770e-03
-5.4584850e-03
-4.8470980e-03
-3.5800730e-03
-1.6643660e-03
6.6127010e-04
3.1800510e-03
5.6538070e-03
7.8643870e-03
9.7270120e-03
1.1103470e-02
1.1991840e-02
1.2455550e-02
1.2454170e-02
1.1949820e-02
1.0968780e-02
9.7226470e-03
8.5715240e-03
7.7313810e-03
7.1675460e-03
6.7714210e-03
6.4522440e-03
6.1349910e-03
5.7535940e-03
5.1459340e-03
4.1853840e-03
2.7447530e-03
8.3619730e-04
-1.4150990e-03
-3.9878560e-03
-6.8168850e-03
-9.7377590e-03
-1.2394030e-02
-1.4282810e-02
-1.5021790e-02
-1.3943870e-02
-1.1006060e-02
-7.1868650e-03
-3.5825430e-03
-9.5106600e-04
4.7047890e-04
1.1010460e-03
1.4582160e-03
1.5776250e-03
1.2219710e-03
2.4729990e-04
-1.2180120e-03
-2.9261030e-03
-4.6576570e-03
-6.2254990e-03
-7.5292000e-03
-8.6237530e-03
-9.5386090e-03
-1.0249550e-02
-1.0789940e-02
-1.1178410e-02
-1.1426070e-02
-1.1518070e-02
-1.1460810e-02
-1.1316100e-02
-1.1185040e-02
-1.1133110e-02
-1.1151920e-02
-1.1157730e-02
-1.1049090e-02
-1.0634950e-02
-9.6604270e-03
-8.0086390e-03
-5.8152430e-03
-3.2501230e-03
-3.7728310e-04
2.8469620e-03
6.0100100e-03
8.6152500e-03
1.0525280e-02
1.1757330e-02
1.2415090e-02
1.2743270e-02
1.2954580e-02
1.3170970e-02
1.3423230e-02
1.3687640e-02
1.3927810e-02
1.4118060e-02
1.4191700e-02
1.4042270e-02
1.3646400e-02
1.2783820e-02
1.1199650e-02
8.5719170e-03
4.7724070e-03
1.4663600e-04
-4.7642850e-03
-9.1028350e-03
-1.2157750e-02
-1.3708240e-02
-1.4025670e-02
-1.3449690e-02
-1.2250600e-02
-1.0747600e-02
-9.2142120e-03
-7.7648060e-03
-6.3712680e-03
-5.0293760e-03
-3.8039150e-03
-2.7095400e-03
-1.8090060e-03
-1.1931820e-03
-9.1910780e-04
-9.0460400e-04
-9.7717550e-04
-8.9509300e-04
-1.3044290e-04
1.3686070e-03
3.1467370e-03
4.5866970e-03
5.1252740e-03
4.5788830e-03
3.0926000e-03
9.9231710e-04
-1.2426260e-03
-3.1171830e-03
-4.3347650e-03
-4.9158900e-03
-4.9183810e-03
-4.2432580e-03
-2.8091970e-03
-5.2088820e-04
2.3830640e-03
5.1524270e-03
7.2337150e-03
8.4722900e-03
8.8750030e-03
8.6173180e-03
8.0254210e-03
7.4434490e-03
7.0381870e-03
6.8675800e-03
7.1604440e-03
8.0232110e-03
9.2899430e-03
1.0627130e-02
1.1681170e-02
1.2226710e-02
1.1917870e-02
1.0577240e-02
8.4899890e-03
6.0856060e-03
3.6832220e-03
1.5163470e-03
-2.0559150e-04
-1.5337820e-03
-2.6358210e-03
-3.5138810e-03
-4.1573910e-03
-4.5728350e-03
-4.7884730e-03
-4.9668770e-03
-5.4675600e-03
-6.4698820e-03
-7.9338260e-03
-9.6851670e-03
-1.1572590e-02
-1.3384440e-02
-1.4640160e-02
-1.5098060e-02
-1.4399440e-02
-1.2111280e-02
-9.0222240e-03
-6.4748670e-03
-5.3670500e-03
-5.6731820e-03
-6.8508560e-03
-8.5513380e-03
-1.0334830e-02
-1.1717550e-02
-1.2512440e-02
-1.2774810e-02
-1.2585780e-02
-1.1974380e-02
-1.0805090e-02
-9.0407670e-03
-6.9251750e-03
-4.7632560e-03
-2.7448890e-03
-9.3644850e-04
4.4223470e-04
1.1613980e-03
1.2115200e-03
8.4450100e-04
3.1010960e-04
-2.5104920e-04
-7.1367750e-04
-9.1924430e-04
-5.4030320e-04
7.7885070e-04
3.0513100e-03
5.8051000e-03
8.4305080e-03
1.0571630e-02
1.2230450e-02
1.3622520e-02
1.4889230e-02
1.5906640e-02
1.6487310e-02
1.6478110e-02
1.5822810e-02
1.4575810e-02
1.3145020e-02
1.1984110e-02
1.1204650e-02
1.0633250e-02
9.9504220e-03
8.8321810e-03
7.1488070e-03
5.0149980e-03
2.5687350e-03
-1.3155530e-04
-3.0917170e-03
-6.2893500e-03
-9.2163030e-03
-1.1383900e-02
-1.2698670e-02
-1.3247420e-02
-1.3041090e-02
-1.2017450e-02
-1.0229880e-02
-8.1564360e-03
-6.5726240e-03
-5.7608610e-03
-5.3938230e-03
-4.9293320e-03
-3.8049800e-03
-1.8678010e-03
4.9919420e-04
2.8147440e-03
4.6414140e-03
5.6302860e-03
5.7990670e-03
5.4847590e-03
5.1075300e-03
4.9285050e-03
4.9936510e-03
5.2149460e-03
5.4539830e-03
5.5836990e-03
5.5090650e-03
5.2469220e-03
4.8995040e-03
4.5828820e-03
4.4839750e-03
4.7390950e-03
5.3595490e-03
6.1671640e-03
6.7655570e-03
6.9334610e-03
6.7351310e-03
6.3906500e-03
6.1171960e-03
6.0175810e-03
6.1131050e-03
6.4741840e-03
7.0320840e-03
7.5493050e-03
7.7643870e-03
7.5455320e-03
6.7960320e-03
5.5103830e-03
3.8223250e-03
1.8580530e-03
-2.2564730e-04
-2.1936620e-03
-3.9006440e-03
-5.3803230e-03
-6.7359060e-03
-8.1142170e-03
-9.7963980e-03
-1.1931500e-02
-1.4375260e-02
-1.6861740e-02
-1.9174170e-02
-2.1219710e-02
-2.2946570e-02
-2.4316290e-02
-2.5317920e-02
-2.5941220e-02
-2.6284880e-02
-2.6348000e-02
-2.6005660e-02
-2.4809060e-02
-2.2359340e-02
-1.9023570e-02
-1.5234720e-02
-1.0896560e-02
-6.3433330e-03
-2.1178310e-03
1.3690460e-03
4.1137970e-03
6.3726940e-03
8.3654140e-03
1.0090940e-02
1.1488640e-02
1.2630230e-02
1.3686280e-02
1.4776320e-02
1.5836530e-02
1.6776330e-02
1.7599430e-02
1.8203220e-02
1.8531010e-02
1.8658820e-02
1.8674200e-02
1.8629610e-02
1.8552860e-02
1.8369010e-02
1.8001900e-02
1.7476710e-02
1.6880310e-02
1.6310230e-02
1.5844280e-02
1.5609020e-02
1.5664840e-02
1.5918340e-02
1.6182120e-02
1.6311080e-02
1.6253980e-02
1.5890150e-02
1.5173190e-02
1.4206700e-02
1.2969200e-02
1.1381490e-02
9.4988780e-03
7.3348820e-03
4.8514330e-03
2.1073350e-03
-8.6057380e-04
-4.0148500e-03
-7.1764970e-03
-1.0102940e-02
-1.2558320e-02
-1.4210060e-02
-1.4865990e-02
-1.4778740e-02
-1.4380760e-02
-1.4005100e-02
-1.3836210e-02
-1.3956840e-02
-1.4296540e-02
-1.4851170e-02
-1.5644400e-02
-1.6558460e-02
-1.7439030e-02
-1.8134800e-02
-1.8593390e-02
-1.8851180e-02
-1.8894340e-02
-1.8605470e-02
-1.7759050e-02
-1.6170210e-02
-1.3943160e-02
-1.1355470e-02
-8.5785420e-03
-5.7223520e-03
-2.9468650e-03
-3.7009080e-04
2.0390860e-03
4.4427150e-03
7.1365760e-03
1.0264330e-02
1.3703610e-02
1.7160330e-02
1.9918400e-02
2.1409930e-02
2.1587410e-02
2.0754860e-02
1.9215490e-02
1.6874600e-02
1.4245760e-02
1.2058820e-02
1.0567650e-02
9.6424440e-03
9.0259620e-03
8.5288240e-03
8.2146540e-03
8.2877140e-03
8.8345640e-03
9.7794130e-03
1.0788630e-02
1.1499370e-02
1.1827970e-02
1.1875960e-02
1.1714820e-02
1.1328100e-02
1.0391620e-02
8.7257130e-03
6.1273380e-03
2.0074760e-03
-3.1319000e-03
-8.1033010e-03
-1.1944680e-02
-1.4763250e-02
-1.6914000e-02
-1.8541420e-02
-1.9887590e-02
-2.1184210e-02
-2.2423850e-02
-2.3440420e-02
-2.4170760e-02
-2.4674460e-02
-2.5050060e-02
-2.5287870e-02
-2.5270620e-02
-2.4815930e-02
-2.3754240e-02
-2.2216960e-02
-2.0572090e-02
-1.9112990e-02
-1.7901180e-02
-1.6809790e-02
-1.5646180e-02
-1.4309850e-02
-1.2805280e-02
-1.1203180e-02
-9.5819160e-03
-7.8041110e-03
-5.5258100e-03
-2.7346440e-03
1.7677940e-04
2.8589850e-03
5.3146270e-03
7.7684440e-03
1.0324210e-02
1.2926120e-02
1.5457920e-02
1.7709710e-02
1.9590050e-02
2.1197330e-02
2.2579020e-02
2.3499130e-02
2.3710700e-02
2.2928360e-02
2.1198540e-02
1.8901340e-02
1.6509130e-02
1.4392800e-02
1.2636360e-02
1.1097450e-02
9.6228130e-03
8.1172780e-03
6.5428180e-03
4.8713090e-03
3.0889510e-03
1.2380240e-03
-5.6424110e-04
-2.1120190e-03
-3.1333200e-03
-3.5780800e-03
-3.6717910e-03
-3.7094590e-03
-3.8766030e-03
-4.1970950e-03
-4.5933790e-03
-5.0465800e-03
-5.6470450e-03
-6.4734820e-03
-7.6493840e-03
-9.1719850e-03
-1.0853990e-02
-1.2465610e-02
-1.3914860e-02
-1.5268580e-02
-1.6633940e-02
-1.8025800e-02
-1.9376710e-02
-2.0481710e-02
-2.1149280e-02
-2.1210140e-02
-2.0563760e-02
-1.8753400e-02
-1.5407300e-02
-1.0986080e-02
-6.4943570e-03
-2.6723700e-03
3.6107500e-05
1.7238240e-03
3.2135760e-03
5.2891360e-03
7.7934690e-03
1.0214020e-02
1.2298030e-02
1.4109500e-02
1.5783040e-02
1.7400890e-02
1.8921660e-02
2.0224250e-02
2.1073820e-02
2.1344900e-02
2.1076140e-02
2.0434850e-02
1.9639820e-02
1.8790740e-02
1.7899560e-02
1.6961280e-02
1.5975010e-02
1.4943140e-02
1.3829450e-02
1.2607630e-02
1.1304390e-02
9.9851320e-03
8.7351540e-03
7.5873980e-03
6.4141480e-03
4.9002410e-03
2.9722700e-03
8.5765490e-04
-1.0965220e-03
-2.6875590e-03
-3.9431590e-03
-5.0099080e-03
-6.0533610e-03
-7.1825580e-03
-8.4288700e-03
-9.7400400e-03
-1.0953330e-02
-1.1941240e-02
-1.2689170e-02
-1.3253650e-02
-1.3731700e-02
-1.4174650e-02
-1.4512870e-02
-1.4530400e-02
-1.4160010e-02
-1.3534990e-02
-1.2850750e-02
-1.2236110e-02
-1.1715120e-02
-1.1240260e-02
-1.0750800e-02
-1.0209600e-02
-9.5760620e-03
-8.8226060e-03
-7.9790280e-03
-7.0408310e-03
-5.8485000e-03
-4.3218740e-03
-2.5024410e-03
-5.0456390e-04
1.5192470e-03
3.4266080e-03
5.1149660e-03
6.5473440e-03
7.8587550e-03
9.1428570e-03
1.0261890e-02
1.1137910e-02
1.1827820e-02
1.2413830e-02
1.2800160e-02
1.2884780e-02
1.2691610e-02
1.2335700e-02
1.1960890e-02
1.1705330e-02
1.1613100e-02
1.1622450e-02
1.1615780e-02
1.1510100e-02
1.1208900e-02
1.0506890e-02
9.3973490e-03
8.0869680e-03
6.8079490e-03
5.7507920e-03
4.9732240e-03
4.4401870e-03
4.0548590e-03
3.6978180e-03
3.2783420e-03
2.6515210e-03
1.6783590e-03
2.4229080e-04
-1.5629720e-03
-3.4621200e-03
-5.2122160e-03
-6.7233610e-03
-8.0625840e-03
-9.2654550e-03
-1.0201690e-02
-1.0801900e-02
-1.1112390e-02
-1.1233710e-02
-1.1181040e-02
-1.0967120e-02
-1.0644890e-02
-1.0275960e-02
-9.8589500e-03
-9.3408500e-03
-8.6982270e-03
-7.7998810e-03
-6.4921110e-03
-4.8421050e-03
-3.1813990e-03
-1.8272420e-03
-8.2997190e-04
-5.4047460e-05
6.6898700e-04
1.3393450e-03
1.8074240e-03
1.9973320e-03
1.9051930e-03
1.6199000e-03
1.2574180e-03
8.8374460e-04
5.2031520e-04
1.6777940e-04
-1.5401640e-04
-4.2722620e-04
-6.4221070e-04
-7.8521310e-04
-6.8130330e-04
-1.8012450e-04
6.7522120e-04
1.7124600e-03
2.7568420e-03
3.7119040e-03
4.4888630e-03
5.0055850e-03
5.3002470e-03
5.4371750e-03
5.4816820e-03
5.5034650e-03
5.5796860e-03
5.7529730e-03
5.9989730e-03
6.2975880e-03
6.6883630e-03
7.1284040e-03
7.4348370e-03
7.3703150e-03
6.7692930e-03
5.5257580e-03
3.7766970e-03
1.8130180e-03
-1.0566470e-04
-1.8024780e-03
-3.2564270e-03
-4.5749080e-03
-5.8781820e-03
-7.2042700e-03
-8.4451990e-03
-9.5006630e-03
-1.0250780e-02
-1.0659190e-02
-1.0838360e-02
-1.0931240e-02
-1.1033850e-02
-1.1129280e-02
-1.1037790e-02
-1.0655060e-02
-1.0035630e-02
-9.2548030e-03
-8.3666570e-03
-7.4731670e-03
-6.6996090e-03
-6.0759290e-03
-5.5674330e-03
-5.1298000e-03
-4.7581990e-03
-4.4588450e-03
-4.1533670e-03
-3.5720180e-03
-2.5165010e-03
-9.1199810e-04
1.0763320e-03
3.0064210e-03
4.5556870e-03
5.6619910e-03
6.3981070e-03
6.8609880e-03
7.0977430e-03
7.0456250e-03
6.6831960e-03
6.0467650e-03
5.2049370e-03
4.2846020e-03
3.5054570e-03
2.9977710e-03
2.7064020e-03
2.4809070e-03
2.1805460e-03
1.7548910e-03
1.2452240e-03
7.6116810e-04
3.9424170e-04
1.4975720e-04
-2.7905300e-05
-2.0175130e-04
-3.9290570e-04
-5.8081080e-04
-7.4636480e-04
-8.8649950e-04
-1.0097100e-03
-1.1266420e-03
-1.2388750e-03
-1.3436680e-03
-1.4414320e-03
-1.5345710e-03
-1.6167580e-03
-1.6757110e-03
-1.7113110e-03
-1.7262700e-03
-1.6618820e-03
-1.4667280e-03
-1.1548070e-03
-6.8594250e-04
8.9048920e-06
9.0296930e-04
2.0023600e-03
3.3742850e-03
4.9595080e-03
6.5209930e-03
7.8668890e-03
8.9969010e-03
1.0045980e-02
1.1061870e-02
1.1892510e-02
1.2460000e-02
1.2736340e-02
1.2745070e-02
1.2582470e-02
1.2291970e-02
1.1881790e-02
1.1289260e-02
1.0435460e-02
9.3559450e-03
8.1337620e-03
6.8427850e-03
5.5286610e-03
4.0538720e-03
2.1759020e-03
-1.2436950e-04
-2.6644040e-03
-5.1025510e-03
-6.9585470e-03
-8.0150380e-03
-8.4332590e-03
-8.5945890e-03
-8.8314640e-03
-9.2902520e-03
-9.9295890e-03
-1.0616300e-02
-1.1233750e-02
-1.1715650e-02
-1.2043240e-02
-1.2268150e-02
-1.2469940e-02
-1.2697190e-02
-1.2929430e-02
-1.3121280e-02
-1.3073610e-02
-1.2451990e-02
-1.1155140e-02
-9.2986380e-03
-7.2877730e-03
-5.6260760e-03
-4.4770170e-03
-3.6601540e-03
-2.8514000e-03
-1.9137640e-03
-1.0610310e-03
-4.9729640e-04
-3.1377420e-04
-4.5026260e-04
-7.1761240e-04
-9.3222080e-04
-1.0226150e-03
-1.0038020e-03
-7.8974530e-04
-3.0639500e-04
3.5920760e-04
1.0202930e-03
1.5577040e-03
1.9742800e-03
2.3698170e-03
2.8466540e-03
3.4330500e-03
4.1106980e-03
4.8649770e-03
5.6640640e-03
6.4582460e-03
7.2016150e-03
7.8834470e-03
8.4503260e-03
8.7803560e-03
8.7445860e-03
8.3497070e-03
7.6896120e-03
6.8736230e-03
6.0109190e-03
5.1743330e-03
4.4099690e-03
3.7183400e-03
3.0583570e-03
2.3889860e-03
1.7190180e-03
1.0832700e-03
5.6723680e-04
2.7238570e-04
2.1475450e-04
4.6548030e-04
1.0398580e-03
1.8338750e-03
2.7275850e-03
3.5920970e-03
4.2342370e-03
4.5752560e-03
4.7118310e-03
4.8020810e-03
4.9229720e-03
5.0198330e-03
5.0376400e-03
4.9713840e-03
4.8037370e-03
4.3772220e-03
3.6008770e-03
2.4990760e-03
1.1698880e-03
-1.9884700e-04
-1.3892260e-03
-2.3418250e-03
-3.1352060e-03
-3.7886240e-03
-4.2946480e-03
-4.7006230e-03
-5.0281900e-03
-5.2133930e-03
-5.2423190e-03
-5.1697980e-03
-5.0805170e-03
-5.0375160e-03
-5.0506390e-03
-5.0926250e-03
-5.1376410e-03
-5.1873720e-03
-5.2489130e-03
-5.3219760e-03
-5.3945420e-03
-5.4478310e-03
-5.3288290e-03
-4.7651300e-03
-3.7124640e-03
-2.2044540e-03
-3.4523430e-04
1.5641340e-03
3.1519350e-03
4.3208370e-03
5.1727370e-03
5.7761530e-03
6.2259650e-03
6.5990950e-03
6.8236050e-03
6.8300030e-03
6.6180400e-03
6.1642870e-03
5.5009740e-03
4.7260290e-03
3.8978420e-03
2.9083890e-03
1.6695170e-03
2.2648050e-04
-1.2650850e-03
-2.5396950e-03
-3.4636380e-03
-4.1125740e-03
-4.5728490e-03
-4.9083090e-03
-5.1940520e-03
-5.4613560e-03
-5.6309690e-03
-5.6366040e-03
-5.5006700e-03
-5.2912570e-03
-5.0491040e-03
-4.7879290e-03
-4.5156210e-03
-4.2568920e-03
-4.0680140e-03
-3.9665000e-03
-3.9213900e-03
-3.8879270e-03
-3.8400740e-03
-3.7776080e-03
-3.7118950e-03
-3.6536150e-03
-3.6052520e-03
-3.5443450e-03
-3.4412790e-03
-3.2935180e-03
-3.1203900e-03
-2.9520880e-03
-2.8196450e-03
-2.7298870e-03
-2.6736250e-03
-2.6337680e-03
-2.5935830e-03
-2.5149170e-03
-2.2324020e-03
-1.6343500e-03
-7.4820710e-04
3.2293540e-04
1.4503300e-03
2.5622390e-03
3.7311440e-03
5.0325440e-03
6.3286380e-03
7.4293830e-03
8.1952530e-03
8.6197690e-03
8.8043610e-03
8.8537030e-03
8.8583860e-03
8.8079200e-03
8.6297440e-03
8.3036200e-03
7.8067290e-03
7.1323660e-03
6.3392440e-03
5.5057850e-03
4.6801560e-03
3.8750900e-03
3.0806230e-03
2.3265290e-03
1.7279740e-03
1.3251370e-03
1.0534940e-03
8.2823250e-04
6.2366750e-04
4.4275770e-04
2.8275960e-04
9.7628740e-05
-1.6913920e-04
-5.1890440e-04
-9.1165750e-04
-1.3157190e-03
-1.7407080e-03
-2.1950900e-03
-2.6377570e-03
-3.0111060e-03
-3.3036420e-03
-3.5118220e-03
-3.6392230e-03
-3.6826600e-03
-3.5682970e-03
-3.2599490e-03
-2.7101020e-03
-1.9751010e-03
-1.3190230e-03
-9.1159150e-04
-7.7844980e-04
-8.8220120e-04
-1.2289390e-03
-1.7717280e-03
-2.4137830e-03
-3.0485710e-03
-3.5763280e-03
-3.9765710e-03
-4.3055670e-03
-4.6229360e-03
-4.9405990e-03
-5.2530880e-03
-5.5550740e-03
-5.8437180e-03
-6.1179530e-03
-6.3803980e-03
-6.6405970e-03
-6.9462110e-03
-7.3424240e-03
-7.8199490e-03
-8.3235080e-03
-8.7793190e-03
-9.1445870e-03
-9.3666310e-03
-9.4290170e-03
-9.2882860e-03
-8.8260370e-03
-7.9459470e-03
-6.7017360e-03
-5.2552590e-03
-3.8182990e-03
-2.5564410e-03
-1.5038900e-03
-5.8461460e-04
3.3351160e-04
1.3862590e-03
2.6165870e-03
3.9969770e-03
5.4462230e-03
6.7199810e-03
7.6048590e-03
8.1340360e-03
8.4329870e-03
8.5090660e-03
8.3941660e-03
8.1920970e-03
8.0021110e-03
7.8906930e-03
8.0045280e-03
8.4194810e-03
9.0468000e-03
9.7292360e-03
1.0351940e-02
1.0879460e-02
1.1265830e-02
1.1481950e-02
1.1566970e-02
1.1562260e-02
1.1509130e-02
1.1444950e-02
1.1400330e-02
1.1392390e-02
1.1411760e-02
1.1436080e-02
1.1447720e-02
1.1433620e-02
1.1387200e-02
1.1317080e-02
1.1158170e-02
1.0716290e-02
9.8275220e-03
8.5027870e-03
6.8987920e-03
5.1760430e-03
3.4717040e-03
1.9438740e-03
6.5525090e-04
-4.7492220e-04
-1.5483560e-03
-2.5609160e-03
-3.4889290e-03
-4.3448760e-03
-5.1357090e-03
-5.8044490e-03
-6.3272650e-03
-6.7480920e-03
-7.1354890e-03
-7.5267670e-03
-7.8977460e-03
-8.2196060e-03
-8.4924040e-03
-8.6864780e-03
-8.6630760e-03
-8.3634360e-03
-7.8446600e-03
-7.2003150e-03
-6.5339280e-03
-6.0107890e-03
-5.7957720e-03
-5.9388660e-03
-6.3347110e-03
-6.8088070e-03
-7.2416910e-03
-7.6090470e-03
-7.9451720e-03
-8.2836320e-03
-8.5818130e-03
-8.7912910e-03
-8.9203530e-03
-9.0109180e-03
-9.0782340e-03
-9.0741330e-03
-8.9742650e-03
-8.8032250e-03
-8.5723850e-03
-8.2253570e-03
-7.7443300e-03
-7.1047870e-03
-6.0870150e-03
-4.5995200e-03
-2.8759840e-03
-1.2084140e-03
2.8206030e-04
1.6639160e-03
2.9720940e-03
4.1122600e-03
5.0536440e-03
5.7713290e-03
6.2773190e-03
6.6574700e-03
6.9793520e-03
7.2283650e-03
7.3956550e-03
7.5021470e-03
7.5619940e-03
7.5562010e-03
7.4855610e-03
7.3755850e-03
7.2554570e-03
7.1420140e-03
7.0382740e-03
6.9489150e-03
6.9003010e-03
6.9032330e-03
6.9432500e-03
7.0027330e-03
7.0685300e-03
7.1237090e-03
7.1369390e-03
7.0976400e-03
7.0167120e-03
6.8795480e-03
6.6755560e-03
6.4170040e-03
6.0691470e-03
5.6000090e-03
5.0168810e-03
4.3221910e-03
3.5414570e-03
2.6904850e-03
1.7692170e-03
7.9578580e-04
-1.9553310e-04
-1.1128360e-03
-1.8639760e-03
-2.4594370e-03
-2.9802450e-03
-3.5065380e-03
-4.0605850e-03
-4.6062520e-03
-5.1125070e-03
-5.5754010e-03
-6.0068760e-03
-6.4143540e-03
-6.8057720e-03
-7.1910140e-03
-7.5758220e-03
-7.9453080e-03
-8.2810540e-03
-8.5840930e-03
-8.8643710e-03
-9.1252680e-03
-9.3715210e-03
-9.5814370e-03
-9.7063190e-03
-9.7320940e-03
-9.5562440e-03
-9.0170310e-03
-8.1363400e-03
-7.0522650e-03
-5.8220030e-03
-4.4687710e-03
-3.0340550e-03
-1.5508490e-03
-8.1242400e-05
1.2288330e-03
2.3110430e-03
3.1580440e-03
3.7751100e-03
4.2417560e-03
4.6612160e-03
5.0675370e-03
5.4394490e-03
5.7621870e-03
6.0359400e-03
6.2202160e-03
6.2752760e-03
6.2231920e-03
6.0957190e-03
5.9027480e-03
5.6650150e-03
5.4013090e-03
5.0456760e-03
4.5193950e-03
3.8280300e-03
2.9040290e-03
1.6094370e-03
-9.2215190e-06
-1.7124170e-03
-3.2852010e-03
-4.6761520e-03
-5.9503170e-03
-7.0989420e-03
-8.0504020e-03
-8.7775730e-03
-9.2415650e-03
-9.4869450e-03
-9.6251110e-03
-9.7304090e-03
-9.7732560e-03
-9.6027990e-03
