0.01
8.8792700e-03
8.9844140e-03
7.5324770e-03
5.0150140e-03
2.3159140e-03
2.5283060e-04
-9.9982800e-04
-1.8243630e-03
-2.7426990e-03
-4.1242690e-03
-6.0300190e-03
-8.2333560e-03
-1.0198850e-02
-1.1504000e-02
-1.2077630e-02
-1.2064850e-02
-1.1621060e-02
-1.0861670e-02
-9.9373410e-03
-8.9988910e-03
-8.1759570e-03
-7.5279470e-03
-7.0283960e-03
-6.6324700e-03
-6.3296900e-03
-6.0908680e-03
-5.8560620e-03
-5.5320720e-03
-5.0732790e-03
-4.4064650e-03
-3.4596940e-03
-2.3049440e-03
-1.1336460e-03
-1.5522210e-04
5.2824690e-04
1.0439730e-03
1.6742560e-03
2.7176770e-03
4.2932540e-03
6.3125890e-03
8.4193810e-03
1.0017550e-02
1.0770840e-02
1.0660960e-02
9.9300870e-03
8.9140330e-03
7.9222660e-03
7.1148050e-03
6.4855040e-03
5.9519920e-03
5.4127280e-03
4.8082250e-03
4.1105240e-03
3.2725990e-03
2.2858570e-03
1.1722300e-03
-9.2643600e-05
-1.2784600e-03
-1.7858330e-03
-1.2990270e-03
-3.7762880e-06
1.6302350e-03
3.1328200e-03
4.2838530e-03
5.0939160e-03
5.6223090e-03
5.9604470e-03
5.9604290e-03
5.2671060e-03
3.6932910e-03
1.5376270e-03
-6.4497430e-04
-2.3388570e-03
-3.3902650e-03
-4.0669540e-03
-5.0286740e-03
-6.6299410e-03
-8.5066790e-03
-1.0166480e-02
-1.1273160e-02
-1.1831530e-02
-1.2032110e-02
-1.1970530e-02
-1.1501110e-02
-1.0505040e-02
-9.0752920e-03
-7.4053860e-03
-5.7002450e-03
-4.1221520e-03
-2.7199340e-03
-1.5993510e-03
-8.7893730e-04
-4.5298680e-04
-5.1155660e-05
5.4183200e-04
1.3924190e-03
2.5794910e-03
4.0030970e-03
5.2625630e-03
6.0450540e-03
6.2467200e-03
5.9122060e-03
5.2520650e-03
4.5434480e-03
4.2783050e-03
4.6844440e-03
5.4982050e-03
6.3386920e-03
6.9768670e-03
7.3898480e-03
7.6649220e-03
7.8501670e-03
7.8963320e-03
7.6735560e-03
7.1436130e-03
6.3321420e-03
5.2384230e-03
3.8978470e-03
2.3304420e-03
3.6453360e-04
-2.0635250e-03
-4.8269060e-03
-7.7452970e-03
-1.0812740e-02
-1.3672260e-02
-1.5479500e-02
-1.5481800e-02
-1.3071910e-02
-8.6991160e-03
-3.8557760e-03
8.5078250e-05
2.5769040e-03
3.6043800e-03
3.5500060e-03
2.9747900e-03
2.3878840e-03
2.1618360e-03
2.3689530e-03
2.8281520e-03
3.2890290e-03
3.6087670e-03
3.7787880e-03
3.8106930e-03
3.4897370e-03
2.3132080e-03
3.3180210e-04
-1.8909000e-03
-3.7321630e-03
-4.8303270e-03
-5.1674350e-03
-4.8543170e-03
-4.1087970e-03
-3.2623570e-03
-2.4889860e-03
-1.7327010e-03
-9.0249940e-04
-6.3545110e-05
6.5503800e-04
1.1436520e-03
1.2627510e-03
9.9447400e-04
4.5091010e-04
-1.7727080e-04
-5.5386500e-04
-1.5195120e-04
1.3381850e-03
3.4422920e-03
5.4706020e-03
7.0918880e-03
8.3978940e-03
9.5677620e-03
1.0596480e-02
1.1474100e-02
1.2184720e-02
1.2524970e-02
1.2095670e-02
1.0574920e-02
8.1096520e-03
5.1889880e-03
2.4950700e-03
4.2802050e-04
-1.0302840e-03
-2.0438320e-03
-2.8392630e-03
-3.6705330e-03
-4.7885370e-03
-6.1388460e-03
-7.3947140e-03
-8.3502300e-03
-9.0108120e-03
-9.5102770e-03
-9.9826890e-03
-1.0417680e-02
-1.0701130e-02
-1.0663650e-02
-1.0145810e-02
-9.0344830e-03
-7.3637450e-03
-5.5456160e-03
-3.9762700e-03
-2.9722660e-03
-2.7152000e-03
-3.0676220e-03
-3.7225060e-03
-4.4577410e-03
-5.1272670e-03
-5.4669130e-03
-5.1242860e-03
-3.7018630e-03
-1.0774930e-03
2.2379260e-03
5.9534420e-03
9.9987090e-03
1.3726670e-02
1.6143860e-02
1.6705400e-02
1.5458180e-02
1.2954970e-02
1.0312190e-02
8.4005680e-03
7.2608110e-03
6.4281080e-03
5.4727290e-03
4.0924030e-03
1.4258340e-03
-2.4483670e-03
-6.4092510e-03
-9.5485240e-03
-1.1414490e-02
-1.1741560e-02
-1.0590970e-02
-8.3609790e-03
-5.5433240e-03
-2.6876310e-03
-3.4107690e-04
1.2176800e-03
2.0902960e-03
2.6462300e-03
3.2780760e-03
4.1075550e-03
4.9900560e-03
5.6539940e-03
5.8556430e-03
5.3278200e-03
4.0229940e-03
2.1257930e-03
-8.9538670e-05
-2.3277180e-03
-4.0739200e-03
-5.0981850e-03
-5.5546390e-03
-5.7037780e-03
-5.6377900e-03
-5.3922930e-03
-5.0495020e-03
-4.6741600e-03
-4.2661950e-03
-3.7988120e-03
-3.3040180e-03
-2.9110340e-03
-2.7659790e-03
-2.9449440e-03
-3.3976760e-03
-3.8797370e-03
-4.1437520e-03
-3.9572630e-03
-3.3093380e-03
-2.4515760e-03
-1.6338550e-03
-9.4899250e-04
-4.1533480e-04
4.6619690e-06
4.0257240e-04
8.2443880e-04
1.2502950e-03
1.6583900e-03
2.2200820e-03
3.1107590e-03
4.4067940e-03
6.0418890e-03
7.8014830e-03
9.4425740e-03
1.0722160e-02
1.1502670e-02
1.1828130e-02
1.1844950e-02
1.1689670e-02
1.1428900e-02
1.1050710e-02
1.0390050e-02
9.3018830e-03
7.6985960e-03
5.3914060e-03
2.6397150e-03
-1.0239680e-04
-2.8154140e-03
-5.5834100e-03
-8.2899070e-03
-1.0768190e-02
-1.3045900e-02
-1.5046630e-02
-1.6515690e-02
-1.7207010e-02
-1.7011670e-02
-1.5830890e-02
-1.3688340e-02
-1.0915560e-02
-8.3354020e-03
-6.7795820e-03
-6.4389980e-03
-6.8793800e-03
-7.5450750e-03
-7.9646700e-03
-7.6506080e-03
-6.3794160e-03
-4.3474770e-03
-2.0357690e-03
4.6337460e-05
1.6346670e-03
2.6231140e-03
3.1405110e-03
3.4932580e-03
3.9728800e-03
4.6810890e-03
5.4878150e-03
6.2083160e-03
6.7390170e-03
7.0562790e-03
7.1448950e-03
7.0063030e-03
6.7172940e-03
6.4356090e-03
6.3506190e-03
6.5115650e-03
6.8014510e-03
7.0645280e-03
7.1003320e-03
6.4876800e-03
4.9745020e-03
2.6527860e-03
-4.0489740e-04
-3.6515510e-03
-6.4343770e-03
-8.1969450e-03
-8.5534310e-03
-7.5748730e-03
-5.5516400e-03
-2.7582760e-03
3.8755080e-04
3.2691690e-03
5.4787130e-03
6.7934720e-03
7.1162130e-03
6.4694960e-03
5.2849570e-03
4.0878690e-03
3.2435420e-03
3.0055110e-03
3.3643010e-03
4.0393950e-03
4.7347730e-03
5.3410730e-03
5.7827460e-03
5.9205030e-03
5.7465070e-03
5.4426600e-03
5.3344820e-03
5.7618610e-03
6.8342680e-03
8.2307690e-03
9.2237100e-03
9.1334550e-03
7.7010210e-03
5.2013840e-03
2.1495070e-03
-6.8470190e-04
-2.6699250e-03
-3.6764260e-03
-4.0809680e-03
-4.4255750e-03
-5.0485500e-03
-5.9708110e-03
-7.0344360e-03
-8.3261990e-03
-1.0025550e-02
-1.1858690e-02
-1.3576830e-02
-1.4880140e-02
-1.5620210e-02
-1.5693090e-02
-1.4881340e-02
-1.3120800e-02
-1.0443270e-02
-6.9924970e-03
-3.2281240e-03
9.7074360e-05
2.3759000e-03
3.4191850e-03
3.1983430e-03
1.9287560e-03
1.0090090e-04
-1.8124740e-03
-3.5488960e-03
-4.7235280e-03
-4.7004360e-03
-3.0623340e-03
3.0936170e-05
3.9414630e-03
7.9192430e-03
1.1011030e-02
1.2522120e-02
1.2425080e-02
1.0836120e-02
8.3789250e-03
5.8298120e-03
3.6791140e-03
2.1035940e-03
1.0288830e-03
4.0559620e-04
3.7968290e-04
1.0156230e-03
2.2386620e-03
4.0812950e-03
6.2000410e-03
7.7814650e-03
8.3022380e-03
7.6326310e-03
6.0333130e-03
4.0182140e-03
2.0627720e-03
4.1854600e-04
-9.4906180e-04
-2.1828140e-03
-3.2973950e-03
-4.2065470e-03
-4.8064800e-03
-4.9689020e-03
-4.5398320e-03
-3.4928580e-03
-1.9137200e-03
1.3150430e-05
2.0427160e-03
4.0353750e-03
6.2141670e-03
8.8872840e-03
1.2092360e-02
1.5521540e-02
1.8971740e-02
2.1919870e-02
2.3846440e-02
2.4583160e-02
2.3890490e-02
2.1291170e-02
1.7129580e-02
1.2309070e-02
7.6331500e-03
3.4546540e-03
-3.9707210e-04
-4.3464360e-03
-8.6684610e-03
-1.3383570e-02
-1.8366400e-02
-2.3802490e-02
-2.9675950e-02
-3.4995200e-02
-3.8658260e-02
-4.0237200e-02
-3.9937170e-02
-3.8184150e-02
-3.5561960e-02
-3.2208440e-02
-2.8246430e-02
-2.4586960e-02
-2.1849630e-02
-1.9612770e-02
-1.6981730e-02
-1.3046560e-02
-6.8927710e-03
1.7590860e-03
1.2047770e-02
2.2184120e-02
3.1407420e-02
3.9871220e-02
4.6211130e-02
4.9463100e-02
4.9566250e-02
4.6504320e-02
3.9055380e-02
2.7258200e-02
1.2717920e-02
-3.5561160e-03
-2.1604020e-02
-4.0210320e-02
-5.5207430e-02
-6.3480330e-02
-6.5269940e-02
-6.2565260e-02
-5.7006400e-02
-5.0336100e-02
-4.4039300e-02
-3.8506080e-02
-3.2939370e-02
-2.5324370e-02
-1.4250700e-02
3.3300870e-04
1.6935290e-02
3.3167830e-02
4.7271310e-02
5.8438600e-02
6.5549840e-02
6.8444740e-02
6.8497840e-02
6.7317660e-02
6.5642190e-02
6.3625190e-02
6.1041850e-02
5.7490680e-02
5.2475140e-02
4.5677300e-02
3.6749650e-02
2.5862700e-02
1.2809870e-02
-4.0079900e-03
-2.3291200e-02
-3.9755400e-02
-5.0296230e-02
-5.5402680e-02
-5.6302630e-02
-5.3716410e-02
-4.8106160e-02
-4.0080130e-02
-3.1021310e-02
-2.3622850e-02
-1.9871280e-02
-1.9824850e-02
-2.1875810e-02
-2.3957450e-02
-2.4516200e-02
-2.2826630e-02
-1.8861690e-02
-1.2961750e-02
-6.0007810e-03
8.7616360e-04
6.8100580e-03
1.1099490e-02
1.2965440e-02
1.1786720e-02
7.0564330e-03
6.5811320e-04
-4.2819400e-03
-5.8875110e-03
-3.6417370e-03
2.4510930e-03
1.2920370e-02
2.4719530e-02
3.3671760e-02
3.7305930e-02
3.5082540e-02
2.7070960e-02
1.4285770e-02
-8.1238190e-04
-1.4801640e-02
-2.5595460e-02
-3.2525400e-02
-3.5250990e-02
-3.4462040e-02
-3.0644900e-02
-2.3917780e-02
-1.4883200e-02
-3.3866820e-03
9.5827980e-03
2.2215380e-02
3.2205220e-02
3.8110680e-02
4.0133430e-02
3.9971210e-02
3.9556570e-02
3.9896990e-02
4.0787430e-02
4.1221840e-02
3.9629650e-02
3.4354480e-02
2.4194520e-02
1.0586700e-02
-2.6157650e-03
-1.1964050e-02
-1.6804470e-02
-1.8912510e-02
-2.0337200e-02
-2.2306760e-02
-2.4757650e-02
-2.6680440e-02
-2.6946710e-02
-2.4288040e-02
-1.8837890e-02
-1.1686640e-02
-3.4397210e-03
5.3241390e-03
1.3548180e-02
1.9543500e-02
2.1256350e-02
1.8192380e-02
1.1877710e-02
4.0287820e-03
-4.1413120e-03
-1.1758960e-02
-1.8068300e-02
-2.2591270e-02
-2.5402730e-02
-2.6778500e-02
-2.7276630e-02
-2.7481150e-02
-2.7725510e-02
-2.8019740e-02
-2.8173030e-02
-2.7959500e-02
-2.7035920e-02
-2.5254850e-02
-2.2821700e-02
-1.9978220e-02
-1.6709260e-02
-1.2937670e-02
-8.8423320e-03
-3.9467050e-03
2.4438870e-03
1.0115480e-02
1.8768750e-02
2.7054760e-02
3.2578020e-02
3.4317510e-02
3.3131610e-02
3.0710040e-02
2.8879260e-02
2.9232120e-02
3.2603890e-02
3.8447260e-02
4.4144330e-02
4.7235590e-02
4.6756430e-02
4.2940190e-02
3.6757490e-02
2.9355060e-02
2.1716640e-02
1.3196950e-02
2.6349030e-03
-9.5057900e-03
-2.1013860e-02
-3.0441770e-02
-3.6732300e-02
-3.9666830e-02
-4.0181710e-02
-3.9354520e-02
-3.7841740e-02
-3.5645170e-02
-3.2168630e-02
-2.6689160e-02
-1.9937720e-02
-1.3432330e-02
-9.1499140e-03
-8.0052970e-03
-9.6019900e-03
-1.2743510e-02
-1.6226480e-02
-1.8863720e-02
-1.9837710e-02
-1.9205660e-02
-1.7697320e-02
-1.6223800e-02
-1.5441010e-02
-1.5391170e-02
-1.5685950e-02
-1.5863230e-02
-1.5635590e-02
-1.4575110e-02
-1.0806150e-02
-2.0663070e-03
1.0548820e-02
2.2030430e-02
2.8878980e-02
3.0950040e-02
2.9253350e-02
2.5113260e-02
1.9688760e-02
1.4912890e-02
1.1967750e-02
1.1219710e-02
1.2453910e-02
1.5002540e-02
1.8247370e-02
2.1180900e-02
2.2488580e-02
2.1328300e-02
1.6736020e-02
7.5563410e-03
-5.4900440e-03
-1.9569610e-02
-3.1797180e-02
-4.0737050e-02
-4.5400230e-02
-4.5505990e-02
-4.1324120e-02
-3.4340300e-02
-2.5187040e-02
-1.2522690e-02
1.6759470e-03
1.5312580e-02
2.7981660e-02
3.9230530e-02
4.8824400e-02
5.6734350e-02
6.3255350e-02
6.8993290e-02
7.4575740e-02
7.9092090e-02
8.0889720e-02
7.8823890e-02
7.2890760e-02
6.3444750e-02
5.0378610e-02
3.3858070e-02
1.4148220e-02
-7.3921120e-03
-2.7819010e-02
-4.6028060e-02
-6.4011000e-02
-8.2473550e-02
-9.8302770e-02
-1.0894020e-01
-1.1394230e-01
-1.1472030e-01
-1.1189500e-01
-1.0042560e-01
-7.1146560e-02
-3.2138230e-02
2.9235760e-03
2.5673810e-02
3.3094430e-02
2.5726690e-02
9.1005650e-03
-1.0609750e-02
-2.8515830e-02
-4.1875560e-02
-5.0350220e-02
-5.4091620e-02
-5.3115480e-02
-4.6471000e-02
-3.3113660e-02
-1.3837380e-02
9.9768470e-03
3.6937360e-02
6.3130570e-02
8.4220020e-02
9.5756770e-02
9.6793040e-02
8.8638580e-02
7.4179010e-02
5.5816450e-02
3.7089050e-02
1.9631840e-02
4.7237990e-03
-6.5121580e-03
-1.3727580e-02
-1.6381510e-02
-1.3465590e-02
-4.9576500e-03
7.2716470e-03
1.9715000e-02
2.8558490e-02
3.2079910e-02
3.1734720e-02
3.0273250e-02
2.9652570e-02
3.0172580e-02
3.0468010e-02
2.8584980e-02
2.3270950e-02
1.4852800e-02
4.2512680e-03
-7.4447040e-03
-1.8203660e-02
-2.4647680e-02
-2.4825360e-02
-1.8794400e-02
-8.9734060e-03
5.6913580e-04
6.3314790e-03
7.6440510e-03
6.2157140e-03
4.2698700e-03
3.1454010e-03
2.8539810e-03
2.4849690e-03
7.6543730e-04
-3.7792880e-03
-1.1780580e-02
-2.1511630e-02
-3.0760140e-02
-3.7668630e-02
-4.1074330e-02
-4.1320410e-02
-3.9636240e-02
-3.6209630e-02
-2.9874200e-02
-2.2202370e-02
-1.6749880e-02
-1.5281220e-02
-1.7175670e-02
-2.0740990e-02
-2.4290150e-02
-2.6523890e-02
-2.6483550e-02
-2.3482800e-02
-1.7566010e-02
-9.6903540e-03
-8.2351340e-04
8.2781530e-03
1.6735500e-02
2.4428590e-02
3.1146050e-02
3.6138540e-02
3.9069590e-02
4.0350010e-02
4.0843450e-02
4.1480100e-02
4.2653010e-02
4.4086320e-02
4.5278710e-02
4.5827140e-02
4.5371000e-02
4.3638290e-02
4.0515350e-02
3.5513660e-02
2.9173420e-02
2.2545570e-02
1.5692620e-02
8.3366360e-03
7.6042370e-04
-6.7021680e-03
-1.4004330e-02
-2.1171750e-02
-2.8221420e-02
-3.4802590e-02
-3.9758740e-02
-4.0904610e-02
-3.6968680e-02
-2.9424630e-02
-1.9933220e-02
-9.5728950e-03
-6.0796510e-04
4.7077990e-03
4.6450200e-03
-4.8325090e-04
-7.9850340e-03
-1.5023440e-02
-2.0252810e-02
-2.3769400e-02
-2.6264480e-02
-2.8203930e-02
-2.9722320e-02
-3.0749590e-02
-3.1155620e-02
-3.0733120e-02
-2.9468170e-02
-2.7403240e-02
-2.4466010e-02
-2.0248320e-02
-1.4493780e-02
-7.3513800e-03
1.8382240e-03
1.1417940e-02
1.9310210e-02
2.4235850e-02
2.6490680e-02
2.7226040e-02
2.7263910e-02
2.6497300e-02
2.4426100e-02
2.1051730e-02
1.6887310e-02
1.2719560e-02
9.1078370e-03
6.4243910e-03
4.5772330e-03
2.9328080e-03
9.6069030e-04
-1.4361590e-03
-3.8801180e-03
-5.3180960e-03
-4.8660090e-03
-2.6280600e-03
6.6807930e-04
4.3304030e-03
7.8949460e-03
1.0723650e-02
1.2293220e-02
1.2136880e-02
9.9486830e-03
6.0772430e-03
1.3384550e-03
-3.0319710e-03
-6.6071420e-03
-9.8661220e-03
-1.2467990e-02
-1.4104830e-02
-1.4817290e-02
-1.4805760e-02
-1.4237150e-02
-1.3169210e-02
-1.1564370e-02
-9.6603530e-03
-7.9397650e-03
-6.7787990e-03
-6.2639990e-03
-6.3136490e-03
-6.8722000e-03
-7.9801220e-03
-9.6556730e-03
-1.2102400e-02
-1.5625160e-02
-1.9898000e-02
-2.3547240e-02
-2.4998380e-02
-2.2938240e-02
-1.7693140e-02
-1.0826460e-02
-4.0081080e-03
7.9803040e-04
2.7464450e-03
2.2744620e-03
3.9148260e-04
-1.8111650e-03
-3.4486560e-03
-3.8258880e-03
-2.6289140e-03
2.8488460e-05
3.5616210e-03
7.3405450e-03
1.0911320e-02
1.4075060e-02
1.6949200e-02
1.9779580e-02
2.2706410e-02
2.5457730e-02
2.7409340e-02
2.8209500e-02
2.7786240e-02
2.6026910e-02
2.2876700e-02
1.8465100e-02
1.2934940e-02
6.6884610e-03
7.4372750e-04
-3.7207900e-03
-6.1720110e-03
-6.8144670e-03
-6.1743020e-03
-4.7855860e-03
-3.1150020e-03
-1.7978190e-03
-1.2862070e-03
-1.4361030e-03
-1.7823920e-03
-1.9030950e-03
-1.6005320e-03
-6.2740300e-04
1.4080550e-03
4.0335490e-03
6.2102210e-03
7.2006580e-03
6.6477880e-03
4.4351710e-03
9.7238450e-04
-3.4445500e-03
-8.9762370e-03
-1.4413590e-02
-1.8460570e-02
-2.0294540e-02
-1.9673190e-02
-1.7061330e-02
-1.3031300e-02
-7.8859460e-03
-2.6084700e-03
1.5655650e-03
4.1915910e-03
5.5240730e-03
6.1046480e-03
6.2960780e-03
5.9775190e-03
4.7867550e-03
2.5966630e-03
-2.7552760e-04
-3.3346410e-03
-6.2493860e-03
-8.8459120e-03
-1.0855800e-02
-1.1747740e-02
-1.1242910e-02
-9.4512650e-03
-6.4065140e-03
-2.4609110e-03
1.4821670e-03
4.4476830e-03
6.0597230e-03
6.6716610e-03
7.0626460e-03
8.2444230e-03
1.0685810e-02
1.4210540e-02
1.8439600e-02
2.2376760e-02
2.5161610e-02
2.6433990e-02
2.5982510e-02
2.3845750e-02
2.0322120e-02
1.5517140e-02
9.6674290e-03
3.2306090e-03
-3.2360160e-03
-9.2017500e-03
-1.4076410e-02
-1.7312240e-02
-1.8816490e-02
-1.9001970e-02
-1.8318880e-02
-1.7158930e-02
-1.6010050e-02
-1.5181750e-02
-1.4681130e-02
-1.4307940e-02
-1.3831430e-02
-1.3033730e-02
-1.1848370e-02
-1.0179940e-02
-7.8296490e-03
-4.7355460e-03
-9.9015330e-04
3.1782920e-03
7.1505380e-03
1.0189380e-02
1.1870790e-02
1.2410400e-02
1.2388870e-02
1.2199920e-02
1.1890100e-02
1.1297900e-02
1.0108260e-02
7.9362440e-03
4.7177520e-03
7.3729410e-04
-3.5921210e-03
-7.6117920e-03
-1.0170790e-02
-1.0412510e-02
-8.4396920e-03
-5.0584690e-03
-8.3854130e-04
3.6547910e-03
7.4945740e-03
9.7980020e-03
1.0147660e-02
8.8057090e-03
6.4346010e-03
3.9846620e-03
2.5021170e-03
2.4862050e-03
4.0584160e-03
7.1956120e-03
1.1260210e-02
1.5136130e-02
1.7693000e-02
1.8527640e-02
1.7902390e-02
1.6182570e-02
1.3720030e-02
1.0713180e-02
7.2994570e-03
3.7845060e-03
9.3938230e-04
-6.4272800e-04
-1.0312030e-03
-7.4051630e-04
-2.8244270e-04
3.1095450e-04
1.2681640e-03
2.7132840e-03
4.6080130e-03
6.8743530e-03
9.3380350e-03
1.1539660e-02
1.2777980e-02
1.2247790e-02
9.1178240e-03
3.0150060e-03
-4.6647580e-03
-1.1699670e-02
-1.7005330e-02
-2.0338300e-02
-2.1695950e-02
-2.1730530e-02
-2.1405400e-02
-2.1390460e-02
-2.1876660e-02
-2.2679910e-02
-2.3495870e-02
-2.4076010e-02
-2.4285600e-02
-2.4081530e-02
-2.3459480e-02
-2.2377480e-02
-2.0487600e-02
-1.7545350e-02
-1.3625550e-02
-9.1939330e-03
-4.9164370e-03
-1.3169710e-03
1.4171550e-03
3.3255240e-03
4.5347110e-03
5.1247550e-03
5.1012230e-03
4.1289500e-03
2.0243830e-03
-6.8169310e-04
-3.2004680e-03
-4.8151900e-03
-5.2714660e-03
-4.7190310e-03
-3.5407790e-03
-2.1167040e-03
-6.9359520e-04
6.6529660e-04
2.0575750e-03
3.5815140e-03
5.2356780e-03
6.9560330e-03
8.6941090e-03
1.0471020e-02
1.2323700e-02
1.4297910e-02
1.6358110e-02
1.8318420e-02
1.9882850e-02
2.0763090e-02
2.0736290e-02
1.9737520e-02
1.7980130e-02
1.5867300e-02
1.3734390e-02
1.1613580e-02
9.1128470e-03
5.9685540e-03
2.1465750e-03
-2.2942360e-03
-6.9101470e-03
-1.1105620e-02
-1.4225830e-02
-1.5996890e-02
-1.6311560e-02
-1.4838970e-02
-1.1163180e-02
-5.8336060e-03
2.3694790e-04
6.1112430e-03
1.0552250e-02
1.3035550e-02
1.3796380e-02
1.3091710e-02
1.1166450e-02
8.5914870e-03
5.8427590e-03
2.6758280e-03
-1.0674390e-03
-4.7636170e-03
-8.0359280e-03
-1.0465210e-02
-1.1638540e-02
-1.1731560e-02
-1.1274180e-02
-1.0758940e-02
-1.0436740e-02
-1.0349070e-02
-1.0420190e-02
-1.0545430e-02
-1.0640180e-02
-1.0682010e-02
-1.0685590e-02
-1.0634890e-02
-1.0370020e-02
-9.7144370e-03
-8.5832770e-03
-6.8650990e-03
-4.7111810e-03
-2.4788110e-03
-2.0814110e-04
2.4660600e-03
5.7164600e-03
9.4233710e-03
1.3397850e-02
1.7442810e-02
2.0915450e-02
2.3122810e-02
2.3972150e-02
2.3856440e-02
2.3190890e-02
2.2098440e-02
2.0437890e-02
1.7755530e-02
1.3772120e-02
8.8532500e-03
3.6163490e-03
-1.4489750e-03
-5.9182420e-03
-9.6954160e-03
-1.3253600e-02
-1.6727160e-02
-1.9763270e-02
-2.2270360e-02
-2.4217980e-02
-2.5502010e-02
-2.6094890e-02
-2.6129530e-02
-2.5838380e-02
-2.5414890e-02
-2.4673350e-02
-2.3142210e-02
-2.0397640e-02
-1.6438420e-02
-1.1374090e-02
-5.0846480e-03
1.7502990e-03
7.9519890e-03
1.2174310e-02
1.3950350e-02
1.3620040e-02
1.2042060e-02
1.0152430e-02
8.6308040e-03
7.7642680e-03
7.5098460e-03
7.6653490e-03
8.0404630e-03
8.5655930e-03
9.2974230e-03
1.0174520e-02
1.0989330e-02
1.1606560e-02
1.1930720e-02
1.1809810e-02
1.0925250e-02
8.9542230e-03
5.8115770e-03
2.0048580e-03
-1.2446680e-03
-2.9653270e-03
-3.2016800e-03
-2.6102490e-03
-1.8058900e-03
-9.7797540e-04
-4.1171400e-05
1.2323670e-03
3.0979930e-03
5.6555660e-03
8.5430880e-03
1.1209170e-02
1.3274140e-02
1.4716530e-02
1.5477640e-02
1.5338450e-02
1.4255600e-02
1.2283560e-02
9.3493360e-03
5.8286410e-03
2.4906570e-03
-2.6719570e-04
-2.4468330e-03
-4.1112230e-03
-5.4181690e-03
-6.4960190e-03
-7.4486380e-03
-8.3361490e-03
-9.1454810e-03
-9.7348420e-03
-9.9857820e-03
-9.8233250e-03
-9.2866230e-03
-8.4691460e-03
-7.5741700e-03
-6.9557800e-03
-6.8916630e-03
-7.4085160e-03
-8.2671180e-03
-9.0652110e-03
-9.2661780e-03
-8.4625290e-03
-6.6670510e-03
-4.1853360e-03
-1.4314260e-03
8.3082130e-04
2.0654730e-03
2.2389090e-03
1.6098270e-03
6.1655190e-04
-3.3687270e-04
-9.5559910e-04
-1.1660450e-03
-9.8156150e-04
-3.3161980e-04
7.9344010e-04
2.2323400e-03
3.7913240e-03
5.5376130e-03
7.6650600e-03
9.9282720e-03
1.1801360e-02
1.2957750e-02
1.3439940e-02
1.3370330e-02
1.2689400e-02
1.1450010e-02
9.7209940e-03
7.6138810e-03
5.2935500e-03
3.0150340e-03
1.2253430e-03
9.3703480e-05
-5.9510630e-04
-1.1838440e-03
-1.9560210e-03
-3.0529800e-03
-4.4205150e-03
-6.0380840e-03
-7.9043180e-03
-1.0089670e-02
-1.2507150e-02
-1.4721710e-02
-1.6523890e-02
-1.7902220e-02
-1.8807700e-02
-1.9262170e-02
-1.9331150e-02
-1.9042770e-02
-1.8412180e-02
-1.7523130e-02
-1.6440020e-02
-1.5219980e-02
-1.3923360e-02
-1.2527230e-02
-1.0948010e-02
-9.1904850e-03
-7.3633230e-03
-5.5757310e-03
-3.8866850e-03
-2.3579060e-03
-9.9119990e-04
2.7760140e-04
1.5033900e-03
2.7186160e-03
3.9546350e-03
5.2283230e-03
6.5713040e-03
8.0990510e-03
9.8853370e-03
1.1913020e-02
1.3967910e-02
1.5676090e-02
1.6949210e-02
1.7994170e-02
1.8893620e-02
1.9597750e-02
2.0042840e-02
2.0159140e-02
1.9725070e-02
1.8463060e-02
1.6487200e-02
1.4179640e-02
1.1893070e-02
9.8202970e-03
7.9770170e-03
6.4590930e-03
5.5098950e-03
5.2782140e-03
5.6650360e-03
6.4672930e-03
7.4678030e-03
8.4919240e-03
9.3810760e-03
9.9250490e-03
1.0080410e-02
9.8579840e-03
9.1940450e-03
8.0815240e-03
6.6014330e-03
4.8683190e-03
2.9980100e-03
1.0319920e-03
-1.1663830e-03
-3.7197450e-03
-6.6261160e-03
-9.7211000e-03
-1.2703400e-02
-1.5201560e-02
-1.7115020e-02
-1.8614230e-02
-1.9904150e-02
-2.1091540e-02
-2.2158820e-02
-2.3011330e-02
-2.3584620e-02
-2.3858930e-02
-2.3831000e-02
-2.3454200e-02
-2.2688920e-02
-2.1336720e-02
-1.9322530e-02
-1.6859740e-02
-1.4258650e-02
-1.1789180e-02
-9.5753420e-03
-7.4228010e-03
-4.8478550e-03
-1.3073900e-03
3.2989660e-03
8.3632310e-03
1.3262860e-02
1.7359550e-02
2.0164640e-02
2.1698690e-02
2.2251430e-02
2.2060590e-02
2.0980760e-02
1.8964820e-02
1.6301490e-02
1.3282540e-02
1.0082780e-02
6.9791480e-03
4.4915130e-03
3.0420650e-03
2.5422370e-03
2.5204630e-03
2.5130140e-03
2.2984030e-03
1.9223890e-03
1.5449480e-03
1.3052540e-03
1.2746540e-03
1.4171980e-03
1.6305970e-03
1.8151550e-03
1.8641870e-03
1.6479680e-03
1.1058530e-03
2.6203130e-04
-8.2754380e-04
-2.0073990e-03
-3.1117790e-03
-4.2311530e-03
-5.5408350e-03
-6.8261400e-03
-7.8516890e-03
-8.5446270e-03
-8.8737550e-03
-8.8710780e-03
-8.5770930e-03
-7.9189350e-03
-6.7510290e-03
-4.9163280e-03
-2.4779190e-03
3.4480320e-04
3.3295530e-03
5.8022950e-03
7.2068060e-03
7.5301020e-03
7.0259180e-03
5.9242900e-03
4.4888680e-03
3.0559100e-03
2.1259700e-03
1.9635960e-03
2.4472100e-03
3.2532490e-03
4.0164820e-03
4.4988730e-03
4.6632360e-03
4.6069030e-03
4.4286160e-03
4.2015270e-03
3.8171740e-03
3.0462840e-03
1.8493920e-03
2.2596440e-04
-1.6537120e-03
-3.2979450e-03
-4.3094010e-03
-4.6497240e-03
-4.5202770e-03
-4.1531080e-03
-3.7033650e-03
-3.1609530e-03
-2.4960790e-03
-1.6860000e-03
-7.4333730e-04
2.3773450e-04
1.1637640e-03
2.0255500e-03
2.8309380e-03
3.4772420e-03
3.8077510e-03
3.6864930e-03
3.1720060e-03
2.3017260e-03
1.1132960e-03
-2.8173020e-04
-1.7030000e-03
-2.8996900e-03
-3.7699540e-03
-4.3071850e-03
-4.5116540e-03
-4.4154010e-03
-4.1292840e-03
-3.7855110e-03
-3.4601420e-03
-3.1616290e-03
-2.8632850e-03
-2.5479360e-03
-2.2254120e-03
-1.9071860e-03
-1.5853210e-03
-1.2093200e-03
-7.4062800e-04
-1.1107340e-04
7.2697120e-04
1.7994040e-03
3.1570910e-03
4.8284930e-03
6.8016140e-03
8.7659210e-03
1.0196540e-02
1.0677330e-02
1.0115340e-02
8.7889080e-03
7.1060520e-03
5.2843830e-03
3.4747970e-03
1.8786820e-03
5.5334960e-04
-6.2713280e-04
-1.9138880e-03
-3.4636700e-03
-4.9871670e-03
-6.0577670e-03
-6.5225360e-03
-6.5382390e-03
-6.3959180e-03
-6.3229980e-03
-6.3963000e-03
-6.5542030e-03
-6.6552920e-03
-6.5639700e-03
-6.1632390e-03
-5.3529660e-03
-4.1855100e-03
-2.8710790e-03
-1.6495340e-03
-6.3455950e-04
2.2073680e-04
1.0348330e-03
1.9103210e-03
2.8468050e-03
3.6627050e-03
4.1710240e-03
4.1559130e-03
3.3460710e-03
1.6625960e-03
-6.4664210e-04
-3.0930160e-03
-5.1479980e-03
-6.4593330e-03
-6.9082100e-03
-6.5456720e-03
-5.4684770e-03
-3.9263720e-03
-2.4338250e-03
-1.3842730e-03
-8.4118800e-04
-7.0744410e-04
-8.6835850e-04
-1.2391600e-03
-1.8831530e-03
-2.7945410e-03
-3.8048000e-03
-4.6796800e-03
-5.3110770e-03
-5.7344200e-03
-6.0138570e-03
-6.1189520e-03
-5.9902740e-03
-5.6179750e-03
-5.0523240e-03
-4.3647310e-03
-3.4983760e-03
-2.4006320e-03
-1.1793240e-03
-6.4418630e-06
1.0833850e-03
2.1874280e-03
3.2242510e-03
4.0669070e-03
4.6796470e-03
5.0972930e-03
5.3253880e-03
5.2917500e-03
4.8688450e-03
4.0617840e-03
2.9821770e-03
1.7902820e-03
6.5022940e-04
-1.8208080e-04
-5.4707360e-04
-4.8690300e-04
-1.9283610e-04
1.4003580e-04
4.1422060e-04
6.2679090e-04
8.1966080e-04
1.0095550e-03
1.1050240e-03
8.5376880e-04
2.8532410e-05
-1.4550230e-03
-3.3170000e-03
-5.0186440e-03
-6.1559370e-03
-6.5686600e-03
-6.2241560e-03
-4.9767830e-03
-3.0696720e-03
-1.2027570e-03
1.1237730e-04
7.6999060e-04
9.5138810e-04
9.5549180e-04
1.0265810e-03
1.2532380e-03
1.5810680e-03
1.8948650e-03
2.0922770e-03
2.1138800e-03
1.9077680e-03
1.3691040e-03
3.4645130e-04
-1.0874010e-03
-2.6859180e-03
-4.0800300e-03
-4.9291260e-03
-5.1089800e-03
-4.7739430e-03
-4.1522170e-03
-3.4654230e-03
-2.8641670e-03
-2.3884300e-03
-2.0159280e-03
-1.7035780e-03
-1.4069330e-03
-1.0942870e-03
-7.7507240e-04
-4.8287680e-04
-2.3469400e-04
-5.6306920e-05
-1.6842820e-05
-1.2136940e-04
-2.8319740e-04
-4.0174520e-04
-3.4067100e-04
9.7151890e-06
6.1026220e-04
1.3705430e-03
2.4195910e-03
3.8675200e-03
5.5880820e-03
7.3552420e-03
8.9862190e-03
1.0348020e-02
1.1338890e-02
1.1935420e-02
1.2129290e-02
1.2064530e-02
1.1968880e-02
1.2078760e-02
1.2505150e-02
1.3170600e-02
1.3924230e-02
1.4615690e-02
1.4947880e-02
1.4591950e-02
1.3486570e-02
1.2002330e-02
1.0720120e-02
9.9169510e-03
9.4888490e-03
9.1628230e-03
8.8853730e-03
8.7628760e-03
8.8174680e-03
8.9394730e-03
8.9158420e-03
8.5862910e-03
7.9098380e-03
6.9659210e-03
5.8508350e-03
4.6831280e-03
3.5631410e-03
2.5437140e-03
1.6789210e-03
9.5701110e-04
2.6217600e-04
-5.9253560e-04
-1.7063440e-03
-3.1734600e-03
-4.9935440e-03
-7.1158690e-03
-9.4883010e-03
-1.1941220e-02
-1.4210220e-02
-1.6081220e-02
-1.7447970e-02
-1.8351350e-02
-1.8916310e-02
-1.9208770e-02
-1.9289060e-02
-1.9203380e-02
-1.8939160e-02
-1.8519880e-02
-1.7991540e-02
-1.7401720e-02
-1.6791660e-02
-1.6191610e-02
-1.5611400e-02
-1.5036760e-02
-1.4400180e-02
-1.3649720e-02
-1.2781600e-02
-1.1594520e-02
-9.8371800e-03
-7.5890670e-03
-5.1331740e-03
-2.7037620e-03
-3.9588070e-04
1.7446870e-03
3.6140330e-03
5.0097450e-03
5.7681810e-03
5.8619890e-03
5.4972250e-03
5.0043480e-03
4.6608740e-03
4.6260260e-03
4.9649050e-03
5.6164760e-03
6.4720110e-03
7.4037670e-03
8.3597050e-03
9.3471280e-03
1.0338500e-02
1.1275230e-02
1.2126310e-02
1.2817050e-02
1.3310980e-02
1.3629370e-02
1.3649640e-02
1.3187670e-02
1.2313050e-02
1.1324680e-02
1.0529030e-02
1.0047340e-02
9.8312980e-03
9.8177290e-03
9.9326170e-03
1.0104800e-02
1.0228510e-02
9.9986920e-03
9.0358480e-03
7.2311590e-03
4.8185990e-03
2.2607120e-03
-8.5035870e-05
-2.0988260e-03
-3.7095070e-03
-4.8667700e-03
-5.6083030e-03
-6.0619340e-03
-6.3797510e-03
-6.6466260e-03
-6.8644160e-03
-6.9604220e-03
-6.9068110e-03
-6.7260630e-03
-6.4523830e-03
-6.1256480e-03
-5.7206730e-03
-5.2190900e-03
-4.7280590e-03
-4.3970990e-03
-4.3736820e-03
-4.6829790e-03
-5.1897940e-03
-5.6666870e-03
-5.9389160e-03
-5.9638700e-03
-5.7218260e-03
-5.1821960e-03
-4.3840110e-03
-3.4083050e-03
-2.2818330e-03
-1.0681100e-03
9.3411960e-05
1.0412080e-03
1.6644460e-03
2.0102830e-03
2.1026190e-03
1.8017400e-03
1.1462790e-03
3.2509590e-04
-4.9082460e-04
-1.2276850e-03
-1.8762220e-03
-2.3978280e-03
-2.6556280e-03
-2.5495030e-03
-2.2075020e-03
-1.8270310e-03
-1.5141230e-03
-1.2363540e-03
-9.2149290e-04
-5.3235700e-04
-8.0228290e-05
3.4981470e-04
6.4849910e-04
7.9748890e-04
8.6018770e-04
9.2325260e-04
1.0370940e-03
1.2009410e-03
1.3839610e-03
1.5396460e-03
1.5664790e-03
1.4088090e-03
1.0550450e-03
4.0684600e-04
-5.3810620e-04
-1.5831610e-03
-2.5201970e-03
-3.2871160e-03
-3.9343890e-03
-4.5264920e-03
-5.1072200e-03
-5.6353460e-03
-6.0551620e-03
-6.3799300e-03
-6.6744910e-03
-6.9799090e-03
-7.2920240e-03
-7.5960010e-03
-7.8832030e-03
-8.1023940e-03
-8.1755960e-03
-8.0562940e-03
-7.7337470e-03
-7.2268190e-03
-6.5459440e-03
-5.7091360e-03
-4.7021550e-03
-3.3210870e-03
-1.2697500e-03
1.4951510e-03
4.5760530e-03
7.3867600e-03
9.4747370e-03
1.0800150e-02
1.1639580e-02
1.2190920e-02
1.2561910e-02
1.2834570e-02
1.3040890e-02
1.3162200e-02
1.3113990e-02
1.2817710e-02
1.2067130e-02
1.0777880e-02
9.1601860e-03
7.4395980e-03
5.6854010e-03
3.9122770e-03
2.2041060e-03
6.3150540e-04
-8.1999320e-04
-2.1673620e-03
-3.3014880e-03
-4.1159850e-03
-4.6165840e-03
-4.8732320e-03
-4.9868210e-03
-5.0600000e-03
-5.1525840e-03
-5.2738730e-03
-5.4042900e-03
-5.5201130e-03
-5.6093240e-03
-5.6696860e-03
-5.6898360e-03
-5.6144200e-03
-5.4076060e-03
-5.0834830e-03
-4.6754090e-03
-4.2261030e-03
-3.7687330e-03
-3.3202140e-03
-2.9044220e-03
-2.5492320e-03
-2.2478900e-03
-1.9707080e-03
-1.6916050e-03
-1.3997710e-03
-1.1020890e-03
-8.5424070e-04
-7.1933550e-04
-7.1670810e-04
-8.4834200e-04
-1.0706090e-03
-1.3199820e-03
-1.5419930e-03
-1.7160120e-03
-1.8457590e-03
-1.9413750e-03
-1.9765460e-03
-1.8449690e-03
-1.4570810e-03
-7.2390160e-04
3.2950200e-04
1.6705100e-03
3.2462440e-03
4.9947840e-03
6.8314280e-03
8.6228710e-03
1.0232320e-02
1.1509120e-02
1.2348400e-02
1.2650760e-02
1.2452750e-02
1.1960770e-02
1.1373570e-02
1.0792360e-02
1.0113340e-02
9.2116250e-03
8.1984110e-03
7.2721220e-03
6.5875980e-03
6.1711790e-03
5.9401000e-03
5.8239720e-03
5.7608960e-03
5.7037760e-03
5.6148410e-03
5.4376180e-03
5.1533790e-03
4.7395870e-03
4.1966820e-03
3.5615370e-03
2.8147200e-03
1.9402840e-03
1.0069610e-03
1.1246960e-04
-7.0437790e-04
-1.4635210e-03
-2.1975100e-03
-2.8797110e-03
-3.4791730e-03
-4.0143690e-03
-4.5349080e-03
-5.0781450e-03
-5.6563910e-03
-6.2608400e-03
-6.9033050e-03
-7.6008840e-03
-8.3284590e-03
-9.0247220e-03
-9.6609800e-03
-1.0257770e-02
-1.0909060e-02
-1.1687540e-02
-1.2555030e-02
-1.3352650e-02
-1.3788370e-02
-1.3673940e-02
-1.3067460e-02
-1.2138400e-02
-1.1103270e-02
-1.0132060e-02
-9.2813750e-03
-8.5473770e-03
-7.8852120e-03
