0.01
-1.4661980e-03
-3.4278870e-03
-4.4401390e-03
-4.8820810e-03
-5.2529450e-03
-5.6698390e-03
-6.5387700e-03
-8.6634600e-03
-1.2213730e-02
-1.6221570e-02
-1.9321050e-02
-2.0027510e-02
-1.7102790e-02
-1.0661080e-02
-2.7601660e-03
3.9011750e-03
7.2574850e-03
5.2723180e-03
-3.5917600e-03
-1.7369030e-02
-3.0063000e-02
-3.6949110e-02
-3.6545540e-02
-3.0355300e-02
-2.0576900e-02
-1.0921490e-02
-3.7940390e-03
2.2132880e-03
8.3358300e-03
1.3872590e-02
1.6738420e-02
1.6171550e-02
1.3419850e-02
1.0024130e-02
7.9409790e-03
9.8047740e-03
1.6426980e-02
2.4923780e-02
3.0435580e-02
3.0773010e-02
2.7201220e-02
2.2537630e-02
1.8407120e-02
1.4927050e-02
1.0699910e-02
5.9283520e-03
2.9579520e-03
3.1614090e-03
4.3887620e-03
5.0044420e-03
4.4455700e-03
2.9631800e-03
1.1835410e-03
3.4408790e-04
2.2710480e-03
8.0608060e-03
1.5406750e-02
2.0718290e-02
2.2810070e-02
2.1240660e-02
1.5896020e-02
7.1752210e-03
-4.2678600e-03
-1.7019030e-02
-2.4253710e-02
-1.9538700e-02
-2.4837440e-03
2.0245840e-02
3.6410480e-02
3.9746480e-02
3.0581140e-02
9.0707670e-03
-1.9322900e-02
-4.4617990e-02
-5.6371210e-02
-5.2982970e-02
-4.2171280e-02
-3.0216820e-02
-2.0897530e-02
-1.4413570e-02
-8.1101880e-03
4.2014390e-04
1.0474160e-02
1.8274540e-02
1.9368070e-02
1.3685650e-02
5.9397090e-03
1.2802410e-03
1.0888420e-03
5.4448010e-03
1.3130000e-02
2.0832240e-02
2.3645890e-02
1.8218700e-02
5.9705320e-03
-6.5597110e-03
-1.2827840e-02
-1.2178080e-02
-7.6920840e-03
-2.4211990e-03
1.6832500e-03
4.2990530e-03
6.5575190e-03
9.1828610e-03
1.1689300e-02
1.2926480e-02
1.2066170e-02
8.7411240e-03
3.9387740e-03
3.7696400e-05
-2.5113370e-03
-4.1811310e-03
-5.3517770e-03
-4.9310150e-03
-2.3381260e-03
3.9307100e-04
1.4667280e-03
1.2086790e-03
3.0195290e-04
-5.2384290e-04
-5.2102880e-04
4.6264500e-04
6.0798170e-04
-4.2462340e-03
-1.5995290e-02
-2.9341100e-02
-3.5904600e-02
-3.0147240e-02
-1.0757630e-02
1.6213370e-02
3.7215560e-02
4.6903770e-02
4.4168710e-02
2.8583100e-02
3.8329750e-03
-1.9920380e-02
-3.4413350e-02
-3.9160400e-02
-3.4891460e-02
-2.0764920e-02
-1.0622470e-03
1.5588300e-02
2.4844940e-02
2.7325250e-02
2.4784050e-02
1.7846940e-02
7.2956800e-03
-3.1683330e-03
-8.2550870e-03
-6.7871720e-03
-3.8619590e-03
-5.9222410e-03
-1.4804440e-02
-2.5641030e-02
-3.1156010e-02
-2.6769230e-02
-1.4116840e-02
5.5356870e-04
9.6224840e-03
1.0497750e-02
6.7029370e-03
2.1503150e-03
-2.0732230e-03
-4.6833690e-03
-3.3536300e-03
1.3838390e-03
6.3460100e-03
9.9511780e-03
1.1288980e-02
9.9038760e-03
5.8875380e-03
-1.0931070e-03
-1.2541670e-02
-2.6719710e-02
-3.7705900e-02
-4.0505520e-02
-3.4036910e-02
-1.7327220e-02
7.1847470e-03
3.2489560e-02
4.8916160e-02
5.4655520e-02
5.1627580e-02
4.3381010e-02
3.4968500e-02
2.6641680e-02
1.6883350e-02
6.5543880e-03
-2.5320270e-03
-9.8800250e-03
-1.5160220e-02
-1.6667820e-02
-1.4537300e-02
-1.1095140e-02
-8.0281860e-03
-6.0862150e-03
-6.4561190e-03
-8.7540470e-03
-9.6881470e-03
-5.4575550e-03
4.7013950e-03
1.6873180e-02
2.5647130e-02
2.6541400e-02
1.9897800e-02
8.4327990e-03
-2.1895630e-03
-7.3361410e-03
-7.1629910e-03
-4.7185460e-03
-2.1646270e-03
-1.1765350e-03
-1.2649780e-03
-1.0481640e-03
1.0910640e-03
7.6677150e-03
1.8738040e-02
3.1568860e-02
4.2320210e-02
4.6310650e-02
4.0715860e-02
2.6310320e-02
9.3184200e-03
-5.7561650e-03
-1.6529000e-02
-1.6358970e-02
9.0021780e-05
2.8080200e-02
5.4287890e-02
6.9035740e-02
7.0777340e-02
6.0120530e-02
3.9220480e-02
1.6116410e-02
-4.3396810e-03
-1.9459220e-02
-2.8274640e-02
-3.2898750e-02
-3.6829540e-02
-4.0318060e-02
-4.0099880e-02
-3.1610160e-02
-1.3175720e-02
1.2552740e-02
3.8554640e-02
5.6908760e-02
6.3168330e-02
5.9238180e-02
4.6103910e-02
2.4920810e-02
-2.0815280e-03
-2.9976810e-02
-5.0258620e-02
-6.1958390e-02
-6.8498240e-02
-7.0440680e-02
-6.6019310e-02
-5.3152940e-02
-3.6820660e-02
-2.6909540e-02
-2.6642850e-02
-3.3021100e-02
-4.0889770e-02
-4.3940170e-02
-3.7874480e-02
-2.2159570e-02
3.4153050e-04
2.2520800e-02
3.8491510e-02
4.3531550e-02
3.7615700e-02
2.3801900e-02
6.7778640e-03
-9.8327770e-03
-2.3798120e-02
-3.4669500e-02
-4.2939790e-02
-4.9849390e-02
-5.7614610e-02
-6.8531370e-02
-8.1657460e-02
-9.1994510e-02
-9.4698230e-02
-8.6925310e-02
-6.5705950e-02
-3.2813770e-02
1.4935040e-03
2.8643880e-02
4.7809280e-02
5.9394580e-02
6.4196760e-02
6.2593370e-02
5.8916450e-02
5.8198620e-02
6.2639250e-02
6.9000250e-02
7.4006750e-02
7.5363810e-02
7.0067280e-02
5.7676630e-02
3.8977070e-02
1.4988250e-02
-8.0152670e-03
-2.3195570e-02
-2.8530380e-02
-2.5655540e-02
-1.6781330e-02
-3.8119140e-03
1.0528870e-02
2.2740580e-02
2.8808560e-02
2.6152390e-02
1.1331710e-02
-1.1493780e-02
-3.2681340e-02
-5.2270750e-02
-7.0027710e-02
-8.3686770e-02
-9.1504610e-02
-9.1606920e-02
-8.2727520e-02
-6.7809500e-02
-5.0379170e-02
-3.3740410e-02
-2.0619400e-02
-1.1970650e-02
-6.9771850e-03
-5.4411670e-03
-6.2815780e-03
-7.8114140e-03
-9.4708670e-03
-1.1166620e-02
-1.3345460e-02
-1.6964420e-02
-2.1265360e-02
-2.1370600e-02
-1.1009830e-02
8.1332300e-03
2.6902340e-02
4.0648410e-02
4.9570580e-02
5.4663320e-02
5.6868540e-02
5.7400110e-02
5.7571520e-02
5.5677530e-02
4.8049280e-02
3.2267510e-02
9.2021300e-03
-1.4989870e-02
-3.4987580e-02
-5.1110720e-02
-6.4365140e-02
-6.9793920e-02
-5.5591210e-02
-1.7195060e-02
3.0125950e-02
6.3006570e-02
7.2749100e-02
6.7536890e-02
5.6243060e-02
4.4234390e-02
3.5136980e-02
3.0458720e-02
3.6795840e-02
5.6546260e-02
7.7232470e-02
8.7773280e-02
8.3589340e-02
6.6550620e-02
4.1572440e-02
1.3837620e-02
-1.1329660e-02
-2.7880040e-02
-3.4441910e-02
-3.4446460e-02
-3.1676310e-02
-2.8137520e-02
-2.4730460e-02
-2.2155240e-02
-2.0753490e-02
-1.9901620e-02
-1.9641320e-02
-2.0866720e-02
-2.2759150e-02
-2.1174270e-02
-1.1136870e-02
9.4827540e-03
3.4512330e-02
5.2933660e-02
6.1774420e-02
6.3715690e-02
6.0603070e-02
5.2778970e-02
3.8755700e-02
2.0849430e-02
2.1046480e-03
-1.9016100e-02
-4.2488240e-02
-6.2704330e-02
-7.1911750e-02
-6.7936130e-02
-4.8973770e-02
-2.2337080e-02
8.7909780e-04
1.5784790e-02
2.1050640e-02
1.6671080e-02
6.1392950e-03
-4.1928710e-03
-1.3110220e-02
-1.8527330e-02
-1.6927700e-02
-9.9439320e-03
-2.6548030e-03
1.3335200e-03
1.3454830e-03
-3.9923780e-05
-9.1153610e-04
-8.1163790e-05
2.3931260e-03
4.5249980e-03
1.9926060e-03
-8.7083780e-03
-2.4787170e-02
-3.9446370e-02
-4.8819420e-02
-4.9514300e-02
-4.0934360e-02
-2.4683430e-02
-2.3030800e-03
2.4686920e-02
5.4643470e-02
8.4017390e-02
1.0428860e-01
1.0693150e-01
8.9201740e-02
5.5856830e-02
1.9105650e-02
-1.0510290e-02
-3.0459750e-02
-4.1029570e-02
-4.3451060e-02
-4.1858170e-02
-4.0658870e-02
-4.2752050e-02
-4.6808940e-02
-4.8776720e-02
-4.5006060e-02
-3.6418270e-02
-2.6916910e-02
-1.9186090e-02
-1.4271960e-02
-1.1055310e-02
-8.6318060e-03
-7.4434540e-03
-9.4686050e-03
-1.5461280e-02
-2.3512340e-02
-3.1222900e-02
-3.5826440e-02
-3.4569870e-02
-2.5114620e-02
-8.9222270e-03
6.0516820e-03
1.2303240e-02
6.0687040e-03
-9.2511040e-03
-2.3968700e-02
-2.8401880e-02
-1.9058540e-02
1.7825410e-03
2.9765050e-02
5.4484610e-02
6.4949660e-02
5.5373650e-02
2.9072990e-02
-1.5048520e-03
-2.6377890e-02
-4.2973430e-02
-5.0615530e-02
-4.6784600e-02
-2.8716490e-02
1.5243120e-03
3.1382840e-02
4.9420380e-02
5.5398270e-02
5.2896940e-02
4.5047370e-02
3.3803060e-02
2.1721550e-02
1.2315300e-02
8.7339280e-03
1.1261620e-02
1.6804590e-02
1.9481720e-02
1.2819370e-02
-4.8371960e-03
-2.7550730e-02
-4.5980720e-02
-5.4468850e-02
-5.2692250e-02
-4.2818890e-02
-2.7475160e-02
-1.3276380e-02
-5.1236840e-03
-1.4104670e-03
6.9916630e-04
1.7398620e-03
6.7440700e-04
-3.1005990e-03
-8.5057190e-03
-1.4133530e-02
-1.8506870e-02
-2.2118680e-02
-2.7068340e-02
-3.3339570e-02
-3.7871550e-02
-3.7911800e-02
-3.3743720e-02
-2.8415610e-02
-2.5675680e-02
-2.6914870e-02
-2.8033720e-02
-2.1996800e-02
-3.5614880e-03
2.6569550e-02
6.0990680e-02
8.7576870e-02
1.0064630e-01
9.7546950e-02
7.6304640e-02
4.0843020e-02
2.8094420e-03
-2.7338170e-02
-4.5336200e-02
-5.0639760e-02
-4.7037000e-02
-3.8095850e-02
-2.7657180e-02
-1.9494760e-02
-1.6694580e-02
-1.8703810e-02
-2.0961090e-02
-1.7826430e-02
-4.6530710e-03
1.6613470e-02
3.7148930e-02
5.1484480e-02
5.8006460e-02
5.3548690e-02
3.8581090e-02
1.7762770e-02
-3.0679290e-03
-1.9114520e-02
-2.9230600e-02
-3.3993640e-02
-3.6009000e-02
-3.6491780e-02
-3.6733650e-02
-3.7631430e-02
-3.7377520e-02
-3.1317310e-02
-1.6903850e-02
2.1490230e-03
1.8758830e-02
2.9115900e-02
3.3061910e-02
2.8060780e-02
1.6526360e-02
2.6567690e-03
-1.0408440e-02
-2.0356590e-02
-2.6225570e-02
-3.0269740e-02
-3.3818560e-02
-3.7826740e-02
-4.2724950e-02
-4.6808290e-02
-4.5735720e-02
-3.6021940e-02
-1.8160190e-02
4.4918000e-03
2.6288490e-02
4.2152070e-02
5.1914660e-02
5.8544130e-02
6.2492770e-02
6.1731060e-02
5.3748970e-02
3.9674270e-02
2.4102820e-02
1.0401530e-02
-4.9732220e-04
-1.0768430e-02
-2.2220160e-02
-3.3708160e-02
-4.0240990e-02
-3.7420440e-02
-2.4526450e-02
-4.5871540e-03
1.4912440e-02
2.9363810e-02
3.6939140e-02
3.7888660e-02
3.1981790e-02
2.0725350e-02
7.5022740e-03
-4.0401880e-03
-1.3235300e-02
-1.9941630e-02
-2.3881940e-02
-2.4556940e-02
-2.1017690e-02
-1.3480310e-02
-2.6687560e-03
7.4070430e-03
1.1136680e-02
7.5836850e-03
8.4776730e-04
-3.0586370e-03
-1.1171460e-04
1.0737380e-02
2.7062870e-02
4.2030480e-02
5.0862590e-02
5.1501020e-02
4.5190370e-02
3.6400110e-02
2.6696030e-02
1.6503320e-02
6.3719520e-03
-3.7252930e-03
-1.3874270e-02
-2.1884010e-02
-2.4043040e-02
-1.9842010e-02
-1.3016100e-02
-8.1897650e-03
-6.4112150e-03
-4.4210670e-03
4.9641900e-04
8.4837490e-03
1.7229420e-02
2.4370520e-02
2.8116420e-02
2.5579180e-02
1.5553640e-02
7.3694210e-04
-1.5176150e-02
-2.9089210e-02
-3.9296730e-02
-4.4213800e-02
-4.2629970e-02
-3.6059520e-02
-2.7587930e-02
-2.0011690e-02
-1.5623280e-02
-1.3171100e-02
-1.0404880e-02
-5.6556830e-03
1.5209960e-03
1.0276770e-02
1.8447240e-02
2.4596190e-02
2.9518870e-02
3.2625180e-02
3.1389720e-02
2.5184850e-02
1.5418470e-02
4.2328240e-03
-7.1888870e-03
-1.8188460e-02
-2.7322650e-02
-3.1403290e-02
-2.9032650e-02
-2.3009120e-02
-1.5514630e-02
-7.7060690e-03
-9.6332850e-04
2.4905720e-03
1.5711840e-03
-3.8180190e-03
-1.2161370e-02
-1.9117610e-02
-2.1398570e-02
-1.8852010e-02
-1.2217130e-02
-2.6907320e-03
6.5899490e-03
1.0415220e-02
7.2366000e-03
-1.4113870e-03
-1.3044750e-02
-2.4358380e-02
-3.2690510e-02
-3.6389560e-02
-3.5908580e-02
-3.0986660e-02
-2.1597590e-02
-9.4886790e-03
1.7228160e-03
8.3910880e-03
1.0085210e-02
8.0488120e-03
4.4150570e-03
-1.0474040e-04
-4.5854370e-03
-6.1447830e-03
-2.0644550e-03
5.3942040e-03
1.2269030e-02
1.6786310e-02
1.8078410e-02
1.6005780e-02
1.2634910e-02
8.9755260e-03
5.0432340e-03
8.4885530e-04
-2.8365160e-03
-4.6702440e-03
-4.4927490e-03
-3.6317250e-03
-2.9390030e-03
-2.9473490e-03
-3.6823690e-03
-4.6919780e-03
-5.5790130e-03
-5.8326720e-03
-5.2071210e-03
-4.2779170e-03
-3.1368360e-03
-4.4856810e-04
5.0346350e-03
1.1894630e-02
1.8100730e-02
2.3710500e-02
2.7809490e-02
2.7081870e-02
1.9367460e-02
5.2856740e-03
-1.1257340e-02
-2.5024670e-02
-3.1007320e-02
-2.9003850e-02
-2.1163340e-02
-1.0770960e-02
2.0406140e-04
1.0803500e-02
1.9544010e-02
2.3684290e-02
2.1182430e-02
1.1826400e-02
-5.2672780e-04
-1.1130160e-02
-1.8296210e-02
-2.2806860e-02
-2.5111660e-02
-2.4392920e-02
-2.1529410e-02
-1.7779130e-02
-1.4722670e-02
-1.5037730e-02
-2.0054470e-02
-2.7785100e-02
-3.6114210e-02
-4.1406150e-02
-3.9150680e-02
-3.0038300e-02
-1.8943380e-02
-9.1741160e-03
-2.8475540e-03
-1.8733660e-04
-1.3698910e-03
-5.2944680e-03
-9.0572370e-03
-9.6987470e-03
-6.0819170e-03
-3.5889100e-04
5.7129610e-03
1.0594100e-02
1.2742300e-02
1.1278570e-02
7.2357150e-03
3.3663620e-03
1.9791320e-03
5.1209570e-03
1.2250250e-02
2.0756410e-02
2.7727230e-02
3.2241990e-02
3.3200390e-02
3.0053010e-02
2.6487280e-02
2.4676450e-02
2.3627850e-02
2.1801400e-02
1.7858030e-02
1.2239200e-02
6.6924820e-03
2.6756200e-03
1.2588540e-03
2.1393500e-03
4.4446490e-03
6.8938290e-03
9.5470610e-03
1.3526770e-02
1.9212970e-02
2.4888360e-02
2.8787820e-02
2.9938940e-02
2.8937340e-02
2.7635030e-02
2.7283880e-02
2.8364970e-02
2.9848760e-02
3.0584720e-02
3.0236460e-02
2.9311240e-02
2.8133400e-02
2.7155450e-02
2.7097550e-02
2.8065420e-02
2.8980470e-02
2.7881770e-02
2.3555170e-02
1.8159500e-02
1.4334410e-02
1.4152280e-02
1.8378930e-02
2.5456710e-02
3.2467140e-02
3.5812210e-02
3.2698730e-02
2.2794800e-02
7.8956880e-03
-8.6016250e-03
-2.3328740e-02
-3.5571110e-02
-4.4790640e-02
-5.0019260e-02
-4.9770480e-02
-4.3457940e-02
-3.2248550e-02
-1.9101080e-02
-7.3635870e-03
2.0093170e-03
9.0681620e-03
1.2270090e-02
1.1865460e-02
9.9135280e-03
6.5801460e-03
1.7626510e-03
-4.4757030e-03
-1.0555760e-02
-1.3308990e-02
-1.0339160e-02
-2.7197050e-03
7.0491770e-03
1.6482870e-02
2.2447940e-02
2.0993570e-02
1.1632930e-02
-3.1826550e-04
-1.0346620e-02
-1.6412600e-02
-1.6411020e-02
-1.2171960e-02
-7.1556130e-03
-2.6962360e-03
5.4559550e-04
2.4214610e-03
2.7134790e-03
1.7272070e-03
6.9313390e-05
-1.6587370e-03
-1.7791450e-03
1.6859100e-03
8.4271780e-03
1.6343460e-02
2.2661890e-02
2.5632340e-02
2.4673810e-02
2.0799130e-02
1.5629370e-02
9.9631710e-03
4.7129520e-03
1.1918950e-03
4.7898300e-04
3.0876030e-03
7.3115720e-03
1.0693920e-02
1.1809280e-02
1.1419730e-02
1.1171900e-02
1.2235630e-02
1.4717130e-02
1.7598600e-02
1.9796280e-02
2.0167260e-02
1.8487170e-02
1.4634510e-02
7.5128590e-03
-2.1396760e-03
-1.3308770e-02
-2.4551680e-02
-3.3363170e-02
-3.9906730e-02
-4.3566460e-02
-4.1207860e-02
-3.3019180e-02
-2.3034360e-02
-1.5374740e-02
-1.1251550e-02
-8.7690840e-03
-7.0431740e-03
-5.7291970e-03
-3.5478290e-03
-2.8450590e-04
2.6436710e-03
3.8847050e-03
2.8204390e-03
-6.3426480e-04
-4.4794880e-03
-5.5125270e-03
-2.3444860e-03
3.1051940e-03
7.3529770e-03
8.0992960e-03
6.5805060e-03
4.7720610e-03
4.6265630e-03
8.4771010e-03
1.6837900e-02
2.7786170e-02
3.7449950e-02
4.2706020e-02
4.3007630e-02
3.8714850e-02
3.1679830e-02
2.3812430e-02
1.5655660e-02
7.5776320e-03
3.4202230e-04
-5.4164910e-03
-1.0020060e-02
-1.2981290e-02
-1.3285370e-02
-1.1583290e-02
-8.5078810e-03
-4.6805270e-03
-1.2069720e-03
1.5218220e-03
3.8975260e-03
5.6251020e-03
5.4620950e-03
3.1972360e-03
1.5032340e-04
-1.9680870e-03
-9.0289310e-04
4.3598700e-03
1.3160890e-02
2.2090830e-02
2.8757410e-02
3.3441960e-02
3.6435970e-02
3.8549540e-02
4.0623140e-02
4.2772560e-02
4.4482830e-02
4.4890350e-02
4.3943100e-02
4.2467580e-02
4.1120560e-02
4.0529500e-02
4.0302510e-02
3.7763070e-02
2.9366760e-02
1.5784170e-02
1.8858910e-03
-7.9617610e-03
-1.4948620e-02
-2.1524690e-02
-2.7118040e-02
-2.9798920e-02
-2.9697740e-02
-2.8680170e-02
-2.7624840e-02
-2.6743430e-02
-2.6026640e-02
-2.5602060e-02
-2.6012900e-02
-2.8127850e-02
-3.1459190e-02
-3.3991670e-02
-3.3390270e-02
-2.8215220e-02
-1.9650790e-02
-9.3766990e-03
2.8114450e-04
8.3741690e-03
1.4339310e-02
1.5407390e-02
1.0684720e-02
3.8115720e-03
-1.8256310e-03
-3.8538250e-03
-1.4281250e-03
3.9413080e-03
1.0745600e-02
1.6903230e-02
2.0117810e-02
1.8213660e-02
1.1950810e-02
4.4194240e-03
-2.4846650e-03
-7.4706330e-03
-1.0593390e-02
-1.2885320e-02
-1.4753410e-02
-1.6281400e-02
-1.7678940e-02
-1.9257080e-02
-2.0369970e-02
-1.9365620e-02
-1.5487720e-02
-9.8077560e-03
-2.5892660e-03
6.0439620e-03
1.5130970e-02
2.1079550e-02
1.9433170e-02
1.1254320e-02
3.5330080e-04
-9.9382610e-03
-1.6778360e-02
-1.9025270e-02
-1.9163620e-02
-1.9118530e-02
-1.9312140e-02
-1.9593510e-02
-1.9521300e-02
-1.8590860e-02
-1.6909930e-02
-1.5366680e-02
-1.4568550e-02
-1.4050760e-02
-1.2332080e-02
-8.4795020e-03
-3.5878460e-03
1.0391080e-03
4.3960930e-03
5.6354870e-03
5.2962840e-03
4.1101670e-03
1.8649600e-03
-1.1792200e-03
-4.4274360e-03
-7.2265420e-03
-8.8317170e-03
-9.1611050e-03
-8.5292510e-03
-6.7876210e-03
-4.1685650e-03
-8.3169370e-04
2.6283880e-03
5.4735240e-03
7.0217790e-03
5.8837630e-03
1.3103480e-03
-6.1332880e-03
-1.5038360e-02
-2.3001550e-02
-2.8072150e-02
-2.8908290e-02
-2.6387920e-02
-2.2125690e-02
-1.7419940e-02
-1.3766760e-02
-1.1897040e-02
-1.0955770e-02
-9.3390810e-03
-5.5018710e-03
-3.6419670e-04
2.9341140e-03
2.8486050e-03
3.5218350e-04
-3.2488830e-03
-7.4787180e-03
-1.1544480e-02
-1.4937420e-02
-1.7467790e-02
-1.9102340e-02
-1.9369600e-02
-1.7553150e-02
-1.3379360e-02
-8.0764310e-03
-2.7270050e-03
1.8409120e-03
5.1890110e-03
6.7974390e-03
6.7275280e-03
5.9622520e-03
4.8146770e-03
3.4045670e-03
1.9237750e-03
9.0391090e-04
8.5328000e-04
1.5036370e-03
2.4520180e-03
3.4978300e-03
4.0932020e-03
3.4795970e-03
1.8034730e-03
1.7417110e-04
-3.3667880e-04
5.3218520e-04
1.8160330e-03
2.3955720e-03
9.4004240e-04
-3.1626890e-03
-8.8603360e-03
-1.5398860e-02
-2.1983230e-02
-2.7823630e-02
-3.1685810e-02
-3.2187500e-02
-2.9324440e-02
-2.3701380e-02
-1.5762110e-02
-6.9785770e-03
9.0423410e-04
6.2148220e-03
8.5924370e-03
7.9687210e-03
4.3704850e-03
-1.7406800e-03
-8.8274260e-03
-1.4146330e-02
-1.5246420e-02
-1.1338680e-02
-5.3239240e-03
6.5159410e-04
5.1708530e-03
6.1145980e-03
3.1444720e-03
-2.0593600e-03
-7.9318250e-03
-1.2131700e-02
-1.3710150e-02
-1.4112560e-02
-1.4332760e-02
-1.4373600e-02
-1.3722240e-02
-1.2005330e-02
-9.7865190e-03
-7.5714750e-03
-5.7272600e-03
-5.1474130e-03
-6.5444420e-03
-8.8461240e-03
-1.0897990e-02
-1.2654950e-02
-1.4530490e-02
-1.6676490e-02
-1.8536820e-02
-1.8956160e-02
-1.7453950e-02
-1.4980820e-02
-1.2175530e-02
-9.4410170e-03
-7.0242930e-03
-4.8006580e-03
-2.3639230e-03
4.5930070e-04
3.4686760e-03
6.4538960e-03
9.2157550e-03
1.1472260e-02
1.3035050e-02
1.4084660e-02
1.4552150e-02
1.4441010e-02
1.3961520e-02
1.3520500e-02
1.4135910e-02
1.6679290e-02
2.0322330e-02
2.3782290e-02
2.6589280e-02
2.8298270e-02
2.7708260e-02
2.4249730e-02
1.7783860e-02
9.2389830e-03
4.0536890e-04
-8.1595420e-03
-1.6363430e-02
-2.3661750e-02
-2.8515200e-02
-2.8566030e-02
-2.4791110e-02
-2.0783840e-02
-1.8317690e-02
-1.7135820e-02
-1.6280230e-02
-1.5229190e-02
-1.3410510e-02
-1.0596100e-02
-7.8717340e-03
-7.0430110e-03
-8.8528260e-03
-1.1721440e-02
-1.3816120e-02
-1.3839560e-02
-1.2285820e-02
-1.0873680e-02
-1.1226290e-02
-1.3915820e-02
-1.7764310e-02
-2.1730180e-02
-2.4439630e-02
-2.4175710e-02
-2.0809790e-02
-1.4710100e-02
-5.8203810e-03
3.0449330e-03
9.1922590e-03
1.2398380e-02
1.2886390e-02
1.1797100e-02
1.0199190e-02
7.5508820e-03
3.3933240e-03
-1.0542330e-03
-4.3670660e-03
-6.2598850e-03
-6.7298340e-03
-4.9329940e-03
-1.2691830e-03
3.2778210e-03
8.0542340e-03
1.1748850e-02
1.3138910e-02
1.2346940e-02
1.0184310e-02
7.1295890e-03
3.2320280e-03
-6.9745270e-04
-3.8149260e-03
-5.8763060e-03
-6.6345800e-03
-6.0036030e-03
-4.9100740e-03
-3.9905720e-03
-3.3186090e-03
-2.6834720e-03
-1.9052130e-03
-9.9217820e-04
-4.0988910e-04
-9.8240110e-04
-2.9231380e-03
-5.4480910e-03
-8.4306570e-03
-1.2051240e-02
-1.5592080e-02
-1.7122780e-02
-1.5156710e-02
-1.1317180e-02
-7.5314300e-03
-4.4949660e-03
-3.0404410e-03
-4.3796740e-03
-7.5944240e-03
-1.0702280e-02
-1.2870300e-02
-1.3559790e-02
-1.1957250e-02
-8.0788760e-03
-1.1598840e-03
8.4553660e-03
1.7307830e-02
2.2420710e-02
2.3404040e-02
2.2496970e-02
2.0978770e-02
1.9108840e-02
1.7646400e-02
1.7497950e-02
1.8399510e-02
1.9291560e-02
1.9834000e-02
2.0150230e-02
2.0159180e-02
1.9628280e-02
1.8380180e-02
1.6057020e-02
1.3305600e-02
1.2230070e-02
1.4160410e-02
1.7740800e-02
2.1962190e-02
2.6307380e-02
2.9195740e-02
2.8422510e-02
2.4243830e-02
1.8848920e-02
1.3517540e-02
8.7495670e-03
4.7443720e-03
2.1631650e-03
9.0860080e-04
-5.3959460e-05
-1.3202600e-03
-3.3965770e-03
-6.4331990e-03
-1.0000040e-02
-1.3652020e-02
-1.6374470e-02
-1.6768360e-02
-1.4744830e-02
-1.0909600e-02
-5.5709770e-03
1.2004270e-04
5.1687950e-03
8.3642140e-03
8.7313190e-03
7.6142250e-03
6.5201040e-03
5.9596010e-03
6.3045780e-03
7.6349700e-03
9.4655090e-03
1.1204200e-02
1.2178030e-02
1.1869830e-02
9.2507170e-03
3.8291510e-03
-2.6211980e-03
-8.2835570e-03
-1.2231520e-02
-1.4742480e-02
-1.5238800e-02
-1.3318590e-02
-9.7616330e-03
-5.3546590e-03
-6.1840020e-04
4.5714690e-03
1.0498090e-02
1.6800490e-02
2.2202730e-02
2.5973290e-02
2.8245820e-02
2.8596090e-02
2.7142990e-02
2.4434860e-02
2.1485250e-02
1.9010920e-02
1.6843860e-02
1.5127010e-02
1.4879010e-02
1.6694380e-02
1.9383130e-02
2.1802110e-02
2.2982320e-02
2.1205930e-02
1.5493100e-02
7.2568230e-03
-9.5432070e-04
-7.1661740e-03
-1.0090550e-02
-9.4769820e-03
-5.6846870e-03
-6.6712160e-04
3.9502910e-03
7.2046260e-03
8.6232560e-03
7.7612180e-03
4.9716320e-03
-4.7700580e-05
-6.8504700e-03
-1.4320720e-02
-2.1468590e-02
-2.7430990e-02
-3.1212860e-02
-3.0917950e-02
-2.6383500e-02
-1.8682280e-02
-8.3615020e-03
3.7548480e-03
1.5446080e-02
2.3841540e-02
2.9064430e-02
3.1487240e-02
3.1450860e-02
2.8270410e-02
2.2752360e-02
1.7259730e-02
1.4249220e-02
1.4307090e-02
1.6256460e-02
1.9488480e-02
2.2844020e-02
2.5196440e-02
2.5297000e-02
2.2415880e-02
1.7841110e-02
1.3279930e-02
1.0051550e-02
8.4201040e-03
7.9239830e-03
7.2860850e-03
5.6058440e-03
2.6631120e-03
-6.8688590e-04
-3.8361430e-03
-6.9463990e-03
-9.9919800e-03
-1.2119930e-02
-1.2022390e-02
-9.3269260e-03
-5.4686610e-03
-1.9940660e-03
1.0051980e-03
3.7652680e-03
6.1741230e-03
7.9836780e-03
9.3238500e-03
1.0721210e-02
1.2045140e-02
1.2377890e-02
1.1084870e-02
9.1853410e-03
7.7462380e-03
6.9742600e-03
7.1175570e-03
8.2303190e-03
1.0224280e-02
1.2681550e-02
1.4875560e-02
1.6319250e-02
1.6522150e-02
1.5380130e-02
1.3381820e-02
1.0778310e-02
8.0137700e-03
5.4758660e-03
3.5627290e-03
2.6055790e-03
2.2219820e-03
1.8049270e-03
1.1581580e-03
5.2376840e-04
2.8295050e-04
5.3685410e-04
1.0407700e-03
1.4721300e-03
1.2705080e-03
1.6530930e-05
-1.8663680e-03
-3.9978400e-03
-6.3466430e-03
-8.8200300e-03
-1.1262440e-02
-1.3422100e-02
-1.5065060e-02
-1.6095350e-02
-1.5978970e-02
-1.4519510e-02
-1.2377500e-02
-1.0291760e-02
-8.7657590e-03
-7.8170210e-03
-7.5515020e-03
-7.8383960e-03
-8.0856730e-03
-7.9267340e-03
-7.5347660e-03
-7.8371930e-03
-9.9669700e-03
-1.3314730e-02
-1.5361720e-02
-1.4980220e-02
-1.3615740e-02
-1.2332150e-02
-1.1307620e-02
-1.0838600e-02
-1.1186250e-02
-1.1661350e-02
-1.1063530e-02
-8.9524170e-03
-6.2878350e-03
-4.0535980e-03
-2.8707200e-03
-2.9885630e-03
-3.9536150e-03
-5.0231030e-03
-6.2663830e-03
-7.8944270e-03
-9.5604160e-03
-1.0596710e-02
-1.0361070e-02
-8.0215160e-03
-3.4266960e-03
2.4924810e-03
7.2749000e-03
9.0024740e-03
8.2671970e-03
7.1366100e-03
6.6735270e-03
7.2460830e-03
8.2312270e-03
8.8000520e-03
8.2788980e-03
6.8926880e-03
5.8550060e-03
6.0775310e-03
7.8514240e-03
1.0381200e-02
1.2785710e-02
1.4246210e-02
1.4723990e-02
1.4721010e-02
1.4671550e-02
1.5014320e-02
1.5702530e-02
1.6003480e-02
1.5007120e-02
1.2208520e-02
8.3654270e-03
4.3861070e-03
1.6357030e-04
-4.0427980e-03
-7.4551350e-03
-9.6480600e-03
-1.0785200e-02
-1.1218330e-02
-1.0963030e-02
-9.8679470e-03
-8.0979370e-03
-6.2299070e-03
-4.4206420e-03
-2.6073720e-03
-8.0263040e-04
8.2907410e-04
2.1058930e-03
2.8206260e-03
2.5430360e-03
1.1860150e-03
-1.1663600e-03
-3.9525840e-03
-6.2672820e-03
-7.2479940e-03
-5.9384620e-03
-2.5945850e-03
1.5325480e-03
4.9727540e-03
6.3068940e-03
4.8244710e-03
1.1752760e-03
-3.9645720e-03
-9.3070110e-03
-1.3426640e-02
-1.5742380e-02
-1.6987280e-02
-1.7781540e-02
-1.8492570e-02
-1.9182470e-02
-1.9684840e-02
-1.9501340e-02
-1.8164090e-02
-1.6219910e-02
-1.4706070e-02
-1.3683190e-02
-1.2922020e-02
-1.2417990e-02
-1.2344140e-02
-1.2868200e-02
-1.4081760e-02
-1.5580980e-02
-1.7061270e-02
-1.8332820e-02
-1.8524350e-02
-1.6523780e-02
-1.1823880e-02
-5.5461610e-03
-4.6541810e-05
4.1585770e-03
7.2309520e-03
8.7801540e-03
7.8976690e-03
5.0695590e-03
2.1193650e-03
5.3422670e-04
9.7700600e-05
1.0149780e-03
3.3877010e-03
7.4828870e-03
1.2146640e-02
1.5248870e-02
1.5559620e-02
1.2568250e-02
7.7987130e-03
2.8762490e-03
-1.3374030e-03
-4.7808390e-03
-7.3307170e-03
-8.6692300e-03
-8.9002820e-03
-9.0876800e-03
-9.6930400e-03
-1.0435640e-02
-1.1162540e-02
-1.1852410e-02
-1.2175720e-02
-1.1585730e-02
-1.0067060e-02
-8.2519850e-03
-7.1357420e-03
-7.4921060e-03
-9.1010320e-03
-1.0939010e-02
-1.2236910e-02
-1.3421250e-02
-1.4438020e-02
-1.4577070e-02
-1.3923020e-02
-1.2686810e-02
-1.0604690e-02
-7.5569570e-03
-4.0947980e-03
-5.6500720e-04
2.8099690e-03
5.6611630e-03
7.7492470e-03
9.2958550e-03
1.0271230e-02
1.0295060e-02
9.2841070e-03
7.3876720e-03
4.6559610e-03
1.3781450e-03
-1.5378140e-03
-3.5594900e-03
-5.2647120e-03
-6.9102750e-03
-8.4821810e-03
-1.0009690e-02
-1.1578420e-02
-1.3102230e-02
-1.4381320e-02
-1.5064640e-02
-1.4700450e-02
-1.3104330e-02
-1.1046190e-02
-9.3403930e-03
-8.4366610e-03
-8.4682670e-03
-9.3475700e-03
-1.0718920e-02
-1.1883660e-02
-1.2581990e-02
-1.3149460e-02
-1.3591970e-02
-1.3465400e-02
-1.2552670e-02
-1.1485400e-02
-1.1178640e-02
-1.2151570e-02
-1.3687950e-02
-1.4900640e-02
-1.5376730e-02
-1.5318930e-02
-1.4958710e-02
-1.4328510e-02
-1.3414280e-02
-1.2374130e-02
-1.1496490e-02
-1.0931640e-02
-1.0826950e-02
-1.1282090e-02
-1.2192500e-02
-1.2810590e-02
-1.2656910e-02
-1.1869690e-02
-1.0122600e-02
-6.9571560e-03
-2.8514930e-03
1.0276380e-03
3.9417430e-03
5.8655510e-03
7.0319850e-03
7.5796970e-03
7.4567750e-03
6.3227670e-03
4.3339210e-03
1.9508820e-03
-2.9178740e-04
-2.0687110e-03
-3.4238030e-03
-4.2824130e-03
-3.8851750e-03
-8.6221520e-04
4.6638420e-03
1.1136610e-02
1.6858680e-02
2.0473830e-02
2.1715250e-02
2.0475860e-02
1.7657250e-02
1.4210150e-02
1.0894880e-02
8.2659980e-03
6.9715910e-03
7.5427450e-03
9.7141040e-03
1.2459130e-02
1.4379490e-02
1.4587630e-02
1.3141200e-02
1.0893560e-02
8.3406960e-03
5.8893540e-03
4.3477970e-03
4.1509800e-03
4.5232360e-03
4.9161910e-03
5.1547050e-03
5.0069550e-03
4.0264330e-03
2.1250920e-03
-1.9817790e-04
-2.3265920e-03
-3.5249970e-03
-3.5637980e-03
-2.8259520e-03
-1.7734730e-03
-5.0640680e-04
9.1613440e-04
2.1695460e-03
2.9176510e-03
2.9319520e-03
2.0738920e-03
5.5421790e-04
-1.3550750e-03
-3.3264260e-03
-4.9044880e-03
-5.2920850e-03
-4.0877380e-03
-2.2104230e-03
-1.1560310e-03
-1.4080060e-03
-2.9315970e-03
-4.8837040e-03
-6.7523500e-03
-8.4111110e-03
-9.6707900e-03
-1.0207600e-02
-9.4178790e-03
-7.5901910e-03
-5.8660710e-03
-4.3836680e-03
-3.0377770e-03
-2.0934120e-03
-2.0192950e-03
-2.7344710e-03
-3.6708670e-03
-4.4071050e-03
-4.5291390e-03
-4.0204360e-03
-3.3819220e-03
-2.8606300e-03
-2.4069720e-03
-1.8380050e-03
-8.4618060e-04
9.0380130e-04
3.3082160e-03
6.1486970e-03
9.3263890e-03
1.2357520e-02
1.4179270e-02
1.4208640e-02
1.3696930e-02
1.3483860e-02
1.3328670e-02
1.3052180e-02
1.2694780e-02
1.2569960e-02
1.3147250e-02
1.4425530e-02
1.5131490e-02
1.4029810e-02
1.1517120e-02
8.2724380e-03
4.6671880e-03
1.1085270e-03
-1.6581990e-03
-3.0496640e-03
-3.0966290e-03
-2.6012060e-03
-2.0996690e-03
-1.9518530e-03
-2.2916550e-03
-3.0365410e-03
-4.1161080e-03
-5.3642820e-03
-6.4690100e-03
-6.6137450e-03
-5.0952000e-03
-2.8514700e-03
-1.3822770e-03
-1.4909210e-03
-3.1892820e-03
-5.4460400e-03
-7.4132580e-03
-8.5003330e-03
-8.5633020e-03
-7.4407880e-03
-5.4918170e-03
-3.5515580e-03
-2.6591930e-03
-2.8243560e-03
-2.8664070e-03
-1.8592270e-03
5.3980930e-04
3.5385630e-03
6.1309070e-03
7.6206620e-03
7.9448860e-03
7.7822160e-03
7.4010560e-03
7.1713980e-03
8.0901680e-03
1.1152540e-02
1.6003060e-02
2.1036570e-02
2.5556190e-02
2.8818960e-02
2.9935180e-02
2.9098040e-02
2.6920940e-02
2.3564300e-02
1.8960990e-02
1.4020010e-02
1.0294200e-02
7.8601920e-03
6.6800050e-03
6.7156840e-03
7.8139290e-03
9.4864090e-03
1.1529310e-02
1.3757720e-02
1.5951880e-02
1.8013640e-02
2.0213630e-02
2.2682430e-02
2.4742940e-02
2.5381760e-02
2.4811770e-02
2.4253810e-02
2.3945400e-02
2.2968850e-02
2.0150160e-02
1.5723170e-02
1.0931300e-02
6.7642980e-03
3.5941320e-03
1.5151860e-03
6.1122300e-04
1.4796810e-03
3.5562600e-03
5.2256480e-03
5.8029760e-03
5.3925250e-03
4.3417100e-03
3.2806540e-03
3.1282490e-03
3.7742310e-03
4.6790690e-03
4.8039930e-03
3.1410000e-03
1.6856900e-04
-2.8516700e-03
-5.1326110e-03
-6.3505370e-03
-6.6229360e-03
-5.5073780e-03
-3.0267780e-03
-3.2275310e-05
2.3822260e-03
3.3763650e-03
3.6902450e-03
4.2563180e-03
5.1153560e-03
5.5975460e-03
5.2006420e-03
4.3204820e-03
3.5656570e-03
3.0745260e-03
2.8079070e-03
2.5954990e-03
2.1845610e-03
1.5053450e-03
9.1446640e-04
8.6344200e-04
1.1858140e-03
1.1137970e-03
5.9550850e-05
-1.6518350e-03
-3.3585200e-03
-4.9085990e-03
-6.3163140e-03
-7.3831080e-03
-7.6606220e-03
-7.1142730e-03
-6.2871960e-03
-5.4518150e-03
-4.7151380e-03
-4.1159240e-03
-3.5318670e-03
-2.7209420e-03
-1.6651900e-03
-6.6797380e-04
1.1405900e-05
4.7023550e-04
1.0573830e-03
1.9583120e-03
2.8196390e-03
2.7341420e-03
1.0801700e-03
-1.2975370e-03
-3.4752760e-03
-5.3037450e-03
-6.7613970e-03
-7.6566550e-03
-7.6519300e-03
-6.7344070e-03
-5.3465180e-03
-3.7583970e-03
-2.1729320e-03
-7.4919450e-04
-2.4991910e-04
-1.9813220e-03
-5.6269930e-03
-9.3734420e-03
-1.2851910e-02
-1.6074360e-02
-1.8794110e-02
-2.0666240e-02
-2.1469400e-02
-2.1320110e-02
-2.1039810e-02
-2.1055420e-02
-2.1162620e-02
-2.1026330e-02
-2.0629570e-02
-2.0155220e-02
-1.9670550e-02
-1.9364000e-02
-1.9749220e-02
-2.1027960e-02
-2.2268510e-02
-2.2635160e-02
-2.1752300e-02
-1.9772020e-02
-1.7443380e-02
-1.4949480e-02
-1.2227790e-02
-9.3572950e-03
-6.4087530e-03
-3.5096400e-03
-1.1834600e-03
-1.8388740e-04
-7.1462960e-04
-2.5667360e-03
-5.0699130e-03
-7.5729170e-03
-9.4409230e-03
-1.0206680e-02
-9.4081180e-03
-7.2224260e-03
-4.1245250e-03
-8.1996830e-04
2.0875250e-03
4.4572770e-03
5.5734460e-03
4.7664100e-03
3.0888260e-03
1.6097590e-03
6.2333470e-04
3.1712280e-04
3.1020020e-04
-2.7858260e-04
-1.8281600e-03
-3.4619160e-03
-4.3470790e-03
-4.9172910e-03
-5.4598710e-03
-5.6221950e-03
-4.7663170e-03
-2.6582860e-03
