0.01
1.7972722e-03
4.9533676e-03
6.4859336e-03
4.5212348e-03
1.9797003e-03
-4.2280410e-03
-5.4012064e-03
-2.4383291e-04
2.7300450e-03
2.9406251e-03
-8.0822761e-04
-5.1517394e-03
-3.4055703e-03
-9.3814183e-04
1.3184737e-03
2.6385453e-03
-4.2482831e-04
-3.3031043e-03
-9.0052678e-04
2.1072424e-03
2.2004100e-03
2.1510280e-03
2.6848450e-03
4.8810511e-04
-2.7628516e-03
-1.8144427e-03
-1.3697897e-03
-1.0163123e-03
2.1906542e-03
3.3731899e-03
5.5938755e-04
-9.4169527e-04
-1.0517126e-03
9.5317300e-05
1.1109902e-03
3.8609876e-04
-4.5324186e-04
-2.2532971e-03
-2.4726150e-03
6.2601622e-04
1.4238637e-03
-7.8558558e-04
-1.3459584e-03
-2.0275088e-03
-1.3218137e-04
4.1162863e-03
4.1298100e-03
3.4912811e-03
-1.3778457e-03
-3.5323815e-03
-1.1103409e-03
-9.2831418e-04
-1.6646837e-03
-1.9624220e-03
-2.3428064e-03
-5.5018423e-04
2.1430749e-03
5.8928334e-03
4.9056927e-03
1.2200885e-04
-1.0896920e-03
-2.2378291e-03
-1.3791778e-03
4.1118898e-04
1.2657200e-03
-1.1157157e-04
-1.8478565e-03
-1.5532409e-03
-6.1520469e-04
-1.5186860e-03
-3.9074222e-03
-2.3978449e-03
-1.3819903e-03
2.2373587e-03
8.5564798e-03
8.6983863e-03
3.7459915e-03
-1.7669994e-03
-4.0074019e-03
-3.1043509e-03
-2.8448324e-03
-2.6433594e-03
-4.5506522e-03
-7.5119677e-03
-6.5876114e-03
-3.7864088e-03
2.1108096e-03
7.8217021e-03
9.6662141e-03
8.0060298e-03
4.7347698e-03
1.5977530e-03
1.9063600e-04
-6.4870477e-04
-3.5627983e-03
-6.7743434e-03
-9.2125597e-03
-6.2850469e-03
-6.0950830e-04
2.5722852e-03
4.0281164e-03
2.3292737e-03
-1.7348713e-03
-2.5057603e-03
1.4258155e-03
8.2301607e-03
1.2789710e-02
9.9921364e-03
5.0931406e-03
2.4058211e-04
7.4739971e-07
2.5081960e-03
-2.7318726e-03
-1.1012672e-02
-1.7436666e-02
-1.8598824e-02
-1.1289961e-02
-6.0921578e-04
4.2016582e-03
1.7797593e-03
-4.7177184e-04
2.7395026e-03
1.0728122e-02
1.7944478e-02
1.8045443e-02
1.1677623e-02
6.4387985e-04
-1.0608109e-02
-1.2405201e-02
-7.5254165e-03
-1.8666305e-03
7.0665760e-04
-1.2687708e-03
-6.7850961e-03
-1.1839394e-02
-1.0868981e-02
-6.6883588e-03
-5.4058352e-04
6.4108058e-03
8.8157740e-03
7.8157171e-03
6.6435969e-03
6.3084993e-03
5.6017025e-03
3.7339087e-03
4.9422945e-04
-1.9747716e-03
-1.5820669e-03
1.0326051e-03
3.8516495e-03
4.7469322e-03
2.1159329e-03
-5.5876306e-05
-6.5884080e-03
-9.3057268e-03
-8.0393325e-03
-6.0049017e-03
-3.9011650e-03
-9.4961020e-03
-1.3545330e-02
-1.0655999e-02
-3.8195733e-03
9.1173231e-03
1.7771903e-02
1.9914728e-02
1.7573083e-02
1.2692855e-02
9.4597350e-03
5.5400537e-03
3.4274366e-03
1.6114532e-03
-5.2327361e-03
-8.8742595e-03
-1.3407956e-02
-1.9561758e-02
-1.5832736e-02
-7.2535284e-03
-2.6416072e-03
-1.7008068e-04
-1.9277516e-03
-4.9248690e-03
-2.8321479e-03
4.5993821e-03
1.0643839e-02
1.1066035e-02
9.4983945e-03
8.2186072e-03
8.2478632e-03
8.9768692e-03
7.1448381e-03
2.8764609e-03
-5.4994870e-03
-1.3751387e-02
-1.3939629e-02
-6.6503069e-03
6.4082587e-04
4.1013932e-03
6.4703043e-03
2.3744465e-03
-3.4241225e-03
-4.6464314e-03
-5.0511411e-03
-3.3333863e-03
1.5726941e-03
8.0036573e-03
1.1783031e-02
7.8399412e-03
1.6118227e-03
-4.6488926e-04
-7.2001133e-04
-3.7037797e-03
-9.6596417e-03
-1.3625703e-02
-1.3668117e-02
-1.2204724e-02
-7.8256540e-03
-4.3929035e-04
8.2902999e-03
1.5219416e-02
1.9799952e-02
1.6425365e-02
1.0324679e-02
4.7810423e-03
-2.8895127e-04
-2.0768829e-03
-7.5814009e-04
-7.4248534e-05
-5.1076777e-03
-8.7690102e-03
-9.8226065e-03
-1.2699144e-02
-1.4243067e-02
-1.3322395e-02
-5.8425570e-03
4.3143805e-03
1.2225369e-02
1.1997172e-02
7.6185242e-03
5.9600797e-03
5.3650988e-03
5.6665189e-03
3.6984617e-03
-3.0736027e-04
-2.6391001e-03
-2.3809334e-03
-1.9047696e-03
-2.6670051e-03
-7.6099237e-03
-1.4508777e-02
-1.4297070e-02
-6.5165270e-03
1.1694825e-03
5.7817280e-03
6.3584449e-03
5.3272236e-03
6.8218536e-04
-3.4666458e-03
-2.5924503e-03
3.9500953e-03
1.2897139e-02
1.6937465e-02
1.1087630e-02
-1.3755058e-03
-1.0219933e-02
-8.9667758e-03
4.4352021e-04
9.7606371e-03
1.3162254e-02
7.9777247e-03
-1.1232509e-03
-6.9950453e-03
-4.3803315e-03
2.1302273e-04
8.4598606e-04
1.4185484e-03
2.1074886e-03
3.4748964e-03
1.8869643e-03
-8.2938990e-03
-1.8674877e-02
-1.8333458e-02
-1.0873189e-02
-4.4560777e-03
1.8037117e-03
8.0218470e-03
1.4142584e-02
2.0477519e-02
2.2429290e-02
2.1292128e-02
2.6278085e-02
3.8366783e-02
4.8524234e-02
5.3915183e-02
5.1670059e-02
3.9152244e-02
1.7134869e-02
-1.2572064e-02
-4.1394724e-02
-6.3194263e-02
-7.1139853e-02
-6.7084661e-02
-5.6437404e-02
-4.0559596e-02
-2.1955069e-02
-5.8810732e-03
2.4037615e-03
3.4648632e-03
2.9325829e-03
6.2345787e-03
1.7631720e-02
3.8378908e-02
6.0763495e-02
7.2671417e-02
6.9524378e-02
5.5217575e-02
3.0561323e-02
6.6205489e-03
-1.1329408e-02
-2.8266155e-02
-5.9736213e-02
-9.5382796e-02
-1.1769869e-01
-1.1929424e-01
-1.0637329e-01
-8.8023511e-02
-7.0222874e-02
-3.9041929e-02
1.9777741e-02
7.7881846e-02
9.4927589e-02
6.3672915e-02
7.4699213e-03
-4.9053492e-02
-8.7716584e-02
-9.5677249e-02
-7.3823136e-02
-7.4555660e-03
8.1565236e-02
1.4480397e-01
1.6526950e-01
1.4228154e-01
8.5921628e-02
1.5627209e-02
-4.9387085e-02
-9.5759359e-02
-1.1232932e-01
-1.1097942e-01
-9.0291231e-02
-4.0140086e-02
2.5174871e-02
7.3633810e-02
9.6122739e-02
9.6521003e-02
9.1758879e-02
7.4886751e-02
4.7990078e-02
1.2764782e-03
-5.8229175e-02
-1.1479071e-01
-1.4833001e-01
-1.4252104e-01
-9.5770104e-02
-2.1827754e-02
4.8122167e-02
9.6727031e-02
1.3069682e-01
1.3908448e-01
1.3161074e-01
1.2021347e-01
1.0564835e-01
9.2411575e-02
8.6759553e-02
7.7844402e-02
5.3053500e-02
1.3977123e-02
-3.4549591e-02
-6.0852263e-02
-8.0939119e-02
-1.0261419e-01
-1.3732108e-01
-1.6377669e-01
-1.6451426e-01
-1.2019798e-01
-5.2313910e-02
7.2607438e-03
5.6394783e-02
9.1987132e-02
1.0148995e-01
9.1667743e-02
6.3418400e-02
1.4017710e-02
-4.3800900e-02
-9.7080643e-02
-1.5219873e-01
-1.8772971e-01
-1.8682042e-01
-1.4850319e-01
-8.4003730e-02
-1.3536063e-02
5.5869355e-02
8.1077313e-02
8.3527049e-02
7.4585060e-02
6.0019772e-02
5.6542659e-02
6.3610981e-02
8.0868044e-02
1.1200603e-01
1.3942024e-01
1.5141162e-01
1.1729690e-01
3.9921645e-02
-4.4731094e-02
-1.0390238e-01
-1.2936827e-01
-1.2607923e-01
-9.2892666e-02
-2.0239354e-02
6.0709019e-02
1.2256931e-01
1.5549247e-01
1.5241519e-01
1.1628444e-01
6.0273172e-02
-5.2581060e-03
-7.2319792e-02
-1.2350095e-01
-1.4369922e-01
-1.3523431e-01
-1.1049655e-01
-8.1183637e-02
-5.4433435e-02
-4.3419754e-02
-4.0095316e-02
-2.7914625e-02
-3.5183578e-03
2.2198873e-02
4.7450142e-02
6.2856615e-02
6.6264856e-02
5.8936887e-02
4.0407764e-02
2.2288585e-02
5.3478480e-03
-5.6814368e-03
-9.5811145e-03
-1.1050880e-02
-1.0776562e-02
-1.1811487e-02
-1.2453416e-02
-8.6640509e-03
-2.5771361e-04
1.7947417e-02
3.2335510e-02
3.7825577e-02
2.9511376e-02
1.5485953e-02
3.6958912e-03
-1.1015019e-02
-2.7094632e-02
-3.7783532e-02
-4.0835919e-02
-3.4801673e-02
-2.8360415e-02
-2.4325385e-02
-1.8529262e-02
-6.6988005e-03
4.5579113e-03
8.9794165e-03
5.6754296e-03
1.6293243e-03
-2.9599147e-04
2.6198051e-04
-5.6136302e-04
-9.9873407e-04
3.9574432e-03
1.4643496e-02
2.7796835e-02
4.2695256e-02
5.4659639e-02
5.7409354e-02
4.5661834e-02
2.4726662e-02
5.2624429e-03
-1.0301462e-02
-1.7560492e-02
-1.4942319e-02
-8.4149227e-03
-6.7443696e-03
-8.9977291e-03
-9.0175410e-03
-3.6574788e-03
2.5834522e-03
6.1452021e-03
4.5995000e-03
-5.8202119e-03
-2.0255823e-02
-3.0888865e-02
-3.1988774e-02
-2.1375515e-02
-6.8225543e-03
3.5989187e-03
4.9879191e-03
-2.1053476e-03
-1.2900965e-02
-2.2650260e-02
-2.7964805e-02
-2.9461300e-02
-3.0852247e-02
-3.0537632e-02
-2.4481448e-02
-9.4113811e-03
1.0050828e-02
2.4663956e-02
2.9233030e-02
2.7419239e-02
2.3504667e-02
2.0149462e-02
1.7374671e-02
1.8320860e-02
2.5055446e-02
3.4851754e-02
4.1678500e-02
3.9902134e-02
2.6112278e-02
1.9345573e-03
-2.3196938e-02
-3.8407164e-02
-3.7607440e-02
-2.4032935e-02
-9.2971029e-03
3.8691643e-04
3.6929298e-03
3.4390689e-03
-9.7731633e-04
-6.9765714e-03
-1.0368515e-02
-8.2936511e-03
-3.6355975e-03
-7.1353681e-04
-1.7717040e-03
-3.3953859e-03
-1.2485578e-03
4.3264580e-03
8.6875768e-03
5.2505476e-03
-3.8047472e-03
-1.2420174e-02
-1.5168511e-02
-1.2009742e-02
-5.2253403e-03
5.0488312e-05
2.5721085e-03
2.7692107e-03
2.9249369e-03
3.8438139e-03
5.0296038e-03
7.7131670e-03
1.3190745e-02
2.1529909e-02
2.7226026e-02
2.5954620e-02
1.5455326e-02
1.1347640e-03
-1.2428764e-02
-2.2670432e-02
-2.6771184e-02
-2.4656106e-02
-1.7704104e-02
-8.7456811e-03
-1.5237071e-03
3.2611204e-03
6.3144642e-03
7.7075122e-03
7.8284607e-03
8.5980601e-03
9.4415796e-03
8.9822918e-03
5.2095602e-03
-6.9653967e-04
-8.3157390e-03
-1.4662662e-02
-1.6110463e-02
-1.1241359e-02
-2.4655025e-03
5.7944778e-03
9.0877241e-03
5.7669588e-03
-3.3669121e-03
-1.3706404e-02
-1.8775325e-02
-1.4805405e-02
-4.5878755e-03
4.6447379e-03
7.8458817e-03
5.2690104e-03
1.6743433e-03
2.9947677e-03
1.1386242e-02
2.1378454e-02
2.8331415e-02
2.9348236e-02
2.4739685e-02
1.4635662e-02
1.0354008e-03
-9.3018542e-03
-1.3182152e-02
-1.2236722e-02
-1.2839875e-02
-1.7320292e-02
-2.3298738e-02
-2.7177892e-02
-2.7244573e-02
-2.1056108e-02
-1.1196965e-02
-9.5140610e-04
8.0675618e-03
1.4680035e-02
1.8245697e-02
1.9337361e-02
1.8435870e-02
1.6929979e-02
1.5100796e-02
1.3720608e-02
1.3215311e-02
1.2997529e-02
1.3544556e-02
1.2393200e-02
7.6278038e-03
-2.4081086e-03
-1.3513697e-02
-2.3469860e-02
-3.1603010e-02
-3.6996758e-02
-3.7223777e-02
-3.1051068e-02
-2.0408753e-02
-9.4694205e-03
-1.4013464e-03
1.4731817e-03
1.2630371e-03
2.7196930e-03
8.3437718e-03
1.6963077e-02
2.4919858e-02
2.8598658e-02
2.6249060e-02
1.9830601e-02
1.1774061e-02
2.8736578e-03
-5.2972278e-03
-1.2897628e-02
-1.7712760e-02
-2.0473073e-02
-1.9484723e-02
-1.3991656e-02
-3.5098623e-03
9.1375456e-03
1.9519417e-02
2.5496619e-02
2.4944410e-02
2.0011157e-02
1.3991872e-02
1.0226216e-02
8.9651001e-03
6.0902305e-03
2.1431296e-03
-1.2932644e-03
-4.5797536e-03
-8.4841152e-03
-1.3291576e-02
-1.6918387e-02
-1.7792477e-02
-1.4400990e-02
-8.6190880e-03
-3.0508989e-03
-9.4519432e-05
1.6146693e-04
-9.5082514e-04
-1.6474606e-03
-5.9133107e-04
-8.0037773e-04
-3.1414326e-03
-7.1541525e-03
-1.0447398e-02
-1.2041773e-02
-1.1550841e-02
-8.8925771e-03
-4.5502317e-03
1.5523432e-03
8.1355121e-03
1.2241849e-02
1.2754307e-02
9.7814404e-03
4.3093078e-03
-2.0237982e-03
-6.2340227e-03
-5.2360048e-03
1.1704871e-03
9.2472663e-03
1.3816156e-02
1.3868224e-02
1.0130047e-02
3.9706896e-03
-3.2497789e-03
-9.6689450e-03
-1.2095588e-02
-9.5802773e-03
-5.0144894e-03
-2.7379598e-03
-4.3115235e-03
-5.7241404e-03
-3.9396575e-03
1.7203645e-03
9.3145398e-03
1.6150202e-02
2.1411491e-02
2.2461380e-02
1.6853348e-02
6.4147508e-03
-5.6973785e-03
-1.5979093e-02
-2.1586904e-02
-2.0693841e-02
-1.4923449e-02
-7.1621600e-03
6.5319411e-04
5.6786771e-03
9.3360319e-03
1.0767360e-02
1.0240794e-02
7.7587454e-03
3.5639658e-03
-1.8712602e-03
-8.3199672e-03
-1.4049457e-02
-1.8262551e-02
-2.1337765e-02
-2.1872250e-02
-1.9437596e-02
-1.3557544e-02
-4.5412904e-03
6.1418733e-03
1.7556217e-02
2.8164198e-02
3.4997927e-02
3.7497129e-02
3.6040881e-02
3.0919913e-02
2.3647901e-02
1.3342484e-02
1.3562181e-03
-1.0184629e-02
-1.8399345e-02
-2.1504547e-02
-2.0068820e-02
-1.5666507e-02
-1.2325516e-02
-1.1801379e-02
-1.1671488e-02
-9.8416187e-03
-5.5603309e-03
-6.7243095e-04
3.5154086e-03
6.5286309e-03
8.4731061e-03
9.1228970e-03
5.6118977e-03
-2.5659860e-03
-1.1248035e-02
-1.7767245e-02
-2.0744666e-02
-1.8412153e-02
-1.1490168e-02
-2.1110439e-03
7.1335893e-03
1.3165829e-02
1.3870120e-02
1.1029012e-02
7.0207933e-03
4.8505658e-03
6.2485610e-03
8.8424059e-03
8.8417028e-03
3.2373585e-03
-6.2887804e-03
-1.5531148e-02
-2.1814721e-02
-2.2944367e-02
-1.8887982e-02
-1.0091566e-02
5.4391577e-04
9.9972610e-03
1.6855431e-02
2.0204228e-02
2.0123581e-02
1.6579987e-02
1.1621240e-02
5.8788127e-03
4.4892353e-04
-3.1380024e-03
-4.9334239e-03
-5.5217534e-03
-5.6010193e-03
-5.9974456e-03
-6.1931211e-03
-4.0607303e-03
1.8451268e-03
1.0563247e-02
1.9460647e-02
2.5111439e-02
2.3539714e-02
1.4126816e-02
-1.0006730e-03
-1.5812754e-02
-2.6254708e-02
-2.9569293e-02
-2.4933254e-02
-1.4538729e-02
-2.7467114e-03
5.6665931e-03
8.2749827e-03
5.6103711e-03
-1.1174352e-03
-8.1665355e-03
-1.3560492e-02
-1.6011131e-02
-1.5026115e-02
-9.8229086e-03
-1.9376033e-03
5.2373752e-03
1.0079963e-02
1.3380286e-02
1.6051544e-02
1.5680773e-02
1.0617564e-02
2.8314540e-03
-3.8788941e-03
-7.1054816e-03
-7.5281123e-03
-7.4427372e-03
-8.3299693e-03
-1.0420218e-02
-1.2192269e-02
-1.0369250e-02
-3.9820046e-03
5.4042954e-03
1.6183391e-02
2.5123947e-02
2.9805028e-02
2.9011185e-02
2.4774277e-02
1.9521772e-02
1.4681759e-02
1.0477641e-02
6.2728913e-03
1.0239160e-03
-5.0631766e-03
-1.1294052e-02
-1.7791643e-02
-2.3137423e-02
-2.5364456e-02
-2.2616480e-02
-1.5084074e-02
-6.1974086e-03
6.1950543e-04
4.0874123e-03
5.8747327e-03
8.2719516e-03
1.0019912e-02
9.4178176e-03
6.2649257e-03
2.9337289e-03
1.3228351e-03
1.4292769e-03
2.2770907e-03
2.1809185e-03
2.6620109e-04
-1.9660098e-03
-4.4683802e-03
-6.9064201e-03
-7.2795633e-03
-6.4435956e-03
-5.4200953e-03
-6.0170636e-03
-7.6615879e-03
-9.2647403e-03
-1.0312766e-02
-1.0580922e-02
-1.0038367e-02
-8.5656598e-03
-6.5734989e-03
-4.1459614e-03
-2.6785997e-03
-2.5806287e-03
-4.2964706e-03
-7.0307512e-03
-8.8429687e-03
-8.6290595e-03
-5.9442787e-03
-1.2085945e-03
3.7372136e-03
8.6054972e-03
1.2606860e-02
1.5326072e-02
1.6465216e-02
1.6167653e-02
1.4833774e-02
1.1884974e-02
7.4849406e-03
3.2316433e-03
1.2520121e-03
2.5652643e-03
5.6350809e-03
8.9206925e-03
1.1448024e-02
1.2626967e-02
1.1753737e-02
8.9195242e-03
4.2938352e-03
-4.5596709e-04
-4.5459801e-03
-8.0802142e-03
-9.9670976e-03
-1.0330759e-02
-1.0131593e-02
-9.3884218e-03
-7.8688503e-03
-4.8032768e-03
-1.9294609e-04
3.4500996e-03
3.8897204e-03
1.1877873e-03
-2.2937763e-03
-5.1036904e-03
-6.1067780e-03
-4.8700470e-03
-1.8956301e-03
7.6299757e-04
1.6364863e-03
-1.5386988e-05
-4.0296120e-03
-6.8454418e-03
-6.2838835e-03
-2.7342756e-03
2.2594461e-03
6.4036149e-03
8.9302591e-03
9.3059622e-03
7.8324991e-03
4.3359985e-03
-6.8825343e-04
-5.3230720e-03
-7.8340218e-03
-7.4128149e-03
-4.1133647e-03
7.5482346e-04
4.9242525e-03
6.5871763e-03
6.1819547e-03
4.9422616e-03
3.2222688e-03
1.4824905e-03
-8.7951868e-04
-3.2903627e-03
-5.5546784e-03
-7.1040688e-03
-7.7281038e-03
-7.9624815e-03
-7.4208313e-03
-4.6010295e-03
1.5534013e-04
5.5475383e-03
8.8408014e-03
8.3150899e-03
5.5982217e-03
2.4782455e-03
8.1300141e-04
1.1875790e-03
3.1464591e-03
4.5073318e-03
3.7049162e-03
8.5731930e-04
-2.3067456e-03
-3.8755619e-03
-2.4445272e-03
2.0789003e-03
7.6930134e-03
1.2065495e-02
1.2761202e-02
9.2763665e-03
3.8582165e-03
-1.5697852e-03
-6.4107292e-03
-9.9965025e-03
-1.2270922e-02
-1.3549646e-02
-1.4032020e-02
-1.4093263e-02
-1.4415849e-02
-1.5092353e-02
-1.5022376e-02
-1.3218341e-02
-9.1218271e-03
-4.1391539e-03
6.5395264e-04
4.8243320e-03
8.5689692e-03
1.0695600e-02
1.0030803e-02
6.5097752e-03
1.7121610e-03
-9.4984308e-04
3.2496875e-04
4.3059973e-03
8.4201263e-03
1.0815831e-02
1.1496689e-02
1.1283235e-02
1.0665295e-02
9.3608477e-03
7.8189008e-03
8.0237853e-03
1.0045399e-02
1.1722957e-02
1.0825804e-02
7.5495441e-03
3.4777889e-03
-4.6031697e-04
-2.7862586e-03
-4.2730597e-03
-6.5890675e-03
-1.0237413e-02
-1.4735517e-02
-1.8380457e-02
-1.9732922e-02
-1.7821508e-02
-1.4043510e-02
-1.0247114e-02
-6.8812730e-03
-4.0204580e-03
-1.1946783e-03
1.2087356e-03
2.8178456e-03
3.7311042e-03
4.0579114e-03
4.0661551e-03
3.3444187e-03
2.2963532e-03
1.8712808e-03
1.8640437e-03
1.2739926e-03
-2.7077924e-04
-1.5640905e-03
-1.6081164e-03
5.1532967e-04
4.7866667e-03
9.3344125e-03
1.1517789e-02
1.0197888e-02
6.3520625e-03
2.7165509e-03
2.9710001e-04
-1.1230752e-03
-1.8096971e-03
-1.5666531e-03
-3.9726598e-04
9.3919226e-04
9.1846016e-04
-9.6758343e-04
-2.9508665e-03
-3.2418877e-03
-2.0384032e-03
-4.4195725e-04
5.8625849e-04
5.0452140e-04
-5.8166601e-04
-2.4864508e-03
-4.3768613e-03
-5.2343686e-03
-4.4441792e-03
-2.0254731e-03
1.4837116e-03
3.7679377e-03
3.7391492e-03
2.8760519e-03
2.6310181e-03
2.9174858e-03
2.4995625e-03
5.2632198e-04
-2.3366913e-03
-4.4581148e-03
-4.7430086e-03
-2.7267338e-03
5.1848469e-04
3.2327093e-03
3.8895478e-03
2.7518599e-03
1.0344075e-03
-1.0730072e-04
7.3017975e-07
6.0863523e-04
5.9367972e-04
-3.8735300e-04
-1.9482407e-03
-3.0349087e-03
-3.4332012e-03
-3.0698301e-03
-2.8493698e-03
-2.9222845e-03
-2.9634944e-03
-3.3885867e-03
-4.2840541e-03
-4.5555504e-03
-3.4395058e-03
-1.4161010e-03
2.0890101e-04
7.8856821e-04
2.1040597e-04
-6.8947611e-04
-1.1752923e-03
-9.6311850e-04
8.1017193e-04
3.7065372e-03
6.3188279e-03
7.6909958e-03
7.4772993e-03
5.6149104e-03
2.8966203e-03
7.4818395e-04
1.0817228e-04
-6.8402549e-04
-1.8098542e-03
-1.5521818e-03
5.0550024e-04
3.1948529e-03
4.3093404e-03
2.4426749e-03
-1.4151008e-03
-5.3609022e-03
-7.7044651e-03
-7.5338398e-03
-5.2906322e-03
-1.9322145e-03
8.5043272e-04
2.1061906e-03
1.6022240e-03
2.3396133e-05
-9.0920306e-04
-4.6884634e-04
1.7091738e-03
4.9579599e-03
8.1943595e-03
1.0439397e-02
1.0532119e-02
8.0201973e-03
3.1899250e-03
-2.7776463e-03
-7.9605371e-03
-1.1246664e-02
-1.2012527e-02
-1.0813834e-02
-8.1052004e-03
-4.0330518e-03
7.6995040e-04
4.5788921e-03
6.4283643e-03
6.1094579e-03
4.8481669e-03
3.6292314e-03
2.4896363e-03
1.0022641e-03
-6.8188391e-04
-2.2362735e-03
-3.4287465e-03
-4.0049960e-03
-3.4368837e-03
-9.9491524e-04
3.0163857e-03
7.0461786e-03
9.0880316e-03
8.6563379e-03
6.7333136e-03
4.2778542e-03
2.0425470e-03
6.6566796e-04
-7.4726198e-04
-2.5262876e-03
-3.8201570e-03
-3.8766322e-03
-2.7667232e-03
-8.8748024e-04
7.8956648e-04
1.3152300e-03
-2.1733264e-04
-3.6302403e-03
-7.6217150e-03
-1.0860361e-02
-1.2226599e-02
-1.1278334e-02
-8.2481383e-03
-4.0675938e-03
-1.8675740e-04
2.5863133e-03
4.6751530e-03
6.3371860e-03
7.6299246e-03
8.3704707e-03
8.0955527e-03
7.3784266e-03
6.7106451e-03
5.4294948e-03
3.4088992e-03
6.5734837e-04
-2.1314892e-03
-4.2379829e-03
-6.3432881e-03
-8.3306688e-03
-9.2835334e-03
-8.8400941e-03
-7.1173212e-03
-5.2523909e-03
-4.2228475e-03
-4.2719689e-03
-4.0610304e-03
-3.2352562e-03
-2.4210032e-03
-1.4533481e-03
2.1316434e-04
2.7307716e-03
4.7072919e-03
5.0958453e-03
4.6104058e-03
4.5451368e-03
5.4199983e-03
6.6750015e-03
7.3897922e-03
7.8194149e-03
8.2425691e-03
7.7606161e-03
6.2316035e-03
4.2966491e-03
3.0464899e-03
2.7761237e-03
3.0537645e-03
3.5585057e-03
3.7531524e-03
2.9468978e-03
8.3578028e-04
-1.3114038e-03
-2.7205045e-03
-3.4814511e-03
-3.9211109e-03
-4.5963722e-03
-5.7493598e-03
-7.4323504e-03
-8.9435232e-03
-8.9619621e-03
-7.6197089e-03
-5.4546616e-03
-3.5191879e-03
-2.3022764e-03
-1.6022139e-03
-8.2302435e-04
6.1611462e-04
2.5073813e-03
3.7717843e-03
3.0760142e-03
6.3155375e-04
-2.5578118e-03
-4.8460137e-03
-5.2445509e-03
-4.1776649e-03
-2.0169098e-03
8.6161261e-04
3.7864427e-03
5.8388625e-03
6.5856159e-03
6.3205943e-03
5.9437193e-03
5.7212531e-03
5.4192247e-03
4.0914271e-03
1.0203282e-03
-2.9656451e-03
-6.5268055e-03
-8.7880913e-03
-8.6098214e-03
-6.3080955e-03
-2.7089852e-03
7.7296429e-04
2.8339775e-03
3.6857052e-03
4.0240622e-03
4.4071132e-03
4.4939509e-03
3.7525279e-03
2.5733464e-03
2.1852173e-03
2.7059709e-03
3.7417000e-03
4.2850232e-03
3.7856460e-03
2.5074219e-03
6.6037306e-04
-7.5208546e-04
-1.3127375e-03
-1.4218679e-03
-1.7930064e-03
-2.6401646e-03
-3.7366888e-03
-4.8397616e-03
-5.9424881e-03
-6.4056685e-03
-6.3127527e-03
-6.0680073e-03
-5.4080557e-03
-3.9478832e-03
-2.0953182e-03
-3.9721528e-04
5.9731241e-04
1.2289174e-03
1.6044626e-03
1.5454515e-03
1.4275952e-03
1.6033055e-03
1.9921367e-03
2.0541109e-03
1.6519651e-03
1.1988058e-03
9.6415261e-04
1.3315849e-03
1.9817381e-03
2.0938960e-03
1.3106420e-03
4.9203843e-04
2.0602772e-05
-4.0006662e-04
-1.1449636e-03
-2.3378321e-03
-3.8992260e-03
-5.1211191e-03
-5.2760952e-03
-4.3941503e-03
-2.8590414e-03
-9.0169689e-04
1.0597694e-03
2.8105199e-03
3.9459526e-03
4.2162555e-03
3.7779833e-03
3.0522124e-03
2.4565950e-03
1.9353133e-03
1.3084200e-03
3.1327090e-04
-9.2009559e-04
-1.5390348e-03
-1.2848941e-03
-2.7589928e-04
5.9751419e-04
1.1446910e-03
1.6541596e-03
2.1608465e-03
2.5416957e-03
2.4119845e-03
2.0308790e-03
1.9446645e-03
2.6450085e-03
3.2814807e-03
2.9867524e-03
1.7962531e-03
2.9070770e-04
-7.0798199e-04
-7.1012799e-04
2.1748984e-04
1.2661298e-03
2.0837753e-03
2.6039526e-03
2.2685527e-03
8.8468895e-04
-6.9760558e-04
-1.3477237e-03
-8.8094563e-04
2.2708629e-04
7.5681665e-04
6.4312549e-05
-2.0133893e-03
-4.6108664e-03
-7.2907728e-03
-9.4401923e-03
-1.0170811e-02
-9.5935594e-03
-7.9042916e-03
-5.5032792e-03
-2.9689492e-03
-7.8789167e-04
1.4190832e-03
3.8174654e-03
5.6161148e-03
6.2083946e-03
5.7596248e-03
4.8025203e-03
3.7553641e-03
2.5374876e-03
1.2053041e-03
3.9236642e-04
3.0182818e-04
6.7430537e-04
1.0149089e-03
1.4594192e-03
1.6461144e-03
1.6248703e-03
1.9419454e-03
2.2542355e-03
2.2190808e-03
1.9021128e-03
1.4280309e-03
9.7085818e-04
4.3168057e-04
-2.4963561e-04
-1.3483200e-03
-2.3202117e-03
-2.5861642e-03
-2.2445151e-03
-1.8152179e-03
-1.6568185e-03
-1.7841116e-03
-2.5159033e-03
-3.4950548e-03
-4.2008052e-03
-4.1372124e-03
-3.7729773e-03
-3.4913496e-03
-3.1739860e-03
-2.6799318e-03
-2.0353875e-03
-7.5911245e-04
1.0096151e-03
3.0230904e-03
5.0837892e-03
6.9317895e-03
7.9613687e-03
7.9523690e-03
6.5628810e-03
3.9193044e-03
9.0197636e-04
-1.5482398e-03
-2.5610551e-03
-2.4229045e-03
-1.7586380e-03
-1.4030263e-03
-1.4015346e-03
-1.8697439e-03
-2.8714363e-03
-4.1265847e-03
-5.0956638e-03
-5.4720855e-03
-4.9659968e-03
-3.5607503e-03
-1.4460726e-03
8.9844917e-04
2.8760640e-03
4.0463938e-03
4.0990681e-03
3.4264141e-03
2.4006675e-03
1.1553205e-03
2.0649430e-04
-1.6381150e-04
3.3470324e-04
1.5320018e-03
2.3222503e-03
2.7554481e-03
2.5069922e-03
1.9841603e-03
1.9302382e-03
2.0696440e-03
2.4470499e-03
2.9982200e-03
3.4774140e-03
3.8145551e-03
3.5385021e-03
2.6482173e-03
1.3101292e-03
-2.8015405e-04
-1.9192257e-03
-3.2241994e-03
-4.2142166e-03
-4.8422719e-03
-5.1517693e-03
-5.5521681e-03
-5.7460631e-03
-5.4469669e-03
-4.5962008e-03
-3.1757937e-03
-1.0977317e-03
1.5098293e-03
4.0087946e-03
5.7205926e-03
6.1530748e-03
5.3418520e-03
4.0031793e-03
2.7748573e-03
1.9164753e-03
1.1072142e-03
4.0968073e-04
-5.4634717e-04
-1.5345255e-03
-2.1445567e-03
-1.9260687e-03
-8.1543532e-04
4.8261394e-04
1.5634859e-03
2.2386198e-03
2.7562964e-03
3.0837379e-03
2.7634605e-03
1.7807652e-03
-5.1896198e-05
-2.1496014e-03
-4.0484604e-03
-5.5314763e-03
-6.7118223e-03
-7.6188169e-03
-8.2664968e-03
-8.4199988e-03
-7.6184953e-03
-5.9646593e-03
-4.1598378e-03
-2.7522711e-03
-1.8498699e-03
-1.1495147e-03
-3.2360269e-04
8.3396508e-04
2.3469335e-03
4.1387093e-03
5.9900151e-03
7.2774964e-03
7.4670231e-03
6.4837154e-03
4.7011236e-03
2.7428139e-03
9.1852077e-04
-6.2093260e-05
2.0449440e-04
1.1730310e-03
1.9688709e-03
2.3810354e-03
2.6187220e-03
2.9171777e-03
2.9469910e-03
2.5087661e-03
1.5538909e-03
2.2972788e-04
-6.9562982e-04
-9.5561706e-04
-9.1037977e-04
-9.7276956e-04
-1.4059987e-03
-2.0859333e-03
-2.7925925e-03
-3.3562541e-03
-3.6058687e-03
-3.1909025e-03
-2.1939448e-03
-8.7293704e-04
4.7604768e-04
1.5776870e-03
2.5085992e-03
2.9635294e-03
2.6316631e-03
1.6736098e-03
5.6974631e-04
-9.1041788e-05
-2.1344264e-04
7.3966848e-05
1.8737660e-04
-9.6094659e-05
-9.9713746e-04
-2.4719956e-03
-3.7972614e-03
-4.4940573e-03
-4.4798061e-03
-3.8873306e-03
-2.9256901e-03
-2.1891428e-03
-1.7447967e-03
-1.4523486e-03
-1.2269176e-03
-1.1102562e-03
-1.2128576e-03
-1.6095778e-03
-1.7981206e-03
-1.4293623e-03
-3.6711390e-04
8.9707511e-04
1.8720913e-03
2.7739597e-03
3.4885032e-03
3.9100605e-03
4.0088424e-03
4.0280406e-03
3.7881233e-03
3.2016507e-03
1.9564957e-03
2.6274581e-04
-1.2577790e-03
-1.9654199e-03
-1.8876062e-03
-1.3957548e-03
-9.1212514e-04
-3.7171746e-04
4.2482024e-04
1.2154705e-03
1.8722420e-03
2.0154272e-03
1.7043691e-03
1.2272759e-03
9.5852553e-04
9.8152771e-04
1.0607356e-03
8.9794964e-04
4.5752032e-04
1.2986068e-04
1.2534788e-04
3.6588232e-04
6.0932124e-04
3.6983935e-04
-9.7191238e-05
-7.0248812e-04
-1.4939323e-03
-2.3175917e-03
-2.7497408e-03
-2.6044983e-03
-1.9401021e-03
-7.4102200e-04
8.2996310e-04
2.0161691e-03
2.5479863e-03
2.4347067e-03
2.0658454e-03
1.7289884e-03
1.2717518e-03
3.8683507e-04
-9.7574950e-04
-2.6252708e-03
-4.0656065e-03
-4.6016120e-03
-4.0540013e-03
-2.8666897e-03
-1.3642479e-03
1.7769006e-04
1.7338644e-03
3.2020671e-03
4.3046003e-03
4.7801381e-03
4.4980883e-03
3.6938837e-03
2.5374602e-03
1.0801065e-03
-5.2688466e-04
-1.9553752e-03
-3.0313483e-03
-3.8546295e-03
-4.2739066e-03
-4.0725527e-03
-2.9941142e-03
-1.1601915e-03
9.2702658e-04
2.5796649e-03
3.2589560e-03
3.0975255e-03
2.3089582e-03
1.5084934e-03
6.8311553e-04
-2.8832076e-04
-1.5250390e-03
-2.8758834e-03
-3.8835219e-03
-4.2716498e-03
-3.9616840e-03
-3.1807340e-03
-2.2950882e-03
-1.4016601e-03
-4.0932495e-04
3.0527939e-04
9.0543424e-04
1.1911355e-03
1.0799035e-03
6.3775992e-04
1.9423709e-04
8.0977311e-05
2.6566261e-04
7.0896400e-04
1.3107831e-03
1.8169257e-03
2.3852048e-03
2.7493905e-03
2.7815961e-03
2.4420511e-03
1.7542182e-03
5.7531152e-04
-6.5882346e-04
-1.7730132e-03
-2.7625058e-03
-3.3661378e-03
-3.6006885e-03
-3.3335719e-03
-2.6930917e-03
-1.9358923e-03
-1.3506000e-03
-1.0527394e-03
-1.0311126e-03
-9.5978221e-04
-3.8670950e-04
7.2141404e-04
1.8571182e-03
2.6599428e-03
2.7670482e-03
2.1463572e-03
1.2455038e-03
6.2078978e-04
5.2199625e-04
8.9475271e-04
1.4953123e-03
2.0993309e-03
2.3868408e-03
2.6410884e-03
2.9155024e-03
3.3466246e-03
3.7224332e-03
3.6365954e-03
3.1091971e-03
2.3924511e-03
1.4176995e-03
3.4780128e-04
-8.5651889e-04
-1.9846672e-03
-2.7767558e-03
-3.2595509e-03
-3.4165715e-03
-3.2094922e-03
-2.6120969e-03
-2.0303647e-03
-1.3430494e-03
-7.3912005e-04
-1.9809549e-04
3.8251874e-04
1.0798639e-03
1.7021987e-03
1.9806664e-03
1.9993892e-03
1.8989441e-03
1.5293771e-03
1.1116051e-03
5.6973240e-04
-2.4678105e-04
-1.0492719e-03
-1.5307094e-03
-1.6521047e-03
-1.6326588e-03
-1.9063263e-03
-2.6502143e-03
-3.6576381e-03
-4.1596593e-03
-3.5855590e-03
-2.1650203e-03
-3.1918803e-04
1.3236228e-03
2.6191140e-03
3.5634888e-03
4.2409526e-03
4.6512526e-03
4.5663687e-03
3.6764700e-03
2.3547236e-03
8.6194643e-04
-3.6630012e-04
-1.2448786e-03
-2.0224851e-03
-2.4504297e-03
-2.2208719e-03
-1.3182551e-03
-1.6180208e-04
6.9389230e-04
1.0254936e-03
9.9946020e-04
9.6942933e-04
8.8785386e-04
8.1234083e-04
1.0948340e-03
1.4570245e-03
1.6510710e-03
1.3597806e-03
3.5274668e-04
-1.2571135e-03
-2.9228107e-03
-4.0599590e-03
-4.3360573e-03
-4.0055479e-03
-3.5817841e-03
-3.2529937e-03
-2.9803053e-03
-2.7535438e-03
-2.3082661e-03
-1.6819105e-03
-1.0755651e-03
-7.3449585e-04
-6.9761146e-04
-8.4595012e-04
-9.5263442e-04
-8.9247861e-04
-5.8559476e-04
-2.0091374e-04
1.1570208e-04
-2.7494847e-05
-5.3685716e-04
-8.3010006e-04
-4.7384366e-04
3.2454681e-04
1.1105603e-03
1.8176876e-03
2.1278525e-03
2.1783835e-03
2.3999318e-03
2.8063780e-03
3.2132870e-03
3.0577722e-03
2.1408775e-03
7.5116763e-04
-5.0434759e-04
-1.3033436e-03
-1.9864738e-03
-2.5022895e-03
-2.6821813e-03
-2.3643255e-03
-1.7581032e-03
-9.5769096e-04
8.2678956e-05
1.3875159e-03
2.7456001e-03
3.7016077e-03
4.1635626e-03
4.2179532e-03
4.1900258e-03
4.2058516e-03
4.0177289e-03
3.4000883e-03
2.2167058e-03
7.3520930e-04
-8.2664428e-04
-2.0385436e-03
-2.7389099e-03
-3.1487566e-03
-3.0215757e-03
-2.4427412e-03
-1.9606230e-03
-1.6644286e-03
-1.6212792e-03
-1.7172473e-03
-1.8445188e-03
-1.3801814e-03
-1.6318964e-04
1.1567757e-03
2.0447404e-03
2.1156123e-03
1.8890156e-03
1.8057677e-03
2.0512376e-03
2.4035672e-03
2.4828531e-03
2.3912650e-03
2.1422821e-03
1.6540476e-03
9.7069584e-04
6.1333867e-05
-9.1816209e-04
-1.7999828e-03
-2.5587093e-03
-2.9219248e-03
-2.6758212e-03
-1.5554729e-03
-1.1347960e-04
7.5869064e-04
5.3919815e-04
-5.1354158e-04
-1.5266423e-03
-1.8685555e-03
-1.6507418e-03
-1.3459545e-03
-1.0744232e-03
-8.7672431e-04
-7.9186628e-04
-8.4395703e-04
-1.1348125e-03
-1.6174051e-03
-1.9393487e-03
-1.8209278e-03
-1.6570246e-03
-1.4600131e-03
-1.3051399e-03
-1.0499473e-03
-6.2807767e-04
-1.7535331e-05
6.4078892e-04
1.2475973e-03
1.8020710e-03
2.1787810e-03
2.2778078e-03
2.2951999e-03
2.5099124e-03
3.0524988e-03
3.6455058e-03
4.0474973e-03
4.0771211e-03
3.7356595e-03
3.1894724e-03
2.5547589e-03
1.9011581e-03
1.4415769e-03
1.0366754e-03
8.2859833e-04
7.6489495e-04
4.5144934e-04
-7.0977688e-05
-7.8941631e-04
-1.6158548e-03
-2.4027435e-03
-3.0854388e-03
-3.4099196e-03
-3.3298819e-03
-3.0712165e-03
-2.9350635e-03
-3.1420055e-03
-3.5361963e-03
-3.8489732e-03
-4.0841830e-03
-4.2586464e-03
-4.2740148e-03
-4.0236155e-03
-3.2985334e-03
-2.2553315e-03
-1.2273541e-03
-4.1084468e-04
1.9967403e-04
7.4382718e-04
1.1936503e-03
1.5714255e-03
1.8571157e-03
2.1421490e-03
2.3879701e-03
2.7585126e-03
3.1364309e-03
3.2528016e-03
2.9117863e-03
2.2621999e-03
1.5319868e-03
1.0219373e-03
8.1252855e-04
7.8282706e-04
6.6906106e-04
2.7093194e-04
-2.4110395e-04
-6.0832077e-04
-6.4058560e-04
-2.3829891e-04
7.1344369e-04
1.8637696e-03
3.0390018e-03
3.7747031e-03
3.7351886e-03
3.1426423e-03
2.2484403e-03
1.3962026e-03
5.3736314e-04
-1.7280769e-04
-6.9221753e-04
-9.6103754e-04
-1.1455014e-03
-9.8500817e-04
-4.7823776e-04
1.1525840e-04
5.9402985e-04
6.9137713e-04
4.3456763e-04
1.7904427e-04
1.6914774e-04
3.1622075e-04
5.3145730e-04
4.8533507e-04
6.7626568e-05
-7.8818547e-04
-1.9555714e-03
-3.2502956e-03
-4.3511980e-03
-4.9846197e-03
-5.0529087e-03
-4.6237134e-03
-3.9619679e-03
-3.0479807e-03
