0.01
-1.9921647e-03
-5.0233726e-03
-3.5955562e-03
2.4616679e-03
5.8634399e-03
2.7871955e-03
-1.3487534e-04
-9.2830263e-04
-3.3522094e-03
-4.8121415e-03
1.0385673e-03
6.3590622e-03
4.6449918e-03
-8.7944221e-04
-2.2858662e-03
-4.5263434e-03
-3.4740043e-03
4.3027308e-03
8.0447861e-03
3.3844316e-03
-1.1998124e-03
-1.7418120e-03
-5.4451670e-03
-7.5963933e-03
-5.5167776e-04
5.1843005e-03
5.7284511e-03
3.8770052e-03
2.0082272e-03
-1.7753106e-03
-9.0377176e-03
-1.0782507e-02
-3.6546000e-03
5.2276200e-03
9.8540827e-03
6.9307392e-03
7.4224988e-04
-4.6602563e-03
-5.8881181e-03
-4.9950465e-03
-9.0329480e-04
5.2174450e-03
6.8435091e-03
1.6013491e-03
-4.2773235e-03
-5.8867171e-03
-1.7825038e-03
3.3786445e-03
5.5753181e-03
4.7581258e-03
5.2841194e-03
5.7698534e-03
1.6746245e-03
-3.1325831e-03
-2.6955189e-03
1.0674958e-03
2.8474444e-03
3.0948271e-03
1.8914827e-03
-1.8867635e-03
-6.9721471e-03
-8.0060172e-03
-4.4929169e-03
-2.1342805e-03
-3.7459356e-03
-4.6485830e-03
-2.4822190e-03
1.3875110e-04
-1.7845831e-03
-2.9453756e-03
-3.6615307e-03
-2.9823509e-03
-2.9880742e-03
-1.9248981e-03
4.0352877e-03
8.8607224e-03
8.5621050e-03
3.8266884e-03
1.8795971e-03
2.8859403e-03
2.9755372e-03
3.7905481e-03
4.0048597e-03
3.8869652e-03
4.7802168e-03
5.6904339e-03
3.7890476e-03
-9.3111712e-05
-3.0360667e-03
-4.0892818e-03
-1.6890525e-03
3.1507874e-04
-1.1417124e-03
-1.6513571e-03
-9.4215884e-04
-3.0090870e-03
-4.6438312e-03
-2.4721013e-03
-7.0761973e-04
-1.8465187e-03
-4.5587299e-03
-8.6182924e-03
-9.5653315e-03
-4.6557610e-03
1.0873886e-03
1.9970510e-03
-4.0269783e-03
-8.8019739e-03
-3.3867321e-03
1.9118869e-03
-4.8059497e-04
-1.0599928e-03
1.2308167e-03
2.6917959e-03
4.9198444e-03
8.3171630e-03
1.0713681e-02
1.0713044e-02
1.1138206e-02
8.6844889e-03
3.4147179e-04
-2.8348836e-03
2.4143467e-03
4.7395334e-03
3.8207054e-03
-2.5324492e-04
-4.2030348e-03
-6.9776868e-03
-6.7744931e-03
-5.5187240e-03
-3.8243307e-03
-2.5570024e-03
-1.1237439e-03
-3.0127183e-03
-6.9394405e-03
-7.5279823e-03
-2.8007461e-03
2.7316834e-04
9.8572533e-04
1.9809521e-03
1.0215903e-03
-8.8177162e-04
8.1185470e-05
1.4271451e-03
4.9762885e-03
1.2060360e-02
1.8963292e-02
1.7183255e-02
1.0684553e-02
7.3101650e-03
-3.5376611e-04
-9.9762713e-03
-1.0674875e-02
-8.5083163e-03
-7.6992491e-03
-2.3965154e-03
4.1284981e-03
-2.3538030e-03
-1.1957389e-02
-1.0330559e-02
-4.9266657e-03
-2.9246394e-03
3.2377395e-03
9.7122924e-03
1.1869962e-02
1.2942861e-02
8.7118532e-03
-2.4587523e-03
-1.0824371e-02
-1.3593893e-02
-1.8532418e-02
-2.3820570e-02
-2.2062110e-02
-1.1858982e-02
-3.0980599e-03
-9.0767326e-05
-1.0759553e-03
-7.3219615e-03
-1.5724230e-02
-2.0427165e-02
-2.2262096e-02
-2.4478564e-02
-3.1569859e-02
-3.9455774e-02
-4.2316658e-02
-3.8915346e-02
-2.9998140e-02
-1.7295373e-02
-3.4521536e-03
5.3332377e-03
6.0011513e-03
5.5742160e-04
-5.0802621e-03
-4.7640918e-03
-2.6317214e-03
-8.0489661e-03
-1.7498680e-02
-2.0115787e-02
-1.8561223e-02
-1.1624080e-02
1.0654294e-02
4.4283463e-02
6.6822915e-02
6.3814746e-02
5.1322153e-02
5.2986946e-02
7.2970119e-02
1.0138443e-01
1.2262522e-01
1.2340229e-01
9.6667298e-02
5.2389728e-02
2.1241480e-02
1.2177073e-02
9.8718011e-03
5.1877479e-03
-3.0346137e-03
-1.5251230e-02
-2.0056207e-02
-1.0527070e-02
7.8049063e-03
3.2075508e-02
4.8612452e-02
4.5761966e-02
1.4273750e-02
-2.8124120e-02
-5.3362232e-02
-5.5593048e-02
-4.2150763e-02
-3.4213364e-02
-3.5139733e-02
-3.7133526e-02
-4.2074493e-02
-4.9815458e-02
-6.0960206e-02
-7.5584841e-02
-8.7266575e-02
-8.8650695e-02
-7.5754762e-02
-5.1446039e-02
-2.6231766e-02
-9.4608159e-03
-6.3297729e-03
-2.7986824e-02
-5.0676595e-02
-5.0633208e-02
-2.4285716e-02
1.5412649e-02
5.4813554e-02
7.5212765e-02
7.0049968e-02
5.8812245e-02
5.0562860e-02
4.9164703e-02
5.3135983e-02
5.4932862e-02
4.8709637e-02
3.1740675e-02
1.4504616e-02
1.5479439e-03
-1.5984400e-02
-3.5450918e-02
-4.4957967e-02
-3.9403266e-02
-1.9694626e-02
3.9081716e-03
1.4873282e-02
1.7147606e-02
1.9702293e-02
2.5669139e-02
3.1363567e-02
3.4461006e-02
3.4504188e-02
2.8011382e-02
1.0340206e-02
-1.0990646e-02
-2.4359670e-02
-2.4341754e-02
-1.6438425e-02
-5.3643381e-03
4.2416104e-03
8.0633900e-03
5.9065241e-03
-4.2126523e-03
-1.9958610e-02
-3.3499151e-02
-3.7348762e-02
-2.8112929e-02
-1.0336214e-02
6.2793487e-03
1.5614519e-02
1.3435449e-02
1.6750853e-03
-7.8631335e-03
-1.0388790e-02
-1.1541438e-02
-1.6652420e-02
-2.7841263e-02
-3.9287868e-02
-3.8918905e-02
-2.3575337e-02
4.3225756e-04
1.7759376e-02
1.9725374e-02
3.5536018e-03
-2.3109450e-02
-4.5308431e-02
-5.4686183e-02
-4.7678334e-02
-2.5602306e-02
3.6575226e-03
2.9670319e-02
4.3950907e-02
4.5739466e-02
4.0922533e-02
3.5217890e-02
3.1465804e-02
2.9374636e-02
2.7353238e-02
2.6304970e-02
2.4438860e-02
1.9609760e-02
1.3434462e-02
9.0483314e-03
9.0817499e-03
1.0822402e-02
1.3722294e-02
1.7911158e-02
2.0714334e-02
1.5656401e-02
4.6356266e-03
-5.5097152e-03
-1.1662816e-02
-1.5675841e-02
-2.1651500e-02
-2.3266121e-02
-1.8215054e-02
-1.6447088e-02
-2.5522365e-02
-4.3395389e-02
-6.0981623e-02
-7.2113108e-02
-7.4095236e-02
-6.5082577e-02
-4.1893267e-02
-1.1985657e-02
1.1104808e-02
2.4380052e-02
3.1685911e-02
3.7484376e-02
4.0113362e-02
3.6154672e-02
2.7258774e-02
1.7394213e-02
1.1781598e-02
1.3150842e-02
1.8863960e-02
2.4384669e-02
2.9424701e-02
3.4710513e-02
3.8506362e-02
3.5185334e-02
2.3260877e-02
9.6375337e-03
2.0105468e-03
1.4153587e-03
5.1280798e-03
8.9547222e-03
9.8119056e-03
7.6487103e-03
4.0112542e-03
-7.1146932e-05
-6.7283416e-03
-1.2463394e-02
-1.6930094e-02
-1.9859173e-02
-1.7069381e-02
-1.0374766e-02
-5.5334655e-03
-5.2447587e-03
-1.0763101e-02
-1.7294956e-02
-2.4443425e-02
-3.2239587e-02
-3.3404454e-02
-2.5910199e-02
-1.4482234e-02
-3.8866270e-03
6.9194108e-03
1.6961101e-02
2.2627840e-02
2.3470380e-02
2.4192341e-02
2.5703817e-02
2.5573672e-02
2.3396445e-02
2.1714875e-02
2.1526239e-02
1.9489192e-02
1.2417612e-02
3.8026078e-03
-9.7444520e-04
-1.5125352e-03
-1.7462419e-03
-3.8943384e-03
-8.7933226e-03
-1.7540693e-02
-2.8404162e-02
-3.6976959e-02
-4.0712298e-02
-3.9362343e-02
-3.4757772e-02
-2.7962350e-02
-2.3160988e-02
-2.3274933e-02
-2.8721619e-02
-3.4072579e-02
-3.3841192e-02
-2.5850757e-02
-1.2952807e-02
2.2477175e-03
1.5816456e-02
2.1439376e-02
1.8268157e-02
1.0602975e-02
3.0070077e-03
7.7928896e-04
6.3969846e-03
1.6469859e-02
2.6571912e-02
3.3565130e-02
3.8128247e-02
4.0730050e-02
4.2051866e-02
4.4090827e-02
4.6157652e-02
4.3295514e-02
3.5116847e-02
2.5258759e-02
1.5798087e-02
6.9524290e-03
-8.0280851e-04
-7.5943277e-03
-1.3642007e-02
-1.9625649e-02
-2.3723328e-02
-2.5584517e-02
-2.6199292e-02
-2.6561906e-02
-2.6449911e-02
-2.3337527e-02
-1.5399319e-02
-5.6427846e-03
2.0375288e-03
4.8739862e-03
1.8571821e-03
-4.6303218e-03
-1.1855931e-02
-1.8458777e-02
-2.2336128e-02
-2.3455681e-02
-2.2235526e-02
-2.1312340e-02
-2.1409621e-02
-2.1390558e-02
-2.0720213e-02
-1.9224097e-02
-1.5608177e-02
-1.0421017e-02
-2.6531592e-03
5.0072915e-03
1.0906763e-02
1.3715191e-02
1.3663167e-02
1.1493800e-02
8.9354264e-03
8.3010437e-03
9.2284454e-03
9.0901347e-03
9.5489276e-03
1.0937419e-02
1.2720313e-02
1.2115956e-02
1.0112079e-02
6.9427999e-03
2.8386430e-03
1.0214801e-04
9.9595583e-04
4.7307138e-03
1.0140469e-02
1.7142603e-02
2.2920030e-02
2.5286866e-02
2.2688750e-02
1.7444592e-02
9.6805195e-03
2.7323558e-03
-1.7538948e-03
-3.7887195e-03
-5.8237441e-03
-7.4917076e-03
-8.6864949e-03
-9.9294654e-03
-1.0767988e-02
-9.6997709e-03
-6.8236328e-03
-4.7331624e-03
-2.7853530e-03
1.4901016e-03
8.9526034e-03
1.4726690e-02
1.5661218e-02
1.0413229e-02
1.0029626e-03
-6.9189001e-03
-1.0152546e-02
-9.4106433e-03
-6.5385415e-03
-2.6129659e-03
3.1822829e-03
8.2487826e-03
1.0651015e-02
8.0518398e-03
2.7173639e-03
-4.0877536e-03
-8.6660115e-03
-9.8379438e-03
-8.4163506e-03
-2.6276042e-03
6.1698884e-03
1.2038031e-02
1.2537878e-02
8.6353810e-03
2.9091974e-03
-2.2144115e-03
-6.8263823e-03
-9.9612148e-03
-1.2713586e-02
-1.3738832e-02
-1.2392221e-02
-9.3937293e-03
-5.7277482e-03
-4.0730547e-03
-5.8074467e-03
-7.7420042e-03
-9.7158697e-03
-1.1553215e-02
-1.1385320e-02
-9.8760359e-03
-8.0282177e-03
-4.5088702e-03
3.6678257e-04
5.4372464e-03
1.2177203e-02
1.8930819e-02
2.3675811e-02
2.4265439e-02
2.0527377e-02
1.3457332e-02
4.7098063e-03
-2.6455463e-03
-6.7541538e-03
-7.6104055e-03
-5.4898802e-03
-2.4350866e-03
-5.3730440e-04
1.2298910e-04
2.2479165e-04
-8.4360133e-04
-2.8858687e-03
-4.0856657e-03
-4.7114198e-03
-5.0374074e-03
-5.0630990e-03
-3.8002915e-03
-1.1489645e-03
2.9160233e-03
7.7156359e-03
9.9037788e-03
8.7700520e-03
4.7084606e-03
-1.9720130e-04
-5.1249882e-03
-9.0905212e-03
-1.1493571e-02
-1.1650729e-02
-1.0835171e-02
-9.7453323e-03
-9.8815579e-03
-1.0741949e-02
-1.0520188e-02
-7.8451307e-03
-2.6251398e-03
5.9776228e-03
1.3815940e-02
1.9691199e-02
2.2507430e-02
2.2423913e-02
2.0462559e-02
1.6466154e-02
1.0878911e-02
3.2734386e-03
-6.7326206e-03
-1.6612380e-02
-2.3566956e-02
-2.7438342e-02
-3.1222096e-02
-3.4345522e-02
-3.4136109e-02
-2.8916038e-02
-1.7610778e-02
-3.5876927e-03
9.0059174e-03
1.8758887e-02
2.5528868e-02
2.8633696e-02
2.8617284e-02
2.5238392e-02
1.9734763e-02
1.4875068e-02
1.0705753e-02
7.8377126e-03
6.6512218e-03
6.6474193e-03
7.9879445e-03
9.7475337e-03
9.9849551e-03
8.8356159e-03
7.1115507e-03
6.1470779e-03
5.8462911e-03
7.0948785e-03
7.8810570e-03
5.7627680e-03
2.0726842e-03
-2.8962046e-03
-8.0736965e-03
-1.2728208e-02
-1.5670151e-02
-1.7187722e-02
-1.6037108e-02
-1.3489888e-02
-1.1481315e-02
-1.0492081e-02
-1.1594339e-02
-1.3683063e-02
-1.5256803e-02
-1.6509743e-02
-1.8365574e-02
-1.8278903e-02
-1.6492685e-02
-1.3580362e-02
-9.4568915e-03
-2.9385485e-03
4.0240304e-03
9.8560564e-03
1.3731165e-02
1.5577468e-02
1.5816216e-02
1.4855293e-02
1.1788564e-02
7.8791024e-03
3.8677624e-03
3.6167674e-04
-4.7783099e-04
3.2238024e-04
2.0630195e-03
4.9269093e-03
6.8099976e-03
7.7485655e-03
7.9504621e-03
7.8423093e-03
8.2286362e-03
8.7466420e-03
7.8076181e-03
5.0528733e-03
7.6106363e-04
-3.9722613e-03
-6.8753705e-03
-7.7887052e-03
-6.7605136e-03
-4.5729018e-03
-8.3411499e-04
3.9063625e-03
8.0704056e-03
1.1702873e-02
1.3850409e-02
1.5639511e-02
1.5670849e-02
1.2857960e-02
7.8811281e-03
1.8539116e-03
-3.5973810e-03
-5.6820729e-03
-5.5557480e-03
-3.6561696e-03
-2.7520121e-03
-2.8241155e-03
-3.4580869e-03
-5.0042270e-03
-7.8110208e-03
-9.5937601e-03
-9.4023198e-03
-7.9357189e-03
-6.6563407e-03
-4.8613215e-03
-5.4495074e-03
-7.4425751e-03
-1.0707122e-02
-1.4482296e-02
-1.6392426e-02
-1.6347110e-02
-1.4379220e-02
-1.0363482e-02
-5.3653656e-03
-7.3589593e-04
2.4710213e-03
4.1542954e-03
3.8450660e-03
2.0517838e-03
1.0561495e-04
-1.9980742e-03
-2.6667984e-03
-1.5483134e-03
-3.7001404e-05
8.3246097e-04
2.1454268e-03
3.7305034e-03
5.3530530e-03
7.0320937e-03
6.9429477e-03
6.9858601e-03
6.2492393e-03
4.9746724e-03
3.7255800e-03
3.0053240e-03
3.7580791e-03
5.0645105e-03
6.7981060e-03
7.7405681e-03
7.9928653e-03
7.7592536e-03
5.9405525e-03
4.0005911e-03
1.9885736e-03
2.2005248e-04
1.8040317e-04
-9.1561204e-06
-1.9191476e-03
-3.6413647e-03
-4.5765457e-03
-4.8113209e-03
-4.5560279e-03
-3.5714505e-03
-1.8253029e-03
1.7813354e-04
2.7070474e-03
3.9243176e-03
3.8267995e-03
2.7953708e-03
1.2462018e-03
2.9251100e-04
1.6936787e-04
-7.6093196e-04
-5.5177102e-04
-7.3560377e-05
-8.8898465e-04
-9.1249311e-04
-6.0098723e-04
1.1406332e-04
9.7295915e-04
9.1748452e-04
-6.8276622e-05
-1.9353051e-03
-3.6000621e-03
-4.0432256e-03
-4.7720109e-03
-4.7894141e-03
-4.7489753e-03
-4.1574608e-03
-4.9255407e-03
-6.8146790e-03
-8.5604294e-03
-8.7492551e-03
-7.6689337e-03
-6.4731224e-03
-4.7418585e-03
-3.6067979e-03
-9.7610552e-04
4.0317701e-04
1.3064880e-03
2.2602910e-03
4.0147282e-03
6.8278623e-03
9.0388867e-03
9.9996859e-03
9.5951997e-03
8.2613548e-03
7.2584453e-03
3.9264033e-03
1.9930543e-03
8.3712701e-04
3.1105308e-05
2.6961448e-04
2.1141484e-03
4.0893090e-03
5.2882337e-03
6.0719503e-03
5.0747977e-03
2.8341876e-03
-9.2618563e-04
-4.2287157e-03
-6.3052905e-03
-6.6366423e-03
-5.0330917e-03
-1.7454773e-03
1.4259570e-03
4.1547633e-03
5.0874348e-03
4.8249589e-03
3.1139171e-03
4.1201845e-05
-3.0767694e-03
-6.0498521e-03
-8.7788645e-03
-1.0353033e-02
-1.2487390e-02
-1.3590746e-02
-1.3668712e-02
-1.2413470e-02
-8.6820424e-03
-3.7343288e-03
2.2204677e-03
7.9194658e-03
1.1733671e-02
1.3890889e-02
1.4794791e-02
1.4845155e-02
1.3770717e-02
1.2509748e-02
1.1814302e-02
1.1809706e-02
1.2574779e-02
1.3670557e-02
1.4394976e-02
1.2918058e-02
1.0409473e-02
5.1604289e-03
-6.9724251e-06
-5.5785388e-03
-1.1389240e-02
-1.5413988e-02
-1.7540082e-02
-1.8560333e-02
-1.7484472e-02
-1.4761071e-02
-1.1474322e-02
-8.5017198e-03
-7.6818379e-03
-7.7134399e-03
-7.6868192e-03
-7.8117510e-03
-7.1067960e-03
-7.2419548e-03
-8.4317268e-03
-9.7171938e-03
-1.0744719e-02
-9.6818470e-03
-7.4213501e-03
-4.5572800e-03
-7.8619753e-04
3.7461918e-03
6.8283509e-03
8.9410410e-03
1.0912609e-02
1.2087366e-02
1.3594484e-02
1.4681391e-02
1.4543857e-02
1.3697520e-02
1.3211196e-02
1.2680425e-02
8.8920631e-03
5.8288220e-03
2.9684024e-03
1.0988939e-03
-9.5349016e-04
-2.7049584e-03
-2.7271546e-03
-3.1246818e-03
-3.5687193e-03
-2.8094899e-03
-2.6389674e-03
-1.5846271e-03
-7.1858071e-07
1.2062847e-04
9.4564075e-05
2.1993616e-04
-8.6025356e-04
-2.7797296e-03
-5.1194350e-03
-7.4906271e-03
-8.7234400e-03
-1.0390685e-02
-1.1615230e-02
-1.2972745e-02
-1.2597737e-02
-1.0582666e-02
-8.6587858e-03
-5.9103234e-03
-3.7697872e-03
-9.7376559e-04
3.8776169e-04
1.2777702e-03
2.3349583e-03
3.8061588e-03
5.0031851e-03
6.9414842e-03
9.7057202e-03
1.2686144e-02
1.4889937e-02
1.5769301e-02
1.5752094e-02
1.5041525e-02
1.3724119e-02
1.2060488e-02
1.0780841e-02
9.8737033e-03
9.1930204e-03
7.9425981e-03
5.9153076e-03
4.0324895e-03
2.6007735e-03
7.9849522e-05
-1.8945746e-03
-3.7821978e-03
-5.2634991e-03
-6.9648983e-03
-7.9863714e-03
-8.7044056e-03
-8.6676364e-03
-8.6843346e-03
-8.6638048e-03
-8.6327679e-03
-9.4720845e-03
-9.7124560e-03
-9.5097983e-03
-9.4264818e-03
-1.0424924e-02
-9.6223892e-03
-9.6715818e-03
-8.9506725e-03
-7.6705614e-03
-5.7709783e-03
-3.5080587e-03
-8.3133582e-04
1.8773218e-03
4.8417225e-03
7.7703960e-03
9.9740451e-03
1.1685719e-02
1.1804745e-02
1.1450391e-02
9.3096150e-03
6.0777450e-03
3.9974719e-03
2.0236059e-03
8.6867226e-04
-1.5130844e-04
-9.0494162e-04
-8.3685341e-04
-8.3223993e-04
-1.6140747e-03
-2.0546446e-03
-3.0316711e-03
-4.0405096e-03
-4.9965890e-03
-5.9276911e-03
-7.7747828e-03
-9.5050668e-03
-1.0444033e-02
-1.0690136e-02
-1.0404866e-02
-9.4123378e-03
-8.4743440e-03
-6.6917768e-03
-4.7158139e-03
-2.7802587e-03
-8.1272675e-04
1.0982901e-03
3.1200406e-03
5.5735672e-03
6.9683702e-03
9.0102658e-03
9.8948443e-03
1.0655012e-02
1.0935207e-02
1.0645796e-02
9.6525737e-03
8.6195677e-03
7.8875132e-03
7.9064169e-03
8.6300111e-03
9.8903595e-03
1.1899698e-02
1.3097729e-02
1.3797458e-02
1.3881550e-02
1.2807043e-02
1.0879764e-02
8.6075531e-03
5.9656575e-03
3.7544887e-03
1.0580731e-03
-1.6910992e-03
-3.8258456e-03
-5.8581585e-03
-6.7607277e-03
-6.6955806e-03
-6.7195248e-03
-6.7318584e-03
-6.6597949e-03
-6.9751539e-03
-7.6402897e-03
-8.7171485e-03
-9.8887513e-03
-1.0815922e-02
-1.2690208e-02
-1.3567972e-02
-1.4387512e-02
-1.4369863e-02
-1.3324909e-02
-1.1560788e-02
-1.0340590e-02
-8.8514108e-03
-8.6057367e-03
-8.1575225e-03
-8.7167247e-03
-7.8719192e-03
-7.7695254e-03
-6.7405578e-03
-4.7859773e-03
-2.5150858e-03
1.1034058e-04
2.3694135e-03
4.9993385e-03
7.2164173e-03
1.0010712e-02
1.1715933e-02
1.1818128e-02
1.1823377e-02
1.1935927e-02
1.0829949e-02
9.6109901e-03
8.7024157e-03
7.6900104e-03
6.1441921e-03
5.1527812e-03
4.9872919e-03
5.0590622e-03
4.8032086e-03
3.8207506e-03
2.0493146e-03
6.6197635e-05
-1.8945202e-03
-3.1149637e-03
-3.8121691e-03
-3.7761649e-03
-3.8641272e-03
-3.5261636e-03
-2.8280694e-03
-2.6211036e-03
-1.6042017e-03
-5.6503234e-04
9.9771756e-05
9.0372779e-04
1.8406596e-03
2.3481609e-03
3.0980866e-03
2.2911600e-03
1.8178279e-03
1.0968304e-03
2.5105709e-04
9.1124160e-04
1.1334254e-03
1.0630450e-03
1.1085752e-03
1.1333819e-03
2.9607264e-04
6.6324246e-05
1.9536758e-04
5.9789006e-04
2.9966985e-04
1.8935917e-03
2.9048674e-03
3.0236133e-03
3.0481052e-03
3.0845480e-03
2.2119781e-03
2.1252215e-03
1.8558731e-03
3.3973031e-04
-8.5589917e-04
-2.9000302e-03
-4.5764469e-03
-5.6013202e-03
-6.2932136e-03
-5.7074557e-03
-5.7115331e-03
-5.7534115e-03
-5.7729308e-03
-4.9393817e-03
-4.1169072e-03
-2.5000919e-03
-1.2029163e-05
8.8474173e-04
1.8966598e-03
2.0973571e-03
1.9815808e-03
2.3268624e-03
3.0917633e-03
3.0353483e-03
3.0452539e-03
3.0913720e-03
2.3322513e-03
1.0442148e-03
-1.1107786e-04
-1.1333484e-03
-1.8564097e-03
-1.8865219e-03
-1.5882261e-03
-8.5583116e-04
-6.1324911e-05
1.7773664e-04
-8.1421903e-05
-1.0591234e-03
-2.8853605e-03
-4.0707898e-03
-4.7665554e-03
-5.6088463e-03
-4.9326432e-03
-4.8212510e-03
-4.4942801e-03
-3.2959959e-03
-2.8083056e-03
-1.5415400e-03
-9.2482685e-04
1.3479890e-04
1.3556434e-03
2.2944525e-03
3.2632608e-03
4.3382275e-03
5.0105199e-03
4.9799730e-03
5.8491990e-03
5.1815876e-03
5.0379769e-03
4.7666014e-03
3.9863968e-03
4.0395939e-03
4.0051125e-03
4.0713837e-03
4.5085422e-03
4.2646940e-03
5.0184607e-03
5.0210692e-03
5.0176798e-03
4.2592343e-03
3.7937035e-03
2.8458546e-03
1.8628496e-03
5.5375317e-05
-1.0572418e-03
-2.8340792e-03
-4.8521393e-03
-5.9303387e-03
-7.7094837e-03
-9.7279877e-03
-1.0909165e-02
-1.1636976e-02
-1.1619405e-02
-1.0851512e-02
-1.0411928e-02
-9.3711211e-03
-8.6857951e-03
-7.8808564e-03
-6.9442992e-03
-6.4970034e-03
-4.9356236e-03
-4.0406835e-03
-2.8111456e-03
-8.3876887e-04
1.0891549e-03
3.8948842e-03
5.9572951e-03
8.2008131e-03
1.0909982e-02
1.2904526e-02
1.4606828e-02
1.4846993e-02
1.4531527e-02
1.2982289e-02
1.2081998e-02
1.0834660e-02
9.6264927e-03
8.6955559e-03
7.7268665e-03
5.9655806e-03
4.0115754e-03
1.2439234e-03
-9.1481522e-04
-2.8676244e-03
-4.0146728e-03
-5.0387599e-03
-5.7895372e-03
-5.7235982e-03
-5.7176110e-03
-6.4851459e-03
-6.9947992e-03
-7.7077269e-03
-7.7360019e-03
-7.4964572e-03
-6.5201077e-03
-4.6887070e-03
-3.0102158e-03
-1.2301049e-03
-3.9064412e-05
1.6457057e-04
-1.0233795e-04
-1.0840991e-03
-2.1196064e-03
-2.9197738e-03
-2.5392684e-03
-1.8514844e-03
-1.6332236e-03
-6.3799401e-04
3.7898962e-04
1.8746318e-03
2.9319997e-03
3.5896576e-03
3.0819129e-03
2.7897994e-03
2.0346689e-03
2.0182505e-03
2.8590973e-03
3.8439599e-03
4.0612461e-03
4.5421425e-03
4.0568963e-03
3.8230126e-03
2.7516927e-03
2.0118478e-03
2.1351587e-03
1.8543386e-03
8.6302111e-04
-1.0275503e-04
-1.8918995e-03
-3.0300434e-03
-4.8668313e-03
-5.8116272e-03
-5.8093726e-03
-4.7425547e-03
-3.5915549e-03
-1.7828360e-03
-3.4374365e-05
9.0514212e-04
1.1039798e-03
1.1173427e-03
2.6675120e-04
1.1087629e-04
1.6765098e-04
-7.1020966e-04
-8.1096787e-04
-1.1015810e-03
-1.8728695e-03
-1.8345947e-03
-1.8719416e-03
-1.1323260e-03
2.2138583e-04
1.0811924e-03
1.8440114e-03
2.8797338e-03
3.0535226e-03
3.0659883e-03
2.2637046e-03
1.3305452e-03
1.2951915e-04
-1.8673217e-03
-3.9114001e-03
-4.8174667e-03
-4.7718812e-03
-4.0165559e-03
-3.5349950e-03
-2.8248397e-03
-2.0120007e-03
-1.8366706e-03
-1.7806820e-03
-2.1364578e-03
-2.6313172e-03
-2.3513919e-03
-1.8159863e-03
-1.7760480e-03
-2.1326081e-03
-2.0438266e-03
-1.8132298e-03
-1.8533182e-03
-1.8426897e-03
-1.8232390e-03
-1.9005866e-03
-1.6267062e-03
-6.2365627e-04
2.9822334e-04
2.1525849e-03
3.8632530e-03
4.7932450e-03
5.7935047e-03
6.0414241e-03
5.7565158e-03
4.7169604e-03
4.0043118e-03
3.2317894e-03
3.0598598e-03
2.2478602e-03
2.0463431e-03
2.0847295e-03
2.0668343e-03
2.0702264e-03
2.0686799e-03
2.0524479e-03
2.1411359e-03
1.8105713e-03
1.0371207e-03
1.1502468e-03
8.5719956e-04
9.4109941e-05
-6.8730723e-04
-8.2641685e-04
-1.6381332e-03
-2.5853396e-03
-3.0864897e-03
-3.8396009e-03
-3.0401682e-03
-2.5358693e-03
-1.8585353e-03
-1.0727184e-03
-7.7994568e-05
8.7649201e-04
1.8760193e-03
2.8153882e-03
3.2884436e-03
4.0183510e-03
4.7317980e-03
5.3450955e-03
5.7307254e-03
4.8847283e-03
5.3965550e-03
4.1870618e-03
2.2373955e-03
1.0684765e-03
-9.6651866e-05
-1.1495441e-03
-1.9222144e-03
-1.0533600e-03
-8.8594515e-05
3.4985526e-04
1.0624654e-03
1.9564890e-03
1.8234105e-03
1.0693496e-03
3.6318993e-04
-8.9528839e-04
-2.0934893e-03
-3.6412901e-03
-4.5321972e-03
-4.9924526e-03
-6.5847148e-03
-6.7424787e-03
-6.6997664e-03
-6.7301918e-03
-6.7257312e-03
-6.7059127e-03
-6.7824589e-03
-6.5271976e-03
-5.4524958e-03
-4.7730579e-03
-4.0109105e-03
-3.0054168e-03
-2.0567041e-03
-1.0520468e-03
-1.0614486e-04
2.8572443e-04
1.3829578e-03
2.1268505e-03
1.2872347e-03
8.9466311e-04
-1.3043169e-04
-1.7147328e-03
-1.8403559e-03
-1.8796484e-03
-1.6349575e-03
-6.4535140e-04
3.7100026e-04
1.8951403e-03
2.7824051e-03
4.1096049e-03
5.0473409e-03
4.9609989e-03
5.0184792e-03
5.0070397e-03
4.2189238e-03
4.5536825e-03
4.0150436e-03
3.9923085e-03
4.0815142e-03
3.7770808e-03
3.0337851e-03
2.2334479e-03
2.1033774e-03
1.8292734e-03
1.6302017e-03
1.6046832e-03
1.1292269e-03
8.0110134e-04
8.3562849e-05
1.4206306e-04
-6.9880672e-04
-8.8149873e-04
-8.8429112e-04
-8.2561275e-04
-3.3200941e-04
-9.1306253e-04
-1.4352647e-04
3.8144458e-04
1.1051631e-03
1.1184725e-03
3.6256855e-04
-9.1918666e-04
-2.0738036e-03
-3.1029118e-03
-3.8334724e-03
-3.7793742e-03
-3.8707488e-03
-3.5461613e-03
-2.7692064e-03
-2.8819510e-03
-2.5852725e-03
-1.8356686e-03
-1.0258131e-03
-8.8225460e-04
-8.4748181e-04
-3.1419539e-04
-8.8940768e-04
-8.8860453e-04
-8.4929263e-04
-8.8799282e-04
-9.1120023e-04
-4.6424746e-05
1.0794615e-04
6.1633855e-05
9.1352330e-04
1.0463146e-03
1.8506439e-03
2.8572787e-03
3.0162393e-03
3.8496026e-03
3.2221155e-03
3.0484978e-03
2.2655813e-03
1.2442396e-03
1.1061874e-03
3.0590293e-04
8.0983068e-05
-4.0391973e-04
-7.0255483e-04
-7.9593197e-05
1.5223900e-04
6.7074533e-04
6.5526749e-04
1.0538592e-04
-6.5922132e-04
-1.1141955e-03
-1.3745373e-03
-1.0814610e-03
-1.2516994e-04
3.5989141e-04
1.1130081e-03
1.0602800e-03
1.0379536e-03
1.8891202e-03
2.0636481e-03
2.0975378e-03
1.8016565e-03
1.0894193e-03
2.9670253e-04
-6.8804029e-04
-9.2368049e-04
-1.3918263e-03
-8.2748227e-04
-1.5950790e-03
-2.1157479e-03
-2.8463459e-03
-2.8589558e-03
-2.0489895e-03
-1.0720727e-03
-7.7075904e-05
8.4367818e-04
1.3260313e-03
2.1706487e-03
1.7425537e-03
1.1263150e-03
1.4941826e-03
-9.7044054e-04
-2.7149398e-03
-3.5524815e-03
-4.0697050e-03
-4.8012247e-03
-4.7815036e-03
-4.8159727e-03
-4.0292898e-03
-2.9970586e-03
-2.0765816e-03
-1.6505811e-03
-6.1204595e-04
1.1448517e-04
8.8416250e-04
1.0744484e-03
1.8163490e-03
2.2629074e-03
3.3126491e-03
4.0337374e-03
4.0593433e-03
3.7923451e-03
2.8258282e-03
1.7862407e-03
2.4945085e-04
1.0745314e-04
-6.1420536e-04
-1.1705377e-03
-1.8612800e-03
-1.8100119e-03
-2.6590364e-03
-2.8499060e-03
-2.7933890e-03
-2.9018339e-03
-2.5612933e-03
-1.8109734e-03
-1.8930281e-03
-1.0994422e-03
-6.3662495e-05
8.5797541e-04
1.2772099e-03
2.2825370e-03
3.3116007e-03
3.9898567e-03
4.8843466e-03
4.7455071e-03
3.9542269e-03
4.0280373e-03
3.9474156e-03
4.2559476e-03
5.0247662e-03
5.0410416e-03
4.6852357e-03
4.7646336e-03
5.0812887e-03
4.7032533e-03
3.9757232e-03
4.0363493e-03
3.2617890e-03
2.7562050e-03
2.0707638e-03
1.2835810e-03
3.5038777e-04
-9.0747659e-04
-2.1405867e-03
-2.8129734e-03
-3.5718958e-03
-4.1157999e-03
-3.9985245e-03
-3.7821035e-03
-3.8155833e-03
-3.8129072e-03
-3.8057457e-03
-3.7497389e-03
-4.1099088e-03
-3.9907575e-03
-3.8151657e-03
-4.3293275e-03
-4.0665494e-03
-3.9664665e-03
-4.5973101e-03
-4.7998273e-03
-4.8363713e-03
-4.5115067e-03
-3.8363761e-03
-3.5399198e-03
-2.8219605e-03
-2.7787882e-03
-2.3345920e-03
-2.6473545e-03
-1.6239396e-03
-5.8728239e-04
9.7502727e-05
9.0526842e-04
1.1009863e-03
1.0775599e-03
1.0205261e-03
1.3368011e-03
2.0438701e-03
2.8361020e-03
3.8422530e-03
3.9960310e-03
4.7276134e-03
5.2506635e-03
6.0460603e-03
5.7053730e-03
4.9793080e-03
4.2340808e-03
3.2070974e-03
2.2893154e-03
1.7990583e-03
1.0555901e-03
1.0842346e-03
1.0904912e-03
1.0672198e-03
1.0982403e-03
1.1061661e-03
3.2948486e-04
-1.1420597e-04
-1.0838662e-03
-2.1297529e-03
-2.8736043e-03
-2.8573920e-03
-2.0158273e-03
-1.8333919e-03
-1.8675184e-03
-1.8490903e-03
-1.8483577e-03
-1.8498725e-03
-1.8525309e-03
-1.8348182e-03
-1.8629317e-03
-1.8852231e-03
-1.0363529e-03
-8.5648903e-04
-8.9088055e-04
-8.1495109e-04
-1.1681860e-03
-1.0691832e-03
-8.6824393e-04
-9.0997740e-04
-8.1685497e-05
8.3140349e-05
8.9539224e-04
1.1135514e-03
9.7517462e-04
1.4059585e-03
1.8420124e-03
1.0330637e-03
1.0779578e-03
1.0905273e-03
1.0728945e-03
1.0840458e-03
1.0949544e-03
1.0073807e-03
1.3825378e-03
1.8766755e-03
1.5765059e-03
1.1277539e-03
8.0806816e-04
1.2157741e-04
-1.3818629e-04
-8.7268480e-04
-1.6821741e-03
-1.8669986e-03
-1.8206593e-03
-1.8622102e-03
-1.8831219e-03
-1.0394374e-03
-8.3982642e-04
-8.8127203e-04
-1.0449387e-03
-8.0146623e-04
-1.9266670e-03
-1.0553373e-03
-9.0439829e-04
-6.5863990e-04
1.0150947e-04
9.2278786e-04
1.0746434e-03
1.0258842e-03
1.9262164e-03
1.8531022e-03
1.5842715e-03
9.8834264e-04
1.3230061e-03
2.0983505e-03
2.0463242e-03
2.0323663e-03
2.1288704e-03
1.8013228e-03
1.0233037e-03
1.0931711e-03
1.1240963e-03
2.7649430e-04
1.1030412e-05
4.3425063e-04
8.2735941e-04
8.6694683e-04
1.0995161e-03
1.0714436e-03
1.0763874e-03
1.0812723e-03
1.0788971e-03
1.0801541e-03
1.0846457e-03
1.0674625e-03
1.0981646e-03
1.1170281e-03
2.7221175e-04
1.2536432e-04
-9.7210538e-05
-3.4929592e-04
-9.4854786e-04
-6.3623576e-04
1.1315444e-04
8.8987763e-04
1.1541679e-03
8.7149288e-04
-1.9357611e-04
-8.5652588e-04
-1.6374808e-03
-2.6922289e-03
-2.7610159e-03
-3.0636665e-03
-3.8448675e-03
-3.8051141e-03
-3.7776063e-03
-3.8191219e-03
-3.8946358e-03
-2.6978671e-03
-2.5945132e-03
-2.8678597e-03
-2.7986178e-03
-2.8326752e-03
-2.8466685e-03
-2.0830836e-03
-1.5681672e-03
-8.4794274e-04
-8.7060904e-04
-8.6134591e-04
-9.2482687e-04
-6.2538386e-04
1.2501085e-04
8.5790591e-04
1.3427237e-03
2.0502413e-03
2.8815820e-03
3.0394529e-03
2.9898837e-03
3.8375273e-03
4.0497607e-03
4.0180901e-03
3.2774846e-03
2.7623284e-03
2.0373378e-03
2.0647083e-03
2.0666825e-03
2.0589462e-03
2.0625107e-03
2.0626838e-03
2.0619306e-03
2.0626115e-03
2.0660392e-03
2.0518125e-03
2.0770751e-03
2.0894120e-03
1.3119920e-03
8.2552863e-04
1.2488356e-04
-6.9494813e-04
-8.8036620e-04
-8.4963963e-04
-8.6482975e-04
-8.6432214e-04
-8.6266065e-04
-8.6359596e-04
-8.6107482e-04
-8.6478312e-04
-8.6540391e-04
-8.2218607e-04
-1.0859288e-03
-1.3305145e-03
-1.8594041e-03
-1.8472819e-03
-1.8547699e-03
-1.8271511e-03
-1.8090564e-03
-2.6654402e-03
-2.7525559e-03
-3.1261702e-03
-3.5829911e-03
-2.7715434e-03
-2.7982619e-03
-2.8962205e-03
-2.5540100e-03
-1.7949235e-03
-1.8431605e-03
-1.8395072e-03
-1.8170861e-03
-1.9056938e-03
-1.5658090e-03
-8.5008644e-04
-8.0046351e-04
-3.5782448e-04
-8.6851106e-04
4.7983612e-04
8.3162492e-05
8.4763393e-04
1.8315901e-03
3.1112590e-03
4.0398994e-03
4.7948923e-03
4.9557833e-03
5.8480357e-03
5.8041775e-03
4.6617629e-03
4.0522382e-03
3.7677975e-03
2.9810070e-03
3.1123292e-03
2.7778779e-03
2.0173931e-03
2.1181354e-03
1.2956571e-03
2.5393404e-04
1.1426058e-04
1.1560835e-04
1.2936108e-04
1.5115481e-04
-7.0953105e-04
-8.0830328e-04
-1.1004857e-03
-1.8963247e-03
-1.7616927e-03
-2.0896462e-03
-2.8771828e-03
-2.7417216e-03
-3.0703564e-03
-3.8388450e-03
-3.7885174e-03
-3.8302542e-03
-3.5757886e-03
-3.3268082e-03
-2.7960215e-03
-2.8072809e-03
-2.8143864e-03
-2.7976396e-03
-2.8723160e-03
-2.5688469e-03
-1.8180213e-03
-1.1002155e-03
-5.7238991e-04
7.5354965e-05
3.7289134e-04
1.1323962e-03
1.0918562e-03
1.1041545e-03
1.0823406e-03
1.0633539e-03
1.9066330e-03
2.0360957e-03
2.3509840e-03
2.2817041e-03
2.0387554e-03
2.1553345e-03
1.8056266e-03
1.1288492e-03
8.3088976e-04
9.9083530e-05
1.5629940e-04
-6.8774019e-04
-8.6782380e-04
-8.5363289e-04
-8.9481447e-04
-4.7580535e-05
1.3843425e-04
1.0252804e-04
1.3584384e-04
4.9969827e-05
3.7543302e-04
1.1383257e-03
1.0946062e-03
1.0895266e-03
1.1028668e-03
1.1129428e-03
1.0276579e-03
1.3560265e-03
2.1174032e-03
2.0753034e-03
2.0742476e-03
2.0661167e-03
2.1322048e-03
1.8943130e-03
8.0113622e-04
7.0474940e-05
2.0253472e-04
-1.3734687e-04
-8.8760811e-04
-8.6558897e-04
-8.9051621e-04
-5.0315116e-05
1.5651192e-04
3.2589652e-05
3.7899040e-04
1.1392629e-03
1.0971829e-03
1.0966728e-03
1.0775543e-03
1.1875809e-03
8.6527500e-04
-6.6980616e-04
-1.0544145e-03
-2.1070940e-03
-2.8361643e-03
-2.8137275e-03
-2.8327057e-03
-2.0183526e-03
-1.7914321e-03
-1.3322483e-03
-1.0461861e-03
-8.5622747e-04
-8.2520150e-04
-1.0820385e-03
-1.3809072e-03
-1.5612715e-03
-1.6358652e-03
-1.8569369e-03
-1.8242787e-03
-1.8344487e-03
-1.8342360e-03
-1.8167895e-03
-1.9065378e-03
-1.5745685e-03
-8.0209168e-04
-9.2833388e-04
-5.8801317e-04
9.4560031e-05
3.8999885e-04
1.1212169e-03
1.0675296e-03
1.9038055e-03
2.0869651e-03
2.1302686e-03
1.8202160e-03
1.0613233e-03
1.1006157e-03
1.0888473e-03
1.1648659e-03
8.4191091e-04
8.0043970e-05
1.2450505e-04
1.2630123e-04
1.1694019e-04
1.2037716e-04
1.2077722e-04
1.2469312e-04
1.0393537e-04
1.4267420e-04
1.5302567e-04
-7.2483787e-04
-1.7792351e-04
7.6219051e-04
4.5272680e-04
3.3419911e-04
1.1679201e-03
1.1138237e-03
1.0851361e-03
1.0692295e-03
1.4380559e-03
5.0500448e-04
8.5888341e-05
2.0332018e-04
-9.3211461e-05
-3.2228503e-04
-8.7969605e-04
-8.9706007e-04
-1.2813392e-05
8.3281929e-05
1.7405870e-04
1.2325744e-03
6.9205634e-05
1.0541189e-04
1.5527758e-04
-6.2491868e-04
-1.1344605e-03
-1.8559420e-03
-1.8296710e-03
-1.8302196e-03
-1.8347806e-03
-1.8200409e-03
