0.01
8.4074543e-04
4.6711280e-03
4.5945942e-03
-1.2745150e-03
-2.9683471e-04
-1.1202046e-05
1.8636333e-03
9.2298399e-03
1.5747769e-03
-6.8408928e-03
-3.9648294e-03
1.4555155e-03
5.5814047e-03
-2.5461650e-03
-1.0156598e-02
-1.3471550e-02
-9.5765967e-03
3.0152911e-03
9.8586871e-04
-6.0384890e-03
-1.0012011e-03
2.4491373e-02
2.3080692e-02
-7.7592958e-03
1.2651627e-04
-1.4283797e-02
-4.7859931e-03
4.2032245e-02
-7.0957273e-03
-3.4838213e-02
-2.3436898e-02
-1.6824841e-02
2.8532957e-02
1.1539619e-02
5.1547683e-04
5.5009181e-03
-3.2536821e-02
3.0310862e-03
1.3775108e-02
-1.4594095e-02
2.5860876e-02
4.5428103e-03
-2.3898560e-02
-2.7329923e-03
-1.6999161e-02
2.1609119e-03
1.6281230e-02
7.5949323e-03
1.0328370e-02
1.7172786e-03
1.2972740e-02
-5.9283541e-04
-1.0275043e-02
4.3080576e-04
-6.6472977e-03
6.7942666e-03
-5.4916661e-03
-1.2550778e-02
1.8565003e-03
3.7216500e-03
1.6123813e-02
-3.1013969e-03
-1.6749585e-02
8.1995624e-04
2.2135746e-02
9.7852426e-03
-1.3202549e-02
6.9980640e-03
-2.1072594e-02
-8.9167491e-03
2.6424020e-02
-3.4851249e-02
1.4670087e-03
3.6442573e-02
-2.5155361e-02
4.6672589e-03
1.0808329e-02
-2.6985750e-02
1.3744976e-02
1.8858799e-02
-3.2317968e-02
-1.8763215e-02
2.2917082e-02
3.8683024e-03
-5.1761735e-03
6.1913370e-03
-1.3585135e-03
2.0997057e-02
3.7305377e-02
-1.6637010e-03
-2.4233682e-02
-1.2003201e-02
-2.4221524e-02
-4.3908636e-03
1.2375720e-02
-1.0650245e-02
-1.5768991e-03
-7.4279401e-04
5.6930225e-03
1.0883191e-02
-1.7060345e-03
1.1181550e-02
3.2887141e-03
-1.5211024e-02
8.6015691e-03
3.9114477e-03
-2.1990769e-02
1.5692783e-02
1.0118990e-02
-2.5607492e-02
6.5465161e-03
6.2677235e-03
-9.8662044e-04
1.1893747e-02
-1.2484787e-02
-8.4891792e-03
1.8299940e-02
1.1380035e-02
2.2257304e-04
-1.6254388e-02
-3.1545334e-02
4.3281445e-03
1.9608459e-02
8.0873107e-03
-6.2234636e-04
-1.7907772e-02
7.8278924e-03
1.0945717e-02
1.2482884e-02
-6.1254847e-03
-4.2968853e-02
2.8601224e-03
1.2864998e-02
1.4708687e-02
1.3923583e-02
-3.6381858e-02
-1.6817838e-02
2.9552583e-02
2.0603254e-02
1.2590582e-02
4.0355153e-03
-4.6393180e-02
-1.6459271e-02
3.2799936e-02
4.6835088e-03
9.5844381e-03
-1.1111659e-02
-2.8945937e-02
7.8607805e-03
2.4378576e-02
3.7416762e-02
6.3652100e-03
-3.4648485e-02
-8.6689708e-03
-2.9510304e-03
4.9438974e-03
2.4031233e-02
-1.3755439e-02
-2.5267851e-02
1.1131423e-03
7.3448009e-03
-7.2502997e-03
2.2887160e-03
8.1044623e-03
-9.1815336e-03
1.5647670e-02
2.4983870e-03
-1.7439952e-02
1.6719361e-02
2.8231447e-03
-2.0733631e-02
7.2574559e-03
4.5012314e-03
-3.5211260e-03
1.9365255e-02
-1.5714000e-02
-1.0493635e-02
2.1672338e-02
6.0165657e-03
-4.2137351e-03
-2.1069005e-02
9.1123624e-03
1.0013507e-02
-7.4035298e-03
1.5850335e-02
-1.9516829e-02
-3.0215269e-02
1.3096392e-02
6.8453652e-03
-1.0258313e-02
3.1429891e-03
6.0042389e-03
1.4372433e-02
6.4716205e-03
-1.2387245e-02
9.7419470e-03
-1.4003222e-03
-2.1449381e-02
-5.7335936e-03
-1.8875090e-02
-4.9055648e-03
3.4957823e-02
1.1028435e-02
-2.0788092e-02
-2.0454031e-02
-3.4647633e-04
7.4035467e-03
1.0766740e-02
2.7059677e-02
-3.4097885e-03
1.1351300e-02
2.5707301e-02
-2.1964789e-02
-7.1216581e-03
7.3482916e-03
4.0530902e-03
3.4708143e-03
-1.3527674e-04
-7.7728680e-03
-1.4190070e-02
1.3116755e-02
-5.2090217e-03
9.4552103e-03
4.2745095e-02
1.1043086e-02
4.0916549e-03
2.0758913e-02
6.1029666e-02
5.7248474e-02
3.9463953e-02
2.8637701e-02
7.5667133e-03
5.5877488e-02
7.4746042e-02
3.6726534e-02
-1.5828062e-02
-7.0476083e-02
-8.1623481e-02
-5.1433377e-02
-4.3243323e-02
-7.5637759e-02
-1.0654574e-01
-9.3918905e-02
-2.3245784e-03
6.5926055e-02
1.9522402e-02
-8.6420736e-03
5.4614954e-02
1.1786021e-01
1.3622834e-01
6.2265092e-03
-1.0596212e-01
-6.7788182e-03
6.5782490e-02
1.0300365e-02
-5.5976488e-02
-5.5248166e-02
-5.1141078e-02
8.4686454e-03
7.0521617e-02
-4.8147166e-03
8.1666848e-03
5.7943217e-02
-4.5647042e-02
-2.0874941e-01
-2.4838642e-01
-1.4559892e-01
-1.2677937e-01
-1.4389387e-01
-3.8177518e-02
8.8069516e-02
1.4672568e-01
1.7692927e-01
1.3266424e-01
-2.7672975e-02
-4.6292929e-02
1.2753808e-01
1.8815492e-01
5.9307387e-02
-7.6667055e-02
8.0707960e-03
1.1115247e-01
4.4624738e-02
3.0838292e-02
5.9716657e-02
4.2090714e-02
-4.0688170e-02
-6.7220332e-02
-2.0250163e-02
-3.1880323e-02
-5.6021085e-02
-1.0111186e-01
-1.8365411e-01
-1.5454025e-01
6.8545211e-02
1.4153534e-01
-1.5652508e-03
-5.6292847e-02
-8.4984218e-04
2.7657051e-02
3.7629872e-03
2.2679399e-02
4.2235309e-03
-4.8781163e-02
-5.8916127e-02
-1.3081835e-02
4.1122358e-02
4.1190348e-02
5.1787945e-02
8.1971022e-02
5.8937650e-02
4.3913152e-02
7.6104572e-02
-4.4693631e-02
-1.4789229e-01
-5.7129216e-02
-3.2277223e-02
-9.2831769e-02
-4.8535973e-02
9.0630360e-02
1.3216233e-01
5.6794664e-02
-2.7030647e-02
-6.5276913e-02
2.6522141e-02
5.4863049e-02
-7.2142122e-02
-3.9252388e-02
2.6538286e-02
2.3918260e-03
5.2361311e-02
6.6986990e-02
2.7222360e-02
-2.5923061e-02
-1.0482029e-01
-7.7898988e-02
1.8907155e-02
-1.3216654e-02
-2.1972081e-02
1.8077991e-02
-3.8767719e-02
-4.8199720e-03
1.0079022e-01
8.2368723e-02
-3.2806498e-02
-7.3683076e-02
-3.9036255e-02
-5.8545388e-02
-1.3615658e-02
9.7396833e-02
9.0380070e-02
1.9830526e-02
3.1802532e-02
5.3720729e-02
-3.1413662e-02
-5.0456556e-02
-1.1600284e-02
-3.0011334e-02
1.1446953e-02
-8.0891481e-03
-6.1103718e-02
1.3020014e-02
3.0829606e-02
-1.0082867e-02
-2.2565932e-02
-2.6600660e-02
1.4554523e-02
1.4805780e-02
-1.4940492e-02
8.7368804e-03
4.8369521e-02
6.0539608e-02
6.2910308e-02
3.9494828e-02
-4.1437900e-02
-5.7998994e-02
-1.4404552e-02
7.0242359e-03
2.3978073e-02
1.3220603e-03
-3.3731557e-02
-1.8560444e-02
-3.2056892e-02
-4.5476614e-02
3.6578887e-02
3.6986633e-02
-9.9732794e-03
1.4062082e-02
-1.6934967e-02
-2.8771184e-02
2.5741050e-02
4.6045735e-02
6.9429559e-03
-1.6240639e-02
-2.2163306e-02
-2.7344167e-02
9.5820053e-03
1.9005428e-03
-1.6002676e-02
3.2555814e-03
2.1569015e-02
4.0050713e-02
1.5332610e-02
-1.1425551e-02
-6.8315249e-03
-3.3793844e-02
-4.1592294e-02
5.7361276e-04
8.6892195e-03
1.6500584e-02
3.0867789e-02
8.8035481e-03
-1.4967262e-02
-2.7851806e-02
-9.3745707e-05
4.0988700e-02
2.3832794e-02
-8.6254546e-03
-8.1785863e-03
2.9167754e-03
-3.1842207e-03
4.3972345e-04
-4.9407379e-03
-2.7184258e-02
-4.9728335e-03
9.7605260e-03
1.3273940e-02
1.3459106e-02
-1.0185031e-02
-3.8963266e-04
2.7623293e-02
1.2612088e-02
-2.3413510e-02
-1.6829562e-02
-9.6392180e-03
6.4203128e-03
4.7895311e-02
2.1397332e-02
-2.4089416e-02
-2.3120094e-02
-2.9218621e-02
-6.8721681e-03
6.4640432e-02
4.7449012e-02
-1.9530145e-02
-2.9163737e-02
-3.9370110e-02
-3.9040989e-02
-2.3473336e-02
4.9194178e-03
2.3463977e-02
8.0015361e-03
-2.1981901e-03
-8.6596438e-03
-6.7352427e-03
-1.1147331e-02
1.8619861e-03
2.4486663e-02
9.3028269e-03
-1.0270878e-02
-3.8109253e-04
1.0812075e-02
-3.0030496e-03
3.4320053e-03
1.5289303e-02
1.1972834e-03
-8.8326595e-03
-2.4866744e-03
-2.2923924e-03
-8.4619479e-03
3.2692464e-03
1.3527276e-02
-4.4053982e-04
-2.3651293e-02
-3.4057077e-02
-2.3534117e-02
1.3531262e-02
2.4281169e-02
1.1196035e-03
2.9234089e-03
-2.6209489e-03
-2.3071868e-02
-8.8733076e-03
1.0119829e-02
1.3329000e-02
1.4340103e-02
-3.8193107e-03
5.6792512e-03
1.7880293e-02
-6.8340114e-03
-1.8789116e-02
-2.7518051e-03
3.2739944e-02
1.4306294e-02
-1.1586429e-02
1.4256156e-02
2.0439075e-03
-1.6669296e-02
3.2198556e-03
4.4975983e-03
-1.0062180e-02
3.0198742e-03
1.7275979e-02
-4.5396647e-03
-1.2580446e-02
-3.2057081e-03
6.5712681e-03
1.2500011e-02
-6.9513892e-03
6.5163831e-04
1.2438287e-02
1.7294775e-02
1.9894131e-02
1.3896426e-03
-3.2989617e-03
-1.6660761e-02
-3.0858792e-03
1.9537278e-02
1.6376672e-03
-9.1450962e-03
-9.2453717e-03
9.1276235e-04
-4.0641319e-03
-1.5454241e-02
-6.6114535e-03
-8.4935047e-03
-5.8840833e-03
9.4085731e-03
1.1600183e-02
2.1625823e-03
-8.8535268e-04
1.0608880e-03
-9.7076320e-03
-2.0411581e-02
-1.3551688e-02
-1.5629708e-03
5.1503082e-03
8.8219200e-03
1.0128340e-02
1.0798730e-03
3.1396824e-03
8.4133904e-04
-1.2931055e-02
3.7834893e-03
1.5670033e-02
9.1825091e-04
-1.5931894e-02
-1.6124468e-02
-9.8641347e-03
-1.0388109e-02
-2.3347951e-03
4.5777038e-03
1.2249670e-02
1.1722087e-02
-1.1308058e-02
-1.1770311e-02
8.4411253e-03
-4.7719714e-03
-1.2137987e-02
9.3473934e-03
-6.0721274e-03
-5.1833296e-03
2.5891773e-02
8.7427024e-03
-1.8864207e-03
2.1371022e-03
-2.2054786e-03
3.5113199e-03
7.1288060e-03
1.8414511e-05
-2.5306845e-02
-1.3339018e-02
1.8774915e-02
1.1466063e-02
7.4055049e-03
-5.6097012e-03
-1.7276326e-02
4.6190795e-03
1.7885961e-03
-1.2099646e-02
-2.4328205e-03
3.1301473e-03
2.4242349e-03
3.1263469e-03
6.0248174e-03
1.9671079e-03
-4.2905685e-03
-9.1650994e-03
-1.5238749e-02
-4.4349068e-03
7.4801238e-03
5.4332266e-03
5.2427415e-03
9.3974403e-05
-1.4372177e-02
-6.3984373e-03
1.0645038e-02
1.7664649e-02
1.7410542e-02
2.1855116e-04
-4.7140859e-04
4.5647370e-03
-3.8885385e-03
-7.7472180e-03
-8.2871455e-03
8.7393811e-04
1.2638309e-03
3.7961466e-03
8.7838640e-03
-5.1284974e-03
-3.9255816e-03
-7.1982989e-04
8.0024271e-04
2.8446686e-03
-2.4562199e-03
5.6491302e-03
5.1859478e-04
4.3390990e-03
1.8027549e-02
3.3722279e-04
-1.3260477e-03
9.6282064e-03
8.8425297e-03
3.1521270e-03
-1.1067706e-02
2.0808179e-03
2.2350747e-02
1.4995746e-02
8.7221161e-03
1.0897203e-02
-5.1980332e-03
-2.1790465e-02
1.3190624e-03
1.2811723e-02
-6.4005758e-03
-8.3477683e-03
-1.0387639e-02
-1.3962397e-02
-2.6913656e-03
3.8627645e-03
1.0938130e-03
-1.9349413e-03
4.9091761e-05
-5.1528516e-03
3.5135051e-03
1.0775066e-02
-3.7693303e-03
8.1470294e-03
8.6645443e-03
-8.2566336e-04
-1.2130899e-03
-1.4030786e-02
-1.1005453e-02
-7.1596901e-03
-6.3685087e-03
-6.2169585e-03
-9.0968201e-03
-1.5196218e-03
1.3373074e-02
1.3619392e-02
-4.2507834e-03
-9.9070018e-03
-1.3225565e-02
-1.4460959e-02
-1.1311802e-02
-7.4567338e-03
3.1530155e-03
-8.7996207e-03
-2.1799824e-02
3.7918826e-03
1.7935177e-02
6.3448971e-03
9.9743473e-03
3.6143066e-03
3.4132240e-04
5.7772371e-03
-7.6497037e-03
4.8320307e-03
1.0520152e-02
-1.0792410e-02
1.7586432e-03
1.4940212e-02
3.7645147e-03
3.2278153e-03
6.7066634e-03
-2.0941556e-03
-1.1303100e-02
-6.1045785e-03
5.7096071e-03
4.9045588e-03
-2.6166178e-03
-9.7670818e-03
-1.4843682e-02
-1.2065807e-02
-7.6090908e-03
1.6560654e-03
4.7961064e-03
-2.7066486e-03
-1.5335498e-03
5.0321649e-03
1.8087483e-03
-3.0502101e-03
4.8959914e-03
1.1718280e-02
1.0365139e-02
2.1283656e-03
-1.0921216e-02
-7.4913655e-03
1.2120700e-02
1.1687504e-02
-8.5011448e-03
-1.5703645e-02
-6.4601394e-03
3.7355966e-03
1.7663738e-03
-5.6919413e-03
-4.7389532e-03
2.8760378e-03
-7.3632336e-04
-5.1470841e-03
4.0012747e-03
8.1339975e-03
7.9516781e-03
3.9334701e-03
-6.6891418e-04
3.8134408e-03
5.0266114e-03
1.4860379e-03
-2.3346593e-03
-1.0184198e-02
5.7813238e-03
1.6614032e-02
-1.0968169e-02
-9.5133250e-04
2.2530806e-02
1.1434303e-02
-1.8295014e-03
-1.7000425e-02
-1.1129227e-02
4.5715539e-03
5.5834153e-03
7.2763094e-03
6.0593369e-03
9.1399346e-03
1.1155493e-02
-1.8093866e-03
-1.3884328e-02
-1.1806478e-02
-3.9590318e-03
2.3104165e-03
1.1979900e-02
1.3220418e-02
2.0714989e-03
-2.0232447e-03
7.5633885e-04
-5.3930872e-03
-9.2189121e-03
-1.7708559e-03
-2.3895985e-03
7.8500672e-04
7.8558932e-03
-8.9573830e-04
-3.7119789e-03
5.4851877e-03
6.3903173e-03
-5.9208774e-03
-1.4238365e-02
-9.1579700e-03
2.9615069e-04
3.8228569e-03
-1.7418231e-03
2.0720335e-03
3.5776720e-03
-3.3355893e-03
-4.1499436e-03
-1.0658308e-02
-5.4975791e-03
4.2657220e-03
4.5988297e-03
6.3910489e-03
-2.8083142e-04
-1.4748244e-03
5.9758906e-03
-1.5796257e-04
-1.1603338e-02
-4.5681557e-03
6.5817095e-03
4.5701356e-03
9.2624850e-04
4.6705964e-03
6.1437596e-03
-3.0027038e-03
-4.9542648e-03
1.6416460e-03
5.4015669e-03
1.4317869e-03
-4.0721206e-03
-9.2343724e-03
-1.8343043e-02
-6.2832983e-03
1.2055772e-02
9.3817768e-03
7.5908833e-03
1.6623274e-03
-1.0330571e-02
-1.9162312e-03
1.3193157e-02
6.9734623e-03
-3.9701599e-03
-6.9605520e-03
-8.9096442e-03
2.0751855e-03
5.4231823e-03
-2.5978491e-03
7.2873769e-03
1.8209915e-02
8.3326612e-03
-7.8501261e-03
-9.4345828e-03
-8.3906260e-03
-4.8802525e-03
2.5882580e-04
-1.3892522e-03
-1.7214143e-03
-4.0189186e-04
2.1528330e-03
-4.5188575e-03
-2.0127506e-03
-4.7270074e-03
-1.2980874e-02
5.3591459e-03
7.2647437e-03
4.2608676e-03
8.8024756e-03
-1.9455348e-03
-1.9005271e-03
1.8299570e-03
-7.3090997e-03
-2.4562006e-04
8.3075472e-03
-4.1853957e-03
3.4094641e-03
5.3662890e-04
-1.5190744e-02
3.8415131e-03
6.3278688e-03
-4.9834274e-03
2.1051210e-03
2.4602587e-03
-3.0459279e-03
2.9468151e-03
4.4678365e-03
-5.5556510e-03
-2.5451319e-03
1.6741915e-03
7.7468884e-03
7.9523736e-03
-4.2623448e-03
3.5598855e-04
2.8085395e-03
2.4699203e-03
4.2723947e-03
-2.1398729e-03
-2.3244715e-03
-5.6263880e-04
3.9136387e-03
6.0192162e-03
-5.7410373e-03
-1.1851341e-02
-7.8876424e-03
-2.0371452e-03
3.7833455e-03
3.3355256e-03
1.4010568e-03
-1.6759363e-03
-1.3823309e-03
1.7047237e-03
1.7544792e-03
-1.1519709e-03
-7.7600401e-03
-2.7256045e-03
1.4551663e-03
-3.5509858e-04
3.6158170e-03
2.1149225e-03
-3.8003395e-03
-1.1485413e-02
-1.0785011e-02
3.1036082e-03
9.3812225e-03
-1.3481764e-03
-1.0720430e-03
1.0158915e-02
2.8436055e-03
-3.6670744e-04
-1.1187700e-03
-8.9979354e-03
2.2485960e-03
1.1144938e-02
7.9312070e-03
2.5663166e-03
-3.0921812e-03
2.5042106e-03
2.2983415e-03
-3.7629645e-03
-1.4767784e-03
-1.5485680e-03
-2.3868517e-03
7.7488712e-03
6.7447924e-03
-5.2015771e-03
-2.1834615e-03
-3.8055213e-03
-8.6603017e-04
5.4911583e-03
4.4151020e-03
8.1127309e-03
3.6539216e-03
5.8272985e-03
5.4938892e-04
-1.2251215e-02
-3.8045897e-03
-2.0919448e-03
-5.1672287e-03
-2.1027739e-03
1.5340567e-04
5.6954821e-03
1.3572683e-03
6.9978305e-04
-2.5711125e-03
-1.3435920e-02
-6.4652522e-04
4.3810734e-03
1.2679966e-03
3.1747367e-04
-1.1403088e-02
-8.5581740e-03
-3.6902932e-03
2.3322663e-03
1.3253664e-02
5.0647489e-03
-2.5680977e-03
-2.2051735e-03
-7.9275127e-05
6.7293396e-03
-7.6543936e-04
-7.5541170e-03
-4.4486803e-04
-6.2756754e-04
-1.4464799e-03
-3.3519637e-05
-2.7061852e-03
3.9777173e-04
2.2313921e-03
-6.6952441e-05
1.1695774e-03
4.7069188e-03
6.5111024e-03
-1.6443883e-03
-3.5070695e-03
1.4677330e-03
-3.2290389e-03
-1.4244754e-03
-5.4422470e-04
-3.1694117e-03
1.6179454e-03
1.7459495e-04
1.2248189e-03
8.0400807e-03
3.6616051e-03
-3.7575879e-03
-3.0816850e-03
5.7416287e-04
1.7544781e-03
-3.2478658e-03
-3.3405459e-03
-2.9907075e-04
-5.3969407e-04
1.8083875e-04
-3.3227017e-03
-1.6429119e-03
6.3294975e-03
9.4165521e-03
3.0604992e-03
-1.2607433e-04
-1.1373698e-03
-4.3814874e-03
3.5443931e-03
2.2303743e-03
-1.3403958e-03
-7.1349074e-04
-6.0593896e-03
9.3667056e-04
-4.7154571e-04
-6.8080374e-03
6.1589275e-03
1.3115865e-02
7.1020380e-03
3.5316477e-03
2.5142751e-03
-6.9548526e-03
-1.1083591e-02
3.3215949e-03
3.8552521e-03
-6.8705383e-03
-3.5629931e-03
3.4615542e-03
5.9323370e-03
2.4515863e-03
5.8339766e-04
-1.7977494e-03
-8.2609139e-03
-1.9481653e-03
8.5591712e-04
-1.7398331e-03
3.6605674e-03
8.9617331e-04
4.0326057e-03
4.1249022e-03
-5.6566344e-03
-6.5818987e-03
-8.3891248e-03
-4.6575010e-03
-1.7020569e-03
-2.1891889e-03
5.6903525e-03
3.8238732e-03
-1.2656414e-03
2.7631982e-03
5.1341767e-07
-3.9328030e-03
-1.8135514e-03
-3.0715324e-04
8.7677052e-04
-2.4252708e-03
-3.8796362e-03
1.7273911e-03
-4.8131379e-04
3.4867532e-03
1.1977249e-02
6.1827726e-03
9.4455529e-04
-8.0059164e-03
-9.7725008e-03
-1.3503743e-03
3.7518504e-04
5.7024686e-03
9.2990633e-03
-2.6195786e-03
-9.4078762e-03
1.0704522e-03
-2.1803123e-03
1.4905053e-05
1.1856058e-02
-2.0900746e-04
-6.0718528e-03
-1.1373120e-03
-1.5027089e-03
2.4376308e-03
3.2058322e-03
-2.6700432e-05
-2.2555361e-03
-3.6703035e-04
4.5405427e-03
1.3195948e-03
2.0188574e-03
5.4665594e-03
7.0977478e-04
-9.6185242e-04
-3.6857946e-03
-2.6914052e-03
5.4082470e-03
4.7382276e-03
1.2065801e-03
-3.9748529e-03
-1.0451691e-02
-6.7305125e-03
9.0252036e-04
7.1336060e-03
6.5101157e-03
-7.2618963e-04
-7.1038925e-03
-4.8346086e-03
2.9057258e-03
-2.1317520e-03
-2.4525189e-03
5.9137729e-03
4.6198853e-03
-2.8598200e-04
-3.2144618e-03
-2.3330714e-03
-6.4855487e-03
-8.3742478e-03
-1.8778519e-03
3.4760197e-03
6.7862239e-03
1.7876785e-03
-4.9926426e-03
-1.2936840e-03
3.9249687e-03
-2.1541889e-03
-5.9707078e-03
-5.7505500e-04
6.2007388e-04
2.0423402e-03
1.0039629e-02
1.1665673e-02
4.5471147e-03
1.9933358e-03
-2.1562928e-03
-7.1502802e-03
-2.7093264e-03
3.5054267e-03
6.6954152e-03
4.0488301e-04
-7.1949182e-03
-1.9285969e-03
1.8552718e-04
-8.1836129e-04
2.9789730e-03
6.1548828e-04
-6.0630387e-03
-6.1479320e-03
1.3077210e-03
4.3013382e-03
-1.0322159e-03
-4.8460760e-03
-4.4151621e-03
-5.8078050e-03
1.0950075e-03
9.8099821e-03
4.1015373e-03
1.1865415e-03
5.4311040e-04
-2.5128018e-03
-3.4177448e-03
-1.8847584e-03
2.1697199e-03
4.8670709e-03
3.5887563e-03
-3.9001348e-03
-3.7994818e-03
1.0646011e-03
-4.0799573e-04
-4.4581091e-03
-6.5861001e-03
-1.4409440e-03
5.8086521e-03
5.4343295e-03
4.8212338e-04
2.8024300e-04
-1.3678346e-03
-5.4506132e-03
-3.7996899e-03
3.3541895e-03
2.2232485e-03
-1.6608798e-03
4.4855044e-03
2.2046324e-03
-3.5155870e-03
2.2002531e-04
2.7449341e-03
7.2690358e-04
2.1299409e-04
2.9845405e-04
-1.3551310e-03
-1.8367550e-03
3.9727212e-03
6.8823963e-03
-1.3587451e-03
-2.4433470e-03
-1.6348834e-03
-1.4812442e-03
6.0410689e-03
2.9262835e-03
-3.3509545e-03
1.1099145e-04
-2.7225697e-04
-1.7258622e-03
2.9080447e-03
3.2046126e-04
-4.6336439e-03
-7.5483616e-04
5.5939967e-03
4.6218241e-03
-5.0799480e-03
-8.6964869e-03
-2.8959366e-03
3.3455947e-03
3.5484217e-03
3.5045390e-04
-1.4252459e-03
-6.7869428e-04
1.9128746e-03
2.2495912e-03
8.9113306e-04
-4.2747265e-03
-3.4674022e-03
2.1006931e-03
2.7169635e-03
2.9287166e-03
-5.3380176e-04
-3.6295957e-03
-2.9153294e-03
-8.6026835e-04
-4.6805852e-03
-5.2837543e-03
8.4726849e-03
8.5494090e-03
-1.2288985e-03
7.5969260e-04
1.3468343e-04
-3.5916258e-03
-1.8656862e-03
2.1971486e-03
3.7122834e-03
2.9761744e-03
8.1931673e-04
-4.5991287e-03
-4.5404465e-03
-1.3939480e-03
1.1438752e-03
2.5408834e-03
7.9594975e-04
1.1131053e-03
7.1656310e-04
8.2804155e-04
2.0835004e-04
-1.4528314e-03
3.0691309e-04
2.4231266e-03
8.1075323e-04
-4.3375622e-04
-4.2179283e-04
-5.7885314e-04
2.0795657e-03
1.1091025e-03
2.1790784e-03
2.7322975e-03
-3.9768089e-04
2.1131746e-03
-2.4833218e-03
-4.9480305e-03
-3.0538725e-04
-1.1005595e-03
2.1710926e-03
1.7010536e-03
-3.3292070e-03
-3.1810750e-03
-3.3886525e-03
4.6964482e-04
6.9926293e-03
2.0546671e-03
-4.6362039e-03
-1.8362988e-03
-3.4763997e-03
-4.7554734e-03
1.2353713e-03
5.9315704e-03
4.5932434e-03
-1.1600208e-03
-1.4790779e-03
-2.0567982e-03
-9.4752307e-03
-5.3390888e-03
5.5270453e-03
4.7487755e-03
5.8250186e-03
5.2005794e-03
-3.5719419e-03
-4.8210091e-03
-2.1168208e-03
-3.3003677e-03
3.9213454e-04
2.9698399e-03
-3.3835533e-03
-4.3809841e-03
1.3109356e-03
4.6463990e-03
2.2196510e-04
-1.2348683e-03
2.9770494e-03
9.2578433e-04
-2.5534462e-03
-2.0883472e-03
1.2554725e-03
-1.8958626e-04
-1.0588249e-03
-5.7218005e-05
1.0146572e-03
1.2714203e-03
-2.8212333e-03
-5.3447653e-04
-2.2472733e-04
-5.7413826e-05
3.6459136e-03
3.2102493e-03
8.7715142e-04
-3.0360332e-03
-2.9127798e-03
-4.0967063e-03
-3.8809646e-03
2.2857408e-03
5.6170262e-03
3.8206261e-03
-1.5885132e-03
5.6036592e-04
1.3186927e-03
-3.0060361e-03
3.4537071e-03
2.2984577e-03
-1.0216246e-03
2.8588929e-03
-4.6017004e-03
-4.8421328e-03
-1.3415877e-04
-2.2461963e-03
1.5929199e-03
3.8437830e-03
1.2430960e-03
1.3724268e-03
-2.4579551e-03
-8.2043821e-03
-1.5264273e-03
3.7653432e-03
4.9532561e-03
6.3310833e-03
8.1236356e-04
-7.2347403e-04
-8.6648032e-04
-9.8156920e-04
2.7506253e-03
-4.5455875e-04
-2.3683257e-03
3.5011640e-03
-1.1800337e-03
-4.6755967e-03
-3.6264432e-04
-1.5849334e-03
-9.6961195e-04
-2.1634139e-03
-4.1791257e-04
2.2443049e-03
1.5761857e-03
3.5083728e-03
-8.1767440e-05
-1.6723003e-03
-7.5254620e-04
-1.7549145e-03
1.1764116e-03
2.6159610e-03
-1.2275248e-03
8.1823097e-04
3.6648553e-03
6.4502766e-04
3.0696625e-03
1.6998101e-03
-2.2902896e-03
-7.3337308e-04
-1.8810258e-03
8.1746545e-04
5.5723484e-03
2.5911605e-04
-5.0470895e-03
-4.1674073e-03
-4.3958069e-04
2.6366500e-03
1.2196989e-03
3.1883496e-03
2.4898442e-03
-2.7157067e-03
-4.8463557e-03
-3.9687625e-03
2.2575764e-03
3.2257587e-03
2.3796899e-03
3.3476823e-03
-1.1603135e-03
-3.7809412e-03
-3.0683835e-03
8.7955381e-04
3.9331848e-03
1.9043300e-03
-1.6136427e-03
-3.9372445e-03
-3.8327923e-03
3.0259045e-04
2.6182146e-03
-1.0477013e-03
-3.0912527e-04
-1.4409037e-04
-1.9900577e-03
9.4867517e-04
1.7658757e-03
-2.8663240e-03
-2.7569339e-03
2.5703508e-03
5.7302179e-04
1.8902666e-03
5.4826845e-03
1.1978380e-03
-1.2723775e-03
-5.3646025e-04
-1.0924668e-06
-6.9807841e-04
-2.1393384e-03
-2.9514124e-03
-1.9169499e-03
-3.1067633e-03
-3.8931989e-03
-1.5551648e-03
-2.3520456e-03
7.9616281e-04
5.9906975e-03
5.6416346e-03
3.2988516e-03
-2.1025008e-03
-5.4117576e-03
1.4375002e-03
6.9283013e-03
6.8581855e-04
-7.0324880e-03
-5.7131540e-03
8.2882253e-04
2.2890729e-03
5.0061760e-03
3.0492988e-03
-6.4665463e-03
-3.4330461e-03
3.3962708e-03
5.4002458e-03
1.2663813e-03
2.3802281e-03
1.0623837e-02
2.7061201e-03
-3.5515557e-03
-2.9081266e-03
-6.4145143e-03
-1.7145163e-03
2.4575201e-03
7.1562595e-04
1.0652577e-03
-8.6199277e-04
-2.4263171e-03
2.0836326e-04
2.7217406e-04
-1.3732436e-03
1.8594768e-03
2.0693316e-03
-3.1956622e-03
-1.2208995e-04
1.9443669e-03
-1.8356872e-03
9.0078720e-04
4.6037562e-04
-4.3454055e-03
-2.5222288e-03
2.0378025e-03
1.1043735e-03
-1.7751071e-03
-4.1879683e-03
-6.1530117e-03
9.7295139e-04
6.2178136e-03
2.2668367e-03
-1.0502064e-03
-2.6378901e-03
-2.5613549e-03
-3.5661917e-03
-2.1405055e-03
3.0859350e-03
3.7886175e-03
4.5138998e-03
4.5308019e-03
-1.6850927e-03
-4.6530733e-03
-3.3105695e-03
1.3162640e-04
4.9507008e-03
4.8923969e-03
3.2870512e-03
-1.1113637e-03
-6.3923102e-03
-3.8098561e-03
-1.7870795e-03
7.6802692e-04
3.9768183e-03
-1.8417756e-03
-2.3214993e-03
2.0134837e-03
3.6768635e-04
1.2934369e-04
-2.4291817e-03
-5.6385432e-03
-8.6105997e-04
1.5966204e-03
-7.8993441e-05
1.5837058e-03
-7.2660157e-04
-2.5628195e-05
4.9383509e-03
3.5291868e-03
2.5870219e-03
1.5364159e-03
5.9045267e-04
-5.5549026e-04
-9.2791235e-04
1.7462704e-03
6.0507530e-04
-1.0944677e-03
-1.8383621e-03
-2.7858446e-03
-1.8873604e-03
1.4198066e-03
2.3467781e-03
1.4889998e-04
-3.0635001e-03
-3.2072654e-03
4.1540016e-03
4.8283871e-03
2.4432536e-03
1.1860209e-03
-4.0343428e-03
-1.6220518e-03
1.7920369e-03
-1.9145201e-03
-2.3165687e-03
4.8646596e-03
4.3287214e-03
-1.3119226e-03
-8.8347612e-04
-4.5473024e-03
-4.7368370e-03
-3.8381200e-04
4.1496734e-04
2.8597337e-03
4.4257667e-03
9.8774850e-04
-3.6277382e-03
-2.3875981e-03
-5.1542326e-04
-7.8624110e-04
3.2513716e-04
-9.3836259e-04
-1.2181064e-03
4.9036236e-04
5.9785377e-04
-3.7697627e-04
-1.6329126e-05
5.0483047e-03
5.9606528e-03
-2.2197147e-03
-2.3725958e-03
2.4478083e-03
-1.1582840e-03
-3.1673871e-03
-3.6406535e-03
-3.8486097e-03
1.2283686e-03
4.7533674e-03
1.0553566e-03
-1.4496127e-03
-1.8858192e-04
-1.2794495e-03
1.5865468e-03
-2.5445600e-05
-4.8209710e-03
2.3036892e-04
2.8705572e-03
2.2954967e-03
1.7411370e-03
1.1562010e-03
8.4778024e-04
-1.4847469e-03
-3.2038243e-04
5.8133056e-04
6.0184133e-04
1.3956830e-03
-1.9395915e-03
-3.6761676e-03
-1.3122766e-04
2.2314959e-03
8.7873653e-04
-9.4520013e-04
1.7455054e-03
4.3099179e-03
3.3149570e-03
3.5780191e-04
-6.2025968e-03
-6.7233416e-03
-1.8987593e-03
3.7907254e-04
2.4740170e-03
4.6158702e-03
3.3873149e-03
6.3032941e-04
1.2667683e-04
-3.1575106e-03
-2.4947097e-03
2.8737871e-03
2.8143440e-03
1.2739494e-03
-1.1172611e-03
-3.0171635e-03
-3.5760811e-03
-4.2105846e-03
-1.9253460e-03
8.2803129e-04
-1.1261400e-04
2.2984902e-05
3.2577949e-03
4.9226331e-04
-2.3681747e-04
1.3540945e-03
-3.6995242e-03
-3.1039529e-03
-8.4853084e-04
4.1648828e-04
5.9071000e-03
4.8063570e-03
-1.4627131e-03
-2.4081062e-03
-1.6881410e-03
-1.4422019e-03
2.3010086e-03
1.7120846e-03
-1.3681348e-03
-2.8424392e-03
-5.2224447e-03
-4.6452222e-04
4.8878320e-03
4.8156647e-03
5.6505280e-03
2.7926982e-03
-2.3234023e-03
-2.3691714e-03
-6.4892776e-04
2.6171138e-04
2.4512332e-03
1.3535289e-03
-2.5560461e-03
-3.9302656e-03
-2.1507687e-03
1.5016628e-03
6.8541149e-04
-1.0171698e-03
-1.9684502e-03
-2.6796789e-03
-1.9768905e-04
-5.3307744e-04
1.7403866e-03
4.9543061e-03
1.7909042e-03
1.0126357e-03
1.5434464e-03
1.6808740e-04
-8.3371017e-04
-2.1758341e-03
-5.9365805e-04
-7.2488858e-04
-4.1385974e-03
-2.1877978e-03
-9.0758538e-04
-1.9107123e-03
-8.1072860e-04
-2.6358532e-04
1.3993043e-03
1.2648453e-03
5.5741486e-04
8.8368785e-04
-1.9978812e-03
-3.9522887e-03
4.1956400e-06
3.2557182e-03
2.7794135e-03
4.7142604e-03
3.6756195e-03
5.7811796e-04
7.9689948e-04
-1.6057057e-03
-3.3282279e-03
5.3519847e-04
2.5858931e-03
4.8620117e-04
-9.2239271e-04
-1.6493843e-03
-3.1950962e-03
-3.8975888e-03
-2.2208354e-03
1.5936051e-04
2.5321498e-03
3.3449832e-03
2.9699028e-03
1.2992505e-04
-2.4080890e-03
5.7758256e-05
1.6072691e-03
1.8993576e-03
-2.9870987e-04
-2.8414718e-03
-1.8446114e-03
-1.2346064e-03
1.0084714e-03
2.3105240e-03
-1.4184424e-03
-2.6633302e-03
-5.8642732e-04
-1.2277675e-03
1.9103763e-03
4.4675724e-03
9.6505800e-05
-1.6072148e-03
-2.4894756e-04
1.0724763e-03
5.0558257e-04
1.9664035e-03
3.4752728e-03
6.2513647e-05
4.5031896e-04
-4.7361362e-04
-4.5203066e-03
-3.9587297e-03
-2.4532789e-03
-8.2780225e-04
2.1251752e-03
4.1675137e-03
2.8371646e-03
-1.4712303e-03
-4.9221622e-03
-3.2476877e-03
1.4944722e-03
2.8730603e-03
2.2833769e-03
1.9109554e-03
-1.2611824e-03
-2.2889980e-03
1.5290389e-03
3.0848171e-03
1.5987383e-03
-1.0327135e-03
-1.0733548e-03
-1.5682709e-03
-3.1819721e-03
6.6284278e-04
9.5341204e-04
-1.3612575e-04
2.2465392e-03
2.1198668e-03
1.9459057e-03
-3.2983663e-04
-3.0235803e-03
-3.1274349e-04
1.2960208e-03
4.5109258e-04
2.2820565e-03
-5.5051445e-04
-5.3479385e-03
-2.1871948e-03
7.8348289e-06
-4.2213065e-04
2.3502384e-03
3.6544473e-04
-1.4102533e-03
3.7954873e-03
1.1896740e-03
-2.6576089e-03
3.0809286e-04
6.9058066e-04
5.8536860e-04
-1.6413758e-03
-2.4441430e-03
-2.0852046e-03
-3.0336360e-03
1.5907771e-03
3.6127948e-03
2.1383008e-03
2.8554176e-03
3.9754754e-04
-2.3826071e-03
-7.2313566e-04
-2.7335677e-03
-6.6023109e-03
-2.0039161e-03
3.4481434e-03
2.9959580e-03
1.2546345e-03
-7.7099072e-04
-1.6652966e-03
-4.5972026e-04
-3.6134418e-04
-7.3186644e-04
-8.1903660e-04
1.7098700e-04
2.1736335e-03
1.0747900e-03
7.5326565e-04
1.2233040e-03
-1.4003612e-03
-1.5135496e-03
1.3173130e-03
2.2951821e-03
-2.2422013e-04
-6.4501724e-05
3.6660419e-04
-3.4985306e-03
-1.0191993e-03
3.5328565e-03
2.9156356e-03
3.9227515e-03
4.9139146e-03
1.9244746e-03
-1.3278069e-03
-2.5111622e-03
-3.7359189e-03
-7.5359131e-03
-6.2051832e-03
1.4722918e-03
4.6619026e-03
4.8375738e-03
3.0899832e-03
-1.6352734e-03
-3.0594400e-03
-1.6609551e-04
3.0257942e-03
4.9019579e-03
4.0363292e-03
-1.2659121e-04
-2.4524708e-03
-1.3207711e-03
-1.8341088e-03
-8.8339745e-04
1.9113806e-04
-2.2112770e-03
-2.3597806e-04
3.6813979e-04
-6.2397184e-04
1.9250581e-03
-1.4215823e-04
-2.3314894e-03
-2.3894127e-03
2.5742306e-04
5.4700007e-03
5.2219732e-03
9.6789402e-04
-4.4366859e-03
-5.7886850e-03
-2.7094144e-03
1.7904150e-03
4.1888429e-03
2.5495917e-04
-3.4580543e-03
-1.2400449e-03
3.8519372e-03
2.2454529e-03
7.1664359e-04
9.9581814e-04
-3.6777817e-03
-5.6743499e-03
-5.4211936e-03
-1.3215136e-03
2.2133614e-03
3.2681459e-03
2.8858490e-03
-2.0405569e-04
9.7455288e-04
-2.7679170e-04
-1.8426343e-03
-1.8278298e-04
2.3673823e-04
1.7955552e-03
3.6504485e-03
2.5686974e-03
-9.7453269e-04
-1.5317406e-03
-3.3412432e-03
-3.7892504e-03
8.2946534e-04
4.7527581e-04
-1.0936054e-03
-1.4081029e-03
-2.3422906e-03
1.7350438e-04
2.7584282e-03
2.1366494e-03
1.8509092e-04
-9.9256691e-04
-6.5024992e-05
-9.9389512e-04
-1.2048893e-03
1.6271130e-03
1.9800866e-04
1.9140747e-03
3.3593229e-03
-9.8572522e-04
-9.4147459e-04
-2.2340812e-04
4.6294267e-04
2.0902789e-04
-6.6552674e-04
-3.2349053e-04
-2.7935150e-03
-3.3355478e-04
2.0046704e-03
-4.2167379e-04
1.9885289e-03
4.3085261e-04
-3.5782371e-03
-1.7767097e-03
-2.7828749e-03
-1.3672533e-03
2.5043397e-03
2.1545182e-03
1.7228437e-03
-6.0702402e-04
-1.8760306e-03
-1.9322446e-03
-1.2688734e-03
9.8047186e-04
1.1842505e-03
3.5317815e-03
4.4310262e-03
1.3553651e-03
-6.6399276e-04
-2.8979538e-03
-3.2435971e-03
8.1202285e-04
2.5206822e-03
1.8273058e-03
9.7876944e-04
-9.9766780e-04
-1.5746267e-03
2.6412389e-04
4.8480854e-03
3.5160273e-03
-1.0464726e-03
-1.9402086e-03
-3.8608110e-03
-3.5848650e-03
-1.8782947e-03
-5.9770208e-04
2.1118055e-03
2.4346604e-03
2.1528282e-03
4.8087800e-03
1.8383315e-03
-4.1536532e-03
-4.1631483e-03
-2.2131079e-03
1.2108572e-03
3.1825479e-03
-1.1132470e-04
-3.4671093e-03
-1.2318177e-03
2.8437433e-03
2.2045807e-04
-8.9908595e-04
2.2084820e-03
2.7496537e-04
3.6764417e-04
3.8531415e-03
2.3002131e-03
-1.8685945e-03
-1.6962077e-04
3.3627854e-03
1.0840046e-03
7.9928497e-05
2.2939167e-04
-2.2922894e-03
-3.2304653e-03
-2.5443044e-03
-9.3952814e-04
1.8210186e-05
-8.1076499e-04
1.1482014e-03
1.2101141e-03
-1.6114417e-03
-8.6963585e-04
-7.4391196e-04
2.6587827e-03
4.9094575e-03
-9.0780606e-04
-4.0311356e-03
-2.3352005e-03
-3.7699374e-04
-1.9194600e-05
7.0399960e-04
1.6749242e-04
-1.4108845e-03
5.2975394e-05
7.4502366e-04
-2.7424562e-04
7.6933397e-04
6.5348690e-04
-1.3681499e-03
-7.0971648e-04
1.0102821e-04
1.2433632e-03
-6.0981964e-04
-3.8856503e-03
-2.4138140e-03
-3.3726906e-03
