0.01
7.4425360e-04
-5.4337240e-03
-1.0902040e-02
-1.1694220e-02
-7.9033020e-03
-3.1900690e-03
-1.3104020e-03
-2.9312640e-03
-6.4184990e-03
-7.8849670e-03
-6.7611810e-03
-4.3641090e-03
-2.5649070e-03
-6.4101300e-04
2.6716160e-03
6.6101130e-03
8.1029390e-03
7.0460710e-03
2.3637610e-03
-3.1165320e-03
-8.4850590e-03
-1.0567790e-02
-9.9655110e-03
-1.2569850e-02
-2.0698460e-02
-2.8707730e-02
-3.3745980e-02
-3.2710710e-02
-3.1455710e-02
-3.1533280e-02
-3.4189910e-02
-3.8166660e-02
-4.1268570e-02
-4.4228090e-02
-4.6723090e-02
-4.8915450e-02
-5.0401490e-02
-5.0059380e-02
-4.8242840e-02
-4.7586270e-02
-4.9472080e-02
-5.2178740e-02
-5.3811850e-02
-5.4281320e-02
-5.3708700e-02
-5.1441080e-02
-4.7381910e-02
-4.0646060e-02
-3.6724520e-02
-3.7465060e-02
-3.7564430e-02
-3.6151610e-02
-3.5466800e-02
-3.6336740e-02
-3.7865310e-02
-3.7922460e-02
-3.4910580e-02
-2.9644250e-02
-2.1873820e-02
-7.1589280e-03
1.1416670e-02
3.0263310e-02
4.6100040e-02
5.9338160e-02
6.9135490e-02
7.7256560e-02
8.5932970e-02
9.2693960e-02
9.9184080e-02
1.0423750e-01
1.0726960e-01
1.0811970e-01
1.0938670e-01
1.1380050e-01
1.1982650e-01
1.2611600e-01
1.2779680e-01
1.2592150e-01
1.2107420e-01
1.1406340e-01
1.0293800e-01
9.2063980e-02
8.0556880e-02
6.7411060e-02
5.4541690e-02
4.1294130e-02
2.7426620e-02
1.5249670e-02
9.0205410e-03
9.6789940e-03
1.1452790e-02
1.1181080e-02
7.3758220e-03
-1.0855870e-03
-1.0208480e-02
-2.0719750e-02
-3.0063000e-02
-3.9749030e-02
-4.7848590e-02
-4.9684870e-02
-4.2590090e-02
-2.8431030e-02
-1.0023690e-02
3.5967920e-03
8.1931470e-03
9.3806940e-03
1.0517420e-02
1.4026510e-02
1.5642350e-02
1.3415700e-02
1.0683870e-02
1.2909560e-02
2.2210170e-02
3.0980200e-02
3.4679570e-02
3.1642390e-02
2.7172690e-02
2.6597260e-02
2.5575200e-02
1.8897450e-02
5.2633160e-03
-1.2418910e-02
-2.8891440e-02
-4.2404180e-02
-5.1173060e-02
-5.0906040e-02
-4.7410130e-02
-4.5056510e-02
-4.6064110e-02
-5.0106770e-02
-5.5173310e-02
-5.7584930e-02
-5.7884630e-02
-5.7902980e-02
-5.9177960e-02
-5.8697780e-02
-5.4128620e-02
-4.7612600e-02
-4.1532780e-02
-3.6635170e-02
-3.4703740e-02
-3.4416960e-02
-3.4464120e-02
-3.8828820e-02
-4.7720810e-02
-5.9864630e-02
-6.2366280e-02
-5.5494030e-02
-4.4817530e-02
-3.6694080e-02
-3.0456680e-02
-2.8549390e-02
-2.6860160e-02
-2.6095180e-02
-2.6029220e-02
-2.6544260e-02
-2.5841710e-02
-2.1675560e-02
-1.2995270e-02
9.3820870e-04
1.3356550e-02
2.1620930e-02
2.5159550e-02
2.5064420e-02
2.5564370e-02
2.4731970e-02
2.1657700e-02
1.5453610e-02
9.5903670e-03
6.4353630e-03
8.2371850e-03
1.3538720e-02
1.9308910e-02
2.7531200e-02
3.6604900e-02
4.7296010e-02
5.9231850e-02
7.1774850e-02
8.1945040e-02
8.5801950e-02
8.4183590e-02
8.0911010e-02
7.4116670e-02
5.9121340e-02
3.4957710e-02
8.9620090e-03
-7.2206570e-03
-1.0290020e-02
-5.0686350e-03
-9.2346490e-04
1.7529750e-03
6.1894930e-03
9.9268130e-03
1.3722400e-02
1.6800620e-02
1.6112450e-02
9.2613740e-03
1.5365320e-03
-6.3592430e-03
-1.0393830e-02
-1.0559990e-02
-1.0443050e-02
-9.0384810e-03
-7.2671800e-03
-3.4485740e-03
5.0451110e-04
4.9568710e-03
9.9050040e-03
1.5200160e-02
2.0595860e-02
2.6745110e-02
3.4953230e-02
4.2798260e-02
4.4506050e-02
3.8605980e-02
2.5985350e-02
1.0464450e-02
-1.1911110e-03
-1.1188320e-02
-2.0900160e-02
-2.8648630e-02
-3.4278480e-02
-3.8875160e-02
-4.4521750e-02
-4.9000130e-02
-5.0414250e-02
-4.7429220e-02
-3.9487780e-02
-2.8026530e-02
-1.9227010e-02
-2.1042680e-02
-2.6965260e-02
-3.0858650e-02
-3.2326310e-02
-3.0767260e-02
-2.6210780e-02
-1.9983170e-02
-1.3392710e-02
-1.0333400e-02
-8.8142990e-03
-6.9503560e-03
-3.6174990e-03
9.4212140e-04
6.2988230e-03
1.1011180e-02
1.0961770e-02
7.1954220e-03
2.5642570e-04
-8.4006130e-03
-1.8675390e-02
-3.0041330e-02
-4.1646320e-02
-5.3454380e-02
-6.2696470e-02
-6.4288320e-02
-5.5718300e-02
-3.3586550e-02
-1.9732920e-03
1.9554410e-02
2.5873420e-02
2.3439500e-02
1.9981470e-02
1.3182000e-02
3.9828340e-03
-7.8620020e-03
-1.6935970e-02
-1.5730670e-02
-1.1631950e-02
-8.4640780e-03
-4.9056180e-03
2.3841250e-03
1.3225450e-02
2.2675760e-02
2.5927070e-02
2.4008040e-02
2.2156200e-02
2.1309530e-02
1.9880740e-02
1.5188160e-02
6.4296660e-03
-3.9953450e-03
-1.0854750e-02
-1.2292800e-02
-1.0210530e-02
-7.8994270e-03
-6.1324820e-03
-1.6254440e-03
6.4532900e-03
1.6798880e-02
2.5822370e-02
3.0076630e-02
3.0887320e-02
2.9190740e-02
2.5108330e-02
1.9761410e-02
1.3175510e-02
8.9236010e-03
9.1098180e-03
1.1925110e-02
1.4227930e-02
1.7007480e-02
2.2240400e-02
2.9645210e-02
3.5028420e-02
3.3698590e-02
2.5262780e-02
1.3757410e-02
6.3590070e-04
-9.7731070e-03
-1.0811530e-02
-1.2638700e-02
-1.7196650e-02
-2.1924430e-02
-2.4799100e-02
-2.4262130e-02
-1.9564440e-02
-1.3436390e-02
-5.1412320e-03
2.0728970e-03
6.2458510e-03
8.7634170e-03
6.4666360e-03
-2.1321910e-03
-1.3177860e-02
-2.0900320e-02
-2.1505960e-02
-2.0354610e-02
-1.9574820e-02
-1.7910760e-02
-1.2867360e-02
-7.0197570e-03
-4.0446860e-03
-5.3451150e-03
-8.9248790e-03
-1.1060760e-02
-8.4808060e-03
-6.6806990e-04
8.4497080e-03
1.4731540e-02
1.5345130e-02
1.4086030e-02
1.0880160e-02
4.4993350e-03
-6.1373960e-03
-1.9081460e-02
-2.7666540e-02
-2.9655560e-02
-2.8032620e-02
-2.0550140e-02
-1.0558090e-02
-7.1398300e-04
4.4196060e-03
8.7550780e-03
1.1248150e-02
1.1436610e-02
9.4025600e-03
6.2917820e-03
1.3190900e-03
-4.7884940e-03
-8.1217390e-03
-9.8252810e-03
-1.1442120e-02
-1.4451690e-02
-1.8182780e-02
-2.1290000e-02
-2.2861690e-02
-2.1547200e-02
-1.8619870e-02
-1.8769560e-02
-2.2957620e-02
-2.7225670e-02
-2.9726150e-02
-2.7834770e-02
-2.5379450e-02
-2.2958670e-02
-1.8906560e-02
-1.5299740e-02
-1.7381390e-02
-2.5934470e-02
-3.3978190e-02
-3.8319720e-02
-3.6551430e-02
-3.2916690e-02
-2.8537570e-02
-2.5521470e-02
-2.1295490e-02
-1.5314810e-02
-3.1723580e-03
1.7093690e-02
3.6637080e-02
4.7627960e-02
4.8477910e-02
4.8050500e-02
4.8831410e-02
4.9237300e-02
4.9359800e-02
4.5928680e-02
3.9358250e-02
3.4580810e-02
3.7611320e-02
4.6015210e-02
5.3108260e-02
5.5128890e-02
5.2310990e-02
4.9580500e-02
4.7967210e-02
4.8160370e-02
4.8133030e-02
4.5280960e-02
4.0008140e-02
3.4189790e-02
3.0228500e-02
3.0478260e-02
3.5027970e-02
4.0395330e-02
4.2062730e-02
3.6960600e-02
2.9615060e-02
2.4289500e-02
1.9135160e-02
1.3573570e-02
5.3192220e-03
-1.7934290e-03
-2.9664180e-03
-2.3574270e-03
-3.7837390e-03
-1.0223170e-02
-2.1328730e-02
-3.4020390e-02
-4.6316360e-02
-5.1339380e-02
-4.6514710e-02
-3.7798510e-02
-2.9494420e-02
-2.4106430e-02
-2.3205720e-02
-2.2917100e-02
-1.8850530e-02
-1.3394030e-02
-9.6330280e-03
-8.2185140e-03
-6.9546820e-03
-3.1527750e-03
3.1426910e-03
7.7674310e-03
8.9238100e-03
1.1555670e-02
1.4926920e-02
1.7470620e-02
1.8976810e-02
2.0784170e-02
2.3361660e-02
2.6755360e-02
2.8852440e-02
2.7395180e-02
2.3317490e-02
1.8220690e-02
9.3650090e-03
-1.8035860e-03
-1.4086400e-02
-2.5544850e-02
-3.2104570e-02
-3.2377940e-02
-2.9506360e-02
-2.3190260e-02
-1.4802270e-02
-3.7088850e-03
6.7236380e-03
1.4030350e-02
1.6313310e-02
1.3801270e-02
9.0322470e-03
4.3062000e-03
7.7131600e-05
-2.7053780e-03
-4.6631750e-03
-8.5589370e-03
-1.3078670e-02
-1.6759160e-02
-1.8850560e-02
-1.8664440e-02
-1.7099790e-02
-1.6572230e-02
-1.8111680e-02
-1.9868860e-02
-1.7791620e-02
-1.1020680e-02
-2.0182050e-03
6.3740550e-03
1.0313190e-02
6.4318000e-03
-1.6645870e-03
-1.0706390e-02
-2.3298830e-02
-3.2163570e-02
-3.2611720e-02
-3.1559330e-02
-2.8972130e-02
-2.3666080e-02
-1.3708850e-02
-1.0828280e-03
9.6506930e-03
1.6364940e-02
1.7954340e-02
1.6725430e-02
9.8690380e-03
-2.8516710e-03
-1.6067550e-02
-2.5556340e-02
-2.6130520e-02
-1.8507670e-02
-1.0723010e-02
-6.3169430e-03
-6.6989370e-03
-1.1511720e-02
-1.8711250e-02
-2.3519360e-02
-2.4879030e-02
-2.2430410e-02
-1.7592330e-02
-1.1475550e-02
-4.0775090e-03
2.0769530e-03
7.5986090e-03
9.1792830e-03
8.3457040e-03
7.4443500e-03
6.3917610e-03
2.7424430e-03
-3.3453890e-03
-7.4651370e-03
-6.4945790e-03
-2.3531900e-03
3.1142640e-03
8.6923400e-03
1.1270480e-02
1.0180760e-02
5.9353890e-03
2.1654360e-03
-1.6757600e-03
-3.8951400e-03
-5.6270480e-03
-6.0483710e-03
-2.8453720e-03
3.0470240e-03
7.5671480e-03
6.6712310e-03
4.7836920e-03
7.0457800e-03
1.4116960e-02
2.1078210e-02
2.4779150e-02
2.3041020e-02
1.9615870e-02
1.7022470e-02
1.4467080e-02
1.2236620e-02
1.2048830e-02
1.1789150e-02
1.0386040e-02
7.3975460e-03
3.2543260e-03
-2.2394180e-03
-9.2295130e-03
-1.6147960e-02
-1.8955170e-02
-1.5935010e-02
-8.7857120e-03
-3.0291260e-03
2.6533600e-03
5.9764880e-03
6.1324130e-03
6.8051130e-03
8.9071030e-03
9.4192220e-03
7.3584360e-03
4.2524960e-03
7.6020390e-04
-2.1025080e-03
-3.5977200e-03
-5.8967620e-03
-9.4526430e-03
-1.3588140e-02
-1.5301480e-02
-1.4207380e-02
-1.1873350e-02
-1.0451470e-02
-9.2132820e-03
-5.2289730e-03
1.8113450e-03
8.2157420e-03
9.1934980e-03
3.4550300e-03
-5.7795090e-03
-1.5475080e-02
-2.2348560e-02
-2.2932020e-02
-2.0538620e-02
-1.5018240e-02
-1.1677610e-02
-8.8949870e-03
-5.9480970e-03
-5.1724780e-06
7.5060770e-03
1.3169450e-02
1.5275040e-02
1.7995490e-02
2.1208520e-02
2.3332560e-02
2.0483260e-02
1.2643580e-02
1.1682010e-03
-9.5207210e-03
-1.5268280e-02
-2.0605660e-02
-2.4840230e-02
-2.7072820e-02
-2.6862090e-02
-2.3905890e-02
-1.9808510e-02
-1.5339200e-02
-1.2672440e-02
-1.3091700e-02
-1.3788150e-02
-1.0839490e-02
-4.4378790e-03
3.5362230e-03
8.6483440e-03
9.3858280e-03
8.5157580e-03
7.8146850e-03
7.2713820e-03
6.8910700e-03
7.6912900e-03
1.2117080e-02
1.8942460e-02
2.4915210e-02
2.5755130e-02
2.1514900e-02
1.5808040e-02
9.5199300e-03
1.8830300e-03
-5.9538010e-03
-1.1055370e-02
-1.1772960e-02
-8.8831970e-03
-2.4052560e-03
3.9488010e-03
9.0782250e-03
1.1713210e-02
1.4601510e-02
1.8558250e-02
2.2207000e-02
2.4250410e-02
2.3891330e-02
2.0692940e-02
1.4906190e-02
5.8691410e-03
-3.3860580e-03
-1.0986360e-02
-1.1642680e-02
-8.0184580e-03
-2.8853520e-03
3.0698670e-03
9.8390440e-03
1.4272860e-02
1.5868570e-02
1.4284090e-02
1.0726650e-02
5.4222690e-03
-1.8916910e-03
-6.2581490e-03
-7.3828940e-03
-5.8307000e-03
-1.1552880e-03
6.6842310e-03
1.6080310e-02
2.0228680e-02
1.9329990e-02
1.8611570e-02
1.8615730e-02
1.6550950e-02
1.0052130e-02
2.2266420e-03
-2.4932560e-03
-5.3943100e-03
-6.2827120e-03
-5.9971370e-03
-5.5460180e-03
-3.9687660e-03
-2.2647410e-03
-2.9298030e-03
-6.5142690e-03
-1.0605160e-02
-1.5018700e-02
-1.7649010e-02
-1.8186480e-02
-1.7280780e-02
-1.4582220e-02
-1.1748690e-02
-8.1240810e-03
-2.9363590e-03
9.1272410e-04
2.3134490e-03
1.6980780e-03
8.6508100e-06
-9.9817150e-04
-1.5957720e-03
-2.1229190e-03
-1.6207680e-03
6.0254920e-04
2.9492240e-03
5.7137900e-03
7.3357470e-03
8.2565320e-03
9.0123730e-03
9.2931980e-03
7.6213920e-03
3.9873230e-03
-1.8003790e-03
-7.6671470e-03
-1.2979660e-02
-1.7935490e-02
-2.1584490e-02
-2.3602720e-02
-2.2718180e-02
-1.8294030e-02
-1.2565900e-02
-5.8406780e-03
-1.0877270e-03
1.8481730e-03
4.4264800e-03
6.2418920e-03
5.6206150e-03
4.2510340e-03
3.2168220e-03
1.7204920e-03
1.7470610e-03
6.6885990e-03
1.5650750e-02
2.5366950e-02
2.8521240e-02
2.5627400e-02
2.1972340e-02
1.9004290e-02
1.3680020e-02
6.7730830e-03
3.9099840e-04
-5.6210120e-03
-9.1815630e-03
-9.1814930e-03
-7.0447270e-03
-4.5423340e-03
-2.2033380e-03
1.5365030e-04
1.8839770e-03
2.6918830e-03
1.8846650e-03
-8.6042540e-04
-5.1180510e-03
-1.0005350e-02
-1.1809340e-02
-9.9239130e-03
-6.0371710e-03
-2.0019060e-03
2.9568310e-03
7.2536540e-03
1.0739370e-02
1.3472170e-02
1.6201200e-02
1.8301650e-02
1.9588080e-02
2.0356720e-02
2.1668370e-02
2.3111220e-02
2.3912840e-02
2.3706760e-02
2.3420980e-02
2.4283590e-02
2.5049920e-02
2.3816960e-02
2.0059400e-02
1.3691770e-02
6.3224800e-03
5.3521260e-04
-3.6934470e-03
-7.7249180e-03
-1.1864010e-02
-1.5437610e-02
-1.7315180e-02
-1.7616480e-02
-1.7213100e-02
-1.5950410e-02
-1.5904470e-02
-1.8248560e-02
-2.1711530e-02
-2.4808230e-02
-2.6949830e-02
-2.7968400e-02
-2.7943570e-02
-2.5812970e-02
-2.2743270e-02
-1.9322170e-02
-1.6868560e-02
-1.6208890e-02
-1.5390060e-02
-1.3878410e-02
-1.2015330e-02
-1.1097740e-02
-1.1777530e-02
-1.3337830e-02
-1.4998280e-02
-1.6989300e-02
-1.7340980e-02
-1.4794910e-02
-1.0099870e-02
-4.8457700e-03
-8.9392870e-04
-1.2374460e-03
-2.8400940e-03
-4.0624970e-03
-3.3519160e-03
-2.0277910e-03
-3.0962500e-03
-7.4155020e-03
-1.2570820e-02
-1.6154210e-02
-1.7135040e-02
-1.7258050e-02
-1.6303730e-02
-1.6015890e-02
-1.4720480e-02
-1.1460970e-02
-6.5829210e-03
-1.9941370e-03
1.2854970e-03
3.0263060e-03
3.9396440e-03
5.6509460e-03
7.2309010e-03
8.5503660e-03
9.7638600e-03
1.1014590e-02
1.1905850e-02
1.1282360e-02
8.1464500e-03
4.4635260e-03
-1.4773730e-04
-3.7711910e-03
-3.6607840e-03
-1.2450670e-03
1.7785810e-03
5.3584230e-03
8.4069960e-03
8.8519880e-03
7.6343170e-03
6.4903320e-03
6.2080100e-03
5.8892610e-03
4.9789140e-03
3.3637060e-03
1.0676790e-03
-1.4151850e-03
-2.5188570e-03
-2.7541440e-03
-1.6118900e-03
7.1635570e-04
3.8480040e-03
9.4458730e-03
1.5752610e-02
1.9609960e-02
2.1486780e-02
2.1918690e-02
2.1617730e-02
2.0442630e-02
1.8491600e-02
1.5417210e-02
1.2202150e-02
8.6159970e-03
5.3154280e-03
1.9210880e-03
-2.4471510e-03
-6.6303690e-03
-8.3612410e-03
-1.0078860e-02
-1.0837100e-02
-1.0267540e-02
-9.1225510e-03
-8.8470630e-03
-8.6304820e-03
-8.5506340e-03
-9.3347240e-03
-1.1036050e-02
-1.3137550e-02
-1.3747680e-02
-1.3168840e-02
-1.1938400e-02
-1.1173510e-02
-1.0496250e-02
-1.0204140e-02
-1.0710670e-02
-1.1751030e-02
-1.2544010e-02
-1.3433190e-02
-1.4659040e-02
-1.5415670e-02
-1.4760470e-02
-1.2040020e-02
-7.7723570e-03
-1.7092590e-03
3.6741760e-03
8.2892930e-03
1.1582610e-02
1.3374780e-02
1.4111710e-02
1.3792660e-02
1.2971540e-02
1.2044080e-02
1.1176090e-02
1.1691980e-02
1.3244860e-02
1.4338420e-02
1.5100490e-02
1.4711220e-02
1.3926970e-02
1.4541730e-02
1.6250420e-02
1.7598540e-02
1.8247720e-02
1.7443960e-02
1.5963380e-02
1.5839970e-02
1.7213260e-02
1.9117260e-02
2.0693280e-02
2.2692130e-02
2.3819620e-02
2.3797910e-02
2.2898820e-02
2.1661650e-02
2.0139890e-02
1.8552980e-02
1.8428130e-02
1.8720430e-02
1.7504210e-02
1.5378960e-02
1.3440190e-02
1.2239360e-02
1.2493440e-02
1.2681510e-02
1.1877750e-02
1.0017130e-02
7.3195080e-03
4.5825160e-03
1.9790250e-03
7.2261660e-04
7.0191560e-04
1.0645050e-03
1.8879850e-03
2.7480370e-03
3.0813300e-03
1.0547280e-03
-2.4431080e-03
-5.8170760e-03
-8.2829850e-03
-9.0848180e-03
-8.3492910e-03
-6.8998920e-03
-6.3617460e-03
-6.6402090e-03
-7.8771280e-03
-9.2370540e-03
-1.0962550e-02
-1.3275910e-02
-1.4494730e-02
-1.4438980e-02
-1.3321510e-02
-1.0768250e-02
-7.2715870e-03
-4.5022630e-03
-3.8318040e-03
-4.1635910e-03
-4.0439320e-03
-4.5427680e-03
-5.4179780e-03
-6.7046820e-03
-9.3612560e-03
-1.4298840e-02
-1.9191190e-02
-2.2536090e-02
-2.3572900e-02
-2.3427120e-02
-2.3126940e-02
-2.1982870e-02
-2.1030430e-02
-1.9926660e-02
-1.8912750e-02
-1.8388150e-02
-1.8015600e-02
-1.7820640e-02
-1.7612110e-02
-1.7254160e-02
-1.6443900e-02
-1.4863410e-02
-1.2049390e-02
-9.0635190e-03
-6.5017190e-03
-4.6983540e-03
-2.2697800e-03
1.2238210e-03
4.0689780e-03
5.3239830e-03
6.2710630e-03
7.2454220e-03
7.6722200e-03
7.1746220e-03
5.3103750e-03
2.5434720e-03
-1.6158950e-03
-4.8332120e-03
-6.9377340e-03
-8.2378990e-03
-8.3050110e-03
-7.7891300e-03
-6.7382850e-03
-6.1237840e-03
-6.6011100e-03
-7.7240980e-03
-8.7713710e-03
-8.9719210e-03
-8.2498460e-03
-6.5883710e-03
-4.5669990e-03
-1.8261310e-03
9.4433050e-05
2.1319380e-03
4.7029120e-03
6.0782600e-03
6.2448480e-03
5.8158970e-03
5.2323860e-03
5.4658930e-03
6.1043290e-03
7.2504030e-03
8.4249510e-03
9.1233170e-03
8.6849230e-03
7.6646940e-03
7.3890450e-03
8.0925500e-03
8.7538650e-03
8.9451330e-03
8.7943200e-03
8.0456620e-03
6.7142420e-03
4.9898420e-03
2.8945540e-03
1.4095250e-03
4.2024000e-04
-7.0013840e-05
2.9030610e-05
1.4937970e-03
6.2094520e-03
1.2090510e-02
1.4932590e-02
1.5241820e-02
1.4762230e-02
1.3038160e-02
1.1909450e-02
1.0416240e-02
8.4455560e-03
6.7302760e-03
6.5009270e-03
7.6536860e-03
9.7379510e-03
1.1236650e-02
1.1652260e-02
1.1039650e-02
1.0308770e-02
9.5606750e-03
7.5790130e-03
4.5554940e-03
9.3746180e-04
-1.6128650e-03
-2.3728910e-03
-1.2356080e-03
1.6006490e-03
5.2903430e-03
9.6031970e-03
1.0935030e-02
8.8172470e-03
4.5958500e-03
-3.6859970e-04
-5.1284180e-03
-7.7406160e-03
-1.0596510e-02
-1.2433860e-02
-1.3012700e-02
-1.3384390e-02
-1.3506220e-02
-1.3446180e-02
-1.3156300e-02
-1.2899090e-02
-1.3437810e-02
-1.4742240e-02
-1.6062870e-02
-1.6842800e-02
-1.6282990e-02
-1.4657900e-02
-1.3120270e-02
-1.1220660e-02
-8.3614670e-03
-4.8020470e-03
-8.4247700e-04
1.3413300e-03
7.5140290e-04
-1.7654380e-03
-3.9852990e-03
-5.7073640e-03
-7.3965400e-03
-8.6463690e-03
-9.3054990e-03
-8.8881760e-03
-7.5565450e-03
-6.1078270e-03
-5.1437980e-03
-4.9191850e-03
-6.3620700e-03
-8.2752790e-03
-9.7270970e-03
-1.0829930e-02
-1.0956550e-02
-1.0309900e-02
-8.6526950e-03
-7.5071470e-03
-6.0006750e-03
-3.7084700e-03
-1.7298970e-03
-5.1270380e-04
3.6639940e-04
1.8267840e-03
3.8581190e-03
6.2209410e-03
8.3354780e-03
9.5638720e-03
1.0197050e-02
9.4747240e-03
8.7648830e-03
8.6904680e-03
8.5905490e-03
8.2340000e-03
7.7521680e-03
7.4902280e-03
7.4955650e-03
7.1939200e-03
5.9663980e-03
4.3959330e-03
3.7653340e-03
3.9186490e-03
3.7240370e-03
2.7119350e-03
1.1800000e-03
2.1836030e-04
8.2081640e-05
4.2607530e-04
1.3739340e-03
1.9432360e-03
2.3299440e-03
3.3949500e-03
5.7972960e-03
9.0814570e-03
1.2774640e-02
1.4837570e-02
1.5708430e-02
1.6058530e-02
1.4839650e-02
1.2967510e-02
1.1706930e-02
1.1030350e-02
1.1676060e-02
1.2556000e-02
1.2051210e-02
1.0346350e-02
8.5751520e-03
7.3237610e-03
5.2226130e-03
2.3949770e-03
-1.2585490e-04
-2.4617820e-03
-4.5933150e-03
-6.2137220e-03
-7.6455130e-03
-9.1204600e-03
-9.9895410e-03
-1.0455450e-02
-1.0463380e-02
-1.0315020e-02
-1.0769890e-02
-1.1840770e-02
-1.2771600e-02
-1.2956270e-02
-1.2787590e-02
-1.2248820e-02
-1.1341800e-02
-1.0738610e-02
-1.0166080e-02
-9.5529500e-03
-8.9169740e-03
-8.2342970e-03
-7.5643000e-03
-6.8407170e-03
-5.9010380e-03
-4.3543290e-03
-2.0023210e-03
-3.9804060e-04
5.2710180e-05
5.1477080e-04
8.1914010e-04
1.5004860e-03
2.4967410e-03
3.3137590e-03
3.2521550e-03
2.6628900e-03
3.5787320e-03
6.8993690e-03
9.7550260e-03
1.1196170e-02
1.1611540e-02
1.1334810e-02
1.0465790e-02
1.0163340e-02
9.8272750e-03
9.2053610e-03
8.5522480e-03
8.2182150e-03
8.1490350e-03
8.1270040e-03
8.0985840e-03
7.3197430e-03
5.4473420e-03
3.4262410e-03
6.2708440e-04
-2.4112810e-03
-3.5314280e-03
-3.7960760e-03
-3.5148580e-03
-3.8589770e-03
-4.3194960e-03
-4.5900960e-03
-4.7462620e-03
-5.0587860e-03
-5.6013480e-03
-6.4130620e-03
-7.5673410e-03
-7.7547070e-03
-5.4686640e-03
-1.7672330e-03
3.7715980e-03
7.8379240e-03
8.3770410e-03
8.4603160e-03
8.1730160e-03
6.7040360e-03
5.1508520e-03
3.0235280e-03
1.6554150e-03
1.2113540e-03
2.0700880e-03
4.0002780e-03
5.8752090e-03
8.0296310e-03
8.6153480e-03
8.8223750e-03
9.5588590e-03
1.0202060e-02
1.0121650e-02
8.5000260e-03
5.3992050e-03
1.8338100e-03
-3.8259160e-04
-6.1435710e-05
9.9427520e-04
5.9080750e-04
-6.6112810e-04
-1.3715650e-03
-6.4350090e-04
1.2287240e-03
2.5268830e-03
3.2929170e-03
3.4490950e-03
3.2085970e-03
3.4646860e-03
3.8280420e-03
3.8169120e-03
2.7061070e-03
3.5211200e-04
-2.5556770e-03
-5.9529040e-03
-8.7410040e-03
-1.0067850e-02
-9.0513820e-03
-7.4141510e-03
-5.5064280e-03
-3.4081270e-03
-2.4204720e-03
-2.8682390e-03
-3.9514280e-03
-4.8881060e-03
-6.2690930e-03
-8.6737880e-03
-1.0241110e-02
-1.0688490e-02
-1.0738920e-02
-1.0421090e-02
-9.4700330e-03
-7.6066110e-03
-5.3883510e-03
-5.7918700e-03
-7.6714260e-03
-9.4653170e-03
-1.0061650e-02
-1.0330720e-02
-1.0207300e-02
-9.1444080e-03
-8.5284910e-03
-8.1220620e-03
-7.8812440e-03
-8.4055650e-03
-9.2838390e-03
-9.7172930e-03
-1.0202420e-02
-1.0783840e-02
-1.0881480e-02
-9.9387660e-03
-8.8994610e-03
-8.2477020e-03
-7.0254240e-03
-4.9665540e-03
-3.0516790e-03
-1.4514580e-03
-1.2954540e-04
5.7207200e-04
-1.9367440e-04
-9.8259750e-04
-1.4988080e-04
1.8637430e-03
3.0727920e-03
3.2868250e-03
2.7355500e-03
2.0461600e-03
2.1443530e-03
2.5110890e-03
2.7144750e-03
3.1183830e-03
3.7501780e-03
4.7541170e-03
7.0204390e-03
9.7767570e-03
1.1529990e-02
1.1168080e-02
9.6846400e-03
8.2954920e-03
7.1879310e-03
5.8132530e-03
4.9009720e-03
4.9879710e-03
4.9612290e-03
4.7939130e-03
4.6603860e-03
4.3850100e-03
3.4057770e-03
1.7756640e-03
6.8147360e-05
-1.8654600e-03
-3.1566520e-03
-3.9396520e-03
-4.1837720e-03
-3.3525440e-03
-1.1004730e-03
2.6789510e-03
7.0514050e-03
1.0048020e-02
1.2470140e-02
1.3297420e-02
1.3017240e-02
1.2878390e-02
1.3451140e-02
1.4354920e-02
1.4767080e-02
1.4874660e-02
1.4834110e-02
1.4587680e-02
1.4445910e-02
1.4734910e-02
1.5083010e-02
1.4832430e-02
1.3580730e-02
1.1217050e-02
8.6855790e-03
7.2921280e-03
6.6804580e-03
7.0603460e-03
7.3379750e-03
7.1749640e-03
6.3588290e-03
4.7521550e-03
3.5776840e-03
2.2733040e-03
-8.0664760e-05
-2.7359630e-03
-4.3922150e-03
-5.5965680e-03
-6.6547070e-03
-7.0785920e-03
-7.2293100e-03
-6.5767000e-03
-5.8667190e-03
-5.4625000e-03
-5.5250480e-03
-6.6759280e-03
-8.4200650e-03
-9.8902920e-03
-1.1756100e-02
-1.2999280e-02
-1.2261750e-02
-1.1123520e-02
-1.0852190e-02
-1.1210940e-02
-1.2221920e-02
-1.2765170e-02
-1.2315700e-02
-1.0550070e-02
-8.2432100e-03
-5.5621570e-03
-3.2259010e-03
-2.1305500e-03
-1.7437070e-03
-1.2069920e-03
-1.0800920e-03
-1.2915720e-03
-1.3773130e-03
-1.2001110e-03
-6.5951760e-04
9.0741520e-05
7.0528150e-04
1.2929930e-03
1.5749250e-03
1.5116890e-03
8.8156660e-04
-1.6911760e-04
-1.6838480e-03
-3.6873230e-03
-5.6282090e-03
-6.6698410e-03
-6.4101280e-03
-5.7039480e-03
-5.8897670e-03
-6.3397360e-03
-6.4667010e-03
-6.4833070e-03
-6.5552690e-03
-6.6724810e-03
-6.8451900e-03
-6.9997520e-03
-7.0573440e-03
-6.8311700e-03
-5.7735010e-03
-3.8085880e-03
-5.3840040e-04
4.1782160e-03
9.1726560e-03
1.2156670e-02
1.4206760e-02
1.4182450e-02
1.2615470e-02
1.0720930e-02
8.7912770e-03
6.5018930e-03
4.9427450e-03
4.0414420e-03
4.0824490e-03
4.9850390e-03
5.6404750e-03
6.2278410e-03
6.0905240e-03
4.4829490e-03
2.2837260e-03
-2.7856750e-04
-1.8337580e-03
-2.9385320e-03
-4.1194780e-03
-5.4099390e-03
-6.0413160e-03
-5.5692410e-03
-4.7953850e-03
-4.5842150e-03
-5.0749380e-03
-6.4461700e-03
-7.5337710e-03
-7.7973030e-03
-7.2383100e-03
-6.8717030e-03
-7.1430120e-03
-8.0525810e-03
-8.9910390e-03
-9.3734460e-03
-9.2510550e-03
-8.2074360e-03
-6.7721480e-03
-4.8353180e-03
-3.0760490e-03
-2.4613590e-03
-2.7766970e-03
-3.2443530e-03
-3.1491850e-03
-2.6388220e-03
-2.1982690e-03
-1.6091270e-03
-1.1631500e-04
2.4958030e-03
5.7474370e-03
8.4258590e-03
9.1581620e-03
9.0137830e-03
9.0842220e-03
9.2578800e-03
9.0435380e-03
7.8065440e-03
5.4857810e-03
2.6296920e-03
-2.1563870e-04
-2.8116480e-03
-5.4820100e-03
-8.2507780e-03
-9.9058120e-03
-1.0001980e-02
-9.5873690e-03
-8.5565050e-03
-7.8845000e-03
-7.2160650e-03
-6.5776360e-03
-6.0604680e-03
-5.1171810e-03
-3.5466220e-03
-2.0791770e-03
-7.1349510e-04
1.2188260e-03
3.3873790e-03
4.2847080e-03
4.7736940e-03
4.4603320e-03
3.6255200e-03
3.3053680e-03
3.9867730e-03
5.9615560e-03
8.1317550e-03
1.0147050e-02
1.1144490e-02
1.1757480e-02
1.1406780e-02
1.0840770e-02
1.0247250e-02
9.5994090e-03
8.7610180e-03
8.0102380e-03
7.5771630e-03
7.4079450e-03
6.7543680e-03
5.7862860e-03
5.1611910e-03
4.7124040e-03
4.3303570e-03
4.2900270e-03
4.3599330e-03
4.3135960e-03
4.5011240e-03
5.0403200e-03
5.5585380e-03
5.8877880e-03
5.8755010e-03
5.7810290e-03
5.6067910e-03
5.4435320e-03
5.2501100e-03
4.9492020e-03
4.5224250e-03
4.0102460e-03
3.6047680e-03
3.4965130e-03
3.7131100e-03
4.2053620e-03
4.8675580e-03
5.7337690e-03
6.6103490e-03
7.1711000e-03
7.3163500e-03
6.7449590e-03
5.2919980e-03
2.6712570e-03
6.0337230e-05
-5.9513390e-04
-1.0008910e-03
-1.9075730e-03
-3.1197540e-03
-4.2806860e-03
-5.0830070e-03
-5.5025100e-03
-5.5972480e-03
-5.8276510e-03
-6.0228100e-03
-6.1670630e-03
-6.2686430e-03
-6.2364280e-03
-6.1566210e-03
-6.4563460e-03
-7.5213470e-03
-8.6788170e-03
-9.2667270e-03
-9.2870360e-03
-8.4927780e-03
-7.5590430e-03
-6.9206320e-03
-6.1629460e-03
-5.7427400e-03
-6.1362320e-03
-6.9233810e-03
-7.1870540e-03
-7.0478030e-03
-6.4910020e-03
-5.5244570e-03
-4.2587930e-03
-2.0326110e-03
1.0576330e-04
1.7301110e-03
2.8099980e-03
2.9091270e-03
1.7678590e-03
1.2065790e-04
-1.7423430e-03
-2.6548680e-03
-2.9059710e-03
-2.6802950e-03
-2.0664720e-03
-1.2352340e-03
-1.9439680e-04
1.3983370e-03
2.6086570e-03
2.5224440e-03
1.6281690e-03
1.1238660e-03
7.8407430e-04
2.1282260e-04
-3.7574650e-04
-5.9967960e-04
-2.0610240e-04
4.3713250e-04
1.8534550e-03
4.0220980e-03
5.7826050e-03
6.8965560e-03
7.2640870e-03
6.5978980e-03
5.4846750e-03
4.8921280e-03
4.0573540e-03
2.7243540e-03
1.3422940e-03
-5.9617580e-05
-1.5093280e-03
-3.0048360e-03
-4.2878610e-03
-5.2378530e-03
-5.4897200e-03
-4.6516740e-03
-4.1663220e-03
-4.0501160e-03
-3.8362960e-03
-3.5037540e-03
-3.0785620e-03
-2.4086770e-03
-1.5329910e-03
-1.0123370e-03
-1.0466780e-03
-1.1732010e-03
-7.6391330e-04
6.2153440e-04
2.8510790e-03
4.5532810e-03
4.7277650e-03
3.4849600e-03
2.6348330e-03
2.1809650e-03
2.0378580e-03
2.3690490e-03
1.8568170e-03
-2.1988130e-04
-3.1987200e-03
-6.4422110e-03
-8.4709070e-03
-7.7953260e-03
-7.4641140e-03
-8.0191330e-03
-8.6523450e-03
-9.1498250e-03
-9.9343550e-03
-1.1129740e-02
-1.2209270e-02
-1.2998400e-02
-1.3172520e-02
-1.3174160e-02
-1.2774950e-02
-1.2089330e-02
-1.1222310e-02
-8.8869750e-03
-5.3644970e-03
-2.1982810e-03
4.0879790e-04
2.0620800e-03
3.5407350e-03
4.8145570e-03
6.1417030e-03
7.2977040e-03
8.5644910e-03
9.9682070e-03
1.0956880e-02
1.0665320e-02
8.6869730e-03
6.5767090e-03
5.0976650e-03
5.5236860e-03
6.0201270e-03
5.8604130e-03
4.8979210e-03
3.7142690e-03
3.3582610e-03
3.5252570e-03
3.8414390e-03
3.9378610e-03
3.7028840e-03
2.9148720e-03
1.7300320e-03
-9.0614490e-05
-3.0320630e-03
-5.0273390e-03
-5.9910540e-03
-6.4765380e-03
-7.0455770e-03
-7.5843260e-03
-7.3797130e-03
-6.5258850e-03
-5.2196170e-03
-2.7020090e-03
-3.3314910e-05
2.2155180e-03
3.4658530e-03
3.7550260e-03
3.4914270e-03
2.9531080e-03
2.4192820e-03
1.9894990e-03
1.9513290e-03
2.5527060e-03
3.1220130e-03
4.1665510e-03
5.3857290e-03
6.2059410e-03
6.6321380e-03
7.0405320e-03
7.5700520e-03
7.9412230e-03
8.2910320e-03
8.4360780e-03
7.9260120e-03
6.6879490e-03
5.6404750e-03
4.5476160e-03
3.4149250e-03
2.2109150e-03
9.5366530e-04
5.9283570e-05
2.9373680e-04
1.2311300e-03
1.6024090e-03
1.7061590e-03
1.3399940e-03
3.2126380e-04
-3.2238560e-04
-9.2091940e-04
-1.7140630e-03
-2.3818180e-03
-2.4866000e-03
-2.2487810e-03
-2.4440510e-03
-3.1134050e-03
-4.0041130e-03
-4.6964090e-03
-5.2588110e-03
-5.2807190e-03
-4.3655610e-03
-3.4811970e-03
-2.9000590e-03
-2.0155920e-03
-9.1657800e-04
4.7294620e-05
9.3898480e-04
2.0184980e-03
3.3273220e-03
4.4146890e-03
4.8992860e-03
5.2594570e-03
5.2259550e-03
4.3261170e-03
3.6118830e-03
3.1357510e-03
2.6437930e-03
2.0611890e-03
1.3123230e-03
2.8971540e-04
-9.0817190e-04
-1.8984040e-03
-2.7924680e-03
-3.7649240e-03
-4.8668310e-03
-6.0653970e-03
-7.2065080e-03
-8.2829520e-03
-9.1803350e-03
-8.8128170e-03
-6.2550560e-03
-3.1135370e-03
4.6622780e-04
2.4126470e-03
3.3183070e-03
3.4948850e-03
2.9109170e-03
1.7583820e-03
6.4622220e-04
-4.2239280e-04
-3.1428780e-04
2.8379630e-04
9.9876740e-04
1.4334370e-03
2.2722000e-03
3.5083730e-03
4.7439840e-03
5.9989300e-03
6.9586970e-03
7.2135920e-03
6.9019750e-03
6.0329000e-03
5.5441400e-03
5.2558100e-03
4.8092040e-03
4.0113970e-03
2.9664110e-03
2.2117580e-03
2.0164810e-03
1.6458150e-03
7.0777370e-04
-3.2017640e-04
-8.0133290e-04
-5.6409360e-04
2.6911770e-04
8.5826130e-04
1.7522460e-03
2.9669380e-03
4.2028070e-03
5.0939150e-03
4.9423420e-03
4.0430560e-03
2.6665220e-03
1.2729570e-03
1.1429610e-04
-5.4589690e-05
-5.0378910e-04
-1.1434660e-03
-1.9121600e-03
-2.7501210e-03
-3.4065520e-03
-3.8559530e-03
-4.2829190e-03
-4.5999940e-03
-4.7904220e-03
-4.7241170e-03
-4.5996270e-03
-4.4156570e-03
-3.9565430e-03
-2.9989290e-03
-1.4978060e-03
-2.4515180e-06
1.5844230e-03
2.7734110e-03
2.8607350e-03
2.2964750e-03
1.2327800e-03
1.0045560e-04
-1.1336600e-03
-2.2012400e-03
-3.4383220e-03
-5.0358710e-03
-6.8138930e-03
-7.8263040e-03
-7.7651190e-03
-7.8692970e-03
-7.9869350e-03
-8.1200570e-03
-7.9941920e-03
-7.4501770e-03
-6.4981540e-03
-5.5401010e-03
-4.0937720e-03
-2.2267910e-03
-3.4039900e-04
8.5920800e-04
1.4545810e-03
1.7813490e-03
2.3605560e-03
2.9074760e-03
3.3426180e-03
3.8044220e-03
4.3313670e-03
4.8501610e-03
5.3267500e-03
5.5247470e-03
5.0355650e-03
4.2608260e-03
3.5750350e-03
2.6295600e-03
1.7812050e-03
9.5009140e-04
6.5111310e-05
-7.7805040e-04
-1.4750400e-03
-1.9464960e-03
-1.6696390e-03
-9.5411710e-04
-6.7941090e-04
-1.3784410e-03
-2.5986520e-03
-3.4892310e-03
-4.5008160e-03
-5.3634770e-03
-6.1226050e-03
-6.6537920e-03
-6.7418550e-03
-6.7912690e-03
-6.6397000e-03
-6.5825420e-03
-6.5454910e-03
-6.1651790e-03
-5.3151530e-03
-4.4752520e-03
-3.6877280e-03
-2.9051690e-03
-2.3833980e-03
-2.1629370e-03
-1.9915020e-03
-2.1694090e-03
-2.3963990e-03
-2.2927340e-03
-1.7346700e-03
-9.3830350e-04
-2.1177250e-04
9.6640630e-05
-4.6016680e-04
-1.9763890e-03
-2.7261120e-03
-2.7269240e-03
-2.4756410e-03
-2.5113810e-03
-2.7118230e-03
-2.7372600e-03
-2.6366340e-03
-2.6514840e-03
-2.8990330e-03
-3.1519770e-03
-3.3107170e-03
-3.7027760e-03
-4.0238710e-03
-3.5715280e-03
-2.3455580e-03
-7.5623330e-04
1.9313370e-03
4.4091160e-03
5.9836180e-03
7.5156320e-03
8.7426170e-03
9.1740470e-03
8.5318970e-03
7.0860810e-03
6.5450280e-03
6.4356540e-03
6.3135900e-03
6.0399890e-03
5.0207670e-03
3.7176230e-03
2.7100110e-03
1.9737810e-03
1.8990630e-03
2.3109070e-03
2.3581280e-03
