0.01
-1.8042562e-04
-1.1170608e-03
-1.2174996e-03
-1.3033231e-03
-9.6194925e-04
-1.1637024e-03
-3.6536318e-04
-2.8955520e-04
-2.1812688e-04
1.7813472e-03
3.5804835e-03
4.8994117e-04
-2.3244802e-03
-4.2855879e-03
-2.2410671e-03
-1.0681261e-03
-1.5626225e-04
1.7066922e-03
7.3275223e-04
7.2444681e-04
6.1276242e-04
-1.3758365e-03
-2.0742420e-04
3.9180367e-03
3.3496528e-03
-1.7227806e-03
-3.2207631e-03
-3.8280647e-04
2.5511899e-03
4.4479928e-03
4.6364443e-03
3.4887375e-03
2.5044085e-03
4.3067120e-04
-3.0234254e-03
-7.2310623e-03
-9.9371526e-03
-5.0732728e-03
-1.2845042e-03
3.8753895e-04
1.6957351e-03
2.6080362e-03
-2.5340362e-03
-1.0375599e-02
-5.8575689e-03
5.9940269e-03
8.1666120e-03
2.0157058e-03
1.8137059e-03
4.7729461e-03
2.9503411e-04
-3.5377967e-03
-1.1746569e-03
4.8903624e-03
8.5915695e-03
6.5883075e-03
3.5897164e-03
4.6487783e-03
6.5174858e-03
2.9131481e-04
-3.2989679e-03
-1.3191892e-04
5.2914948e-04
-1.4433749e-03
-3.2847443e-03
-5.3831256e-03
-8.5561447e-03
-1.0888023e-02
-7.0421382e-03
-3.0826973e-03
-3.4220709e-03
-7.2624788e-03
-9.0817922e-03
-5.9710410e-03
-3.3768071e-04
3.6614495e-03
6.5689341e-03
4.7239215e-03
1.3299431e-03
-3.6621911e-04
4.8063249e-03
1.2475067e-02
1.5022609e-02
1.0261487e-02
3.4110346e-03
-1.3803497e-03
-3.0451294e-03
-1.2799615e-03
7.1596523e-04
4.7362420e-03
4.4650807e-03
2.5866004e-03
2.5743024e-03
-2.2704957e-04
-3.3870989e-03
-4.0443826e-03
-3.3093571e-03
-2.3668170e-03
-2.8174692e-04
-1.4566304e-03
-6.1214650e-03
-8.8921961e-03
-9.8360221e-03
-8.2669821e-03
-4.8711749e-03
-4.2667371e-03
-5.5192241e-03
-4.0047297e-03
-4.2274224e-03
-6.3697323e-03
-2.0516437e-03
4.9789658e-03
8.2704461e-03
9.3164679e-03
8.4707850e-03
6.1609399e-03
6.4950310e-03
8.3021978e-03
6.3445524e-03
6.7552452e-03
1.2609258e-02
1.4410481e-02
7.8639356e-03
-2.4119386e-03
-5.8976588e-03
-3.9495411e-03
-4.0689639e-03
-5.2002082e-03
-2.1100839e-03
7.1749204e-04
-4.7477453e-04
-4.6430348e-03
-9.1103799e-03
-1.1903248e-02
-1.4913315e-02
-1.4079015e-02
-1.1049434e-02
-4.1772473e-03
3.8854691e-03
6.5590982e-03
5.6290780e-03
4.4908896e-03
3.3656704e-03
2.2727568e-03
4.6181772e-03
1.0591114e-02
1.0208748e-02
6.2925374e-03
5.5156155e-03
5.4993814e-03
2.5864777e-03
-2.4513990e-03
-5.1557306e-03
-5.2411121e-03
-2.1464110e-03
6.7258970e-03
1.0289029e-02
1.3319220e-02
1.1235445e-02
2.2713065e-03
-4.3283897e-03
-7.3576165e-03
-1.0335758e-02
-1.3489565e-02
-1.4411506e-02
-9.7648594e-03
-1.0827206e-03
6.5250636e-03
1.1450344e-02
1.4541962e-02
8.8264929e-03
-5.8792766e-04
-6.2830387e-03
-1.1320269e-02
-1.1807509e-02
-8.1661004e-03
-1.1445075e-02
-1.0926422e-02
-5.0926486e-03
-1.4115435e-03
2.8226561e-03
7.5236190e-03
6.2590125e-03
2.4171174e-03
3.9892202e-03
4.8564348e-03
-1.8986520e-03
-6.2505470e-03
-3.1797200e-03
-4.3627131e-03
-3.9190352e-03
1.0259436e-03
2.7143076e-03
7.4649970e-03
2.2700069e-02
4.6296629e-02
7.2730112e-02
9.7077612e-02
1.0919074e-01
1.0544117e-01
8.8351112e-02
6.2714253e-02
1.8347559e-02
-3.9523150e-02
-9.9317915e-02
-1.3427364e-01
-1.3388360e-01
-1.0972120e-01
-6.4335246e-02
-2.1932406e-02
6.8324336e-03
3.4314594e-02
6.6591006e-02
9.4806992e-02
1.0702609e-01
1.0560405e-01
7.5796455e-02
1.1653894e-02
-5.7576766e-02
-1.1562439e-01
-1.5193537e-01
-1.6180411e-01
-1.5803663e-01
-1.5931911e-01
-1.6259837e-01
-1.5833138e-01
-1.2541638e-01
-5.5336169e-02
2.8591835e-02
1.1514968e-01
1.7309535e-01
1.8896045e-01
1.6282138e-01
8.9315110e-02
-6.9511727e-05
-6.9003765e-02
-1.0320764e-01
-1.0457721e-01
-8.3470180e-02
-4.4048867e-02
1.6730604e-03
4.4445014e-02
7.2023391e-02
8.6278625e-02
9.6663344e-02
1.1015849e-01
1.3018521e-01
1.5397257e-01
1.5026444e-01
1.1416383e-01
5.2600136e-02
-1.5352855e-02
-6.8121200e-02
-1.0325740e-01
-1.2240932e-01
-1.3025630e-01
-1.2624947e-01
-9.7271930e-02
-3.6647552e-02
3.0447119e-02
7.7500053e-02
8.9602163e-02
6.0677458e-02
7.0934880e-04
-5.0976201e-02
-8.0507025e-02
-8.3037690e-02
-6.8786606e-02
-4.5744824e-02
-2.2370363e-02
1.1745244e-04
1.7444901e-02
2.4304414e-02
1.9925031e-02
1.5438026e-02
1.7452218e-02
1.9185332e-02
1.8368464e-02
1.7247257e-02
2.0649772e-02
2.6348883e-02
2.8987271e-02
2.4937662e-02
7.7896361e-03
-1.4775640e-02
-2.7649580e-02
-3.0473726e-02
-2.3678019e-02
-1.2943430e-02
-5.4256080e-03
-1.2133219e-03
3.8903686e-03
8.4625199e-03
1.0320245e-02
7.1731435e-03
2.3447267e-03
1.8148273e-03
5.7287166e-03
5.6776986e-03
1.5955481e-03
-2.3115689e-03
-4.0039622e-03
-5.8545264e-03
-1.0150575e-02
-1.6060990e-02
-1.9002136e-02
-1.6951457e-02
-9.1195307e-03
-3.4603742e-04
7.5737086e-03
1.8248298e-02
2.8269680e-02
3.6079481e-02
4.0443130e-02
4.1396228e-02
3.9419614e-02
3.3564052e-02
2.5726827e-02
1.9035861e-02
1.3252946e-02
4.3187220e-03
-7.7119912e-03
-1.6383937e-02
-1.3923269e-02
2.9854720e-04
2.1589813e-02
3.9927279e-02
5.1499042e-02
5.2250736e-02
3.9028845e-02
1.4506495e-02
-1.1754093e-02
-3.5715414e-02
-5.2259719e-02
-5.9715742e-02
-5.6586998e-02
-4.6621086e-02
-3.4374047e-02
-2.4684362e-02
-1.4850732e-02
-8.7152000e-03
-6.0095691e-03
-1.0376061e-02
-2.3405908e-02
-3.7072218e-02
-4.3213950e-02
-4.3139157e-02
-4.1229325e-02
-3.4484581e-02
-2.2647434e-02
-8.8006487e-03
3.7087480e-03
1.2494588e-02
1.9284656e-02
2.1975530e-02
1.6723919e-02
5.0371632e-03
-7.7721332e-03
-1.9234548e-02
-2.2052688e-02
-1.6912747e-02
-2.9283020e-03
1.4602902e-02
2.3708077e-02
2.3667331e-02
2.2063074e-02
2.2198799e-02
2.1057334e-02
1.9143113e-02
1.6305233e-02
1.1120616e-02
6.3781672e-03
4.6989706e-03
6.5789379e-03
8.2655755e-03
6.2190389e-03
2.4178257e-03
1.5766725e-03
4.4597789e-03
1.5464878e-02
3.4407423e-02
5.7572494e-02
7.5984299e-02
8.4615864e-02
8.1354288e-02
6.2196805e-02
3.2995352e-02
4.9773008e-03
-1.6311622e-02
-2.6867895e-02
-3.1562908e-02
-3.3599422e-02
-3.5645054e-02
-3.7438305e-02
-3.7564938e-02
-3.6681944e-02
-3.0490997e-02
-2.0655488e-02
-1.1780874e-02
-9.1751479e-03
-1.5287052e-02
-2.2987663e-02
-3.0972774e-02
-3.7403912e-02
-4.2568414e-02
-4.9645255e-02
-5.3208598e-02
-5.5197412e-02
-5.6126853e-02
-5.6111728e-02
-4.9997133e-02
-3.7289052e-02
-2.2815580e-02
-8.2790781e-03
6.6812062e-03
2.1307632e-02
3.4886938e-02
4.5682314e-02
5.4489879e-02
6.1116440e-02
6.4881874e-02
6.4030694e-02
5.5149622e-02
3.9208231e-02
2.2554956e-02
8.8789890e-03
-4.1758627e-04
-4.2155163e-03
-3.2678870e-03
-1.5129844e-03
-6.6303768e-04
-1.6449644e-04
2.5785540e-03
7.5675813e-03
1.2342941e-02
1.6264750e-02
1.9282024e-02
1.6988615e-02
1.1061453e-02
3.0867903e-03
-2.4592290e-03
-3.5814625e-03
-1.2646359e-03
4.3954886e-03
6.3214317e-03
5.3720294e-03
3.6426089e-04
-5.3602455e-03
-6.2804074e-03
-3.2398840e-03
2.7968599e-03
9.5497555e-03
1.4327524e-02
1.7294124e-02
1.7980564e-02
1.5670606e-02
8.4181018e-03
-1.6596830e-03
-1.1186672e-02
-1.9742225e-02
-2.3926850e-02
-2.4552351e-02
-2.1640332e-02
-2.1026291e-02
-2.0074679e-02
-1.7034981e-02
-1.2874518e-02
-8.1020782e-03
-7.4388951e-03
-1.1614655e-02
-1.8366416e-02
-2.2841226e-02
-2.2631464e-02
-1.8901361e-02
-1.4307984e-02
-1.2017808e-02
-9.0740935e-03
-8.2008008e-03
-8.4959585e-03
-9.2953353e-03
-9.2633192e-03
-9.0927796e-03
-8.0716954e-03
-6.3801707e-03
-6.2960476e-03
-6.5354512e-03
-7.3047217e-03
-8.0784570e-03
-9.1562899e-03
-1.2114634e-02
-1.7125837e-02
-2.0059989e-02
-1.5830643e-02
-2.1504547e-03
1.7380754e-02
3.6933172e-02
5.0593972e-02
5.5101873e-02
5.2124307e-02
4.2262967e-02
3.0697429e-02
2.0746466e-02
1.2970770e-02
8.2168485e-03
7.6319542e-03
1.0540123e-02
1.7225854e-02
2.5193346e-02
3.1829225e-02
3.1992976e-02
2.3840525e-02
1.4821408e-02
8.4455204e-03
6.5154828e-03
6.4866191e-03
8.5463666e-03
1.1573305e-02
1.4239572e-02
1.3313611e-02
7.1103515e-03
-2.5517374e-03
-1.0233651e-02
-1.5963344e-02
-1.7834471e-02
-1.5757216e-02
-1.0114582e-02
-3.3776856e-03
-4.6049792e-04
-1.4079820e-03
-7.4098197e-03
-1.5217378e-02
-2.3828573e-02
-2.9658047e-02
-3.4351786e-02
-3.7458513e-02
-3.9413729e-02
-3.9401634e-02
-3.7290864e-02
-3.1504181e-02
-2.2811880e-02
-1.5023577e-02
-1.0001423e-02
-7.5029536e-03
-8.5148679e-03
-1.0132289e-02
-1.0298741e-02
-9.1725455e-03
-5.0817997e-03
5.3455848e-04
4.5103709e-03
5.2588508e-03
5.3037320e-04
-3.7194399e-03
-5.0049452e-03
-3.0711761e-03
8.6203855e-04
5.4348550e-03
7.5059522e-03
1.0542205e-02
1.4144375e-02
1.6947383e-02
2.0051896e-02
2.4128786e-02
2.7070909e-02
2.4849783e-02
1.8647615e-02
9.9774236e-03
3.9923565e-04
-7.1487180e-03
-1.1263791e-02
-1.1191658e-02
-6.0709524e-03
1.7474392e-03
9.1863359e-03
1.4019984e-02
1.6025200e-02
1.6104321e-02
1.6126290e-02
1.6260264e-02
1.5155180e-02
1.3251308e-02
1.0381202e-02
5.3350851e-03
-5.9602260e-04
-5.6174422e-03
-1.0264939e-02
-1.1961195e-02
-1.0038719e-02
-6.0381104e-03
-1.0857626e-03
3.5790490e-03
7.4552973e-03
8.2635230e-03
6.2704453e-03
2.1685036e-03
-2.4017651e-03
-4.3787310e-03
-3.1222471e-03
2.6610999e-03
8.5294053e-03
1.3425714e-02
1.3233392e-02
8.1871258e-03
-4.7970325e-04
-8.4222263e-03
-1.5294132e-02
-1.9991746e-02
-2.4043864e-02
-2.6744392e-02
-2.6820799e-02
-2.5856678e-02
-2.3679112e-02
-1.9963899e-02
-1.5105587e-02
-7.5331273e-03
-2.4843573e-03
4.4391610e-03
1.0392266e-02
1.3234950e-02
1.5181572e-02
1.7784653e-02
1.9888312e-02
2.2148819e-02
2.2951074e-02
2.0809557e-02
1.4197275e-02
5.0438533e-03
-5.4985787e-03
-1.3028224e-02
-1.6963728e-02
-1.5837456e-02
-1.2769004e-02
-7.8720190e-03
-3.3709525e-03
-1.3041752e-03
-4.6955874e-04
-1.8238243e-04
2.7497031e-03
6.4270390e-03
1.0142922e-02
9.7672940e-03
6.4624858e-03
8.7643055e-04
-4.4937182e-03
-9.1193520e-03
-1.1341035e-02
-1.4085041e-02
-1.4000268e-02
-1.1767646e-02
-7.0331506e-03
-1.0471262e-03
5.5961633e-03
1.1413532e-02
1.7759809e-02
1.8947537e-02
1.8304648e-02
1.4194576e-02
8.1514222e-03
3.3894995e-03
-3.5236416e-04
-2.3677716e-03
-4.3246499e-03
-6.3789414e-03
-7.4076462e-03
-6.1059805e-03
-3.0083569e-03
2.5585135e-03
9.4676084e-03
1.6730355e-02
2.1236065e-02
1.9946174e-02
1.2949979e-02
4.0428366e-03
-4.3816952e-03
-1.0185304e-02
-1.3300371e-02
-1.3717011e-02
-1.4838923e-02
-1.4210080e-02
-1.3331523e-02
-1.1370151e-02
-8.2577598e-03
-3.3785344e-03
6.0102345e-04
4.5336495e-03
5.3827212e-03
3.2524115e-03
-3.3959303e-04
-3.1556934e-03
-6.2273868e-03
-7.4364978e-03
-8.3178887e-03
-7.3799653e-03
-6.5174493e-03
-5.1942677e-03
-4.3844018e-03
-3.3623347e-03
-1.3615342e-03
7.2665783e-04
3.8179068e-03
6.4240647e-03
6.3114133e-03
4.2798021e-03
5.7006271e-04
-4.3406184e-03
-1.0986244e-02
-1.5960704e-02
-1.9253107e-02
-2.1158495e-02
-1.8985464e-02
-1.4738694e-02
-7.1443490e-03
1.0353346e-03
8.4602171e-03
1.2314596e-02
1.3175510e-02
1.1157755e-02
1.0210737e-02
8.3336396e-03
9.3921415e-03
1.1362928e-02
1.3313437e-02
1.5149450e-02
1.5203311e-02
1.5111465e-02
1.6175992e-02
1.8283890e-02
1.9208893e-02
1.8287293e-02
1.4361197e-02
7.0390568e-03
-1.4305882e-03
-7.9783735e-03
-1.2994297e-02
-1.4062539e-02
-1.3913733e-02
-1.2093334e-02
-9.9890004e-03
-6.3147265e-03
-3.4845846e-03
-1.1582744e-03
1.6335214e-03
3.0214842e-03
3.7459397e-03
3.4568752e-03
3.7365529e-03
4.6082762e-03
4.3130801e-03
3.3381279e-03
1.6194571e-03
-1.3790491e-03
-5.4462762e-03
-8.2934271e-03
-9.4396397e-03
-9.4428370e-03
-8.1380379e-03
-7.0820341e-03
-5.2640960e-03
-3.1751648e-03
6.7695080e-04
4.5970192e-03
8.3184500e-03
1.1071691e-02
1.2075276e-02
1.0144513e-02
6.4076849e-03
1.5574460e-03
-1.6406928e-03
-4.2648102e-03
-4.2243400e-03
-4.4091258e-03
-5.6238092e-03
-8.5077523e-03
-1.0097444e-02
-1.4258222e-02
-1.3892056e-02
-1.2189883e-02
-9.0474763e-03
-6.2677819e-03
-3.3909212e-03
-1.5162494e-03
-6.2356357e-04
3.8920581e-04
1.4005179e-03
1.5804751e-03
3.7160919e-03
6.6641029e-03
1.0295591e-02
1.2378501e-02
1.3374744e-02
1.2373394e-02
9.3324812e-03
5.3488292e-03
1.6350545e-03
-5.0534088e-04
-1.3485022e-03
8.7656061e-04
3.5778688e-03
5.6383616e-03
5.6922632e-03
4.5421233e-03
2.3073477e-03
-4.7713173e-04
-2.3365521e-03
-4.3933922e-03
-5.4603082e-03
-6.4615370e-03
-7.4705663e-03
-8.2924135e-03
-1.1093565e-02
-1.3116128e-02
-1.5083916e-02
-1.3956886e-02
-9.9394013e-03
-4.1596734e-03
1.5962069e-03
5.3463607e-03
7.5483957e-03
8.3072307e-03
6.4075370e-03
6.6483892e-03
7.6757918e-03
8.5349026e-03
1.0462358e-02
1.2164886e-02
1.3180809e-02
1.3175259e-02
1.1200473e-02
1.0112485e-02
9.3252819e-03
9.4191723e-03
8.6195120e-03
7.3268420e-03
3.4522149e-03
-1.2024523e-03
-6.3758687e-03
-1.1322188e-02
-1.4118088e-02
-1.5932354e-02
-1.5968306e-02
-1.6048574e-02
-1.5849945e-02
-1.4792030e-02
-1.3892057e-02
-1.2084606e-02
-9.8904386e-03
-7.2012651e-03
-3.7525153e-03
-1.5852181e-03
1.3954889e-03
4.4532543e-03
5.6579461e-03
6.5215579e-03
6.2676095e-03
5.2462508e-03
4.2882079e-03
2.6911870e-03
1.5499514e-03
-2.5832509e-04
-1.2902761e-03
-5.0315689e-04
-2.2355550e-04
7.5979872e-04
2.5492725e-03
4.7363005e-03
7.5536454e-03
9.2559771e-03
1.0103173e-02
8.4047899e-03
5.5134622e-03
5.6812073e-04
-3.1809506e-03
-6.0980326e-03
-8.3095455e-03
-9.1647974e-03
-9.2340842e-03
-8.2272047e-03
-6.0784010e-03
-2.2408520e-03
1.6099162e-03
6.2322856e-03
9.2816865e-03
1.1269048e-02
1.1099710e-02
1.0251291e-02
7.4788269e-03
5.4030393e-03
3.6738895e-03
2.6612087e-03
2.6309779e-03
1.7543574e-03
7.0740523e-04
6.3487491e-04
5.9172619e-04
6.4472065e-04
4.5430479e-04
-1.2338300e-03
-2.2335250e-03
-4.5889987e-03
-6.5163469e-03
-7.2835672e-03
-7.0651371e-03
-5.4099655e-03
-4.2608218e-03
-3.1408909e-03
-1.4094914e-03
-1.4013112e-03
-1.3337335e-03
-1.4466244e-03
-3.4478862e-03
-4.4574184e-03
-6.1272489e-03
-7.0485373e-03
-7.4049794e-03
-8.1745744e-03
-9.1164362e-03
-8.3155427e-03
-8.0862960e-03
-6.2180476e-03
-4.1430434e-03
-2.9629411e-04
3.6047721e-03
7.4770966e-03
8.4445896e-03
8.2472761e-03
6.5124512e-03
6.4491279e-03
6.6013003e-03
8.3025218e-03
9.2521064e-03
9.3535466e-03
9.4235398e-03
8.6085969e-03
7.4665532e-03
5.3241545e-03
4.5561545e-03
3.6504719e-03
3.5365832e-03
3.5475320e-03
3.5113386e-03
3.5876145e-03
3.3015442e-03
2.5888991e-03
1.5935723e-03
-4.5881360e-04
-2.2391146e-03
-5.3702490e-03
-8.3547710e-03
-1.2233708e-02
-1.5245048e-02
-1.5832001e-02
-1.4838373e-02
-1.3079165e-02
-1.0324329e-02
-7.1062886e-03
-4.1779764e-03
-2.4902983e-03
-1.5375249e-03
-1.1652662e-03
-3.9843243e-04
4.8036127e-04
5.8339782e-04
5.8395701e-04
5.9618648e-04
5.9521239e-04
6.0709629e-04
5.2831438e-04
1.4213531e-03
2.3139022e-03
3.5616715e-03
4.6978874e-03
5.6611532e-03
7.2752092e-03
8.4279692e-03
9.6331572e-03
1.0399772e-02
1.0342960e-02
1.0420421e-02
9.5917522e-03
8.4279293e-03
6.4228393e-03
4.4979316e-03
2.4658766e-03
1.3668256e-03
5.7717318e-04
-1.1464390e-04
2.0144452e-03
1.0846089e-03
5.5136689e-04
4.9753613e-04
-1.4601536e-03
-3.3017559e-03
-5.5079560e-03
-8.2903957e-03
-1.0191630e-02
-1.2039674e-02
-1.2115252e-02
-1.1319439e-02
-1.0252064e-02
-7.2194402e-03
-6.1110395e-03
-4.3777558e-03
-4.2705100e-03
-4.5162830e-03
-5.2787289e-03
-6.0854337e-03
-6.4615474e-03
-7.1940948e-03
-8.1222457e-03
-8.1029215e-03
-6.0941320e-03
-5.1367097e-03
-3.2639318e-03
-1.3811113e-03
1.4608231e-03
3.6861911e-03
6.7436430e-03
9.4529070e-03
1.1392442e-02
1.3157173e-02
1.4102980e-02
1.4355007e-02
1.3269320e-02
1.1263143e-02
1.0014413e-02
7.3625229e-03
5.2348229e-03
2.4484381e-03
5.3686731e-04
-1.3101578e-03
-1.3123698e-03
-1.4809510e-03
-3.2100063e-04
7.3646808e-04
2.5723808e-03
4.5259538e-03
6.5235646e-03
7.6581431e-03
8.4211943e-03
8.4949745e-03
7.4308948e-03
5.4201539e-03
3.5001982e-03
1.5454903e-03
-4.6934097e-04
-1.5945615e-03
-2.3746797e-03
-2.4114879e-03
-1.4798501e-03
-1.3234574e-03
-2.2231926e-03
-2.5040316e-03
-3.4764682e-03
-5.3519553e-03
-7.2109819e-03
-9.4668387e-03
-1.1996311e-02
-1.3689895e-02
-1.5101540e-02
-1.6138287e-02
-1.5045832e-02
-1.2949033e-02
-9.0289598e-03
-6.0468605e-03
-2.4378799e-03
4.0061898e-04
3.4855832e-03
4.6383174e-03
5.7004014e-03
6.4832174e-03
6.4735231e-03
6.2342784e-03
5.4652181e-03
4.5914947e-03
4.5656744e-03
3.6082551e-03
3.5898783e-03
2.6444781e-03
2.5853505e-03
1.8202912e-03
2.8218814e-03
3.5834276e-03
3.4783607e-03
3.6252126e-03
2.5579633e-03
4.7496149e-04
-1.1666525e-03
-2.3495672e-03
-4.1907037e-03
-4.4540488e-03
-5.3323008e-03
-5.2521211e-03
-5.3381368e-03
-4.4575416e-03
-4.0970916e-03
-3.3255212e-03
-3.1356759e-03
-2.2637615e-03
-2.4452308e-03
-1.4428591e-03
-1.4599661e-03
-1.1176893e-03
-5.9235069e-04
-1.1899139e-03
-1.1707384e-03
-1.4221800e-03
-1.1909778e-03
-1.5007590e-04
7.3460268e-04
2.5876156e-03
4.5966353e-03
5.6972246e-03
6.4760316e-03
7.1159056e-03
6.3484009e-03
6.5627953e-03
5.4054742e-03
4.2834831e-03
2.7017437e-03
1.5990215e-03
-5.0485018e-04
-1.5698881e-03
-2.4686106e-03
-4.4810018e-03
-5.2292536e-03
-6.1912507e-03
-6.0247821e-03
-5.3001588e-03
-4.3085911e-03
-2.3501116e-03
4.2732046e-04
3.4234959e-03
5.4962140e-03
6.6963739e-03
7.3225519e-03
5.5523821e-03
4.6120737e-03
4.5965056e-03
3.6159366e-03
3.5135411e-03
4.1906614e-03
3.4844201e-03
3.2919348e-03
2.5678555e-03
1.5833085e-03
-5.2177223e-04
-1.5478871e-03
-2.6125483e-03
-3.3055317e-03
-4.1971436e-03
-4.3304934e-03
-3.5835431e-03
-4.5588498e-03
-5.4878535e-03
-7.1210266e-03
-8.1008755e-03
-8.1812318e-03
-8.2377398e-03
-8.1097007e-03
-6.1938409e-03
-4.2889871e-03
-1.6782299e-03
-3.3219060e-04
5.5523422e-04
7.5295557e-04
1.6393054e-03
1.4727551e-03
2.3759174e-03
3.3303583e-03
4.2926639e-03
5.2641421e-03
6.2330025e-03
7.2602324e-03
7.3978789e-03
7.3073598e-03
5.2594713e-03
4.5051503e-03
3.6135931e-03
3.4955187e-03
3.4951170e-03
3.5424212e-03
2.7308379e-03
1.4734878e-03
4.3886245e-04
-1.4655809e-03
-3.2833717e-03
-3.3123931e-03
-3.3231006e-03
-1.5281007e-03
-1.0427562e-03
-1.2298520e-03
-1.3575598e-04
8.3557512e-04
1.6306465e-03
1.4798150e-03
2.4304172e-03
2.5699647e-03
2.3085119e-03
1.5380529e-03
7.8888079e-04
-3.6716331e-04
-2.5090925e-03
-3.3502889e-03
-3.2916123e-03
-4.0001854e-03
-3.2992185e-03
-3.1374358e-03
-2.2652616e-03
-2.4187485e-03
-2.1339033e-03
-1.3594034e-03
-6.2769839e-04
6.1682916e-04
1.7863314e-03
2.5948273e-03
2.3840612e-03
3.0808673e-03
2.9372484e-03
1.6402358e-03
1.6965174e-03
6.7932418e-04
6.5673626e-04
4.0198148e-04
-4.6367846e-04
-3.8242645e-04
-3.2365070e-04
-1.2795524e-03
-1.3390356e-03
-1.4111708e-03
-1.1710709e-03
-3.2285407e-04
-4.0883810e-04
-4.1091324e-04
-2.9176232e-04
-1.3610659e-03
-3.4157190e-03
-5.1257630e-03
-6.1149746e-03
-6.2231699e-03
-6.2963525e-03
-5.4800639e-03
-4.3071692e-03
-2.8512854e-03
-1.9963623e-03
-4.8684391e-04
-1.9596648e-04
6.5372843e-04
5.6323203e-04
6.4136995e-04
3.8022693e-04
-3.7439349e-04
-1.3384081e-03
-4.0285357e-04
-1.2783373e-03
-1.3804184e-03
-1.2801767e-03
-2.2423680e-03
-2.3780888e-03
-2.0932967e-03
-2.0107314e-03
-1.1409226e-03
-1.1338076e-04
6.6790507e-04
5.7938318e-04
5.6062429e-04
1.9512494e-03
4.2102989e-04
5.8273983e-04
6.7038925e-04
-3.5910058e-04
-1.5503412e-04
6.2244886e-04
7.1673052e-04
2.4031679e-03
3.5484562e-03
4.7058146e-03
5.6641633e-03
6.7087908e-03
7.4727500e-03
7.4824960e-03
6.6253825e-03
5.6636686e-03
4.6885805e-03
3.7758382e-03
2.5205789e-03
1.3938220e-03
3.6271665e-04
-4.0048892e-04
-4.7543650e-04
6.3474221e-04
2.4296545e-03
3.3844658e-03
3.5030852e-03
3.5091487e-03
3.5910464e-03
2.6883758e-03
2.4060572e-03
1.3584564e-03
3.8380604e-04
-6.0230739e-04
-1.5631836e-03
-2.6158011e-03
-3.3295654e-03
-3.4968116e-03
-4.4322902e-03
-4.0683548e-03
-3.2970042e-03
-3.1902180e-03
-2.0647204e-03
-1.3099716e-03
-1.3755689e-03
-1.3626109e-03
-1.2823310e-03
-2.2361515e-03
-2.3169530e-03
-2.3191699e-03
-2.3400253e-03
-2.3138842e-03
-2.3894154e-03
-2.1177410e-03
-1.3234188e-03
-1.2164255e-03
-1.1348125e-04
7.1321672e-04
3.7362697e-04
-3.7767955e-04
-5.5672197e-04
-1.4217546e-03
-1.3233653e-03
-1.4293336e-03
-4.8972275e-04
-3.4321558e-04
-5.9913107e-04
-1.3637276e-03
-2.1630562e-03
-2.5129463e-03
-3.4327297e-03
-2.4688036e-03
-1.5910641e-03
-3.6057619e-04
8.2779001e-04
1.6124087e-03
1.5743172e-03
9.1771695e-04
1.6206437e-03
1.7043387e-03
3.4455840e-03
4.3243619e-03
4.6898241e-03
5.5257120e-03
5.5144065e-03
5.2699613e-03
4.5006343e-03
3.7001233e-03
2.7428647e-03
1.7103443e-03
9.9451636e-04
1.3987677e-03
1.3999983e-03
1.6434109e-03
7.9552201e-04
-4.1961039e-04
-1.5318508e-03
-3.1808405e-03
-4.0821996e-03
-5.1226853e-03
-5.2682827e-03
-5.0645198e-03
-4.1092840e-03
-2.2741551e-03
-2.7280142e-04
8.4305694e-04
1.6376146e-03
1.5787553e-03
1.5998662e-03
1.5982553e-03
1.5316229e-03
2.4145561e-03
2.7569050e-03
3.5797791e-03
3.5803283e-03
3.3398456e-03
2.4866261e-03
2.6548505e-03
1.6815120e-03
1.6132393e-03
1.5249585e-03
2.4642219e-03
2.5471536e-03
2.5373859e-03
2.6304684e-03
1.7376275e-03
8.3567446e-04
-3.9218419e-04
-1.5317194e-03
-3.1231643e-03
-4.2293005e-03
-6.3169351e-03
-7.4175614e-03
-8.2129810e-03
-8.2136767e-03
-7.3606008e-03
-7.0329719e-03
-5.4809478e-03
-6.4001789e-03
-5.3408835e-03
-5.2538804e-03
-5.3168656e-03
-5.0316317e-03
-4.2863230e-03
-3.3894328e-03
-3.3569920e-03
-3.1176575e-03
-1.6503370e-03
-1.4714990e-03
-2.2367836e-03
-1.7240751e-03
-1.5040949e-03
-1.3998651e-03
-1.2129962e-03
-8.5168169e-05
5.8940364e-04
1.4036240e-03
2.4642208e-03
2.4599283e-03
3.4390780e-03
3.4432523e-03
4.3988902e-03
4.4927703e-03
4.4819393e-03
4.5825975e-03
3.6417935e-03
3.4858486e-03
3.8261824e-03
3.7065018e-03
3.5231108e-03
3.6141716e-03
3.3325279e-03
2.5130628e-03
2.5332591e-03
2.7443509e-03
3.6596712e-03
3.3058887e-03
2.5649788e-03
1.7818440e-03
7.1804211e-04
6.4566590e-04
6.3478789e-04
5.4191324e-04
1.5070165e-03
1.5001039e-03
2.4550153e-03
2.5503548e-03
2.5526483e-03
2.5500748e-03
2.6131190e-03
2.3460651e-03
1.5875797e-03
7.8540891e-04
-2.0397436e-04
-5.3877723e-04
-1.3923646e-03
-1.3385167e-03
-1.2856574e-03
-1.5608039e-03
-2.3262948e-03
-2.5209143e-03
-3.3149995e-03
-3.4781707e-03
-4.4079078e-03
-3.4377898e-03
-3.1165961e-03
-2.2638677e-03
-2.4246446e-03
-1.3701971e-03
-2.2467549e-03
-2.2611123e-03
-3.1368631e-03
-3.4745510e-03
-4.3827347e-03
-4.0320119e-03
-3.3519499e-03
-2.2684400e-03
-1.1281260e-03
-1.7962707e-04
1.4840404e-03
1.8284702e-03
2.3517486e-03
2.3843996e-03
2.5731559e-03
2.5431513e-03
2.5528021e-03
2.6358262e-03
1.6851608e-03
1.6017650e-03
1.6042623e-03
1.5968198e-03
1.5124104e-03
2.4803798e-03
2.4834032e-03
2.8337421e-03
2.7172761e-03
2.6146669e-03
2.3828072e-03
1.5252522e-03
1.5948065e-03
1.6363056e-03
1.3701372e-03
6.1010438e-04
-1.7799230e-04
-1.2395290e-03
-1.2264212e-03
-2.2754265e-03
-1.4085189e-03
-1.4090753e-03
-4.5631366e-04
-4.5928257e-04
5.4553025e-04
4.2994444e-04
-6.0485233e-04
-1.5365110e-03
-3.2070466e-03
-3.4758474e-03
-4.3450155e-03
-4.2472834e-03
-4.3340237e-03
-4.0766801e-03
-3.2293088e-03
-3.3055097e-03
-3.3576517e-03
-2.4725119e-03
-1.5756479e-03
-3.2577182e-04
7.3525054e-04
2.6329196e-03
3.8486011e-03
3.7368033e-03
2.7270269e-03
2.3819128e-03
1.5885493e-03
1.4035750e-03
5.4189053e-04
6.3835272e-04
5.2759807e-04
1.4851252e-03
1.5678609e-03
1.5638017e-03
1.6003469e-03
1.5267914e-03
1.7845819e-03
2.6269366e-03
2.5408586e-03
2.5655537e-03
2.5607771e-03
2.5597672e-03
2.5540363e-03
2.5744966e-03
2.5037413e-03
2.7622877e-03
3.5990212e-03
3.5112765e-03
3.5980552e-03
2.6970292e-03
2.4335166e-03
7.0991917e-04
-1.7852802e-04
-1.1615097e-03
-2.1340158e-03
-3.1073160e-03
-4.0787683e-03
-5.0423845e-03
-6.0925818e-03
-6.1887479e-03
-6.2100533e-03
-6.2021030e-03
-6.2753313e-03
-6.0001671e-03
-5.2328550e-03
-5.0425188e-03
-4.2436749e-03
-4.0846032e-03
-3.1977041e-03
-3.3622406e-03
-3.0642161e-03
-2.2954472e-03
-2.1042955e-03
-1.3708802e-03
-3.2308912e-04
8.8250468e-04
1.6325949e-03
1.5760874e-03
1.6785574e-03
7.1402808e-04
6.5320998e-04
5.7676767e-04
8.3557623e-04
1.6187280e-03
1.7888820e-03
2.5908334e-03
3.3844560e-03
3.7447931e-03
4.5858232e-03
4.5123579e-03
4.5323338e-03
4.5330014e-03
4.5116874e-03
4.5777079e-03
4.3106233e-03
3.5405198e-03
2.7501228e-03
1.7770253e-03
7.4499725e-04
6.4271896e-04
6.4479466e-04
5.8458469e-04
7.7460300e-04
1.8710511e-03
2.6287571e-03
2.5659730e-03
2.5731805e-03
2.6503860e-03
1.7665126e-03
7.8445803e-04
4.9799385e-04
-5.7088859e-04
-1.5243485e-03
-2.5683826e-03
-3.3214898e-03
-3.3184198e-03
-3.1639246e-03
-1.3535016e-03
-1.4438790e-03
-4.6303643e-04
-3.6533763e-04
-3.9063841e-04
-2.9907276e-04
-5.7719143e-04
-1.3686135e-03
-1.4740040e-03
-2.6059230e-03
-3.2784565e-03
-4.1476155e-03
-4.3236440e-03
-4.0474272e-03
-3.2724844e-03
-3.1498985e-03
-2.0778102e-03
-1.1341805e-03
-8.9870442e-05
5.9783748e-04
1.4996937e-03
1.5241145e-03
1.8591033e-03
1.7519770e-03
1.6537207e-03
8.0003038e-04
-1.6443076e-04
-1.2088024e-03
-1.2957868e-03
-1.2921165e-03
-2.0063984e-03
-1.2243309e-03
-1.3798611e-03
-1.1062639e-03
-3.5018996e-04
5.1296117e-04
6.1716930e-04
6.1624543e-04
6.2503424e-04
6.1189172e-04
6.9886601e-04
-2.5397617e-04
-3.4075275e-04
-3.2229378e-04
-4.0659485e-04
-1.4584491e-04
6.8916594e-04
6.2396247e-04
5.7887595e-04
8.3615817e-04
1.6554962e-03
1.6412280e-03
1.4046614e-03
5.4829333e-04
7.1973785e-04
-2.6387948e-04
-3.1860969e-04
-3.9021154e-04
-1.4822374e-04
7.1148518e-04
5.4533479e-04
1.4377577e-03
2.4668831e-03
2.5470063e-03
2.5671190e-03
2.5727151e-03
2.5615964e-03
2.6496539e-03
1.6954375e-03
1.6176771e-03
1.6110775e-03
1.5874640e-03
1.6825176e-03
7.0830692e-04
6.9217907e-04
4.2539939e-04
-3.4678133e-04
-1.2047585e-03
-1.3338613e-03
-1.2627883e-03
-1.5330846e-03
-2.3719299e-03
-2.2875588e-03
-2.3128691e-03
-2.3089173e-03
-2.3077223e-03
-2.3090820e-03
-2.3114385e-03
-2.2959650e-03
-2.3703740e-03
-2.0323784e-03
-2.1509852e-03
-2.2305987e-03
-3.1640335e-03
-3.2574190e-03
-3.2649990e-03
-3.2965014e-03
-2.6599149e-03
-2.5457119e-03
-2.0997844e-03
-1.3340567e-03
-1.1545903e-03
-2.6694118e-04
-4.2532640e-04
-1.4466787e-04
6.8813488e-04
6.2220775e-04
5.7283521e-04
8.4514868e-04
1.6181226e-03
1.7882137e-03
2.6550351e-03
2.5643755e-03
2.5877485e-03
2.5825520e-03
2.5864171e-03
2.5639235e-03
2.6349138e-03
2.3740336e-03
1.5222180e-03
1.6997712e-03
6.9911425e-04
6.9141169e-04
4.3455391e-04
-4.2945092e-04
-3.1783593e-04
-4.1376979e-04
-1.5473815e-04
6.9119557e-04
5.9990266e-04
6.1674216e-04
6.9663491e-04
-2.5452944e-04
-3.4659121e-04
-3.3343517e-04
-3.4175108e-04
-1.0224523e-03
-2.4501443e-04
-1.0322857e-03
-2.5831847e-04
-3.5455482e-04
-3.3942062e-04
-3.3064051e-04
-9.4592396e-04
-1.1374276e-03
-1.3080413e-03
-1.2996707e-03
-1.3185321e-03
-1.3124795e-03
-1.3090635e-03
-1.3920100e-03
-4.3620079e-04
-4.2188550e-04
4.6056139e-04
8.2900513e-04
1.5923660e-03
1.8651624e-03
1.7736821e-03
1.6064086e-03
1.6233903e-03
1.5944741e-03
1.6853561e-03
7.2292904e-04
6.4440489e-04
6.7232775e-04
-2.7032107e-05
6.0278412e-05
6.6823905e-04
8.5143416e-04
1.6226449e-03
2.4927081e-03
2.5121950e-03
3.4577813e-03
3.5459122e-03
3.6251479e-03
2.6847419e-03
2.6635789e-03
1.7848709e-03
1.4115434e-03
6.3852629e-04
4.5524740e-04
-4.1839766e-04
-3.0945939e-04
-3.4052016e-04
-9.5517344e-04
-4.5472580e-04
-1.4253212e-03
-5.5770738e-04
-1.6194722e-03
-2.3074086e-03
-2.4935309e-03
-3.2732534e-03
-4.1483265e-03
-4.1801168e-03
-4.5012676e-03
-4.4685775e-03
-4.0314101e-03
-3.3017158e-03
-2.4093376e-03
-2.2977291e-03
-2.3888694e-03
-1.4027657e-03
-1.3906146e-03
-1.1207356e-03
-3.5105449e-04
5.1603133e-04
6.3254054e-04
5.3948199e-04
1.5262161e-03
1.5379919e-03
1.8030317e-03
2.5916286e-03
3.3776525e-03
3.8279378e-03
3.7201987e-03
3.5434669e-03
3.6473743e-03
3.2983213e-03
2.7960024e-03
2.7678133e-03
2.6404658e-03
1.7840119e-03
1.4283037e-03
5.8567654e-04
6.5557227e-04
6.3414426e-04
6.4111678e-04
6.2390486e-04
6.8795211e-04
4.2334953e-04
-3.2735059e-04
-1.2163599e-03
-1.2533665e-03
-1.5071313e-03
-2.3637793e-03
-2.2737387e-03
-2.2995672e-03
-2.3009745e-03
-2.2783037e-03
-2.3484502e-03
-2.0946092e-03
-1.2353110e-03
-1.3987967e-03
-1.0267150e-03
-1.1601280e-03
-1.2636312e-03
-1.5050680e-03
-2.2802319e-03
-3.1479818e-03
-3.2512749e-03
-3.2408489e-03
-3.3472011e-03
-2.3685163e-03
-2.3576977e-03
-2.1054137e-03
-1.2265733e-03
-1.3877955e-03
-1.1019535e-03
-2.6724790e-04
-3.6735685e-04
-2.3735061e-04
-1.2604326e-03
-1.0831350e-03
-3.1232924e-04
4.9049863e-04
7.8951119e-04
1.8806124e-03
2.6576832e-03
2.5962455e-03
2.5231855e-03
3.5574483e-03
2.6832292e-03
2.6035911e-03
2.6212845e-03
2.5792762e-03
2.6561337e-03
2.3906717e-03
1.5570049e-03
1.6506318e-03
1.0171383e-03
8.2595994e-04
6.4919789e-04
7.4840315e-04
-2.4045443e-04
-2.5079430e-04
-5.1109357e-04
-1.3693253e-03
-1.2809520e-03
-1.3068721e-03
-1.2898248e-03
-1.3722433e-03
-4.8931696e-04
4.9104274e-04
7.8136499e-04
1.8313003e-03
2.8463897e-03
3.6374913e-03
3.5781830e-03
2.9825819e-03
2.8540853e-03
1.7956193e-03
1.4572026e-03
6.8875116e-04
-2.1570705e-04
-2.4508719e-04
-4.9803567e-04
-1.4234539e-03
-4.4385119e-04
-1.3137497e-04
6.5443624e-04
1.4653973e-03
1.8294467e-03
2.6803467e-03
2.4946403e-03
3.6260053e-03
2.4689847e-03
1.6835148e-03
6.3780401e-04
-5.9487796e-04
-1.2572594e-03
-2.1644892e-03
-2.2613541e-03
-2.2587467e-03
-2.2727059e-03
-2.2676317e-03
-2.2686799e-03
-2.2687801e-03
-2.2627131e-03
-2.2834540e-03
-2.2141566e-03
-2.4686863e-03
-3.3146917e-03
-3.2212819e-03
-3.2441074e-03
-3.3099462e-03
-2.3622946e-03
-2.3806144e-03
-7.1855292e-04
-1.4768755e-03
-4.1552838e-04
-3.9619827e-04
-1.4286764e-04
7.2180220e-04
6.2988958e-04
6.4500153e-04
7.2472282e-04
-1.6417656e-04
-1.1234852e-03
-1.4838638e-03
-2.2740435e-03
-2.4594521e-03
-3.3068248e-03
-3.2819233e-03
-3.0464863e-03
-2.2685759e-03
-1.4506666e-03
-1.1527064e-03
-5.2626475e-05
6.5385329e-04
1.4714408e-03
1.8334285e-03
2.6833449e-03
2.5211884e-03
3.4873050e-03
3.6509272e-03
2.7022308e-03
2.6185466e-03
2.6757989e-03
2.3979468e-03
1.6506929e-03
7.5823777e-04
