0.01
9.2693810e-03
1.1932300e-02
1.3973870e-02
1.4120910e-02
1.2197730e-02
9.3751370e-03
6.5244080e-03
4.1851160e-03
2.8344340e-03
2.6503700e-03
3.0005500e-03
3.3970980e-03
3.3118550e-03
2.0565880e-03
-5.6168580e-04
-4.2051410e-03
-8.2010840e-03
-1.1148400e-02
-1.2279370e-02
-1.1193080e-02
-7.3084230e-03
-1.8691630e-03
3.5880840e-03
7.5088270e-03
8.7373330e-03
6.6286240e-03
1.0792240e-03
-6.8565720e-03
-1.6210870e-02
-2.5342140e-02
-3.3085730e-02
-3.9586950e-02
-4.3858530e-02
-4.4619190e-02
-4.2701250e-02
-3.8945990e-02
-3.3603700e-02
-2.6226080e-02
-1.7340450e-02
-7.5661920e-03
2.3706990e-03
1.0585070e-02
1.5109890e-02
1.5312220e-02
1.2802680e-02
1.0554700e-02
1.0158910e-02
1.1150140e-02
1.1937970e-02
1.0872630e-02
7.2581130e-03
1.9773760e-03
-3.2557210e-03
-6.7605210e-03
-9.0291740e-03
-1.1138680e-02
-1.3102230e-02
-1.4106040e-02
-1.3103920e-02
-1.0006310e-02
-6.1080830e-03
-1.7473970e-03
3.4427890e-03
9.2346750e-03
1.4943400e-02
2.0200850e-02
2.4444580e-02
2.6616240e-02
2.5467410e-02
2.0581730e-02
1.2894110e-02
5.3123150e-03
9.4563190e-04
2.3689480e-04
1.4866910e-03
4.2149470e-03
9.2174580e-03
1.6224660e-02
2.2774630e-02
2.5970850e-02
2.4090320e-02
1.7433340e-02
8.2968580e-03
-1.5376600e-03
-9.4662620e-03
-1.3546630e-02
-1.4001300e-02
-1.2140950e-02
-9.3511260e-03
-6.1921670e-03
-4.5177060e-03
-7.5108370e-03
-1.5795400e-02
-2.6423860e-02
-3.4640160e-02
-3.5974410e-02
-3.1567070e-02
-2.5260440e-02
-1.8685590e-02
-1.1895880e-02
-5.8643520e-03
-2.7916090e-03
-3.7247470e-03
-7.2036760e-03
-9.4819020e-03
-6.7321900e-03
9.2767080e-04
9.2031750e-03
1.4720650e-02
1.5711230e-02
1.3791010e-02
1.2120990e-02
1.2004780e-02
1.2797400e-02
1.3656510e-02
1.4773230e-02
1.6574950e-02
1.8628630e-02
1.9051290e-02
1.5352050e-02
7.1184270e-03
-4.6651390e-03
-1.5671760e-02
-2.0219990e-02
-1.6300420e-02
-6.7169400e-03
5.2742060e-03
1.7202020e-02
2.7841670e-02
3.6219010e-02
4.0965090e-02
4.1675900e-02
3.8882790e-02
3.4521140e-02
2.8448460e-02
1.9957360e-02
1.0156490e-02
1.7234410e-03
-1.9975580e-03
-1.3530920e-03
-1.1296500e-03
-5.0318790e-03
-1.2449520e-02
-1.9081730e-02
-2.1277870e-02
-1.8704410e-02
-1.4646130e-02
-1.0728820e-02
-6.7853530e-03
-2.8055250e-03
-3.1202020e-04
-1.0189530e-03
-3.6998760e-03
-5.8926780e-03
-7.5362400e-03
-9.8725390e-03
-1.3119220e-02
-1.5201200e-02
-1.2871680e-02
-5.8982660e-03
2.3226270e-03
8.8489700e-03
1.1526800e-02
1.1212990e-02
1.0787910e-02
1.1687000e-02
1.3710970e-02
1.5833410e-02
1.6346320e-02
1.2818510e-02
2.9321770e-03
-1.3224330e-02
-3.1017950e-02
-4.5468080e-02
-5.4587120e-02
-5.6421020e-02
-5.0460220e-02
-3.9179740e-02
-2.3474500e-02
-7.3494680e-03
5.1800820e-03
1.4874200e-02
2.3772520e-02
2.9125170e-02
2.6403800e-02
1.6599510e-02
4.0676160e-03
-7.2988530e-03
-1.5619570e-02
-2.0808990e-02
-2.1251310e-02
-1.6899320e-02
-9.8095810e-03
-4.4143020e-04
9.1462930e-03
1.6344980e-02
2.1484150e-02
2.5796250e-02
2.9479660e-02
3.1847640e-02
3.0897530e-02
2.4663810e-02
1.1263430e-02
-7.3755830e-03
-2.5911460e-02
-3.9739310e-02
-4.6711230e-02
-4.5779520e-02
-3.8506060e-02
-2.8526180e-02
-1.7296890e-02
-7.4599440e-03
-1.4574740e-03
7.2727600e-04
6.0898950e-04
8.3219660e-04
2.5620510e-03
4.4710670e-03
3.6935150e-03
-9.7195390e-04
-7.3768010e-03
-1.2196070e-02
-1.1979910e-02
-7.0634610e-03
-1.2500180e-03
3.6371950e-03
7.5845250e-03
1.1365360e-02
1.5135810e-02
1.8742300e-02
2.2350790e-02
2.6291290e-02
2.9624000e-02
2.9350880e-02
2.2832300e-02
9.5527400e-03
-7.1720310e-03
-2.0216070e-02
-2.6211520e-02
-2.6055400e-02
-1.9593130e-02
-6.2945700e-03
9.8218430e-03
2.2169530e-02
2.7205500e-02
2.4320450e-02
1.8688700e-02
1.4760280e-02
1.2039980e-02
6.1054890e-03
-5.0052870e-03
-1.5323130e-02
-1.8116520e-02
-1.3050890e-02
-4.6340160e-03
4.1996250e-03
1.0839550e-02
1.2069060e-02
8.2334290e-03
3.5671970e-03
6.0783190e-04
-1.7596990e-04
1.6050350e-04
2.9164520e-03
1.1018810e-02
2.5268790e-02
4.1920980e-02
5.6367800e-02
6.6419530e-02
7.0308370e-02
6.8109780e-02
6.2785390e-02
5.5386150e-02
4.7513880e-02
4.0979040e-02
3.6450930e-02
3.2897300e-02
2.9399740e-02
2.4964510e-02
1.7756790e-02
6.1630340e-03
-1.0099580e-02
-3.0640920e-02
-5.1978900e-02
-6.9035860e-02
-8.1368420e-02
-9.0795200e-02
-9.8471260e-02
-1.0120710e-01
-9.4594510e-02
-7.7227690e-02
-5.1808530e-02
-2.7896360e-02
-1.2073020e-02
-6.2654180e-03
-7.2921300e-03
-8.8929190e-03
-6.3600400e-03
4.9197420e-04
8.3162410e-03
1.5461130e-02
2.1782500e-02
2.7043320e-02
3.0591570e-02
3.1027270e-02
2.6355150e-02
1.7850650e-02
7.2216070e-03
-5.1611880e-03
-1.7104010e-02
-2.6432010e-02
-3.5154540e-02
-4.5802370e-02
-5.7718060e-02
-6.6563950e-02
-6.7068530e-02
-5.6316570e-02
-3.8287660e-02
-1.5394330e-02
8.9406060e-03
2.8813980e-02
4.2229020e-02
4.8383890e-02
4.9978160e-02
5.0706010e-02
4.9933660e-02
4.4784300e-02
3.4580970e-02
2.0159150e-02
4.0257610e-04
-2.1723740e-02
-4.0431320e-02
-5.1601330e-02
-5.2429470e-02
-4.3379870e-02
-2.7485440e-02
-3.5412720e-03
2.6808010e-02
5.5563460e-02
7.4254350e-02
7.9046490e-02
7.4813270e-02
6.8018440e-02
5.8531300e-02
4.3615080e-02
2.3446440e-02
-2.5494840e-04
-2.3853170e-02
-4.4354880e-02
-6.0934310e-02
-7.2324630e-02
-7.5766630e-02
-7.0708950e-02
-5.9427580e-02
-4.2205020e-02
-1.8032240e-02
5.5674510e-03
1.8304920e-02
1.9997520e-02
1.7635900e-02
1.6592640e-02
1.5511370e-02
1.0262130e-02
7.1197190e-04
-1.0104660e-02
-1.9241190e-02
-2.4800910e-02
-2.7961290e-02
-3.0607710e-02
-3.2170690e-02
-3.0488020e-02
-2.4033040e-02
-1.6000080e-02
-1.1181040e-02
-1.1829400e-02
-1.4932510e-02
-1.6652280e-02
-1.5210880e-02
-1.1947460e-02
-8.8553520e-03
-6.3203970e-03
-3.6550260e-03
-8.0748220e-04
5.3412460e-04
-1.6921710e-03
-6.7204470e-03
-1.2020600e-02
-1.4852170e-02
-1.2895620e-02
-6.7840120e-03
2.3263980e-03
1.3145090e-02
2.2731220e-02
2.9294740e-02
3.1248840e-02
2.6311990e-02
1.6097340e-02
2.6200730e-03
-1.0487330e-02
-1.8567910e-02
-1.9797910e-02
-1.5588530e-02
-8.4226830e-03
1.9408460e-03
1.4619050e-02
2.3290690e-02
2.3672810e-02
1.8108740e-02
1.1495660e-02
6.0504340e-03
2.3858400e-03
1.1907350e-03
3.4046380e-03
8.8049060e-03
1.7766340e-02
2.9151170e-02
4.1298220e-02
5.2007050e-02
5.8204910e-02
5.8471810e-02
5.3086680e-02
4.2598670e-02
2.7561090e-02
9.9757700e-03
-8.1629640e-03
-2.4271780e-02
-3.7381940e-02
-4.7901350e-02
-5.6557910e-02
-6.3234760e-02
-6.6837800e-02
-6.4961840e-02
-5.7883590e-02
-4.9731390e-02
-4.2891540e-02
-3.4292980e-02
-1.7393790e-02
7.0594220e-03
3.3705150e-02
5.5907680e-02
6.7797970e-02
6.9739980e-02
6.4843760e-02
5.6744070e-02
4.4687040e-02
2.8653640e-02
1.1175420e-02
-7.1825080e-03
-2.6698350e-02
-4.5050900e-02
-5.5441760e-02
-5.2690530e-02
-4.2714710e-02
-3.0935100e-02
-1.8695590e-02
-6.8305890e-03
3.8146400e-03
1.2953110e-02
2.0250310e-02
2.5418390e-02
2.7656120e-02
2.5930180e-02
2.2321100e-02
1.8762770e-02
1.5752100e-02
1.3768430e-02
1.3818940e-02
1.5652790e-02
1.8004090e-02
2.0209460e-02
2.1245350e-02
1.9352290e-02
1.3206700e-02
1.7514310e-03
-1.2902640e-02
-2.6830330e-02
-3.5239860e-02
-3.3354830e-02
-2.3304180e-02
-1.0486590e-02
2.6795130e-03
1.3966840e-02
2.2197880e-02
2.7805450e-02
2.9216680e-02
2.5734670e-02
2.0723500e-02
1.7898900e-02
1.9054390e-02
2.1735480e-02
2.2632630e-02
2.0245670e-02
1.5670590e-02
8.4255530e-03
-3.4365470e-03
-1.7888700e-02
-2.9983930e-02
-3.6668820e-02
-3.9895450e-02
-4.1515210e-02
-4.0905040e-02
-3.7931850e-02
-3.2483260e-02
-2.3082280e-02
-1.0380620e-02
3.2343970e-03
1.4665190e-02
2.2493800e-02
2.9221610e-02
3.6520360e-02
4.3505130e-02
4.6979550e-02
4.4920670e-02
4.0205290e-02
3.6387660e-02
3.5214500e-02
3.4650360e-02
2.9768930e-02
1.9019400e-02
6.3245570e-03
-4.1362630e-03
-9.6016420e-03
-1.0114020e-02
-9.3289530e-03
-9.8958100e-03
-1.1847640e-02
-1.3727380e-02
-1.4782850e-02
-1.5392310e-02
-1.6302910e-02
-1.6423250e-02
-1.3238220e-02
-6.6635700e-03
9.5248410e-04
8.6803960e-03
1.6075440e-02
2.1937650e-02
2.4471670e-02
2.4101910e-02
2.2716710e-02
2.0737610e-02
1.8701140e-02
1.8519090e-02
2.2140370e-02
2.8418830e-02
3.4954640e-02
4.0082590e-02
4.1577110e-02
3.7501610e-02
2.8580710e-02
1.6655300e-02
7.0200560e-03
3.2836650e-03
5.1889200e-03
1.0302750e-02
1.5768080e-02
1.9932090e-02
2.1936370e-02
2.2897090e-02
2.4635350e-02
2.7605830e-02
3.0581130e-02
3.2018870e-02
3.1831750e-02
3.2490930e-02
3.5971550e-02
4.1186510e-02
4.6437500e-02
5.0102330e-02
5.0027110e-02
4.4641920e-02
3.5325450e-02
2.2807880e-02
8.7335970e-03
-4.4438900e-03
-1.5870060e-02
-2.5533650e-02
-3.4149570e-02
-4.1934570e-02
-4.7659670e-02
-4.8863670e-02
-4.3947560e-02
-3.6312950e-02
-2.9774380e-02
-2.6473850e-02
-2.5405160e-02
-2.2615300e-02
-1.6185690e-02
-7.9402660e-03
5.6477430e-04
8.9184840e-03
1.6508940e-02
2.2040140e-02
2.4643880e-02
2.4052840e-02
2.1647170e-02
1.9077790e-02
1.7338880e-02
1.6890120e-02
1.7220510e-02
1.8192330e-02
2.0760960e-02
2.5780550e-02
3.2467130e-02
3.7113170e-02
3.6639830e-02
3.1284860e-02
2.3685620e-02
1.4409250e-02
3.6313580e-03
-7.0240950e-03
-1.6369000e-02
-2.3855150e-02
-2.6841200e-02
-2.3056980e-02
-1.4779630e-02
-4.0481990e-03
6.9424470e-03
1.5811440e-02
2.1394280e-02
2.3174810e-02
1.9338750e-02
9.0831400e-03
-4.9412460e-03
-1.5830640e-02
-1.9919220e-02
-1.7993670e-02
-1.4325400e-02
-1.1055710e-02
-8.1902440e-03
-5.4266940e-03
-3.3517050e-03
-2.4878250e-03
-1.7457940e-03
1.6739160e-04
2.4460580e-03
3.3221680e-03
2.6723510e-03
2.2208560e-03
3.2923320e-03
5.5409640e-03
7.2481820e-03
6.0958640e-03
1.2358200e-03
-5.5739430e-03
-1.3606120e-02
-2.2580170e-02
-3.1340100e-02
-3.8736320e-02
-4.4619810e-02
-4.9123570e-02
-5.0531150e-02
-4.7574620e-02
-4.0362830e-02
-3.0203140e-02
-2.1054120e-02
-1.5476340e-02
-1.3390720e-02
-1.4357960e-02
-1.6728830e-02
-1.9763140e-02
-2.3341740e-02
-2.5783460e-02
-2.3750940e-02
-1.6241080e-02
-6.4636080e-03
3.1987500e-03
1.1199150e-02
1.6225560e-02
1.7466950e-02
1.6729310e-02
1.6406820e-02
1.7485060e-02
1.9380900e-02
2.1366220e-02
2.2768110e-02
2.2617100e-02
2.0202320e-02
1.4961170e-02
7.5801830e-03
2.0446840e-04
-5.6583030e-03
-9.7863800e-03
-1.2611990e-02
-1.3445280e-02
-1.2339790e-02
-1.0185550e-02
-6.8078470e-03
-2.5270280e-03
1.2337510e-03
2.9686430e-03
2.0795640e-03
-1.2428030e-03
-5.7099130e-03
-1.0769530e-02
-1.6045590e-02
-2.0352630e-02
-2.3100090e-02
-2.5429410e-02
-2.7632290e-02
-2.8104810e-02
-2.5148640e-02
-1.9876480e-02
-1.3916650e-02
-7.1762330e-03
4.6935440e-04
7.5375010e-03
1.1920780e-02
1.2816380e-02
1.0620200e-02
6.8219350e-03
2.0549240e-03
-2.9488290e-03
-6.8361630e-03
-8.4688420e-03
-6.9478740e-03
-2.0665190e-03
4.8233710e-03
1.1573300e-02
1.6507540e-02
1.8876440e-02
1.9111200e-02
1.8639240e-02
1.7722490e-02
1.5141340e-02
8.9924580e-03
-7.0407990e-04
-1.1293680e-02
-2.1258700e-02
-2.9647820e-02
-3.5005120e-02
-3.7569940e-02
-3.9353850e-02
-4.1070280e-02
-4.2773800e-02
-4.4428370e-02
-4.5744020e-02
-4.5644440e-02
-4.1965410e-02
-3.3246440e-02
-2.1833690e-02
-1.0016350e-02
4.6924680e-04
7.9880620e-03
1.2516510e-02
1.4975750e-02
1.6710730e-02
1.8490060e-02
2.0440900e-02
2.2469010e-02
2.4559880e-02
2.6635830e-02
2.8172970e-02
2.8206930e-02
2.5758330e-02
2.1470400e-02
1.6459590e-02
9.5838320e-03
-7.2096000e-04
-1.3872050e-02
-2.8195290e-02
-4.0428840e-02
-4.7708840e-02
-4.7961860e-02
-4.2259530e-02
-3.5067450e-02
-2.7959190e-02
-2.0980160e-02
-1.4085170e-02
-7.8143730e-03
-2.7963890e-03
9.5791510e-04
2.4481590e-03
4.9851070e-04
-3.2992340e-03
-7.0185140e-03
-9.5856010e-03
-1.1061530e-02
-1.2388200e-02
-1.4251210e-02
-1.6791120e-02
-1.9161940e-02
-1.9785330e-02
-1.7745360e-02
-1.4272370e-02
-1.0681150e-02
-8.1830490e-03
-8.2319850e-03
-1.0903040e-02
-1.4130670e-02
-1.6199650e-02
-1.6684370e-02
-1.7058360e-02
-1.8635870e-02
-2.1271080e-02
-2.3737580e-02
-2.3787410e-02
-1.9906570e-02
-1.4026930e-02
-8.3139420e-03
-3.6658370e-03
2.4648240e-04
4.2033940e-03
7.6842640e-03
8.9472010e-03
6.7834620e-03
2.8921510e-03
-1.0953070e-03
-4.9564690e-03
-9.2041670e-03
-1.4162690e-02
-1.9110970e-02
-2.1825650e-02
-2.0256350e-02
-1.5797470e-02
-1.0751790e-02
-5.6628890e-03
-4.1473490e-04
4.6925590e-03
8.7491870e-03
1.0940750e-02
1.0670640e-02
8.2220140e-03
5.1778190e-03
2.0605740e-03
-1.4067950e-03
-5.3007460e-03
-8.6543290e-03
-9.4550570e-03
-6.6411650e-03
-8.8786070e-04
6.5547320e-03
1.2824370e-02
1.5484820e-02
1.4437830e-02
1.1422370e-02
7.2631110e-03
2.0485040e-03
-2.8684970e-03
-5.2708520e-03
-4.3639890e-03
-1.9319650e-03
3.6193520e-04
1.0101950e-03
-7.1743830e-04
-3.4004060e-03
-5.7206440e-03
-7.4167280e-03
-8.2455420e-03
-7.0717390e-03
-3.7032370e-03
3.4092940e-04
4.5931140e-03
9.8414720e-03
1.6461190e-02
2.2572280e-02
2.5684200e-02
2.5449060e-02
2.3350520e-02
1.9375000e-02
1.1863460e-02
1.6703530e-03
-8.1405750e-03
-1.5502350e-02
-2.0715420e-02
-2.4857990e-02
-2.7895110e-02
-2.8998770e-02
-2.7302280e-02
-2.4160150e-02
-2.0861950e-02
-1.7649360e-02
-1.4292500e-02
-1.0657450e-02
-6.9088970e-03
-3.2142770e-03
3.9056140e-04
3.9178610e-03
7.1966910e-03
9.8091910e-03
1.1042500e-02
9.2943020e-03
4.0495610e-03
-2.8906890e-03
-1.0372410e-02
-1.7143680e-02
-2.1436890e-02
-2.2580460e-02
-2.0467240e-02
-1.5742230e-02
-9.3834150e-03
-1.2178170e-03
7.7666060e-03
1.5881600e-02
2.1660140e-02
2.4771670e-02
2.6626120e-02
2.8596950e-02
3.0025720e-02
2.8888630e-02
2.4461850e-02
1.8703090e-02
1.2462540e-02
5.2987040e-03
-2.1117570e-03
-6.5458380e-03
-5.3492760e-03
-8.9014010e-04
3.7395740e-03
6.4554060e-03
6.3887330e-03
4.9562990e-03
3.2140590e-03
1.4615040e-03
4.2104910e-04
1.0912880e-03
3.2650160e-03
6.0261780e-03
8.7111140e-03
1.0355920e-02
1.0239780e-02
9.2810300e-03
8.9811990e-03
1.0005080e-02
1.1659070e-02
1.2994850e-02
1.3368270e-02
1.2923150e-02
1.2286970e-02
1.1792380e-02
1.1515640e-02
1.1021670e-02
9.2403870e-03
5.4786510e-03
6.2060230e-04
-4.2671740e-03
-8.0551190e-03
-9.4927320e-03
-7.9994670e-03
-5.2402720e-03
-2.1501270e-03
2.1105910e-03
8.2992660e-03
1.5194880e-02
2.0878630e-02
2.4112750e-02
2.4769250e-02
2.3858820e-02
2.2663600e-02
2.2047460e-02
2.2825500e-02
2.5045970e-02
2.7847460e-02
2.8875890e-02
2.5763080e-02
1.9413950e-02
1.1865850e-02
4.5651870e-03
-7.3698660e-04
-3.5717850e-03
-5.0510980e-03
-5.2034500e-03
-3.7877960e-03
-6.2523250e-04
4.6200030e-03
1.0348750e-02
1.4536410e-02
1.6326440e-02
1.5861500e-02
1.4447520e-02
1.3697600e-02
1.4541340e-02
1.6744730e-02
2.0082890e-02
2.4325500e-02
2.7847670e-02
2.8053630e-02
2.4044230e-02
1.8067000e-02
1.0765960e-02
1.5516490e-03
-8.2887430e-03
-1.5959730e-02
-1.9488480e-02
-1.8546990e-02
-1.3400210e-02
-5.9542880e-03
1.6139230e-03
7.4566360e-03
1.1186620e-02
1.3221680e-02
1.4187740e-02
1.4226330e-02
1.3579750e-02
1.2684130e-02
1.1666030e-02
1.0938450e-02
1.0529330e-02
1.0042580e-02
8.9126310e-03
6.7118820e-03
4.1018790e-03
2.2429420e-03
6.5839060e-04
-9.3969350e-04
-2.0789570e-03
-2.4528780e-03
-2.2234340e-03
-1.3551670e-03
7.6067640e-04
4.7632090e-03
1.0772670e-02
1.7772820e-02
2.2936110e-02
2.5584690e-02
2.6263150e-02
2.5422270e-02
2.3553020e-02
2.0088940e-02
1.3717160e-02
4.9407470e-03
-4.2995610e-03
-1.2552880e-02
-1.8381000e-02
-2.1371350e-02
-2.1807170e-02
-1.9986820e-02
-1.6423210e-02
-1.2101170e-02
-8.0277480e-03
-4.0978280e-03
-2.5847600e-04
2.8691540e-03
4.5383270e-03
3.9653960e-03
1.2373890e-03
-2.2815760e-03
-4.6871070e-03
-5.5556120e-03
-6.3717360e-03
-7.7726850e-03
-8.8632590e-03
-7.7320430e-03
-3.2838430e-03
3.3181340e-03
1.0808000e-02
1.7731510e-02
2.3038430e-02
2.6859490e-02
2.8898370e-02
2.8507860e-02
2.6203740e-02
2.2987740e-02
1.8988040e-02
1.3524080e-02
5.9040840e-03
-3.8087660e-03
-1.3233390e-02
-1.9256780e-02
-2.1455420e-02
-2.0660570e-02
-1.7439590e-02
-1.2303560e-02
-6.2399000e-03
-6.2994810e-04
3.0998950e-03
2.8392130e-03
-2.1576190e-03
-9.7424320e-03
-1.7766370e-02
-2.4567870e-02
-3.0480310e-02
-3.5608380e-02
-3.8347500e-02
-3.6660830e-02
-3.1205060e-02
-2.4921110e-02
-2.0289300e-02
-1.7143600e-02
-1.2708930e-02
-5.4522040e-03
3.7851200e-03
1.2229590e-02
1.7853850e-02
2.1036650e-02
2.2175480e-02
2.2161430e-02
2.1233320e-02
1.8439220e-02
1.3545150e-02
7.8851170e-03
3.5976860e-03
2.2574220e-03
3.6890480e-03
6.0495070e-03
7.2936040e-03
6.0835470e-03
2.6082920e-03
-2.0474830e-03
-6.9616840e-03
-1.1284720e-02
-1.4517880e-02
-1.6539720e-02
-1.7407240e-02
-1.6918810e-02
-1.5272130e-02
-1.3007620e-02
-1.0844030e-02
-9.4259870e-03
-9.0058540e-03
-9.0746460e-03
-8.5345620e-03
-7.3069560e-03
-6.6256900e-03
-6.7672650e-03
-7.5573810e-03
-9.2603620e-03
-1.2450950e-02
-1.7085270e-02
-2.2471190e-02
-2.7150850e-02
-2.9700110e-02
-2.9472280e-02
-2.6963660e-02
-2.2974120e-02
-1.8107760e-02
-1.2861780e-02
-7.4188680e-03
-2.0994350e-03
1.7227990e-03
2.0979910e-03
8.6589390e-06
-1.7892660e-03
-2.6833890e-03
-3.5136790e-03
-5.3270570e-03
-8.2703810e-03
-1.1158690e-02
-1.3046860e-02
-1.3896200e-02
-1.4867240e-02
-1.7097020e-02
-2.0414370e-02
-2.3544750e-02
-2.5284640e-02
-2.5862730e-02
-2.6101480e-02
-2.6224690e-02
-2.6202590e-02
-2.6218620e-02
-2.6582860e-02
-2.7286290e-02
-2.7984090e-02
-2.7835010e-02
-2.5972100e-02
-2.2766770e-02
-1.9479900e-02
-1.6927560e-02
-1.4564600e-02
-1.2269900e-02
-1.0652430e-02
-9.4166830e-03
-7.5182370e-03
-4.1760890e-03
-1.5271610e-04
3.3882830e-03
5.8147530e-03
7.5081920e-03
9.4782530e-03
1.2664710e-02
1.7056600e-02
2.1584330e-02
2.5517470e-02
2.8640340e-02
3.1356650e-02
3.4137370e-02
3.6787410e-02
3.8196160e-02
3.6987420e-02
3.3162190e-02
2.7437090e-02
2.0287240e-02
1.2784620e-02
6.0427990e-03
2.5946340e-04
-4.8515100e-03
-9.0053930e-03
-1.1289240e-02
-1.1119160e-02
-8.4782220e-03
-5.1592120e-03
-2.9220110e-03
-1.7480390e-03
-9.2072060e-04
9.4355370e-04
4.4145630e-03
8.8351080e-03
1.3644220e-02
1.7662210e-02
1.9151880e-02
1.8001730e-02
1.6235250e-02
1.5172870e-02
1.5347770e-02
1.6911290e-02
1.9777270e-02
2.3106840e-02
2.5410320e-02
2.5886670e-02
2.4353160e-02
2.1608150e-02
1.8945740e-02
1.6584650e-02
1.4488980e-02
1.2561110e-02
1.0746170e-02
8.9993790e-03
6.8564770e-03
3.7310960e-03
2.0647930e-04
-2.7216000e-03
-5.6132680e-03
-8.4652180e-03
-1.0717390e-02
-1.2434490e-02
-1.3884300e-02
-1.4925040e-02
-1.4380870e-02
-1.1138090e-02
-6.3766770e-03
-2.4274740e-03
-3.8689700e-05
1.6484370e-03
3.8379050e-03
6.6077920e-03
9.0677460e-03
1.0783960e-02
1.2021430e-02
1.3261040e-02
1.4227250e-02
1.4059440e-02
1.2110880e-02
8.6170720e-03
5.0619180e-03
2.4781740e-03
8.9454920e-04
8.5373520e-05
-3.2049250e-05
1.5738730e-04
5.2411690e-04
1.1705950e-03
1.9373120e-03
2.1237230e-03
1.2764830e-03
1.0505110e-04
-9.5064140e-04
-2.4822260e-03
-5.4153060e-03
-1.0117360e-02
-1.5833490e-02
-2.1275450e-02
-2.5192440e-02
-2.7458550e-02
-2.8374250e-02
-2.7887320e-02
-2.5860450e-02
-2.2861080e-02
-1.9127140e-02
-1.4339200e-02
-8.6140560e-03
-3.2142110e-03
3.6263730e-04
1.4478920e-03
-1.6983760e-03
-8.2381040e-03
-1.2573090e-02
-1.3142340e-02
-1.0973370e-02
-6.9679160e-03
-1.5164080e-03
4.9236270e-03
1.1438910e-02
1.7603760e-02
2.3308670e-02
2.7635420e-02
2.8918930e-02
2.6865540e-02
2.3153830e-02
1.8889070e-02
1.4483940e-02
1.0002350e-02
5.5378920e-03
1.4180740e-03
-1.7286470e-03
-3.0006930e-03
-1.5102580e-03
1.6112350e-03
4.6391210e-03
6.9677790e-03
9.1140030e-03
1.1031780e-02
1.1733680e-02
1.0968190e-02
9.8677880e-03
8.5380060e-03
6.3999200e-03
3.9313990e-03
2.2197030e-03
1.0909730e-03
5.7304530e-04
1.2597370e-03
3.1787250e-03
5.5884400e-03
7.7358990e-03
9.2037250e-03
9.8596240e-03
1.0019270e-02
9.9837030e-03
9.8459050e-03
9.5086910e-03
8.6272180e-03
6.7462610e-03
4.0070190e-03
1.1228860e-03
-1.5662020e-03
-3.3909300e-03
-3.2621380e-03
-8.9102250e-04
2.5664550e-03
6.2849510e-03
1.0037550e-02
1.3722140e-02
1.6821390e-02
1.8478590e-02
1.8176010e-02
1.6304910e-02
1.4032570e-02
1.1519660e-02
8.2750640e-03
4.2949390e-03
1.6786230e-04
-4.0301050e-03
-8.1221320e-03
-1.1368100e-02
-1.3405920e-02
-1.4066000e-02
-1.2859190e-02
-1.0625070e-02
-8.4695720e-03
-6.7220670e-03
-4.8990440e-03
-2.3826120e-03
5.8040560e-04
2.7477560e-03
3.2814550e-03
2.0282500e-03
2.4257610e-05
-1.2004840e-03
-1.5265780e-03
-1.3868660e-03
-1.3539230e-03
-1.4278080e-03
-1.1446860e-03
-1.5230740e-04
1.2609910e-03
2.1339030e-03
1.6236790e-03
1.7340410e-04
-1.3228950e-03
-2.0481490e-03
-1.4922650e-03
-2.7946280e-04
4.8601320e-04
-2.4090110e-04
-2.4692810e-03
-4.8729270e-03
-6.3274490e-03
-6.5556540e-03
-6.4990770e-03
-7.1388850e-03
-8.2248500e-03
-9.0553180e-03
-9.4973510e-03
-9.9349910e-03
-1.0522920e-02
-1.0899110e-02
-1.0531140e-02
-8.9437690e-03
-6.1863260e-03
-3.1207720e-03
-3.7345830e-04
1.6509140e-03
2.8262260e-03
3.5092020e-03
4.2403990e-03
5.4008860e-03
6.5117160e-03
6.3679960e-03
5.0203540e-03
4.1232790e-03
4.0722430e-03
3.8848900e-03
3.1829330e-03
2.8103220e-03
3.4037990e-03
4.4269250e-03
5.0467600e-03
4.0228990e-03
5.3328290e-04
-3.6333220e-03
-6.3046130e-03
-6.6576170e-03
-4.6049920e-03
-1.0821140e-03
2.7845910e-03
5.9049350e-03
7.6086310e-03
7.8745630e-03
6.7720570e-03
4.8331710e-03
2.6948200e-03
9.4742180e-04
6.6057510e-05
9.3361580e-05
5.3782880e-04
5.9650950e-04
-3.3847580e-04
-2.1354860e-03
-4.5106080e-03
-7.2722760e-03
-1.0031630e-02
-1.2363160e-02
-1.3862960e-02
-1.4266340e-02
-1.3774150e-02
-1.3054040e-02
-1.2608360e-02
-1.2747470e-02
-1.3506260e-02
-1.4857020e-02
-1.6944590e-02
-1.9665950e-02
-2.2067920e-02
-2.3054700e-02
-2.2506470e-02
-2.0794740e-02
-1.8265080e-02
-1.5369070e-02
-1.2459980e-02
-9.7856540e-03
-7.4661370e-03
-5.5350700e-03
-3.8507470e-03
-2.4776570e-03
-1.7596600e-03
-1.8620350e-03
-2.5747130e-03
-3.7200880e-03
-4.8672220e-03
-5.3612990e-03
-5.1062040e-03
-4.4959010e-03
-3.6091210e-03
-2.3951230e-03
-1.1083060e-03
-2.4309220e-04
-4.5733820e-05
-6.1790440e-04
-1.8011930e-03
-2.9978950e-03
-3.7493260e-03
-4.0649930e-03
-4.2095400e-03
-4.3596190e-03
-4.4745430e-03
-4.7009720e-03
-5.5702710e-03
-7.3700170e-03
-9.4542760e-03
-1.1132920e-02
-1.2048890e-02
-1.2194660e-02
-1.1672100e-02
-1.0583180e-02
-8.9685960e-03
-7.0098730e-03
-5.2513260e-03
-4.0172390e-03
-3.2974920e-03
-3.1094730e-03
-3.3339770e-03
-3.6615490e-03
-3.7741890e-03
-3.3053670e-03
-2.0142180e-03
-1.7698870e-05
2.4581410e-03
5.0049420e-03
7.2932470e-03
9.3097650e-03
1.0944920e-02
1.1745650e-02
1.1032610e-02
8.5937470e-03
5.3888180e-03
3.0250990e-03
2.1035690e-03
1.9678220e-03
1.8341600e-03
1.3448470e-03
9.7929330e-04
1.6346150e-03
3.6157780e-03
5.9750840e-03
7.0307060e-03
6.1474760e-03
3.9041180e-03
1.2032990e-03
-1.3454280e-03
-3.1839470e-03
-3.8873100e-03
-3.6505290e-03
-3.2548080e-03
-3.4452780e-03
-4.1170050e-03
-4.9547430e-03
-5.7928840e-03
-6.4661970e-03
-6.7918500e-03
-6.7240300e-03
-6.5473490e-03
-6.5465820e-03
-6.9830500e-03
-8.0095820e-03
-9.1576840e-03
-9.5038890e-03
-8.2984620e-03
-5.4632030e-03
-1.5859780e-03
2.5929580e-03
6.6821460e-03
1.0444180e-02
1.3350680e-02
1.4818400e-02
1.4671220e-02
1.2817320e-02
9.5156300e-03
5.1130270e-03
2.2833410e-04
-4.1738370e-03
-7.1702970e-03
-8.3882740e-03
-7.7664090e-03
-5.4770730e-03
-1.7754290e-03
2.8753910e-03
7.5368140e-03
1.1488220e-02
1.4276920e-02
1.5806560e-02
1.6404450e-02
1.6205870e-02
1.5114580e-02
1.2993160e-02
9.9341180e-03
6.2257980e-03
2.1955750e-03
-1.4100050e-03
-3.5835820e-03
-3.9884260e-03
-3.1872380e-03
-1.7985020e-03
-1.5819590e-04
1.5080580e-03
2.9897240e-03
4.2581860e-03
5.1423490e-03
5.1071180e-03
3.7139860e-03
9.9201740e-04
-2.2725660e-03
-4.6461270e-03
-5.4001300e-03
-5.0267360e-03
-4.3986370e-03
-4.1317200e-03
-4.3502740e-03
-4.6653460e-03
-4.5712090e-03
-4.1418270e-03
-4.0169620e-03
-4.3792680e-03
-4.7800640e-03
-4.7468380e-03
-4.0120500e-03
-2.5756010e-03
-6.1662600e-04
1.5385360e-03
3.2510600e-03
3.6104370e-03
2.2848180e-03
4.2259360e-05
-2.1204840e-03
-3.5769270e-03
-4.0290650e-03
-3.4517930e-03
-1.9659150e-03
4.0722100e-04
3.8114230e-03
7.9834170e-03
1.2278160e-02
1.5991820e-02
1.8903070e-02
2.1124130e-02
2.2741780e-02
2.3691530e-02
2.3451610e-02
2.1429960e-02
1.7430210e-02
1.1859860e-02
5.8579230e-03
2.5380480e-04
-5.1082740e-03
-1.0065960e-02
-1.3566350e-02
-1.5403300e-02
-1.5939540e-02
-1.5885060e-02
-1.5771870e-02
-1.5496720e-02
-1.4709280e-02
-1.3234700e-02
-1.0946870e-02
-7.8197250e-03
-4.0078960e-03
-2.0611640e-06
3.8118070e-03
7.0608620e-03
9.3284280e-03
1.0257260e-02
9.8688860e-03
8.4388620e-03
6.7747920e-03
5.7585280e-03
5.4100580e-03
4.9628730e-03
4.0259900e-03
2.6583030e-03
1.1135740e-03
-5.9091920e-04
-2.7186880e-03
-5.3149270e-03
-7.8725450e-03
-9.7665700e-03
-1.0739460e-02
-1.0965510e-02
-1.0714690e-02
-1.0193180e-02
-9.6910910e-03
-9.3624500e-03
-9.0892450e-03
-8.7602100e-03
-8.4778900e-03
-8.4147730e-03
-8.5345810e-03
-8.5955270e-03
-8.4992060e-03
-8.3914850e-03
-8.3759230e-03
-8.2224880e-03
-7.5417590e-03
-6.2764060e-03
-4.6306080e-03
-2.9772670e-03
-1.5230370e-03
-1.5355900e-04
1.1707330e-03
2.2667530e-03
2.9717000e-03
3.3514230e-03
3.6587040e-03
4.1696860e-03
4.8544050e-03
5.4983240e-03
5.8749740e-03
5.8749370e-03
5.7386310e-03
5.6908910e-03
5.7182480e-03
5.7197480e-03
5.5421450e-03
5.0289680e-03
4.0332950e-03
2.6131030e-03
9.4887100e-04
-8.2923260e-04
-2.5818180e-03
-3.9658510e-03
-4.3824600e-03
-3.3320450e-03
-1.0470720e-03
1.4860740e-03
3.4170250e-03
4.4746770e-03
4.6770570e-03
4.1893790e-03
3.2911740e-03
2.1558820e-03
8.8758130e-04
-4.3886980e-04
-1.7770750e-03
-3.0807120e-03
-4.2664190e-03
-5.2219660e-03
-5.7875850e-03
-5.9451690e-03
-5.8177070e-03
-5.6099870e-03
-5.3423570e-03
-4.8382070e-03
-3.8811380e-03
-2.5305730e-03
-8.9880800e-04
8.5125250e-04
2.7381130e-03
4.9307930e-03
7.4159120e-03
9.6526830e-03
1.1139510e-02
1.1790790e-02
1.1667210e-02
1.1084710e-02
1.0383110e-02
9.9361040e-03
9.7239370e-03
9.5580590e-03
9.3791140e-03
9.2080530e-03
9.0635750e-03
8.9234060e-03
8.7813710e-03
8.7179370e-03
8.9100100e-03
9.4757510e-03
1.0155610e-02
1.0631770e-02
1.0847840e-02
1.0840930e-02
1.0790030e-02
1.1062550e-02
1.2050550e-02
1.3804430e-02
1.5767090e-02
1.7414570e-02
1.8422490e-02
1.8485820e-02
1.7533040e-02
1.5828970e-02
1.3683770e-02
1.1295070e-02
8.9316800e-03
7.0766250e-03
6.1208780e-03
5.9080180e-03
6.0075810e-03
5.9076920e-03
5.4475550e-03
4.8430960e-03
4.2048500e-03
3.4560390e-03
2.6063250e-03
1.9866950e-03
1.9170470e-03
2.1690210e-03
2.4913960e-03
2.8705680e-03
3.4837260e-03
4.4773730e-03
5.8165740e-03
7.1014790e-03
7.8673610e-03
8.1213160e-03
8.1151720e-03
7.8481600e-03
7.1843280e-03
6.0273660e-03
4.7468370e-03
4.1013090e-03
4.6281890e-03
5.8880210e-03
7.3489570e-03
8.5898410e-03
9.1937980e-03
8.7985800e-03
7.4430340e-03
5.1735250e-03
1.9232080e-03
-2.1416920e-03
-6.1609570e-03
-9.1371240e-03
-1.1183950e-02
-1.2582430e-02
-1.3435990e-02
-1.3666140e-02
-1.3315180e-02
-1.2644160e-02
-1.1996820e-02
-1.1389660e-02
-1.0380090e-02
-8.7582750e-03
-7.1066590e-03
-5.7728560e-03
-4.5967430e-03
-3.7256370e-03
-3.5809460e-03
-4.0220820e-03
-4.2786540e-03
-3.9146180e-03
-2.6681370e-03
-4.5681040e-04
2.5598080e-03
5.6477160e-03
8.1134560e-03
9.4799640e-03
9.6194440e-03
8.7112570e-03
7.1119430e-03
5.1142310e-03
2.7231480e-03
1.2194740e-04
-2.0500800e-03
-3.5180470e-03
-4.5021250e-03
-5.1292010e-03
-5.5099880e-03
-5.6384100e-03
-5.6605170e-03
-5.7518840e-03
-6.0414540e-03
-6.6313890e-03
-7.5593070e-03
-8.8703670e-03
-1.0507760e-02
-1.2314020e-02
-1.4015890e-02
-1.5291980e-02
-1.6153210e-02
-1.6845440e-02
-1.7510530e-02
-1.8244460e-02
-1.9042910e-02
-1.9767770e-02
-2.0200210e-02
-2.0074600e-02
-1.9219680e-02
-1.7674490e-02
-1.5701960e-02
-1.3414170e-02
-1.0601860e-02
-7.3398860e-03
-4.2800690e-03
-2.0029540e-03
-8.2529570e-04
-7.4688800e-04
-1.5370840e-03
-2.8480270e-03
-4.7127100e-03
-7.1377070e-03
-9.6880410e-03
-1.1775810e-02
-1.2878710e-02
-1.2881710e-02
-1.2221600e-02
-1.1275220e-02
-1.0179720e-02
-8.9018140e-03
-7.4981230e-03
-6.2343280e-03
-5.4717660e-03
-5.2032050e-03
-5.1390440e-03
-5.0957900e-03
-4.9339560e-03
-4.5324260e-03
-3.6480060e-03
-2.0661990e-03
1.1231980e-04
2.2911040e-03
3.7841450e-03
4.3453860e-03
3.7828030e-03
2.3693920e-03
8.7050710e-04
9.0643880e-05
3.0527550e-04
1.4016600e-03
2.8395800e-03
3.8053820e-03
3.9823520e-03
3.4116500e-03
2.4369040e-03
1.3574520e-03
4.0124500e-04
-4.0169290e-04
-1.0970120e-03
-1.8322840e-03
-2.7865280e-03
-3.8957500e-03
-4.8921980e-03
-5.8282260e-03
-7.0366870e-03
-8.5097070e-03
-9.8730310e-03
-1.0994560e-02
-1.1776690e-02
-1.1854700e-02
-1.1306550e-02
-1.0533460e-02
-9.7700350e-03
-9.1010890e-03
-8.5648500e-03
-8.3027910e-03
-8.4709820e-03
-9.1006640e-03
-9.9754760e-03
-1.0778660e-02
-1.1148790e-02
-1.0980910e-02
-1.0676100e-02
-1.0583310e-02
-1.0713000e-02
-1.0764930e-02
-1.0213490e-02
-8.7610660e-03
-6.8132050e-03
-4.7340970e-03
-2.7071730e-03
-8.8256150e-04
6.0014860e-04
1.7879060e-03
2.8445010e-03
3.4462830e-03
3.0753830e-03
1.8962990e-03
4.0820170e-04
-1.0249640e-03
-2.2800220e-03
-3.3548250e-03
-4.2916100e-03
-4.8361490e-03
-4.4996050e-03
-3.2201420e-03
-1.1379300e-03
1.4351430e-03
3.6367350e-03
4.7367700e-03
5.1748430e-03
5.4687960e-03
5.8853430e-03
6.2411000e-03
6.0555190e-03
5.1541690e-03
3.8960120e-03
2.6358570e-03
1.7929250e-03
1.7612660e-03
2.3949090e-03
3.2082430e-03
3.8168290e-03
3.9747930e-03
3.8486690e-03
3.7639130e-03
3.7739590e-03
3.7367500e-03
3.5200640e-03
3.1226940e-03
2.7618120e-03
2.8283740e-03
3.4118320e-03
4.1624790e-03
4.5893090e-03
4.2984810e-03
3.5880460e-03
2.9432440e-03
2.5364030e-03
2.3328360e-03
2.1526140e-03
1.8650160e-03
1.4337270e-03
1.0187420e-03
9.2159230e-04
1.3439460e-03
2.2885740e-03
3.5123660e-03
4.8856630e-03
6.3383860e-03
7.7551100e-03
8.8609210e-03
9.4550320e-03
9.7553220e-03
9.8421370e-03
