0.01
5.8621523e-05
-3.8060699e-03
9.6677627e-04
6.8165394e-04
2.4084072e-03
-3.4035166e-04
1.2909609e-03
1.6573772e-03
2.5903503e-04
9.3332446e-04
3.4889043e-03
-3.3776730e-04
-4.1416306e-03
-3.1880536e-03
-4.1784523e-03
-5.4188223e-03
-1.3253601e-03
3.5581368e-03
4.3998668e-03
2.6655413e-04
-1.5766049e-03
-1.4124973e-03
-1.6448812e-04
2.5149844e-03
3.6081006e-03
-7.6265026e-04
-5.4217565e-04
-2.0947046e-03
-1.9121632e-03
-1.7935066e-04
-1.8272165e-03
3.5231106e-03
-4.2848084e-04
7.6829405e-03
3.0524709e-03
-2.8124437e-03
-2.2956459e-03
-1.1192645e-04
1.0180044e-02
7.9455630e-04
-1.4193532e-02
-4.3978231e-03
1.8532737e-03
-1.7758350e-03
-3.3070756e-03
1.7517467e-03
-1.0435750e-05
2.6102761e-03
1.0850941e-02
7.5356974e-03
-7.5063120e-03
-9.9684353e-03
-3.5699041e-03
9.0135644e-03
-9.5371176e-04
-1.5334549e-03
7.6316525e-03
9.2791948e-03
1.7971451e-03
-5.2097656e-03
-1.0979788e-02
-8.3940563e-03
4.1839159e-03
9.4384017e-03
-1.9910558e-03
-4.6650902e-03
9.0342879e-04
1.0879593e-02
4.5551235e-03
-1.8804705e-03
-6.9898169e-04
-4.9003742e-04
-1.9085221e-03
-5.6427184e-03
1.7205758e-03
-6.0731617e-04
-2.1551681e-03
4.3172917e-03
3.3977041e-03
-3.1136022e-03
-1.0353874e-02
-2.9718155e-03
8.2756432e-03
-5.6460679e-03
-1.9498348e-02
-4.6451131e-04
1.4770882e-02
6.7298839e-03
3.8073539e-03
9.2232731e-03
1.0667274e-03
-6.7521547e-03
7.3371997e-03
5.6650016e-03
-1.3668303e-02
-2.1373802e-02
2.9288742e-03
9.5256060e-03
-7.2358990e-03
-6.0908557e-03
1.3294354e-02
1.1139826e-02
-1.0523070e-02
-3.7362982e-03
5.9184432e-03
2.9958571e-04
1.3037799e-03
-6.4251747e-03
-8.9778590e-03
5.8758802e-03
6.1347195e-03
3.3271827e-03
-3.4911923e-03
-5.5059021e-03
-5.5553164e-03
1.1797427e-04
3.6048063e-03
-8.2399019e-03
-1.2809827e-02
2.8173696e-03
6.6489594e-03
5.5946212e-03
3.8161349e-03
1.4711341e-03
1.2930276e-02
1.1016682e-02
-6.1801903e-03
-9.2979779e-03
1.8055733e-02
1.8964020e-03
-2.2792225e-02
-2.3988717e-02
-6.4109849e-03
7.4362721e-03
9.7547143e-03
5.8492853e-03
-1.7135737e-03
-1.0367463e-02
4.8848688e-04
2.3561454e-02
2.1932379e-02
-4.7961832e-03
-3.0855592e-02
-1.9325140e-02
1.6404335e-02
7.5988899e-03
-1.8218242e-02
2.9857346e-03
2.0733006e-02
8.2590323e-03
-2.4100165e-02
-2.2837006e-02
1.7195100e-03
7.3855221e-03
-1.0580485e-02
2.1562194e-03
2.4577992e-02
7.2641495e-03
-7.9972697e-04
9.4493111e-03
8.2697853e-04
-1.6851510e-02
-1.1179203e-02
-2.1332705e-03
5.9778047e-03
-8.3386453e-04
-1.9853617e-02
-8.1080818e-03
3.0883550e-02
2.1580938e-02
-1.1793038e-02
-1.4168056e-02
3.2090521e-03
1.6098518e-02
1.4306516e-02
-1.2283612e-02
-3.1859973e-02
-2.3655366e-02
-5.1573436e-03
4.7173166e-03
-1.2755338e-02
-2.5601198e-02
-1.2884896e-02
6.9591112e-03
8.6333947e-04
-2.5770410e-02
-3.8225624e-02
-4.9265961e-02
-5.4871921e-02
-3.1780012e-02
-2.7553155e-02
-4.3532140e-02
-5.4660568e-02
-5.8878191e-02
-6.5071674e-02
-6.2829645e-02
-4.3332636e-02
-9.4558622e-03
2.6660730e-02
6.9745651e-02
1.1902720e-01
1.3583932e-01
1.4482297e-01
1.5278101e-01
1.1104530e-01
6.8843001e-02
5.6221369e-02
6.4196811e-02
8.9241552e-02
1.0922488e-01
1.2611821e-01
1.3840318e-01
1.3559780e-01
1.0790779e-01
6.9673859e-02
3.2954564e-02
-1.4281938e-02
-6.3950964e-02
-9.7309069e-02
-1.2262700e-01
-1.4245091e-01
-1.7077834e-01
-2.0426983e-01
-2.1152796e-01
-1.6811531e-01
-9.9360589e-02
-4.3584206e-02
5.3957915e-03
6.5336711e-02
9.1067758e-02
4.3656059e-02
-2.7818891e-02
-9.6216653e-02
-1.3106718e-01
-9.8945825e-02
-4.2776230e-02
1.9521167e-03
3.4689487e-02
5.8308812e-02
6.6608801e-02
5.8956452e-02
3.9969001e-02
2.9862187e-02
4.0239679e-02
5.0583279e-02
3.9844556e-02
2.2316817e-02
1.4140780e-02
5.2603150e-03
-9.9672183e-03
-2.2772096e-02
-4.0126349e-02
-5.4969411e-02
-3.5697570e-02
2.2471280e-02
6.3690918e-02
3.1071543e-02
-8.9373363e-03
-5.2834530e-04
2.3193659e-02
1.2025557e-02
-1.1117268e-02
-1.9578544e-02
4.2555359e-03
4.2303083e-02
6.1584098e-02
4.9391025e-02
2.0578950e-02
8.2800794e-03
1.5799512e-02
1.3861581e-02
-2.8037354e-03
-2.4636579e-02
-4.2558852e-02
-4.2045046e-02
-3.1766223e-02
-2.9239447e-02
-2.2967195e-02
-6.4488252e-03
1.1125718e-02
2.1166217e-02
1.3914507e-02
-1.5396494e-02
-4.2506329e-02
-5.2013089e-02
-4.8125874e-02
-3.5350450e-02
-2.4151574e-02
-1.0735058e-02
5.6531803e-03
1.4502211e-02
1.0115620e-02
8.2544617e-03
2.4198164e-02
3.3444520e-02
2.1418786e-02
-2.0429198e-04
-7.5994090e-03
-2.8177037e-03
3.8015399e-03
7.1213706e-03
6.2695642e-03
8.6776360e-03
1.7997872e-02
3.7503697e-02
5.2497180e-02
4.7444890e-02
3.2569682e-02
2.6292264e-02
2.5905605e-02
2.6431136e-02
2.8908706e-02
2.5257753e-02
7.8137002e-03
-1.0530384e-02
-1.1666028e-02
-4.8218176e-03
-5.6924651e-03
-1.8315565e-02
-2.9704163e-02
-3.0531779e-02
-2.6440288e-02
-3.5275720e-02
-4.9328602e-02
-5.9867434e-02
-5.8655383e-02
-4.8721191e-02
-3.7084672e-02
-3.0808196e-02
-2.5498863e-02
-1.5018080e-02
-6.3592573e-03
-3.9006249e-03
6.0417203e-03
2.9243567e-02
4.0948306e-02
2.8688202e-02
1.2372168e-02
5.0490222e-03
3.7447332e-03
5.4443455e-03
1.0554882e-02
1.2555603e-02
1.1330886e-02
1.4952979e-02
2.6122375e-02
3.3611707e-02
3.0721478e-02
2.0414390e-02
1.2469191e-02
3.8590433e-03
-5.0105244e-03
-1.4862148e-02
-2.0581738e-02
-2.0985920e-02
-1.7552365e-02
-1.4157049e-02
-1.4332560e-02
-1.1380318e-02
-4.5691332e-03
-1.5031462e-03
-8.9538720e-04
6.0119979e-03
1.0946919e-02
6.7831406e-03
2.9771397e-03
7.5575862e-03
1.9359483e-02
2.8730397e-02
2.6844651e-02
1.3556751e-02
2.4743675e-03
2.3012514e-03
6.6063493e-03
9.1960336e-03
9.2954069e-03
5.9391594e-03
-1.7595949e-04
-7.5820929e-03
-1.3691885e-02
-1.5407975e-02
-1.6400129e-02
-1.7581043e-02
-1.9473988e-02
-1.6547489e-02
-7.7305549e-03
-4.6042667e-03
-6.8161312e-03
-1.0915547e-02
-1.4852709e-02
-1.7089155e-02
-1.2317901e-02
-4.7159469e-03
-1.4939564e-03
5.3153783e-03
1.7303241e-02
2.7819382e-02
3.1277105e-02
2.3340377e-02
1.1246577e-02
4.8611736e-03
3.4984424e-03
3.5959050e-03
2.7090278e-03
3.0777626e-03
7.7637016e-03
1.0056913e-02
4.5656262e-03
-4.9532516e-03
-9.5397078e-03
-1.1095099e-02
-9.9082409e-03
-4.3127073e-03
4.5281581e-03
6.8986745e-03
-5.9347455e-04
-8.0652692e-03
-1.6490377e-02
-2.3952918e-02
-2.4186594e-02
-2.0607627e-02
-1.8106925e-02
-1.2744753e-02
-5.8321220e-03
2.6366870e-03
1.1408616e-02
1.5006536e-02
1.5232236e-02
1.3090627e-02
9.7829196e-03
5.4276533e-03
4.6187141e-03
1.1389998e-02
1.7724670e-02
1.7173523e-02
1.3798155e-02
1.0434772e-02
3.4898404e-03
-7.8110063e-03
-1.9170562e-02
-2.6212967e-02
-2.3585387e-02
-1.1438057e-02
8.7188548e-04
2.5125869e-03
-1.6521710e-03
9.8582617e-04
7.6949246e-03
8.6449983e-03
6.3122990e-03
7.1123535e-03
1.2481016e-02
1.4271726e-02
7.7352279e-03
-4.6499653e-03
-1.5582575e-02
-1.8374137e-02
-1.4148999e-02
-1.2800515e-02
-1.4664364e-02
-1.4313803e-02
-1.2642448e-02
-1.3271836e-02
-1.2422418e-02
-5.5398142e-03
8.4836323e-04
-9.0482656e-04
-3.0928072e-03
1.2100753e-03
8.1044847e-03
1.3677227e-02
1.8999919e-02
2.2706974e-02
2.3792493e-02
2.3246237e-02
2.3067352e-02
1.9510733e-02
1.3136721e-02
8.5828863e-03
3.7810146e-03
-4.0448340e-03
-1.2134198e-02
-1.3426055e-02
-7.3782069e-03
-2.8111473e-03
-2.1117772e-03
-1.9242723e-03
-3.4544353e-03
-7.1292383e-03
-1.1578477e-02
-1.6218087e-02
-1.8446269e-02
-1.6775221e-02
-1.1598719e-02
-5.9603268e-03
-2.6406960e-03
-1.7588910e-03
-1.8384580e-03
7.7934854e-04
5.9558869e-03
8.4467875e-03
6.4266663e-03
3.9843985e-03
5.5284961e-03
9.4971166e-03
1.0646331e-02
7.4539877e-03
8.3858821e-03
1.4236526e-02
1.7720220e-02
1.7226976e-02
1.4975728e-02
1.0959897e-02
6.0110499e-03
2.6986692e-03
3.2630081e-03
5.3637131e-03
3.3141225e-03
-1.8915844e-03
-3.8775132e-03
-3.7981781e-03
-2.2214118e-03
-1.0073980e-03
-1.2767239e-03
-1.3485224e-03
-1.6410258e-03
-4.4816588e-03
-8.5274869e-03
-1.3628822e-02
-1.5197112e-02
-9.6809116e-03
-2.0554517e-03
1.6562608e-03
8.6826896e-04
-1.6284391e-04
-5.0384988e-04
-1.1386856e-03
-4.6601581e-03
-9.6076731e-03
-1.4014783e-02
-1.7328476e-02
-1.6574227e-02
-1.2922756e-02
-7.6977360e-03
-2.7448254e-03
7.0792542e-04
4.2488249e-04
-2.1289328e-03
-4.5790073e-03
-5.0658346e-03
-3.0428299e-03
-2.7076293e-03
-7.8303502e-03
-1.5092748e-02
-1.5669139e-02
-9.5704716e-03
-4.3235484e-03
-2.4282304e-03
1.9729784e-03
1.0152620e-02
1.3354435e-02
9.0165174e-03
6.3622565e-03
9.7487944e-03
1.3927106e-02
1.4996386e-02
1.2702088e-02
9.5961034e-03
5.4900688e-03
3.0487360e-03
2.8069189e-03
1.8861841e-03
1.5561545e-04
5.1954693e-04
4.2430082e-03
7.7876127e-03
7.0630693e-03
2.8288840e-03
8.7519557e-04
4.5320034e-04
1.9174802e-03
3.9985384e-03
3.6437903e-03
2.5897412e-03
7.2490421e-04
-1.3880699e-03
-3.0859574e-03
-2.8551296e-03
1.8141683e-04
3.4812477e-03
4.5025444e-03
2.4735486e-03
-9.6672926e-04
-4.2551366e-03
-5.1016735e-03
-3.7324835e-03
-5.5185860e-04
3.5034039e-03
6.2217554e-03
7.7130262e-03
8.4521605e-03
6.3727671e-03
1.2808910e-03
-2.1591897e-03
-1.6657490e-03
3.4314941e-04
1.2812084e-03
-6.3544974e-04
-4.7867649e-03
-7.4321277e-03
-6.6335585e-03
-3.6079969e-03
-2.0803747e-04
-3.6227434e-04
-5.3727149e-03
-1.1430646e-02
-1.3800479e-02
-1.1641675e-02
-7.3246616e-03
-4.4791371e-03
-3.2576731e-03
-2.1960910e-03
-3.8708189e-03
-8.4431326e-03
-1.1636396e-02
-1.1688816e-02
-9.5663906e-03
-5.1676825e-03
1.7678405e-03
7.3508397e-03
8.9255354e-03
7.5871706e-03
5.6353198e-03
3.8529923e-03
1.9657848e-03
-5.5584041e-04
-8.8186342e-04
1.0607700e-03
3.1367030e-03
5.7125888e-03
1.1386028e-02
1.6762177e-02
1.6704283e-02
1.1929368e-02
8.2086389e-03
7.6366099e-03
6.3561655e-03
2.4121391e-03
-1.8264006e-03
-4.0640025e-03
-2.0595050e-03
1.8019247e-03
1.6512728e-03
-2.5287486e-03
-6.2199962e-03
-6.7829519e-03
-6.9944294e-03
-6.5478440e-03
-5.8272077e-03
-2.3739387e-03
1.3814966e-03
3.1804598e-03
3.2935315e-03
3.8280865e-03
6.7571627e-03
9.7885026e-03
1.2091415e-02
1.5284980e-02
1.5661660e-02
1.0762664e-02
4.4231832e-03
-1.2104990e-03
-4.7371671e-03
-7.2179585e-03
-8.7468060e-03
-9.9019294e-03
-1.1014920e-02
-1.1277125e-02
-1.1244283e-02
-1.2828737e-02
-1.2762154e-02
-9.1799547e-03
-4.9765582e-03
-2.4243911e-03
-2.9448687e-04
-8.2428321e-04
-4.8436728e-03
-1.0006828e-02
-7.9549820e-03
-2.8988971e-03
-7.7554367e-04
-2.2135615e-03
-2.1264538e-03
-1.5797782e-03
-1.3843283e-03
1.6717145e-04
1.6156691e-03
3.5762504e-04
-1.6640859e-03
-1.0363309e-03
1.7222773e-03
5.6731227e-03
9.3909939e-03
1.3381798e-02
1.5344011e-02
1.3041421e-02
7.9186981e-03
4.4806029e-03
3.8338805e-03
3.6413809e-03
3.4960432e-03
3.5478814e-03
2.3541444e-03
2.4043921e-05
-1.4632458e-03
-1.7534464e-03
-9.2815580e-04
1.2716428e-03
2.2090319e-03
1.0816199e-03
-3.6244850e-04
-1.8883080e-03
-4.2231757e-03
-7.1434962e-03
-7.7809031e-03
-4.3284463e-03
-2.0958522e-03
-9.6296027e-04
4.2032002e-04
1.3615702e-03
1.7082305e-03
1.0703653e-03
-4.1457594e-04
-2.4261942e-03
-3.8751482e-03
-1.8332375e-03
3.0220118e-03
6.7154156e-03
8.5886016e-03
1.0340606e-02
6.9633116e-03
1.3448848e-03
-3.2012489e-03
-6.5342048e-03
-9.3733305e-03
-1.0985654e-02
-1.0891575e-02
-1.0191871e-02
-7.8859384e-03
-2.1835855e-03
4.1089963e-03
7.4347207e-03
7.0946139e-03
4.8788900e-03
3.3518395e-03
3.4717291e-03
6.5135030e-03
1.0812142e-02
1.2931893e-02
1.3684726e-02
1.1999595e-02
8.5287942e-03
5.0375634e-03
1.6158268e-03
-1.4620114e-03
-3.9296442e-03
-6.5172424e-03
-8.1538669e-03
-8.6474975e-03
-8.5838296e-03
-7.7324683e-03
-5.1567221e-03
-1.6391707e-03
1.9994950e-03
4.3991402e-03
3.4689020e-03
6.7009486e-04
-2.6538529e-03
-5.7571642e-03
-7.6536934e-03
-7.6057065e-03
-5.8734299e-03
-2.2629386e-03
7.4029373e-04
9.8925297e-04
-1.4151175e-03
-5.3507471e-03
-8.2220760e-03
-9.2611435e-03
-8.7078805e-03
-7.5609186e-03
-6.7742542e-03
-5.5015822e-03
-4.4236107e-03
-4.8691580e-03
-5.7029380e-03
-6.6355435e-03
-8.3180292e-03
-8.5510331e-03
-4.3853845e-03
2.3866122e-03
6.1817249e-03
5.1861391e-03
4.3584547e-03
4.7660372e-03
4.0687883e-03
1.5932814e-03
-2.3806917e-04
3.6137884e-04
1.3032188e-03
1.2052100e-03
2.1431108e-03
4.2849078e-03
6.6823452e-03
7.9776984e-03
6.9883607e-03
6.6130047e-03
7.1510191e-03
7.1460018e-03
6.2875247e-03
4.9610783e-03
4.5558450e-03
5.7549483e-03
7.7039695e-03
8.7721264e-03
8.1708898e-03
6.5867457e-03
4.5505724e-03
2.0764343e-03
1.3184105e-03
3.1771519e-03
4.7835666e-03
3.9767178e-03
-2.9327102e-05
-3.9101370e-03
-5.4666110e-03
-6.3621903e-03
-6.1835502e-03
-4.6616961e-03
-3.4170372e-03
-2.7495867e-03
-1.0002983e-03
1.1731271e-03
1.5390082e-03
4.2783083e-04
-3.1651960e-04
-1.8060038e-03
-4.2145420e-03
-6.4987629e-03
-7.5713732e-03
-6.7563318e-03
-4.5939559e-03
-4.0792779e-03
-4.9555254e-03
-4.0658100e-03
-2.6963704e-03
-3.2680497e-03
-3.5516803e-03
-2.2507132e-03
4.9490550e-05
2.2698779e-03
2.9639335e-03
2.3401522e-03
8.5342237e-04
-2.7007358e-04
6.0029544e-04
2.6721864e-03
3.2535570e-03
2.1594719e-03
8.8938011e-04
-7.5729791e-04
-3.2356613e-03
-4.2717920e-03
-3.2102534e-03
-3.3408899e-03
-3.3361845e-03
-2.1862907e-03
-1.8303662e-03
-3.5230482e-03
-5.3030925e-03
-5.7594483e-03
-4.5595153e-03
-2.2988852e-03
9.8011617e-04
5.0752436e-03
8.1955858e-03
8.7340507e-03
8.0537037e-03
7.2699102e-03
6.0362620e-03
4.9464179e-03
4.9555407e-03
3.6930134e-03
1.0670007e-03
2.4610529e-04
1.5297535e-03
2.4780325e-03
3.5066641e-03
5.1065296e-03
7.3752621e-03
8.0647087e-03
4.5834273e-03
-5.6720505e-04
-4.2601530e-03
-4.8181769e-03
-3.5061641e-03
-2.8603069e-03
-2.5525309e-03
-7.6216277e-04
2.1707559e-03
4.4146131e-03
5.5315814e-03
5.2613520e-03
2.6384089e-03
-1.3790558e-03
-4.9214075e-03
-7.4484668e-03
-1.0220963e-02
-1.0106473e-02
-5.7694621e-03
-1.8474935e-03
3.8416802e-04
2.0579451e-03
4.0167150e-03
4.9844476e-03
2.9811587e-03
-1.4569459e-04
-1.9375420e-03
-2.8078789e-03
-2.7493840e-03
-2.4643325e-03
-2.1499483e-03
-1.9715209e-03
-4.0926972e-04
2.0696112e-03
3.9472444e-03
4.6082635e-03
3.5892656e-03
9.5592773e-04
-2.4619426e-03
-4.6145176e-03
-5.0284568e-03
-4.1582325e-03
-3.3631371e-03
-2.7300987e-03
-2.3812472e-03
-2.2200705e-03
-1.7424646e-03
-2.4402533e-03
-3.9045584e-03
-3.4895282e-03
-1.9575478e-03
7.1448215e-04
3.8176818e-03
3.9998710e-03
2.9335788e-03
2.4597448e-03
1.8363641e-03
-2.4382504e-04
-2.0042499e-03
-2.4226050e-03
-1.5516593e-03
-6.3407321e-04
-9.3735791e-06
-3.0175245e-04
-1.3579159e-03
-8.9322504e-04
-6.5980043e-04
-2.1948155e-03
-3.8130533e-03
-3.8469401e-03
-3.0030754e-03
-1.7589598e-03
1.2155544e-03
4.1192674e-03
5.0482198e-03
5.0022701e-03
5.7520527e-03
5.5983518e-03
3.8897358e-03
2.2969715e-03
1.9845673e-03
2.5906657e-03
2.5647573e-03
1.6136794e-03
2.6610500e-04
-9.3042263e-04
-2.4200987e-03
-4.1651852e-03
-4.8802895e-03
-4.7982989e-03
-5.2702196e-03
-4.7337713e-03
-2.4865636e-03
-2.7189705e-04
1.3132570e-03
1.0782205e-03
4.4107106e-04
3.5588255e-04
1.2044697e-03
2.9784942e-03
4.2627439e-03
4.3891390e-03
4.2812609e-03
3.9646134e-03
3.1278398e-03
1.8531451e-03
1.4871600e-03
2.4844690e-03
3.0955433e-03
3.3296327e-03
4.0714165e-03
4.5307160e-03
2.7905688e-03
-7.2274908e-04
-2.8658773e-03
-2.7451831e-03
-2.3032316e-03
-1.0156235e-03
4.5774043e-04
1.1472695e-03
1.5682447e-03
2.1566984e-03
1.9182565e-03
8.6290209e-04
7.6571752e-04
1.2608851e-03
2.3512588e-04
-1.0488061e-03
-7.2324367e-04
2.5483788e-06
2.2872189e-04
2.9734587e-04
-3.4860299e-04
-2.0136919e-03
-3.1843234e-03
-3.1377618e-03
-2.6955316e-03
-2.5656606e-03
-2.4552337e-03
-1.4630890e-03
3.5295640e-04
7.9635202e-04
4.4472610e-04
7.7696392e-04
9.6339330e-04
5.7953995e-04
8.4506271e-04
1.9211598e-03
1.6102727e-03
-6.4877159e-05
-2.1324760e-03
-3.4649864e-03
-3.8018227e-03
-3.6415423e-03
-3.2539223e-03
-2.4482926e-03
-2.0294656e-03
-1.9643137e-03
-1.4740495e-03
-7.5461974e-04
-7.4673555e-04
-1.0189469e-03
-4.2614502e-04
1.3365267e-03
2.2028179e-03
1.3239281e-03
5.2670537e-04
2.9773281e-04
-9.8024102e-05
-1.1429542e-03
-1.8251572e-03
-1.5800683e-03
-1.0463848e-03
-3.3954845e-04
8.3534764e-04
1.2769108e-03
6.9923856e-04
2.3616079e-04
2.3028176e-04
1.9214442e-04
8.2888474e-04
2.1816931e-03
3.0409685e-03
2.8730847e-03
2.6090035e-03
2.5050665e-03
2.5701645e-03
2.1055641e-03
9.5577208e-04
-4.7490539e-04
-1.6337122e-03
-2.2198366e-03
-2.7889108e-03
-3.0364126e-03
-2.8131178e-03
-2.3901592e-03
-2.4154017e-03
-1.7892085e-03
-8.3245960e-04
-1.9633038e-04
2.9106843e-04
1.0700728e-03
8.2945784e-04
-3.2507830e-04
4.1272625e-04
9.2087219e-04
-1.0341973e-03
-2.7496615e-03
-3.0196623e-03
-2.5028923e-03
-1.2675549e-03
8.5574551e-04
3.5871179e-03
5.7248807e-03
6.5217302e-03
6.8226124e-03
7.2470577e-03
7.3433102e-03
7.0863015e-03
6.5212614e-03
5.6202006e-03
4.9295609e-03
3.5386086e-03
1.5715008e-03
-5.5474236e-04
-2.2091353e-03
-3.3618836e-03
-4.5165544e-03
-5.5639133e-03
-5.9332681e-03
-5.8962156e-03
-6.3269011e-03
-7.2603595e-03
-8.4437999e-03
-8.8700552e-03
-8.7003285e-03
-8.9981725e-03
-9.5682898e-03
-9.3845071e-03
-8.5452304e-03
-7.0754572e-03
-4.8915817e-03
-2.0554663e-03
7.6799343e-05
1.4096758e-03
2.1561312e-03
2.2804733e-03
1.4375641e-03
2.9257773e-04
-2.8339457e-04
-4.4265409e-04
5.7714596e-04
2.6430550e-03
4.8157300e-03
7.2377274e-03
8.9568243e-03
9.6241437e-03
9.2625672e-03
8.8483222e-03
8.6915589e-03
7.7334567e-03
5.9744943e-03
3.6851725e-03
2.4788138e-03
2.2669929e-03
1.6762020e-03
8.9216779e-04
4.7798641e-04
-3.2349540e-04
-1.5711719e-03
-2.8916324e-03
-3.3160248e-03
-2.7525936e-03
-3.5949836e-03
-4.8885569e-03
-5.0472286e-03
-4.8770150e-03
-4.5360079e-03
-3.2033228e-03
-8.7578139e-04
1.3523193e-03
2.2186799e-03
2.5921519e-03
3.1033644e-03
3.3345894e-03
2.8678210e-03
2.2852018e-03
2.3793313e-03
2.5158381e-03
1.5566737e-03
4.0394957e-04
-1.7955598e-04
-3.4940293e-05
6.5429015e-04
1.0578347e-03
1.1817112e-03
4.2321420e-04
-9.3810563e-04
-2.2196750e-03
-2.4620980e-03
-1.7481129e-03
-6.0602844e-04
9.2047425e-04
2.1713427e-03
2.4461076e-03
2.3823280e-03
2.4426210e-03
2.1119478e-03
1.8112593e-03
2.2216979e-03
1.7836296e-03
5.2548550e-05
-1.1932891e-03
-1.6535901e-03
-1.9790924e-03
-1.9784027e-03
-1.1621421e-03
-6.8703100e-04
-1.1689034e-03
-1.8233702e-03
-1.6717258e-03
-7.7796396e-04
-5.5866964e-04
-1.0672715e-03
-1.8461618e-03
-2.5534281e-03
-2.6103187e-03
-2.1342292e-03
-1.8580380e-03
-1.5925497e-03
-1.5930934e-03
-1.7779726e-03
-2.4721928e-03
-3.4466727e-03
-4.3202983e-03
-5.1906429e-03
-6.0303984e-03
-6.3803850e-03
-5.5996464e-03
-3.9642590e-03
-2.9595311e-03
-2.7069120e-03
-2.9058605e-03
-3.1634161e-03
-3.2062083e-03
-3.2466463e-03
-2.7148143e-03
-1.4910700e-03
-3.0642524e-04
1.0852687e-03
3.0287293e-03
4.7725877e-03
6.0388248e-03
6.1712065e-03
5.4909599e-03
4.5597103e-03
3.8321745e-03
4.1793549e-03
5.2980802e-03
6.4420313e-03
7.2003210e-03
6.9696707e-03
5.8938415e-03
4.5721323e-03
3.5510318e-03
2.7549813e-03
1.8571584e-03
1.3063300e-03
1.2950230e-03
1.2187548e-03
7.7816267e-04
3.3744504e-04
3.0190563e-04
1.8264469e-04
-2.9744178e-04
-6.1712602e-04
-7.1066574e-04
-9.6475663e-04
-8.9359152e-04
-5.4138410e-04
-5.6366256e-04
-6.6646349e-04
-3.8531830e-05
6.2256301e-04
7.5444292e-04
1.1216433e-03
1.6878410e-03
1.7369317e-03
1.1697609e-03
7.3668096e-04
7.6195824e-04
1.1182693e-03
1.9785360e-03
1.8390669e-03
5.0495177e-04
-7.4810626e-04
-1.4799841e-03
-2.0472419e-03
-3.3335870e-03
-4.6592128e-03
-5.3953880e-03
-6.1052727e-03
-6.8977034e-03
-6.7142076e-03
-5.7198493e-03
-4.7917127e-03
-4.0710725e-03
-3.6510232e-03
-3.8274468e-03
-3.9209365e-03
-3.6459693e-03
-3.2698454e-03
-2.6751294e-03
-1.2777764e-03
2.4838905e-04
1.1001810e-03
1.0394343e-03
7.3048233e-04
8.8968166e-04
1.3795892e-03
2.1303011e-03
2.2339454e-03
1.2795372e-03
4.4763643e-05
-1.2724143e-04
1.0908676e-03
2.4385083e-03
2.7491036e-03
3.3564640e-03
4.1763140e-03
4.2369897e-03
3.6156414e-03
3.7566024e-03
4.7573296e-03
4.5738376e-03
3.8308562e-03
3.5545306e-03
3.3360542e-03
2.4211128e-03
1.7974465e-03
2.6851269e-03
4.0572448e-03
4.4314526e-03
3.5942543e-03
3.2694825e-03
2.7635235e-03
1.8797358e-03
1.1070721e-03
5.5030154e-04
-4.2077215e-04
-7.6495731e-04
-1.9903220e-04
2.1073576e-04
-3.9238903e-04
-1.4169767e-03
-2.0109818e-03
-2.0708379e-03
-1.7323668e-03
-1.2315876e-03
-3.5212982e-04
9.9595006e-05
-3.0734471e-05
-8.2870431e-04
-1.5481160e-03
-1.7222411e-03
-1.6688947e-03
-2.1742241e-03
-3.2984480e-03
-4.5081265e-03
-4.8201111e-03
-4.4664262e-03
-4.1805238e-03
-4.2409965e-03
-4.1619711e-03
-3.8868573e-03
-3.3561583e-03
-2.3771317e-03
-1.2052034e-03
-1.9703554e-04
7.0140078e-04
7.9933033e-04
6.1338793e-04
7.0840733e-04
5.9570236e-04
1.5596703e-04
-7.7705070e-05
-3.0395421e-04
-8.6169060e-04
-1.2897434e-03
-1.1711147e-03
-1.0847951e-03
-1.2979642e-03
-1.4153379e-03
-1.4448048e-03
-1.4094034e-03
-1.5587610e-03
-1.9772950e-03
-2.3237543e-03
-1.8730420e-03
-1.3836198e-03
-1.2760274e-03
-1.5697786e-03
-1.3595363e-03
-2.8333233e-04
1.4163726e-03
2.4401771e-03
2.3688717e-03
1.9703023e-03
1.4356037e-03
6.3485404e-04
2.9179918e-04
7.0779988e-04
1.7477366e-03
2.9780502e-03
3.4434277e-03
3.2221365e-03
3.1063211e-03
2.9573081e-03
2.6847610e-03
2.7278752e-03
3.2542275e-03
3.9849398e-03
4.3723443e-03
4.5390553e-03
4.5180649e-03
4.0847919e-03
4.3794793e-03
5.0491018e-03
5.0912781e-03
4.9582594e-03
4.9553724e-03
4.4455890e-03
2.5896107e-03
4.4127929e-04
-8.0669120e-04
-1.0894427e-03
-9.3622676e-04
-7.4116586e-04
-9.6624812e-04
-1.1886890e-03
-1.4816103e-03
-2.3359395e-03
-3.9071556e-03
-5.2174778e-03
-5.2102270e-03
-5.0330075e-03
-5.6122932e-03
-5.8535067e-03
-5.5817485e-03
-5.2942785e-03
-5.1185767e-03
-5.2689749e-03
-5.5640698e-03
-5.0343197e-03
-3.9760548e-03
-3.7344271e-03
-3.6460691e-03
-2.8836742e-03
-2.1395290e-03
-1.7862589e-03
-1.4885220e-03
-3.8739637e-04
7.5309638e-05
-4.3713861e-06
5.9932055e-04
1.3667763e-03
1.4884332e-03
1.4634586e-03
1.9727478e-03
2.3124634e-03
2.2072709e-03
2.1928249e-03
1.9046417e-03
1.2433432e-03
1.3548470e-03
1.9262889e-03
2.1404535e-03
2.1425765e-03
1.8029959e-03
1.0176147e-03
5.0733547e-04
4.5521345e-04
5.1344616e-04
3.5580080e-04
-1.5867645e-04
-6.7511511e-04
-1.0228919e-03
-1.6410147e-03
-2.6419496e-03
-3.0677301e-03
-2.7595162e-03
-2.5406488e-03
-2.6945096e-03
-1.9724902e-03
-8.9422928e-04
-2.7382806e-04
1.4080515e-04
8.1898784e-04
9.6327450e-04
3.9143252e-04
3.4176181e-04
9.5137386e-04
1.2038375e-03
6.3393174e-04
4.0852150e-04
7.0881529e-04
1.3138763e-03
2.4774369e-03
2.9934024e-03
2.1413665e-03
9.1965991e-04
3.4379733e-04
1.9581809e-04
9.4017971e-05
1.3697530e-04
3.7078552e-04
2.9469961e-04
-1.0730639e-04
-2.7179349e-04
8.8206825e-06
6.0712077e-04
9.4702524e-04
7.6979468e-04
3.9369129e-04
4.4677894e-04
6.5530562e-04
9.5443019e-04
1.0963971e-03
1.1552306e-03
1.4612644e-03
1.7093511e-03
1.4626511e-03
1.1591201e-03
1.1666390e-03
9.7053532e-04
1.0219760e-03
9.8177943e-04
8.4348481e-04
4.1176479e-04
-2.0739246e-04
-4.6064144e-04
4.1304642e-05
8.7162002e-04
1.7839381e-03
2.5545348e-03
2.5311101e-03
2.3363811e-03
2.7632273e-03
3.4269681e-03
3.8106925e-03
3.7437040e-03
3.5348389e-03
3.0880748e-03
2.9232783e-03
3.0014097e-03
3.1528265e-03
2.9226521e-03
2.5943878e-03
2.4940105e-03
2.6768657e-03
2.4242226e-03
1.3134983e-03
8.3839746e-04
3.2053674e-04
-4.6982452e-04
-6.5681468e-04
-6.5769146e-04
-9.1362650e-04
-1.8687155e-03
-2.9652094e-03
-3.5748033e-03
-3.6520626e-03
-3.6528897e-03
-3.9552672e-03
-5.0179957e-03
-5.8980835e-03
-6.0850314e-03
-6.3686301e-03
-6.8284944e-03
-6.5766680e-03
-5.8417883e-03
-5.0902794e-03
-3.8203045e-03
-2.6950106e-03
-2.1046230e-03
-1.5154739e-03
-9.6905016e-04
-7.8084771e-04
-7.8929010e-04
-8.4247347e-04
-9.8555145e-04
-1.0199502e-03
-4.3149178e-04
6.3023615e-04
1.0799796e-03
1.1525805e-03
1.1553459e-03
9.9544529e-04
1.1141233e-03
1.4391562e-03
1.2802170e-03
1.0063784e-03
1.0539442e-03
1.3027723e-03
9.5803215e-04
-4.5463008e-05
-1.2284860e-04
4.9821100e-04
3.4778006e-04
-6.0231739e-04
-1.0471995e-03
-8.4490717e-04
-7.3265825e-04
-5.7582616e-04
-3.3801126e-04
-4.1448937e-04
-4.8422573e-04
-2.1936790e-04
-5.5125933e-05
-1.4871279e-04
-2.3881358e-04
2.7622213e-05
2.0741366e-04
1.1735536e-04
1.9593188e-04
2.3520881e-04
9.6508866e-05
5.0621502e-04
1.3898505e-03
2.2195081e-03
2.4505793e-03
2.2122159e-03
1.7678433e-03
1.6190604e-03
1.9222558e-03
2.0106315e-03
1.5439757e-03
1.2349205e-03
9.1715757e-04
6.8304834e-04
7.6113236e-04
6.5539173e-04
6.3687477e-05
-7.5021579e-04
-1.3767286e-03
-1.5695393e-03
-2.0674500e-03
-1.8835184e-03
-1.5602896e-03
-1.6009048e-03
-1.7786568e-03
-1.7301081e-03
-1.4149736e-03
-1.1044969e-03
-1.4876502e-03
-1.8352352e-03
-2.0055853e-03
-2.0453254e-03
-1.6565011e-03
-1.2461899e-03
-9.1943461e-04
-7.3107625e-04
-3.7970967e-04
-2.3403321e-04
-3.2483995e-04
-1.4888734e-04
3.2201360e-05
-4.6308745e-05
3.8679744e-05
4.6914965e-04
8.0333557e-04
1.1261596e-03
1.5939880e-03
1.6447120e-03
1.4774763e-03
1.6540302e-03
1.8414708e-03
1.4844717e-03
7.5481574e-04
2.5433225e-04
4.0505881e-04
8.8594308e-04
1.6750067e-03
2.0432288e-03
1.8866414e-03
3.1132698e-03
3.3341300e-03
2.8577348e-03
2.3613074e-03
2.0868162e-03
1.5924738e-03
1.1550405e-03
1.2710488e-03
1.8324269e-03
2.1924016e-03
2.1673457e-03
2.1949910e-03
1.7354159e-03
3.2630521e-04
-8.7346795e-04
-5.2963582e-04
-4.5085196e-04
-1.0556066e-03
-1.1211436e-03
-5.0358533e-04
-3.3960429e-04
-8.0089157e-04
-1.3457291e-03
-1.3968563e-03
-1.3210200e-03
-1.3706183e-03
-1.2989577e-03
-1.9139167e-03
-2.1952248e-03
-1.5794195e-03
-1.2802591e-03
-1.5822705e-03
-1.7055946e-03
-1.3593831e-03
-1.3460101e-03
-1.1776084e-03
-6.1325205e-04
-7.7114171e-04
-1.2189143e-03
-4.7469791e-04
6.1956638e-04
8.6091999e-05
-9.1951142e-04
-8.2428513e-04
-5.1981363e-04
-2.7842706e-04
-5.0363544e-04
-6.4568267e-04
-7.4228048e-04
-6.9431869e-04
-7.4164283e-04
-1.3718433e-03
-1.3376961e-03
-8.6664612e-04
-3.8668369e-04
-3.8226081e-04
-7.5233608e-04
-5.5052668e-04
-2.0456756e-04
-2.6195285e-04
-3.8830121e-04
-5.2841388e-04
-4.4258823e-04
2.6296150e-05
8.8442460e-05
-3.6845999e-04
-7.4511569e-05
8.7239998e-04
1.5563550e-03
2.2350459e-03
2.1641950e-03
2.0263432e-03
1.8634225e-03
1.6890415e-03
1.5840662e-03
1.4491605e-03
1.5183839e-03
1.8584347e-03
1.9064306e-03
1.6539949e-03
1.4218577e-03
1.2401924e-03
1.6890272e-03
2.2381589e-03
1.8683587e-03
7.8532584e-04
5.6917904e-04
1.1322014e-03
1.3473088e-03
8.3182488e-04
-5.6209592e-05
-3.5955767e-05
1.0714592e-04
5.5956348e-05
-9.8804164e-04
-1.3581132e-03
-1.0127114e-03
-9.6623748e-04
-1.5772805e-03
-1.8332557e-03
-1.3796682e-03
-1.1420011e-03
-4.7406306e-04
5.9723184e-05
1.9238034e-04
-2.4336816e-05
-5.1282742e-05
1.2946524e-04
-2.8865468e-05
-4.3027286e-04
-1.4520209e-04
2.3793959e-05
-2.3244593e-04
-1.2793530e-03
-1.1632294e-03
-7.1897642e-06
-4.2925800e-04
-4.2976519e-04
5.6107401e-04
3.1585177e-05
-1.6288422e-03
-4.5039958e-04
9.9132040e-04
-4.1154377e-04
-1.0534434e-03
7.4500022e-04
1.5840019e-03
4.4258360e-04
-4.3067767e-05
1.0324838e-03
9.8294996e-04
4.8960444e-04
1.5816665e-03
2.2022336e-03
1.9729724e-03
1.5367797e-03
1.4874851e-03
1.7922999e-03
6.8690510e-04
-5.1055367e-05
8.3211464e-04
7.1657505e-04
-7.7565778e-04
-1.0712051e-03
1.8637414e-04
6.1509818e-04
1.4984823e-04
5.0563352e-05
-2.1021249e-04
-4.3362118e-04
-4.1127452e-04
-1.0780432e-03
-2.2562581e-03
-2.0150752e-03
-1.1296883e-03
-1.6681982e-03
-3.6883718e-03
-3.7137955e-03
-2.2299069e-03
-1.9036658e-03
-2.3993909e-03
-3.2748138e-03
-3.7891205e-03
-3.4823902e-03
-2.9281153e-03
-2.7498768e-03
-3.1683596e-03
-3.9744739e-03
-3.7948545e-03
-3.1087139e-03
-3.0502519e-03
-2.5345723e-03
-1.6331871e-03
-1.5407395e-03
-1.7734457e-03
-9.0211863e-04
3.3264325e-04
5.3012574e-04
-9.0742439e-05
3.9327789e-05
5.6937724e-04
6.6118874e-04
7.7114737e-04
1.6952853e-03
2.7647701e-03
2.7155154e-03
2.5672671e-03
3.2640605e-03
3.5385503e-03
3.2899190e-03
3.3054630e-03
3.8702602e-03
4.1281600e-03
3.4004734e-03
3.0618583e-03
3.4458859e-03
2.7590459e-03
3.3401420e-04
-1.1998219e-03
3.4908711e-04
2.6621677e-03
3.5595591e-03
4.1141451e-03
4.4204832e-03
3.8744725e-03
3.0326921e-03
1.8239557e-03
7.3027195e-04
3.2287645e-04
-2.3581135e-04
-1.3189043e-03
-6.1089915e-04
8.3197514e-04
1.4804329e-04
-1.1352918e-03
-1.0785654e-03
1.1531898e-04
1.2446763e-03
1.2528519e-03
8.4335886e-04
-1.3668784e-04
-1.1931161e-03
-7.6629906e-04
2.9502401e-04
3.5637579e-04
-9.2335759e-04
-1.6494692e-03
-1.5345370e-03
-1.3628312e-03
-1.2257874e-03
-9.6160854e-04
-1.0485588e-03
-1.8171698e-03
-2.2421473e-03
-2.1464827e-03
-1.9307996e-03
-2.4064448e-03
-2.0522129e-03
-1.0856615e-03
-1.9719884e-03
-2.9335316e-03
-2.1108653e-03
-1.8632387e-03
-2.0228869e-03
-1.4161594e-03
-1.2418991e-03
-2.1539890e-03
-2.9873564e-03
-2.7530753e-03
-1.3649284e-03
-7.2419878e-06
4.5716295e-04
-8.0408174e-06
-1.2623508e-04
3.3737412e-05
-1.5394700e-04
1.0811443e-04
2.7156455e-04
-2.5595039e-04
-6.5704573e-04
-2.7735788e-04
1.8880932e-04
5.9800697e-04
1.1373869e-03
1.1285298e-03
1.6260305e-03
2.9019655e-03
4.0026631e-03
4.1790357e-03
3.4313918e-03
2.8392643e-03
2.9818244e-03
2.7438113e-03
2.8090979e-03
3.4701010e-03
3.1369375e-03
1.7847743e-03
1.3095120e-03
1.6464091e-03
1.8888281e-03
1.8621446e-03
1.7466614e-03
1.4786402e-03
1.1653505e-03
1.0507142e-03
1.3316344e-03
1.3167351e-03
9.0189935e-04
3.4286113e-04
-2.7709536e-04
-6.7575797e-04
-5.1154885e-04
-5.0797615e-04
-1.1264628e-03
-1.7872498e-03
-2.3791161e-03
-2.6178393e-03
-2.4976477e-03
-2.6088712e-03
-2.9092567e-03
-2.6824082e-03
-2.2481490e-03
-2.3413272e-03
-2.9275914e-03
-3.2597545e-03
-3.2658269e-03
-2.8277230e-03
-2.6434307e-03
-2.7735196e-03
-2.8302394e-03
-2.4599902e-03
-1.8059288e-03
-1.7803442e-03
-2.3228706e-03
-2.4134911e-03
